<TICKER>,<PER>,<DATE>,<TIME>,<OPEN>,<HIGH>,<LOW>,<CLOSE>,<VOL>,<OPENINT>
06N_PE,D,20070813,000000,3.69,3.69,3.69,3.69,0,0
06N_PE,D,20070814,000000,3.6,3.6,3.6,3.6,0,0
06N_PE,D,20070816,000000,3.44,3.44,3.44,3.44,0,0
06N_PE,D,20070817,000000,3.52,3.52,3.52,3.52,0,0
06N_PE,D,20070820,000000,3.44,3.44,3.44,3.44,0,0
06N_PE,D,20070821,000000,3.77,3.77,3.77,3.77,0,0
06N_PE,D,20070822,000000,4.01,4.01,4.01,4.01,0,0
06N_PE,D,20070823,000000,4.1,4.1,4.1,4.1,0,0
06N_PE,D,20070824,000000,4.1,4.1,4.1,4.1,0,0
06N_PE,D,20070827,000000,4.1,4.1,4.1,4.1,0,0
06N_PE,D,20070828,000000,4.1,4.1,4.1,4.1,0,0
06N_PE,D,20070829,000000,4.1,4.1,4.1,4.1,0,0
06N_PE,D,20070830,000000,4.42,4.42,4.42,4.42,0,0
06N_PE,D,20070831,000000,4.34,4.34,4.34,4.34,0,0
06N_PE,D,20070903,000000,4.34,4.34,4.34,4.34,0,0
06N_PE,D,20070904,000000,4.51,4.51,4.51,4.51,0,0
06N_PE,D,20070905,000000,4.67,4.67,4.67,4.67,0,0
06N_PE,D,20070906,000000,4.67,4.67,4.67,4.67,0,0
06N_PE,D,20070907,000000,4.59,4.59,4.59,4.59,0,0
06N_PE,D,20070910,000000,4.59,4.59,4.59,4.59,0,0
06N_PE,D,20070911,000000,4.59,4.59,4.59,4.59,0,0
06N_PE,D,20070912,000000,4.92,4.92,4.92,4.92,0,0
06N_PE,D,20070913,000000,4.92,4.92,4.92,4.92,0,0
06N_PE,D,20070914,000000,4.83,4.83,4.83,4.83,0,0
06N_PE,D,20070917,000000,4.83,4.83,4.83,4.83,0,0
06N_PE,D,20070918,000000,4.83,4.83,4.83,4.83,0,0
06N_PE,D,20070919,000000,4.83,4.83,4.83,4.83,0,0
06N_PE,D,20070920,000000,4.83,4.83,4.83,4.83,0,0
06N_PE,D,20070921,000000,4.83,4.83,4.83,4.83,0,0
06N_PE,D,20070924,000000,4.83,4.83,4.83,4.83,0,0
06N_PE,D,20070925,000000,4.83,4.83,4.83,4.83,0,0
06N_PE,D,20070926,000000,4.83,4.83,4.83,4.83,0,0
06N_PE,D,20070927,000000,4.83,4.83,4.83,4.83,0,0
06N_PE,D,20070928,000000,4.83,4.83,4.83,4.83,0,0
06N_PE,D,20071001,000000,4.92,4.92,4.92,4.92,0,0
06N_PE,D,20071002,000000,5.08,5.08,5.08,5.08,0,0
06N_PE,D,20071003,000000,5.08,5.08,5.08,5.08,0,0
06N_PE,D,20071004,000000,5.08,5.08,5.08,5.08,0,0
06N_PE,D,20071005,000000,5.08,5.08,5.08,5.08,0,0
06N_PE,D,20071008,000000,5.08,5.08,5.08,5.08,0,0
06N_PE,D,20071009,000000,5.08,5.08,5.08,5.08,0,0
06N_PE,D,20071010,000000,5.08,5.08,5.08,5.08,0,0
06N_PE,D,20071011,000000,5.32,5.32,5.32,5.32,0,0
06N_PE,D,20071012,000000,5.41,5.41,5.41,5.41,0,0
06N_PE,D,20071015,000000,5.57,5.57,5.57,5.57,0,0
06N_PE,D,20071016,000000,5.41,5.41,5.41,5.41,0,0
06N_PE,D,20071017,000000,5.49,5.49,5.49,5.49,0,0
06N_PE,D,20071018,000000,5.32,5.32,5.32,5.32,0,0
06N_PE,D,20071019,000000,5.41,5.41,5.41,5.41,0,0
06N_PE,D,20071022,000000,5.41,5.41,5.41,5.41,0,0
06N_PE,D,20071023,000000,5.57,5.57,5.57,5.57,0,0
06N_PE,D,20071024,000000,5.9,5.9,5.9,5.9,0,0
06N_PE,D,20071025,000000,5.9,5.9,5.9,5.9,0,0
06N_PE,D,20071026,000000,5.98,5.98,5.98,5.98,0,0
06N_PE,D,20071029,000000,5.82,5.82,5.82,5.82,0,0
06N_PE,D,20071030,000000,5.82,5.82,5.82,5.82,0,0
06N_PE,D,20071031,000000,6,6,6,6,0,0
06N_PE,D,20071102,000000,5.8,5.8,5.8,5.8,0,0
06N_PE,D,20071105,000000,5.6,5.6,5.6,5.6,0,0
06N_PE,D,20071106,000000,6.6,6.6,6.6,6.6,0,0
06N_PE,D,20071107,000000,6,6,6,6,0,0
06N_PE,D,20071108,000000,6,6,6,6,0,0
06N_PE,D,20071109,000000,6,6.1,5.8,5.9,0,0
06N_PE,D,20071112,000000,5.9,6.1,5.9,6,0,0
06N_PE,D,20071113,000000,6,6.3,6,6.3,0,0
06N_PE,D,20071114,000000,6.3,6.4,6.2,6.3,0,0
06N_PE,D,20071115,000000,6.3,6.3,5.9,5.9,0,0
06N_PE,D,20071116,000000,5.8,6,5.7,5.9,0,0
06N_PE,D,20100324,000000,449.6,449.6,449.6,449.6,0,0
06N_PE,D,20100325,000000,452,460,448,453.6,0,0
06N_PE,D,20100326,000000,456,456,444,445.6,0,0
06N_PE,D,20100329,000000,448,456,441.6,441.6,0,0
06N_PE,D,20100330,000000,444,448,440,441.6,0,0
06N_PE,D,20100331,000000,440,444,440,441.6,0,0
06N_PE,D,20100401,000000,444,452,444,445.6,0,0
06N_PE,D,20100406,000000,448,448,440,441.6,0,0
06N_PE,D,20100407,000000,444,464,440,457.6,0,0
06N_PE,D,20100408,000000,456,456,440,441.6,0,0
06N_PE,D,20100409,000000,448,448,436,445.6,0,0
06N_PE,D,20100412,000000,440,448,440,445.6,0,0
06N_PE,D,20100413,000000,444,452,444,449.6,0,0
06N_PE,D,20100414,000000,448,460,444,453.6,0,0
06N_PE,D,20100415,000000,452,456,448,449.6,0,0
06N_PE,D,20100416,000000,448,456,441.6,441.6,0,0
06N_PE,D,20100419,000000,440,444,432,441.6,0,0
06N_PE,D,20100420,000000,440,456,440,445.6,0,0
06N_PE,D,20100421,000000,448,452,441.6,441.6,0,0
06N_PE,D,20100422,000000,444,448,429.7,429.7,0,0
06N_PE,D,20100423,000000,436,448,433.7,433.7,0,0
06N_PE,D,20100426,000000,436,444,432,437.7,0,0
06N_PE,D,20100427,000000,436,440,432,432,0,0
06N_PE,D,20100428,000000,428,436,428,429.7,0,0
06N_PE,D,20100429,000000,436,436,428,433.7,0,0
06N_PE,D,20100430,000000,440,440,429.7,429.7,0,0
06N_PE,D,20100504,000000,428,432,417.8,417.8,0,0
06N_PE,D,20100505,000000,420,420,400,405.8,0,0
06N_PE,D,20100506,000000,408,416,400,405.8,0,0
06N_PE,D,20100507,000000,396,404,392,393.9,0,0
06N_PE,D,20100510,000000,404,432,404,417.8,0,0
06N_PE,D,20100511,000000,420,424,408,409.8,0,0
06N_PE,D,20100512,000000,412,420,408,409.8,0,0
06N_PE,D,20100513,000000,416,428,412,413.8,0,0
06N_PE,D,20100514,000000,412,420,408,409.8,0,0
06N_PE,D,20100517,000000,408,412,401.9,401.9,0,0
06N_PE,D,20100518,000000,400,404,393.9,393.9,0,0
06N_PE,D,20100519,000000,392,392,372,376,0,0
06N_PE,D,20120516,000000,35.8,35.8,35.8,35.8,0,0
06N_PE,D,20120517,000000,35.6,35.6,31,33.5,0,0
06N_PE,D,20120518,000000,32.2,33.5,32.2,33.5,0,0
06N_PE,D,20120521,000000,33.3,41.4,33.3,38.1,0,0
06N_PE,D,20120522,000000,35.6,40.2,35.6,38.1,0,0
06N_PE,D,20120523,000000,37.9,39.1,36.8,37,0,0
06N_PE,D,20120524,000000,37.2,37.2,35.8,35.8,0,0
06N_PE,D,20120525,000000,35.6,35.8,35.6,35.8,0,0
06N_PE,D,20120528,000000,35.6,36.8,35.6,35.8,0,0
06N_PE,D,20120529,000000,35.6,37,35.6,37,0,0
06N_PE,D,20120530,000000,36,37.2,35.8,35.8,0,0
06N_PE,D,20120531,000000,37.9,37.9,33.3,37,0,0
06N_PE,D,20120601,000000,34.9,38.4,33.7,34.6,0,0
06N_PE,D,20120604,000000,34.5,38.1,34.5,38.1,0,0
06N_PE,D,20120605,000000,34.5,38.1,34.5,34.6,0,0
06N_PE,D,20120606,000000,34.5,37,34.5,37,0,0
06N_PE,D,20120608,000000,36,38.4,36,38.1,0,0
06N_PE,D,20120611,000000,35.6,37,35.6,37,0,0
06N_PE,D,20120612,000000,38.4,39.5,37,37,0,0
06N_PE,D,20120613,000000,37.2,39.5,37,37,0,0
06N_PE,D,20120614,000000,37.2,38.4,37,38.1,0,0
06N_PE,D,20120615,000000,36.8,37,35.6,37,0,0
06N_PE,D,20120618,000000,36,38.4,35.8,35.8,0,0
06N_PE,D,20120619,000000,37.9,38.1,35.6,38.1,0,0
06N_PE,D,20120620,000000,36.8,37,36.8,37,0,0
06N_PE,D,20120621,000000,37.2,37.2,37,37,0,0
06N_PE,D,20120622,000000,38.4,38.4,36,37,0,0
06N_PE,D,20120625,000000,36,37.2,35.8,35.8,0,0
06N_PE,D,20120626,000000,35.6,35.8,35.6,35.8,0,0
06N_PE,D,20120627,000000,35.6,35.6,34.5,35.6,0,0
06N_PE,D,20120628,000000,35.6,35.6,34.5,34.6,0,0
06N_PE,D,20120629,000000,34.5,35.6,33.3,33.5,0,0
06N_PE,D,20120702,000000,33.3,33.3,31,31.2,0,0
06N_PE,D,20120703,000000,32.2,34.5,31,33.5,0,0
06N_PE,D,20120704,000000,34.5,34.5,32.2,32.2,0,0
06N_PE,D,20120705,000000,32.2,35.6,32.2,33.5,0,0
06N_PE,D,20120706,000000,33.3,33.5,32.2,33.5,0,0
06N_PE,D,20120709,000000,32.2,33.5,32.2,33.5,0,0
06N_PE,D,20120710,000000,33.3,33.5,31,32.3,0,0
06N_PE,D,20120711,000000,31,32.3,31,31.2,0,0
06N_PE,D,20120712,000000,31,31.2,31,31.2,0,0
06N_PE,D,20120713,000000,31,31.2,31,31.2,0,0
06N_PE,D,20120716,000000,31,32.3,31,32.3,0,0
06N_PE,D,20120717,000000,31,33.3,31,31.2,0,0
06N_PE,D,20120718,000000,28.7,32.2,28.7,28.9,0,0
06N_PE,D,20120719,000000,29.9,32.2,28.7,31.2,0,0
06N_PE,D,20120720,000000,31,31.2,31,31.2,0,0
06N_PE,D,20120723,000000,31,31,28.7,28.9,0,0
06N_PE,D,20120724,000000,28.7,30,28.7,30,0,0
06N_PE,D,20120725,000000,29.9,33.3,29.9,30,0,0
06N_PE,D,20120726,000000,31,31,28.9,28.9,0,0
06N_PE,D,20120727,000000,28.7,32.3,28.7,32.3,0,0
06N_PE,D,20120730,000000,32.2,33.5,31,33.5,0,0
06N_PE,D,20120731,000000,33.3,33.5,31,33.5,0,0
06N_PE,D,20120801,000000,34.5,34.6,32.2,34.6,0,0
06N_PE,D,20120802,000000,32.2,34.5,32.2,32.3,0,0
06N_PE,D,20120803,000000,33.3,33.3,32.2,32.3,0,0
06N_PE,D,20120806,000000,32.2,33.3,32.2,32.2,0,0
06N_PE,D,20120807,000000,32.2,33.3,31,32.3,0,0
06N_PE,D,20120808,000000,31,31.2,31,31.2,0,0
06N_PE,D,20120809,000000,31,33.3,31,31.2,0,0
06N_PE,D,20120810,000000,31,31.2,31,31.2,0,0
06N_PE,D,20120813,000000,31,31.2,29.9,31.2,0,0
06N_PE,D,20120814,000000,31,31.2,29.9,31.2,0,0
06N_PE,D,20120816,000000,29.9,32.2,29.9,30,0,0
06N_PE,D,20120817,000000,29.9,31.2,29.9,31.2,0,0
06N_PE,D,20120820,000000,29.9,33.3,29.9,30,0,0
06N_PE,D,20120821,000000,29.9,31,29.9,30,0,0
06N_PE,D,20120822,000000,31,33.5,31,33.5,0,0
06N_PE,D,20120823,000000,33.3,33.5,31,33.5,0,0
06N_PE,D,20120824,000000,31,33.5,31,32.3,0,0
06N_PE,D,20120827,000000,31,32.3,31,32.3,0,0
06N_PE,D,20120828,000000,32.2,33.3,32.2,32.3,0,0
06N_PE,D,20120829,000000,32.2,33.5,32.2,33.5,0,0
06N_PE,D,20120830,000000,31,31.2,31,31.2,0,0
06N_PE,D,20120831,000000,31,32.3,29.9,32.3,0,0
06N_PE,D,20120903,000000,32.2,38.9,29.9,38.9,0,0
06N_PE,D,20120904,000000,38.8,38.9,38.8,38.9,0,0
06N_PE,D,20130325,000000,32.5,32.5,32.5,32.5,0,0
06N_PE,D,20130326,000000,32.3,32.3,30.6,30.8,0,0
06N_PE,D,20130327,000000,30.6,32.3,30.6,30.8,0,0
06N_PE,D,20130328,000000,29.2,30.8,29.2,30.8,0,0
06N_PE,D,20130402,000000,30.6,32.3,30.6,30.8,0,0
06N_PE,D,20130403,000000,30.6,32.3,29,30.8,0,0
06N_PE,D,20130404,000000,30.6,30.6,29,29.2,0,0
06N_PE,D,20130405,000000,30.6,30.6,29,29.2,0,0
06N_PE,D,20130408,000000,29,30.8,29,30.8,0,0
06N_PE,D,20130409,000000,30.6,30.6,29,29.2,0,0
06N_PE,D,20130410,000000,29,30.8,27.4,30.8,0,0
06N_PE,D,20130411,000000,29,29.2,27.4,29.2,0,0
06N_PE,D,20130412,000000,29,29,27.4,27.6,0,0
06N_PE,D,20130415,000000,24.2,25.8,24.2,24.3,0,0
06N_PE,D,20130417,000000,24.2,27.4,24.2,25.8,0,0
06N_PE,D,20130418,000000,24.2,26,21,26,0,0
06N_PE,D,20130419,000000,22.6,24.2,22.6,22.7,0,0
06N_PE,D,20130422,000000,22.6,26,22.6,26,0,0
06N_PE,D,20130423,000000,27.4,27.6,25.8,27.6,0,0
06N_PE,D,20130424,000000,27.4,40.3,25.8,38.9,0,0
06N_PE,D,20130425,000000,38.7,38.7,33.9,34.1,0,0
06N_PE,D,20130426,000000,33.9,34.1,30.6,34.1,0,0
06N_PE,D,20130429,000000,33.9,33.9,30.6,32.5,0,0
06N_PE,D,20130430,000000,32.3,33.9,30.6,32.5,0,0
06N_PE,D,20130502,000000,32.3,32.3,29.2,30.8,0,0
06N_PE,D,20130506,000000,30.6,32.3,29,29.2,0,0
06N_PE,D,20130507,000000,29,30.8,27.4,30.8,0,0
06N_PE,D,20130508,000000,29,32.5,29,32.5,0,0
06N_PE,D,20130509,000000,32.3,32.5,29,32.5,0,0
06N_PE,D,20130510,000000,29,32.5,29,32.5,0,0
06N_PE,D,20130513,000000,30.6,32.3,29,30.8,0,0
06N_PE,D,20130514,000000,30.6,32.3,29,29.2,0,0
06N_PE,D,20130515,000000,29,30.8,29,30.8,0,0
06N_PE,D,20130516,000000,29,30.8,27.4,30.8,0,0
06N_PE,D,20130517,000000,29,30.8,29,30.8,0,0
06N_PE,D,20130520,000000,30.6,30.8,27.4,30.8,0,0
06N_PE,D,20130521,000000,29,29.2,27.4,29.2,0,0
06N_PE,D,20130522,000000,27.4,29,27.4,29,0,0
06N_PE,D,20130905,000000,0.4,0.4,0.4,0.4,0,0
06N_PE,D,20130906,000000,0.4,0.4,0.4,0.4,0,0
06N_PE,D,20130909,000000,0.4,0.4,0.4,0.4,0,0
06N_PE,D,20130910,000000,0.4,0.4,0.4,0.4,0,0
06N_PE,D,20130911,000000,0.4,0.5,0.4,0.5,0,0
06N_PE,D,20130912,000000,0.5,0.5,0.4,0.4,0,0
06N_PE,D,20130913,000000,0.4,0.4,0.4,0.4,0,0
06N_PE,D,20130916,000000,0.4,0.4,0.4,0.4,0,0
06N_PE,D,20130917,000000,0.4,0.5,0.4,0.5,0,0
06N_PE,D,20130918,000000,0.5,0.6,0.5,0.5,0,0
06N_PE,D,20130919,000000,0.5,0.5,0.5,0.5,0,0
06N_PE,D,20130920,000000,0.5,0.5,0.5,0.5,0,0
06N_PE,D,20130923,000000,0.5,0.5,0.5,0.5,0,0
06N_PE,D,20130924,000000,0.5,0.6,0.5,0.5,0,0
06N_PE,D,20130925,000000,0.5,0.6,0.5,0.6,0,0
06N_PE,D,20130926,000000,0.6,0.6,0.6,0.6,0,0
06N_PE,D,20130927,000000,0.6,0.6,0.6,0.6,0,0
06N_PE,D,20130930,000000,0.6,0.6,0.5,0.5,0,0
06N_PE,D,20131001,000000,0.5,0.6,0.5,0.5,0,0
06N_PE,D,20131002,000000,0.5,0.5,0.5,0.5,0,0
06N_PE,D,20131003,000000,0.5,0.6,0.5,0.6,0,0
06N_PE,D,20131004,000000,0.6,0.6,0.5,0.6,0,0
06N_PE,D,20131007,000000,0.6,0.6,0.5,0.5,0,0
06N_PE,D,20131008,000000,0.5,0.5,0.5,0.5,0,0
06N_PE,D,20131009,000000,0.5,0.5,0.5,0.5,0,0
06N_PE,D,20131010,000000,0.5,0.6,0.5,0.5,0,0
06N_PE,D,20131011,000000,0.5,0.5,0.5,0.5,0,0
06N_PE,D,20131014,000000,0.5,0.5,0.5,0.5,0,0
06N_PE,D,20131015,000000,0.5,0.5,0.5,0.5,0,0
06N_PE,D,20131016,000000,0.5,0.5,0.5,0.5,0,0
06N_PE,D,20131017,000000,0.5,0.5,0.5,0.5,0,0
06N_PE,D,20131018,000000,0.5,0.5,0.5,0.5,0,0
06N_PE,D,20131021,000000,0.5,0.5,0.5,0.5,0,0
06N_PE,D,20131022,000000,0.5,0.5,0.5,0.5,0,0
06N_PE,D,20131023,000000,0.5,0.5,0.5,0.5,0,0
06N_PE,D,20131024,000000,0.5,0.5,0.5,0.5,0,0
06N_PE,D,20131025,000000,0.5,0.5,0.5,0.5,0,0
06N_PE,D,20131028,000000,0.5,0.5,0.5,0.5,0,0
06N_PE,D,20131029,000000,0.5,0.5,0.5,0.5,0,0
06N_PE,D,20131030,000000,0.5,0.5,0.5,0.5,0,0
06N_PE,D,20131031,000000,0.5,0.5,0.5,0.5,0,0
06N_PE,D,20131104,000000,0.5,0.6,0.5,0.6,0,0
06N_PE,D,20131105,000000,0.6,0.6,0.5,0.6,0,0
06N_PE,D,20131106,000000,0.6,0.6,0.6,0.6,0,0
06N_PE,D,20131107,000000,0.6,0.6,0.6,0.6,0,0
06N_PE,D,20131108,000000,0.6,0.6,0.5,0.6,0,0
06N_PE,D,20131112,000000,0.6,0.6,0.6,0.6,0,0
06N_PE,D,20131113,000000,0.6,0.6,0.6,0.6,0,0
06N_PE,D,20131114,000000,0.6,0.6,0.5,0.5,0,0
06N_PE,D,20131115,000000,0.5,0.6,0.5,0.6,0,0
06N_PE,D,20131118,000000,0.6,0.6,0.6,0.6,0,0
06N_PE,D,20131119,000000,0.6,0.6,0.5,0.5,0,0
06N_PE,D,20131120,000000,0.5,0.6,0.5,0.6,0,0
06N_PE,D,20131121,000000,0.6,0.6,0.6,0.6,0,0
06N_PE,D,20131122,000000,0.6,0.6,0.6,0.6,0,0
06N_PE,D,20131125,000000,0.6,0.6,0.6,0.6,0,0
06N_PE,D,20131126,000000,0.6,0.6,0.6,0.6,0,0
06N_PE,D,20131127,000000,0.6,0.6,0.6,0.6,0,0
06N_PE,D,20141127,000000,5.5,5.5,5.5,5.5,0,0
06N_PE,D,20141128,000000,5.5,5.8,5.5,5.8,0,0
06N_PE,D,20141201,000000,5.5,5.9,5.5,5.8,0,0
06N_PE,D,20141202,000000,5.7,5.9,5.7,5.7,0,0
06N_PE,D,20141203,000000,5.7,5.9,5.7,5.7,0,0
06N_PE,D,20141204,000000,5.7,5.8,5.7,5.8,0,0
06N_PE,D,20141205,000000,5.7,5.9,5.7,5.8,0,0
06N_PE,D,20141208,000000,5.7,5.7,5.7,5.7,0,0
06N_PE,D,20141209,000000,5.6,5.7,5.6,5.6,0,0
06N_PE,D,20141210,000000,5.6,5.7,5.6,5.7,0,0
06N_PE,D,20141211,000000,5.6,5.7,5.6,5.6,0,0
06N_PE,D,20141212,000000,5.6,5.6,5.1,5.4,0,0
06N_PE,D,20141215,000000,5.3,5.5,5.3,5.3,0,0
06N_PE,D,20141216,000000,5.3,5.3,4.8,5.2,0,0
06N_PE,D,20141217,000000,4.9,4.9,4.9,4.9,0,0
06N_PE,D,20141218,000000,4.9,5,4.9,5,0,0
06N_PE,D,20141219,000000,5,5,5,5,0,0
06N_PE,D,20141222,000000,5,5,5,5,0,0
06N_PE,D,20141223,000000,5,5.6,5,5.6,0,0
06N_PE,D,20141229,000000,5,5.1,5,5,0,0
06N_PE,D,20141230,000000,5,5,5,5,0,0
06N_PE,D,20150102,000000,5,5.4,5,5,0,0
06N_PE,D,20150105,000000,5.4,5.7,5,5.1,0,0
06N_PE,D,20150107,000000,5.2,5.2,5.1,5.1,0,0
06N_PE,D,20150108,000000,5.2,5.2,5.1,5.1,0,0
06N_PE,D,20150109,000000,5.1,5.2,5.1,5.2,0,0
06N_PE,D,20150112,000000,5.2,5.2,5.1,5.1,0,0
06N_PE,D,20150113,000000,5.1,5.1,5.1,5.1,0,0
06N_PE,D,20150114,000000,5.1,5.1,4.9,4.9,0,0
06N_PE,D,20150115,000000,4.9,5,4.9,5,0,0
06N_PE,D,20150116,000000,5,5,4.9,4.9,0,0
06N_PE,D,20150119,000000,4.9,4.9,4.9,4.9,0,0
06N_PE,D,20150120,000000,4.9,4.9,4.9,4.9,0,0
06N_PE,D,20150121,000000,4.9,4.9,4.9,4.9,0,0
06N_PE,D,20150122,000000,4.9,5.3,4.9,5.3,0,0
06N_PE,D,20150123,000000,4.9,5,4.9,5,0,0
06N_PE,D,20150126,000000,4.9,4.9,4.9,4.9,0,0
06N_PE,D,20150127,000000,4.9,4.9,4.7,4.8,0,0
06N_PE,D,20150128,000000,4.7,4.7,4.7,4.7,0,0
06N_PE,D,20150129,000000,4.7,4.9,4.7,4.8,0,0
06N_PE,D,20150130,000000,4.8,5,4.8,5,0,0
06N_PE,D,20150202,000000,5.4,5.4,5,5,0,0
06N_PE,D,20150203,000000,4.8,5,4.8,4.9,0,0
06N_PE,D,20150204,000000,4.9,5.3,4.9,4.9,0,0
06N_PE,D,20150205,000000,4.9,4.9,4.8,4.8,0,0
06N_PE,D,20150206,000000,4.8,5.3,4.8,5.2,0,0
06N_PE,D,20150209,000000,5,5,5,5,0,0
06N_PE,D,20150210,000000,5,5,4.8,5,0,0
06N_PE,D,20150211,000000,4.8,4.9,4.8,4.9,0,0
06N_PE,D,20150212,000000,4.9,5.1,4.9,5.1,0,0
06N_PE,D,20150213,000000,4.9,5.1,4.9,5.1,0,0
06N_PE,D,20150216,000000,4.9,5.1,4.9,5.1,0,0
06N_PE,D,20170928,000000,5.1,5.1,5.1,5.1,0,0
06N_PE,D,20180430,000000,2.4,2.4,2.4,2.4,0,0
06N_PE,D,20180502,000000,2.4,2.4,2.4,2.4,0,0
06N_PE,D,20180504,000000,2.5,2.5,2.5,2.5,0,0
06N_PE,D,20180507,000000,2.5,2.5,2.5,2.5,0,0
06N_PE,D,20180508,000000,2.5,2.9,2.5,2.9,0,0
06N_PE,D,20180509,000000,2.9,2.9,2.9,2.9,0,0
06N_PE,D,20180510,000000,2.5,2.5,2.5,2.5,0,0
06N_PE,D,20180511,000000,2.5,2.5,2.4,2.4,0,0
06N_PE,D,20180514,000000,2.4,2.4,2.4,2.4,0,0
06N_PE,D,20180515,000000,2.4,2.4,2.4,2.4,0,0
06N_PE,D,20180516,000000,2.4,2.4,2.3,2.3,0,0
06N_PE,D,20180517,000000,2.3,2.3,2.3,2.3,0,0
06N_PE,D,20180518,000000,2.7,2.8,2.7,2.8,0,0
06N_PE,D,20180521,000000,2.7,2.7,2.7,2.7,0,0
06N_PE,D,20180522,000000,2.7,2.7,2.5,2.5,0,0
06N_PE,D,20180523,000000,2.3,2.4,2.3,2.4,0,0
06N_PE,D,20180524,000000,2.3,2.5,2.3,2.5,0,0
06N_PE,D,20180525,000000,2.3,2.3,2.3,2.3,0,0
06N_PE,D,20180528,000000,2.3,2.3,2.3,2.3,0,0
06N_PE,D,20180529,000000,2.2,2.4,2.2,2.4,0,0
06N_PE,D,20180530,000000,2.4,2.5,1.9,1.9,0,0
06N_PE,D,20180601,000000,1.8,1.9,1.8,1.9,0,0
06N_PE,D,20180604,000000,1.8,1.8,1.8,1.8,0,0
06N_PE,D,20180605,000000,1.8,1.8,1.8,1.8,0,0
06N_PE,D,20180606,000000,1.8,1.8,1.8,1.8,0,0
06N_PE,D,20180607,000000,1.9,1.9,1.9,1.9,0,0
06N_PE,D,20180608,000000,1.9,1.9,1.9,1.9,0,0
06N_PE,D,20180611,000000,2,2,1.9,1.9,0,0
06N_PE,D,20180612,000000,1.8,1.8,1.7,1.7,0,0
06N_PE,D,20180613,000000,1.7,1.7,1.7,1.7,0,0
06N_PE,D,20180614,000000,1.7,1.7,1.7,1.7,0,0
06N_PE,D,20180615,000000,1.7,1.7,1.7,1.7,0,0
06N_PE,D,20180618,000000,1.7,1.7,1.7,1.7,0,0
06N_PE,D,20180619,000000,1.7,1.7,1.7,1.7,0,0
06N_PE,D,20180620,000000,1.7,1.7,1.7,1.7,0,0
06N_PE,D,20180621,000000,1.7,1.7,1.7,1.7,0,0
06N_PE,D,20180622,000000,1.7,1.8,1.7,1.7,0,0
06N_PE,D,20180625,000000,1.8,1.8,1.6,1.7,0,0
06N_PE,D,20180626,000000,1.7,1.7,1.7,1.7,0,0
06N_PE,D,20180627,000000,1.7,1.7,1.7,1.7,0,0
06N_PE,D,20180628,000000,1.7,1.9,1.7,1.9,0,0
06N_PE,D,20180629,000000,1.9,1.9,1.9,1.9,0,0
06N_PE,D,20180702,000000,1.7,1.9,1.7,1.9,0,0
06N_PE,D,20180703,000000,1.7,1.7,1.7,1.7,0,0
06N_PE,D,20180704,000000,1.7,1.7,1.5,1.5,0,0
06N_PE,D,20180705,000000,1.6,1.6,1.6,1.6,0,0
06N_PE,D,20180706,000000,1.6,1.6,1.6,1.6,0,0
06N_PE,D,20180709,000000,1.6,1.6,1.6,1.6,0,0
06N_PE,D,20180710,000000,1.6,1.7,1.6,1.7,0,0
06N_PE,D,20180711,000000,1.6,1.6,1.6,1.6,0,0
06N_PE,D,20180712,000000,1.6,1.6,1.6,1.6,0,0
06N_PE,D,20180713,000000,1.6,1.6,1.6,1.6,0,0
06N_PE,D,20180716,000000,1.6,1.7,1.6,1.7,0,0
06N_PE,D,20180717,000000,2,2,1.9,1.9,0,0
06N_PE,D,20180718,000000,1.6,1.6,1.6,1.6,0,0
06N_PE,D,20180719,000000,1.6,1.6,1.6,1.6,0,0
06N_PE,D,20180720,000000,1.6,1.6,1.6,1.6,0,0
06N_PE,D,20180723,000000,1.7,1.9,1.7,1.9,0,0
06N_PE,D,20180724,000000,2,2,1.9,1.9,0,0
06N_PE,D,20180725,000000,1.9,1.9,1.8,1.8,0,0
06N_PE,D,20180726,000000,1.8,1.8,1.6,1.6,0,0
06N_PE,D,20180727,000000,1.8,1.8,1.6,1.8,0,0
06N_PE,D,20180730,000000,1.9,1.9,1.9,1.9,0,0
06N_PE,D,20180801,000000,1.9,1.9,1.7,1.7,0,0
06N_PE,D,20180802,000000,1.7,1.9,1.7,1.9,0,0
06N_PE,D,20180803,000000,1.8,1.8,1.7,1.7,0,0
06N_PE,D,20180806,000000,1.8,1.9,1.8,1.9,0,0
06N_PE,D,20180807,000000,2,2,2,2,0,0
06N_PE,D,20180808,000000,2.1,2.1,2.1,2.1,0,0
06N_PE,D,20180809,000000,1.9,1.9,1.9,1.9,0,0
06N_PE,D,20180810,000000,1.9,2.1,1.9,2.1,0,0
06N_PE,D,20180813,000000,1.9,2.1,1.9,1.9,0,0
06N_PE,D,20180814,000000,2.1,2.1,2.1,2.1,0,0
06N_PE,D,20180816,000000,1.9,1.9,1.9,1.9,0,0
06N_PE,D,20180817,000000,1.8,2.1,1.8,2.1,0,0
06N_PE,D,20180820,000000,2.1,2.1,1.9,1.9,0,0
06N_PE,D,20180821,000000,1.9,1.9,1.9,1.9,0,0
06N_PE,D,20180822,000000,1.9,1.9,1.9,1.9,0,0
06N_PE,D,20180823,000000,1.9,1.9,1.9,1.9,0,0
06N_PE,D,20180824,000000,1.8,1.9,1.8,1.9,0,0
06N_PE,D,20180827,000000,1.9,1.9,1.9,1.9,0,0
06N_PE,D,20180828,000000,1.9,1.9,1.9,1.9,0,0
06N_PE,D,20180829,000000,2,2,1.9,1.9,0,0
06N_PE,D,20180830,000000,1.8,1.9,1.8,1.9,0,0
06N_PE,D,20180831,000000,1.9,1.9,1.8,1.8,0,0
06N_PE,D,20180903,000000,1.6,1.7,1.6,1.7,0,0
06N_PE,D,20180904,000000,1.7,1.9,1.7,1.9,0,0
06N_PE,D,20180905,000000,1.7,1.7,1.7,1.7,0,0
06N_PE,D,20180906,000000,1.6,1.7,1.6,1.7,0,0
06N_PE,D,20180907,000000,1.7,1.7,1.6,1.6,0,0
06N_PE,D,20180910,000000,1.6,1.7,1.6,1.7,0,0
06N_PE,D,20180911,000000,1.7,1.7,1.7,1.7,0,0
06N_PE,D,20180912,000000,1.6,1.6,1.5,1.5,0,0
06N_PE,D,20180913,000000,1.4,1.5,1.4,1.5,0,0
06N_PE,D,20180914,000000,1.6,1.7,1.6,1.7,0,0
06N_PE,D,20180917,000000,1.6,1.7,1.6,1.7,0,0
06N_PE,D,20180918,000000,1.5,1.6,1.5,1.5,0,0
06N_PE,D,20180919,000000,1.4,1.5,1.4,1.5,0,0
06N_PE,D,20180924,000000,1.5,1.5,1.5,1.5,0,0
06N_PE,D,20180925,000000,1.5,1.5,1.5,1.5,0,0
06N_PE,D,20180926,000000,1.4,1.4,1.4,1.4,0,0
06N_PE,D,20180927,000000,1.4,1.4,1.4,1.4,0,0
06N_PE,D,20180928,000000,1.2,1.2,1.2,1.2,0,0
06N_PE,D,20200416,000000,2.6,2.6,2.6,2.6,0,0
06N_PE,D,20200417,000000,2.7,2.8,2.7,2.8,0,0
06N_PE,D,20200420,000000,2.8,3,2.8,2.9,0,0
06N_PE,D,20200421,000000,2.9,3,2.9,3,0,0
06N_PE,D,20200422,000000,2.9,2.9,2.7,2.7,0,0
06N_PE,D,20200423,000000,2.7,2.7,2.7,2.7,0,0
06N_PE,D,20200424,000000,2.9,2.9,2.7,2.7,0,0
06N_PE,D,20200427,000000,2.7,2.7,2.7,2.7,0,0
06N_PE,D,20200428,000000,2.6,2.6,2.6,2.6,0,0
06N_PE,D,20200429,000000,2.5,2.6,2.5,2.6,0,0
06N_PE,D,20200430,000000,2.5,2.5,2.4,2.4,0,0
06N_PE,D,20200504,000000,2.3,2.3,2.3,2.3,0,0
06N_PE,D,20200505,000000,2.3,2.5,2.3,2.4,0,0
06N_PE,D,20200506,000000,2.3,2.3,2.3,2.3,0,0
06N_PE,D,20200507,000000,2.3,2.3,2.3,2.3,0,0
06N_PE,D,20200508,000000,2.3,2.3,2.3,2.3,0,0
06N_PE,D,20200511,000000,2.3,2.4,2.3,2.4,0,0
06N_PE,D,20200512,000000,2.4,2.4,2.4,2.4,0,0
06N_PE,D,20200513,000000,2.4,2.4,2.3,2.3,0,0
06N_PE,D,20200514,000000,2.3,2.3,2.3,2.3,0,0
06N_PE,D,20200515,000000,2.6,2.6,2.3,2.3,0,0
06N_PE,D,20200518,000000,2.2,2.3,2.2,2.3,0,0
06N_PE,D,20200519,000000,2.6,2.6,2.5,2.5,0,0
06N_PE,D,20200520,000000,2.6,2.6,2.6,2.6,0,0
06N_PE,D,20200521,000000,2.7,2.8,2.7,2.8,0,0
06N_PE,D,20200522,000000,2.8,2.8,2.8,2.8,0,0
06N_PE,D,20200525,000000,2.9,2.9,2.8,2.8,0,0
06N_PE,D,20200526,000000,2.6,3,2.6,2.9,0,0
06N_PE,D,20200527,000000,2.9,2.9,2.9,2.9,0,0
06N_PE,D,20200528,000000,2.7,2.7,2.7,2.7,0,0
06N_PE,D,20200529,000000,2.9,2.9,1.2,1.2,0,0
06N_PE,D,20200601,000000,1.2,1.2,1.1,1.1,0,0
06N_PE,D,20200602,000000,1.2,1.3,1.2,1.3,0,0
06N_PE,D,20200603,000000,1.3,1.3,1.3,1.3,0,0
06N_PE,D,20200604,000000,1.3,1.3,1.3,1.3,0,0
06N_PE,D,20200605,000000,1.3,1.3,1.3,1.3,0,0
06N_PE,D,20200608,000000,1.3,1.3,1.3,1.3,0,0
06N_PE,D,20200609,000000,1.3,1.3,1.3,1.3,0,0
06N_PE,D,20200610,000000,1.3,1.3,1.3,1.3,0,0
06N_PE,D,20200612,000000,1.2,1.3,1.2,1.3,0,0
06N_PE,D,20200615,000000,1.3,1.3,1.3,1.3,0,0
06N_PE,D,20200616,000000,1.3,1.3,1.3,1.3,0,0
06N_PE,D,20200617,000000,1.2,1.2,1.2,1.2,0,0
06N_PE,D,20200618,000000,1.2,1.2,1.2,1.2,0,0
06N_PE,D,20200619,000000,1.2,1.3,1.2,1.3,0,0
06N_PE,D,20200622,000000,1.3,1.3,1.3,1.3,0,0
06N_PE,D,20200623,000000,1.3,1.3,1.3,1.3,0,0
06N_PE,D,20200624,000000,1.2,1.3,1.2,1.3,0,0
06N_PE,D,20200625,000000,1.2,1.2,1.2,1.2,0,0
06N_PE,D,20200626,000000,1.2,1.2,1.2,1.2,0,0
06N_PE,D,20200629,000000,1.2,1.2,1.2,1.2,0,0
06N_PE,D,20200630,000000,1.3,1.3,1.3,1.3,0,0
06N_PE,D,20200701,000000,1.3,1.6,1.3,1.6,0,0
06N_PE,D,20200702,000000,1.7,2.2,1.7,2.2,0,0
06N_PE,D,20200703,000000,2.3,2.3,1.9,2,0,0
06N_PE,D,20200706,000000,2,2.1,1.8,2,0,0
06N_PE,D,20200707,000000,2,2.3,1.9,2.1,0,0
06N_PE,D,20200708,000000,2.1,2.1,1.9,2,0,0
06N_PE,D,20200709,000000,1.9,2.1,1.9,2,0,0
06N_PE,D,20200710,000000,1.9,2.3,1.9,2.3,0,0
06N_PE,D,20200713,000000,2.4,2.5,2.3,2.4,0,0
06N_PE,D,20200714,000000,2.4,3.1,2.3,2.9,0,0
06N_PE,D,20200715,000000,2.9,3.5,2.7,2.7,0,0
06N_PE,D,20200716,000000,2.7,2.9,2.6,2.7,0,0
06N_PE,D,20200717,000000,2.7,2.8,2.5,2.8,0,0
06N_PE,D,20200720,000000,2.8,2.9,2.7,2.8,0,0
06N_PE,D,20200721,000000,2.8,3.1,2.8,3,0,0
06N_PE,D,20200722,000000,3,3.3,3,3.3,0,0
06N_PE,D,20200723,000000,3.4,3.7,3.4,3.6,0,0
06N_PE,D,20200724,000000,3.6,3.6,3.3,3.4,0,0
06N_PE,D,20200727,000000,3.4,3.6,3.3,3.4,0,0
06N_PE,D,20200728,000000,3.4,3.7,3.3,3.7,0,0
06N_PE,D,20200729,000000,4.6,4.7,4.6,4.7,0,0
06N_PE,D,20200730,000000,4.6,4.6,3.4,3.4,0,0
06N_PE,D,20200731,000000,3.3,3.7,3.3,3.5,0,0
06N_PE,D,20200803,000000,3.6,3.7,3.5,3.7,0,0
06N_PE,D,20200804,000000,3.8,3.8,3.4,3.5,0,0
06N_PE,D,20200805,000000,3.4,3.5,3.2,3.4,0,0
06N_PE,D,20200806,000000,3.5,4.3,3.5,4.2,0,0
06N_PE,D,20200807,000000,4.3,4.3,3.5,4,0,0
06N_PE,D,20200810,000000,4,4,3.7,3.9,0,0
06N_PE,D,20200811,000000,4,4,3.5,3.7,0,0
06N_PE,D,20200812,000000,3.7,3.7,3.3,3.5,0,0
06N_PE,D,20200813,000000,3.4,3.5,3.4,3.5,0,0
06N_PE,D,20200814,000000,3.4,3.6,3.3,3.5,0,0
06N_PE,D,20200817,000000,3.6,4.1,3.6,4,0,0
06N_PE,D,20200818,000000,3.9,4.1,3.7,3.8,0,0
06N_PE,D,20200819,000000,3.9,4,3.7,3.9,0,0
06N_PE,D,20200820,000000,3.8,3.9,3.6,3.8,0,0
06N_PE,D,20200821,000000,3.8,3.9,3.7,3.9,0,0
06N_PE,D,20200824,000000,4.1,4.5,4.1,4.3,0,0
06N_PE,D,20200825,000000,4.3,4.3,4,4.2,0,0
06N_PE,D,20200826,000000,4.2,4.2,3.9,4.2,0,0
06N_PE,D,20200827,000000,4.3,4.3,4,4.2,0,0
06N_PE,D,20200828,000000,4.2,4.2,4,4.1,0,0
06N_PE,D,20200831,000000,4.2,4.3,4.1,4.3,0,0
06N_PE,D,20200901,000000,4.3,4.3,3.9,4.1,0,0
06N_PE,D,20200902,000000,4.1,4.2,3.9,4.1,0,0
06N_PE,D,20200903,000000,4.1,4.3,4,4.1,0,0
06N_PE,D,20200904,000000,3.9,4.1,3.9,4,0,0
06N_PE,D,20200907,000000,4,4.2,4,4.1,0,0
06N_PE,D,20200908,000000,4.2,4.2,3.4,3.6,0,0
06N_PE,D,20200909,000000,3.7,3.9,3.7,3.9,0,0
06N_PE,D,20200910,000000,4,4,3.7,3.9,0,0
06N_PE,D,20200911,000000,3.9,3.9,3.7,3.8,0,0
06N_PE,D,20200914,000000,3.8,4,3.8,3.9,0,0
06N_PE,D,20200915,000000,3.9,3.9,3.8,3.9,0,0
06N_PE,D,20200916,000000,3.9,4,3.8,3.8,0,0
06N_PE,D,20200917,000000,3.8,3.8,3.6,3.8,0,0
06N_PE,D,20200918,000000,3.8,4.1,3.7,3.9,0,0
06N_PE,D,20200921,000000,4,4.2,3.9,4,0,0
06N_PE,D,20200922,000000,3.9,4,3.9,4,0,0
06N_PE,D,20200923,000000,4,4,3.8,3.9,0,0
06N_PE,D,20200924,000000,3.9,3.9,3.6,3.7,0,0
06N_PE,D,20200925,000000,3.8,4.2,3.6,4.2,0,0
06N_PE,D,20200928,000000,4.3,4.3,4.1,4.2,0,0
06N_PE,D,20200929,000000,4.2,4.3,4,4.3,0,0
06N_PE,D,20200930,000000,4.3,4.3,4.1,4.1,0,0
06N_PE,D,20201001,000000,4.1,4.1,4,4,0,0
06N_PE,D,20201002,000000,4.1,4.1,3.9,4,0,0
06N_PE,D,20201005,000000,4,5.3,4,5.3,0,0
06N_PE,D,20201006,000000,7.4,7.4,7.4,7.4,0,0
06N_PE,D,20201009,000000,10.2,11.2,10.2,11.2,0,0
06N_PE,D,20201012,000000,13.2,13.4,11.4,12.6,0,0
06N_PE,D,20201013,000000,12.4,12.4,9.4,9.4,0,0
06N_PE,D,20201014,000000,9.2,10.5,9.2,10.1,0,0
06N_PE,D,20201015,000000,10.2,11.2,9.2,11.2,0,0
06N_PE,D,20201016,000000,12.3,12.3,9.3,9.8,0,0
06N_PE,D,20201019,000000,9.4,9.8,8.6,8.9,0,0
06N_PE,D,20201020,000000,9.2,9.6,8.3,9.6,0,0
06N_PE,D,20201021,000000,9.6,9.7,8.8,9.2,0,0
06N_PE,D,20201022,000000,6.4,6.8,6.4,6.4,0,0
06N_PE,D,20201023,000000,6.4,6.5,5.8,6.2,0,0
06N_PE,D,20201026,000000,6.4,6.5,6.1,6.1,0,0
06N_PE,D,20201027,000000,6,6,5.5,5.6,0,0
06N_PE,D,20201028,000000,5.6,5.6,4.7,5.1,0,0
06N_PE,D,20201029,000000,4.9,5.3,4.7,5.3,0,0
06N_PE,D,20201030,000000,5.1,5.2,4.7,4.9,0,0
06N_PE,D,20201102,000000,5.2,5.6,4.8,5.4,0,0
06N_PE,D,20201103,000000,5.4,5.5,5.2,5.3,0,0
06N_PE,D,20201104,000000,5.3,5.3,4.9,5.1,0,0
06N_PE,D,20201105,000000,4.9,5.2,4.8,5.1,0,0
06N_PE,D,20201106,000000,5.1,5.3,4.9,5,0,0
06N_PE,D,20201109,000000,5.1,5.3,4.9,5.1,0,0
06N_PE,D,20201110,000000,5.1,5.1,4.9,5,0,0
06N_PE,D,20201112,000000,4.9,6.4,4.9,6.4,0,0
06N_PE,D,20201113,000000,6.3,6.3,5.8,5.9,0,0
06N_PE,D,20201116,000000,6,6.1,5.4,5.5,0,0
06N_PE,D,20201117,000000,5.5,5.6,5.3,5.5,0,0
06N_PE,D,20201118,000000,5.5,5.7,5.3,5.5,0,0
06N_PE,D,20201119,000000,5.1,5.4,5,5.3,0,0
06N_PE,D,20201120,000000,5.3,5.3,5.1,5.2,0,0
06N_PE,D,20201123,000000,5.2,6.2,5.2,6,0,0
06N_PE,D,20201124,000000,5.9,6,5.5,5.8,0,0
06N_PE,D,20201125,000000,5.8,5.8,5.4,5.4,0,0
06N_PE,D,20201126,000000,5.5,5.7,5.4,5.5,0,0
06N_PE,D,20201127,000000,5.6,6,5.4,5.8,0,0
06N_PE,D,20201130,000000,5.8,6.3,5.5,6.3,0,0
06N_PE,D,20201201,000000,6.2,6.4,6.1,6.3,0,0
06N_PE,D,20201202,000000,6.3,6.3,6.2,6.2,0,0
06N_PE,D,20201203,000000,6.2,6.5,6.1,6.3,0,0
06N_PE,D,20201204,000000,6.4,6.4,6.3,6.4,0,0
06N_PE,D,20201207,000000,6.4,6.4,6,6.3,0,0
06N_PE,D,20201208,000000,6.3,6.4,5.9,6.4,0,0
06N_PE,D,20201209,000000,6.4,6.4,6.1,6.3,0,0
06N_PE,D,20201210,000000,6.2,6.2,6.1,6.2,0,0
06N_PE,D,20201211,000000,6.2,6.3,5.9,6.1,0,0
06N_PE,D,20201214,000000,6.2,6.4,6.1,6.3,0,0
06N_PE,D,20201215,000000,6.4,6.4,6.2,6.2,0,0
06N_PE,D,20201216,000000,6.4,6.4,6.2,6.3,0,0
06N_PE,D,20201217,000000,6.2,7.5,6.2,6.9,0,0
06N_PE,D,20201218,000000,6.9,6.9,6.4,6.7,0,0
06N_PE,D,20201221,000000,6.9,6.9,6.3,6.5,0,0
06N_PE,D,20201222,000000,6.5,6.5,6.1,6.4,0,0
06N_PE,D,20201223,000000,6.5,6.5,6.1,6.2,0,0
06N_PE,D,20201228,000000,6.2,6.5,6.2,6.3,0,0
06N_PE,D,20201229,000000,6.4,6.6,6.2,6.6,0,0
06N_PE,D,20201230,000000,6.6,6.6,6.4,6.5,0,0
06N_PE,D,20210104,000000,6.5,7,6.5,6.9,0,0
06N_PE,D,20210105,000000,6.9,7.2,6.8,6.9,0,0
06N_PE,D,20210107,000000,6.7,7.2,6.7,7.1,0,0
06N_PE,D,20210108,000000,7.2,7.9,7.2,7.7,0,0
06N_PE,D,20210111,000000,7.7,8.1,7.4,7.4,0,0
06N_PE,D,20210112,000000,7.6,7.6,7.1,7.3,0,0
06N_PE,D,20210113,000000,7.3,7.3,7,7.2,0,0
06N_PE,D,20210114,000000,7,7.2,6.9,7.2,0,0
06N_PE,D,20210115,000000,7.1,7.2,6.8,7.1,0,0
06N_PE,D,20210118,000000,7.1,7.2,6.9,7.1,0,0
06N_PE,D,20210119,000000,7.1,7.1,6.8,7.1,0,0
06N_PE,D,20210120,000000,7.1,7.1,6.8,7.1,0,0
06N_PE,D,20210121,000000,7.1,7.1,6.8,6.9,0,0
06N_PE,D,20210122,000000,6.8,6.9,6.6,6.8,0,0
06N_PE,D,20210125,000000,6.8,6.8,6.5,6.7,0,0
06N_PE,D,20210126,000000,6.7,6.7,6.4,6.6,0,0
06N_PE,D,20210127,000000,6.5,6.8,6.5,6.6,0,0
06N_PE,D,20210128,000000,6.4,6.6,6.3,6.5,0,0
06N_PE,D,20210129,000000,6.4,6.8,6.3,6.7,0,0
06N_PE,D,20210201,000000,6.7,6.8,6.4,6.8,0,0
06N_PE,D,20210202,000000,7.1,7.2,6.8,7.1,0,0
06N_PE,D,20210203,000000,7.2,7.4,6.9,7.2,0,0
06N_PE,D,20210204,000000,7.2,7.2,6.9,7.1,0,0
06N_PE,D,20210205,000000,7.1,7.1,6.9,7.1,0,0
06N_PE,D,20210208,000000,6.9,7.4,6.9,7.2,0,0
06N_PE,D,20210209,000000,7.2,7.3,7.1,7.3,0,0
06N_PE,D,20210210,000000,7.3,8.6,7.2,8.2,0,0
06N_PE,D,20210211,000000,8.3,8.3,7.8,7.9,0,0
06N_PE,D,20210212,000000,7.9,8.4,7.8,8.3,0,0
06N_PE,D,20210215,000000,8.5,8.5,8,8.3,0,0
06N_PE,D,20210216,000000,8.7,9.3,8.7,9.2,0,0
06N_PE,D,20210217,000000,8.9,11.6,8.9,11,0,0
06N_PE,D,20210218,000000,11.3,11.8,9.7,10.4,0,0
06N_PE,D,20210219,000000,10.2,10.7,10.1,10.6,0,0
06N_PE,D,20210222,000000,10.7,10.7,10,10.4,0,0
06N_PE,D,20210223,000000,10.4,10.5,9.7,10,0,0
06N_PE,D,20210224,000000,9.9,9.9,9.5,9.9,0,0
06N_PE,D,20210225,000000,9.8,12,9.8,12,0,0
06N_PE,D,20210226,000000,11.3,11.9,11.2,11.7,0,0
06N_PE,D,20210301,000000,12.2,13.4,12.2,12.6,0,0
06N_PE,D,20210302,000000,12.6,12.9,12.3,12.5,0,0
06N_PE,D,20210303,000000,12.5,12.9,12.2,12.5,0,0
06N_PE,D,20210304,000000,12.2,12.4,11.6,12.4,0,0
06N_PE,D,20210305,000000,12.5,12.7,12.1,12.2,0,0
06N_PE,D,20210308,000000,12.8,12.8,12.1,12.5,0,0
06N_PE,D,20210309,000000,11.9,12.6,11.9,12.1,0,0
06N_PE,D,20210310,000000,12.4,12.4,11.2,11.4,0,0
06N_PE,D,20210311,000000,11.4,12.1,11.1,12,0,0
06N_PE,D,20210312,000000,12,12.1,11.6,12.1,0,0
06N_PE,D,20210315,000000,12.3,12.3,11.3,11.6,0,0
06N_PE,D,20210316,000000,11.4,12,11.1,11.5,0,0
06N_PE,D,20210317,000000,11.2,11.5,11.2,11.4,0,0
06N_PE,D,20210318,000000,11.6,11.6,11.3,11.5,0,0
06N_PE,D,20210319,000000,11.5,12.1,11.2,11.7,0,0
06N_PE,D,20210322,000000,11.7,12,11.3,11.7,0,0
06N_PE,D,20210323,000000,11.7,11.8,11.5,11.8,0,0
06N_PE,D,20210324,000000,11.7,11.7,11.4,11.4,0,0
06N_PE,D,20210325,000000,11.4,11.4,10.7,11.3,0,0
06N_PE,D,20210326,000000,11.2,12.1,11.2,12,0,0
06N_PE,D,20210329,000000,12,12.1,11.7,11.8,0,0
06N_PE,D,20210330,000000,12,12.1,11.5,11.7,0,0
06N_PE,D,20210331,000000,11.6,12.3,11.4,12.3,0,0
06N_PE,D,20210401,000000,11.9,12.4,11.7,12.4,0,0
06N_PE,D,20210406,000000,12.3,12.3,12.1,12.3,0,0
06N_PE,D,20210407,000000,12.3,13.1,12,12.7,0,0
06N_PE,D,20210408,000000,12.6,12.9,12.3,12.4,0,0
06N_PE,D,20210409,000000,12.7,12.7,12.2,12.4,0,0
06N_PE,D,20210412,000000,12.6,12.9,12.4,12.7,0,0
06N_PE,D,20210413,000000,12.5,12.7,12.4,12.7,0,0
06N_PE,D,20210414,000000,12.6,12.7,12.2,12.4,0,0
06N_PE,D,20210415,000000,12.4,12.7,12.1,12.3,0,0
06N_PE,D,20210416,000000,12.6,12.6,12.3,12.5,0,0
06N_PE,D,20210419,000000,12.2,12.5,12.1,12.4,0,0
06N_PE,D,20210420,000000,12.4,12.5,11.7,11.9,0,0
06N_PE,D,20210421,000000,11.8,12,11.4,11.5,0,0
06N_PE,D,20210422,000000,12.2,12.2,11.4,11.9,0,0
06N_PE,D,20210423,000000,12,12,11.3,11.8,0,0
06N_PE,D,20210426,000000,12,12.3,11.5,12.1,0,0
06N_PE,D,20210427,000000,12.2,12.4,10,10,0,0
06N_PE,D,20210428,000000,10,10.2,9.3,9.3,0,0
06N_PE,D,20210429,000000,9.3,9.8,9.1,9.8,0,0
06N_PE,D,20210430,000000,9.8,10.1,9.2,9.8,0,0
06N_PE,D,20210504,000000,10,10.4,9.8,10,0,0
06N_PE,D,20210505,000000,10.4,10.4,9.7,10,0,0
06N_PE,D,20210506,000000,9.9,10.4,9.7,10.4,0,0
06N_PE,D,20210507,000000,9.9,10.4,9.9,10.3,0,0
06N_PE,D,20210510,000000,10.3,10.5,10.3,10.4,0,0
06N_PE,D,20210511,000000,10.4,10.5,10,10.3,0,0
06N_PE,D,20210512,000000,10.3,10.3,10,10.2,0,0
06N_PE,D,20210513,000000,9.9,10.3,9.7,10.1,0,0
06N_PE,D,20210514,000000,9.8,10.2,9.8,9.8,0,0
06N_PE,D,20210517,000000,9.8,10,9.7,9.9,0,0
06N_PE,D,20210518,000000,9.8,10,9.6,10,0,0
06N_PE,D,20210519,000000,10,10.2,9.7,10,0,0
06N_PE,D,20210520,000000,10.2,10.3,9.8,10.2,0,0
06N_PE,D,20210521,000000,10.1,10.3,10,10.2,0,0
06N_PE,D,20210524,000000,9.9,10.2,9.8,9.9,0,0
06N_PE,D,20210525,000000,9.8,10,9.6,9.6,0,0
06N_PE,D,20210526,000000,9.6,9.9,9.5,9.9,0,0
06N_PE,D,20210527,000000,9.6,50.3,9.6,50.3,0,0
06N_PE,D,20210528,000000,50.3,51,48.8,49.7,0,0
06N_PE,D,20210531,000000,49.7,49.7,48.3,49.7,0,0
06N_PE,D,20210601,000000,48.4,49.9,48.4,49.2,0,0
06N_PE,D,20210602,000000,49.3,49.5,45.9,49,0,0
06N_PE,D,20210604,000000,49.2,49.2,46.5,48.4,0,0
06N_PE,D,20210607,000000,47.7,49.4,46.8,47.1,0,0
06N_PE,D,20210608,000000,47.3,47.3,44.8,46.1,0,0
06N_PE,D,20210609,000000,45.8,48.2,45.7,48.2,0,0
06N_PE,D,20210610,000000,48.7,48.7,46.2,47,0,0
06N_PE,D,20210611,000000,48.4,48.4,46.2,48.1,0,0
06N_PE,D,20210614,000000,46.2,48.1,45.9,46.2,0,0
06N_PE,D,20210615,000000,46.6,49.2,46.2,48.8,0,0
06N_PE,D,20210616,000000,47.3,49.2,47.1,48.2,0,0
06N_PE,D,20210617,000000,47.3,48.9,46.9,47,0,0
06N_PE,D,20210618,000000,47,48.6,47,47,0,0
06N_PE,D,20210621,000000,46.9,47.6,45.2,45.3,0,0
06N_PE,D,20210622,000000,45.3,46.2,42.2,42.7,0,0
06N_PE,D,20210623,000000,42.1,44.6,42.1,43.7,0,0
06N_PE,D,20210624,000000,43.1,46.1,42.8,44.9,0,0
06N_PE,D,20210625,000000,46.3,47,44,47,0,0
06N_PE,D,20210628,000000,47,47.5,45.1,47,0,0
06N_PE,D,20210629,000000,45.9,47.5,44.4,47,0,0
06N_PE,D,20210630,000000,47,47,44,44,0,0
06N_PE,D,20210701,000000,45.8,45.8,42.8,42.9,0,0
06N_PE,D,20210702,000000,42.8,45.4,42.8,45.4,0,0
06N_PE,D,20210705,000000,45.4,45.4,43.2,43.3,0,0
06N_PE,D,20210706,000000,43.2,43.3,41.3,41.3,0,0
06N_PE,D,20210707,000000,40.4,42.2,40,40.9,0,0
06N_PE,D,20210708,000000,40.9,72.2,40.9,72.2,0,0
06N_PE,D,20210709,000000,106.7,110.7,80.7,80.7,0,0
06N_PE,D,20210712,000000,83.5,83.7,75.9,77.6,0,0
06N_PE,D,20210713,000000,76.6,80.2,73.2,76.7,0,0
06N_PE,D,20210714,000000,78.3,78.3,73,73.7,0,0
06N_PE,D,20210715,000000,72.4,76.6,70.2,70.3,0,0
06N_PE,D,20210716,000000,70.5,70.5,65.8,67,0,0
06N_PE,D,20210719,000000,66.9,75.8,65.9,73,0,0
06N_PE,D,20210720,000000,73.6,73.6,68.8,70.6,0,0
06N_PE,D,20210721,000000,68.9,69.2,65.7,65.7,0,0
06N_PE,D,20210722,000000,65.3,69.4,65.1,66.8,0,0
06N_PE,D,20210723,000000,66.5,66.9,64.6,65.9,0,0
06N_PE,D,20210726,000000,65.9,65.9,62.5,63.3,0,0
06N_PE,D,20210727,000000,63.2,68.3,61.5,65.8,0,0
06N_PE,D,20210728,000000,65.8,65.8,62.9,64,0,0
06N_PE,D,20210729,000000,63.9,64.7,62.2,62.4,0,0
06N_PE,D,20210730,000000,62.8,64.7,62.4,64.4,0,0
06N_PE,D,20210802,000000,62.9,66.8,62.9,65.8,0,0
06N_PE,D,20210803,000000,66.5,73.3,65,70.6,0,0
06N_PE,D,20210804,000000,70.6,71.4,69,70.3,0,0
06N_PE,D,20210805,000000,70.2,70.7,69,69.3,0,0
06N_PE,D,20210806,000000,70,70,67.5,69.4,0,0
06N_PE,D,20210809,000000,69.7,70.3,68.7,70,0,0
06N_PE,D,20210810,000000,69.9,69.9,67.2,67.9,0,0
06N_PE,D,20210811,000000,67.8,67.8,65.9,66,0,0
06N_PE,D,20210812,000000,65.9,69.4,65.9,67.3,0,0
06N_PE,D,20210813,000000,67.2,67.6,65.6,66,0,0
06N_PE,D,20210816,000000,66.4,66.4,63.6,64.9,0,0
06N_PE,D,20210817,000000,65.8,68.5,64.4,65.8,0,0
06N_PE,D,20210818,000000,65.7,65.8,63.6,64.9,0,0
06N_PE,D,20210819,000000,65.5,65.5,63.5,64.5,0,0
06N_PE,D,20210820,000000,64.8,65.8,63.9,65.5,0,0
06N_PE,D,20210823,000000,65.8,66.3,64.2,66.3,0,0
06N_PE,D,20210824,000000,66.3,70.2,66.3,67.9,0,0
06N_PE,D,20210825,000000,66.9,67,65.5,65.9,0,0
06N_PE,D,20210826,000000,65.8,66.1,64.1,66,0,0
06N_PE,D,20210827,000000,65.2,66.4,64.3,65.5,0,0
06N_PE,D,20210830,000000,65.5,66.2,64.7,66.2,0,0
06N_PE,D,20210831,000000,66.3,67.3,65.3,66.2,0,0
06N_PE,D,20210901,000000,66.2,66.2,64.5,64.9,0,0
06N_PE,D,20210902,000000,65.7,66.7,64.6,65.2,0,0
06N_PE,D,20210903,000000,65.2,69.2,64.6,66.2,0,0
06N_PE,D,20210906,000000,66.7,66.7,64,64.2,0,0
06N_PE,D,20210907,000000,64,64,62.7,63.3,0,0
06N_PE,D,20210908,000000,62.8,64,62.6,63.3,0,0
06N_PE,D,20210909,000000,63.2,64.5,61.8,63.6,0,0
06N_PE,D,20210910,000000,63.6,64.6,62.8,64.6,0,0
06N_PE,D,20210913,000000,67.9,67.9,64.6,67.4,0,0
06N_PE,D,20210914,000000,67.3,67.3,65.2,66.3,0,0
06N_PE,D,20210915,000000,66.7,71.6,65.2,66,0,0
06N_PE,D,20210916,000000,65.7,65.7,29.5,29.5,0,0
06N_PE,D,20210917,000000,29.5,29.8,29.2,29.7,0,0
06N_PE,D,20210920,000000,29.2,29.5,27,27.3,0,0
06N_PE,D,20210921,000000,27.6,28.4,27,28.4,0,0
06N_PE,D,20210922,000000,28,28.6,27.8,28.4,0,0
06N_PE,D,20210923,000000,27.8,28.4,27.4,27.8,0,0
06N_PE,D,20210924,000000,27.6,28.3,27.5,28,0,0
06N_PE,D,20210927,000000,27.6,28.3,27.6,28.2,0,0
06N_PE,D,20210928,000000,27.2,28.2,27.2,28.2,0,0
06N_PE,D,20210929,000000,28.2,28.2,27.1,27.3,0,0
06N_PE,D,20210930,000000,27.3,27.3,27,27.3,0,0
06N_PE,D,20211001,000000,26.9,27.8,26.8,27.7,0,0
06N_PE,D,20211004,000000,27.3,27.3,26.5,27.2,0,0
06N_PE,D,20211005,000000,26.6,27.2,26.5,27.1,0,0
06N_PE,D,20211006,000000,26.7,27.3,25.9,26,0,0
06N_PE,D,20211007,000000,26,26.7,26,26.7,0,0
06N_PE,D,20211008,000000,26.6,26.6,25.9,26.5,0,0
06N_PE,D,20211011,000000,26.6,26.6,26,26.6,0,0
06N_PE,D,20211012,000000,26.6,26.6,26.1,26.6,0,0
06N_PE,D,20211013,000000,26.2,26.5,26,26.4,0,0
06N_PE,D,20211014,000000,26.5,29,26.2,28.9,0,0
06N_PE,D,20211015,000000,28.9,30.2,28.2,29.3,0,0
06N_PE,D,20211018,000000,29.3,29.3,27.9,28.1,0,0
06N_PE,D,20211019,000000,28.4,28.9,27.8,28.8,0,0
06N_PE,D,20211020,000000,28,28.5,28,28.3,0,0
06N_PE,D,20211021,000000,28.3,28.3,27.2,27.2,0,0
06N_PE,D,20211022,000000,27.2,28,26.9,27.9,0,0
06N_PE,D,20211025,000000,27.9,27.9,26.9,27.6,0,0
06N_PE,D,20211026,000000,27.6,27.7,27.1,27.3,0,0
06N_PE,D,20211027,000000,27.6,27.8,27,27.8,0,0
06N_PE,D,20211028,000000,28,28,26.4,27.3,0,0
06N_PE,D,20211029,000000,26.7,27.2,26.5,26.5,0,0
06N_PE,D,20211102,000000,26.9,27.3,26.4,27.3,0,0
06N_PE,D,20211103,000000,27.3,27.5,26.5,27.2,0,0
06N_PE,D,20211104,000000,26.6,27,26.6,27,0,0
06N_PE,D,20211105,000000,26.9,29.8,26.5,27.7,0,0
06N_PE,D,20211108,000000,28.4,29.5,27.7,28.9,0,0
06N_PE,D,20211109,000000,29.1,29.8,27.8,28.3,0,0
06N_PE,D,20211110,000000,28.1,28.3,27.3,27.4,0,0
06N_PE,D,20211112,000000,27.8,27.8,27.3,27.7,0,0
06N_PE,D,20211115,000000,28.1,28.2,27.6,27.7,0,0
06N_PE,D,20211116,000000,27.3,28.3,27.1,27.7,0,0
06N_PE,D,20211117,000000,27.7,28.2,27.4,27.8,0,0
06N_PE,D,20211118,000000,27.9,27.9,27.1,27.7,0,0
06N_PE,D,20211119,000000,27.2,28,26.9,27.2,0,0
06N_PE,D,20211122,000000,27.3,27.5,27,27.4,0,0
06N_PE,D,20211123,000000,28.2,29.9,28.2,29.9,0,0
06N_PE,D,20211124,000000,30.1,30.5,28.4,29.1,0,0
06N_PE,D,20211125,000000,29,29.2,28.5,29,0,0
06N_PE,D,20211126,000000,28.9,29,27.8,28.8,0,0
06N_PE,D,20211129,000000,28,28.8,28,28.1,0,0
06N_PE,D,20211130,000000,27.8,28.5,27.5,28.4,0,0
06N_PE,D,20211201,000000,28.4,28.4,27.8,28.3,0,0
06N_PE,D,20211202,000000,28.3,28.3,24.5,24.5,0,0
06N_PE,D,20211203,000000,24.5,24.9,24,24,0,0
06N_PE,D,20211206,000000,24.4,24.4,23.8,24.3,0,0
06N_PE,D,20211207,000000,23.9,24.4,23.9,24.4,0,0
06N_PE,D,20211208,000000,23.9,24.8,23.9,24.8,0,0
06N_PE,D,20211209,000000,24.8,25,24.3,24.8,0,0
06N_PE,D,20211210,000000,24.7,24.8,24.2,24.8,0,0
06N_PE,D,20211213,000000,24.8,24.8,24.2,24.5,0,0
06N_PE,D,20211214,000000,24.5,24.8,24.4,24.4,0,0
06N_PE,D,20211215,000000,24.7,24.8,23.7,24.2,0,0
06N_PE,D,20211216,000000,24.2,24.2,23.7,23.8,0,0
06N_PE,D,20211217,000000,24,24,23.5,23.9,0,0
06N_PE,D,20211220,000000,23.6,24.4,22.7,23.1,0,0
06N_PE,D,20211221,000000,23.2,23.2,22.3,22.4,0,0
06N_PE,D,20211222,000000,22.3,22.8,20.5,20.7,0,0
06N_PE,D,20211223,000000,20,21,19.5,20.3,0,0
06N_PE,D,20211227,000000,20,20,19,19.1,0,0
06N_PE,D,20211228,000000,18.6,20.4,18.4,20,0,0
06N_PE,D,20211229,000000,20.3,20.9,19.9,20.2,0,0
06N_PE,D,20211230,000000,20.1,20.2,19.5,19.9,0,0
06N_PE,D,20220103,000000,20.3,21.4,20.2,20.6,0,0
06N_PE,D,20220104,000000,21.1,21.9,20.7,20.7,0,0
06N_PE,D,20220105,000000,21.1,23.9,21.1,23.9,0,0
06N_PE,D,20220107,000000,23.6,24.7,23.2,24,0,0
06N_PE,D,20220110,000000,24,24.2,22.9,23.6,0,0
06N_PE,D,20220111,000000,23.2,23.6,22.9,22.9,0,0
06N_PE,D,20220112,000000,23.5,23.6,23,23.6,0,0
06N_PE,D,20220113,000000,23.7,23.7,23.2,23.4,0,0
06N_PE,D,20220114,000000,23.4,23.4,22.7,23.4,0,0
06N_PE,D,20220117,000000,22.8,23.4,22.5,22.8,0,0
06N_PE,D,20220118,000000,22.9,23.1,22.1,22.5,0,0
06N_PE,D,20220119,000000,22.1,23,22.1,23,0,0
06N_PE,D,20220120,000000,23,23,22.2,22.8,0,0
06N_PE,D,20220121,000000,22.3,23.2,21.4,22,0,0
06N_PE,D,20220124,000000,22.2,22.2,20,20.6,0,0
06N_PE,D,20220125,000000,20.7,21.3,20.1,20.8,0,0
06N_PE,D,20220126,000000,20.7,21.5,20.7,21.4,0,0
06N_PE,D,20220127,000000,21.3,21.4,20.7,21.2,0,0
06N_PE,D,20220128,000000,21,21.3,20.8,21.3,0,0
06N_PE,D,20220131,000000,21.3,22.9,21.3,22.2,0,0
06N_PE,D,20220201,000000,22.6,22.8,21.8,22.3,0,0
06N_PE,D,20220202,000000,22.5,23.1,22.1,22.5,0,0
06N_PE,D,20220203,000000,22.9,22.9,22.4,22.6,0,0
06N_PE,D,20220204,000000,22.7,22.7,22.1,22.6,0,0
06N_PE,D,20220207,000000,22.6,22.6,21.7,22.4,0,0
06N_PE,D,20220208,000000,21.8,22.7,21.7,22.6,0,0
06N_PE,D,20220209,000000,21.8,22.6,21.8,21.9,0,0
06N_PE,D,20220210,000000,21.9,22.1,21.3,21.7,0,0
06N_PE,D,20220211,000000,21.5,22,21.2,21.4,0,0
06N_PE,D,20220214,000000,21.2,21.4,19.9,21,0,0
06N_PE,D,20220215,000000,20.7,21.4,20,21.3,0,0
06N_PE,D,20220216,000000,21.3,21.7,20.9,21.6,0,0
06N_PE,D,20220217,000000,21.6,21.6,20.4,20.7,0,0
06N_PE,D,20220218,000000,21.4,21.4,20.4,21.3,0,0
06N_PE,D,20220221,000000,20.3,21.2,19.9,20.3,0,0
06N_PE,D,20220222,000000,19.6,20.7,19.6,20.3,0,0
06N_PE,D,20220223,000000,19.7,21,19.7,20.8,0,0
06N_PE,D,20220224,000000,19.1,19.1,17.2,17.3,0,0
06N_PE,D,20220225,000000,18.1,18.8,17.8,18.3,0,0
06N_PE,D,20220228,000000,17.9,19.2,17.9,18.3,0,0
06N_PE,D,20220301,000000,18.5,18.8,17.7,18,0,0
06N_PE,D,20220302,000000,18.3,22.1,17.2,20.7,0,0
06N_PE,D,20220303,000000,21.3,21.3,19.3,20.3,0,0
06N_PE,D,20220304,000000,19.7,20.4,19.4,20,0,0
06N_PE,D,20220307,000000,19.4,20,18.8,19.9,0,0
06N_PE,D,20220308,000000,19.5,19.9,19.2,19.3,0,0
06N_PE,D,20220309,000000,19.9,20.3,19.3,20.2,0,0
06N_PE,D,20220310,000000,20.2,21.8,20.2,21.4,0,0
06N_PE,D,20220311,000000,22,28.9,21.9,25.8,0,0
06N_PE,D,20220314,000000,25.5,26.3,24.2,25.2,0,0
06N_PE,D,20220315,000000,25.5,25.5,23.1,23.8,0,0
06N_PE,D,20220316,000000,23.9,24.6,23.8,24.4,0,0
06N_PE,D,20220317,000000,24.4,25.1,24.1,24.6,0,0
06N_PE,D,20220318,000000,25,28,24.7,27.2,0,0
06N_PE,D,20220321,000000,27.9,28,26.8,27.4,0,0
06N_PE,D,20220322,000000,27.4,27.8,26.6,27.4,0,0
06N_PE,D,20220323,000000,26.9,27.8,26.9,27.2,0,0
06N_PE,D,20220324,000000,27.2,27.2,26.4,27.1,0,0
06N_PE,D,20220325,000000,26.8,27.1,26.7,27.1,0,0
06N_PE,D,20220328,000000,27.1,27.4,26.5,26.7,0,0
06N_PE,D,20220329,000000,27.5,27.5,26.7,27.1,0,0
06N_PE,D,20220330,000000,27.3,29,27.2,29,0,0
06N_PE,D,20220331,000000,28.8,31,28.8,29.1,0,0
06N_PE,D,20220401,000000,29.5,29.5,27.8,29.4,0,0
06N_PE,D,20220404,000000,29.9,30.4,29.3,30.1,0,0
06N_PE,D,20220405,000000,30.1,30.5,29.6,30.5,0,0
06N_PE,D,20220406,000000,30.7,31.8,29.3,29.6,0,0
06N_PE,D,20220407,000000,30.3,30.3,29.5,30.1,0,0
06N_PE,D,20220408,000000,30.1,30.7,29.7,30.1,0,0
06N_PE,D,20220411,000000,30.1,30.1,28.6,28.8,0,0
06N_PE,D,20220412,000000,29.1,29.1,27,27.4,0,0
06N_PE,D,20220413,000000,27.3,28.1,27.3,27.9,0,0
06N_PE,D,20220414,000000,28.2,28.3,27.5,28.3,0,0
06N_PE,D,20220419,000000,28,28,27.2,27.7,0,0
06N_PE,D,20220420,000000,27.7,27.7,26.6,26.9,0,0
06N_PE,D,20220421,000000,27.1,27.3,26.5,27,0,0
06N_PE,D,20220422,000000,27.3,27.4,26.5,27.3,0,0
06N_PE,D,20220425,000000,26.3,27.1,26,27,0,0
06N_PE,D,20220426,000000,27.1,27.1,26.4,27.1,0,0
06N_PE,D,20220427,000000,27.1,27.8,26.6,27.7,0,0
06N_PE,D,20220428,000000,27.7,29.5,26.9,28.1,0,0
06N_PE,D,20220429,000000,27.7,28.5,27.7,28,0,0
06N_PE,D,20220502,000000,28.3,28.3,27,27.3,0,0
06N_PE,D,20220504,000000,27.9,27.9,27.2,27.2,0,0
06N_PE,D,20220505,000000,27.6,27.6,22.9,22.9,0,0
06N_PE,D,20220506,000000,23.6,25.1,23.6,25,0,0
06N_PE,D,20220509,000000,24.5,25.6,24.5,25.1,0,0
06N_PE,D,20220510,000000,25.4,25.4,24.2,24.3,0,0
06N_PE,D,20220511,000000,25.1,25.1,24.1,24.9,0,0
06N_PE,D,20220512,000000,24.2,25,23.1,24.4,0,0
06N_PE,D,20220513,000000,24.1,25.1,24.1,24.8,0,0
06N_PE,D,20220516,000000,25.1,26.1,24.9,25.5,0,0
06N_PE,D,20220517,000000,25.6,25.6,24.8,25.4,0,0
06N_PE,D,20220518,000000,25.4,25.4,24.4,24.4,0,0
06N_PE,D,20220519,000000,23.4,24.4,23.4,24,0,0
06N_PE,D,20220520,000000,24.4,40.8,23.9,40.8,0,0
06N_PE,D,20220523,000000,41.4,41.4,39.8,40.9,0,0
06N_PE,D,20220524,000000,41.4,41.4,39.9,39.9,0,0
06N_PE,D,20220525,000000,40.7,40.8,38.7,40.3,0,0
06N_PE,D,20220526,000000,40.7,40.7,31.1,31.1,0,0
06N_PE,D,20220527,000000,32.6,32.6,31.2,32.1,0,0
06N_PE,D,20220530,000000,32.2,33,31.3,32.6,0,0
06N_PE,D,20220531,000000,32.3,32.3,31,32,0,0
06N_PE,D,20220601,000000,32.1,32.1,31,32,0,0
06N_PE,D,20220602,000000,31.3,31.9,31.3,31.3,0,0
06N_PE,D,20220603,000000,31.9,32,29.2,30.9,0,0
06N_PE,D,20220606,000000,31.1,31.1,29.4,30.2,0,0
06N_PE,D,20220607,000000,29.5,30.2,29,30,0,0
06N_PE,D,20220608,000000,29.1,30.7,29.1,29.4,0,0
06N_PE,D,20220609,000000,30.2,30.2,29.2,29.8,0,0
06N_PE,D,20220610,000000,29.8,29.9,29.4,29.8,0,0
06N_PE,D,20220613,000000,29.8,29.8,28.5,29.3,0,0
06N_PE,D,20220614,000000,28.7,29.5,28.5,29.4,0,0
06N_PE,D,20220615,000000,28.7,29.3,28.7,29.2,0,0
06N_PE,D,20220617,000000,28.7,30.8,28.7,29.8,0,0
06N_PE,D,20220620,000000,29.8,31,28.4,29.9,0,0
06N_PE,D,20220621,000000,28.9,30.1,28.9,29.8,0,0
06N_PE,D,20220622,000000,29.8,32.6,29.8,32.1,0,0
06N_PE,D,20220623,000000,31.4,31.8,30.4,31.8,0,0
06N_PE,D,20220624,000000,32,32,30.3,31,0,0
06N_PE,D,20220627,000000,31.8,32.5,31.8,32.2,0,0
06N_PE,D,20220628,000000,32.3,32.6,31.6,32.3,0,0
06N_PE,D,20220629,000000,31.7,32,31,32,0,0
06N_PE,D,20220630,000000,32.1,32.1,31.2,31.2,0,0
06N_PE,D,20220701,000000,31.7,31.8,30.3,31.2,0,0
06N_PE,D,20220704,000000,31.2,31.8,30.6,31.3,0,0
06N_PE,D,20220705,000000,30.9,30.9,28.6,30,0,0
06N_PE,D,20220706,000000,28.8,29.9,28.1,29.4,0,0
06N_PE,D,20220707,000000,28.5,30.4,28.5,30.2,0,0
06N_PE,D,20220708,000000,29.2,29.7,28.9,29.7,0,0
06N_PE,D,20220711,000000,29.7,30,29.7,29.8,0,0
06N_PE,D,20220712,000000,29.8,30,29.1,29.9,0,0
06N_PE,D,20220713,000000,29.9,29.9,28.6,28.6,0,0
06N_PE,D,20220714,000000,29.2,29.2,28.5,29.2,0,0
06N_PE,D,20220715,000000,29.2,29.9,28.5,29.6,0,0
06N_PE,D,20220718,000000,28.8,29.6,28.7,28.7,0,0
06N_PE,D,20220719,000000,28.7,29,28.2,29,0,0
06N_PE,D,20220720,000000,29,29.3,28.4,28.8,0,0
06N_PE,D,20220721,000000,28.4,29.4,27.4,29.4,0,0
06N_PE,D,20220722,000000,29.4,29.6,28.5,29.2,0,0
06N_PE,D,20220725,000000,29.2,29.8,28.6,29.2,0,0
06N_PE,D,20220726,000000,29.6,29.6,28.6,29,0,0
06N_PE,D,20220727,000000,29,29.5,28.8,29.5,0,0
06N_PE,D,20220728,000000,28.8,29.6,28.8,29.5,0,0
06N_PE,D,20220729,000000,28.9,29.5,28.9,29.4,0,0
06N_PE,D,20220801,000000,29,29.6,29,29.4,0,0
06N_PE,D,20220802,000000,29.3,29.3,28.7,28.7,0,0
06N_PE,D,20220803,000000,29.2,29.2,28.5,29.2,0,0
06N_PE,D,20220804,000000,28.6,30.1,28.6,30.1,0,0
06N_PE,D,20220805,000000,29.4,30.2,29.2,30.1,0,0
06N_PE,D,20220808,000000,30.1,30.1,28.9,29.4,0,0
06N_PE,D,20220809,000000,28.9,30,28.9,29.8,0,0
06N_PE,D,20220810,000000,29,29.7,28.9,29.2,0,0
06N_PE,D,20220811,000000,29.6,29.6,29,29.5,0,0
06N_PE,D,20220812,000000,29.1,29.5,29.1,29.5,0,0
06N_PE,D,20220816,000000,29.5,29.8,29.2,29.6,0,0
06N_PE,D,20220817,000000,29.4,29.6,28.9,28.9,0,0
06N_PE,D,20220818,000000,29,29.1,28.9,28.9,0,0
06N_PE,D,20220819,000000,29.1,29.6,29,29.5,0,0
06N_PE,D,20220822,000000,29,29.2,28.6,29.2,0,0
06N_PE,D,20220823,000000,28.6,30.3,28.6,30,0,0
06N_PE,D,20220824,000000,30.1,30.2,28.9,29.8,0,0
06N_PE,D,20220825,000000,29.8,30.1,29.1,29.8,0,0
06N_PE,D,20220826,000000,29,29.4,28.7,28.7,0,0
06N_PE,D,20220829,000000,28.4,29.7,28.4,29.4,0,0
06N_PE,D,20220830,000000,28.6,29.4,28.6,29.4,0,0
06N_PE,D,20220831,000000,29.4,29.7,29,29.3,0,0
06N_PE,D,20220901,000000,28.9,29,28.1,29,0,0
06N_PE,D,20220902,000000,28.1,28.4,27.7,28.4,0,0
06N_PE,D,20220905,000000,28.1,29.1,28,29.1,0,0
06N_PE,D,20220906,000000,28.4,28.7,27.7,28.3,0,0
06N_PE,D,20220907,000000,28.3,28.3,27.7,27.9,0,0
06N_PE,D,20220908,000000,27.4,27.8,26,26.4,0,0
06N_PE,D,20220909,000000,27.2,27.9,26.5,27.7,0,0
06N_PE,D,20220912,000000,27.9,27.9,26.9,27.9,0,0
06N_PE,D,20220913,000000,27.9,29,27.5,28.3,0,0
06N_PE,D,20220914,000000,27.4,28.2,27,28,0,0
06N_PE,D,20220915,000000,28.4,28.4,27.1,27.1,0,0
06N_PE,D,20220916,000000,27.1,28.2,27,28,0,0
06N_PE,D,20220919,000000,26.6,28,26.6,27.7,0,0
06N_PE,D,20220920,000000,26.8,27.7,26.4,26.4,0,0
06N_PE,D,20220921,000000,26.8,27.3,25.6,25.7,0,0
06N_PE,D,20220922,000000,27.2,27.2,25.9,25.9,0,0
06N_PE,D,20220923,000000,26,26.6,25.7,26.4,0,0
06N_PE,D,20220926,000000,26.2,26.3,24.7,25.6,0,0
06N_PE,D,20220927,000000,25.7,26,25,25.7,0,0
06N_PE,D,20220928,000000,25.6,25.6,25.1,25.6,0,0
06N_PE,D,20220929,000000,25.1,25.6,23.1,23.6,0,0
06N_PE,D,20220930,000000,24.6,25.1,23.2,24.6,0,0
06N_PE,D,20221003,000000,24.5,24.6,23.8,24.5,0,0
06N_PE,D,20221004,000000,24.3,26.5,24.3,25.4,0,0
06N_PE,D,20221005,000000,25.3,25.3,24.4,25.2,0,0
06N_PE,D,20221006,000000,25.2,26.1,24.9,25.2,0,0
06N_PE,D,20230927,000000,0.8,0.8,0.8,0.8,0,0
06N_PE,D,20230928,000000,0.769,0.8,0.765,0.8,0,0
06N_PE,D,20230929,000000,0.8,0.812,0.79,0.8,0,0
06N_PE,D,20231002,000000,0.8,0.8,0.782,0.8,0,0
06N_PE,D,20231003,000000,0.804,0.806,0.769,0.8,0,0
06N_PE,D,20231004,000000,0.796,0.81,0.794,0.8,0,0
06N_PE,D,20231005,000000,0.79,0.814,0.777,0.8,0,0
06N_PE,D,20231006,000000,0.8,0.8,0.777,0.8,0,0
06N_PE,D,20231009,000000,0.796,0.81,0.784,0.8,0,0
06N_PE,D,20231010,000000,0.794,0.8,0.786,0.8,0,0
06N_PE,D,20231011,000000,0.8,0.814,0.794,0.8,0,0
06N_PE,D,20231012,000000,0.8,0.829,0.794,0.8,0,0
06N_PE,D,20231013,000000,0.802,0.81,0.784,0.8,0,0
06N_PE,D,20231016,000000,0.8,0.814,0.784,0.8,0,0
06N_PE,D,20231017,000000,0.8,0.82,0.792,0.8,0,0
06N_PE,D,20231018,000000,0.804,0.808,0.79,0.8,0,0
06N_PE,D,20231019,000000,0.796,0.812,0.79,0.8,0,0
06N_PE,D,20231020,000000,0.788,0.8,0.784,0.8,0,0
06N_PE,D,20231023,000000,0.802,0.802,0.7,0.7,0,0
06N_PE,D,20231024,000000,0.702,0.713,0.693,0.7,0,0
06N_PE,D,20231025,000000,0.695,0.704,0.689,0.7,0,0
06N_PE,D,20231026,000000,0.7,0.702,0.687,0.7,0,0
06N_PE,D,20231027,000000,0.702,0.702,0.693,0.7,0,0
06N_PE,D,20231030,000000,0.704,0.704,0.693,0.7,0,0
06N_PE,D,20231031,000000,0.704,0.704,0.693,0.7,0,0
06N_PE,D,20231102,000000,0.702,0.702,0.683,0.7,0,0
06N_PE,D,20231103,000000,0.7,0.707,0.698,0.7,0,0
06N_PE,D,20231106,000000,0.7,0.7,0.689,0.7,0,0
06N_PE,D,20231107,000000,0.696,0.706,0.694,0.7,0,0
06N_PE,D,20231108,000000,0.698,0.704,0.693,0.7,0,0
06N_PE,D,20231109,000000,0.708,0.711,0.7,0.7,0,0
06N_PE,D,20231110,000000,0.693,0.8,0.693,0.8,0,0
06N_PE,D,20231113,000000,0.8,0.8,0.768,0.8,0,0
06N_PE,D,20231114,000000,0.8,0.802,0.784,0.8,0,0
06N_PE,D,20231115,000000,0.8,0.808,0.779,0.8,0,0
06N_PE,D,20231116,000000,0.8,0.802,0.7,0.7,0,0
06N_PE,D,20231117,000000,0.698,0.8,0.698,0.8,0,0
06N_PE,D,20231120,000000,0.8,0.814,0.796,0.8,0,0
06N_PE,D,20231121,000000,0.8,0.856,0.8,0.8,0,0
06N_PE,D,20231122,000000,0.8,0.8,0.765,0.8,0,0
06N_PE,D,20231123,000000,0.812,0.812,0.794,0.8,0,0
06N_PE,D,20231124,000000,0.798,0.848,0.78,0.8,0,0
06N_PE,D,20231127,000000,0.798,0.8,0.77,0.8,0,0
06N_PE,D,20231128,000000,0.794,0.8,0.788,0.8,0,0
06N_PE,D,20231129,000000,0.794,0.804,0.7,0.7,0,0
06N_PE,D,20231130,000000,0.7,0.8,0.696,0.8,0,0
06N_PE,D,20231201,000000,0.8,0.8,0.7,0.7,0,0
06N_PE,D,20231204,000000,0.7,0.8,0.698,0.8,0,0
06N_PE,D,20231205,000000,0.794,0.8,0.785,0.8,0,0
06N_PE,D,20231206,000000,0.79,0.794,0.7,0.7,0,0
06N_PE,D,20231207,000000,0.698,0.7,0.689,0.7,0,0
06N_PE,D,20231208,000000,0.7,0.719,0.696,0.7,0,0
06N_PE,D,20231211,000000,0.713,0.713,0.7,0.7,0,0
06N_PE,D,20231212,000000,0.702,0.706,0.696,0.7,0,0
06N_PE,D,20231213,000000,0.696,0.724,0.696,0.7,0,0
06N_PE,D,20231214,000000,0.706,0.8,0.704,0.8,0,0
06N_PE,D,20231215,000000,0.8,0.8,0.786,0.8,0,0
06N_PE,D,20231218,000000,0.802,0.808,0.785,0.8,0,0
06N_PE,D,20231219,000000,0.794,0.794,0.7,0.7,0,0
06N_PE,D,20231220,000000,0.693,0.8,0.693,0.8,0,0
06N_PE,D,20231221,000000,0.794,0.798,0.7,0.7,0,0
06N_PE,D,20231222,000000,0.694,0.7,0.676,0.7,0,0
06N_PE,D,20231227,000000,0.7,0.704,0.683,0.7,0,0
06N_PE,D,20231228,000000,0.706,0.731,0.696,0.7,0,0
06N_PE,D,20231229,000000,0.7,0.709,0.687,0.7,0,0
06N_PE,D,20240102,000000,0.693,0.719,0.693,0.7,0,0
06N_PE,D,20240103,000000,0.693,0.704,0.681,0.7,0,0
06N_PE,D,20240104,000000,0.693,0.7,0.676,0.7,0,0
06N_PE,D,20240105,000000,0.698,0.7,0.685,0.7,0,0
06N_PE,D,20240108,000000,0.696,0.7,0.691,0.7,0,0
06N_PE,D,20240109,000000,0.7,0.704,0.694,0.7,0,0
06N_PE,D,20240110,000000,0.7,0.708,0.698,0.7,0,0
06N_PE,D,20240111,000000,0.7,0.7,0.689,0.7,0,0
06N_PE,D,20240112,000000,0.706,0.708,0.698,0.7,0,0
06N_PE,D,20240115,000000,0.696,0.7,0.691,0.7,0,0
06N_PE,D,20240116,000000,0.691,0.7,0.654,0.7,0,0
06N_PE,D,20240117,000000,0.7,0.7,0.69,0.7,0,0
06N_PE,D,20240118,000000,0.694,0.706,0.69,0.7,0,0
06N_PE,D,20240119,000000,0.7,0.7,0.69,0.7,0,0
06N_PE,D,20240122,000000,0.7,0.714,0.696,0.7,0,0
06N_PE,D,20240123,000000,0.686,0.7,0.68,0.7,0,0
06N_PE,D,20240124,000000,0.694,0.71,0.694,0.7,0,0
06N_PE,D,20240125,000000,0.7,0.714,0.698,0.7,0,0
06N_PE,D,20240126,000000,0.702,0.704,0.692,0.7,0,0
06N_PE,D,20240129,000000,0.694,0.7,0.688,0.7,0,0
06N_PE,D,20240130,000000,0.7,0.706,0.696,0.7,0,0
06N_PE,D,20240131,000000,0.7,0.704,0.666,0.7,0,0
06N_PE,D,20240201,000000,0.704,0.704,0.6,0.6,0,0
06N_PE,D,20240202,000000,0.608,0.63,0.6,0.6,0,0
06N_PE,D,20240205,000000,0.6,0.608,0.588,0.6,0,0
06N_PE,D,20240206,000000,0.59,0.608,0.59,0.6,0,0
06N_PE,D,20240207,000000,0.6,0.7,0.6,0.7,0,0
06N_PE,D,20240208,000000,0.696,0.711,0.685,0.7,0,0
06N_PE,D,20240209,000000,0.7,0.721,0.696,0.7,0,0
06N_PE,D,20240212,000000,0.7,0.708,0.679,0.7,0,0
06N_PE,D,20240213,000000,0.7,0.706,0.6,0.6,0,0
06N_PE,D,20240214,000000,0.576,0.6,0.576,0.6,0,0
06N_PE,D,20240215,000000,0.598,0.611,0.591,0.6,0,0
06N_PE,D,20240216,000000,0.591,0.609,0.587,0.6,0,0
06N_PE,D,20240219,000000,0.593,0.609,0.591,0.6,0,0
06N_PE,D,20240220,000000,0.6,0.606,0.576,0.6,0,0
06N_PE,D,20240221,000000,0.604,0.604,0.583,0.6,0,0
06N_PE,D,20240222,000000,0.604,0.615,0.585,0.6,0,0
06N_PE,D,20240223,000000,0.6,0.609,0.591,0.6,0,0
06N_PE,D,20240226,000000,0.6,0.7,0.594,0.7,0,0
06N_PE,D,20240227,000000,0.696,0.702,0.6,0.6,0,0
06N_PE,D,20240228,000000,0.6,0.6,0.585,0.6,0,0
06N_PE,D,20240229,000000,0.591,0.604,0.585,0.6,0,0
06N_PE,D,20240301,000000,0.596,0.6,0.582,0.6,0,0
06N_PE,D,20240304,000000,0.593,0.602,0.58,0.589,0,0
06N_PE,D,20240305,000000,0.578,0.6,0.565,0.6,0,0
06N_PE,D,20240306,000000,0.602,0.614,0.594,0.6,0,0
06N_PE,D,20240307,000000,0.598,0.604,0.585,0.6,0,0
06N_PE,D,20240308,000000,0.604,0.606,0.588,0.6,0,0
06N_PE,D,20240311,000000,0.6,0.616,0.6,0.6,0,0
06N_PE,D,20240312,000000,0.602,0.614,0.594,0.6,0,0
06N_PE,D,20240313,000000,0.602,0.606,0.587,0.6,0,0
06N_PE,D,20240314,000000,0.592,0.6,0.586,0.6,0,0
06N_PE,D,20240315,000000,0.602,0.614,0.598,0.61,0,0
06N_PE,D,20240318,000000,0.61,0.61,0.598,0.6,0,0
06N_PE,D,20240319,000000,0.594,0.604,0.584,0.6,0,0
06N_PE,D,20240320,000000,0.6,0.6,0.584,0.6,0,0
06N_PE,D,20240321,000000,0.592,0.6,0.58,0.6,0,0
06N_PE,D,20240322,000000,0.606,0.622,0.594,0.6,0,0
06N_PE,D,20240325,000000,0.602,0.604,0.586,0.6,0,0
06N_PE,D,20240326,000000,0.592,0.604,0.59,0.6,0,0
06N_PE,D,20240327,000000,0.594,0.616,0.594,0.6,0,0
06N_PE,D,20240328,000000,0.6,0.619,0.588,0.6,0,0
06N_PE,D,20240402,000000,0.604,0.604,0.583,0.6,0,0
06N_PE,D,20240403,000000,0.59,0.602,0.59,0.6,0,0
06N_PE,D,20240404,000000,0.604,0.604,0.593,0.6,0,0
06N_PE,D,20240405,000000,0.597,0.608,0.597,0.6,0,0
06N_PE,D,20240408,000000,0.596,0.603,0.596,0.6,0,0
06N_PE,D,20240409,000000,0.593,0.6,0.586,0.6,0,0
06N_PE,D,20240410,000000,0.601,0.603,0.594,0.6,0,0
06N_PE,D,20240411,000000,0.6,0.603,0.595,0.6,0,0
06N_PE,D,20240412,000000,0.599,0.649,0.599,0.6,0,0
06N_PE,D,20240415,000000,0.604,0.7,0.6,0.7,0,0
06N_PE,D,20240416,000000,0.696,0.71,0.69,0.7,0,0
06N_PE,D,20240417,000000,0.705,0.739,0.694,0.7,0,0
06N_PE,D,20240418,000000,0.704,0.708,0.672,0.7,0,0
06N_PE,D,20240419,000000,0.7,0.7,0.674,0.7,0,0
06N_PE,D,20240422,000000,0.692,0.7,0.667,0.7,0,0
06N_PE,D,20240423,000000,0.713,0.731,0.694,0.7,0,0
06N_PE,D,20240424,000000,0.707,0.708,0.684,0.7,0,0
06N_PE,D,20240425,000000,0.706,0.706,0.673,0.7,0,0
06N_PE,D,20240426,000000,0.7,0.704,0.6,0.6,0,0
06N_PE,D,20240429,000000,0.6,0.608,0.592,0.6,0,0
06N_PE,D,20240430,000000,0.602,0.7,0.602,0.7,0,0
06N_PE,D,20240502,000000,0.709,0.709,0.685,0.7,0,0
06N_PE,D,20240506,000000,0.705,0.716,0.698,0.7,0,0
06N_PE,D,20240507,000000,0.703,0.703,0.687,0.7,0,0
06N_PE,D,20240508,000000,0.7,0.711,0.7,0.7,0,0
06N_PE,D,20240509,000000,0.703,0.704,0.692,0.7,0,0
06N_PE,D,20240510,000000,0.699,0.705,0.688,0.7,0,0
06N_PE,D,20240513,000000,0.702,0.721,0.692,0.7,0,0
06N_PE,D,20240514,000000,0.7,0.712,0.692,0.7,0,0
06N_PE,D,20240515,000000,0.699,0.7,0.681,0.7,0,0
06N_PE,D,20240516,000000,0.707,0.707,0.688,0.7,0,0
06N_PE,D,20240517,000000,0.699,0.704,0.69,0.7,0,0
06N_PE,D,20240520,000000,0.698,0.702,0.685,0.7,0,0
06N_PE,D,20240521,000000,0.7,0.704,0.691,0.7,0,0
06N_PE,D,20240522,000000,0.695,0.7,0.691,0.7,0,0
06N_PE,D,20240523,000000,0.7,0.705,0.697,0.7,0,0
06N_PE,D,20240524,000000,0.703,0.737,0.693,0.7,0,0
06N_PE,D,20240527,000000,0.702,0.72,0.6,0.6,0,0
06N_PE,D,20240528,000000,0.591,0.7,0.591,0.7,0,0
06N_PE,D,20240529,000000,0.696,0.724,0.679,0.7,0,0
06N_PE,D,20240531,000000,0.669,0.673,0.6,0.6,0,0
06N_PE,D,20240603,000000,0.596,0.6,0.582,0.6,0,0
06N_PE,D,20240604,000000,0.6,0.6,0.591,0.6,0,0
06N_PE,D,20240605,000000,0.595,0.613,0.593,0.6,0,0
06N_PE,D,20240606,000000,0.598,0.604,0.585,0.6,0,0
06N_PE,D,20240607,000000,0.6,0.606,0.595,0.6,0,0
06N_PE,D,20240610,000000,0.6,0.606,0.593,0.6,0,0
06N_PE,D,20240611,000000,0.594,0.6,0.581,0.6,0,0
06N_PE,D,20240612,000000,0.608,0.608,0.597,0.6,0,0
06N_PE,D,20240613,000000,0.595,0.6,0.586,0.6,0,0
06N_PE,D,20240614,000000,0.591,0.6,0.587,0.6,0,0
06N_PE,D,20240617,000000,0.6,0.604,0.591,0.6,0,0
06N_PE,D,20240618,000000,0.594,0.601,0.587,0.596,0,0
06N_PE,D,20240619,000000,0.595,0.6,0.588,0.6,0,0
06N_PE,D,20240620,000000,0.606,0.608,0.6,0.6,0,0
06N_PE,D,20240621,000000,0.598,0.615,0.598,0.6,0,0
06N_PE,D,20240624,000000,0.593,0.607,0.593,0.6,0,0
06N_PE,D,20240625,000000,0.594,0.6,0.587,0.6,0,0
06N_PE,D,20240626,000000,0.596,0.603,0.592,0.6,0,0
06N_PE,D,20240627,000000,0.599,0.604,0.593,0.6,0,0
06N_PE,D,20240628,000000,0.6,0.6,0.589,0.6,0,0
06N_PE,D,20240701,000000,0.6,0.601,0.592,0.6,0,0
06N_PE,D,20240702,000000,0.599,0.6,0.588,0.6,0,0
06N_PE,D,20240703,000000,0.602,0.606,0.596,0.6,0,0
06N_PE,D,20240704,000000,0.591,0.605,0.591,0.6,0,0
06N_PE,D,20240705,000000,0.601,0.606,0.594,0.6,0,0
06N_PE,D,20240708,000000,0.606,0.623,0.6,0.6,0,0
06N_PE,D,20240709,000000,0.6,0.606,0.595,0.6,0,0
06N_PE,D,20240710,000000,0.593,0.602,0.593,0.6,0,0
06N_PE,D,20240711,000000,0.6,0.6,0.585,0.6,0,0
06N_PE,D,20240712,000000,0.6,0.604,0.583,0.6,0,0
06N_PE,D,20240715,000000,0.599,0.6,0.597,0.6,0,0
06N_PE,D,20240716,000000,0.597,0.606,0.59,0.6,0,0
06N_PE,D,20240717,000000,0.613,0.613,0.592,0.6,0,0
06N_PE,D,20240718,000000,0.6,0.6,0.588,0.6,0,0
06N_PE,D,20240719,000000,0.601,0.602,0.593,0.6,0,0
06N_PE,D,20240722,000000,0.599,0.6,0.595,0.6,0,0
06N_PE,D,20240723,000000,0.6,0.602,0.596,0.6,0,0
06N_PE,D,20240724,000000,0.592,0.6,0.59,0.6,0,0
06N_PE,D,20240725,000000,0.6,0.6,0.586,0.6,0,0
06N_PE,D,20240726,000000,0.6,0.605,0.586,0.6,0,0
06N_PE,D,20240729,000000,0.597,0.6,0.596,0.6,0,0
06N_PE,D,20240730,000000,0.597,0.61,0.597,0.6,0,0
06N_PE,D,20240731,000000,0.593,0.602,0.592,0.6,0,0
06N_PE,D,20240801,000000,0.593,0.6,0.592,0.6,0,0
06N_PE,D,20240802,000000,0.594,0.602,0.587,0.6,0,0
06N_PE,D,20240805,000000,0.594,0.6,0.576,0.6,0,0
06N_PE,D,20240806,000000,0.592,0.605,0.591,0.6,0,0
06N_PE,D,20240807,000000,0.594,0.601,0.588,0.6,0,0
06N_PE,D,20240808,000000,0.594,0.6,0.586,0.6,0,0
06N_PE,D,20240809,000000,0.6,0.602,0.594,0.6,0,0
06N_PE,D,20240812,000000,0.599,0.605,0.599,0.6,0,0
06N_PE,D,20240813,000000,0.601,0.601,0.592,0.6,0,0
06N_PE,D,20240814,000000,0.6,0.6,0.591,0.6,0,0
06N_PE,D,20240816,000000,0.6,0.6,0.588,0.6,0,0
06N_PE,D,20240819,000000,0.594,0.6,0.594,0.6,0,0
06N_PE,D,20240820,000000,0.595,0.6,0.593,0.6,0,0
06N_PE,D,20240821,000000,0.594,0.622,0.586,0.6,0,0
06N_PE,D,20240822,000000,0.599,0.618,0.578,0.6,0,0
06N_PE,D,20240823,000000,0.596,0.6,0.587,0.6,0,0
06N_PE,D,20240826,000000,0.587,0.608,0.587,0.6,0,0
06N_PE,D,20240827,000000,0.598,0.638,0.598,0.6,0,0
06N_PE,D,20240828,000000,0.604,0.604,0.578,0.6,0,0
06N_PE,D,20240829,000000,0.587,0.6,0.582,0.6,0,0
06N_PE,D,20240830,000000,0.59,0.605,0.588,0.6,0,0
06N_PE,D,20240902,000000,0.592,0.592,0.585,0.589,0,0
06N_PE,D,20240903,000000,0.584,0.6,0.575,0.6,0,0
06N_PE,D,20240904,000000,0.589,0.602,0.585,0.6,0,0
06N_PE,D,20240905,000000,0.6,0.6,0.6,0.6,0,0
06N_PE,D,20240906,000000,0.6,0.6,0.583,0.6,0,0
06N_PE,D,20240909,000000,0.584,0.6,0.583,0.6,0,0
06N_PE,D,20240910,000000,0.585,0.6,0.575,0.6,0,0
06N_PE,D,20240911,000000,0.608,0.609,0.591,0.6,0,0
06N_PE,D,20240912,000000,0.585,0.6,0.576,0.6,0,0
06N_PE,D,20240913,000000,0.601,0.601,0.585,0.6,0,0
06N_PE,D,20240916,000000,0.603,0.603,0.587,0.6,0,0
06N_PE,D,20240917,000000,0.595,0.602,0.588,0.6,0,0
06N_PE,D,20240918,000000,0.589,0.6,0.58,0.6,0,0
06N_PE,D,20240919,000000,0.591,0.606,0.571,0.6,0,0
06N_PE,D,20240920,000000,0.61,0.613,0.588,0.6,0,0
06N_PE,D,20240923,000000,0.6,0.6,0.587,0.6,0,0
06N_PE,D,20240924,000000,0.601,0.601,0.592,0.6,0,0
06N_PE,D,20240925,000000,0.6,0.602,0.593,0.6,0,0
06N_PE,D,20240926,000000,0.593,0.6,0.593,0.6,0,0
06N_PE,D,20240927,000000,0.593,43.6,0.576,43.6,0,0
06N_PE,D,20240930,000000,42.979,43.546,42.27,43.1,0,0
06N_PE,D,20241001,000000,42.472,43.04,41.903,42.4,0,0
06N_PE,D,20241002,000000,42.128,43.1,41.702,43.1,0,0
06N_PE,D,20241003,000000,42.188,43.04,42.188,42.6,0,0
06N_PE,D,20241004,000000,42.624,42.624,42.199,42.4,0,0
06N_PE,D,20241007,000000,42.34,42.411,42.057,42.4,0,0
06N_PE,D,20241008,000000,41.986,41.986,41.4,41.4,0,0
06N_PE,D,20241009,000000,41.418,41.844,41.418,41.8,0,0
06N_PE,D,20241010,000000,41.348,42.34,41.277,42.2,0,0
06N_PE,D,20241011,000000,41.418,42.411,41.418,42.4,0,0
06N_PE,D,20241014,000000,41.489,43.262,41.489,42.3,0,0
06N_PE,D,20241015,000000,43.182,43.182,42.33,43.1,0,0
06N_PE,D,20241016,000000,42.979,43.404,42.411,43.4,0,0
06N_PE,D,20241017,000000,43.404,43.404,41.844,43.3,0,0
06N_PE,D,20241018,000000,42.116,43.324,42.116,43.3,0,0
06N_PE,D,20241021,000000,43.324,43.324,42.472,42.5,0,0
06N_PE,D,20241022,000000,42.482,44.468,42.27,44,0,0
06N_PE,D,20241023,000000,42.979,43.83,42.766,43.6,0,0
06N_PE,D,20241024,000000,42.827,43.608,42.827,43.6,0,0
06N_PE,D,20241025,000000,42.827,43.324,42.614,43.3,0,0
06N_PE,D,20241028,000000,43.821,43.821,42.6,42.6,0,0
06N_PE,D,20241029,000000,42.614,43.324,42.401,42.9,0,0
06N_PE,D,20241030,000000,42.553,43.3,42.199,43.3,0,0
06N_PE,D,20241031,000000,42.472,43.466,42.472,43.4,0,0
06N_PE,D,20241104,000000,43.404,43.404,42.411,43,0,0
06N_PE,D,20241105,000000,42.979,42.979,42.34,42.6,0,0
06N_PE,D,20241106,000000,42.472,43.466,42.472,42.9,0,0
06N_PE,D,20241107,000000,42.908,42.908,42.27,42.3,0,0
06N_PE,D,20241108,000000,42.33,42.614,42.33,42.6,0,0
06N_PE,D,20241112,000000,42.045,42.756,41.903,42.6,0,0
06N_PE,D,20241113,000000,42.614,42.614,41.974,42.6,0,0
06N_PE,D,20241114,000000,42.045,42.045,40.483,41.6,0,0
06N_PE,D,20241115,000000,41.619,42.33,41.122,42,0,0
06N_PE,D,20241118,000000,40.993,41.915,40,40.4,0,0
06N_PE,D,20241119,000000,40.057,40.696,37.358,38.9,0,0
06N_PE,D,20241120,000000,39.063,39.063,37.5,38.9,0,0
06N_PE,D,20241121,000000,37.926,39.205,37.926,39.2,0,0
06N_PE,D,20241122,000000,39.418,40.199,38.778,39.4,0,0
06N_PE,D,20241125,000000,39.773,40.057,37.926,40,0,0
06N_PE,D,20241126,000000,39.433,40.213,39.433,40.1,0,0
06N_PE,D,20241127,000000,40.128,40.128,38.352,39.7,0,0
06N_PE,D,20241128,000000,39.433,40.355,39.433,40.3,0,0
06N_PE,D,20241129,000000,40.284,40.709,39.007,40.7,0,0
06N_PE,D,20241202,000000,41.135,41.135,39.149,41.1,0,0
06N_PE,D,20241203,000000,39.773,40.625,23.7,23.7,0,0
06N_PE,D,20241204,000000,23.709,23.709,23.455,23.7,0,0
06N_PE,D,20241205,000000,24.174,24.174,23.285,24.1,0,0
06N_PE,D,20241206,000000,24.091,24.1,23.204,24.1,0,0
06N_PE,D,20241209,000000,24.068,24.11,23.432,24,0,0
06N_PE,D,20241210,000000,23.415,23.838,23.246,23.7,0,0
06N_PE,D,20241211,000000,23.412,23.709,23.37,23.7,0,0
06N_PE,D,20241212,000000,23.285,23.709,23.201,23.7,0,0
06N_PE,D,20241213,000000,23.201,23.201,22.015,22.4,0,0
06N_PE,D,20241216,000000,22.401,22.697,21.471,22,0,0
06N_PE,D,20241217,000000,22.208,22.208,21.489,21.8,0,0
06N_PE,D,20241218,000000,21.628,22.222,21.586,22,0,0
06N_PE,D,20241219,000000,21.997,22.124,21.658,22.1,0,0
06N_PE,D,20241220,000000,21.978,22.401,21.809,22.3,0,0
06N_PE,D,20241223,000000,21.997,22.081,21.743,21.9,0,0
06N_PE,D,20241227,000000,22.119,22.712,21.949,22.5,0,0
06N_PE,D,20241230,000000,22.081,22.631,22.039,22.6,0,0
06N_PE,D,20250102,000000,22.608,23.201,22.015,23.2,0,0
06N_PE,D,20250103,000000,23.074,23.074,23,23,0,0
06N_PE,D,20250107,000000,22.316,22.95,22.105,22.8,0,0
06N_PE,D,20250108,000000,22.504,23.266,22.335,22.9,0,0
06N_PE,D,20250109,000000,22.901,24.131,22.858,24,0,0
06N_PE,D,20250110,000000,24.049,24.725,23.331,24.1,0,0
06N_PE,D,20250113,000000,24.007,24.007,23.415,24,0,0
06N_PE,D,20250114,000000,23.455,23.7,23.455,23.7,0,0
06N_PE,D,20250115,000000,23.367,23.707,23.155,23.7,0,0
06N_PE,D,20250116,000000,23.367,23.707,23.367,23.7,0,0
06N_PE,D,20250117,000000,23.707,24.003,23.537,24,0,0
06N_PE,D,20250120,000000,23.325,23.834,23.325,23.7,0,0
06N_PE,D,20250121,000000,23.395,25.2,23.269,25.2,0,0
06N_PE,D,20250122,000000,24.852,25.697,24.007,24.8,0,0
06N_PE,D,20250123,000000,24.131,24.767,24.131,24.5,0,0
06N_PE,D,20250124,000000,24.155,24.2,24.113,24.2,0,0
06N_PE,D,20250127,000000,23.941,24.576,23.814,24.1,0,0
06N_PE,D,20250128,000000,24.492,24.534,23.8,23.8,0,0
06N_PE,D,20250129,000000,23.753,23.753,23.669,23.7,0,0
06N_PE,D,20250130,000000,24.259,24.428,23.709,24.1,0,0
06N_PE,D,20250131,000000,24.049,24.218,23.4,23.4,0,0
06N_PE,D,20250203,000000,24.155,24.155,23.311,24,0,0
06N_PE,D,20250204,000000,23.964,24.007,22.823,23.1,0,0
06N_PE,D,20250205,000000,23.562,23.773,23.096,23.3,0,0
06N_PE,D,20250206,000000,23.305,23.814,23.305,23.7,0,0
06N_PE,D,20250207,000000,23.666,24.471,23.37,24.3,0,0
06N_PE,D,20250210,000000,23.751,24.301,23.751,24.3,0,0
06N_PE,D,20250211,000000,23.709,24.301,23.37,24.3,0,0
06N_PE,D,20250212,000000,24.217,24.217,23.582,24.2,0,0
06N_PE,D,20250213,000000,24.196,24.3,23.689,24.3,0,0
06N_PE,D,20250214,000000,23.709,24.301,23.709,24.3,0,0
06N_PE,D,20250217,000000,24.217,24.217,23.37,24,0,0
06N_PE,D,20250218,000000,24.217,24.217,23.37,24,0,0
06N_PE,D,20250219,000000,23.455,23.963,23.37,23.8,0,0
06N_PE,D,20250220,000000,23.37,23.836,23.37,23.8,0,0
06N_PE,D,20250221,000000,23.542,24.979,23.542,24.4,0,0
06N_PE,D,20250224,000000,24.407,24.407,23.729,24.4,0,0
06N_PE,D,20250225,000000,23.814,24.153,23.559,24,0,0
06N_PE,D,20250226,000000,24.091,24.768,23.5,24,0,0
06N_PE,D,20250227,000000,23.539,24.005,23.539,24,0,0
06N_PE,D,20250228,000000,24.005,25.233,23.582,24.5,0,0
06N_PE,D,20250303,000000,24.831,24.831,24.071,24.5,0,0
06N_PE,D,20250304,000000,24.493,24.831,23.649,24.4,0,0
06N_PE,D,20250305,000000,23.771,24.11,23.771,24,0,0
06N_PE,D,20250306,000000,23.838,24.5,23.753,24.5,0,0
06N_PE,D,20250307,000000,23.898,24.492,23.644,24.4,0,0
06N_PE,D,20250310,000000,23.729,24.746,23.729,24.5,0,0
06N_PE,D,20250311,000000,24.492,24.492,23.814,24.2,0,0
06N_PE,D,20250312,000000,24.281,24.3,23.646,24.3,0,0
06N_PE,D,20250313,000000,23.793,24.471,23.666,24.3,0,0
06N_PE,D,20250314,000000,24.303,24.429,23.88,24.3,0,0
06N_PE,D,20250317,000000,23.795,24.429,23.795,24.1,0,0
06N_PE,D,20250318,000000,23.856,24.28,23.814,24,0,0
06N_PE,D,20250319,000000,23.88,24.514,23.795,24.1,0,0
06N_PE,D,20250320,000000,24.429,24.514,23.753,23.9,0,0
06N_PE,D,20250321,000000,23.9,24.069,23.689,23.7,0,0
06N_PE,D,20250324,000000,23.709,24.005,23.455,24,0,0
06N_PE,D,20250325,000000,24.005,24.005,23.37,24,0,0
06N_PE,D,20250326,000000,23.41,24.003,23.41,24,0,0
06N_PE,D,20250327,000000,23.452,24.343,23.367,23.9,0,0
06N_PE,D,20250328,000000,23.435,24.45,23.308,24.1,0,0
06N_PE,D,20250331,000000,24.068,24.364,23.559,24.1,0,0
06N_PE,D,20250401,000000,23.898,24.153,23.22,24,0,0
06N_PE,D,20250402,000000,23.922,23.922,23.161,23.9,0,0
06N_PE,D,20250403,000000,23.39,24.068,23.136,23.305,0,0
06N_PE,D,20250404,000000,23.559,23.644,22.712,23.5,0,0
06N_PE,D,20250407,000000,22.739,23.415,22.147,22.232,0,0
06N_PE,D,20250408,000000,22.739,23.331,22.147,23.1,0,0
06N_PE,D,20250409,000000,22.504,22.758,22.166,22.5,0,0
06N_PE,D,20250410,000000,22.589,23.35,22.42,22.758,0,0
06N_PE,D,20250411,000000,22.335,22.7,22.335,22.7,0,0
06N_PE,D,20250414,000000,22.354,22.947,22.354,22.8,0,0
06N_PE,D,20250415,000000,22.797,22.797,22.288,22.5,0,0
06N_PE,D,20250416,000000,22.42,22.673,22.25,22.5,0,0
06N_PE,D,20250417,000000,22.25,23.012,22.25,22.7,0,0
06N_PE,D,20250422,000000,22.693,23.116,22.523,22.9,0,0
06N_PE,D,20250423,000000,22.561,22.646,22.3,22.3,0,0
06N_PE,D,20250424,000000,22.297,22.382,21.706,22.3,0,0
06N_PE,D,20250425,000000,22.297,22.635,22.213,22.6,0,0
06N_PE,D,20250428,000000,22.439,22.439,9.7,9.7,0,0
06N_PE,D,20250429,000000,9.552,9.7,9.552,9.7,0,0
06N_PE,D,20250430,000000,9.699,9.699,9.515,9.6,0,0
06N_PE,D,20250502,000000,9.637,9.8,9.527,9.8,0,0
06N_PE,D,20250505,000000,9.727,9.764,9.469,9.6,0,0
06N_PE,D,20250506,000000,9.638,9.638,9.49,9.6,0,0
06N_PE,D,20250507,000000,9.599,9.636,9.415,9.6,0,0
06N_PE,D,20250508,000000,9.599,9.599,9.342,9.4,0,0
06N_PE,D,20250509,000000,9.401,9.6,9.401,9.6,0,0
06N_PE,D,20250512,000000,9.601,10.303,9.527,10,0,0
06N_PE,D,20250513,000000,9.927,10.366,9.817,10.1,0,0
06N_PE,D,20250514,000000,9.805,10.246,9.658,10.1,0,0
06N_PE,D,20250515,000000,9.731,10.063,9.583,9.9,0,0
06N_PE,D,20250516,000000,9.717,9.901,9.569,9.9,0,0
06N_PE,D,20250519,000000,9.643,9.901,9.643,9.9,0,0
06N_PE,D,20250520,000000,9.789,9.974,9.531,9.9,0,0
06N_PE,D,20250521,000000,9.68,9.937,9.643,9.901,0,0
06N_PE,D,20250522,000000,9.643,9.901,9.496,9.7,0,0
06N_PE,D,20250523,000000,9.552,9.7,9.515,9.7,0,0
06N_PE,D,20250526,000000,9.699,9.846,9.552,9.7,0,0
06N_PE,D,20250527,000000,9.552,9.552,9.368,9.5,0,0
06N_PE,D,20250528,000000,9.501,43.7,9.428,43.7,0,0
06N_PE,D,20250529,000000,43.866,44.202,43.193,44,0,0
06N_PE,D,20250530,000000,44.034,44.202,43.193,43.8,0,0
06N_PE,D,20250602,000000,43.289,44.2,43.289,44.2,0,0
06N_PE,D,20250603,000000,44.37,44.37,42.857,44,0,0
06N_PE,D,20250604,000000,43.025,43.697,43,43,0,0
06N_PE,D,20250605,000000,44.034,46.387,43.025,45.2,0,0
06N_PE,D,20250606,000000,44.202,45.378,44.202,45.2,0,0
06N_PE,D,20250609,000000,45.21,45.21,44.2,44.2,0,0
06N_PE,D,20250610,000000,44.034,44.706,44.034,44.7,0,0
06N_PE,D,20250611,000000,44.706,44.706,42.689,44.5,0,0
06N_PE,D,20250612,000000,44.463,44.5,43.456,44.5,0,0
06N_PE,D,20250613,000000,44.463,44.5,43.456,44.5,0,0
06N_PE,D,20250616,000000,43.624,44.463,42.785,43.7,0,0
06N_PE,D,20250617,000000,44.37,44.538,43.697,43.8,0,0
06N_PE,D,20250618,000000,43.624,43.7,42.953,43.7,0,0
06N_PE,D,20250620,000000,43.193,43.7,43.193,43.7,0,0
06N_PE,D,20250623,000000,43.529,43.529,43.193,43.2,0,0
06N_PE,D,20250624,000000,44.034,44.034,43.361,44,0,0
06N_PE,D,20250625,000000,44.034,44.37,43.025,43.8,0,0
06N_PE,D,20250626,000000,43.624,43.8,42.953,43.8,0,0
06N_PE,D,20250627,000000,43.121,43.96,42.617,43.3,0,0
06N_PE,D,20250630,000000,42.785,43.624,42.617,43.5,0,0
06N_PE,D,20250701,000000,43.025,43.361,42.521,43.3,0,0
06N_PE,D,20250702,000000,43.121,43.3,42.617,43.3,0,0
06N_PE,D,20250703,000000,43.121,44.463,42.785,44.3,0,0
06N_PE,D,20250704,000000,44.463,44.631,43.624,43.7,0,0
06N_PE,D,20250707,000000,43.697,44.37,43.361,44.3,0,0
06N_PE,D,20250708,000000,43.289,44.799,43.121,44.2,0,0
06N_PE,D,20250709,000000,43.361,44.202,42.857,43.8,0,0
06N_PE,D,20250710,000000,43.96,43.96,42.785,43.3,0,0
06N_PE,D,20250711,000000,43.289,43.3,42.785,43.3,0,0
06N_PE,D,20250714,000000,43.289,43.5,41.946,43.5,0,0
06N_PE,D,20250715,000000,43.193,43.866,43.025,43.7,0,0
06N_PE,D,20250716,000000,43.697,43.7,42.521,43.7,0,0
06N_PE,D,20250717,000000,43.529,43.697,42.521,43.3,0,0
06N_PE,D,20250718,000000,42.617,42.8,41.946,42.8,0,0
06N_PE,D,20250721,000000,42.45,42.7,42.114,42.7,0,0
06N_PE,D,20250722,000000,42.185,42.689,42.017,42.5,0,0
06N_PE,D,20250723,000000,42.521,42.689,42,42,0,0
06N_PE,D,20250724,000000,42.017,42.689,40.336,41.6,0,0
06N_PE,D,20250725,000000,41.611,41.779,40.772,41.5,0,0
06N_PE,D,20250728,000000,40.84,41.176,40.672,41,0,0
06N_PE,D,20250729,000000,40.672,41.345,40.672,41.1,0,0
06N_PE,D,20250730,000000,40.436,42,40.436,42,0,0
06N_PE,D,20250731,000000,41.681,41.849,41.1,41.1,0,0
06N_PE,D,20250801,000000,41.107,41.946,41.107,41.5,0,0
06N_PE,D,20250804,000000,41.513,42.017,41.176,41.6,0,0
06N_PE,D,20250805,000000,41.107,41.443,41.1,41.1,0,0
06N_PE,D,20250806,000000,41.275,41.275,40.436,41.1,0,0
06N_PE,D,20250807,000000,41.107,41.107,40.436,41.1,0,0
06N_PE,D,20250808,000000,40.268,41.107,40.268,41.1,0,0
06N_PE,D,20250811,000000,41.275,41.611,41.107,41.5,0,0
06N_PE,D,20250812,000000,41.345,41.513,40.672,41.1,0,0
06N_PE,D,20250813,000000,40.604,41.107,40.436,41,0,0
06N_PE,D,20250814,000000,40.504,41.345,40.504,41.1,0,0
06N_PE,D,20250818,000000,40.436,41.107,40.268,41.1,0,0
06N_PE,D,20250819,000000,40.268,41,40.268,41,0,0
06N_PE,D,20250820,000000,40.336,41.176,40.336,41,0,0
06N_PE,D,20250821,000000,41.008,41.008,40.168,40.8,0,0
06N_PE,D,20250822,000000,40.268,40.772,39.765,40.5,0,0
06N_PE,D,20250825,000000,40.504,41.008,40,40.8,0,0
06N_PE,D,20250826,000000,40.604,40.604,39.933,40.6,0,0
06N_PE,D,20250827,000000,40.436,42.114,40.436,41.8,0,0
06N_PE,D,20250828,000000,41.611,41.611,40.436,41.3,0,0
06N_PE,D,20250829,000000,41.275,41.611,40.268,41.6,0,0
06N_PE,D,20250901,000000,40.436,41.275,40.268,41.1,0,0
06N_PE,D,20250902,000000,40.268,40.94,40.268,40.3,0,0
06N_PE,D,20250903,000000,40.268,40.8,40.101,40.8,0,0
06N_PE,D,20250904,000000,40.772,41.611,40.268,41.1,0,0
06N_PE,D,20250905,000000,40.94,42.785,40.94,42.3,0,0
06N_PE,D,20250908,000000,40.772,44.295,40.772,43.7,0,0
06N_PE,D,20250909,000000,42.857,46.555,42.857,44.7,0,0
06N_PE,D,20250910,000000,45.042,45.042,42.017,43.8,0,0
06N_PE,D,20250911,000000,43.792,44.966,43.792,44.8,0,0
06N_PE,D,20250912,000000,44.966,45.134,44.295,44.3,0,0
06N_PE,D,20250915,000000,44.295,44.295,43.121,44.2,0,0
06N_PE,D,20250916,000000,44.874,45.882,44.8,44.8,0,0
06N_PE,D,20250917,000000,45.134,45.638,44.799,45,0,0
06N_PE,D,20250918,000000,44.966,45.2,44.128,45.2,0,0
06N_PE,D,20250919,000000,44.034,45.21,44.034,45,0,0
06N_PE,D,20250922,000000,44.631,45.134,44.631,44.7,0,0
06N_PE,D,20250923,000000,44.706,45.714,44.202,44.5,0,0
06N_PE,D,20250924,000000,45.47,45.638,42.785,45.2,0,0
06N_PE,D,20250925,000000,45.042,45.21,44.034,45,0,0
06N_PE,D,20250926,000000,44.799,45.638,43.792,45,0,0
06N_PE,D,20250929,000000,45.302,45.302,44.128,44.8,0,0
06N_PE,D,20250930,000000,44.799,46.9,44.799,46.9,0,0
06N_PE,D,20251001,000000,46.891,46.891,22.1,22.1,0,0
06N_PE,D,20251002,000000,22.098,23.219,21.617,23.1,0,0
06N_PE,D,20251003,000000,23.022,24.38,22.542,23.2,0,0
06N_PE,D,20251006,000000,22.72,23,21.92,23,0,0
06N_PE,D,20251007,000000,22.756,22.756,22.115,22.3,0,0
06N_PE,D,20251008,000000,22.302,22.8,22.062,22.8,0,0
06N_PE,D,20251009,000000,22.8,22.88,22.48,22.8,0,0
06N_PE,D,20251010,000000,22.8,22.8,22.32,22.8,0,0
06N_PE,D,20251013,000000,22.8,22.8,22.32,22.7,0,0
06N_PE,D,20251014,000000,22.302,22.702,22.142,22.5,0,0
06N_PE,D,20251015,000000,22.418,22.418,21.857,22.4,0,0
06N_PE,D,20251016,000000,22.16,22.4,22,22.4,0,0
06N_PE,D,20251017,000000,22.4,22.4,22,22.4,0,0
06N_PE,D,20251020,000000,22.72,23.04,22.4,22.6,0,0
06N_PE,D,20251021,000000,22.684,23.003,22.125,23,0,0
06N_PE,D,20251022,000000,22.923,22.923,22.284,22.8,0,0
06N_PE,D,20251023,000000,22.96,22.96,22.24,22.7,0,0
06N_PE,D,20251024,000000,22.702,22.782,22.222,22.6,0,0
06N_PE,D,20251027,000000,22.676,22.676,22.276,22.6,0,0
06N_PE,D,20251028,000000,22.276,22.596,22.2,22.2,0,0
06N_PE,D,20251029,000000,22.204,24.84,22.204,24.8,0,0
06N_PE,D,20251030,000000,24.8,25.76,23.68,24.4,0,0
06N_PE,D,20251031,000000,23.84,24.72,23.84,24.56,0,0
06N_PE,D,20251103,000000,23.68,23.92,23.36,23.7,0,0
06N_PE,D,20251104,000000,23.703,23.703,23.224,23.6,0,0
06N_PE,D,20251105,000000,23.6,23.68,23.04,23.4,0,0
06N_PE,D,20251106,000000,23.323,24.361,22.684,24.3,0,0
06N_PE,D,20251107,000000,23.901,26.219,23.661,26.2,0,0
06N_PE,D,20251110,000000,26.198,26.198,25.08,25.5,0,0
06N_PE,D,20251112,000000,25.42,27.338,25.42,26,0,0
06N_PE,D,20251113,000000,26,26.4,25.36,26.2,0,0
06N_PE,D,20251114,000000,26.198,26.198,24.361,24.8,0,0
06N_PE,D,20251117,000000,24.88,24.88,24.4,24.4,0,0
06N_PE,D,20251118,000000,24.8,24.8,23.2,24,0,0
06N_PE,D,20251119,000000,24,24,23.36,23.9,0,0
06N_PE,D,20251120,000000,23.901,24,23.341,24,0,0
06N_PE,D,20251121,000000,23.52,24,23.52,24,0,0
06N_PE,D,20251124,000000,24,24.32,23.36,24.1,0,0
06N_PE,D,20251125,000000,23.304,24.1,23.304,24.1,0,0
06N_PE,D,20251126,000000,24.099,24.099,23.459,24,0,0
06N_PE,D,20251127,000000,24,25.04,23.44,24.9,0,0
06N_PE,D,20251128,000000,25.06,25.06,24.262,24.9,0,0
06N_PE,D,20251201,000000,24.9,25.2,24.421,25.2,0,0
06N_PE,D,20251202,000000,25.12,25.12,24.24,24.4,0,0
06N_PE,D,20251203,000000,23.612,24.316,23.221,24.3,0,0
06N_PE,D,20251204,000000,24.216,24.216,22.414,22.6,0,0
06N_PE,D,20251205,000000,22.518,22.518,21.423,21.5,0,0
06N_PE,D,20251208,000000,21.501,21.579,20.563,21.2,0,0
06N_PE,D,20251209,000000,21.193,21.586,20.094,20.1,0,0
06N_PE,D,20251210,000000,20.33,20.565,20.016,20.3,0,0
06N_PE,D,20251211,000000,20.063,20.611,19.984,20.6,0,0
06N_PE,D,20251212,000000,20.517,20.517,20.047,20.1,0,0
06N_PE,D,20251215,000000,19.937,20.644,19.937,20.4,0,0
06N_PE,D,20251216,000000,20.407,20.407,19.781,20.3,0,0
06N_PE,D,20251217,000000,19.749,20.298,19.436,20.1,0,0
06N_PE,D,20251218,000000,20.094,20.172,19.625,20.1,0,0
06N_PE,D,20251219,000000,20.094,20.33,19.623,20.2,0,0
06N_PE,D,20251222,000000,20.204,20.204,19.577,19.9,0,0
06N_PE,D,20251223,000000,19.671,19.984,19.044,19.122,0,0
06N_PE,D,20251229,000000,19.592,19.592,18.652,19.5,0,0
06N_PE,D,20251230,000000,19.577,19.577,19.186,19.2,0,0
06N_PE,D,20260102,000000,19.201,19.7,19.201,19.7,0,0
06N_PE,D,20260105,000000,19.623,19.859,19.466,19.8,0,0
06N_PE,D,20260107,000000,19.875,19.9,19.562,19.9,0,0
06N_PE,D,20260108,000000,19.906,19.906,19.514,19.8,0,0
06N_PE,D,20260109,000000,19.797,19.875,19.405,19.7,0,0
06N_PE,D,20260112,000000,19.78,19.78,19.545,19.7,0,0
06N_PE,D,20260113,000000,19.39,19.703,19.39,19.7,0,0
06N_PE,D,20260114,000000,19.702,19.702,19.466,19.5,0,0
06N_PE,D,20260115,000000,19.734,19.89,19.499,19.8,0,0
06N_PE,D,20260116,000000,19.718,19.8,19.484,19.8,0,0
06N_PE,D,20260119,000000,19.64,19.718,19.484,19.7,0,0
06N_PE,D,20260120,000000,19.625,20.094,19.547,19.9,0,0
06N_PE,D,20260121,000000,19.984,20.219,19.749,20.1,0,0
06N_PE,D,20260122,000000,20.016,20.1,19.703,20.1,0,0
06N_PE,D,20260123,000000,19.859,20.173,19.859,20.1,0,0
