<TICKER>,<PER>,<DATE>,<TIME>,<OPEN>,<HIGH>,<LOW>,<CLOSE>,<VOL>,<OPENINT>
4MS_PB,D,20190110,000000,7,7,7,7,0,0
4MS_PB,D,20190111,000000,7,8.34,5.66,5.66,0,0
4MS_PB,D,20190114,000000,5.75,6.33,4.34,4.34,0,0
4MS_PB,D,20190115,000000,4.34,4.48,2.66,2.66,0,0
4MS_PB,D,20190116,000000,2.66,3.15,2.66,3.15,0,0
4MS_PB,D,20190117,000000,3.29,3.5,2.17,2.17,0,0
4MS_PB,D,20190118,000000,2.17,2.45,2.1,2.38,0,0
4MS_PB,D,20190121,000000,2.45,2.59,2.24,2.59,0,0
4MS_PB,D,20190122,000000,2.66,2.66,1.61,1.61,0,0
4MS_PB,D,20190123,000000,1.47,1.82,1.47,1.68,0,0
4MS_PB,D,20190124,000000,1.61,1.75,1.54,1.61,0,0
4MS_PB,D,20190125,000000,1.68,1.68,1.12,1.12,0,0
4MS_PB,D,20190128,000000,0.91,1.12,0.84,0.91,0,0
4MS_PB,D,20190129,000000,0.91,1.05,0.91,1.05,0,0
4MS_PB,D,20190130,000000,1.05,1.19,0.91,0.98,0,0
4MS_PB,D,20190131,000000,0.91,1.05,0.91,1.05,0,0
4MS_PB,D,20190201,000000,1.05,1.12,0.98,1.05,0,0
4MS_PB,D,20190204,000000,1.12,1.12,0.98,0.98,0,0
4MS_PB,D,20190205,000000,0.98,1.05,0.98,0.98,0,0
4MS_PB,D,20190206,000000,1.05,1.05,0.91,0.98,0,0
4MS_PB,D,20190207,000000,0.98,1.05,0.91,0.98,0,0
4MS_PB,D,20190208,000000,0.98,1.05,0.91,0.98,0,0
4MS_PB,D,20190211,000000,0.98,1.26,0.98,1.12,0,0
4MS_PB,D,20190212,000000,1.19,1.19,0.98,1.12,0,0
4MS_PB,D,20190213,000000,1.05,1.19,1.05,1.12,0,0
4MS_PB,D,20190214,000000,1.19,1.4,1.12,1.4,0,0
4MS_PB,D,20190215,000000,1.4,1.68,1.4,1.61,0,0
4MS_PB,D,20190218,000000,1.61,1.75,1.4,1.4,0,0
4MS_PB,D,20190219,000000,1.47,1.61,1.4,1.61,0,0
4MS_PB,D,20190220,000000,1.61,1.68,1.4,1.47,0,0
4MS_PB,D,20190221,000000,1.47,1.89,1.47,1.82,0,0
4MS_PB,D,20190222,000000,1.82,1.96,1.75,1.89,0,0
4MS_PB,D,20190225,000000,1.96,1.96,1.68,1.68,0,0
4MS_PB,D,20190226,000000,1.68,1.82,1.68,1.75,0,0
4MS_PB,D,20190227,000000,1.75,1.82,1.61,1.68,0,0
4MS_PB,D,20190228,000000,1.61,1.68,1.54,1.68,0,0
4MS_PB,D,20190301,000000,1.54,1.61,1.4,1.47,0,0
4MS_PB,D,20190304,000000,1.33,1.4,1.23,1.4,0,0
4MS_PB,D,20190305,000000,1.34,1.44,1.33,1.42,0,0
4MS_PB,D,20190306,000000,1.42,1.61,1.42,1.53,0,0
4MS_PB,D,20190307,000000,1.54,1.63,1.47,1.61,0,0
4MS_PB,D,20190308,000000,1.61,1.61,1.55,1.56,0,0
4MS_PB,D,20190311,000000,1.6,1.6,1.48,1.59,0,0
4MS_PB,D,20190312,000000,1.59,1.59,1.49,1.58,0,0
4MS_PB,D,20190313,000000,1.54,1.59,1.44,1.5,0,0
4MS_PB,D,20190314,000000,1.41,1.5,1.41,1.5,0,0
4MS_PB,D,20190315,000000,1.49,1.5,1.42,1.49,0,0
4MS_PB,D,20190318,000000,1.49,1.49,1.43,1.48,0,0
4MS_PB,D,20190319,000000,1.48,1.63,1.48,1.63,0,0
4MS_PB,D,20190320,000000,1.61,1.85,1.61,1.8,0,0
4MS_PB,D,20190321,000000,1.8,1.86,1.68,1.69,0,0
4MS_PB,D,20190322,000000,1.54,1.66,1.5,1.55,0,0
4MS_PB,D,20190401,000000,1.68,1.75,1.61,1.74,0,0
4MS_PB,D,20190402,000000,1.75,1.79,1.61,1.65,0,0
4MS_PB,D,20190403,000000,1.65,1.7,1.58,1.61,0,0
4MS_PB,D,20190404,000000,1.63,1.66,1.54,1.58,0,0
4MS_PB,D,20190405,000000,1.6,1.61,1.54,1.56,0,0
4MS_PB,D,20190408,000000,1.65,1.65,1.41,1.47,0,0
4MS_PB,D,20190409,000000,1.19,1.26,1.19,1.22,0,0
4MS_PB,D,20190410,000000,1.21,1.22,1.12,1.22,0,0
4MS_PB,D,20190411,000000,1.22,1.22,1.1,1.17,0,0
4MS_PB,D,20190412,000000,1.16,1.16,1.11,1.12,0,0
4MS_PB,D,20190415,000000,1.09,1.11,1.03,1.03,0,0
4MS_PB,D,20190416,000000,1.07,1.07,1.02,1.02,0,0
4MS_PB,D,20190417,000000,1.07,1.07,0.99,1.04,0,0
4MS_PB,D,20190418,000000,1.03,1.07,0.95,1.07,0,0
4MS_PB,D,20190423,000000,1.07,1.07,0.99,1.02,0,0
4MS_PB,D,20190424,000000,1.02,1.05,0.98,1.05,0,0
4MS_PB,D,20190425,000000,1.07,1.07,0.96,1.04,0,0
4MS_PB,D,20190426,000000,0.97,1.02,0.96,0.98,0,0
4MS_PB,D,20190429,000000,1.05,1.05,0.93,0.93,0,0
4MS_PB,D,20190430,000000,0.93,0.93,0.85,0.88,0,0
4MS_PB,D,20190502,000000,0.88,0.98,0.88,0.98,0,0
4MS_PB,D,20190506,000000,0.98,0.99,0.93,0.99,0,0
4MS_PB,D,20190507,000000,0.99,1,0.95,0.97,0,0
4MS_PB,D,20190508,000000,0.9,0.92,0.89,0.92,0,0
4MS_PB,D,20190509,000000,0.91,0.96,0.89,0.95,0,0
4MS_PB,D,20190510,000000,0.94,0.94,0.89,0.93,0,0
4MS_PB,D,20190513,000000,0.93,1.05,0.93,1.05,0,0
4MS_PB,D,20190514,000000,1.05,1.12,0.99,1.11,0,0
4MS_PB,D,20190515,000000,1.11,1.16,1.06,1.12,0,0
4MS_PB,D,20190516,000000,1.16,1.22,1.12,1.16,0,0
4MS_PB,D,20190517,000000,1.19,1.19,1.09,1.09,0,0
4MS_PB,D,20190520,000000,1.12,1.12,1.06,1.09,0,0
4MS_PB,D,20190521,000000,1.1,1.1,1.02,1.1,0,0
4MS_PB,D,20190522,000000,1.09,1.09,1.01,1.08,0,0
4MS_PB,D,20190523,000000,1.05,1.07,0.99,1.01,0,0
4MS_PB,D,20190524,000000,1.05,1.18,1.05,1.06,0,0
4MS_PB,D,20190527,000000,1.06,1.09,1.02,1.02,0,0
4MS_PB,D,20190528,000000,0.97,1.09,0.94,1.05,0,0
4MS_PB,D,20190529,000000,1.05,1.05,0.99,1.05,0,0
4MS_PB,D,20190530,000000,1.04,1.04,0.94,0.98,0,0
4MS_PB,D,20190531,000000,0.94,1,0.91,1,0,0
4MS_PB,D,20190603,000000,0.92,0.99,0.92,0.92,0,0
4MS_PB,D,20190604,000000,0.87,0.9,0.86,0.89,0,0
4MS_PB,D,20190605,000000,0.82,0.9,0.82,0.89,0,0
4MS_PB,D,20190606,000000,0.83,0.89,0.83,0.85,0,0
4MS_PB,D,20190607,000000,0.83,0.86,0.66,0.8,0,0
4MS_PB,D,20190610,000000,0.86,0.96,0.86,0.93,0,0
4MS_PB,D,20190611,000000,0.93,0.93,0.87,0.93,0,0
4MS_PB,D,20190612,000000,0.95,0.96,0.86,0.87,0,0
4MS_PB,D,20190613,000000,0.86,0.91,0.84,0.87,0,0
4MS_PB,D,20190614,000000,0.9,0.9,0.83,0.83,0,0
4MS_PB,D,20190617,000000,0.83,0.89,0.81,0.84,0,0
4MS_PB,D,20190618,000000,0.81,0.88,0.81,0.86,0,0
4MS_PB,D,20190619,000000,0.82,0.89,0.82,0.89,0,0
4MS_PB,D,20190621,000000,0.86,0.92,0.86,0.89,0,0
4MS_PB,D,20190624,000000,0.89,0.89,0.87,0.89,0,0
4MS_PB,D,20190625,000000,0.89,1.06,0.89,1.06,0,0
4MS_PB,D,20190626,000000,1.07,1.12,1.03,1.12,0,0
4MS_PB,D,20190627,000000,1.12,1.12,0.96,0.99,0,0
4MS_PB,D,20190628,000000,0.98,1.05,0.98,1.02,0,0
4MS_PB,D,20190701,000000,1.03,1.03,0.96,1.01,0,0
4MS_PB,D,20190702,000000,1.01,1.01,0.92,0.93,0,0
4MS_PB,D,20190703,000000,0.93,0.99,0.9,0.95,0,0
4MS_PB,D,20190704,000000,1.01,1.01,0.92,0.98,0,0
4MS_PB,D,20190705,000000,0.98,1.01,0.98,1.01,0,0
4MS_PB,D,20190708,000000,0.94,1,0.92,1,0,0
4MS_PB,D,20190709,000000,1,1,0.93,0.98,0,0
4MS_PB,D,20190710,000000,0.94,0.98,0.91,0.98,0,0
4MS_PB,D,20190711,000000,0.98,0.98,0.92,0.97,0,0
4MS_PB,D,20190712,000000,0.92,0.97,0.92,0.97,0,0
4MS_PB,D,20190715,000000,0.92,0.92,0.91,0.91,0,0
4MS_PB,D,20190716,000000,0.91,0.92,0.87,0.87,0,0
4MS_PB,D,20190717,000000,0.93,0.93,0.86,0.89,0,0
4MS_PB,D,20190718,000000,0.79,0.89,0.79,0.86,0,0
4MS_PB,D,20190719,000000,0.83,0.89,0.83,0.89,0,0
4MS_PB,D,20190722,000000,0.89,1.01,0.89,0.99,0,0
4MS_PB,D,20190723,000000,1.01,1.01,0.93,0.94,0,0
4MS_PB,D,20190724,000000,0.96,0.98,0.89,0.89,0,0
4MS_PB,D,20190725,000000,0.86,0.95,0.86,0.87,0,0
4MS_PB,D,20190726,000000,0.89,0.92,0.89,0.92,0,0
4MS_PB,D,20190729,000000,0.89,0.97,0.89,0.92,0,0
4MS_PB,D,20190730,000000,0.92,0.96,0.89,0.89,0,0
4MS_PB,D,20190731,000000,0.89,0.96,0.87,0.88,0,0
4MS_PB,D,20190801,000000,0.9,0.9,0.86,0.86,0,0
4MS_PB,D,20190802,000000,0.86,0.89,0.86,0.89,0,0
4MS_PB,D,20190805,000000,0.86,0.89,0.86,0.89,0,0
4MS_PB,D,20190806,000000,0.92,0.92,0.87,0.87,0,0
4MS_PB,D,20190807,000000,0.86,0.9,0.86,0.86,0,0
4MS_PB,D,20190808,000000,0.9,0.9,0.88,0.88,0,0
4MS_PB,D,20190809,000000,0.9,1.77,0.88,1.77,0,0
4MS_PB,D,20190812,000000,1.79,1.83,1.73,1.83,0,0
4MS_PB,D,20190813,000000,1.83,1.97,1.78,1.96,0,0
4MS_PB,D,20190814,000000,1.95,2.28,1.74,1.9,0,0
4MS_PB,D,20190816,000000,1.83,2.18,1.71,2.18,0,0
4MS_PB,D,20190819,000000,2.2,2.24,2.11,2.2,0,0
4MS_PB,D,20190820,000000,2.11,2.16,2.02,2.09,0,0
4MS_PB,D,20190821,000000,1.99,2.1,1.99,2.1,0,0
4MS_PB,D,20190822,000000,2.09,2.09,2.01,2.08,0,0
4MS_PB,D,20190823,000000,2.02,2.07,1.97,2.06,0,0
4MS_PB,D,20190826,000000,2.04,2.04,2.04,2.04,0,0
4MS_PB,D,20190828,000000,2.04,2.18,2.04,2.17,0,0
4MS_PB,D,20190829,000000,2.01,2.1,1.97,2.1,0,0
4MS_PB,D,20190830,000000,2.1,2.1,1.94,2.05,0,0
4MS_PB,D,20190902,000000,1.94,2.02,1.94,2.02,0,0
4MS_PB,D,20190903,000000,1.97,2.08,1.97,2.05,0,0
4MS_PB,D,20190904,000000,2.03,2.09,2.03,2.09,0,0
4MS_PB,D,20190905,000000,2.05,2.05,1.99,2.05,0,0
4MS_PB,D,20190906,000000,2.02,2.02,1.94,1.94,0,0
4MS_PB,D,20190909,000000,2.05,2.18,1.96,2.02,0,0
4MS_PB,D,20190910,000000,2.15,2.15,2.14,2.14,0,0
4MS_PB,D,20190911,000000,2.14,2.14,2.14,2.14,0,0
4MS_PB,D,20190912,000000,2.16,2.16,1.99,2.01,0,0
4MS_PB,D,20190913,000000,2.08,2.15,2.08,2.15,0,0
4MS_PB,D,20190916,000000,1.98,2.12,1.98,2.12,0,0
4MS_PB,D,20190918,000000,1.96,2.1,1.96,2.02,0,0
4MS_PB,D,20190919,000000,1.97,2.1,1.95,2.02,0,0
4MS_PB,D,20190920,000000,2.02,2.05,1.95,2.05,0,0
4MS_PB,D,20190923,000000,1.95,2.09,1.95,2.09,0,0
4MS_PB,D,20190924,000000,2.01,2.09,2.01,2.09,0,0
4MS_PB,D,20190925,000000,1.95,2.02,1.94,2.02,0,0
4MS_PB,D,20190926,000000,2.02,2.02,1.91,2.01,0,0
4MS_PB,D,20190927,000000,2.01,2.01,1.88,2.01,0,0
4MS_PB,D,20190930,000000,1.89,1.89,1.86,1.88,0,0
4MS_PB,D,20191001,000000,1.88,2.08,1.8,1.94,0,0
4MS_PB,D,20191002,000000,2.05,2.05,1.86,1.91,0,0
4MS_PB,D,20191003,000000,1.94,1.94,1.94,1.94,0,0
4MS_PB,D,20191004,000000,1.86,2,1.83,2,0,0
4MS_PB,D,20191007,000000,1.94,2,1.87,1.99,0,0
4MS_PB,D,20191008,000000,2.02,2.05,2.01,2.05,0,0
4MS_PB,D,20191009,000000,1.94,2.04,1.83,2.02,0,0
4MS_PB,D,20191010,000000,1.82,1.92,1.78,1.92,0,0
4MS_PB,D,20191011,000000,2.02,2.02,2.02,2.02,0,0
4MS_PB,D,20191015,000000,1.83,2.01,1.83,1.96,0,0
4MS_PB,D,20191016,000000,1.96,1.96,1.85,1.94,0,0
4MS_PB,D,20191017,000000,1.86,2.01,1.86,2.01,0,0
4MS_PB,D,20191018,000000,1.86,2.01,1.86,1.89,0,0
4MS_PB,D,20191021,000000,1.87,2,1.81,1.94,0,0
4MS_PB,D,20191022,000000,1.88,1.92,1.88,1.92,0,0
4MS_PB,D,20191023,000000,1.86,1.92,1.86,1.92,0,0
4MS_PB,D,20191024,000000,1.92,1.94,1.91,1.94,0,0
4MS_PB,D,20191025,000000,1.94,1.94,1.94,1.94,0,0
4MS_PB,D,20191028,000000,1.85,1.94,1.81,1.89,0,0
4MS_PB,D,20191029,000000,1.89,1.89,1.89,1.89,0,0
4MS_PB,D,20191030,000000,1.82,1.93,1.79,1.84,0,0
4MS_PB,D,20191031,000000,1.86,1.86,1.8,1.86,0,0
4MS_PB,D,20191104,000000,1.86,2.18,1.86,2.1,0,0
4MS_PB,D,20191105,000000,2.1,2.15,2.04,2.15,0,0
4MS_PB,D,20191106,000000,2.04,2.15,2.04,2.13,0,0
4MS_PB,D,20191107,000000,2.13,2.13,2.13,2.13,0,0
4MS_PB,D,20191108,000000,2.12,2.12,1.94,2.1,0,0
4MS_PB,D,20191112,000000,2.1,2.34,2.1,2.3,0,0
4MS_PB,D,20191113,000000,2.33,2.33,2.18,2.29,0,0
4MS_PB,D,20191114,000000,2.29,2.29,1.97,1.97,0,0
4MS_PB,D,20191115,000000,1.86,2.18,1.86,2.13,0,0
4MS_PB,D,20191118,000000,1.88,2.1,1.88,2.1,0,0
4MS_PB,D,20191119,000000,1.94,2.14,1.88,2.14,0,0
4MS_PB,D,20191120,000000,2.16,2.16,1.29,1.29,0,0
4MS_PB,D,20191121,000000,1.22,1.28,1.22,1.28,0,0
4MS_PB,D,20191122,000000,1.29,1.29,1.17,1.26,0,0
4MS_PB,D,20191125,000000,1.21,1.25,1.14,1.25,0,0
4MS_PB,D,20191126,000000,1.33,1.4,1.21,1.29,0,0
4MS_PB,D,20191127,000000,1.29,1.29,1.21,1.26,0,0
4MS_PB,D,20191128,000000,1.21,1.29,1.16,1.29,0,0
4MS_PB,D,20191129,000000,1.25,1.26,1.19,1.22,0,0
4MS_PB,D,20191202,000000,1.21,1.21,1.21,1.21,0,0
4MS_PB,D,20191203,000000,1.25,1.25,1.17,1.25,0,0
4MS_PB,D,20191204,000000,1.16,1.21,1.13,1.16,0,0
4MS_PB,D,20191205,000000,1.18,1.38,1.18,1.29,0,0
4MS_PB,D,20191206,000000,1.25,1.29,1.17,1.27,0,0
4MS_PB,D,20191210,000000,1.21,1.35,1.21,1.24,0,0
4MS_PB,D,20191211,000000,1.35,1.35,1.25,1.25,0,0
4MS_PB,D,20191212,000000,1.25,1.31,1.23,1.23,0,0
4MS_PB,D,20191213,000000,1.22,1.26,1.18,1.23,0,0
4MS_PB,D,20191216,000000,1.18,1.21,1.16,1.21,0,0
4MS_PB,D,20191217,000000,1.21,1.21,1.16,1.17,0,0
4MS_PB,D,20191218,000000,1.18,1.35,1.14,1.18,0,0
4MS_PB,D,20191219,000000,1.2,1.24,1.16,1.24,0,0
4MS_PB,D,20191220,000000,1.27,1.35,1.22,1.25,0,0
4MS_PB,D,20191223,000000,1.32,1.32,1.18,1.2,0,0
4MS_PB,D,20191227,000000,1.21,1.26,1.21,1.21,0,0
4MS_PB,D,20191230,000000,1.26,1.3,1.21,1.3,0,0
4MS_PB,D,20200102,000000,1.26,1.29,1.21,1.22,0,0
4MS_PB,D,20200103,000000,1.28,1.29,1.28,1.29,0,0
4MS_PB,D,20200107,000000,1.26,1.59,1.26,1.59,0,0
4MS_PB,D,20200108,000000,1.6,1.6,1.5,1.58,0,0
4MS_PB,D,20200109,000000,1.58,1.58,1.46,1.54,0,0
4MS_PB,D,20200110,000000,1.47,1.54,1.46,1.54,0,0
4MS_PB,D,20200113,000000,1.54,1.59,1.5,1.58,0,0
4MS_PB,D,20200114,000000,1.57,1.9,1.51,1.89,0,0
4MS_PB,D,20200115,000000,1.85,1.96,1.8,1.93,0,0
4MS_PB,D,20200116,000000,2.14,2.14,1.87,1.96,0,0
4MS_PB,D,20200117,000000,2.02,2.85,2.02,2.7,0,0
4MS_PB,D,20200120,000000,2.78,2.82,2.41,2.52,0,0
4MS_PB,D,20200121,000000,2.5,2.62,2.24,2.24,0,0
4MS_PB,D,20200122,000000,2.16,2.31,2.01,2.14,0,0
4MS_PB,D,20200123,000000,2.14,2.18,1.94,2.07,0,0
4MS_PB,D,20200124,000000,2.04,2.06,1.93,2.02,0,0
4MS_PB,D,20200127,000000,2.02,2.02,1.9,1.98,0,0
4MS_PB,D,20200128,000000,1.96,1.96,1.86,1.9,0,0
4MS_PB,D,20200129,000000,1.86,1.93,1.74,1.79,0,0
4MS_PB,D,20200130,000000,1.83,1.95,1.79,1.9,0,0
4MS_PB,D,20200131,000000,1.92,2.07,1.88,1.99,0,0
4MS_PB,D,20200203,000000,1.88,2.02,1.81,1.83,0,0
4MS_PB,D,20200204,000000,1.95,1.95,1.76,1.88,0,0
4MS_PB,D,20200205,000000,1.87,2.07,1.87,1.96,0,0
4MS_PB,D,20200206,000000,1.88,1.98,1.85,1.98,0,0
4MS_PB,D,20200207,000000,1.98,1.98,1.85,1.91,0,0
4MS_PB,D,20200210,000000,1.88,1.96,1.85,1.94,0,0
4MS_PB,D,20200211,000000,1.98,1.98,1.88,1.93,0,0
4MS_PB,D,20200212,000000,1.87,2.02,1.87,2.01,0,0
4MS_PB,D,20200213,000000,2.02,2.02,1.85,1.92,0,0
4MS_PB,D,20200214,000000,1.86,1.92,1.86,1.89,0,0
4MS_PB,D,20200217,000000,1.86,1.91,1.85,1.9,0,0
4MS_PB,D,20200218,000000,1.9,1.9,1.83,1.9,0,0
4MS_PB,D,20200219,000000,1.83,1.9,1.79,1.79,0,0
4MS_PB,D,20200220,000000,1.9,1.9,1.67,1.79,0,0
4MS_PB,D,20200221,000000,1.79,1.9,1.7,1.89,0,0
4MS_PB,D,20200224,000000,1.89,2.01,1.75,1.95,0,0
4MS_PB,D,20200225,000000,1.94,1.94,1.77,1.89,0,0
4MS_PB,D,20200226,000000,1.79,1.81,1.68,1.79,0,0
4MS_PB,D,20200227,000000,1.79,1.89,1.69,1.79,0,0
4MS_PB,D,20200228,000000,1.67,1.87,1.59,1.69,0,0
4MS_PB,D,20200302,000000,1.64,1.73,1.59,1.73,0,0
4MS_PB,D,20200303,000000,1.73,1.77,1.64,1.76,0,0
4MS_PB,D,20200304,000000,1.76,1.83,1.66,1.83,0,0
4MS_PB,D,20200305,000000,1.83,1.83,1.71,1.77,0,0
4MS_PB,D,20200306,000000,1.71,1.77,1.66,1.75,0,0
4MS_PB,D,20200309,000000,1.61,1.72,1.49,1.68,0,0
4MS_PB,D,20200310,000000,1.54,1.7,1.54,1.62,0,0
4MS_PB,D,20200311,000000,1.55,1.58,1.4,1.56,0,0
4MS_PB,D,20200312,000000,1.34,1.4,1.14,1.22,0,0
4MS_PB,D,20200313,000000,1.22,1.46,1.22,1.28,0,0
4MS_PB,D,20200316,000000,1.51,1.51,1.22,1.38,0,0
4MS_PB,D,20200317,000000,1.23,1.46,1.23,1.34,0,0
4MS_PB,D,20200318,000000,1.46,1.46,1.34,1.36,0,0
4MS_PB,D,20200319,000000,1.28,1.46,1.28,1.46,0,0
4MS_PB,D,20200320,000000,1.34,1.46,1.34,1.45,0,0
4MS_PB,D,20200323,000000,1.4,1.4,1.04,1.04,0,0
4MS_PB,D,20200324,000000,1.1,1.1,0.98,1.03,0,0
4MS_PB,D,20200325,000000,1.03,1.12,0.98,1.12,0,0
4MS_PB,D,20200326,000000,1.06,1.12,1.03,1.04,0,0
4MS_PB,D,20200327,000000,1.12,1.12,0.92,1.07,0,0
4MS_PB,D,20200330,000000,1.08,1.1,0.96,0.96,0,0
4MS_PB,D,20200331,000000,0.96,1.15,0.96,1.08,0,0
4MS_PB,D,20200401,000000,1.13,1.13,1.01,1.1,0,0
4MS_PB,D,20200402,000000,1.37,1.87,1.37,1.76,0,0
4MS_PB,D,20200403,000000,1.77,1.82,1.56,1.63,0,0
4MS_PB,D,20200406,000000,1.59,1.87,1.47,1.87,0,0
4MS_PB,D,20200407,000000,1.87,1.87,1.63,1.72,0,0
4MS_PB,D,20200408,000000,1.68,1.68,1.59,1.62,0,0
4MS_PB,D,20200409,000000,1.58,1.64,1.51,1.64,0,0
4MS_PB,D,20200414,000000,1.64,1.64,1.34,1.58,0,0
4MS_PB,D,20200415,000000,1.49,1.55,1.47,1.53,0,0
4MS_PB,D,20200416,000000,1.45,1.52,1.37,1.49,0,0
4MS_PB,D,20200417,000000,1.44,1.53,1.39,1.5,0,0
4MS_PB,D,20200420,000000,1.5,1.52,1.4,1.46,0,0
4MS_PB,D,20200421,000000,1.4,1.47,1.31,1.33,0,0
4MS_PB,D,20200422,000000,1.29,1.38,1.29,1.38,0,0
4MS_PB,D,20200423,000000,1.39,1.39,1.28,1.36,0,0
4MS_PB,D,20200424,000000,1.35,1.62,1.3,1.59,0,0
4MS_PB,D,20200427,000000,1.63,1.77,1.48,1.67,0,0
4MS_PB,D,20200428,000000,1.48,1.62,1.48,1.54,0,0
4MS_PB,D,20200429,000000,1.62,1.64,1.51,1.62,0,0
4MS_PB,D,20200430,000000,1.52,1.57,1.43,1.49,0,0
4MS_PB,D,20200504,000000,1.48,1.6,1.4,1.51,0,0
4MS_PB,D,20200505,000000,1.51,1.54,1.42,1.49,0,0
4MS_PB,D,20200506,000000,1.49,1.53,1.39,1.39,0,0
4MS_PB,D,20200507,000000,1.44,1.52,1.38,1.52,0,0
4MS_PB,D,20200508,000000,1.22,1.42,1.22,1.42,0,0
4MS_PB,D,20200511,000000,1.47,1.49,1.37,1.37,0,0
4MS_PB,D,20200512,000000,1.37,1.45,1.34,1.4,0,0
4MS_PB,D,20200513,000000,1.4,1.42,1.36,1.41,0,0
4MS_PB,D,20200514,000000,1.4,1.4,1.3,1.39,0,0
4MS_PB,D,20200515,000000,1.52,1.56,1.4,1.42,0,0
4MS_PB,D,20200518,000000,1.46,1.46,1.25,1.25,0,0
4MS_PB,D,20200519,000000,1.24,1.27,1.23,1.24,0,0
4MS_PB,D,20200520,000000,1.21,1.25,1.2,1.25,0,0
4MS_PB,D,20200521,000000,1.28,1.28,1.17,1.22,0,0
4MS_PB,D,20200522,000000,1.24,1.25,1.21,1.24,0,0
4MS_PB,D,20200525,000000,1.29,1.3,1.23,1.28,0,0
4MS_PB,D,20200526,000000,1.27,1.27,1.21,1.25,0,0
4MS_PB,D,20200527,000000,1.26,1.26,1.21,1.23,0,0
4MS_PB,D,20200528,000000,1.24,1.24,1.15,1.2,0,0
4MS_PB,D,20200529,000000,1.2,1.2,1.16,1.19,0,0
4MS_PB,D,20200601,000000,1.17,1.24,1.17,1.22,0,0
4MS_PB,D,20200602,000000,1.21,1.24,1.18,1.19,0,0
4MS_PB,D,20200603,000000,1.19,1.24,1.18,1.24,0,0
4MS_PB,D,20200604,000000,1.22,1.38,1.22,1.38,0,0
4MS_PB,D,20200605,000000,1.39,1.52,1.32,1.39,0,0
4MS_PB,D,20200608,000000,1.42,1.46,1.38,1.45,0,0
4MS_PB,D,20200609,000000,1.42,1.49,1.38,1.41,0,0
4MS_PB,D,20200610,000000,1.41,1.44,1.37,1.37,0,0
4MS_PB,D,20200612,000000,1.37,1.37,1.32,1.36,0,0
4MS_PB,D,20200615,000000,1.38,1.38,1.32,1.32,0,0
4MS_PB,D,20200616,000000,1.38,1.38,1.38,1.38,0,0
4MS_PB,D,20200617,000000,1.41,1.44,1.36,1.41,0,0
4MS_PB,D,20200618,000000,1.4,1.42,1.37,1.41,0,0
4MS_PB,D,20200619,000000,1.41,1.5,1.41,1.47,0,0
4MS_PB,D,20200622,000000,1.47,1.47,1.4,1.44,0,0
4MS_PB,D,20200623,000000,1.52,1.52,1.45,1.49,0,0
4MS_PB,D,20200624,000000,1.51,1.98,1.51,1.8,0,0
4MS_PB,D,20200625,000000,1.89,1.99,1.71,1.71,0,0
4MS_PB,D,20200626,000000,1.73,1.83,1.73,1.81,0,0
4MS_PB,D,20200629,000000,1.83,2.09,1.83,2,0,0
4MS_PB,D,20200630,000000,2,2.05,1.65,1.66,0,0
4MS_PB,D,20200701,000000,1.61,1.76,1.61,1.75,0,0
4MS_PB,D,20200702,000000,1.66,1.96,1.66,1.82,0,0
4MS_PB,D,20200703,000000,1.84,1.99,1.84,1.96,0,0
4MS_PB,D,20200706,000000,1.94,2.18,1.94,2.1,0,0
4MS_PB,D,20200707,000000,2.18,2.23,2.05,2.12,0,0
4MS_PB,D,20200708,000000,2.17,3.11,2.17,3.11,0,0
4MS_PB,D,20200709,000000,4.74,5.69,4.74,5.69,0,0
4MS_PB,D,20200710,000000,7.58,8.72,5.42,5.97,0,0
4MS_PB,D,20200713,000000,6.64,7.74,5.4,7.58,0,0
4MS_PB,D,20200714,000000,7.22,9.37,7.21,8.53,0,0
4MS_PB,D,20200715,000000,9.25,9.48,7.95,8.48,0,0
4MS_PB,D,20200716,000000,8.82,8.82,8.17,8.19,0,0
4MS_PB,D,20200717,000000,8.15,8.15,7.51,7.91,0,0
4MS_PB,D,20200720,000000,7.96,10.05,7.96,10.05,0,0
4MS_PB,D,20200721,000000,13.27,14.22,13.27,14.22,0,0
4MS_PB,D,20200723,000000,19.91,19.91,17.35,18.01,0,0
4MS_PB,D,20200724,000000,18.11,21.33,18.01,20.57,0,0
4MS_PB,D,20200727,000000,22.28,27.02,22.28,27.02,0,0
4MS_PB,D,20200728,000000,30.53,36.98,30.53,36.98,0,0
4MS_PB,D,20200729,000000,36.6,39.82,31.38,32.71,0,0
4MS_PB,D,20200730,000000,29.86,29.86,20.38,20.38,0,0
4MS_PB,D,20200731,000000,20.38,29.2,20.38,28.92,0,0
4MS_PB,D,20200803,000000,34.13,36.31,32.8,35.08,0,0
4MS_PB,D,20200804,000000,33.18,35.65,30.34,33.18,0,0
4MS_PB,D,20200805,000000,32.8,32.8,25.5,27.49,0,0
4MS_PB,D,20200806,000000,26.83,26.83,19.91,21.71,0,0
4MS_PB,D,20200807,000000,19.06,26.26,15.93,21.62,0,0
4MS_PB,D,20200810,000000,18.01,18.01,10.79,10.79,0,0
4MS_PB,D,20200811,000000,11.59,13.48,8.81,10.29,0,0
4MS_PB,D,20200812,000000,9.89,9.89,7.1,7.5,0,0
4MS_PB,D,20200813,000000,7.55,8.88,7.55,8.18,0,0
4MS_PB,D,20200814,000000,7.66,10.88,7.28,10.88,0,0
4MS_PB,D,20200817,000000,10.61,10.79,9.71,10.16,0,0
4MS_PB,D,20200818,000000,9.8,9.8,8.45,8.45,0,0
4MS_PB,D,20200819,000000,8.54,8.99,8.38,8.68,0,0
4MS_PB,D,20200820,000000,8.74,8.74,7.6,7.75,0,0
4MS_PB,D,20200821,000000,7.77,9.3,7.28,8.81,0,0
4MS_PB,D,20200824,000000,9.3,9.53,8.72,8.72,0,0
4MS_PB,D,20200825,000000,8.72,8.72,8,8,0,0
4MS_PB,D,20200826,000000,8.09,8.81,7.93,8.7,0,0
4MS_PB,D,20200827,000000,8.99,9.12,8.36,8.36,0,0
4MS_PB,D,20200828,000000,8.36,9.08,8.18,8.61,0,0
4MS_PB,D,20200831,000000,8.93,9.08,8.47,8.59,0,0
4MS_PB,D,20200901,000000,8.45,8.45,8.04,8.09,0,0
4MS_PB,D,20200902,000000,8.09,8.83,7.91,8.04,0,0
4MS_PB,D,20200903,000000,8.09,8.23,7.84,7.91,0,0
4MS_PB,D,20200904,000000,7.75,7.75,7.14,7.28,0,0
4MS_PB,D,20200907,000000,7.19,7.26,5.93,6.06,0,0
4MS_PB,D,20200908,000000,6.02,6.02,4.13,5,0,0
4MS_PB,D,20200909,000000,4.67,6.56,4.67,6.56,0,0
4MS_PB,D,20200910,000000,6.83,6.96,6.11,6.38,0,0
4MS_PB,D,20200911,000000,6.2,6.63,6.2,6.29,0,0
4MS_PB,D,20200914,000000,6.2,6.24,5.9,5.9,0,0
4MS_PB,D,20200915,000000,5.9,5.9,5.43,5.52,0,0
4MS_PB,D,20200916,000000,5.39,6.63,5.39,6.29,0,0
4MS_PB,D,20200917,000000,6.27,6.49,6.02,6.11,0,0
4MS_PB,D,20200918,000000,6.11,6.44,6.02,6.31,0,0
4MS_PB,D,20200921,000000,6.38,6.69,6.22,6.22,0,0
4MS_PB,D,20200922,000000,6.38,7.66,6.15,7.01,0,0
4MS_PB,D,20200923,000000,7.01,7.28,6.54,7.1,0,0
4MS_PB,D,20200924,000000,7.19,8.36,6.83,7.73,0,0
4MS_PB,D,20200925,000000,7.68,8.27,7.68,8.11,0,0
4MS_PB,D,20200928,000000,8,8.5,7.75,8.04,0,0
4MS_PB,D,20200929,000000,8.25,8.25,7.39,7.69,0,0
4MS_PB,D,20200930,000000,7.62,7.62,7.01,7.19,0,0
4MS_PB,D,20201001,000000,7.19,7.39,6.83,7.28,0,0
4MS_PB,D,20201002,000000,7.19,7.19,6.87,6.97,0,0
4MS_PB,D,20201005,000000,6.92,7.14,6.52,6.78,0,0
4MS_PB,D,20201006,000000,6.58,7.05,6.58,6.65,0,0
4MS_PB,D,20201007,000000,6.65,7.06,6.52,6.74,0,0
4MS_PB,D,20201008,000000,6.88,10.07,6.87,10.07,0,0
4MS_PB,D,20201009,000000,11.68,14.02,11.55,11.82,0,0
4MS_PB,D,20201012,000000,12.49,12.49,7.87,8.72,0,0
4MS_PB,D,20201013,000000,8.81,8.83,7.73,8.61,0,0
4MS_PB,D,20201014,000000,8.9,10.07,8.45,9.53,0,0
4MS_PB,D,20201015,000000,9.8,9.8,8.66,8.66,0,0
4MS_PB,D,20201016,000000,8.63,9.44,8.63,9.08,0,0
4MS_PB,D,20201019,000000,7.91,8.49,7.91,8.14,0,0
4MS_PB,D,20201020,000000,8.13,8.43,7.86,7.86,0,0
4MS_PB,D,20201021,000000,8,8.14,7.1,7.19,0,0
4MS_PB,D,20201022,000000,6.97,7.94,6.96,7.73,0,0
4MS_PB,D,20201023,000000,7.94,8,7.59,7.73,0,0
4MS_PB,D,20201026,000000,7.46,7.46,6.74,6.88,0,0
4MS_PB,D,20201027,000000,6.88,6.9,6.42,6.47,0,0
4MS_PB,D,20201028,000000,6.38,6.38,5.1,5.66,0,0
4MS_PB,D,20201029,000000,5.66,6.11,5.21,5.66,0,0
4MS_PB,D,20201030,000000,5.45,5.55,5.3,5.38,0,0
4MS_PB,D,20201102,000000,5.36,6.15,5.36,5.59,0,0
4MS_PB,D,20201103,000000,5.7,6.02,5.7,5.77,0,0
4MS_PB,D,20201104,000000,5.86,6.02,5.5,5.66,0,0
4MS_PB,D,20201105,000000,5.81,6.2,5.72,6.09,0,0
4MS_PB,D,20201106,000000,6.11,6.42,5.9,6.08,0,0
4MS_PB,D,20201109,000000,6.09,6.2,4.89,5.39,0,0
4MS_PB,D,20201110,000000,5.32,5.32,4.93,5.29,0,0
4MS_PB,D,20201112,000000,5.39,6.35,5.3,6.27,0,0
4MS_PB,D,20201113,000000,6.44,6.81,5.41,5.64,0,0
4MS_PB,D,20201116,000000,5.66,5.66,4.93,4.93,0,0
4MS_PB,D,20201117,000000,5,5.16,4.56,5.16,0,0
4MS_PB,D,20201118,000000,4.89,6.24,4.89,6.24,0,0
4MS_PB,D,20201119,000000,6.31,6.31,6.02,6.11,0,0
4MS_PB,D,20201120,000000,6.13,6.13,5.84,5.98,0,0
4MS_PB,D,20201123,000000,6,6.13,5.89,6.02,0,0
4MS_PB,D,20201124,000000,6,6.15,5.91,5.98,0,0
4MS_PB,D,20201125,000000,6.02,6.09,5.71,5.8,0,0
4MS_PB,D,20201126,000000,5.8,5.8,5.44,5.5,0,0
4MS_PB,D,20201127,000000,5.35,5.73,5.28,5.73,0,0
4MS_PB,D,20201130,000000,5.69,5.8,5.55,5.66,0,0
4MS_PB,D,20201201,000000,5.41,5.57,5.36,5.43,0,0
4MS_PB,D,20201202,000000,5.43,5.45,5.31,5.35,0,0
4MS_PB,D,20201203,000000,5.43,5.44,5.25,5.3,0,0
4MS_PB,D,20201204,000000,5.17,5.24,4.91,4.97,0,0
4MS_PB,D,20201207,000000,4.95,4.95,4.47,4.68,0,0
4MS_PB,D,20201208,000000,4.68,5.62,4.68,5.4,0,0
4MS_PB,D,20201209,000000,5.57,5.6,5.15,5.23,0,0
4MS_PB,D,20201210,000000,5.23,5.23,4.7,4.79,0,0
4MS_PB,D,20201211,000000,4.74,4.83,4.48,4.57,0,0
4MS_PB,D,20201214,000000,4.51,4.51,3.98,4.01,0,0
4MS_PB,D,20201215,000000,3.9,4.57,3.9,4.56,0,0
4MS_PB,D,20201216,000000,4.63,4.63,4.12,4.12,0,0
4MS_PB,D,20201217,000000,3.57,4.07,3.57,4.07,0,0
4MS_PB,D,20201218,000000,4.57,4.57,3.79,3.86,0,0
4MS_PB,D,20201221,000000,3.68,3.68,3.43,3.53,0,0
4MS_PB,D,20201222,000000,3.52,3.52,3.28,3.29,0,0
4MS_PB,D,20201223,000000,3.28,3.28,3.01,3.07,0,0
4MS_PB,D,20201228,000000,3.01,3.01,2.7,2.88,0,0
4MS_PB,D,20201229,000000,2.89,3.19,2.83,3.11,0,0
4MS_PB,D,20201230,000000,3.18,3.18,2.92,2.95,0,0
4MS_PB,D,20210104,000000,3.01,3.09,2.93,3.02,0,0
4MS_PB,D,20210105,000000,3.03,4,2.91,3.87,0,0
4MS_PB,D,20210107,000000,3.92,5.41,3.51,5.35,0,0
4MS_PB,D,20210108,000000,5.52,5.69,4.97,5.32,0,0
4MS_PB,D,20210111,000000,5.35,5.4,4.95,4.95,0,0
4MS_PB,D,20210112,000000,4.72,5.07,4.54,4.91,0,0
4MS_PB,D,20210113,000000,5.02,5.02,4.59,4.82,0,0
4MS_PB,D,20210114,000000,4.83,4.99,4.68,4.73,0,0
4MS_PB,D,20210115,000000,4.85,4.85,4.6,4.64,0,0
4MS_PB,D,20210118,000000,4.7,4.77,4.53,4.57,0,0
4MS_PB,D,20210119,000000,4.63,4.74,4.35,4.65,0,0
4MS_PB,D,20210120,000000,4.65,4.85,4.56,4.68,0,0
4MS_PB,D,20210121,000000,4.69,4.69,4.39,4.4,0,0
4MS_PB,D,20210122,000000,4.45,4.45,4.12,4.29,0,0
4MS_PB,D,20210125,000000,4.39,4.54,4.3,4.4,0,0
4MS_PB,D,20210126,000000,4.46,4.57,4.24,4.57,0,0
4MS_PB,D,20210127,000000,4.67,5.71,4.48,5.33,0,0
4MS_PB,D,20210128,000000,5.33,5.33,4.82,4.91,0,0
4MS_PB,D,20210129,000000,4.96,4.96,4.36,4.5,0,0
4MS_PB,D,20210201,000000,4.51,4.78,4.51,4.55,0,0
4MS_PB,D,20210202,000000,4.55,4.66,4.45,4.5,0,0
4MS_PB,D,20210203,000000,4.56,5.02,4.48,4.83,0,0
4MS_PB,D,20210204,000000,4.91,5.04,4.65,4.73,0,0
4MS_PB,D,20210205,000000,4.75,4.96,4.59,4.77,0,0
4MS_PB,D,20210208,000000,4.88,4.96,4.66,4.74,0,0
4MS_PB,D,20210209,000000,4.69,4.88,4.66,4.74,0,0
4MS_PB,D,20210210,000000,4.72,4.99,4.69,4.69,0,0
4MS_PB,D,20210211,000000,4.74,4.82,4.68,4.69,0,0
4MS_PB,D,20210212,000000,4.74,4.77,4.6,4.67,0,0
4MS_PB,D,20210215,000000,4.61,4.67,4.56,4.63,0,0
4MS_PB,D,20210216,000000,4.64,4.68,4.51,4.58,0,0
4MS_PB,D,20210217,000000,4.57,4.74,4.57,4.65,0,0
4MS_PB,D,20210218,000000,4.65,4.66,4.51,4.54,0,0
4MS_PB,D,20210219,000000,4.64,5.6,4.64,5.37,0,0
4MS_PB,D,20210222,000000,5.66,7.74,5.66,7.74,0,0
4MS_PB,D,20210223,000000,7.8,8.47,7.27,7.6,0,0
4MS_PB,D,20210224,000000,8.47,8.47,6.29,6.29,0,0
4MS_PB,D,20210225,000000,6.49,6.84,5.93,6.8,0,0
4MS_PB,D,20210226,000000,6.58,6.73,6.42,6.44,0,0
4MS_PB,D,20210301,000000,6.67,6.67,6.13,6.2,0,0
4MS_PB,D,20210302,000000,6.06,6.31,5.84,5.95,0,0
4MS_PB,D,20210303,000000,5.95,5.95,5.45,5.62,0,0
4MS_PB,D,20210304,000000,5.71,6.13,5.41,6.11,0,0
4MS_PB,D,20210305,000000,6.22,6.8,6,6.24,0,0
4MS_PB,D,20210308,000000,6.35,6.35,5.98,6,0,0
4MS_PB,D,20210309,000000,6,6,5.8,5.91,0,0
4MS_PB,D,20210310,000000,5.91,6.44,5.62,6.09,0,0
4MS_PB,D,20210311,000000,6.13,6.26,5.91,6.13,0,0
4MS_PB,D,20210312,000000,6.22,6.49,6.09,6.22,0,0
4MS_PB,D,20210315,000000,6.31,6.91,6.13,6.69,0,0
4MS_PB,D,20210316,000000,6.47,7.58,6.47,6.91,0,0
4MS_PB,D,20210317,000000,7,7.18,6.26,6.6,0,0
4MS_PB,D,20210318,000000,6.67,6.73,6.38,6.38,0,0
4MS_PB,D,20210319,000000,6.38,6.84,6.33,6.47,0,0
4MS_PB,D,20210322,000000,6.51,6.51,5.84,6.02,0,0
4MS_PB,D,20210323,000000,5.64,9.19,5.64,9.19,0,0
4MS_PB,D,20210324,000000,9.11,9.33,8.79,8.94,0,0
4MS_PB,D,20210325,000000,8.94,8.94,8.27,8.45,0,0
4MS_PB,D,20210326,000000,8.42,8.42,7.97,8.04,0,0
4MS_PB,D,20210329,000000,8.04,9.29,8.04,8.26,0,0
4MS_PB,D,20210330,000000,8.26,8.36,8.04,8.19,0,0
4MS_PB,D,20210331,000000,8.22,8.22,7.88,8.02,0,0
4MS_PB,D,20210401,000000,7.86,8.01,7.63,7.91,0,0
4MS_PB,D,20210406,000000,7.91,7.98,7.6,7.96,0,0
4MS_PB,D,20210407,000000,7.7,8.18,7.7,7.87,0,0
4MS_PB,D,20210408,000000,8.02,8.54,7.68,8.27,0,0
4MS_PB,D,20210409,000000,8.36,8.4,8.13,8.22,0,0
4MS_PB,D,20210412,000000,8.22,8.27,8.11,8.27,0,0
4MS_PB,D,20210413,000000,8.31,8.31,8.04,8.25,0,0
4MS_PB,D,20210414,000000,8.22,8.22,8.04,8.13,0,0
4MS_PB,D,20210415,000000,8.18,8.18,7.89,7.97,0,0
4MS_PB,D,20210416,000000,7.97,8.04,7.84,7.94,0,0
4MS_PB,D,20210419,000000,7.71,7.9,7.67,7.67,0,0
4MS_PB,D,20210420,000000,7.76,8.04,7.6,7.6,0,0
4MS_PB,D,20210421,000000,7.7,7.7,7.12,7.17,0,0
4MS_PB,D,20210422,000000,6.99,7.43,6.99,7.09,0,0
4MS_PB,D,20210423,000000,6.99,7.66,6.99,7.66,0,0
4MS_PB,D,20210426,000000,7.67,7.67,7.24,7.24,0,0
4MS_PB,D,20210427,000000,7.17,7.36,7.17,7.24,0,0
4MS_PB,D,20210428,000000,7.24,7.24,7.08,7.21,0,0
4MS_PB,D,20210429,000000,7.18,7.24,7.01,7.01,0,0
4MS_PB,D,20210430,000000,7.14,7.18,6.99,7.13,0,0
4MS_PB,D,20210504,000000,7.22,7.23,6.98,7.08,0,0
4MS_PB,D,20210505,000000,7.08,7.13,6.98,7,0,0
4MS_PB,D,20210506,000000,6.99,7.05,6.81,6.95,0,0
4MS_PB,D,20210507,000000,6.81,6.94,6.56,6.69,0,0
4MS_PB,D,20210510,000000,6.5,6.77,6.5,6.72,0,0
4MS_PB,D,20210511,000000,6.61,7.11,6.61,7.06,0,0
4MS_PB,D,20210512,000000,6.79,7.33,6.79,7.31,0,0
4MS_PB,D,20210513,000000,7.31,7.38,6.92,7.15,0,0
4MS_PB,D,20210514,000000,7.31,7.32,6.97,7.17,0,0
4MS_PB,D,20210517,000000,7.18,7.48,7.18,7.31,0,0
4MS_PB,D,20210518,000000,7.33,7.33,3.64,3.64,0,0
4MS_PB,D,20210519,000000,3.72,3.72,3.47,3.53,0,0
4MS_PB,D,20210520,000000,3.53,3.53,3.42,3.5,0,0
4MS_PB,D,20210521,000000,3.45,3.66,3.45,3.6,0,0
4MS_PB,D,20210524,000000,3.54,3.55,3.46,3.51,0,0
4MS_PB,D,20210525,000000,3.45,3.51,3.4,3.41,0,0
4MS_PB,D,20210526,000000,3.42,3.51,3.4,3.41,0,0
4MS_PB,D,20210527,000000,3.41,3.42,3.28,3.28,0,0
4MS_PB,D,20210528,000000,3.28,3.28,3.14,3.22,0,0
4MS_PB,D,20210531,000000,3.23,3.32,3.12,3.15,0,0
4MS_PB,D,20210601,000000,3.15,3.28,3.15,3.25,0,0
4MS_PB,D,20210602,000000,3.23,3.27,3.15,3.2,0,0
4MS_PB,D,20210604,000000,3.15,3.18,3.07,3.09,0,0
4MS_PB,D,20210607,000000,3.06,3.09,2.95,2.99,0,0
4MS_PB,D,20210608,000000,2.99,3.09,2.93,2.97,0,0
4MS_PB,D,20210609,000000,2.99,3.09,2.96,3,0,0
4MS_PB,D,20210610,000000,2.99,3,2.95,2.96,0,0
4MS_PB,D,20210611,000000,2.96,3.45,2.93,3.21,0,0
4MS_PB,D,20210614,000000,3.23,3.23,3.05,3.07,0,0
4MS_PB,D,20210615,000000,3.07,3.16,3.05,3.09,0,0
4MS_PB,D,20210616,000000,2.99,3.04,2.97,3,0,0
4MS_PB,D,20210617,000000,3.04,3.13,2.95,3.1,0,0
4MS_PB,D,20210618,000000,3.09,3.11,2.96,2.99,0,0
4MS_PB,D,20210621,000000,2.22,2.58,2.21,2.36,0,0
4MS_PB,D,20210622,000000,2.38,2.53,2.38,2.53,0,0
4MS_PB,D,20210623,000000,2.54,2.74,2.5,2.71,0,0
4MS_PB,D,20210624,000000,2.69,2.89,2.69,2.72,0,0
4MS_PB,D,20210625,000000,2.72,2.87,2.59,2.81,0,0
4MS_PB,D,20210628,000000,2.86,2.92,2.72,2.85,0,0
4MS_PB,D,20210629,000000,2.77,2.85,2.77,2.77,0,0
4MS_PB,D,20210630,000000,2.77,2.9,2.77,2.85,0,0
4MS_PB,D,20210701,000000,2.85,2.99,2.82,2.84,0,0
4MS_PB,D,20210702,000000,2.86,2.92,2.8,2.82,0,0
4MS_PB,D,20210705,000000,2.8,2.8,2.71,2.75,0,0
4MS_PB,D,20210706,000000,2.76,2.79,2.72,2.73,0,0
4MS_PB,D,20210707,000000,2.76,2.76,2.69,2.72,0,0
4MS_PB,D,20210708,000000,2.72,2.72,2.58,2.72,0,0
4MS_PB,D,20210709,000000,2.72,2.72,2.63,2.7,0,0
4MS_PB,D,20210712,000000,2.67,2.7,2.61,2.67,0,0
4MS_PB,D,20210713,000000,2.63,2.92,2.58,2.77,0,0
4MS_PB,D,20210714,000000,2.81,2.94,2.81,2.85,0,0
4MS_PB,D,20210715,000000,2.89,2.89,2.77,2.79,0,0
4MS_PB,D,20210716,000000,2.77,2.78,2.68,2.68,0,0
4MS_PB,D,20210719,000000,2.71,2.71,2.51,2.59,0,0
4MS_PB,D,20210720,000000,2.65,2.65,2.52,2.63,0,0
4MS_PB,D,20210721,000000,2.58,2.58,2.52,2.55,0,0
4MS_PB,D,20210722,000000,2.55,2.58,2.53,2.55,0,0
4MS_PB,D,20210723,000000,2.58,2.58,2.52,2.56,0,0
4MS_PB,D,20210726,000000,2.55,2.57,2.49,2.52,0,0
4MS_PB,D,20210727,000000,2.5,2.54,2.4,2.45,0,0
4MS_PB,D,20210728,000000,2.34,2.5,2.34,2.5,0,0
4MS_PB,D,20210729,000000,2.49,2.5,2.4,2.44,0,0
4MS_PB,D,20210730,000000,2.44,2.49,2.41,2.47,0,0
4MS_PB,D,20210802,000000,2.47,2.52,2.41,2.52,0,0
4MS_PB,D,20210803,000000,2.52,2.55,2.49,2.5,0,0
4MS_PB,D,20210804,000000,2.52,2.58,2.49,2.57,0,0
4MS_PB,D,20210805,000000,2.58,2.62,2.55,2.59,0,0
4MS_PB,D,20210806,000000,2.61,2.61,2.53,2.58,0,0
4MS_PB,D,20210809,000000,2.6,2.6,2.53,2.55,0,0
4MS_PB,D,20210810,000000,2.57,2.62,2.55,2.59,0,0
4MS_PB,D,20210811,000000,2.63,2.71,2.53,2.53,0,0
4MS_PB,D,20210812,000000,2.57,2.57,2.44,2.5,0,0
4MS_PB,D,20210813,000000,2.5,2.52,2.44,2.45,0,0
4MS_PB,D,20210816,000000,2.45,2.49,2.44,2.46,0,0
4MS_PB,D,20210817,000000,2.47,2.47,2.43,2.43,0,0
4MS_PB,D,20210818,000000,2.46,2.56,2.44,2.5,0,0
4MS_PB,D,20210819,000000,2.52,2.58,2.47,2.53,0,0
4MS_PB,D,20210820,000000,2.53,2.56,2.44,2.46,0,0
4MS_PB,D,20210823,000000,2.46,2.47,2.44,2.46,0,0
4MS_PB,D,20210824,000000,2.44,2.48,2.44,2.46,0,0
4MS_PB,D,20210825,000000,2.49,2.57,2.46,2.53,0,0
4MS_PB,D,20210826,000000,2.56,2.58,2.5,2.54,0,0
4MS_PB,D,20210827,000000,2.57,2.57,2.51,2.52,0,0
4MS_PB,D,20210830,000000,2.55,2.55,2.51,2.54,0,0
4MS_PB,D,20210831,000000,2.51,2.55,2.47,2.51,0,0
4MS_PB,D,20210901,000000,2.51,2.56,2.51,2.51,0,0
4MS_PB,D,20210902,000000,2.55,2.55,2.49,2.51,0,0
4MS_PB,D,20210903,000000,2.55,2.55,2.46,2.51,0,0
4MS_PB,D,20210906,000000,2.46,2.51,2.46,2.48,0,0
4MS_PB,D,20210907,000000,2.48,2.48,2.42,2.45,0,0
4MS_PB,D,20210908,000000,2.44,2.49,2.4,2.4,0,0
4MS_PB,D,20210909,000000,2.42,2.44,2.39,2.39,0,0
4MS_PB,D,20210910,000000,2.4,2.44,2.37,2.41,0,0
4MS_PB,D,20210913,000000,2.45,2.45,2.38,2.41,0,0
4MS_PB,D,20210914,000000,2.41,2.42,2.38,2.39,0,0
4MS_PB,D,20210915,000000,2.41,2.41,2.35,2.39,0,0
4MS_PB,D,20210916,000000,2.39,2.45,2.38,2.39,0,0
4MS_PB,D,20210917,000000,2.42,2.42,2.35,2.37,0,0
4MS_PB,D,20210920,000000,2.35,2.35,2.26,2.33,0,0
4MS_PB,D,20210921,000000,2.34,2.36,2.28,2.33,0,0
4MS_PB,D,20210922,000000,2.35,2.35,2.26,2.31,0,0
4MS_PB,D,20210923,000000,2.31,2.31,2.19,2.29,0,0
4MS_PB,D,20210924,000000,2.29,2.33,2.25,2.31,0,0
4MS_PB,D,20210927,000000,2.31,2.31,2.26,2.29,0,0
4MS_PB,D,20210928,000000,2.28,2.3,2.23,2.23,0,0
4MS_PB,D,20210929,000000,2.29,2.29,2.17,2.23,0,0
4MS_PB,D,20210930,000000,2.23,2.29,2.19,2.24,0,0
4MS_PB,D,20211001,000000,2.26,2.3,2.18,2.21,0,0
4MS_PB,D,20211004,000000,2.29,2.29,2.17,2.23,0,0
4MS_PB,D,20211005,000000,2.2,2.29,2.18,2.23,0,0
4MS_PB,D,20211006,000000,2.21,2.25,2.19,2.22,0,0
4MS_PB,D,20211007,000000,2.26,2.39,2.17,2.39,0,0
4MS_PB,D,20211008,000000,2.43,2.43,2.32,2.35,0,0
4MS_PB,D,20211011,000000,2.35,2.5,2.35,2.42,0,0
4MS_PB,D,20211012,000000,2.48,2.5,2.38,2.38,0,0
4MS_PB,D,20211013,000000,2.41,2.44,2.35,2.35,0,0
4MS_PB,D,20211014,000000,2.4,2.4,2.3,2.3,0,0
4MS_PB,D,20211015,000000,2.3,2.34,2.26,2.3,0,0
4MS_PB,D,20211018,000000,2.33,2.43,2.33,2.34,0,0
4MS_PB,D,20211019,000000,2.4,3.3,2.4,3.25,0,0
4MS_PB,D,20211020,000000,3.27,3.39,2.83,2.87,0,0
4MS_PB,D,20211021,000000,2.81,3.13,2.67,2.71,0,0
4MS_PB,D,20211022,000000,2.71,2.8,2.66,2.7,0,0
4MS_PB,D,20211025,000000,2.69,2.93,2.69,2.81,0,0
4MS_PB,D,20211026,000000,2.85,2.85,2.74,2.74,0,0
4MS_PB,D,20211027,000000,2.78,2.78,2.62,2.63,0,0
4MS_PB,D,20211028,000000,2.62,2.7,2.56,2.65,0,0
4MS_PB,D,20211029,000000,2.62,2.66,2.54,2.6,0,0
4MS_PB,D,20211102,000000,2.56,2.64,2.56,2.63,0,0
4MS_PB,D,20211103,000000,2.58,2.83,2.58,2.71,0,0
4MS_PB,D,20211104,000000,2.66,2.85,2.65,2.85,0,0
4MS_PB,D,20211105,000000,2.81,2.94,2.8,2.86,0,0
4MS_PB,D,20211108,000000,2.88,3.05,2.88,2.9,0,0
4MS_PB,D,20211109,000000,2.91,2.98,2.76,2.76,0,0
4MS_PB,D,20211110,000000,2.73,2.8,2.6,2.6,0,0
4MS_PB,D,20211112,000000,2.62,2.7,2.57,2.64,0,0
4MS_PB,D,20211115,000000,2.69,2.83,2.66,2.71,0,0
4MS_PB,D,20211116,000000,2.71,2.71,2.61,2.61,0,0
4MS_PB,D,20211117,000000,2.61,2.62,2.5,2.62,0,0
4MS_PB,D,20211118,000000,2.68,2.68,2.49,2.53,0,0
4MS_PB,D,20211119,000000,2.53,2.53,2.48,2.51,0,0
4MS_PB,D,20211122,000000,2.51,2.51,2.4,2.44,0,0
4MS_PB,D,20211123,000000,2.44,2.46,2.35,2.36,0,0
4MS_PB,D,20211124,000000,2.35,2.39,2.35,2.36,0,0
4MS_PB,D,20211125,000000,2.39,2.39,2.3,2.3,0,0
4MS_PB,D,20211126,000000,2.3,2.34,2.22,2.25,0,0
4MS_PB,D,20211129,000000,2.23,2.27,2.19,2.19,0,0
4MS_PB,D,20211130,000000,2.19,2.28,2.14,2.28,0,0
4MS_PB,D,20211201,000000,2.28,2.31,2.23,2.23,0,0
4MS_PB,D,20211202,000000,2.23,2.27,2.2,2.21,0,0
4MS_PB,D,20211203,000000,2.22,2.3,2.22,2.27,0,0
4MS_PB,D,20211206,000000,2.24,2.25,2.2,2.24,0,0
4MS_PB,D,20211207,000000,2.24,2.24,2.19,2.22,0,0
4MS_PB,D,20211208,000000,2.22,2.24,2.19,2.22,0,0
4MS_PB,D,20211209,000000,2.2,2.2,2.16,2.16,0,0
4MS_PB,D,20211210,000000,2.18,2.27,2.18,2.23,0,0
4MS_PB,D,20211213,000000,2.18,2.21,2.12,2.16,0,0
4MS_PB,D,20211214,000000,2.14,2.15,2.11,2.13,0,0
4MS_PB,D,20211215,000000,2.14,2.19,2.13,2.15,0,0
4MS_PB,D,20211216,000000,2.15,2.16,2.12,2.16,0,0
4MS_PB,D,20211217,000000,2.14,2.15,2.1,2.12,0,0
4MS_PB,D,20211220,000000,2.1,2.13,2.06,2.11,0,0
4MS_PB,D,20211221,000000,2.1,2.12,2.09,2.12,0,0
4MS_PB,D,20211222,000000,2.09,2.15,2.07,2.1,0,0
4MS_PB,D,20211223,000000,2.09,2.09,2.02,2.03,0,0
4MS_PB,D,20211227,000000,2.01,2.01,1.91,1.92,0,0
4MS_PB,D,20211228,000000,1.93,1.99,1.89,1.98,0,0
4MS_PB,D,20211229,000000,2.01,2.15,2.01,2.13,0,0
4MS_PB,D,20211230,000000,2.11,2.21,2.06,2.17,0,0
4MS_PB,D,20220103,000000,2.19,2.33,2.19,2.3,0,0
4MS_PB,D,20220104,000000,2.32,2.32,2.19,2.21,0,0
4MS_PB,D,20220105,000000,2.23,2.23,2.15,2.19,0,0
4MS_PB,D,20220107,000000,2.15,2.24,2.15,2.22,0,0
4MS_PB,D,20220110,000000,2.21,2.26,2.19,2.23,0,0
4MS_PB,D,20220111,000000,2.23,2.23,2.19,2.23,0,0
4MS_PB,D,20220112,000000,2.21,2.26,2.18,2.2,0,0
4MS_PB,D,20220113,000000,2.22,2.24,2.19,2.21,0,0
4MS_PB,D,20220114,000000,2.23,2.23,2.17,2.21,0,0
4MS_PB,D,20220117,000000,2.23,2.23,2.19,2.21,0,0
4MS_PB,D,20220118,000000,2.21,2.21,2.15,2.2,0,0
4MS_PB,D,20220119,000000,2.17,2.17,2.12,2.14,0,0
4MS_PB,D,20220120,000000,2.11,2.16,2.1,2.14,0,0
4MS_PB,D,20220121,000000,2.11,2.11,2.01,2.01,0,0
4MS_PB,D,20220124,000000,2,2.01,1.91,1.94,0,0
4MS_PB,D,20220125,000000,1.94,2.01,1.91,1.93,0,0
4MS_PB,D,20220126,000000,1.93,2.03,1.93,1.95,0,0
4MS_PB,D,20220127,000000,1.99,2.16,1.95,2.13,0,0
4MS_PB,D,20220128,000000,2.13,2.13,2.04,2.1,0,0
4MS_PB,D,20220131,000000,2.05,2.08,2.01,2.04,0,0
4MS_PB,D,20220201,000000,2,2.04,2,2.01,0,0
4MS_PB,D,20220202,000000,2.02,2.13,2.01,2.13,0,0
4MS_PB,D,20220203,000000,2.12,2.13,2.07,2.1,0,0
4MS_PB,D,20220204,000000,2.13,2.13,2.02,2.06,0,0
4MS_PB,D,20220207,000000,2.06,2.06,1.99,2.03,0,0
4MS_PB,D,20220208,000000,2.01,2.01,1.97,1.97,0,0
4MS_PB,D,20220209,000000,1.97,2.06,1.97,1.99,0,0
4MS_PB,D,20220210,000000,1.97,2.01,1.97,1.99,0,0
4MS_PB,D,20220211,000000,1.99,2.01,1.95,2,0,0
4MS_PB,D,20220214,000000,1.99,1.99,1.93,1.96,0,0
4MS_PB,D,20220215,000000,1.95,1.97,1.93,1.94,0,0
4MS_PB,D,20220216,000000,1.96,1.96,1.93,1.96,0,0
4MS_PB,D,20220217,000000,1.96,1.96,1.91,1.92,0,0
4MS_PB,D,20220218,000000,1.89,1.92,1.86,1.87,0,0
4MS_PB,D,20220221,000000,1.9,1.9,1.86,1.88,0,0
4MS_PB,D,20220222,000000,1.88,1.9,1.82,1.86,0,0
4MS_PB,D,20220223,000000,1.87,1.87,1.79,1.81,0,0
4MS_PB,D,20220224,000000,1.53,1.66,1.31,1.5,0,0
4MS_PB,D,20220225,000000,1.53,1.7,1.53,1.63,0,0
4MS_PB,D,20220228,000000,1.62,1.62,1.54,1.61,0,0
4MS_PB,D,20220301,000000,1.59,1.62,1.59,1.59,0,0
4MS_PB,D,20220302,000000,1.59,1.76,1.58,1.76,0,0
4MS_PB,D,20220303,000000,1.8,1.94,1.79,1.93,0,0
4MS_PB,D,20220304,000000,1.93,1.93,1.76,1.8,0,0
4MS_PB,D,20220307,000000,1.8,1.8,1.66,1.69,0,0
4MS_PB,D,20220308,000000,1.69,1.84,1.64,1.64,0,0
4MS_PB,D,20220309,000000,1.66,1.72,1.66,1.67,0,0
4MS_PB,D,20220310,000000,1.67,1.73,1.67,1.67,0,0
4MS_PB,D,20220311,000000,1.67,1.72,1.67,1.67,0,0
4MS_PB,D,20220314,000000,1.71,1.74,1.68,1.71,0,0
4MS_PB,D,20220315,000000,1.73,1.74,1.68,1.69,0,0
4MS_PB,D,20220316,000000,1.73,1.74,1.69,1.72,0,0
4MS_PB,D,20220317,000000,1.72,1.77,1.67,1.73,0,0
4MS_PB,D,20220318,000000,1.75,1.87,1.75,1.8,0,0
4MS_PB,D,20220321,000000,1.81,1.88,1.77,1.77,0,0
4MS_PB,D,20220322,000000,1.84,1.84,1.7,1.73,0,0
4MS_PB,D,20220323,000000,1.75,1.79,1.71,1.72,0,0
4MS_PB,D,20220324,000000,1.72,1.75,1.72,1.72,0,0
4MS_PB,D,20220325,000000,1.73,1.76,1.69,1.74,0,0
4MS_PB,D,20220328,000000,1.73,1.77,1.69,1.74,0,0
4MS_PB,D,20220329,000000,1.76,1.76,1.73,1.76,0,0
4MS_PB,D,20220330,000000,1.76,1.79,1.73,1.76,0,0
4MS_PB,D,20220331,000000,1.76,1.76,1.73,1.74,0,0
4MS_PB,D,20220401,000000,1.76,1.77,1.74,1.74,0,0
4MS_PB,D,20220404,000000,1.75,1.78,1.73,1.77,0,0
4MS_PB,D,20220405,000000,1.76,1.77,1.73,1.76,0,0
4MS_PB,D,20220406,000000,1.76,1.83,1.73,1.77,0,0
4MS_PB,D,20220407,000000,1.77,1.79,1.73,1.73,0,0
4MS_PB,D,20220408,000000,1.75,1.79,1.73,1.75,0,0
4MS_PB,D,20220411,000000,1.73,1.79,1.73,1.74,0,0
4MS_PB,D,20220412,000000,1.76,1.76,1.73,1.76,0,0
4MS_PB,D,20220413,000000,1.78,1.78,1.7,1.76,0,0
4MS_PB,D,20220414,000000,1.76,1.76,1.73,1.76,0,0
4MS_PB,D,20220419,000000,1.73,1.76,1.71,1.71,0,0
4MS_PB,D,20220420,000000,1.71,1.74,1.71,1.71,0,0
4MS_PB,D,20220421,000000,1.71,1.75,1.65,1.67,0,0
4MS_PB,D,20220422,000000,1.71,1.71,1.65,1.65,0,0
4MS_PB,D,20220425,000000,1.65,1.73,1.63,1.73,0,0
4MS_PB,D,20220426,000000,1.65,1.74,1.65,1.73,0,0
4MS_PB,D,20220427,000000,1.68,1.71,1.65,1.7,0,0
4MS_PB,D,20220428,000000,1.65,1.74,1.65,1.72,0,0
4MS_PB,D,20220429,000000,1.69,1.74,1.66,1.71,0,0
4MS_PB,D,20220502,000000,1.71,1.71,1.66,1.69,0,0
4MS_PB,D,20220504,000000,1.69,1.7,1.65,1.66,0,0
4MS_PB,D,20220505,000000,1.66,1.71,1.66,1.67,0,0
4MS_PB,D,20220506,000000,1.7,1.7,1.66,1.68,0,0
4MS_PB,D,20220509,000000,1.74,2.03,1.74,1.81,0,0
4MS_PB,D,20220510,000000,1.81,1.83,1.65,1.65,0,0
4MS_PB,D,20220511,000000,1.64,1.69,1.56,1.56,0,0
4MS_PB,D,20220512,000000,1.56,1.62,1.56,1.56,0,0
4MS_PB,D,20220513,000000,1.56,1.63,1.56,1.63,0,0
4MS_PB,D,20220516,000000,1.64,1.71,1.63,1.69,0,0
4MS_PB,D,20220517,000000,1.7,1.78,1.66,1.71,0,0
4MS_PB,D,20220518,000000,1.71,1.78,1.71,1.72,0,0
4MS_PB,D,20220519,000000,1.72,1.77,1.69,1.71,0,0
4MS_PB,D,20220520,000000,1.75,1.75,1.69,1.74,0,0
4MS_PB,D,20220523,000000,1.72,1.72,1.66,1.66,0,0
4MS_PB,D,20220524,000000,1.69,1.69,1.63,1.63,0,0
4MS_PB,D,20220525,000000,1.68,1.68,1.62,1.63,0,0
4MS_PB,D,20220526,000000,1.62,1.71,1.62,1.68,0,0
4MS_PB,D,20220527,000000,1.7,1.71,1.67,1.69,0,0
4MS_PB,D,20220530,000000,1.73,1.75,1.63,1.63,0,0
4MS_PB,D,20220531,000000,1.62,1.69,1.62,1.64,0,0
4MS_PB,D,20220601,000000,1.69,1.69,1.64,1.68,0,0
4MS_PB,D,20220602,000000,1.68,1.68,1.61,1.63,0,0
4MS_PB,D,20220603,000000,1.63,1.64,1.61,1.61,0,0
4MS_PB,D,20220606,000000,1.61,1.64,1.61,1.62,0,0
4MS_PB,D,20220607,000000,1.62,1.64,1.61,1.63,0,0
4MS_PB,D,20220608,000000,1.62,1.63,1.58,1.58,0,0
4MS_PB,D,20220609,000000,1.58,1.62,1.56,1.56,0,0
4MS_PB,D,20220610,000000,1.61,1.61,1.55,1.56,0,0
4MS_PB,D,20220613,000000,1.56,1.61,1.55,1.58,0,0
4MS_PB,D,20220614,000000,1.55,1.58,1.52,1.55,0,0
4MS_PB,D,20220615,000000,1.55,1.55,1.48,1.54,0,0
4MS_PB,D,20220617,000000,1.57,1.57,1.52,1.52,0,0
4MS_PB,D,20220620,000000,1.55,1.55,1.49,1.52,0,0
4MS_PB,D,20220621,000000,1.55,1.55,1.42,1.47,0,0
4MS_PB,D,20220622,000000,1.48,1.54,1.47,1.5,0,0
4MS_PB,D,20220623,000000,1.5,1.61,1.47,1.52,0,0
4MS_PB,D,20220624,000000,1.51,1.57,1.47,1.51,0,0
4MS_PB,D,20220627,000000,1.55,1.59,1.51,1.52,0,0
4MS_PB,D,20220628,000000,1.52,1.6,1.49,1.52,0,0
4MS_PB,D,20220629,000000,1.64,1.71,1.56,1.7,0,0
4MS_PB,D,20220630,000000,1.7,1.7,1.6,1.62,0,0
4MS_PB,D,20220701,000000,1.64,1.75,1.61,1.68,0,0
4MS_PB,D,20220704,000000,1.64,1.71,1.62,1.69,0,0
4MS_PB,D,20220705,000000,1.69,1.69,1.61,1.61,0,0
4MS_PB,D,20220706,000000,1.6,1.68,1.6,1.66,0,0
4MS_PB,D,20220707,000000,1.65,1.67,1.63,1.67,0,0
4MS_PB,D,20220708,000000,1.64,1.71,1.64,1.69,0,0
4MS_PB,D,20220711,000000,1.68,1.68,1.64,1.64,0,0
4MS_PB,D,20220712,000000,1.64,1.67,1.59,1.63,0,0
4MS_PB,D,20220713,000000,1.63,1.68,1.57,1.61,0,0
4MS_PB,D,20220714,000000,1.66,1.68,1.63,1.66,0,0
4MS_PB,D,20220715,000000,1.64,1.66,1.64,1.65,0,0
4MS_PB,D,20220718,000000,1.65,1.66,1.64,1.65,0,0
4MS_PB,D,20220719,000000,1.66,1.66,1.63,1.66,0,0
4MS_PB,D,20220720,000000,1.65,1.66,1.61,1.61,0,0
4MS_PB,D,20220721,000000,1.64,1.7,1.62,1.67,0,0
4MS_PB,D,20220722,000000,1.67,1.94,1.67,1.86,0,0
4MS_PB,D,20220725,000000,1.88,1.91,1.61,1.66,0,0
4MS_PB,D,20220726,000000,1.66,1.76,1.65,1.69,0,0
4MS_PB,D,20220727,000000,1.69,1.69,1.63,1.64,0,0
4MS_PB,D,20220728,000000,1.67,1.76,1.64,1.7,0,0
4MS_PB,D,20220729,000000,1.7,1.77,1.68,1.75,0,0
4MS_PB,D,20220801,000000,1.74,1.74,1.67,1.68,0,0
4MS_PB,D,20220802,000000,1.68,1.73,1.63,1.66,0,0
4MS_PB,D,20220803,000000,1.69,1.69,1.65,1.66,0,0
4MS_PB,D,20220804,000000,1.66,1.67,1.63,1.64,0,0
4MS_PB,D,20220805,000000,1.66,1.69,1.63,1.65,0,0
4MS_PB,D,20220808,000000,1.65,1.73,1.65,1.69,0,0
4MS_PB,D,20220809,000000,1.66,1.73,1.66,1.69,0,0
4MS_PB,D,20220810,000000,1.69,1.72,1.64,1.66,0,0
4MS_PB,D,20220811,000000,1.66,1.75,1.63,1.71,0,0
4MS_PB,D,20220812,000000,1.73,1.8,1.72,1.8,0,0
4MS_PB,D,20220816,000000,1.8,1.94,1.74,1.74,0,0
4MS_PB,D,20220817,000000,1.77,1.84,1.73,1.78,0,0
4MS_PB,D,20220818,000000,1.79,1.79,1.7,1.71,0,0
4MS_PB,D,20220819,000000,1.71,1.76,1.69,1.7,0,0
4MS_PB,D,20220822,000000,1.69,1.77,1.62,1.62,0,0
4MS_PB,D,20220823,000000,1.61,1.63,1.57,1.57,0,0
4MS_PB,D,20220824,000000,1.57,1.59,1.55,1.55,0,0
4MS_PB,D,20220825,000000,1.55,1.6,1.53,1.54,0,0
4MS_PB,D,20220826,000000,1.54,1.65,1.53,1.57,0,0
4MS_PB,D,20220829,000000,1.57,1.57,1.51,1.52,0,0
4MS_PB,D,20220830,000000,1.52,1.55,1.52,1.53,0,0
4MS_PB,D,20220831,000000,1.53,1.55,1.51,1.52,0,0
4MS_PB,D,20220901,000000,1.52,1.56,1.51,1.55,0,0
4MS_PB,D,20220902,000000,1.54,1.58,1.54,1.57,0,0
4MS_PB,D,20220905,000000,1.58,1.58,1.54,1.57,0,0
4MS_PB,D,20220906,000000,1.57,1.57,1.53,1.53,0,0
4MS_PB,D,20220907,000000,1.53,1.55,1.49,1.53,0,0
4MS_PB,D,20220908,000000,1.53,1.53,1.47,1.5,0,0
4MS_PB,D,20220909,000000,1.48,1.57,1.48,1.53,0,0
4MS_PB,D,20220912,000000,1.53,1.56,1.52,1.52,0,0
4MS_PB,D,20220913,000000,1.5,1.52,1.48,1.48,0,0
4MS_PB,D,20220914,000000,1.48,1.53,1.48,1.52,0,0
4MS_PB,D,20220915,000000,1.52,1.54,1.49,1.54,0,0
4MS_PB,D,20220916,000000,1.52,1.53,1.5,1.5,0,0
4MS_PB,D,20220919,000000,1.5,1.54,1.5,1.51,0,0
4MS_PB,D,20220920,000000,1.5,1.53,1.47,1.48,0,0
4MS_PB,D,20220921,000000,1.48,1.48,1.45,1.46,0,0
4MS_PB,D,20220922,000000,1.47,1.47,1.45,1.45,0,0
4MS_PB,D,20220923,000000,1.45,1.49,1.37,1.38,0,0
4MS_PB,D,20220926,000000,1.35,1.4,1.35,1.38,0,0
4MS_PB,D,20220927,000000,1.39,1.4,1.38,1.4,0,0
4MS_PB,D,20220928,000000,1.39,1.43,1.19,1.3,0,0
4MS_PB,D,20220929,000000,1.34,1.4,1.34,1.35,0,0
4MS_PB,D,20220930,000000,1.38,1.38,1.32,1.35,0,0
4MS_PB,D,20221003,000000,1.32,1.34,1.3,1.31,0,0
4MS_PB,D,20221004,000000,1.31,1.34,1.31,1.31,0,0
4MS_PB,D,20221005,000000,1.31,1.42,1.31,1.4,0,0
4MS_PB,D,20221020,000000,1.31,1.35,1.25,1.33,0,0
4MS_PB,D,20221021,000000,1.33,1.38,1.26,1.32,0,0
4MS_PB,D,20221024,000000,1.3,1.39,1.28,1.39,0,0
4MS_PB,D,20221025,000000,1.39,1.41,1.38,1.39,0,0
4MS_PB,D,20221026,000000,1.38,1.52,1.38,1.49,0,0
4MS_PB,D,20221027,000000,1.49,1.49,1.44,1.48,0,0
4MS_PB,D,20221028,000000,1.48,1.77,1.45,1.64,0,0
4MS_PB,D,20221031,000000,1.64,1.67,1.55,1.64,0,0
4MS_PB,D,20221102,000000,1.64,1.68,1.55,1.64,0,0
4MS_PB,D,20221103,000000,1.57,1.62,1.55,1.6,0,0
4MS_PB,D,20221104,000000,1.58,1.6,1.56,1.59,0,0
4MS_PB,D,20221107,000000,1.59,1.62,1.53,1.57,0,0
4MS_PB,D,20221108,000000,1.58,1.6,1.54,1.6,0,0
4MS_PB,D,20221109,000000,1.54,1.6,1.54,1.59,0,0
4MS_PB,D,20221110,000000,1.57,1.65,1.55,1.65,0,0
4MS_PB,D,20221114,000000,1.7,1.77,1.67,1.67,0,0
4MS_PB,D,20221115,000000,1.67,1.7,1.62,1.67,0,0
4MS_PB,D,20221116,000000,1.68,1.7,1.63,1.67,0,0
4MS_PB,D,20221117,000000,1.68,1.68,1.49,1.49,0,0
4MS_PB,D,20221118,000000,1.47,1.5,1.47,1.5,0,0
4MS_PB,D,20221121,000000,1.5,1.5,1.48,1.48,0,0
4MS_PB,D,20221122,000000,1.48,1.51,1.47,1.5,0,0
4MS_PB,D,20221123,000000,1.5,1.61,1.48,1.59,0,0
4MS_PB,D,20221124,000000,1.6,1.68,1.59,1.62,0,0
4MS_PB,D,20221125,000000,1.62,1.65,1.6,1.63,0,0
4MS_PB,D,20221128,000000,1.6,1.65,1.58,1.62,0,0
4MS_PB,D,20221129,000000,1.62,1.69,1.62,1.67,0,0
4MS_PB,D,20221130,000000,1.66,1.76,1.61,1.66,0,0
4MS_PB,D,20221201,000000,1.66,1.66,1.54,1.57,0,0
4MS_PB,D,20221202,000000,1.54,1.56,1.5,1.56,0,0
4MS_PB,D,20221205,000000,1.52,1.57,1.5,1.55,0,0
4MS_PB,D,20221206,000000,1.53,1.56,1.49,1.52,0,0
4MS_PB,D,20221207,000000,1.5,1.56,1.5,1.56,0,0
4MS_PB,D,20221208,000000,1.51,1.74,1.51,1.66,0,0
4MS_PB,D,20221209,000000,1.67,1.67,1.58,1.62,0,0
4MS_PB,D,20221212,000000,1.62,1.69,1.56,1.65,0,0
4MS_PB,D,20221213,000000,1.6,1.63,1.56,1.58,0,0
4MS_PB,D,20221214,000000,1.58,1.58,1.55,1.58,0,0
4MS_PB,D,20221215,000000,1.54,1.56,1.5,1.56,0,0
4MS_PB,D,20221216,000000,1.55,1.56,1.5,1.56,0,0
4MS_PB,D,20221219,000000,1.58,1.58,1.52,1.56,0,0
4MS_PB,D,20221220,000000,1.57,1.58,1.52,1.53,0,0
4MS_PB,D,20221221,000000,1.53,1.54,1.53,1.54,0,0
4MS_PB,D,20221222,000000,1.54,1.57,1.53,1.56,0,0
4MS_PB,D,20221223,000000,1.53,1.56,1.52,1.55,0,0
4MS_PB,D,20221227,000000,1.55,1.55,1.5,1.52,0,0
4MS_PB,D,20221228,000000,1.5,1.52,1.46,1.5,0,0
4MS_PB,D,20221229,000000,1.5,1.59,1.5,1.53,0,0
4MS_PB,D,20221230,000000,1.52,1.56,1.51,1.54,0,0
4MS_PB,D,20230102,000000,1.54,1.55,1.43,1.51,0,0
4MS_PB,D,20230103,000000,1.47,1.52,1.47,1.51,0,0
4MS_PB,D,20230104,000000,1.48,1.51,1.48,1.51,0,0
4MS_PB,D,20230105,000000,1.49,1.55,1.49,1.54,0,0
4MS_PB,D,20230109,000000,1.52,1.53,1.49,1.53,0,0
4MS_PB,D,20230110,000000,1.52,1.57,1.5,1.56,0,0
4MS_PB,D,20230111,000000,1.53,1.56,1.53,1.56,0,0
4MS_PB,D,20230112,000000,1.52,1.52,1.37,1.47,0,0
4MS_PB,D,20230113,000000,1.45,1.49,1.45,1.49,0,0
4MS_PB,D,20230116,000000,1.47,1.51,1.47,1.51,0,0
4MS_PB,D,20230117,000000,1.51,1.52,1.47,1.5,0,0
4MS_PB,D,20230118,000000,1.49,1.55,1.49,1.55,0,0
4MS_PB,D,20230119,000000,1.52,1.56,1.52,1.56,0,0
4MS_PB,D,20230120,000000,1.56,1.59,1.54,1.56,0,0
4MS_PB,D,20230123,000000,1.56,1.7,1.56,1.7,0,0
4MS_PB,D,20230124,000000,1.68,1.71,1.66,1.7,0,0
4MS_PB,D,20230125,000000,1.67,1.7,1.66,1.67,0,0
4MS_PB,D,20230126,000000,1.68,1.7,1.66,1.7,0,0
4MS_PB,D,20230127,000000,1.66,1.71,1.66,1.71,0,0
4MS_PB,D,20230130,000000,1.71,1.74,1.71,1.73,0,0
4MS_PB,D,20230131,000000,1.73,1.74,1.73,1.74,0,0
4MS_PB,D,20230201,000000,1.74,1.77,1.74,1.77,0,0
4MS_PB,D,20230202,000000,1.71,1.77,1.71,1.76,0,0
4MS_PB,D,20230203,000000,1.77,1.78,1.75,1.77,0,0
4MS_PB,D,20230206,000000,1.77,1.78,1.76,1.78,0,0
4MS_PB,D,20230207,000000,1.76,1.78,1.76,1.77,0,0
4MS_PB,D,20230208,000000,1.75,1.8,1.75,1.78,0,0
4MS_PB,D,20230209,000000,1.78,1.8,1.76,1.79,0,0
4MS_PB,D,20230210,000000,1.76,1.8,1.75,1.8,0,0
4MS_PB,D,20230213,000000,1.77,1.83,1.77,1.83,0,0
4MS_PB,D,20230214,000000,1.83,1.83,1.66,1.68,0,0
4MS_PB,D,20230215,000000,1.67,1.7,1.64,1.66,0,0
4MS_PB,D,20230216,000000,1.69,1.69,1.64,1.66,0,0
4MS_PB,D,20230217,000000,1.65,1.66,1.64,1.64,0,0
4MS_PB,D,20230220,000000,1.66,1.69,1.64,1.68,0,0
4MS_PB,D,20230221,000000,1.68,1.79,1.68,1.77,0,0
4MS_PB,D,20230222,000000,1.78,1.79,1.76,1.78,0,0
4MS_PB,D,20230223,000000,1.76,1.8,1.72,1.79,0,0
4MS_PB,D,20230224,000000,1.77,1.8,1.75,1.8,0,0
4MS_PB,D,20230227,000000,1.78,1.81,1.76,1.81,0,0
4MS_PB,D,20230228,000000,1.77,1.8,1.77,1.79,0,0
4MS_PB,D,20230301,000000,1.79,1.93,1.79,1.92,0,0
4MS_PB,D,20230302,000000,1.91,1.91,1.86,1.89,0,0
4MS_PB,D,20230303,000000,1.89,1.92,1.86,1.89,0,0
4MS_PB,D,20230306,000000,1.93,1.96,1.88,1.95,0,0
4MS_PB,D,20230307,000000,1.95,1.96,1.88,1.93,0,0
4MS_PB,D,20230308,000000,1.95,1.95,1.88,1.92,0,0
4MS_PB,D,20230309,000000,1.88,1.91,1.86,1.89,0,0
4MS_PB,D,20230310,000000,1.86,1.88,1.79,1.85,0,0
4MS_PB,D,20230313,000000,1.85,1.86,1.77,1.83,0,0
4MS_PB,D,20230314,000000,1.83,1.83,1.77,1.83,0,0
4MS_PB,D,20230315,000000,1.83,1.83,1.73,1.76,0,0
4MS_PB,D,20230316,000000,1.71,1.78,1.71,1.73,0,0
4MS_PB,D,20230317,000000,1.79,1.79,1.74,1.77,0,0
4MS_PB,D,20230320,000000,1.77,1.81,1.71,1.76,0,0
4MS_PB,D,20230321,000000,1.78,1.8,1.74,1.79,0,0
4MS_PB,D,20230322,000000,1.79,1.8,1.75,1.8,0,0
4MS_PB,D,20230323,000000,1.8,1.8,1.74,1.8,0,0
4MS_PB,D,20230324,000000,1.8,1.8,1.73,1.76,0,0
4MS_PB,D,20230327,000000,1.76,1.8,1.71,1.71,0,0
4MS_PB,D,20230328,000000,1.71,1.76,1.66,1.69,0,0
4MS_PB,D,20230329,000000,1.69,1.75,1.69,1.7,0,0
4MS_PB,D,20230330,000000,1.69,1.74,1.66,1.71,0,0
4MS_PB,D,20230331,000000,1.71,1.74,1.69,1.73,0,0
4MS_PB,D,20230403,000000,1.7,1.73,1.69,1.71,0,0
4MS_PB,D,20230404,000000,1.71,1.71,1.67,1.7,0,0
4MS_PB,D,20230405,000000,1.71,1.76,1.68,1.76,0,0
4MS_PB,D,20230406,000000,1.74,1.87,1.74,1.86,0,0
4MS_PB,D,20230411,000000,1.82,1.85,1.8,1.85,0,0
4MS_PB,D,20230412,000000,1.85,1.86,1.8,1.85,0,0
4MS_PB,D,20230413,000000,1.81,1.88,1.81,1.85,0,0
4MS_PB,D,20230414,000000,1.86,1.88,1.86,1.86,0,0
4MS_PB,D,20230417,000000,1.85,1.87,1.83,1.86,0,0
4MS_PB,D,20230418,000000,1.86,1.86,1.81,1.84,0,0
4MS_PB,D,20230419,000000,1.83,1.85,1.8,1.83,0,0
4MS_PB,D,20230420,000000,1.83,1.84,1.81,1.82,0,0
4MS_PB,D,20230421,000000,1.84,1.85,1.81,1.83,0,0
4MS_PB,D,20230424,000000,1.83,1.85,1.76,1.78,0,0
4MS_PB,D,20230425,000000,1.8,1.8,1.76,1.77,0,0
4MS_PB,D,20230426,000000,1.8,1.8,1.76,1.79,0,0
4MS_PB,D,20230427,000000,1.8,1.83,1.75,1.82,0,0
4MS_PB,D,20230428,000000,1.8,1.83,1.79,1.83,0,0
4MS_PB,D,20230502,000000,1.81,1.91,1.81,1.9,0,0
4MS_PB,D,20230504,000000,1.9,1.93,1.88,1.92,0,0
4MS_PB,D,20230505,000000,1.93,1.93,1.88,1.89,0,0
4MS_PB,D,20230508,000000,1.89,1.92,1.88,1.91,0,0
4MS_PB,D,20230509,000000,1.91,1.91,1.85,1.86,0,0
4MS_PB,D,20230510,000000,1.87,1.9,1.86,1.86,0,0
4MS_PB,D,20230511,000000,1.85,1.88,1.85,1.87,0,0
4MS_PB,D,20230512,000000,1.86,1.93,1.86,1.93,0,0
4MS_PB,D,20230515,000000,1.97,2.18,1.74,1.74,0,0
4MS_PB,D,20230516,000000,1.74,1.74,1.71,1.73,0,0
4MS_PB,D,20230517,000000,1.74,1.98,1.74,1.95,0,0
4MS_PB,D,20230518,000000,1.95,1.99,1.81,1.85,0,0
4MS_PB,D,20230519,000000,1.85,1.88,1.83,1.88,0,0
4MS_PB,D,20230522,000000,1.88,1.98,1.88,1.93,0,0
4MS_PB,D,20230523,000000,1.93,1.94,1.88,1.93,0,0
4MS_PB,D,20230524,000000,1.93,1.93,1.88,1.88,0,0
4MS_PB,D,20230525,000000,1.88,1.94,1.84,1.94,0,0
4MS_PB,D,20230526,000000,1.95,1.95,1.91,1.94,0,0
4MS_PB,D,20230529,000000,1.94,1.94,1.89,1.93,0,0
4MS_PB,D,20230530,000000,1.93,1.93,1.88,1.88,0,0
4MS_PB,D,20230531,000000,1.86,1.88,1.78,1.82,0,0
4MS_PB,D,20230601,000000,1.79,1.88,1.79,1.87,0,0
4MS_PB,D,20230602,000000,1.86,2.02,1.84,1.96,0,0
4MS_PB,D,20230605,000000,1.96,2.02,1.96,1.98,0,0
4MS_PB,D,20230606,000000,1.98,2,1.88,1.88,0,0
4MS_PB,D,20230607,000000,2,2,1.93,1.98,0,0
4MS_PB,D,20230609,000000,1.99,2,1.96,1.98,0,0
4MS_PB,D,20230612,000000,1.99,1.99,1.94,1.96,0,0
4MS_PB,D,20230613,000000,1.96,1.96,1.89,1.9,0,0
4MS_PB,D,20230614,000000,1.9,1.9,1.83,1.84,0,0
4MS_PB,D,20230615,000000,1.83,1.91,1.83,1.88,0,0
4MS_PB,D,20230616,000000,1.86,1.99,1.86,1.94,0,0
4MS_PB,D,20230619,000000,1.92,1.95,1.9,1.93,0,0
4MS_PB,D,20230620,000000,1.93,1.93,1.91,1.93,0,0
4MS_PB,D,20230621,000000,1.91,1.94,1.9,1.92,0,0
4MS_PB,D,20230622,000000,1.9,1.93,1.89,1.93,0,0
4MS_PB,D,20230623,000000,1.91,1.94,1.9,1.91,0,0
4MS_PB,D,20230626,000000,1.91,1.94,1.9,1.91,0,0
4MS_PB,D,20230627,000000,1.9,1.96,1.9,1.94,0,0
4MS_PB,D,20230628,000000,1.94,2.09,1.94,2.04,0,0
4MS_PB,D,20230629,000000,2.07,2.28,2.03,2.23,0,0
4MS_PB,D,20230630,000000,2.24,2.32,2.2,2.21,0,0
4MS_PB,D,20230703,000000,2.21,2.26,2.15,2.25,0,0
4MS_PB,D,20230704,000000,2.26,2.27,2.18,2.21,0,0
4MS_PB,D,20230705,000000,2.27,2.27,2.18,2.23,0,0
4MS_PB,D,20230706,000000,2.18,2.23,2.18,2.23,0,0
4MS_PB,D,20230707,000000,2.21,2.21,2.18,2.21,0,0
4MS_PB,D,20230710,000000,2.23,2.35,2.2,2.35,0,0
4MS_PB,D,20230711,000000,2.35,2.47,2.35,2.44,0,0
4MS_PB,D,20230712,000000,2.43,2.47,2.39,2.45,0,0
4MS_PB,D,20230713,000000,2.45,2.46,2.41,2.44,0,0
4MS_PB,D,20230714,000000,2.47,2.54,2.43,2.53,0,0
4MS_PB,D,20230717,000000,2.54,2.57,2.53,2.54,0,0
4MS_PB,D,20230718,000000,2.53,2.56,2.49,2.5,0,0
4MS_PB,D,20230719,000000,2.52,2.52,2.42,2.46,0,0
4MS_PB,D,20230720,000000,2.46,2.47,2.42,2.47,0,0
4MS_PB,D,20230721,000000,2.44,2.58,2.44,2.57,0,0
4MS_PB,D,20230724,000000,2.57,2.58,2.55,2.57,0,0
4MS_PB,D,20230725,000000,2.58,2.58,2.54,2.57,0,0
4MS_PB,D,20230726,000000,2.58,2.62,2.58,2.62,0,0
4MS_PB,D,20230727,000000,2.62,2.63,2.58,2.6,0,0
4MS_PB,D,20230728,000000,2.6,2.63,2.56,2.62,0,0
4MS_PB,D,20230731,000000,2.62,2.62,2.56,2.57,0,0
4MS_PB,D,20230801,000000,2.56,2.59,2.47,2.58,0,0
4MS_PB,D,20230802,000000,2.53,2.58,2.51,2.51,0,0
4MS_PB,D,20230803,000000,2.51,2.6,2.51,2.6,0,0
4MS_PB,D,20230804,000000,2.6,2.6,2.561,2.582,0,0
4MS_PB,D,20230807,000000,2.561,2.567,2.508,2.532,0,0
4MS_PB,D,20230808,000000,2.532,2.558,2.505,2.532,0,0
4MS_PB,D,20230809,000000,2.532,2.561,2.5,2.508,0,0
4MS_PB,D,20230810,000000,2.502,2.55,2.502,2.544,0,0
4MS_PB,D,20230811,000000,2.544,2.544,2.505,2.532,0,0
4MS_PB,D,20230814,000000,2.708,2.932,2.708,2.861,0,0
4MS_PB,D,20230816,000000,2.873,2.909,2.767,2.814,0,0
4MS_PB,D,20230817,000000,2.829,2.882,2.829,2.861,0,0
4MS_PB,D,20230818,000000,2.861,2.861,2.456,2.456,0,0
4MS_PB,D,20230821,000000,2.456,2.456,2.405,2.405,0,0
4MS_PB,D,20230822,000000,2.407,2.476,2.354,2.474,0,0
4MS_PB,D,20230823,000000,2.474,2.481,2.446,2.481,0,0
4MS_PB,D,20230824,000000,2.489,2.558,2.471,2.497,0,0
4MS_PB,D,20230825,000000,2.525,2.525,2.448,2.476,0,0
4MS_PB,D,20230828,000000,2.517,2.517,2.463,2.497,0,0
4MS_PB,D,20230829,000000,2.458,2.502,2.456,2.502,0,0
4MS_PB,D,20230830,000000,2.499,2.553,2.497,2.512,0,0
4MS_PB,D,20230831,000000,2.512,2.543,2.512,2.512,0,0
4MS_PB,D,20230901,000000,2.532,2.855,2.532,2.799,0,0
4MS_PB,D,20230904,000000,2.814,2.952,2.799,2.799,0,0
4MS_PB,D,20230905,000000,2.814,3.07,2.768,2.937,0,0
4MS_PB,D,20230906,000000,2.937,3.013,2.84,2.993,0,0
4MS_PB,D,20230907,000000,2.993,3.177,2.993,3.157,0,0
4MS_PB,D,20230908,000000,3.172,3.264,3.095,3.131,0,0
4MS_PB,D,20230911,000000,3.131,3.157,3.095,3.126,0,0
4MS_PB,D,20230912,000000,3.121,3.223,3.116,3.223,0,0
4MS_PB,D,20230913,000000,3.223,3.264,3.172,3.234,0,0
4MS_PB,D,20230914,000000,3.234,3.249,3.131,3.249,0,0
4MS_PB,D,20230915,000000,3.249,3.315,3.223,3.315,0,0
4MS_PB,D,20230918,000000,3.305,3.633,3.305,3.617,0,0
4MS_PB,D,20230919,000000,3.582,3.582,3.495,3.525,0,0
4MS_PB,D,20230920,000000,3.505,3.628,3.459,3.51,0,0
4MS_PB,D,20230921,000000,3.571,3.602,3.428,3.489,0,0
4MS_PB,D,20230922,000000,3.474,3.474,3.198,3.295,0,0
4MS_PB,D,20230925,000000,3.274,3.274,2.62,2.681,0,0
4MS_PB,D,20230926,000000,2.712,2.983,2.553,2.921,0,0
4MS_PB,D,20230927,000000,2.875,3.152,2.875,2.932,0,0
4MS_PB,D,20230928,000000,2.87,2.967,2.799,2.84,0,0
4MS_PB,D,20230929,000000,2.891,2.906,2.788,2.865,0,0
4MS_PB,D,20231002,000000,2.865,2.932,2.691,2.727,0,0
4MS_PB,D,20231003,000000,2.727,2.809,2.712,2.778,0,0
4MS_PB,D,20231004,000000,2.758,3.085,2.758,3.065,0,0
4MS_PB,D,20231005,000000,3.438,3.489,3.218,3.459,0,0
4MS_PB,D,20231006,000000,3.382,3.515,3.274,3.433,0,0
4MS_PB,D,20231009,000000,3.433,3.433,3.121,3.274,0,0
4MS_PB,D,20231010,000000,3.31,3.31,2.993,3.034,0,0
4MS_PB,D,20231011,000000,3.07,3.121,3.003,3.101,0,0
4MS_PB,D,20231012,000000,3.101,3.121,2.967,2.967,0,0
4MS_PB,D,20231013,000000,2.967,2.998,2.906,2.962,0,0
4MS_PB,D,20231016,000000,2.962,3.065,2.814,2.84,0,0
4MS_PB,D,20231017,000000,2.84,3.167,2.84,3.06,0,0
4MS_PB,D,20231018,000000,3.075,3.126,3.034,3.065,0,0
4MS_PB,D,20231019,000000,3.065,3.111,3.024,3.09,0,0
4MS_PB,D,20231020,000000,3.101,3.101,3.034,3.07,0,0
4MS_PB,D,20231023,000000,3.08,3.08,2.967,3.019,0,0
4MS_PB,D,20231024,000000,2.973,2.983,2.916,2.937,0,0
4MS_PB,D,20231025,000000,2.932,3.044,2.932,2.967,0,0
4MS_PB,D,20231026,000000,2.947,2.962,2.916,2.952,0,0
4MS_PB,D,20231027,000000,2.937,2.998,2.921,2.983,0,0
4MS_PB,D,20231030,000000,2.983,3.039,2.932,3.024,0,0
4MS_PB,D,20231031,000000,3.024,3.08,2.978,2.978,0,0
4MS_PB,D,20231102,000000,2.988,3.218,2.988,3.218,0,0
4MS_PB,D,20231103,000000,3.218,3.367,3.167,3.29,0,0
4MS_PB,D,20231106,000000,3.331,3.413,3.3,3.367,0,0
4MS_PB,D,20231107,000000,3.367,3.402,3.29,3.326,0,0
4MS_PB,D,20231108,000000,3.361,3.479,3.361,3.418,0,0
4MS_PB,D,20231109,000000,3.402,3.566,3.402,3.566,0,0
4MS_PB,D,20231110,000000,3.571,3.571,3.479,3.479,0,0
4MS_PB,D,20231113,000000,3.397,3.561,3.397,3.53,0,0
4MS_PB,D,20231114,000000,3.53,3.566,3.101,3.116,0,0
4MS_PB,D,20231115,000000,3.223,3.223,2.818,2.818,0,0
4MS_PB,D,20231116,000000,2.785,2.915,2.785,2.878,0,0
4MS_PB,D,20231117,000000,2.882,2.896,2.822,2.892,0,0
4MS_PB,D,20231120,000000,2.892,2.91,2.813,2.836,0,0
4MS_PB,D,20231121,000000,2.832,2.832,2.744,2.785,0,0
4MS_PB,D,20231122,000000,2.762,2.795,2.679,2.79,0,0
4MS_PB,D,20231123,000000,2.79,2.79,2.725,2.762,0,0
4MS_PB,D,20231124,000000,2.735,2.762,2.707,2.725,0,0
4MS_PB,D,20231127,000000,2.739,2.79,2.721,2.735,0,0
4MS_PB,D,20231128,000000,2.772,2.813,2.767,2.767,0,0
4MS_PB,D,20231129,000000,2.804,2.804,2.679,2.693,0,0
4MS_PB,D,20231130,000000,2.762,2.762,2.605,2.67,0,0
4MS_PB,D,20231201,000000,2.67,2.799,2.67,2.725,0,0
4MS_PB,D,20231204,000000,2.711,2.781,2.711,2.772,0,0
4MS_PB,D,20231205,000000,2.781,2.846,2.735,2.813,0,0
4MS_PB,D,20231206,000000,2.813,2.813,2.776,2.781,0,0
4MS_PB,D,20231207,000000,2.776,2.776,2.744,2.744,0,0
4MS_PB,D,20231208,000000,2.772,2.818,2.725,2.725,0,0
4MS_PB,D,20231211,000000,2.725,2.762,2.725,2.725,0,0
4MS_PB,D,20231212,000000,2.725,2.753,2.711,2.721,0,0
4MS_PB,D,20231213,000000,2.698,2.711,2.665,2.679,0,0
4MS_PB,D,20231214,000000,2.661,2.702,2.661,2.674,0,0
4MS_PB,D,20231215,000000,2.674,2.739,2.674,2.725,0,0
4MS_PB,D,20231218,000000,2.725,2.725,2.633,2.661,0,0
4MS_PB,D,20231219,000000,2.693,2.693,2.61,2.647,0,0
4MS_PB,D,20231220,000000,2.665,2.698,2.638,2.684,0,0
4MS_PB,D,20231221,000000,2.698,2.725,2.67,2.698,0,0
4MS_PB,D,20231222,000000,2.725,2.725,2.661,2.688,0,0
4MS_PB,D,20231227,000000,2.693,2.721,2.656,2.656,0,0
4MS_PB,D,20231228,000000,2.665,2.716,2.665,2.67,0,0
4MS_PB,D,20231229,000000,2.67,2.716,2.665,2.711,0,0
4MS_PB,D,20240102,000000,2.813,2.979,2.813,2.896,0,0
4MS_PB,D,20240103,000000,2.919,2.975,2.882,2.892,0,0
4MS_PB,D,20240104,000000,2.906,2.933,2.869,2.878,0,0
4MS_PB,D,20240105,000000,2.906,2.933,2.869,2.887,0,0
4MS_PB,D,20240108,000000,2.906,2.97,2.906,2.952,0,0
4MS_PB,D,20240109,000000,2.956,3.215,2.956,3.15,0,0
4MS_PB,D,20240110,000000,3.141,3.229,3.141,3.224,0,0
4MS_PB,D,20240111,000000,3.234,3.414,3.234,3.303,0,0
4MS_PB,D,20240112,000000,3.303,3.386,3.224,3.261,0,0
4MS_PB,D,20240115,000000,3.243,3.349,3.132,3.349,0,0
4MS_PB,D,20240116,000000,3.349,3.349,3.289,3.331,0,0
4MS_PB,D,20240117,000000,3.298,3.331,3.243,3.289,0,0
4MS_PB,D,20240118,000000,3.28,3.307,3.247,3.261,0,0
4MS_PB,D,20240119,000000,3.261,3.317,3.252,3.303,0,0
4MS_PB,D,20240122,000000,3.303,3.317,3.243,3.257,0,0
4MS_PB,D,20240123,000000,3.257,3.321,3.234,3.28,0,0
4MS_PB,D,20240124,000000,3.28,3.326,3.28,3.303,0,0
4MS_PB,D,20240125,000000,3.317,3.317,3.257,3.289,0,0
4MS_PB,D,20240126,000000,3.303,3.372,3.261,3.372,0,0
4MS_PB,D,20240129,000000,3.437,3.645,3.437,3.631,0,0
4MS_PB,D,20240130,000000,3.645,3.709,3.608,3.631,0,0
4MS_PB,D,20240131,000000,3.617,3.672,3.548,3.548,0,0
4MS_PB,D,20240201,000000,3.557,3.663,3.534,3.566,0,0
4MS_PB,D,20240202,000000,3.64,3.64,3.46,3.612,0,0
4MS_PB,D,20240205,000000,3.612,3.612,3.52,3.529,0,0
4MS_PB,D,20240206,000000,3.557,3.709,3.552,3.709,0,0
4MS_PB,D,20240207,000000,3.732,3.788,3.732,3.76,0,0
4MS_PB,D,20240208,000000,3.76,3.876,3.76,3.834,0,0
4MS_PB,D,20240209,000000,3.848,3.876,3.779,3.852,0,0
4MS_PB,D,20240212,000000,3.88,3.88,3.751,3.825,0,0
4MS_PB,D,20240213,000000,3.811,3.811,3.589,3.686,0,0
4MS_PB,D,20240214,000000,3.686,3.728,3.386,3.386,0,0
4MS_PB,D,20240215,000000,3.442,3.442,2.998,3.2,0,0
4MS_PB,D,20240216,000000,3.235,3.364,3.235,3.364,0,0
4MS_PB,D,20240219,000000,3.364,3.364,3.153,3.192,0,0
4MS_PB,D,20240220,000000,3.149,3.187,3.11,3.17,0,0
4MS_PB,D,20240221,000000,3.157,3.243,3.062,3.062,0,0
4MS_PB,D,20240222,000000,3.084,3.084,2.955,3.032,0,0
4MS_PB,D,20240223,000000,3.041,3.187,3.041,3.174,0,0
4MS_PB,D,20240226,000000,3.166,3.166,3.062,3.067,0,0
4MS_PB,D,20240227,000000,3.067,3.149,3.062,3.14,0,0
4MS_PB,D,20240228,000000,3.14,3.14,3.019,3.036,0,0
4MS_PB,D,20240229,000000,3.036,3.045,2.937,2.998,0,0
4MS_PB,D,20240301,000000,2.976,2.976,2.872,2.929,0,0
4MS_PB,D,20240304,000000,2.929,2.989,2.868,2.898,0,0
4MS_PB,D,20240305,000000,2.916,3.209,2.916,3.041,0,0
4MS_PB,D,20240306,000000,3.105,3.118,3.011,3.019,0,0
4MS_PB,D,20240307,000000,3.019,3.08,2.955,2.998,0,0
4MS_PB,D,20240308,000000,2.998,3.062,2.998,3.032,0,0
4MS_PB,D,20240311,000000,3.058,3.097,3.019,3.058,0,0
4MS_PB,D,20240312,000000,3.058,3.084,3.019,3.019,0,0
4MS_PB,D,20240313,000000,3.054,3.054,2.963,2.963,0,0
4MS_PB,D,20240314,000000,2.963,3.019,2.929,2.963,0,0
4MS_PB,D,20240315,000000,2.976,3.015,2.868,2.89,0,0
4MS_PB,D,20240318,000000,2.89,2.89,2.722,2.735,0,0
4MS_PB,D,20240319,000000,2.735,2.89,2.735,2.816,0,0
4MS_PB,D,20240320,000000,2.812,2.924,2.786,2.786,0,0
4MS_PB,D,20240321,000000,2.765,2.972,2.765,2.972,0,0
4MS_PB,D,20240322,000000,3.019,3.23,3.019,3.187,0,0
4MS_PB,D,20240325,000000,3.256,3.312,3.192,3.192,0,0
4MS_PB,D,20240326,000000,3.226,3.226,3.131,3.226,0,0
4MS_PB,D,20240327,000000,3.161,3.256,3.161,3.205,0,0
4MS_PB,D,20240328,000000,3.213,3.252,3.192,3.226,0,0
4MS_PB,D,20240402,000000,3.209,3.23,3.153,3.205,0,0
4MS_PB,D,20240403,000000,3.226,3.226,3.166,3.166,0,0
4MS_PB,D,20240404,000000,3.149,3.192,3.088,3.097,0,0
4MS_PB,D,20240405,000000,3.118,3.118,3.045,3.105,0,0
4MS_PB,D,20240408,000000,3.105,3.105,3.067,3.101,0,0
4MS_PB,D,20240409,000000,3.097,3.118,3.071,3.114,0,0
4MS_PB,D,20240410,000000,3.105,3.131,3.071,3.071,0,0
4MS_PB,D,20240411,000000,3.071,3.123,2.98,3.028,0,0
4MS_PB,D,20240412,000000,2.989,3.071,2.989,3.054,0,0
4MS_PB,D,20240415,000000,3.054,3.054,2.95,2.967,0,0
4MS_PB,D,20240416,000000,2.933,2.998,2.894,2.924,0,0
4MS_PB,D,20240417,000000,2.972,2.972,2.907,2.916,0,0
4MS_PB,D,20240418,000000,2.881,2.942,2.877,2.929,0,0
4MS_PB,D,20240419,000000,2.946,2.95,2.903,2.942,0,0
4MS_PB,D,20240422,000000,2.942,3.041,2.942,3.015,0,0
4MS_PB,D,20240423,000000,3.015,3.015,2.933,2.946,0,0
4MS_PB,D,20240424,000000,2.972,2.972,2.803,2.803,0,0
4MS_PB,D,20240425,000000,2.812,2.885,2.812,2.847,0,0
4MS_PB,D,20240426,000000,2.872,2.872,2.816,2.847,0,0
4MS_PB,D,20240429,000000,2.838,2.959,2.812,2.92,0,0
4MS_PB,D,20240430,000000,2.933,2.976,2.898,2.963,0,0
4MS_PB,D,20240502,000000,2.963,2.998,2.911,2.985,0,0
4MS_PB,D,20240506,000000,2.98,3.008,2.933,3.008,0,0
4MS_PB,D,20240507,000000,3.003,3.025,2.977,2.977,0,0
4MS_PB,D,20240508,000000,3.021,3.074,2.985,3.021,0,0
4MS_PB,D,20240509,000000,3.065,3.065,2.999,2.999,0,0
4MS_PB,D,20240510,000000,2.994,2.994,2.968,2.985,0,0
4MS_PB,D,20240513,000000,2.981,3.012,2.774,2.893,0,0
4MS_PB,D,20240514,000000,2.893,2.968,2.853,2.862,0,0
4MS_PB,D,20240515,000000,2.862,2.889,2.756,2.774,0,0
4MS_PB,D,20240516,000000,2.673,2.761,2.642,2.708,0,0
4MS_PB,D,20240517,000000,2.717,2.818,2.717,2.796,0,0
4MS_PB,D,20240520,000000,2.805,3.012,2.776,2.776,0,0
4MS_PB,D,20240521,000000,2.78,2.78,2.699,2.719,0,0
4MS_PB,D,20240522,000000,2.74,2.74,2.65,2.691,0,0
4MS_PB,D,20240523,000000,2.682,2.682,2.531,2.576,0,0
4MS_PB,D,20240524,000000,2.548,2.601,2.494,2.503,0,0
4MS_PB,D,20240527,000000,2.466,2.494,2.441,2.441,0,0
4MS_PB,D,20240528,000000,2.433,2.433,2.278,2.31,0,0
4MS_PB,D,20240529,000000,2.31,2.49,2.31,2.417,0,0
4MS_PB,D,20240531,000000,2.417,2.527,2.417,2.494,0,0
4MS_PB,D,20240603,000000,2.494,2.548,2.47,2.515,0,0
4MS_PB,D,20240604,000000,2.498,2.539,2.498,2.523,0,0
4MS_PB,D,20240605,000000,2.494,2.535,2.494,2.498,0,0
4MS_PB,D,20240606,000000,2.503,2.523,2.486,2.49,0,0
4MS_PB,D,20240607,000000,2.494,2.498,2.437,2.462,0,0
4MS_PB,D,20240610,000000,2.474,2.511,2.429,2.445,0,0
4MS_PB,D,20240611,000000,2.441,2.454,2.384,2.437,0,0
4MS_PB,D,20240612,000000,2.412,2.437,2.343,2.343,0,0
4MS_PB,D,20240613,000000,2.404,2.404,2.359,2.392,0,0
4MS_PB,D,20240614,000000,2.372,2.412,2.351,2.412,0,0
4MS_PB,D,20240617,000000,2.412,2.433,2.327,2.433,0,0
4MS_PB,D,20240618,000000,2.433,2.445,2.38,2.425,0,0
4MS_PB,D,20240619,000000,2.412,2.412,2.335,2.351,0,0
4MS_PB,D,20240620,000000,2.331,2.335,2.302,2.327,0,0
4MS_PB,D,20240621,000000,2.339,2.388,2.339,2.388,0,0
4MS_PB,D,20240624,000000,2.408,2.408,2.351,2.351,0,0
4MS_PB,D,20240625,000000,2.4,2.4,2.339,2.388,0,0
4MS_PB,D,20240626,000000,2.396,2.396,2.31,2.368,0,0
4MS_PB,D,20240627,000000,2.363,2.4,2.331,2.372,0,0
4MS_PB,D,20240628,000000,2.38,2.421,2.359,2.4,0,0
4MS_PB,D,20240701,000000,2.4,2.441,2.331,2.376,0,0
4MS_PB,D,20240702,000000,2.327,2.331,2.249,2.274,0,0
4MS_PB,D,20240703,000000,2.249,2.417,2.249,2.404,0,0
4MS_PB,D,20240704,000000,2.421,2.454,2.331,2.343,0,0
4MS_PB,D,20240705,000000,2.327,2.388,2.327,2.363,0,0
4MS_PB,D,20240708,000000,2.363,2.4,2.331,2.351,0,0
4MS_PB,D,20240709,000000,2.351,2.368,2.331,2.355,0,0
4MS_PB,D,20240710,000000,2.355,2.437,2.351,2.392,0,0
4MS_PB,D,20240711,000000,2.388,2.404,2.351,2.376,0,0
4MS_PB,D,20240712,000000,2.384,2.552,2.359,2.548,0,0
4MS_PB,D,20240715,000000,2.576,2.617,2.552,2.617,0,0
4MS_PB,D,20240716,000000,2.617,2.617,2.449,2.449,0,0
4MS_PB,D,20240717,000000,2.47,2.503,2.433,2.498,0,0
4MS_PB,D,20240718,000000,2.503,2.531,2.454,2.454,0,0
4MS_PB,D,20240719,000000,2.478,2.507,2.437,2.49,0,0
4MS_PB,D,20240722,000000,2.49,2.49,2.454,2.466,0,0
4MS_PB,D,20240723,000000,2.474,2.515,2.474,2.486,0,0
4MS_PB,D,20240724,000000,2.462,2.531,2.462,2.462,0,0
4MS_PB,D,20240725,000000,2.458,2.523,2.433,2.486,0,0
4MS_PB,D,20240726,000000,2.486,2.629,2.486,2.617,0,0
4MS_PB,D,20240729,000000,2.617,2.654,2.56,2.56,0,0
4MS_PB,D,20240730,000000,2.568,2.637,2.552,2.552,0,0
4MS_PB,D,20240731,000000,2.56,2.646,2.548,2.592,0,0
4MS_PB,D,20240801,000000,2.613,2.65,2.576,2.601,0,0
4MS_PB,D,20240802,000000,2.568,2.613,2.543,2.552,0,0
4MS_PB,D,20240805,000000,2.519,2.527,2.421,2.527,0,0
4MS_PB,D,20240806,000000,2.535,2.597,2.527,2.543,0,0
4MS_PB,D,20240807,000000,2.56,2.605,2.56,2.597,0,0
4MS_PB,D,20240808,000000,2.568,2.748,2.568,2.744,0,0
4MS_PB,D,20240809,000000,2.752,2.797,2.699,2.727,0,0
4MS_PB,D,20240812,000000,2.703,2.736,2.654,2.674,0,0
4MS_PB,D,20240813,000000,2.67,2.736,2.65,2.658,0,0
4MS_PB,D,20240814,000000,2.719,2.719,2.56,2.588,0,0
4MS_PB,D,20240816,000000,2.535,2.719,2.379,2.379,0,0
4MS_PB,D,20240819,000000,2.372,2.383,2.286,2.35,0,0
4MS_PB,D,20240820,000000,2.309,2.331,2.286,2.312,0,0
4MS_PB,D,20240821,000000,2.297,2.368,2.297,2.368,0,0
4MS_PB,D,20240822,000000,2.372,2.379,2.32,2.361,0,0
4MS_PB,D,20240823,000000,2.368,2.368,2.242,2.324,0,0
4MS_PB,D,20240826,000000,2.312,2.331,2.294,2.312,0,0
4MS_PB,D,20240827,000000,2.279,2.312,2.279,2.309,0,0
4MS_PB,D,20240828,000000,2.309,2.331,2.283,2.331,0,0
4MS_PB,D,20240829,000000,2.338,2.413,2.301,2.353,0,0
4MS_PB,D,20240830,000000,2.338,2.376,2.324,2.35,0,0
4MS_PB,D,20240902,000000,2.327,2.342,2.279,2.301,0,0
4MS_PB,D,20240903,000000,2.305,2.316,2.268,2.275,0,0
4MS_PB,D,20240904,000000,2.256,2.29,2.204,2.256,0,0
4MS_PB,D,20240905,000000,2.215,2.268,2.2,2.238,0,0
4MS_PB,D,20240906,000000,2.238,2.268,2.219,2.242,0,0
4MS_PB,D,20240909,000000,2.234,2.256,2.212,2.212,0,0
4MS_PB,D,20240910,000000,2.26,2.26,2.163,2.2,0,0
4MS_PB,D,20240911,000000,2.2,2.23,2.171,2.219,0,0
4MS_PB,D,20240912,000000,2.2,2.219,2.2,2.208,0,0
4MS_PB,D,20240913,000000,2.219,2.219,2.171,2.178,0,0
4MS_PB,D,20240916,000000,2.204,2.204,2.182,2.193,0,0
4MS_PB,D,20240917,000000,2.193,2.204,2.174,2.189,0,0
4MS_PB,D,20240918,000000,2.182,2.215,2.178,2.178,0,0
4MS_PB,D,20240919,000000,2.197,2.2,2.174,2.174,0,0
4MS_PB,D,20240920,000000,2.178,2.193,2.171,2.182,0,0
4MS_PB,D,20240923,000000,2.189,2.193,2.167,2.182,0,0
4MS_PB,D,20240924,000000,2.148,2.178,2.141,2.141,0,0
4MS_PB,D,20240925,000000,2.141,2.174,2.137,2.163,0,0
4MS_PB,D,20240926,000000,2.171,2.197,2.144,2.197,0,0
4MS_PB,D,20240927,000000,2.197,2.219,2.167,2.171,0,0
4MS_PB,D,20240930,000000,2.171,2.215,2.148,2.171,0,0
4MS_PB,D,20241001,000000,2.171,2.178,2.144,2.163,0,0
4MS_PB,D,20241002,000000,2.163,2.268,2.156,2.219,0,0
4MS_PB,D,20241003,000000,2.219,2.305,2.178,2.271,0,0
4MS_PB,D,20241004,000000,2.271,2.379,2.271,2.35,0,0
4MS_PB,D,20241007,000000,2.368,2.417,2.368,2.379,0,0
4MS_PB,D,20241008,000000,2.398,2.398,2.353,2.379,0,0
4MS_PB,D,20241009,000000,2.387,2.387,2.338,2.372,0,0
4MS_PB,D,20241010,000000,2.376,2.424,2.376,2.424,0,0
4MS_PB,D,20241011,000000,2.424,2.517,2.391,2.443,0,0
4MS_PB,D,20241014,000000,2.491,2.544,2.469,2.536,0,0
4MS_PB,D,20241015,000000,2.547,2.667,2.547,2.626,0,0
4MS_PB,D,20241016,000000,2.663,2.663,2.592,2.648,0,0
4MS_PB,D,20241017,000000,2.655,2.667,2.573,2.611,0,0
4MS_PB,D,20241018,000000,2.555,2.648,2.555,2.588,0,0
4MS_PB,D,20241021,000000,2.644,2.644,2.592,2.641,0,0
4MS_PB,D,20241022,000000,2.644,2.644,2.559,2.6,0,0
4MS_PB,D,20241023,000000,2.618,2.626,2.499,2.6,0,0
4MS_PB,D,20241024,000000,2.592,2.626,2.585,2.626,0,0
4MS_PB,D,20241025,000000,2.562,2.611,2.562,2.611,0,0
4MS_PB,D,20241028,000000,2.611,2.641,2.585,2.611,0,0
4MS_PB,D,20241029,000000,2.611,2.629,2.596,2.626,0,0
4MS_PB,D,20241030,000000,2.626,2.641,2.603,2.629,0,0
4MS_PB,D,20241031,000000,2.611,2.629,2.6,2.626,0,0
4MS_PB,D,20241104,000000,2.626,2.626,2.585,2.592,0,0
4MS_PB,D,20241105,000000,2.603,2.618,2.573,2.614,0,0
4MS_PB,D,20241106,000000,2.596,2.622,2.577,2.603,0,0
4MS_PB,D,20241107,000000,2.607,2.611,2.585,2.611,0,0
4MS_PB,D,20241108,000000,2.622,2.622,2.566,2.592,0,0
4MS_PB,D,20241112,000000,2.573,2.592,2.502,2.573,0,0
4MS_PB,D,20241113,000000,2.573,2.611,2.517,2.573,0,0
4MS_PB,D,20241114,000000,2.555,2.573,2.365,2.491,0,0
4MS_PB,D,20241115,000000,2.499,2.529,2.417,2.458,0,0
4MS_PB,D,20241118,000000,2.458,2.536,2.238,2.238,0,0
4MS_PB,D,20241119,000000,2.238,2.3,2.18,2.211,0,0
4MS_PB,D,20241120,000000,2.17,2.266,2.17,2.225,0,0
4MS_PB,D,20241121,000000,2.225,2.262,2.197,2.221,0,0
4MS_PB,D,20241122,000000,2.231,2.231,2.183,2.211,0,0
4MS_PB,D,20241125,000000,2.211,2.231,2.139,2.139,0,0
4MS_PB,D,20241126,000000,2.159,2.197,2.142,2.17,0,0
4MS_PB,D,20241127,000000,2.156,2.187,2.142,2.156,0,0
4MS_PB,D,20241128,000000,2.153,2.207,2.153,2.207,0,0
4MS_PB,D,20241129,000000,2.211,2.225,2.125,2.153,0,0
4MS_PB,D,20241202,000000,2.129,2.228,2.129,2.163,0,0
4MS_PB,D,20241203,000000,2.197,2.204,2.159,2.159,0,0
4MS_PB,D,20241204,000000,2.159,2.228,2.135,2.197,0,0
4MS_PB,D,20241205,000000,2.163,2.207,2.163,2.194,0,0
4MS_PB,D,20241206,000000,2.214,2.321,2.214,2.314,0,0
4MS_PB,D,20241209,000000,2.328,2.341,2.235,2.252,0,0
4MS_PB,D,20241210,000000,2.242,2.28,2.235,2.259,0,0
4MS_PB,D,20241211,000000,2.317,2.317,2.225,2.231,0,0
4MS_PB,D,20241212,000000,2.214,2.262,2.197,2.218,0,0
4MS_PB,D,20241213,000000,2.17,2.228,2.17,2.19,0,0
4MS_PB,D,20241216,000000,2.19,2.228,2.183,2.201,0,0
4MS_PB,D,20241217,000000,2.231,2.231,2.177,2.177,0,0
4MS_PB,D,20241218,000000,2.177,2.214,2.177,2.207,0,0
4MS_PB,D,20241219,000000,2.207,2.207,2.129,2.129,0,0
4MS_PB,D,20241220,000000,2.115,2.163,2.111,2.142,0,0
4MS_PB,D,20241223,000000,2.156,2.156,2.108,2.132,0,0
4MS_PB,D,20241227,000000,2.111,2.159,2.101,2.156,0,0
4MS_PB,D,20241230,000000,2.146,2.197,2.132,2.197,0,0
4MS_PB,D,20250102,000000,2.231,2.331,2.231,2.286,0,0
4MS_PB,D,20250103,000000,2.286,2.297,2.238,2.28,0,0
4MS_PB,D,20250107,000000,2.341,2.341,2.3,2.31,0,0
4MS_PB,D,20250108,000000,2.324,2.324,2.286,2.29,0,0
4MS_PB,D,20250109,000000,2.3,2.328,2.3,2.314,0,0
4MS_PB,D,20250110,000000,2.324,2.379,2.324,2.376,0,0
4MS_PB,D,20250113,000000,2.376,2.407,2.376,2.376,0,0
4MS_PB,D,20250114,000000,2.389,2.516,2.389,2.482,0,0
4MS_PB,D,20250115,000000,2.482,2.513,2.479,2.506,0,0
4MS_PB,D,20250116,000000,2.516,2.54,2.496,2.516,0,0
4MS_PB,D,20250117,000000,2.516,2.537,2.448,2.489,0,0
4MS_PB,D,20250120,000000,2.496,2.534,2.496,2.523,0,0
4MS_PB,D,20250121,000000,2.523,2.523,2.472,2.475,0,0
4MS_PB,D,20250122,000000,2.475,2.499,2.441,2.455,0,0
4MS_PB,D,20250123,000000,2.455,2.472,2.455,2.468,0,0
4MS_PB,D,20250124,000000,2.462,2.462,2.413,2.448,0,0
4MS_PB,D,20250127,000000,2.438,2.468,2.424,2.465,0,0
4MS_PB,D,20250128,000000,2.468,2.489,2.403,2.451,0,0
4MS_PB,D,20250129,000000,2.451,2.472,2.413,2.413,0,0
4MS_PB,D,20250130,000000,2.427,2.441,2.396,2.427,0,0
4MS_PB,D,20250131,000000,2.407,2.413,2.386,2.389,0,0
4MS_PB,D,20250203,000000,2.386,2.386,2.355,2.369,0,0
4MS_PB,D,20250204,000000,2.369,2.386,2.317,2.334,0,0
4MS_PB,D,20250205,000000,2.359,2.376,2.3,2.376,0,0
4MS_PB,D,20250206,000000,2.386,2.396,2.314,2.359,0,0
4MS_PB,D,20250207,000000,2.355,2.389,2.334,2.369,0,0
4MS_PB,D,20250210,000000,2.369,2.4,2.365,2.379,0,0
4MS_PB,D,20250211,000000,2.379,2.386,2.348,2.365,0,0
4MS_PB,D,20250212,000000,2.396,2.4,2.352,2.365,0,0
4MS_PB,D,20250213,000000,2.355,2.383,2.314,2.334,0,0
4MS_PB,D,20250214,000000,2.365,2.365,2.304,2.348,0,0
4MS_PB,D,20250217,000000,2.314,2.389,2.314,2.355,0,0
4MS_PB,D,20250218,000000,2.362,2.383,2.338,2.383,0,0
4MS_PB,D,20250219,000000,2.386,2.389,2.307,2.348,0,0
4MS_PB,D,20250220,000000,2.317,2.376,2.269,2.31,0,0
4MS_PB,D,20250221,000000,2.307,2.355,2.273,2.352,0,0
4MS_PB,D,20250224,000000,2.317,2.376,2.3,2.314,0,0
4MS_PB,D,20250225,000000,2.314,2.331,2.286,2.314,0,0
4MS_PB,D,20250226,000000,2.314,2.328,2.29,2.3,0,0
4MS_PB,D,20250227,000000,2.317,2.334,2.273,2.314,0,0
4MS_PB,D,20250228,000000,2.307,2.307,2.266,2.304,0,0
4MS_PB,D,20250303,000000,2.304,2.304,2.238,2.273,0,0
4MS_PB,D,20250304,000000,2.228,2.228,2.146,2.146,0,0
4MS_PB,D,20250305,000000,2.163,2.228,2.163,2.18,0,0
4MS_PB,D,20250306,000000,2.18,2.218,2.166,2.183,0,0
4MS_PB,D,20250307,000000,2.156,2.197,2.142,2.146,0,0
4MS_PB,D,20250310,000000,2.18,2.197,2.149,2.187,0,0
4MS_PB,D,20250311,000000,2.18,2.18,2.101,2.122,0,0
4MS_PB,D,20250312,000000,2.142,2.197,2.094,2.177,0,0
4MS_PB,D,20250313,000000,2.197,2.197,2.135,2.166,0,0
4MS_PB,D,20250314,000000,2.166,2.19,2.125,2.18,0,0
4MS_PB,D,20250317,000000,2.18,2.19,2.153,2.18,0,0
4MS_PB,D,20250318,000000,2.19,2.194,2.153,2.18,0,0
4MS_PB,D,20250319,000000,2.163,2.17,2.153,2.166,0,0
4MS_PB,D,20250320,000000,2.166,2.166,2.146,2.159,0,0
4MS_PB,D,20250321,000000,2.156,2.156,2.105,2.153,0,0
4MS_PB,D,20250324,000000,2.153,2.293,2.129,2.29,0,0
4MS_PB,D,20250325,000000,2.293,2.293,2.214,2.231,0,0
4MS_PB,D,20250326,000000,2.242,2.245,2.204,2.231,0,0
4MS_PB,D,20250327,000000,2.225,2.225,2.18,2.204,0,0
4MS_PB,D,20250328,000000,2.197,2.207,2.163,2.177,0,0
4MS_PB,D,20250331,000000,2.153,2.19,2.132,2.132,0,0
4MS_PB,D,20250401,000000,2.159,2.197,2.159,2.18,0,0
4MS_PB,D,20250402,000000,2.187,2.19,2.156,2.18,0,0
4MS_PB,D,20250403,000000,2.163,2.194,2.105,2.125,0,0
4MS_PB,D,20250404,000000,2.108,2.159,2.008,2.074,0,0
4MS_PB,D,20250407,000000,2.06,2.06,1.933,1.991,0,0
4MS_PB,D,20250408,000000,2.053,2.06,2.025,2.05,0,0
4MS_PB,D,20250409,000000,2.032,2.032,1.974,2.029,0,0
4MS_PB,D,20250410,000000,2.074,2.074,2.012,2.036,0,0
4MS_PB,D,20250411,000000,2.022,2.067,2.022,2.05,0,0
4MS_PB,D,20250414,000000,2.025,2.05,2.001,2.043,0,0
4MS_PB,D,20250415,000000,2.025,2.06,2.008,2.043,0,0
4MS_PB,D,20250416,000000,2.043,2.043,1.995,2.029,0,0
4MS_PB,D,20250417,000000,2.029,2.032,2.001,2.015,0,0
4MS_PB,D,20250422,000000,2.036,2.043,1.988,2.019,0,0
4MS_PB,D,20250423,000000,2.001,2.053,2.001,2.05,0,0
4MS_PB,D,20250424,000000,2.05,2.074,2.008,2.032,0,0
4MS_PB,D,20250425,000000,2.056,2.056,2.001,2.029,0,0
4MS_PB,D,20250428,000000,2.05,2.05,2.005,2.025,0,0
4MS_PB,D,20250429,000000,2.036,2.036,2.005,2.022,0,0
4MS_PB,D,20250430,000000,2.012,2.032,1.895,1.895,0,0
4MS_PB,D,20250502,000000,1.84,1.844,1.734,1.778,0,0
4MS_PB,D,20250505,000000,1.778,1.778,1.632,1.632,0,0
4MS_PB,D,20250506,000000,1.63,1.717,1.605,1.717,0,0
4MS_PB,D,20250507,000000,1.717,1.747,1.677,1.724,0,0
4MS_PB,D,20250508,000000,1.724,1.724,1.667,1.674,0,0
4MS_PB,D,20250509,000000,1.674,1.697,1.65,1.68,0,0
4MS_PB,D,20250512,000000,1.66,1.697,1.652,1.664,0,0
4MS_PB,D,20250513,000000,1.65,1.684,1.6,1.624,0,0
4MS_PB,D,20250514,000000,1.602,1.647,1.58,1.595,0,0
4MS_PB,D,20250515,000000,1.595,1.644,1.577,1.634,0,0
4MS_PB,D,20250516,000000,1.63,1.63,1.555,1.564,0,0
4MS_PB,D,20250519,000000,1.562,1.562,1.424,1.434,0,0
4MS_PB,D,20250520,000000,1.42,1.447,1.279,1.372,0,0
4MS_PB,D,20250521,000000,1.384,1.484,1.384,1.465,0,0
4MS_PB,D,20250522,000000,1.465,1.482,1.447,1.447,0,0
4MS_PB,D,20250523,000000,1.467,1.467,1.374,1.425,0,0
4MS_PB,D,20250526,000000,1.4,1.47,1.4,1.449,0,0
4MS_PB,D,20250527,000000,1.455,1.455,1.404,1.447,0,0
4MS_PB,D,20250528,000000,1.447,1.45,1.407,1.424,0,0
4MS_PB,D,20250529,000000,1.424,1.45,1.42,1.447,0,0
4MS_PB,D,20250530,000000,1.447,1.459,1.404,1.447,0,0
4MS_PB,D,20250602,000000,1.317,1.364,1.317,1.347,0,0
4MS_PB,D,20250603,000000,1.34,1.35,1.294,1.317,0,0
4MS_PB,D,20250604,000000,1.317,1.357,1.299,1.309,0,0
4MS_PB,D,20250605,000000,1.31,1.418,1.292,1.407,0,0
4MS_PB,D,20250606,000000,1.413,1.413,1.361,1.39,0,0
4MS_PB,D,20250609,000000,1.39,1.419,1.358,1.419,0,0
4MS_PB,D,20250610,000000,1.419,1.471,1.419,1.458,0,0
4MS_PB,D,20250611,000000,1.46,1.542,1.452,1.542,0,0
4MS_PB,D,20250612,000000,1.542,1.562,1.39,1.513,0,0
4MS_PB,D,20250613,000000,1.542,1.542,1.479,1.52,0,0
4MS_PB,D,20250616,000000,1.52,1.531,1.481,1.5,0,0
4MS_PB,D,20250617,000000,1.513,1.537,1.426,1.505,0,0
4MS_PB,D,20250618,000000,1.512,1.512,1.455,1.494,0,0
4MS_PB,D,20250620,000000,1.458,1.478,1.442,1.466,0,0
4MS_PB,D,20250623,000000,1.452,1.461,1.374,1.39,0,0
4MS_PB,D,20250624,000000,1.403,1.407,1.371,1.397,0,0
4MS_PB,D,20250625,000000,1.374,1.419,1.371,1.39,0,0
4MS_PB,D,20250626,000000,1.39,1.419,1.39,1.407,0,0
4MS_PB,D,20250627,000000,1.407,1.416,1.39,1.41,0,0
4MS_PB,D,20250630,000000,1.413,1.423,1.392,1.402,0,0
4MS_PB,D,20250701,000000,1.402,1.408,1.39,1.407,0,0
4MS_PB,D,20250702,000000,1.408,1.408,1.39,1.405,0,0
4MS_PB,D,20250703,000000,1.407,1.407,1.39,1.4,0,0
4MS_PB,D,20250704,000000,1.4,1.4,1.39,1.4,0,0
4MS_PB,D,20250707,000000,1.407,1.407,1.39,1.4,0,0
4MS_PB,D,20250708,000000,1.39,1.407,1.39,1.405,0,0
4MS_PB,D,20250709,000000,1.39,1.405,1.39,1.4,0,0
4MS_PB,D,20250710,000000,1.4,1.481,1.4,1.468,0,0
4MS_PB,D,20250711,000000,1.479,1.512,1.479,1.487,0,0
4MS_PB,D,20250714,000000,1.484,1.487,1.426,1.436,0,0
4MS_PB,D,20250715,000000,1.436,1.497,1.421,1.487,0,0
4MS_PB,D,20250716,000000,1.491,1.507,1.457,1.497,0,0
4MS_PB,D,20250717,000000,1.497,1.515,1.486,1.504,0,0
4MS_PB,D,20250718,000000,1.504,1.513,1.461,1.492,0,0
4MS_PB,D,20250721,000000,1.463,1.534,1.463,1.513,0,0
4MS_PB,D,20250722,000000,1.513,1.513,1.479,1.502,0,0
4MS_PB,D,20250723,000000,1.502,1.536,1.489,1.52,0,0
4MS_PB,D,20250724,000000,1.504,1.534,1.494,1.494,0,0
4MS_PB,D,20250725,000000,1.497,1.544,1.497,1.52,0,0
4MS_PB,D,20250728,000000,1.51,1.533,1.495,1.5,0,0
4MS_PB,D,20250729,000000,1.5,1.515,1.486,1.505,0,0
4MS_PB,D,20250730,000000,1.482,1.512,1.471,1.487,0,0
4MS_PB,D,20250731,000000,1.487,1.5,1.457,1.487,0,0
4MS_PB,D,20250801,000000,1.481,1.481,1.423,1.449,0,0
4MS_PB,D,20250804,000000,1.449,1.449,1.4,1.419,0,0
4MS_PB,D,20250805,000000,1.402,1.429,1.4,1.426,0,0
4MS_PB,D,20250806,000000,1.423,1.428,1.403,1.423,0,0
4MS_PB,D,20250807,000000,1.395,1.436,1.395,1.436,0,0
4MS_PB,D,20250808,000000,1.436,1.436,1.411,1.432,0,0
4MS_PB,D,20250811,000000,1.432,1.439,1.405,1.407,0,0
4MS_PB,D,20250812,000000,1.434,1.436,1.41,1.41,0,0
4MS_PB,D,20250813,000000,1.407,1.502,1.407,1.5,0,0
4MS_PB,D,20250814,000000,1.508,1.565,1.489,1.558,0,0
4MS_PB,D,20250818,000000,1.558,1.558,1.491,1.529,0,0
4MS_PB,D,20250819,000000,1.529,1.573,1.52,1.565,0,0
4MS_PB,D,20250820,000000,1.573,1.643,1.565,1.613,0,0
4MS_PB,D,20250821,000000,1.613,1.63,1.584,1.6,0,0
4MS_PB,D,20250822,000000,1.597,1.604,1.571,1.604,0,0
4MS_PB,D,20250825,000000,1.604,1.63,1.6,1.617,0,0
4MS_PB,D,20250826,000000,1.617,1.626,1.6,1.623,0,0
4MS_PB,D,20250827,000000,1.626,1.626,1.586,1.613,0,0
4MS_PB,D,20250828,000000,1.613,1.626,1.584,1.626,0,0
4MS_PB,D,20250829,000000,1.623,1.623,1.597,1.615,0,0
4MS_PB,D,20250901,000000,1.617,1.617,1.591,1.594,0,0
4MS_PB,D,20250902,000000,1.591,1.591,1.542,1.565,0,0
4MS_PB,D,20250903,000000,1.536,1.555,1.52,1.536,0,0
4MS_PB,D,20250904,000000,1.52,1.534,1.507,1.528,0,0
4MS_PB,D,20250905,000000,1.52,1.558,1.52,1.552,0,0
4MS_PB,D,20250908,000000,1.55,1.55,1.52,1.539,0,0
4MS_PB,D,20250909,000000,1.541,1.558,1.512,1.533,0,0
4MS_PB,D,20250910,000000,1.533,1.536,1.51,1.533,0,0
4MS_PB,D,20250911,000000,1.533,1.533,1.494,1.497,0,0
4MS_PB,D,20250912,000000,1.497,1.504,1.471,1.504,0,0
4MS_PB,D,20250915,000000,1.474,1.507,1.461,1.484,0,0
4MS_PB,D,20250916,000000,1.484,1.487,1.439,1.468,0,0
4MS_PB,D,20250917,000000,1.466,1.471,1.445,1.471,0,0
4MS_PB,D,20250918,000000,1.452,1.507,1.452,1.47,0,0
4MS_PB,D,20250919,000000,1.471,1.505,1.471,1.504,0,0
4MS_PB,D,20250922,000000,1.504,1.504,1.455,1.486,0,0
4MS_PB,D,20250923,000000,1.484,1.484,1.434,1.465,0,0
4MS_PB,D,20250924,000000,1.455,1.478,1.442,1.478,0,0
4MS_PB,D,20250925,000000,1.432,1.494,1.429,1.494,0,0
4MS_PB,D,20250926,000000,1.497,1.507,1.442,1.507,0,0
4MS_PB,D,20250929,000000,1.507,1.52,1.458,1.508,0,0
4MS_PB,D,20250930,000000,1.507,1.507,1.465,1.499,0,0
4MS_PB,D,20251001,000000,1.449,1.449,1.372,1.372,0,0
4MS_PB,D,20251002,000000,1.372,1.385,1.341,1.36,0,0
4MS_PB,D,20251003,000000,1.353,1.367,1.341,1.35,0,0
4MS_PB,D,20251006,000000,1.344,1.381,1.341,1.378,0,0
4MS_PB,D,20251007,000000,1.378,1.383,1.371,1.38,0,0
4MS_PB,D,20251008,000000,1.372,1.4,1.372,1.4,0,0
4MS_PB,D,20251009,000000,1.4,1.409,1.388,1.391,0,0
4MS_PB,D,20251010,000000,1.391,1.402,1.35,1.381,0,0
4MS_PB,D,20251013,000000,1.381,1.381,1.35,1.381,0,0
4MS_PB,D,20251014,000000,1.38,1.394,1.363,1.372,0,0
4MS_PB,D,20251015,000000,1.372,1.397,1.372,1.381,0,0
4MS_PB,D,20251016,000000,1.361,1.413,1.361,1.413,0,0
4MS_PB,D,20251017,000000,1.403,1.403,1.363,1.402,0,0
4MS_PB,D,20251020,000000,1.366,1.419,1.366,1.4,0,0
4MS_PB,D,20251021,000000,1.397,1.406,1.38,1.406,0,0
4MS_PB,D,20251022,000000,1.4,1.405,1.383,1.403,0,0
4MS_PB,D,20251023,000000,1.403,1.419,1.388,1.419,0,0
4MS_PB,D,20251024,000000,1.413,1.422,1.413,1.422,0,0
4MS_PB,D,20251027,000000,1.422,1.422,1.38,1.413,0,0
4MS_PB,D,20251028,000000,1.383,1.403,1.383,1.392,0,0
4MS_PB,D,20251029,000000,1.38,1.385,1.347,1.369,0,0
4MS_PB,D,20251030,000000,1.344,1.372,1.344,1.356,0,0
4MS_PB,D,20251031,000000,1.356,1.356,1.341,1.352,0,0
4MS_PB,D,20251103,000000,1.355,1.372,1.311,1.311,0,0
4MS_PB,D,20251104,000000,1.311,1.311,1.252,1.291,0,0
4MS_PB,D,20251105,000000,1.279,1.294,1.257,1.279,0,0
4MS_PB,D,20251106,000000,1.294,1.294,1.255,1.279,0,0
4MS_PB,D,20251107,000000,1.277,1.31,1.263,1.279,0,0
4MS_PB,D,20251110,000000,1.269,1.319,1.263,1.28,0,0
4MS_PB,D,20251112,000000,1.279,1.307,1.269,1.274,0,0
4MS_PB,D,20251113,000000,1.279,1.307,1.274,1.3,0,0
4MS_PB,D,20251114,000000,1.299,1.371,1.269,1.341,0,0
4MS_PB,D,20251117,000000,1.341,1.355,1.325,1.341,0,0
4MS_PB,D,20251118,000000,1.341,1.361,1.333,1.355,0,0
4MS_PB,D,20251119,000000,1.355,1.385,1.31,1.369,0,0
4MS_PB,D,20251120,000000,1.36,1.372,1.313,1.321,0,0
4MS_PB,D,20251121,000000,1.311,1.335,1.31,1.335,0,0
4MS_PB,D,20251124,000000,1.332,1.332,1.305,1.313,0,0
4MS_PB,D,20251125,000000,1.311,1.332,1.31,1.324,0,0
4MS_PB,D,20251126,000000,1.322,1.332,1.279,1.3,0,0
4MS_PB,D,20251127,000000,1.28,1.293,1.263,1.285,0,0
4MS_PB,D,20251128,000000,1.272,1.307,1.266,1.285,0,0
4MS_PB,D,20251201,000000,1.254,1.289,1.254,1.279,0,0
4MS_PB,D,20251202,000000,1.264,1.291,1.264,1.291,0,0
4MS_PB,D,20251203,000000,1.268,1.3,1.268,1.285,0,0
4MS_PB,D,20251204,000000,1.272,1.313,1.245,1.245,0,0
4MS_PB,D,20251205,000000,1.254,1.254,1.227,1.227,0,0
4MS_PB,D,20251208,000000,1.233,1.239,1.221,1.23,0,0
4MS_PB,D,20251209,000000,1.23,1.248,1.209,1.239,0,0
4MS_PB,D,20251210,000000,1.24,1.255,1.23,1.255,0,0
4MS_PB,D,20251211,000000,1.255,1.276,1.23,1.248,0,0
4MS_PB,D,20251212,000000,1.245,1.271,1.245,1.257,0,0
4MS_PB,D,20251215,000000,1.257,1.264,1.242,1.261,0,0
4MS_PB,D,20251216,000000,1.249,1.358,1.231,1.328,0,0
4MS_PB,D,20251217,000000,1.322,1.346,1.295,1.331,0,0
4MS_PB,D,20251218,000000,1.331,1.337,1.304,1.328,0,0
4MS_PB,D,20251219,000000,1.328,1.337,1.31,1.31,0,0
4MS_PB,D,20251222,000000,1.304,1.346,1.286,1.31,0,0
4MS_PB,D,20251223,000000,1.31,1.31,1.271,1.294,0,0
4MS_PB,D,20251229,000000,1.277,1.301,1.245,1.301,0,0
4MS_PB,D,20251230,000000,1.274,1.274,1.26,1.26,0,0
4MS_PB,D,20260102,000000,1.257,1.274,1.236,1.254,0,0
4MS_PB,D,20260105,000000,1.254,1.271,1.243,1.264,0,0
4MS_PB,D,20260107,000000,1.264,1.269,1.248,1.248,0,0
4MS_PB,D,20260108,000000,1.248,1.257,1.248,1.255,0,0
4MS_PB,D,20260109,000000,1.255,1.255,1.249,1.254,0,0
4MS_PB,D,20260112,000000,1.249,1.254,1.245,1.248,0,0
4MS_PB,D,20260113,000000,1.243,1.257,1.242,1.251,0,0
4MS_PB,D,20260114,000000,1.254,1.266,1.243,1.252,0,0
4MS_PB,D,20260115,000000,1.252,1.264,1.252,1.257,0,0
4MS_PB,D,20260116,000000,1.255,1.263,1.239,1.254,0,0
4MS_PB,D,20260119,000000,1.24,1.263,1.24,1.263,0,0
4MS_PB,D,20260120,000000,1.263,1.263,1.249,1.257,0,0
4MS_PB,D,20260121,000000,1.257,1.263,1.242,1.257,0,0
4MS_PB,D,20260122,000000,1.257,1.26,1.255,1.255,0,0
4MS_PB,D,20260123,000000,1.257,1.263,1.254,1.257,0,0
