<TICKER>,<PER>,<DATE>,<TIME>,<OPEN>,<HIGH>,<LOW>,<CLOSE>,<VOL>,<OPENINT>
ALE_PB,D,20201012,000000,10.36,10.36,10.36,10.36,0,0
ALE_PB,D,20201013,000000,10.66,11.85,10.66,11.85,0,0
ALE_PB,D,20201014,000000,12.44,13.32,10.59,11.25,0,0
ALE_PB,D,20201015,000000,11.25,11.82,11.21,11.73,0,0
ALE_PB,D,20201016,000000,11.85,12.59,11.85,12.06,0,0
ALE_PB,D,20201019,000000,12.06,12.37,12.06,12.35,0,0
ALE_PB,D,20201020,000000,12.36,12.65,12.36,12.59,0,0
ALE_PB,D,20201021,000000,12.73,12.73,12.28,12.46,0,0
ALE_PB,D,20201022,000000,12.41,13.14,12.41,12.64,0,0
ALE_PB,D,20201023,000000,12.79,13.18,12.68,13.18,0,0
ALE_PB,D,20201026,000000,13.18,13.74,12.68,13.58,0,0
ALE_PB,D,20201027,000000,13.56,14.45,13.44,14.01,0,0
ALE_PB,D,20201028,000000,14.01,14.27,12.43,12.98,0,0
ALE_PB,D,20201029,000000,13.03,13.16,12.54,12.72,0,0
ALE_PB,D,20201030,000000,12.59,12.72,11.91,11.91,0,0
ALE_PB,D,20201102,000000,12.02,12.57,12.02,12.46,0,0
ALE_PB,D,20201103,000000,12.64,12.64,12.19,12.39,0,0
ALE_PB,D,20201104,000000,12.29,12.88,12.22,12.82,0,0
ALE_PB,D,20201105,000000,13.07,13.21,12.86,12.96,0,0
ALE_PB,D,20201106,000000,13.03,13.76,13.03,13.64,0,0
ALE_PB,D,20201109,000000,13.92,14.07,12.53,13.42,0,0
ALE_PB,D,20201110,000000,13.18,13.18,12.25,12.25,0,0
ALE_PB,D,20201112,000000,12.5,12.5,11.77,11.77,0,0
ALE_PB,D,20201113,000000,11.84,11.84,11.18,11.24,0,0
ALE_PB,D,20201116,000000,11.26,11.26,10.68,10.72,0,0
ALE_PB,D,20201117,000000,10.54,10.54,10.01,10.05,0,0
ALE_PB,D,20201118,000000,10.04,10.32,9.78,9.96,0,0
ALE_PB,D,20201119,000000,10.02,10.65,10.02,10.65,0,0
ALE_PB,D,20201120,000000,10.85,11.74,10.85,11.6,0,0
ALE_PB,D,20201123,000000,11.79,11.79,11.27,11.34,0,0
ALE_PB,D,20201124,000000,11.34,11.7,11.01,11.59,0,0
ALE_PB,D,20201125,000000,11.18,11.75,11.18,11.75,0,0
ALE_PB,D,20201126,000000,11.4,11.4,10.97,11.15,0,0
ALE_PB,D,20201127,000000,10.93,11.4,10.79,11.27,0,0
ALE_PB,D,20201130,000000,11.27,11.67,11.25,11.59,0,0
ALE_PB,D,20201201,000000,11.8,11.8,11.28,11.28,0,0
ALE_PB,D,20201202,000000,11.15,11.39,11.15,11.3,0,0
ALE_PB,D,20201203,000000,11.36,11.42,11.24,11.24,0,0
ALE_PB,D,20201204,000000,11.24,11.4,11.24,11.35,0,0
ALE_PB,D,20201207,000000,11.35,11.35,10.98,11.19,0,0
ALE_PB,D,20201208,000000,11.27,11.76,11.2,11.76,0,0
ALE_PB,D,20201209,000000,11.76,11.76,11.36,11.36,0,0
ALE_PB,D,20201210,000000,11.43,11.87,11.42,11.83,0,0
ALE_PB,D,20201211,000000,11.82,12,11.66,12,0,0
ALE_PB,D,20201214,000000,12.03,12.72,12.03,12.57,0,0
ALE_PB,D,20201215,000000,12.57,12.93,12.48,12.77,0,0
ALE_PB,D,20201216,000000,12.85,13.3,12.75,12.78,0,0
ALE_PB,D,20201217,000000,12.93,13.15,12.9,12.92,0,0
ALE_PB,D,20201218,000000,13.08,13.23,12.79,12.94,0,0
ALE_PB,D,20201221,000000,13,13,11.94,12.18,0,0
ALE_PB,D,20201222,000000,12.19,12.8,12.19,12.48,0,0
ALE_PB,D,20201223,000000,12.58,12.89,12.58,12.88,0,0
ALE_PB,D,20201228,000000,12.93,13.01,12.75,13.01,0,0
ALE_PB,D,20201229,000000,13.09,13.09,12.83,12.92,0,0
ALE_PB,D,20201230,000000,12.83,12.88,12.73,12.73,0,0
ALE_PB,D,20210104,000000,12.63,12.84,12.61,12.69,0,0
ALE_PB,D,20210105,000000,12.63,13,12.63,12.93,0,0
ALE_PB,D,20210107,000000,13.06,13.09,12.46,12.47,0,0
ALE_PB,D,20210108,000000,12.5,12.5,11.85,12.11,0,0
ALE_PB,D,20210111,000000,12.29,12.42,11.92,12.1,0,0
ALE_PB,D,20210112,000000,12.22,12.22,11.96,12.03,0,0
ALE_PB,D,20210113,000000,12.09,12.09,11.67,11.79,0,0
ALE_PB,D,20210114,000000,11.73,11.87,11.72,11.8,0,0
ALE_PB,D,20210115,000000,11.88,11.88,11.33,11.54,0,0
ALE_PB,D,20210118,000000,11.56,11.69,11.4,11.69,0,0
ALE_PB,D,20210119,000000,11.7,11.7,11.23,11.27,0,0
ALE_PB,D,20210120,000000,11.27,11.27,10.87,11.07,0,0
ALE_PB,D,20210121,000000,11.08,11.17,10.96,10.99,0,0
ALE_PB,D,20210122,000000,11.1,11.1,10.89,10.93,0,0
ALE_PB,D,20210125,000000,10.87,10.87,10.6,10.62,0,0
ALE_PB,D,20210126,000000,10.63,11.35,10.6,11.27,0,0
ALE_PB,D,20210127,000000,11.42,11.42,10.42,10.6,0,0
ALE_PB,D,20210128,000000,10.6,10.77,10.14,10.77,0,0
ALE_PB,D,20210129,000000,10.77,11.1,10.61,11.05,0,0
ALE_PB,D,20210201,000000,11.09,11.09,10.78,10.82,0,0
ALE_PB,D,20210202,000000,10.88,10.88,10.8,10.83,0,0
ALE_PB,D,20210203,000000,10.84,10.86,10.61,10.69,0,0
ALE_PB,D,20210204,000000,10.67,10.7,10.42,10.48,0,0
ALE_PB,D,20210205,000000,10.49,10.66,10.48,10.57,0,0
ALE_PB,D,20210208,000000,10.56,10.59,10.25,10.25,0,0
ALE_PB,D,20210209,000000,10.37,10.37,10.21,10.27,0,0
ALE_PB,D,20210210,000000,10.3,10.3,9.78,9.78,0,0
ALE_PB,D,20210211,000000,9.85,10.47,9.85,10.3,0,0
ALE_PB,D,20210212,000000,10.39,10.73,10.37,10.37,0,0
ALE_PB,D,20210215,000000,10.48,10.48,10.28,10.36,0,0
ALE_PB,D,20210216,000000,10.52,10.67,10.45,10.45,0,0
ALE_PB,D,20210217,000000,10.56,10.56,10.36,10.38,0,0
ALE_PB,D,20210218,000000,10.39,10.41,10.29,10.32,0,0
ALE_PB,D,20210219,000000,10.38,10.44,10.15,10.15,0,0
ALE_PB,D,20210222,000000,10.07,10.21,10.06,10.07,0,0
ALE_PB,D,20210223,000000,10.12,10.12,9.67,9.72,0,0
ALE_PB,D,20210224,000000,9.77,10,9.7,9.77,0,0
ALE_PB,D,20210225,000000,9.77,9.82,9.68,9.69,0,0
ALE_PB,D,20210226,000000,9.64,9.67,9.4,9.67,0,0
ALE_PB,D,20210301,000000,9.77,9.77,9.41,9.48,0,0
ALE_PB,D,20210302,000000,9.61,10.09,9.61,10.04,0,0
ALE_PB,D,20210303,000000,10.15,10.21,9.78,9.99,0,0
ALE_PB,D,20210304,000000,10.07,10.07,8.19,8.19,0,0
ALE_PB,D,20210305,000000,8.06,8.12,8.06,8.1,0,0
ALE_PB,D,20210308,000000,8.11,8.12,7.98,8.04,0,0
ALE_PB,D,20210309,000000,7.99,8.24,7.99,8.16,0,0
ALE_PB,D,20210310,000000,8.21,8.36,8.16,8.22,0,0
ALE_PB,D,20210311,000000,8.29,8.36,8.18,8.19,0,0
ALE_PB,D,20210312,000000,8.29,8.29,8.13,8.18,0,0
ALE_PB,D,20210315,000000,8.17,8.2,8.03,8.05,0,0
ALE_PB,D,20210316,000000,8.1,8.18,8,8.05,0,0
ALE_PB,D,20210317,000000,7.59,7.6,7.52,7.56,0,0
ALE_PB,D,20210318,000000,7.59,7.62,7.42,7.59,0,0
ALE_PB,D,20210319,000000,7.59,7.59,7.53,7.54,0,0
ALE_PB,D,20210322,000000,7.59,7.59,7.41,7.44,0,0
ALE_PB,D,20210323,000000,7.43,7.48,7.14,7.18,0,0
ALE_PB,D,20210324,000000,7.16,7.16,6.82,6.89,0,0
ALE_PB,D,20210325,000000,6.95,6.96,6.61,6.69,0,0
ALE_PB,D,20210326,000000,6.77,6.77,6.59,6.67,0,0
ALE_PB,D,20210329,000000,6.75,6.88,6.6,6.66,0,0
ALE_PB,D,20210330,000000,6.74,6.9,6.69,6.9,0,0
ALE_PB,D,20210331,000000,6.96,7.03,6.83,7.03,0,0
ALE_PB,D,20210401,000000,7.14,7.16,7.05,7.09,0,0
ALE_PB,D,20210406,000000,7.22,7.28,7.2,7.27,0,0
ALE_PB,D,20210407,000000,7.25,7.25,7.1,7.15,0,0
ALE_PB,D,20210408,000000,7.2,7.2,7.07,7.1,0,0
ALE_PB,D,20210409,000000,7.14,7.46,7.14,7.4,0,0
ALE_PB,D,20210412,000000,7.37,7.37,7.17,7.24,0,0
ALE_PB,D,20210413,000000,7.28,7.31,7.18,7.26,0,0
ALE_PB,D,20210414,000000,7.33,7.49,7.33,7.49,0,0
ALE_PB,D,20210415,000000,7.49,7.49,7.32,7.38,0,0
ALE_PB,D,20210416,000000,7.34,7.39,7.23,7.23,0,0
ALE_PB,D,20210419,000000,7.23,7.36,7.06,7.11,0,0
ALE_PB,D,20210420,000000,7.11,7.17,6.86,6.96,0,0
ALE_PB,D,20210421,000000,6.96,7.07,6.86,6.88,0,0
ALE_PB,D,20210422,000000,6.94,7.15,6.94,7.11,0,0
ALE_PB,D,20210423,000000,7.11,7.15,7.03,7.15,0,0
ALE_PB,D,20210426,000000,7.18,7.23,7.09,7.16,0,0
ALE_PB,D,20210427,000000,7.18,7.24,7.09,7.15,0,0
ALE_PB,D,20210428,000000,7.18,7.3,7.16,7.27,0,0
ALE_PB,D,20210429,000000,7.34,7.39,7.23,7.26,0,0
ALE_PB,D,20210430,000000,7.27,7.36,7.08,7.35,0,0
ALE_PB,D,20210504,000000,7.3,7.3,6.84,6.84,0,0
ALE_PB,D,20210505,000000,6.86,6.87,6.7,6.71,0,0
ALE_PB,D,20210506,000000,6.7,6.75,6.51,6.53,0,0
ALE_PB,D,20210507,000000,6.46,6.95,6.46,6.94,0,0
ALE_PB,D,20210510,000000,6.96,6.99,6.67,6.73,0,0
ALE_PB,D,20210511,000000,6.7,6.73,6.55,6.55,0,0
ALE_PB,D,20210512,000000,6.56,6.66,6.56,6.62,0,0
ALE_PB,D,20210513,000000,6.88,6.93,6.24,6.24,0,0
ALE_PB,D,20210514,000000,6.33,6.38,6.08,6.38,0,0
ALE_PB,D,20210517,000000,6.45,6.8,6.45,6.77,0,0
ALE_PB,D,20210518,000000,6.78,7.15,6.78,6.94,0,0
ALE_PB,D,20210519,000000,7,7.01,6.91,6.96,0,0
ALE_PB,D,20210520,000000,7,7.01,6.91,6.96,0,0
ALE_PB,D,20210521,000000,7.03,7.03,6.91,6.99,0,0
ALE_PB,D,20210524,000000,6.99,6.99,6.91,6.93,0,0
ALE_PB,D,20210525,000000,6.93,7.15,6.93,7.11,0,0
ALE_PB,D,20210526,000000,7.15,7.15,7.01,7.11,0,0
ALE_PB,D,20210527,000000,7.08,7.14,7.02,7.09,0,0
ALE_PB,D,20210528,000000,7.12,7.15,7.02,7.12,0,0
ALE_PB,D,20210531,000000,7.15,7.15,6.99,7.02,0,0
ALE_PB,D,20210601,000000,7.17,7.28,7.07,7.21,0,0
ALE_PB,D,20210602,000000,7.23,7.26,7.18,7.2,0,0
ALE_PB,D,20210604,000000,7.18,7.21,7.08,7.15,0,0
ALE_PB,D,20210607,000000,7.11,7.23,7.11,7.19,0,0
ALE_PB,D,20210608,000000,7.18,7.39,7.11,7.21,0,0
ALE_PB,D,20210609,000000,7.24,7.33,7.18,7.26,0,0
ALE_PB,D,20210610,000000,7.3,7.3,7.08,7.11,0,0
ALE_PB,D,20210611,000000,7.14,7.16,7.08,7.1,0,0
ALE_PB,D,20210614,000000,7.13,7.17,7.1,7.12,0,0
ALE_PB,D,20210615,000000,7.18,7.3,7.12,7.16,0,0
ALE_PB,D,20210616,000000,7.03,7.28,7.03,7.28,0,0
ALE_PB,D,20210617,000000,7.28,7.4,7.13,7.19,0,0
ALE_PB,D,20210618,000000,7.22,7.36,7.22,7.31,0,0
ALE_PB,D,20210621,000000,7.33,7.33,7.17,7.23,0,0
ALE_PB,D,20210622,000000,7.29,7.29,6.97,7.09,0,0
ALE_PB,D,20210623,000000,7.2,7.33,7.13,7.33,0,0
ALE_PB,D,20210624,000000,7.36,7.66,7.35,7.61,0,0
ALE_PB,D,20210625,000000,7.61,7.83,7.6,7.81,0,0
ALE_PB,D,20210628,000000,7.81,7.81,7.6,7.78,0,0
ALE_PB,D,20210629,000000,7.77,8,7.77,7.97,0,0
ALE_PB,D,20210630,000000,8.02,8.17,7.93,7.99,0,0
ALE_PB,D,20210701,000000,8.03,8.29,7.91,8.19,0,0
ALE_PB,D,20210702,000000,8.19,8.38,8.07,8.24,0,0
ALE_PB,D,20210705,000000,8.24,8.46,8.24,8.41,0,0
ALE_PB,D,20210706,000000,8.43,8.51,8.4,8.51,0,0
ALE_PB,D,20210707,000000,8.52,9.18,8.52,8.93,0,0
ALE_PB,D,20210708,000000,8.91,9.01,8.71,8.74,0,0
ALE_PB,D,20210709,000000,8.74,8.83,8.61,8.71,0,0
ALE_PB,D,20210712,000000,8.64,9.1,8.64,8.97,0,0
ALE_PB,D,20210713,000000,9.01,9.01,8.83,8.85,0,0
ALE_PB,D,20210714,000000,8.84,8.95,8.79,8.95,0,0
ALE_PB,D,20210715,000000,8.89,8.92,8.84,8.88,0,0
ALE_PB,D,20210716,000000,8.89,8.99,8.85,8.96,0,0
ALE_PB,D,20210719,000000,8.99,8.99,8.83,8.87,0,0
ALE_PB,D,20210720,000000,8.8,9.02,8.8,9,0,0
ALE_PB,D,20210721,000000,8.98,9.09,8.9,8.9,0,0
ALE_PB,D,20210722,000000,8.85,9,8.85,8.97,0,0
ALE_PB,D,20210723,000000,8.94,9.01,8.86,8.9,0,0
ALE_PB,D,20210726,000000,8.9,8.96,8.62,8.87,0,0
ALE_PB,D,20210727,000000,8.85,8.87,8.61,8.69,0,0
ALE_PB,D,20210728,000000,8.63,8.66,8.38,8.38,0,0
ALE_PB,D,20210729,000000,8.35,8.53,8.23,8.25,0,0
ALE_PB,D,20210730,000000,8.21,8.22,8.01,8.05,0,0
ALE_PB,D,20210802,000000,8.06,8.22,8.03,8.05,0,0
ALE_PB,D,20210803,000000,8.07,8.37,8.07,8.17,0,0
ALE_PB,D,20210804,000000,8.16,8.17,8.06,8.1,0,0
ALE_PB,D,20210805,000000,8.23,8.23,7.52,7.52,0,0
ALE_PB,D,20210806,000000,7.55,7.55,7.35,7.48,0,0
ALE_PB,D,20210809,000000,7.47,7.53,7.43,7.51,0,0
ALE_PB,D,20210810,000000,7.51,7.54,7.36,7.36,0,0
ALE_PB,D,20210811,000000,7.38,7.38,7.23,7.28,0,0
ALE_PB,D,20210812,000000,7.27,7.34,7.22,7.32,0,0
ALE_PB,D,20210813,000000,7.33,7.49,7.33,7.47,0,0
ALE_PB,D,20210816,000000,7.48,7.48,7.25,7.26,0,0
ALE_PB,D,20210817,000000,7.3,7.46,7.3,7.42,0,0
ALE_PB,D,20210818,000000,7.43,7.53,7.38,7.52,0,0
ALE_PB,D,20210819,000000,7.54,7.63,7.49,7.61,0,0
ALE_PB,D,20210820,000000,7.61,7.62,7.53,7.61,0,0
ALE_PB,D,20210823,000000,7.62,7.63,7.57,7.61,0,0
ALE_PB,D,20210824,000000,7.64,7.7,7.59,7.69,0,0
ALE_PB,D,20210825,000000,7.69,7.95,7.65,7.9,0,0
ALE_PB,D,20210826,000000,7.9,8.08,7.86,7.95,0,0
ALE_PB,D,20210827,000000,7.99,7.99,7.81,7.9,0,0
ALE_PB,D,20210830,000000,7.9,8.12,7.9,8.11,0,0
ALE_PB,D,20210831,000000,8.12,8.32,8.11,8.32,0,0
ALE_PB,D,20210901,000000,8.31,8.52,8.3,8.52,0,0
ALE_PB,D,20210902,000000,8.51,8.52,8.33,8.36,0,0
ALE_PB,D,20210903,000000,8.32,8.32,8.07,8.11,0,0
ALE_PB,D,20210906,000000,8.07,8.27,8.07,8.27,0,0
ALE_PB,D,20210907,000000,8.24,8.24,8,8.01,0,0
ALE_PB,D,20210908,000000,8,8.02,7.76,7.83,0,0
ALE_PB,D,20210909,000000,7.8,7.8,7.6,7.6,0,0
ALE_PB,D,20210910,000000,7.61,7.66,7.43,7.43,0,0
ALE_PB,D,20210913,000000,7.45,7.45,7.31,7.43,0,0
ALE_PB,D,20210914,000000,7.42,7.42,7.27,7.27,0,0
ALE_PB,D,20210915,000000,7.26,7.37,7.26,7.3,0,0
ALE_PB,D,20210916,000000,7.33,7.4,7.3,7.34,0,0
ALE_PB,D,20210917,000000,7.38,7.59,7.32,7.52,0,0
ALE_PB,D,20210920,000000,7.47,7.47,7.3,7.3,0,0
ALE_PB,D,20210921,000000,7.3,7.41,7.3,7.31,0,0
ALE_PB,D,20210922,000000,7.4,7.4,7.24,7.26,0,0
ALE_PB,D,20210923,000000,7.31,7.33,7.22,7.25,0,0
ALE_PB,D,20210924,000000,7.24,7.26,6.98,6.98,0,0
ALE_PB,D,20210927,000000,6.98,7.11,6.98,7.01,0,0
ALE_PB,D,20210928,000000,6.97,6.97,6.8,6.84,0,0
ALE_PB,D,20210929,000000,6.82,6.94,6.82,6.85,0,0
ALE_PB,D,20210930,000000,6.92,7,6.76,6.77,0,0
ALE_PB,D,20211001,000000,6.78,6.88,6.75,6.8,0,0
ALE_PB,D,20211004,000000,6.78,6.78,6.64,6.66,0,0
ALE_PB,D,20211005,000000,6.66,6.74,6.62,6.63,0,0
ALE_PB,D,20211006,000000,6.69,6.69,6.43,6.5,0,0
ALE_PB,D,20211007,000000,6.5,6.53,6.42,6.46,0,0
ALE_PB,D,20211008,000000,6.53,6.99,6.49,6.88,0,0
ALE_PB,D,20211011,000000,6.91,6.91,6.73,6.82,0,0
ALE_PB,D,20211012,000000,6.69,6.69,6.38,6.38,0,0
ALE_PB,D,20211013,000000,6.44,6.44,6.03,6.03,0,0
ALE_PB,D,20211014,000000,6.08,6.18,5.88,5.97,0,0
ALE_PB,D,20211015,000000,5.99,5.99,5.8,5.94,0,0
ALE_PB,D,20211018,000000,5.94,6.02,5.92,5.95,0,0
ALE_PB,D,20211019,000000,5.94,5.94,5.75,5.77,0,0
ALE_PB,D,20211020,000000,5.74,5.9,5.74,5.77,0,0
ALE_PB,D,20211021,000000,5.77,5.88,5.74,5.79,0,0
ALE_PB,D,20211022,000000,5.81,5.98,5.79,5.9,0,0
ALE_PB,D,20211025,000000,5.87,5.87,5.7,5.7,0,0
ALE_PB,D,20211026,000000,5.73,5.73,5.47,5.49,0,0
ALE_PB,D,20211027,000000,5.48,5.64,5.34,5.55,0,0
ALE_PB,D,20211028,000000,5.55,5.55,5.38,5.38,0,0
ALE_PB,D,20211029,000000,5.38,5.42,5.25,5.28,0,0
ALE_PB,D,20211102,000000,5.33,5.33,5.13,5.17,0,0
ALE_PB,D,20211103,000000,5.17,5.24,5.09,5.09,0,0
ALE_PB,D,20211104,000000,5.15,5.3,5.15,5.21,0,0
ALE_PB,D,20211105,000000,5.68,5.86,5.21,5.77,0,0
ALE_PB,D,20211108,000000,5.83,5.83,5.53,5.59,0,0
ALE_PB,D,20211109,000000,5.62,5.62,4.96,4.96,0,0
ALE_PB,D,20211110,000000,4.96,5.06,4.75,4.75,0,0
ALE_PB,D,20211112,000000,4.83,4.83,4.52,4.58,0,0
ALE_PB,D,20211115,000000,4.6,4.76,4.55,4.58,0,0
ALE_PB,D,20211116,000000,4.71,4.94,4.71,4.94,0,0
ALE_PB,D,20211117,000000,4.96,4.96,4.76,4.79,0,0
ALE_PB,D,20211118,000000,4.82,5.05,4.79,5.05,0,0
ALE_PB,D,20211119,000000,5.05,5.13,4.99,5.1,0,0
ALE_PB,D,20211122,000000,5.11,5.12,4.84,4.84,0,0
ALE_PB,D,20211123,000000,4.83,4.93,4.79,4.85,0,0
ALE_PB,D,20211124,000000,4.89,4.9,4.53,4.53,0,0
ALE_PB,D,20211125,000000,4.57,4.57,4.45,4.53,0,0
ALE_PB,D,20211126,000000,4.43,4.83,4.41,4.71,0,0
ALE_PB,D,20211129,000000,4.78,4.78,4.58,4.6,0,0
ALE_PB,D,20211130,000000,4.55,4.65,4.42,4.42,0,0
ALE_PB,D,20211201,000000,4.5,4.52,4.28,4.32,0,0
ALE_PB,D,20211202,000000,4.29,4.29,4.06,4.08,0,0
ALE_PB,D,20211203,000000,4.1,4.18,4.09,4.1,0,0
ALE_PB,D,20211206,000000,4.1,4.11,3.89,3.9,0,0
ALE_PB,D,20211207,000000,3.93,4.23,3.93,4.18,0,0
ALE_PB,D,20211208,000000,4.23,4.34,4.21,4.26,0,0
ALE_PB,D,20211209,000000,4.26,4.47,4.26,4.4,0,0
ALE_PB,D,20211210,000000,4.36,4.36,4.23,4.27,0,0
ALE_PB,D,20211213,000000,4.28,4.32,4.27,4.27,0,0
ALE_PB,D,20211214,000000,4.31,4.31,4.1,4.1,0,0
ALE_PB,D,20211215,000000,4.1,4.1,3.9,3.9,0,0
ALE_PB,D,20211216,000000,3.96,4.27,3.96,4.18,0,0
ALE_PB,D,20211217,000000,4.13,4.26,4.1,4.26,0,0
ALE_PB,D,20211220,000000,4.21,4.42,4.21,4.4,0,0
ALE_PB,D,20211221,000000,4.43,4.52,4.36,4.42,0,0
ALE_PB,D,20211222,000000,4.43,4.64,4.4,4.64,0,0
ALE_PB,D,20211223,000000,4.67,4.67,4.35,4.35,0,0
ALE_PB,D,20211227,000000,4.35,4.59,4.31,4.53,0,0
ALE_PB,D,20211228,000000,4.51,4.54,4.4,4.46,0,0
ALE_PB,D,20211229,000000,4.46,4.53,4.41,4.47,0,0
ALE_PB,D,20211230,000000,4.44,4.47,4.33,4.36,0,0
ALE_PB,D,20220103,000000,4.43,4.6,4.42,4.42,0,0
ALE_PB,D,20220104,000000,4.47,4.47,4.32,4.35,0,0
ALE_PB,D,20220105,000000,4.35,4.35,4.23,4.24,0,0
ALE_PB,D,20220107,000000,4.15,4.51,4.13,4.42,0,0
ALE_PB,D,20220110,000000,4.45,4.55,4.34,4.34,0,0
ALE_PB,D,20220111,000000,4.43,4.59,4.43,4.58,0,0
ALE_PB,D,20220112,000000,4.62,4.86,4.62,4.81,0,0
ALE_PB,D,20220113,000000,4.82,4.98,4.76,4.94,0,0
ALE_PB,D,20220114,000000,4.92,4.92,4.81,4.85,0,0
ALE_PB,D,20220117,000000,4.87,4.87,4.74,4.75,0,0
ALE_PB,D,20220118,000000,4.72,4.72,4.47,4.47,0,0
ALE_PB,D,20220119,000000,4.41,4.55,4.39,4.51,0,0
ALE_PB,D,20220120,000000,4.52,4.6,4.51,4.52,0,0
ALE_PB,D,20220121,000000,4.43,4.44,4.33,4.38,0,0
ALE_PB,D,20220124,000000,4.33,4.4,4.05,4.12,0,0
ALE_PB,D,20220125,000000,4.19,4.28,4.17,4.25,0,0
ALE_PB,D,20220126,000000,4.28,4.28,4.16,4.22,0,0
ALE_PB,D,20220127,000000,4.14,4.22,4.09,4.09,0,0
ALE_PB,D,20220128,000000,4.1,4.1,3.91,3.97,0,0
ALE_PB,D,20220131,000000,4.07,4.22,3.97,4.22,0,0
ALE_PB,D,20220201,000000,4.22,4.36,4.16,4.36,0,0
ALE_PB,D,20220202,000000,4.4,4.4,4.3,4.32,0,0
ALE_PB,D,20220203,000000,4.27,4.32,4.08,4.08,0,0
ALE_PB,D,20220204,000000,4.13,4.16,3.95,3.95,0,0
ALE_PB,D,20220207,000000,3.98,3.98,3.89,3.93,0,0
ALE_PB,D,20220208,000000,3.94,3.94,3.71,3.78,0,0
ALE_PB,D,20220209,000000,3.82,3.96,3.81,3.95,0,0
ALE_PB,D,20220210,000000,4.04,4.04,3.81,3.91,0,0
ALE_PB,D,20220211,000000,3.85,3.98,3.83,3.95,0,0
ALE_PB,D,20220214,000000,3.83,3.93,3.74,3.92,0,0
ALE_PB,D,20220215,000000,3.94,4.04,3.92,4.01,0,0
ALE_PB,D,20220216,000000,4.04,4.04,3.84,3.85,0,0
ALE_PB,D,20220217,000000,3.87,3.87,3.79,3.8,0,0
ALE_PB,D,20220218,000000,3.78,3.82,3.66,3.66,0,0
ALE_PB,D,20220221,000000,3.7,3.7,3.49,3.5,0,0
ALE_PB,D,20220222,000000,3.39,3.69,3.39,3.68,0,0
ALE_PB,D,20220223,000000,3.73,3.73,3.44,3.44,0,0
ALE_PB,D,20220224,000000,3.03,3.16,2.76,2.96,0,0
ALE_PB,D,20220225,000000,3.1,3.21,2.93,2.98,0,0
ALE_PB,D,20220228,000000,2.87,3.39,2.87,3.39,0,0
ALE_PB,D,20220301,000000,3.42,3.42,3.23,3.27,0,0
ALE_PB,D,20220302,000000,3.2,3.34,3.17,3.17,0,0
ALE_PB,D,20220303,000000,3.17,3.17,3,3,0,0
ALE_PB,D,20220304,000000,2.99,2.99,2.84,2.85,0,0
ALE_PB,D,20220307,000000,2.81,2.88,2.53,2.86,0,0
ALE_PB,D,20220308,000000,2.81,2.94,2.75,2.84,0,0
ALE_PB,D,20220309,000000,2.95,3.15,2.91,3.15,0,0
ALE_PB,D,20220310,000000,3.24,3.24,3.1,3.16,0,0
ALE_PB,D,20220311,000000,3.18,3.29,3.14,3.18,0,0
ALE_PB,D,20220314,000000,3.17,3.2,3.09,3.16,0,0
ALE_PB,D,20220315,000000,3.23,3.23,3.08,3.19,0,0
ALE_PB,D,20220316,000000,3.35,3.44,3.26,3.34,0,0
ALE_PB,D,20220317,000000,3.45,3.54,3.42,3.54,0,0
ALE_PB,D,20220318,000000,3.57,3.57,3.46,3.51,0,0
ALE_PB,D,20220321,000000,3.5,3.53,3.39,3.45,0,0
ALE_PB,D,20220322,000000,3.43,3.59,3.39,3.56,0,0
ALE_PB,D,20220323,000000,3.58,3.65,3.47,3.5,0,0
ALE_PB,D,20220324,000000,3.52,3.64,3.47,3.62,0,0
ALE_PB,D,20220325,000000,3.63,3.7,3.55,3.57,0,0
ALE_PB,D,20220328,000000,3.63,3.76,3.63,3.73,0,0
ALE_PB,D,20220329,000000,3.77,3.92,3.71,3.92,0,0
ALE_PB,D,20220330,000000,3.92,3.96,3.89,3.95,0,0
ALE_PB,D,20220331,000000,3.96,3.96,3.85,3.85,0,0
ALE_PB,D,20220401,000000,3.85,3.89,3.78,3.8,0,0
ALE_PB,D,20220404,000000,3.85,3.85,3.47,3.54,0,0
ALE_PB,D,20220405,000000,3.55,3.59,3.52,3.55,0,0
ALE_PB,D,20220406,000000,3.54,3.54,3.25,3.26,0,0
ALE_PB,D,20220407,000000,3.3,3.3,3.14,3.14,0,0
ALE_PB,D,20220408,000000,3.19,3.19,3.1,3.11,0,0
ALE_PB,D,20220411,000000,3.12,3.19,3.02,3.07,0,0
ALE_PB,D,20220412,000000,3.06,3.07,2.99,3.01,0,0
ALE_PB,D,20220413,000000,3.03,3.03,2.89,2.9,0,0
ALE_PB,D,20220414,000000,2.92,3.07,2.92,3.02,0,0
ALE_PB,D,20220419,000000,3.05,3.05,2.86,2.92,0,0
ALE_PB,D,20220420,000000,2.98,3.06,2.93,3.02,0,0
ALE_PB,D,20220421,000000,3.01,3.12,2.95,3.04,0,0
ALE_PB,D,20220422,000000,3.02,3.02,2.91,2.92,0,0
ALE_PB,D,20220425,000000,2.86,3.02,2.86,3.02,0,0
ALE_PB,D,20220426,000000,3.08,3.08,2.75,2.75,0,0
ALE_PB,D,20220427,000000,2.78,2.78,2.68,2.69,0,0
ALE_PB,D,20220428,000000,2.75,2.78,2.61,2.72,0,0
ALE_PB,D,20220429,000000,2.79,2.83,2.58,2.58,0,0
ALE_PB,D,20220502,000000,2.53,2.6,2.5,2.56,0,0
ALE_PB,D,20220504,000000,2.59,2.59,2.52,2.52,0,0
ALE_PB,D,20220505,000000,2.62,2.62,2.37,2.37,0,0
ALE_PB,D,20220506,000000,2.35,2.45,2.33,2.45,0,0
ALE_PB,D,20220509,000000,2.44,2.51,2.42,2.49,0,0
ALE_PB,D,20220510,000000,2.5,2.5,2.38,2.44,0,0
ALE_PB,D,20220511,000000,2.47,2.6,2.41,2.5,0,0
ALE_PB,D,20220512,000000,2.43,2.52,2.32,2.51,0,0
ALE_PB,D,20220513,000000,2.57,2.58,2.46,2.57,0,0
ALE_PB,D,20220516,000000,2.56,2.58,2.47,2.49,0,0
ALE_PB,D,20220517,000000,2.53,2.68,2.51,2.67,0,0
ALE_PB,D,20220518,000000,2.67,2.7,2.61,2.61,0,0
ALE_PB,D,20220519,000000,2.55,2.62,2.51,2.62,0,0
ALE_PB,D,20220520,000000,2.64,2.77,2.64,2.72,0,0
ALE_PB,D,20220523,000000,2.78,2.78,2.6,2.63,0,0
ALE_PB,D,20220524,000000,2.59,2.63,2.49,2.49,0,0
ALE_PB,D,20220525,000000,2.52,2.52,2.47,2.49,0,0
ALE_PB,D,20220526,000000,2.43,2.64,2.41,2.62,0,0
ALE_PB,D,20220527,000000,2.64,2.78,2.64,2.76,0,0
ALE_PB,D,20220530,000000,2.78,2.81,2.72,2.72,0,0
ALE_PB,D,20220531,000000,2.72,2.74,2.67,2.73,0,0
ALE_PB,D,20220601,000000,2.72,2.73,2.57,2.57,0,0
ALE_PB,D,20220602,000000,2.56,2.6,2.54,2.58,0,0
ALE_PB,D,20220603,000000,2.61,2.63,2.48,2.49,0,0
ALE_PB,D,20220606,000000,2.5,2.54,2.5,2.5,0,0
ALE_PB,D,20220607,000000,2.49,2.5,2.41,2.43,0,0
ALE_PB,D,20220608,000000,2.44,2.44,2.33,2.33,0,0
ALE_PB,D,20220609,000000,2.34,2.36,2.23,2.26,0,0
ALE_PB,D,20220610,000000,2.25,2.35,2.23,2.3,0,0
ALE_PB,D,20220613,000000,2.25,2.27,2.17,2.19,0,0
ALE_PB,D,20220614,000000,2.21,2.22,2.14,2.14,0,0
ALE_PB,D,20220615,000000,2.15,2.21,2.11,2.2,0,0
ALE_PB,D,20220617,000000,2.17,2.28,2.17,2.24,0,0
ALE_PB,D,20220620,000000,2.27,2.36,2.27,2.33,0,0
ALE_PB,D,20220621,000000,2.35,2.45,2.31,2.44,0,0
ALE_PB,D,20220622,000000,2.39,2.48,2.38,2.44,0,0
ALE_PB,D,20220623,000000,2.43,2.5,2.38,2.48,0,0
ALE_PB,D,20220624,000000,2.49,2.57,2.43,2.55,0,0
ALE_PB,D,20220627,000000,2.56,2.64,2.53,2.62,0,0
ALE_PB,D,20220628,000000,2.61,2.67,2.59,2.6,0,0
ALE_PB,D,20220629,000000,2.51,2.65,2.51,2.61,0,0
ALE_PB,D,20220630,000000,2.61,2.61,2.56,2.59,0,0
ALE_PB,D,20220701,000000,2.57,2.66,2.51,2.52,0,0
ALE_PB,D,20220704,000000,2.53,2.54,2.46,2.47,0,0
ALE_PB,D,20220705,000000,2.48,2.5,2.38,2.48,0,0
ALE_PB,D,20220706,000000,2.5,2.94,2.5,2.87,0,0
ALE_PB,D,20220707,000000,2.87,3.04,2.87,2.99,0,0
ALE_PB,D,20220708,000000,3.01,3.01,2.89,2.92,0,0
ALE_PB,D,20220711,000000,2.88,3,2.88,2.98,0,0
ALE_PB,D,20220712,000000,2.97,2.97,2.76,2.78,0,0
ALE_PB,D,20220713,000000,2.76,2.81,2.65,2.7,0,0
ALE_PB,D,20220714,000000,2.7,2.73,2.63,2.66,0,0
ALE_PB,D,20220715,000000,2.68,2.82,2.68,2.72,0,0
ALE_PB,D,20220718,000000,2.77,2.79,2.68,2.78,0,0
ALE_PB,D,20220719,000000,2.76,2.81,2.69,2.81,0,0
ALE_PB,D,20220720,000000,2.88,3.02,2.81,2.99,0,0
ALE_PB,D,20220721,000000,2.98,2.98,2.88,2.89,0,0
ALE_PB,D,20220722,000000,2.93,2.98,2.87,2.92,0,0
ALE_PB,D,20220725,000000,2.88,2.9,2.79,2.79,0,0
ALE_PB,D,20220726,000000,2.79,2.79,2.66,2.68,0,0
ALE_PB,D,20220727,000000,2.72,2.72,2.57,2.58,0,0
ALE_PB,D,20220728,000000,2.65,2.65,2.52,2.54,0,0
ALE_PB,D,20220729,000000,2.57,2.72,2.54,2.72,0,0
ALE_PB,D,20220801,000000,2.72,2.73,2.65,2.71,0,0
ALE_PB,D,20220802,000000,2.71,2.73,2.64,2.72,0,0
ALE_PB,D,20220803,000000,2.69,2.78,2.69,2.75,0,0
ALE_PB,D,20220804,000000,2.79,3.04,2.79,2.9,0,0
ALE_PB,D,20220805,000000,2.93,2.94,2.8,2.81,0,0
ALE_PB,D,20220808,000000,2.86,2.86,2.76,2.78,0,0
ALE_PB,D,20220809,000000,2.77,2.94,2.77,2.93,0,0
ALE_PB,D,20220810,000000,2.9,3,2.86,2.99,0,0
ALE_PB,D,20220811,000000,3.04,3.14,2.98,3.1,0,0
ALE_PB,D,20220812,000000,3.11,3.11,3.05,3.07,0,0
ALE_PB,D,20220816,000000,3.1,3.24,3.07,3.2,0,0
ALE_PB,D,20220817,000000,3.23,3.23,3.03,3.06,0,0
ALE_PB,D,20220818,000000,3.02,3.09,2.98,3.02,0,0
ALE_PB,D,20220819,000000,3,3.03,2.95,2.95,0,0
ALE_PB,D,20220822,000000,2.93,2.93,2.83,2.83,0,0
ALE_PB,D,20220823,000000,2.82,2.87,2.79,2.79,0,0
ALE_PB,D,20220824,000000,2.78,2.81,2.71,2.72,0,0
ALE_PB,D,20220825,000000,2.78,2.86,2.77,2.8,0,0
ALE_PB,D,20220826,000000,2.82,2.82,2.72,2.74,0,0
ALE_PB,D,20220829,000000,2.68,2.69,2.6,2.64,0,0
ALE_PB,D,20220830,000000,2.67,2.73,2.61,2.62,0,0
ALE_PB,D,20220831,000000,2.66,2.71,2.65,2.69,0,0
ALE_PB,D,20220901,000000,2.66,2.71,2.63,2.63,0,0
ALE_PB,D,20220902,000000,2.69,2.73,2.65,2.73,0,0
ALE_PB,D,20220905,000000,2.69,2.7,2.58,2.58,0,0
ALE_PB,D,20220906,000000,2.62,2.71,2.61,2.63,0,0
ALE_PB,D,20220907,000000,2.63,2.67,2.61,2.65,0,0
ALE_PB,D,20220908,000000,2.69,2.77,2.67,2.77,0,0
ALE_PB,D,20220909,000000,2.8,2.89,2.77,2.82,0,0
ALE_PB,D,20220912,000000,2.87,2.87,2.78,2.84,0,0
ALE_PB,D,20220913,000000,2.85,2.92,2.8,2.81,0,0
ALE_PB,D,20220914,000000,2.78,2.81,2.72,2.76,0,0
ALE_PB,D,20220915,000000,2.76,2.83,2.74,2.81,0,0
ALE_PB,D,20220916,000000,2.77,2.77,2.72,2.75,0,0
ALE_PB,D,20220919,000000,2.75,2.8,2.73,2.79,0,0
ALE_PB,D,20220920,000000,2.82,2.82,2.72,2.72,0,0
ALE_PB,D,20220921,000000,2.7,2.82,2.7,2.81,0,0
ALE_PB,D,20220922,000000,2.76,2.8,2.74,2.77,0,0
ALE_PB,D,20220923,000000,2.77,2.77,2.62,2.68,0,0
ALE_PB,D,20220926,000000,2.66,2.73,2.61,2.69,0,0
ALE_PB,D,20220927,000000,2.74,2.77,2.72,2.75,0,0
ALE_PB,D,20220928,000000,2.7,2.73,2.65,2.66,0,0
ALE_PB,D,20220929,000000,2.6,2.6,2.39,2.39,0,0
ALE_PB,D,20220930,000000,2.39,2.39,2.28,2.34,0,0
ALE_PB,D,20221003,000000,2.34,2.34,2.25,2.31,0,0
ALE_PB,D,20221004,000000,2.39,2.39,2.34,2.38,0,0
ALE_PB,D,20221005,000000,2.39,2.39,2.26,2.26,0,0
ALE_PB,D,20221006,000000,2.29,2.29,1.99,1.99,0,0
ALE_PB,D,20221007,000000,1.96,1.99,1.92,1.94,0,0
ALE_PB,D,20221010,000000,1.92,1.92,1.87,1.89,0,0
ALE_PB,D,20221011,000000,1.88,1.91,1.85,1.88,0,0
ALE_PB,D,20221012,000000,1.91,1.91,1.81,1.81,0,0
ALE_PB,D,20221013,000000,1.83,1.84,1.74,1.77,0,0
ALE_PB,D,20221014,000000,1.85,1.92,1.79,1.92,0,0
ALE_PB,D,20221017,000000,1.91,1.97,1.88,1.97,0,0
ALE_PB,D,20221018,000000,1.98,2.02,1.97,2.01,0,0
ALE_PB,D,20221019,000000,1.99,1.99,1.88,1.92,0,0
ALE_PB,D,20221020,000000,1.91,1.96,1.85,1.96,0,0
ALE_PB,D,20221021,000000,1.93,1.93,1.9,1.92,0,0
ALE_PB,D,20221024,000000,1.92,1.97,1.91,1.92,0,0
ALE_PB,D,20221025,000000,1.92,2.04,1.92,2.03,0,0
ALE_PB,D,20221026,000000,2.04,2.12,2.04,2.12,0,0
ALE_PB,D,20221027,000000,2.09,2.16,2.07,2.16,0,0
ALE_PB,D,20221028,000000,2.09,2.19,2.06,2.16,0,0
ALE_PB,D,20221031,000000,2.17,2.24,2.15,2.24,0,0
ALE_PB,D,20221102,000000,2.25,2.28,2.21,2.25,0,0
ALE_PB,D,20221103,000000,2.19,2.28,2.19,2.27,0,0
ALE_PB,D,20221104,000000,2.37,2.4,2.26,2.26,0,0
ALE_PB,D,20221107,000000,2.27,2.33,2.25,2.31,0,0
ALE_PB,D,20221108,000000,2.31,2.4,2.3,2.4,0,0
ALE_PB,D,20221109,000000,2.39,2.43,2.34,2.34,0,0
ALE_PB,D,20221110,000000,2.32,2.51,2.29,2.5,0,0
ALE_PB,D,20221114,000000,2.55,2.58,2.46,2.49,0,0
ALE_PB,D,20221115,000000,2.5,2.59,2.47,2.57,0,0
ALE_PB,D,20221116,000000,2.54,2.55,2.46,2.46,0,0
ALE_PB,D,20221117,000000,2.5,2.5,2.39,2.4,0,0
ALE_PB,D,20221118,000000,2.37,2.39,2.32,2.36,0,0
ALE_PB,D,20221121,000000,2.36,2.36,2.25,2.25,0,0
ALE_PB,D,20221122,000000,2.25,2.3,2.25,2.28,0,0
ALE_PB,D,20221123,000000,2.3,2.35,2.26,2.31,0,0
ALE_PB,D,20221124,000000,2.35,2.46,2.35,2.46,0,0
ALE_PB,D,20221125,000000,2.45,2.5,2.43,2.46,0,0
ALE_PB,D,20221128,000000,2.44,2.44,2.33,2.33,0,0
ALE_PB,D,20221129,000000,2.32,2.33,2.22,2.23,0,0
ALE_PB,D,20221130,000000,2.29,2.66,2.15,2.66,0,0
ALE_PB,D,20221201,000000,2.74,2.77,2.72,2.74,0,0
ALE_PB,D,20221202,000000,2.75,2.87,2.75,2.81,0,0
ALE_PB,D,20221205,000000,2.86,2.92,2.84,2.85,0,0
ALE_PB,D,20221206,000000,2.84,2.91,2.84,2.89,0,0
ALE_PB,D,20221207,000000,2.9,2.97,2.86,2.96,0,0
ALE_PB,D,20221208,000000,2.97,2.97,2.85,2.9,0,0
ALE_PB,D,20221209,000000,2.92,2.93,2.88,2.89,0,0
ALE_PB,D,20221212,000000,2.86,2.99,2.85,2.98,0,0
ALE_PB,D,20221213,000000,2.98,3.12,2.93,3.08,0,0
ALE_PB,D,20221214,000000,3.08,3.15,3.08,3.1,0,0
ALE_PB,D,20221215,000000,3.05,3.06,2.96,2.96,0,0
ALE_PB,D,20221216,000000,2.93,2.93,2.88,2.91,0,0
ALE_PB,D,20221219,000000,2.92,2.94,2.88,2.88,0,0
ALE_PB,D,20221220,000000,2.86,2.91,2.86,2.91,0,0
ALE_PB,D,20221221,000000,2.91,3.08,2.91,3.08,0,0
ALE_PB,D,20221222,000000,3.08,3.11,3.03,3.05,0,0
ALE_PB,D,20221223,000000,3.05,3.05,2.99,3.03,0,0
ALE_PB,D,20221227,000000,3.04,3.04,2.95,2.96,0,0
ALE_PB,D,20221228,000000,2.96,2.99,2.9,2.97,0,0
ALE_PB,D,20221229,000000,2.97,3.06,2.94,3.04,0,0
ALE_PB,D,20221230,000000,3.01,3.03,2.97,3,0,0
ALE_PB,D,20230102,000000,3,3.08,2.98,3.03,0,0
ALE_PB,D,20230103,000000,3.06,3.23,3.06,3.18,0,0
ALE_PB,D,20230104,000000,3.18,3.23,3.15,3.22,0,0
ALE_PB,D,20230105,000000,3.22,3.26,3.14,3.18,0,0
ALE_PB,D,20230109,000000,3.26,3.42,3.26,3.42,0,0
ALE_PB,D,20230110,000000,3.36,3.48,3.32,3.45,0,0
ALE_PB,D,20230111,000000,3.44,3.5,3.41,3.47,0,0
ALE_PB,D,20230112,000000,3.47,3.71,3.47,3.69,0,0
ALE_PB,D,20230113,000000,3.76,3.77,3.65,3.74,0,0
ALE_PB,D,20230116,000000,3.75,3.82,3.67,3.78,0,0
ALE_PB,D,20230117,000000,3.77,3.77,3.7,3.75,0,0
ALE_PB,D,20230118,000000,3.75,3.87,3.74,3.84,0,0
ALE_PB,D,20230119,000000,3.7,3.7,3.51,3.52,0,0
ALE_PB,D,20230120,000000,3.55,3.55,3.42,3.42,0,0
ALE_PB,D,20230123,000000,3.48,3.57,3.48,3.56,0,0
ALE_PB,D,20230124,000000,3.59,3.61,3.48,3.5,0,0
ALE_PB,D,20230125,000000,3.48,3.52,3.43,3.47,0,0
ALE_PB,D,20230126,000000,3.52,3.61,3.52,3.58,0,0
ALE_PB,D,20230127,000000,3.6,3.61,3.55,3.59,0,0
ALE_PB,D,20230130,000000,3.56,3.58,3.53,3.54,0,0
ALE_PB,D,20230131,000000,3.52,3.59,3.49,3.57,0,0
ALE_PB,D,20230201,000000,3.58,3.58,3.47,3.52,0,0
ALE_PB,D,20230202,000000,3.59,3.72,3.59,3.7,0,0
ALE_PB,D,20230203,000000,3.68,3.77,3.65,3.76,0,0
ALE_PB,D,20230206,000000,3.7,3.76,3.7,3.71,0,0
ALE_PB,D,20230207,000000,3.71,3.71,3.64,3.68,0,0
ALE_PB,D,20230208,000000,3.7,3.81,3.7,3.74,0,0
ALE_PB,D,20230209,000000,3.75,3.8,3.71,3.72,0,0
ALE_PB,D,20230210,000000,3.68,3.68,3.5,3.54,0,0
ALE_PB,D,20230213,000000,3.54,3.56,3.51,3.54,0,0
ALE_PB,D,20230214,000000,3.58,3.58,3.51,3.52,0,0
ALE_PB,D,20230215,000000,3.53,3.56,3.5,3.53,0,0
ALE_PB,D,20230216,000000,3.57,3.57,3.44,3.47,0,0
ALE_PB,D,20230217,000000,3.43,3.5,3.4,3.46,0,0
ALE_PB,D,20230220,000000,3.48,3.52,3.42,3.44,0,0
ALE_PB,D,20230221,000000,3.44,3.44,3.3,3.3,0,0
ALE_PB,D,20230222,000000,3.29,3.35,3.24,3.34,0,0
ALE_PB,D,20230223,000000,3.34,3.46,3.34,3.43,0,0
ALE_PB,D,20230224,000000,3.46,3.46,3.37,3.39,0,0
ALE_PB,D,20230227,000000,3.39,3.47,3.39,3.43,0,0
ALE_PB,D,20230228,000000,3.43,3.5,3.43,3.46,0,0
ALE_PB,D,20230301,000000,3.5,3.5,3.37,3.37,0,0
ALE_PB,D,20230302,000000,3.34,3.37,3.31,3.32,0,0
ALE_PB,D,20230303,000000,3.35,3.43,3.35,3.43,0,0
ALE_PB,D,20230306,000000,3.46,3.46,3.4,3.44,0,0
ALE_PB,D,20230307,000000,3.44,3.48,3.36,3.37,0,0
ALE_PB,D,20230308,000000,3.34,3.39,3.33,3.38,0,0
ALE_PB,D,20230309,000000,3.39,3.39,3.33,3.34,0,0
ALE_PB,D,20230310,000000,3.26,3.3,3.24,3.26,0,0
ALE_PB,D,20230313,000000,3.26,3.26,3.14,3.24,0,0
ALE_PB,D,20230314,000000,3.25,3.29,3.23,3.28,0,0
ALE_PB,D,20230315,000000,3.3,3.3,3.17,3.21,0,0
ALE_PB,D,20230316,000000,3.24,3.25,3.15,3.25,0,0
ALE_PB,D,20230317,000000,3.26,3.29,3.18,3.2,0,0
ALE_PB,D,20230320,000000,3.19,3.24,3.13,3.23,0,0
ALE_PB,D,20230321,000000,3.24,3.24,3.09,3.11,0,0
ALE_PB,D,20230322,000000,3.15,3.18,3.11,3.13,0,0
ALE_PB,D,20230323,000000,3.15,3.17,3.07,3.14,0,0
ALE_PB,D,20230324,000000,3.11,3.16,3.09,3.1,0,0
ALE_PB,D,20230327,000000,3.1,3.15,3.1,3.12,0,0
ALE_PB,D,20230328,000000,3.14,3.19,3.09,3.09,0,0
ALE_PB,D,20230329,000000,3.12,3.14,3.05,3.11,0,0
ALE_PB,D,20230330,000000,3.19,3.59,3.19,3.5,0,0
ALE_PB,D,20230331,000000,3.5,3.5,3.41,3.45,0,0
ALE_PB,D,20230403,000000,3.47,3.63,3.47,3.6,0,0
ALE_PB,D,20230404,000000,3.6,3.64,3.54,3.57,0,0
ALE_PB,D,20230405,000000,3.57,3.6,3.53,3.53,0,0
ALE_PB,D,20230406,000000,3.54,3.54,3.51,3.53,0,0
ALE_PB,D,20230411,000000,3.53,3.62,3.5,3.59,0,0
ALE_PB,D,20230412,000000,3.58,3.68,3.57,3.65,0,0
ALE_PB,D,20230413,000000,3.64,3.76,3.64,3.74,0,0
ALE_PB,D,20230414,000000,3.76,3.76,3.65,3.66,0,0
ALE_PB,D,20230417,000000,3.67,3.76,3.67,3.75,0,0
ALE_PB,D,20230418,000000,3.74,3.83,3.74,3.76,0,0
ALE_PB,D,20230419,000000,3.75,3.82,3.71,3.81,0,0
ALE_PB,D,20230420,000000,3.79,3.93,3.79,3.87,0,0
ALE_PB,D,20230421,000000,3.86,3.86,3.75,3.86,0,0
ALE_PB,D,20230424,000000,3.86,3.9,3.84,3.88,0,0
ALE_PB,D,20230425,000000,3.88,3.88,3.8,3.81,0,0
ALE_PB,D,20230426,000000,3.78,3.87,3.78,3.85,0,0
ALE_PB,D,20230427,000000,3.86,3.93,3.83,3.93,0,0
ALE_PB,D,20230428,000000,3.93,3.93,3.81,3.85,0,0
ALE_PB,D,20230502,000000,3.82,3.89,3.82,3.84,0,0
ALE_PB,D,20230504,000000,3.83,3.88,3.81,3.86,0,0
ALE_PB,D,20230505,000000,3.87,3.89,3.84,3.88,0,0
ALE_PB,D,20230508,000000,3.88,3.9,3.87,3.88,0,0
ALE_PB,D,20230509,000000,3.86,3.94,3.86,3.92,0,0
ALE_PB,D,20230510,000000,3.94,4.06,3.93,4,0,0
ALE_PB,D,20230511,000000,4.01,4.21,4.01,4.21,0,0
ALE_PB,D,20230512,000000,4.21,4.23,4.16,4.16,0,0
ALE_PB,D,20230515,000000,4.19,4.32,4.19,4.21,0,0
ALE_PB,D,20230516,000000,4.23,4.33,4.18,4.28,0,0
ALE_PB,D,20230517,000000,4.29,4.31,4.22,4.29,0,0
ALE_PB,D,20230518,000000,4.3,4.3,4.21,4.27,0,0
ALE_PB,D,20230519,000000,4.3,4.52,4.3,4.51,0,0
ALE_PB,D,20230522,000000,4.53,4.54,4.48,4.54,0,0
ALE_PB,D,20230523,000000,4.55,4.58,4.46,4.46,0,0
ALE_PB,D,20230524,000000,4.42,4.42,4.3,4.33,0,0
ALE_PB,D,20230525,000000,4.35,4.35,4.01,4.03,0,0
ALE_PB,D,20230526,000000,4.04,4.14,4.04,4.13,0,0
ALE_PB,D,20230529,000000,4.17,4.24,4.17,4.18,0,0
ALE_PB,D,20230530,000000,4.21,4.27,4.1,4.16,0,0
ALE_PB,D,20230531,000000,4.11,4.24,4.05,4.18,0,0
ALE_PB,D,20230601,000000,4.18,4.18,4.06,4.12,0,0
ALE_PB,D,20230602,000000,4.16,4.27,4.14,4.27,0,0
ALE_PB,D,20230605,000000,4.28,4.33,4.22,4.26,0,0
ALE_PB,D,20230606,000000,4.26,4.26,4.08,4.12,0,0
ALE_PB,D,20230607,000000,4.12,4.18,4.1,4.17,0,0
ALE_PB,D,20230609,000000,4.23,4.23,4.06,4.07,0,0
ALE_PB,D,20230612,000000,4.07,4.11,4.02,4.08,0,0
ALE_PB,D,20230613,000000,3.83,3.87,3.79,3.8,0,0
ALE_PB,D,20230614,000000,3.8,3.84,3.7,3.84,0,0
ALE_PB,D,20230615,000000,3.81,3.86,3.81,3.86,0,0
ALE_PB,D,20230616,000000,3.86,3.87,3.8,3.83,0,0
ALE_PB,D,20230619,000000,3.83,3.88,3.81,3.81,0,0
ALE_PB,D,20230620,000000,3.8,3.82,3.79,3.81,0,0
ALE_PB,D,20230621,000000,3.82,3.89,3.82,3.87,0,0
ALE_PB,D,20230622,000000,3.82,3.85,3.8,3.84,0,0
ALE_PB,D,20230623,000000,3.82,3.84,3.75,3.77,0,0
ALE_PB,D,20230626,000000,3.77,3.84,3.77,3.8,0,0
ALE_PB,D,20230627,000000,3.8,3.81,3.75,3.76,0,0
ALE_PB,D,20230628,000000,3.78,3.8,3.76,3.76,0,0
ALE_PB,D,20230629,000000,3.77,3.8,3.76,3.77,0,0
ALE_PB,D,20230630,000000,3.77,3.77,3.72,3.77,0,0
ALE_PB,D,20230703,000000,3.77,3.78,3.71,3.77,0,0
ALE_PB,D,20230704,000000,3.78,3.8,3.75,3.79,0,0
ALE_PB,D,20230705,000000,3.77,3.79,3.76,3.77,0,0
ALE_PB,D,20230706,000000,3.74,3.75,3.69,3.71,0,0
ALE_PB,D,20230707,000000,3.71,3.77,3.71,3.77,0,0
ALE_PB,D,20230710,000000,3.75,3.77,3.71,3.76,0,0
ALE_PB,D,20230711,000000,3.79,3.79,3.74,3.78,0,0
ALE_PB,D,20230712,000000,3.78,3.88,3.78,3.88,0,0
ALE_PB,D,20230713,000000,3.9,3.94,3.79,3.8,0,0
ALE_PB,D,20230714,000000,3.8,3.93,3.79,3.9,0,0
ALE_PB,D,20230717,000000,3.88,3.9,3.87,3.89,0,0
ALE_PB,D,20230718,000000,3.89,3.91,3.84,3.87,0,0
ALE_PB,D,20230719,000000,3.88,3.88,3.82,3.82,0,0
ALE_PB,D,20230720,000000,3.82,3.89,3.79,3.82,0,0
ALE_PB,D,20230721,000000,3.82,3.86,3.77,3.84,0,0
ALE_PB,D,20230724,000000,3.86,3.98,3.84,3.85,0,0
ALE_PB,D,20230725,000000,3.88,3.92,3.88,3.92,0,0
ALE_PB,D,20230726,000000,3.95,3.95,3.89,3.91,0,0
ALE_PB,D,20230727,000000,3.94,4.09,3.94,4.08,0,0
ALE_PB,D,20230728,000000,4.07,4.17,4.06,4.16,0,0
ALE_PB,D,20230731,000000,4.17,4.19,4.13,4.16,0,0
ALE_PB,D,20230801,000000,4.15,4.21,4.15,4.21,0,0
ALE_PB,D,20230802,000000,4.14,4.15,4.01,4.01,0,0
ALE_PB,D,20230803,000000,4.01,4.09,3.93,4.08,0,0
ALE_PB,D,20230804,000000,4.12,4.18,4.06,4.113,0,0
ALE_PB,D,20230807,000000,4.101,4.118,4.072,4.082,0,0
ALE_PB,D,20230808,000000,4.06,4.06,3.933,3.933,0,0
ALE_PB,D,20230809,000000,3.945,4.018,3.91,3.926,0,0
ALE_PB,D,20230810,000000,3.963,4.151,3.963,4.118,0,0
ALE_PB,D,20230811,000000,4.078,4.119,4.033,4.049,0,0
ALE_PB,D,20230814,000000,4.019,4.067,4.019,4.067,0,0
ALE_PB,D,20230816,000000,4.02,4.045,3.969,3.969,0,0
ALE_PB,D,20230817,000000,3.968,4.047,3.968,3.989,0,0
ALE_PB,D,20230818,000000,3.989,4.045,3.967,4.006,0,0
ALE_PB,D,20230821,000000,3.988,3.988,3.885,3.894,0,0
ALE_PB,D,20230822,000000,3.925,3.95,3.881,3.881,0,0
ALE_PB,D,20230823,000000,3.895,3.897,3.824,3.872,0,0
ALE_PB,D,20230824,000000,3.937,3.963,3.807,3.809,0,0
ALE_PB,D,20230825,000000,3.776,3.849,3.762,3.784,0,0
ALE_PB,D,20230828,000000,3.789,3.826,3.747,3.826,0,0
ALE_PB,D,20230829,000000,3.834,3.859,3.799,3.845,0,0
ALE_PB,D,20230830,000000,3.845,3.858,3.819,3.856,0,0
ALE_PB,D,20230831,000000,3.834,3.889,3.813,3.837,0,0
ALE_PB,D,20230901,000000,3.806,3.851,3.787,3.794,0,0
ALE_PB,D,20230904,000000,3.794,3.845,3.747,3.747,0,0
ALE_PB,D,20230905,000000,3.744,3.744,3.62,3.62,0,0
ALE_PB,D,20230906,000000,3.66,3.802,3.606,3.683,0,0
ALE_PB,D,20230907,000000,3.672,3.714,3.633,3.669,0,0
ALE_PB,D,20230908,000000,3.681,3.694,3.625,3.694,0,0
ALE_PB,D,20230911,000000,3.707,3.746,3.651,3.663,0,0
ALE_PB,D,20230912,000000,3.663,3.704,3.64,3.672,0,0
ALE_PB,D,20230913,000000,3.655,3.684,3.63,3.669,0,0
ALE_PB,D,20230914,000000,3.689,3.706,3.669,3.706,0,0
ALE_PB,D,20230915,000000,3.718,3.734,3.7,3.718,0,0
ALE_PB,D,20230918,000000,3.708,3.708,3.598,3.607,0,0
ALE_PB,D,20230919,000000,3.629,3.652,3.536,3.55,0,0
ALE_PB,D,20230920,000000,3.551,3.598,3.551,3.572,0,0
ALE_PB,D,20230921,000000,3.55,3.55,3.458,3.474,0,0
ALE_PB,D,20230922,000000,3.469,3.507,3.443,3.465,0,0
ALE_PB,D,20230925,000000,3.465,3.465,3.356,3.357,0,0
ALE_PB,D,20230926,000000,3.348,3.43,3.306,3.405,0,0
ALE_PB,D,20230927,000000,3.424,3.53,3.424,3.503,0,0
ALE_PB,D,20230928,000000,3.73,3.781,3.503,3.684,0,0
ALE_PB,D,20230929,000000,3.724,3.819,3.724,3.728,0,0
ALE_PB,D,20231002,000000,3.724,3.827,3.724,3.782,0,0
ALE_PB,D,20231003,000000,3.808,3.808,3.629,3.653,0,0
ALE_PB,D,20231004,000000,3.62,3.765,3.62,3.668,0,0
ALE_PB,D,20231005,000000,3.701,3.701,3.585,3.588,0,0
ALE_PB,D,20231006,000000,3.389,3.389,3.28,3.325,0,0
ALE_PB,D,20231009,000000,3.326,3.326,3.234,3.267,0,0
ALE_PB,D,20231010,000000,3.284,3.354,3.284,3.337,0,0
ALE_PB,D,20231011,000000,3.338,3.339,3.271,3.309,0,0
ALE_PB,D,20231012,000000,3.319,3.357,3.277,3.287,0,0
ALE_PB,D,20231013,000000,3.287,3.331,3.278,3.284,0,0
ALE_PB,D,20231016,000000,3.347,3.347,3.163,3.223,0,0
ALE_PB,D,20231017,000000,3.223,3.371,3.223,3.339,0,0
ALE_PB,D,20231018,000000,3.363,3.392,3.313,3.342,0,0
ALE_PB,D,20231019,000000,3.316,3.345,3.293,3.3,0,0
ALE_PB,D,20231020,000000,3.296,3.34,3.267,3.319,0,0
ALE_PB,D,20231023,000000,3.319,3.319,3.252,3.265,0,0
ALE_PB,D,20231024,000000,3.304,3.394,3.304,3.371,0,0
ALE_PB,D,20231025,000000,3.357,3.375,3.301,3.327,0,0
ALE_PB,D,20231026,000000,3.298,3.359,3.298,3.354,0,0
ALE_PB,D,20231027,000000,3.362,3.362,3.335,3.349,0,0
ALE_PB,D,20231030,000000,3.365,3.439,3.356,3.437,0,0
ALE_PB,D,20231031,000000,3.446,3.527,3.446,3.487,0,0
ALE_PB,D,20231102,000000,3.592,3.592,3.487,3.561,0,0
ALE_PB,D,20231103,000000,3.562,3.619,3.545,3.619,0,0
ALE_PB,D,20231106,000000,3.623,3.63,3.59,3.608,0,0
ALE_PB,D,20231107,000000,3.603,3.681,3.575,3.603,0,0
ALE_PB,D,20231108,000000,3.603,3.608,3.569,3.569,0,0
ALE_PB,D,20231109,000000,3.562,3.582,3.46,3.582,0,0
ALE_PB,D,20231110,000000,3.571,3.575,3.525,3.572,0,0
ALE_PB,D,20231113,000000,3.581,3.606,3.513,3.513,0,0
ALE_PB,D,20231114,000000,3.522,3.675,3.493,3.675,0,0
ALE_PB,D,20231115,000000,3.695,3.796,3.694,3.763,0,0
ALE_PB,D,20231116,000000,3.701,3.701,3.413,3.413,0,0
ALE_PB,D,20231117,000000,3.413,3.474,3.377,3.377,0,0
ALE_PB,D,20231120,000000,3.39,3.473,3.39,3.418,0,0
ALE_PB,D,20231121,000000,3.427,3.5,3.427,3.446,0,0
ALE_PB,D,20231122,000000,3.468,3.493,3.463,3.484,0,0
ALE_PB,D,20231123,000000,3.484,3.498,3.453,3.463,0,0
ALE_PB,D,20231124,000000,3.461,3.484,3.428,3.428,0,0
ALE_PB,D,20231127,000000,3.456,3.465,3.338,3.383,0,0
ALE_PB,D,20231128,000000,3.382,3.406,3.346,3.361,0,0
ALE_PB,D,20231129,000000,3.387,3.401,3.346,3.353,0,0
ALE_PB,D,20231130,000000,3.354,3.387,3.347,3.347,0,0
ALE_PB,D,20231201,000000,3.349,3.412,3.317,3.412,0,0
ALE_PB,D,20231204,000000,3.412,3.446,3.385,3.402,0,0
ALE_PB,D,20231205,000000,3.422,3.511,3.411,3.504,0,0
ALE_PB,D,20231206,000000,3.517,3.519,3.46,3.506,0,0
ALE_PB,D,20231207,000000,3.506,3.506,3.443,3.474,0,0
ALE_PB,D,20231208,000000,3.474,3.529,3.419,3.419,0,0
ALE_PB,D,20231211,000000,3.417,3.441,3.391,3.409,0,0
ALE_PB,D,20231212,000000,3.416,3.421,3.353,3.384,0,0
ALE_PB,D,20231213,000000,3.393,3.516,3.393,3.498,0,0
ALE_PB,D,20231214,000000,3.554,3.642,3.554,3.642,0,0
ALE_PB,D,20231215,000000,3.648,3.933,3.648,3.876,0,0
ALE_PB,D,20231218,000000,3.843,3.843,3.721,3.828,0,0
ALE_PB,D,20231219,000000,3.758,3.861,3.758,3.808,0,0
ALE_PB,D,20231220,000000,3.809,3.814,3.757,3.796,0,0
ALE_PB,D,20231221,000000,3.778,3.778,3.714,3.737,0,0
ALE_PB,D,20231222,000000,3.716,3.742,3.674,3.733,0,0
ALE_PB,D,20231227,000000,3.755,3.794,3.755,3.778,0,0
ALE_PB,D,20231228,000000,3.789,3.828,3.78,3.787,0,0
ALE_PB,D,20231229,000000,3.789,3.801,3.737,3.769,0,0
ALE_PB,D,20240102,000000,3.769,3.769,3.541,3.541,0,0
ALE_PB,D,20240103,000000,3.544,3.544,3.38,3.431,0,0
ALE_PB,D,20240104,000000,3.45,3.45,3.379,3.393,0,0
ALE_PB,D,20240105,000000,3.393,3.396,3.348,3.385,0,0
ALE_PB,D,20240108,000000,3.351,3.389,3.341,3.381,0,0
ALE_PB,D,20240109,000000,3.415,3.451,3.388,3.449,0,0
ALE_PB,D,20240110,000000,3.45,3.563,3.45,3.557,0,0
ALE_PB,D,20240111,000000,3.56,3.656,3.552,3.552,0,0
ALE_PB,D,20240112,000000,3.55,3.709,3.55,3.665,0,0
ALE_PB,D,20240115,000000,3.665,3.665,3.506,3.518,0,0
ALE_PB,D,20240116,000000,3.518,3.551,3.476,3.493,0,0
ALE_PB,D,20240117,000000,3.461,3.47,3.409,3.415,0,0
ALE_PB,D,20240118,000000,3.444,3.469,3.4,3.46,0,0
ALE_PB,D,20240119,000000,3.498,3.564,3.427,3.564,0,0
ALE_PB,D,20240122,000000,3.54,3.54,3.415,3.419,0,0
ALE_PB,D,20240123,000000,3.454,3.454,3.373,3.393,0,0
ALE_PB,D,20240124,000000,3.427,3.463,3.401,3.452,0,0
ALE_PB,D,20240125,000000,3.46,3.495,3.39,3.416,0,0
ALE_PB,D,20240126,000000,3.4,3.422,3.385,3.418,0,0
ALE_PB,D,20240129,000000,3.416,3.429,3.381,3.408,0,0
ALE_PB,D,20240130,000000,3.408,3.447,3.395,3.41,0,0
ALE_PB,D,20240131,000000,3.395,3.437,3.395,3.437,0,0
ALE_PB,D,20240201,000000,3.437,3.537,3.437,3.503,0,0
ALE_PB,D,20240202,000000,3.513,3.566,3.44,3.44,0,0
ALE_PB,D,20240205,000000,3.461,3.527,3.428,3.436,0,0
ALE_PB,D,20240206,000000,3.481,3.482,3.436,3.467,0,0
ALE_PB,D,20240207,000000,3.453,3.523,3.453,3.506,0,0
ALE_PB,D,20240208,000000,3.495,3.577,3.495,3.561,0,0
ALE_PB,D,20240209,000000,3.561,3.593,3.549,3.582,0,0
ALE_PB,D,20240212,000000,3.586,3.641,3.586,3.641,0,0
ALE_PB,D,20240213,000000,3.638,3.699,3.499,3.539,0,0
ALE_PB,D,20240214,000000,3.511,3.628,3.511,3.625,0,0
ALE_PB,D,20240215,000000,3.625,3.644,3.608,3.619,0,0
ALE_PB,D,20240216,000000,3.619,3.648,3.589,3.597,0,0
ALE_PB,D,20240219,000000,3.597,3.649,3.597,3.648,0,0
ALE_PB,D,20240220,000000,3.617,3.661,3.597,3.604,0,0
ALE_PB,D,20240221,000000,3.604,3.604,3.527,3.527,0,0
ALE_PB,D,20240222,000000,3.586,3.747,3.586,3.747,0,0
ALE_PB,D,20240223,000000,3.747,3.805,3.709,3.718,0,0
ALE_PB,D,20240226,000000,3.718,3.779,3.715,3.775,0,0
ALE_PB,D,20240227,000000,3.775,3.841,3.748,3.794,0,0
ALE_PB,D,20240228,000000,3.794,3.794,3.658,3.659,0,0
ALE_PB,D,20240229,000000,3.636,3.7,3.619,3.647,0,0
ALE_PB,D,20240301,000000,3.687,3.687,3.527,3.546,0,0
ALE_PB,D,20240304,000000,3.563,3.568,3.476,3.478,0,0
ALE_PB,D,20240305,000000,3.472,3.476,3.432,3.454,0,0
ALE_PB,D,20240306,000000,3.454,3.492,3.452,3.452,0,0
ALE_PB,D,20240307,000000,3.427,3.493,3.411,3.484,0,0
ALE_PB,D,20240308,000000,3.505,3.549,3.452,3.536,0,0
ALE_PB,D,20240311,000000,3.533,3.533,3.456,3.488,0,0
ALE_PB,D,20240312,000000,3.506,3.541,3.474,3.516,0,0
ALE_PB,D,20240313,000000,3.524,3.524,3.431,3.431,0,0
ALE_PB,D,20240314,000000,3.547,3.597,3.457,3.586,0,0
ALE_PB,D,20240315,000000,3.6,3.901,3.6,3.864,0,0
ALE_PB,D,20240318,000000,3.865,3.898,3.685,3.746,0,0
ALE_PB,D,20240319,000000,3.746,3.852,3.653,3.697,0,0
ALE_PB,D,20240320,000000,3.705,3.742,3.685,3.694,0,0
ALE_PB,D,20240321,000000,3.717,3.822,3.717,3.809,0,0
ALE_PB,D,20240322,000000,3.814,3.9,3.805,3.826,0,0
ALE_PB,D,20240325,000000,3.81,3.81,3.68,3.692,0,0
ALE_PB,D,20240326,000000,3.693,3.777,3.693,3.735,0,0
ALE_PB,D,20240327,000000,3.735,3.787,3.734,3.787,0,0
ALE_PB,D,20240328,000000,3.79,3.868,3.79,3.867,0,0
ALE_PB,D,20240402,000000,3.865,3.865,3.731,3.763,0,0
ALE_PB,D,20240403,000000,3.753,3.816,3.71,3.75,0,0
ALE_PB,D,20240404,000000,3.74,3.74,3.685,3.7,0,0
ALE_PB,D,20240405,000000,3.681,3.681,3.601,3.611,0,0
ALE_PB,D,20240408,000000,3.611,3.632,3.584,3.629,0,0
ALE_PB,D,20240409,000000,3.629,3.68,3.572,3.594,0,0
ALE_PB,D,20240410,000000,3.6,3.643,3.586,3.628,0,0
ALE_PB,D,20240411,000000,3.623,3.742,3.623,3.676,0,0
ALE_PB,D,20240412,000000,3.68,3.711,3.613,3.616,0,0
ALE_PB,D,20240415,000000,3.613,3.679,3.595,3.623,0,0
ALE_PB,D,20240416,000000,3.574,3.679,3.573,3.667,0,0
ALE_PB,D,20240417,000000,3.667,3.904,3.667,3.727,0,0
ALE_PB,D,20240418,000000,3.735,3.857,3.735,3.857,0,0
ALE_PB,D,20240419,000000,3.796,3.857,3.796,3.818,0,0
ALE_PB,D,20240422,000000,3.856,3.949,3.822,3.891,0,0
ALE_PB,D,20240423,000000,3.914,3.936,3.854,3.895,0,0
ALE_PB,D,20240424,000000,3.895,3.899,3.801,3.845,0,0
ALE_PB,D,20240425,000000,3.845,3.849,3.771,3.775,0,0
ALE_PB,D,20240426,000000,3.811,3.96,3.811,3.888,0,0
ALE_PB,D,20240429,000000,3.891,4.018,3.891,4.008,0,0
ALE_PB,D,20240430,000000,4.017,4.017,3.943,3.975,0,0
ALE_PB,D,20240502,000000,3.962,4.03,3.962,3.997,0,0
ALE_PB,D,20240506,000000,4.046,4.362,4.046,4.313,0,0
ALE_PB,D,20240507,000000,4.278,4.344,4.187,4.232,0,0
ALE_PB,D,20240508,000000,4.231,4.287,4.228,4.256,0,0
ALE_PB,D,20240509,000000,4.258,4.353,4.258,4.338,0,0
ALE_PB,D,20240510,000000,4.36,4.45,4.36,4.441,0,0
ALE_PB,D,20240513,000000,4.407,4.486,4.407,4.448,0,0
ALE_PB,D,20240514,000000,4.441,4.448,4.365,4.448,0,0
ALE_PB,D,20240515,000000,4.442,4.469,4.394,4.469,0,0
ALE_PB,D,20240516,000000,4.467,4.526,4.459,4.487,0,0
ALE_PB,D,20240517,000000,4.441,4.541,4.441,4.54,0,0
ALE_PB,D,20240520,000000,4.558,4.573,4.41,4.54,0,0
ALE_PB,D,20240521,000000,4.523,4.543,4.373,4.398,0,0
ALE_PB,D,20240522,000000,4.383,4.431,4.318,4.431,0,0
ALE_PB,D,20240523,000000,4.51,4.782,4.51,4.666,0,0
ALE_PB,D,20240524,000000,4.642,4.715,4.642,4.675,0,0
ALE_PB,D,20240527,000000,4.675,4.686,4.618,4.672,0,0
ALE_PB,D,20240528,000000,4.675,4.758,4.632,4.656,0,0
ALE_PB,D,20240529,000000,4.629,4.636,4.53,4.573,0,0
ALE_PB,D,20240531,000000,4.546,4.546,4.336,4.415,0,0
ALE_PB,D,20240603,000000,4.461,4.461,4.408,4.441,0,0
ALE_PB,D,20240604,000000,4.428,4.496,4.425,4.475,0,0
ALE_PB,D,20240605,000000,4.475,4.475,4.424,4.47,0,0
ALE_PB,D,20240606,000000,4.476,4.513,4.385,4.403,0,0
ALE_PB,D,20240607,000000,4.394,4.394,4.311,4.345,0,0
ALE_PB,D,20240610,000000,4.287,4.381,4.287,4.381,0,0
ALE_PB,D,20240611,000000,4.383,4.396,4.324,4.359,0,0
ALE_PB,D,20240612,000000,4.359,4.393,4.308,4.39,0,0
ALE_PB,D,20240613,000000,4.408,4.408,4.332,4.363,0,0
ALE_PB,D,20240614,000000,4.36,4.36,4.259,4.297,0,0
ALE_PB,D,20240617,000000,4.292,4.424,4.292,4.406,0,0
ALE_PB,D,20240618,000000,4.433,4.433,4.343,4.348,0,0
ALE_PB,D,20240619,000000,4.383,4.383,4.23,4.23,0,0
ALE_PB,D,20240620,000000,4.23,4.263,4.174,4.217,0,0
ALE_PB,D,20240621,000000,4.201,4.252,4.19,4.202,0,0
ALE_PB,D,20240624,000000,4.196,4.284,4.196,4.266,0,0
ALE_PB,D,20240625,000000,4.266,4.303,4.217,4.263,0,0
ALE_PB,D,20240626,000000,4.309,4.351,4.307,4.342,0,0
ALE_PB,D,20240627,000000,4.32,4.41,4.307,4.315,0,0
ALE_PB,D,20240628,000000,4.323,4.323,4.26,4.275,0,0
ALE_PB,D,20240701,000000,4.298,4.317,4.221,4.224,0,0
ALE_PB,D,20240702,000000,4.21,4.21,4.111,4.132,0,0
ALE_PB,D,20240703,000000,4.188,4.191,4.132,4.154,0,0
ALE_PB,D,20240704,000000,4.154,4.163,4.083,4.129,0,0
ALE_PB,D,20240705,000000,4.137,4.168,3.996,4.037,0,0
ALE_PB,D,20240708,000000,4.037,4.079,4.02,4.068,0,0
ALE_PB,D,20240709,000000,4.066,4.097,4.064,4.092,0,0
ALE_PB,D,20240710,000000,4.103,4.145,4.012,4.056,0,0
ALE_PB,D,20240711,000000,4.082,4.165,4.055,4.151,0,0
ALE_PB,D,20240712,000000,4.133,4.173,4.109,4.173,0,0
ALE_PB,D,20240715,000000,4.139,4.179,4.107,4.159,0,0
ALE_PB,D,20240716,000000,4.139,4.139,4.037,4.069,0,0
ALE_PB,D,20240717,000000,4.06,4.073,3.931,3.944,0,0
ALE_PB,D,20240718,000000,3.967,4.03,3.918,4.003,0,0
ALE_PB,D,20240719,000000,3.99,4.027,3.958,3.984,0,0
ALE_PB,D,20240722,000000,4.001,4.026,3.967,3.983,0,0
ALE_PB,D,20240723,000000,3.986,4.017,3.948,4.017,0,0
ALE_PB,D,20240724,000000,3.969,4.02,3.969,4.006,0,0
ALE_PB,D,20240725,000000,3.95,4.018,3.95,4.015,0,0
ALE_PB,D,20240726,000000,4.017,4.031,3.982,4.026,0,0
ALE_PB,D,20240729,000000,4.06,4.064,3.99,4.053,0,0
ALE_PB,D,20240730,000000,4.066,4.191,4.053,4.068,0,0
ALE_PB,D,20240731,000000,4.122,4.177,4.099,4.128,0,0
ALE_PB,D,20240801,000000,4.162,4.162,4.082,4.106,0,0
ALE_PB,D,20240802,000000,4.057,4.074,4.002,4.066,0,0
ALE_PB,D,20240805,000000,3.881,3.986,3.87,3.986,0,0
ALE_PB,D,20240806,000000,4.017,4.057,3.901,3.916,0,0
ALE_PB,D,20240807,000000,3.966,4.013,3.96,4.013,0,0
ALE_PB,D,20240808,000000,4.012,4.11,3.961,4.109,0,0
ALE_PB,D,20240809,000000,4.12,4.169,4.1,4.117,0,0
ALE_PB,D,20240812,000000,4.117,4.242,4.117,4.224,0,0
ALE_PB,D,20240813,000000,4.25,4.257,4.223,4.252,0,0
ALE_PB,D,20240814,000000,4.261,4.371,4.252,4.332,0,0
ALE_PB,D,20240816,000000,4.399,4.447,4.399,4.439,0,0
ALE_PB,D,20240819,000000,4.43,4.438,4.32,4.339,0,0
ALE_PB,D,20240820,000000,4.366,4.366,4.24,4.245,0,0
ALE_PB,D,20240821,000000,4.236,4.373,4.196,4.369,0,0
ALE_PB,D,20240822,000000,4.337,4.441,4.337,4.391,0,0
ALE_PB,D,20240823,000000,4.405,4.405,4.286,4.296,0,0
ALE_PB,D,20240826,000000,4.308,4.308,4.23,4.295,0,0
ALE_PB,D,20240827,000000,4.304,4.304,4.218,4.266,0,0
ALE_PB,D,20240828,000000,4.286,4.286,4.239,4.239,0,0
ALE_PB,D,20240829,000000,4.241,4.301,4.217,4.298,0,0
ALE_PB,D,20240830,000000,4.298,4.317,4.27,4.317,0,0
ALE_PB,D,20240902,000000,4.281,4.322,4.205,4.295,0,0
ALE_PB,D,20240903,000000,4.307,4.351,4.289,4.298,0,0
ALE_PB,D,20240904,000000,4.241,4.285,4.225,4.248,0,0
ALE_PB,D,20240905,000000,4.235,4.254,4.158,4.164,0,0
ALE_PB,D,20240906,000000,4.146,4.207,4.062,4.066,0,0
ALE_PB,D,20240909,000000,4.082,4.085,4.031,4.074,0,0
ALE_PB,D,20240910,000000,4.057,4.124,4.051,4.077,0,0
ALE_PB,D,20240911,000000,4.038,4.13,4.038,4.08,0,0
ALE_PB,D,20240912,000000,4.138,4.223,4.138,4.218,0,0
ALE_PB,D,20240913,000000,4.196,4.264,4.196,4.256,0,0
ALE_PB,D,20240916,000000,4.274,4.311,4.258,4.286,0,0
ALE_PB,D,20240917,000000,4.309,4.392,4.309,4.384,0,0
ALE_PB,D,20240918,000000,4.384,4.409,4.341,4.391,0,0
ALE_PB,D,20240919,000000,4.196,4.196,3.88,3.88,0,0
ALE_PB,D,20240920,000000,3.88,3.937,3.878,3.918,0,0
ALE_PB,D,20240923,000000,3.918,3.974,3.875,3.974,0,0
ALE_PB,D,20240924,000000,3.986,4.01,3.965,3.97,0,0
ALE_PB,D,20240925,000000,3.95,4.005,3.95,4,0,0
ALE_PB,D,20240926,000000,3.968,4,3.937,3.948,0,0
ALE_PB,D,20240927,000000,3.948,3.978,3.936,3.945,0,0
ALE_PB,D,20240930,000000,3.928,3.934,3.781,3.807,0,0
ALE_PB,D,20241001,000000,3.819,3.877,3.791,3.795,0,0
ALE_PB,D,20241002,000000,3.826,3.837,3.769,3.796,0,0
ALE_PB,D,20241003,000000,3.765,3.787,3.71,3.768,0,0
ALE_PB,D,20241004,000000,3.768,3.776,3.729,3.729,0,0
ALE_PB,D,20241007,000000,3.731,3.751,3.711,3.731,0,0
ALE_PB,D,20241008,000000,3.707,3.751,3.703,3.751,0,0
ALE_PB,D,20241009,000000,3.759,3.812,3.734,3.766,0,0
ALE_PB,D,20241010,000000,3.769,3.794,3.749,3.767,0,0
ALE_PB,D,20241011,000000,3.773,3.918,3.773,3.906,0,0
ALE_PB,D,20241014,000000,3.871,3.871,3.806,3.828,0,0
ALE_PB,D,20241015,000000,3.828,3.833,3.79,3.802,0,0
ALE_PB,D,20241016,000000,3.802,3.856,3.8,3.856,0,0
ALE_PB,D,20241017,000000,3.854,3.895,3.811,3.811,0,0
ALE_PB,D,20241018,000000,3.811,3.828,3.778,3.828,0,0
ALE_PB,D,20241021,000000,3.811,3.824,3.748,3.795,0,0
ALE_PB,D,20241022,000000,3.795,3.844,3.761,3.771,0,0
ALE_PB,D,20241023,000000,3.76,3.766,3.712,3.749,0,0
ALE_PB,D,20241024,000000,3.773,3.803,3.761,3.768,0,0
ALE_PB,D,20241025,000000,3.782,3.807,3.734,3.807,0,0
ALE_PB,D,20241028,000000,3.807,3.902,3.807,3.828,0,0
ALE_PB,D,20241029,000000,3.826,3.897,3.826,3.886,0,0
ALE_PB,D,20241030,000000,3.899,3.988,3.899,3.919,0,0
ALE_PB,D,20241031,000000,3.884,3.897,3.817,3.841,0,0
ALE_PB,D,20241104,000000,3.841,3.865,3.819,3.853,0,0
ALE_PB,D,20241105,000000,3.853,3.853,3.746,3.772,0,0
ALE_PB,D,20241106,000000,3.786,3.824,3.772,3.803,0,0
ALE_PB,D,20241107,000000,3.816,3.856,3.778,3.842,0,0
ALE_PB,D,20241108,000000,3.86,3.86,3.779,3.789,0,0
ALE_PB,D,20241112,000000,3.789,3.789,3.719,3.741,0,0
ALE_PB,D,20241113,000000,3.741,3.857,3.741,3.84,0,0
ALE_PB,D,20241114,000000,3.717,3.717,3.205,3.405,0,0
ALE_PB,D,20241115,000000,3.368,3.368,3.188,3.188,0,0
ALE_PB,D,20241118,000000,3.18,3.18,3.101,3.131,0,0
ALE_PB,D,20241119,000000,3.16,3.16,3.007,3.062,0,0
ALE_PB,D,20241120,000000,3.106,3.106,3.051,3.089,0,0
ALE_PB,D,20241121,000000,3.104,3.183,3.069,3.163,0,0
ALE_PB,D,20241122,000000,3.192,3.206,3.135,3.151,0,0
ALE_PB,D,20241125,000000,3.193,3.226,3.193,3.203,0,0
ALE_PB,D,20241126,000000,3.204,3.204,3.135,3.166,0,0
ALE_PB,D,20241127,000000,3.182,3.189,3.151,3.166,0,0
ALE_PB,D,20241128,000000,3.167,3.167,3.108,3.117,0,0
ALE_PB,D,20241129,000000,3.106,3.164,3.1,3.146,0,0
ALE_PB,D,20241202,000000,3.15,3.241,3.13,3.193,0,0
ALE_PB,D,20241203,000000,3.226,3.237,3.15,3.17,0,0
ALE_PB,D,20241204,000000,3.182,3.315,3.182,3.31,0,0
ALE_PB,D,20241205,000000,3.326,3.329,3.28,3.321,0,0
ALE_PB,D,20241206,000000,3.321,3.375,3.319,3.319,0,0
ALE_PB,D,20241209,000000,3.329,3.329,3.264,3.264,0,0
ALE_PB,D,20241210,000000,3.263,3.336,3.206,3.314,0,0
ALE_PB,D,20241211,000000,3.3,3.3,3.22,3.22,0,0
ALE_PB,D,20241212,000000,3.207,3.207,3.039,3.07,0,0
ALE_PB,D,20241213,000000,3.072,3.123,3.061,3.109,0,0
ALE_PB,D,20241216,000000,3.102,3.117,3.058,3.116,0,0
ALE_PB,D,20241217,000000,3.116,3.119,2.998,3.044,0,0
ALE_PB,D,20241218,000000,3.03,3.057,2.993,2.999,0,0
ALE_PB,D,20241219,000000,2.974,2.994,2.95,2.994,0,0
ALE_PB,D,20241220,000000,2.983,2.984,2.924,2.984,0,0
ALE_PB,D,20241223,000000,2.99,3.008,2.957,2.979,0,0
ALE_PB,D,20241227,000000,2.974,2.974,2.932,2.961,0,0
ALE_PB,D,20241230,000000,2.959,2.959,2.895,2.897,0,0
ALE_PB,D,20250102,000000,2.941,3.021,2.927,3.021,0,0
ALE_PB,D,20250103,000000,3.021,3.021,2.95,2.964,0,0
ALE_PB,D,20250107,000000,2.995,2.995,2.953,2.953,0,0
ALE_PB,D,20250108,000000,2.963,2.963,2.896,2.908,0,0
ALE_PB,D,20250109,000000,2.91,2.917,2.877,2.907,0,0
ALE_PB,D,20250110,000000,2.909,2.926,2.83,2.846,0,0
ALE_PB,D,20250113,000000,2.844,2.844,2.746,2.746,0,0
ALE_PB,D,20250114,000000,2.763,2.799,2.75,2.771,0,0
ALE_PB,D,20250115,000000,2.782,2.85,2.76,2.85,0,0
ALE_PB,D,20250116,000000,2.856,2.869,2.835,2.853,0,0
ALE_PB,D,20250117,000000,2.862,2.898,2.776,2.878,0,0
ALE_PB,D,20250120,000000,2.883,2.898,2.858,2.86,0,0
ALE_PB,D,20250121,000000,2.878,2.878,2.843,2.862,0,0
ALE_PB,D,20250122,000000,2.874,2.895,2.858,2.882,0,0
ALE_PB,D,20250123,000000,2.882,2.923,2.854,2.874,0,0
ALE_PB,D,20250124,000000,2.884,2.929,2.884,2.917,0,0
ALE_PB,D,20250127,000000,2.868,2.905,2.853,2.905,0,0
ALE_PB,D,20250128,000000,2.905,3.061,2.905,3.059,0,0
ALE_PB,D,20250129,000000,3.082,3.143,3.082,3.089,0,0
ALE_PB,D,20250130,000000,3.099,3.237,3.099,3.22,0,0
ALE_PB,D,20250131,000000,3.222,3.241,3.169,3.21,0,0
ALE_PB,D,20250203,000000,3.102,3.112,3.045,3.064,0,0
ALE_PB,D,20250204,000000,3.101,3.195,3.101,3.156,0,0
ALE_PB,D,20250205,000000,3.159,3.186,3.122,3.135,0,0
ALE_PB,D,20250206,000000,3.138,3.182,3.133,3.172,0,0
ALE_PB,D,20250207,000000,3.183,3.231,3.156,3.163,0,0
ALE_PB,D,20250210,000000,3.167,3.213,3.149,3.198,0,0
ALE_PB,D,20250211,000000,3.208,3.213,3.17,3.191,0,0
ALE_PB,D,20250212,000000,3.191,3.24,3.191,3.223,0,0
ALE_PB,D,20250213,000000,3.241,3.331,3.241,3.297,0,0
ALE_PB,D,20250214,000000,3.306,3.343,3.299,3.308,0,0
ALE_PB,D,20250217,000000,3.308,3.335,3.284,3.308,0,0
ALE_PB,D,20250218,000000,3.316,3.323,3.266,3.29,0,0
ALE_PB,D,20250219,000000,3.29,3.314,3.21,3.237,0,0
ALE_PB,D,20250220,000000,3.237,3.237,3.117,3.117,0,0
ALE_PB,D,20250221,000000,3.123,3.198,3.123,3.172,0,0
ALE_PB,D,20250224,000000,3.172,3.188,3.081,3.081,0,0
ALE_PB,D,20250225,000000,3.078,3.139,3.061,3.114,0,0
ALE_PB,D,20250226,000000,3.135,3.152,3.128,3.14,0,0
ALE_PB,D,20250227,000000,3.113,3.113,3.01,3.01,0,0
ALE_PB,D,20250228,000000,2.998,3.02,2.97,2.994,0,0
ALE_PB,D,20250303,000000,3,3.015,2.979,3.005,0,0
ALE_PB,D,20250304,000000,2.983,2.983,2.936,2.948,0,0
ALE_PB,D,20250305,000000,2.98,3.07,2.979,3.061,0,0
ALE_PB,D,20250306,000000,3.076,3.128,3.076,3.12,0,0
ALE_PB,D,20250307,000000,3.102,3.117,3.059,3.092,0,0
ALE_PB,D,20250310,000000,3.086,3.086,3.026,3.041,0,0
ALE_PB,D,20250311,000000,3.041,3.066,3.02,3.063,0,0
ALE_PB,D,20250312,000000,3.092,3.099,3.049,3.049,0,0
ALE_PB,D,20250313,000000,3.263,3.519,3.263,3.393,0,0
ALE_PB,D,20250314,000000,3.399,3.488,3.35,3.355,0,0
ALE_PB,D,20250317,000000,3.342,3.346,3.246,3.308,0,0
ALE_PB,D,20250318,000000,3.335,3.335,3.268,3.297,0,0
ALE_PB,D,20250319,000000,3.301,3.301,3.243,3.255,0,0
ALE_PB,D,20250320,000000,3.242,3.279,3.207,3.279,0,0
ALE_PB,D,20250321,000000,3.284,3.319,3.253,3.302,0,0
ALE_PB,D,20250324,000000,3.315,3.419,3.315,3.419,0,0
ALE_PB,D,20250325,000000,3.416,3.424,3.379,3.386,0,0
ALE_PB,D,20250326,000000,3.347,3.351,3.266,3.272,0,0
ALE_PB,D,20250327,000000,3.261,3.361,3.261,3.343,0,0
ALE_PB,D,20250328,000000,3.332,3.335,3.282,3.302,0,0
ALE_PB,D,20250331,000000,3.264,3.327,3.246,3.275,0,0
ALE_PB,D,20250401,000000,3.351,3.387,3.323,3.363,0,0
ALE_PB,D,20250402,000000,3.363,3.377,3.314,3.363,0,0
ALE_PB,D,20250403,000000,3.326,3.346,3.242,3.252,0,0
ALE_PB,D,20250404,000000,3.246,3.298,3.154,3.154,0,0
ALE_PB,D,20250407,000000,3.018,3.101,2.942,3.051,0,0
ALE_PB,D,20250408,000000,3.091,3.179,3.086,3.176,0,0
ALE_PB,D,20250409,000000,3.068,3.175,3.067,3.143,0,0
ALE_PB,D,20250410,000000,3.353,3.353,3.185,3.202,0,0
ALE_PB,D,20250411,000000,3.196,3.28,3.19,3.197,0,0
ALE_PB,D,20250414,000000,3.231,3.265,3.224,3.265,0,0
ALE_PB,D,20250415,000000,3.269,3.329,3.269,3.302,0,0
ALE_PB,D,20250416,000000,3.164,3.28,3.164,3.236,0,0
ALE_PB,D,20250417,000000,3.222,3.276,3.222,3.259,0,0
ALE_PB,D,20250422,000000,3.274,3.316,3.274,3.308,0,0
ALE_PB,D,20250423,000000,3.325,3.472,3.325,3.468,0,0
ALE_PB,D,20250424,000000,3.453,3.544,3.424,3.544,0,0
ALE_PB,D,20250425,000000,3.544,3.551,3.481,3.481,0,0
ALE_PB,D,20250428,000000,3.494,3.549,3.494,3.519,0,0
ALE_PB,D,20250429,000000,3.525,3.58,3.505,3.511,0,0
ALE_PB,D,20250430,000000,3.51,3.537,3.425,3.454,0,0
ALE_PB,D,20250502,000000,3.512,3.513,3.469,3.501,0,0
ALE_PB,D,20250505,000000,3.479,3.482,3.439,3.481,0,0
ALE_PB,D,20250506,000000,3.429,3.429,3.371,3.421,0,0
ALE_PB,D,20250507,000000,3.438,3.525,3.438,3.497,0,0
ALE_PB,D,20250508,000000,3.51,3.572,3.463,3.527,0,0
ALE_PB,D,20250509,000000,3.527,3.568,3.519,3.551,0,0
ALE_PB,D,20250512,000000,3.558,3.684,3.558,3.629,0,0
ALE_PB,D,20250513,000000,3.639,3.663,3.618,3.655,0,0
ALE_PB,D,20250514,000000,3.659,3.659,3.513,3.518,0,0
ALE_PB,D,20250515,000000,3.518,3.518,3.474,3.508,0,0
ALE_PB,D,20250516,000000,3.536,3.58,3.488,3.511,0,0
ALE_PB,D,20250519,000000,3.485,3.535,3.434,3.492,0,0
ALE_PB,D,20250520,000000,3.516,3.58,3.516,3.541,0,0
ALE_PB,D,20250521,000000,3.505,3.505,3.419,3.455,0,0
ALE_PB,D,20250522,000000,3.391,3.426,3.307,3.376,0,0
ALE_PB,D,20250523,000000,3.399,3.471,3.392,3.463,0,0
ALE_PB,D,20250526,000000,3.47,3.536,3.47,3.512,0,0
ALE_PB,D,20250527,000000,3.484,3.537,3.484,3.515,0,0
ALE_PB,D,20250528,000000,3.513,3.689,3.513,3.689,0,0
ALE_PB,D,20250529,000000,3.688,3.702,3.625,3.625,0,0
ALE_PB,D,20250530,000000,3.616,3.633,3.568,3.609,0,0
ALE_PB,D,20250602,000000,3.592,3.705,3.592,3.688,0,0
ALE_PB,D,20250603,000000,3.683,3.683,3.571,3.615,0,0
ALE_PB,D,20250604,000000,3.615,3.741,3.615,3.741,0,0
ALE_PB,D,20250605,000000,3.746,3.752,3.691,3.7,0,0
ALE_PB,D,20250606,000000,3.521,3.578,3.499,3.545,0,0
ALE_PB,D,20250609,000000,3.545,3.559,3.494,3.536,0,0
ALE_PB,D,20250610,000000,3.541,3.606,3.455,3.455,0,0
ALE_PB,D,20250611,000000,3.469,3.506,3.456,3.473,0,0
ALE_PB,D,20250612,000000,3.453,3.453,3.399,3.444,0,0
ALE_PB,D,20250613,000000,3.38,3.384,3.341,3.377,0,0
ALE_PB,D,20250616,000000,3.377,3.388,3.349,3.362,0,0
ALE_PB,D,20250617,000000,3.326,3.383,3.326,3.377,0,0
ALE_PB,D,20250618,000000,3.377,3.378,3.33,3.363,0,0
ALE_PB,D,20250620,000000,3.36,3.36,3.303,3.305,0,0
ALE_PB,D,20250623,000000,3.296,3.296,3.22,3.25,0,0
ALE_PB,D,20250624,000000,3.306,3.306,3.239,3.289,0,0
ALE_PB,D,20250625,000000,3.301,3.337,3.295,3.311,0,0
ALE_PB,D,20250626,000000,3.306,3.379,3.306,3.365,0,0
ALE_PB,D,20250627,000000,3.383,3.451,3.376,3.44,0,0
ALE_PB,D,20250630,000000,3.464,3.552,3.464,3.513,0,0
ALE_PB,D,20250701,000000,3.504,3.52,3.449,3.455,0,0
ALE_PB,D,20250702,000000,3.455,3.473,3.435,3.468,0,0
ALE_PB,D,20250703,000000,3.468,3.528,3.466,3.489,0,0
ALE_PB,D,20250704,000000,3.472,3.505,3.435,3.496,0,0
ALE_PB,D,20250707,000000,3.486,3.522,3.472,3.504,0,0
ALE_PB,D,20250708,000000,3.524,3.555,3.524,3.552,0,0
ALE_PB,D,20250709,000000,3.543,3.58,3.507,3.575,0,0
ALE_PB,D,20250710,000000,3.554,3.635,3.522,3.537,0,0
ALE_PB,D,20250711,000000,3.516,3.54,3.505,3.53,0,0
ALE_PB,D,20250714,000000,3.53,3.616,3.53,3.61,0,0
ALE_PB,D,20250715,000000,3.601,3.638,3.559,3.612,0,0
ALE_PB,D,20250716,000000,3.612,3.646,3.589,3.646,0,0
ALE_PB,D,20250717,000000,3.655,3.674,3.599,3.621,0,0
ALE_PB,D,20250718,000000,3.658,3.715,3.641,3.678,0,0
ALE_PB,D,20250721,000000,3.676,3.709,3.669,3.689,0,0
ALE_PB,D,20250722,000000,3.681,3.699,3.659,3.661,0,0
ALE_PB,D,20250723,000000,3.676,3.717,3.676,3.706,0,0
ALE_PB,D,20250724,000000,3.706,3.729,3.684,3.697,0,0
ALE_PB,D,20250725,000000,3.675,3.697,3.659,3.687,0,0
ALE_PB,D,20250728,000000,3.697,3.76,3.67,3.689,0,0
ALE_PB,D,20250729,000000,3.713,3.761,3.676,3.746,0,0
ALE_PB,D,20250730,000000,3.723,3.834,3.723,3.834,0,0
ALE_PB,D,20250731,000000,3.831,3.902,3.739,3.759,0,0
ALE_PB,D,20250801,000000,3.728,3.728,3.604,3.625,0,0
ALE_PB,D,20250804,000000,3.614,3.669,3.579,3.669,0,0
ALE_PB,D,20250805,000000,3.669,3.692,3.623,3.637,0,0
ALE_PB,D,20250806,000000,3.616,3.671,3.601,3.671,0,0
ALE_PB,D,20250807,000000,3.671,3.807,3.64,3.785,0,0
ALE_PB,D,20250808,000000,3.783,3.849,3.75,3.837,0,0
ALE_PB,D,20250811,000000,3.835,3.835,3.768,3.787,0,0
ALE_PB,D,20250812,000000,3.789,3.808,3.763,3.781,0,0
ALE_PB,D,20250813,000000,3.805,3.862,3.803,3.848,0,0
ALE_PB,D,20250814,000000,3.834,3.834,3.803,3.826,0,0
ALE_PB,D,20250818,000000,3.826,3.915,3.826,3.846,0,0
ALE_PB,D,20250819,000000,3.869,3.914,3.842,3.91,0,0
ALE_PB,D,20250820,000000,3.9,3.91,3.832,3.855,0,0
ALE_PB,D,20250821,000000,3.849,3.92,3.849,3.908,0,0
ALE_PB,D,20250822,000000,3.849,3.898,3.811,3.894,0,0
ALE_PB,D,20250825,000000,3.893,3.914,3.879,3.888,0,0
ALE_PB,D,20250826,000000,3.885,3.904,3.782,3.868,0,0
ALE_PB,D,20250827,000000,3.908,3.908,3.781,3.786,0,0
ALE_PB,D,20250828,000000,3.808,3.808,3.717,3.741,0,0
ALE_PB,D,20250829,000000,3.717,3.753,3.696,3.708,0,0
ALE_PB,D,20250901,000000,3.707,3.707,3.564,3.597,0,0
ALE_PB,D,20250902,000000,3.597,3.597,3.487,3.5,0,0
ALE_PB,D,20250903,000000,3.497,3.541,3.475,3.505,0,0
ALE_PB,D,20250904,000000,3.523,3.554,3.516,3.535,0,0
ALE_PB,D,20250905,000000,3.567,3.644,3.534,3.543,0,0
ALE_PB,D,20250908,000000,3.553,3.656,3.553,3.656,0,0
ALE_PB,D,20250909,000000,3.664,3.664,3.601,3.607,0,0
ALE_PB,D,20250910,000000,3.607,3.661,3.574,3.64,0,0
ALE_PB,D,20250911,000000,3.646,3.692,3.639,3.665,0,0
ALE_PB,D,20250912,000000,3.691,3.693,3.622,3.622,0,0
ALE_PB,D,20250915,000000,3.636,3.669,3.636,3.649,0,0
ALE_PB,D,20250916,000000,3.655,3.655,3.575,3.585,0,0
ALE_PB,D,20250917,000000,3.605,3.618,3.558,3.583,0,0
ALE_PB,D,20250918,000000,3.636,3.636,3.411,3.411,0,0
ALE_PB,D,20250919,000000,3.411,3.424,3.361,3.387,0,0
ALE_PB,D,20250922,000000,3.386,3.386,3.342,3.386,0,0
ALE_PB,D,20250923,000000,3.395,3.457,3.392,3.4,0,0
ALE_PB,D,20250924,000000,3.388,3.406,3.352,3.406,0,0
ALE_PB,D,20250925,000000,3.406,3.408,3.378,3.398,0,0
ALE_PB,D,20250926,000000,3.436,3.452,3.416,3.452,0,0
ALE_PB,D,20250929,000000,3.453,3.558,3.441,3.54,0,0
ALE_PB,D,20250930,000000,3.525,3.545,3.474,3.482,0,0
ALE_PB,D,20251001,000000,3.471,3.479,3.424,3.424,0,0
ALE_PB,D,20251002,000000,3.424,3.448,3.391,3.391,0,0
ALE_PB,D,20251003,000000,3.391,3.417,3.37,3.414,0,0
ALE_PB,D,20251006,000000,3.414,3.418,3.307,3.307,0,0
ALE_PB,D,20251007,000000,3.317,3.317,3.252,3.289,0,0
ALE_PB,D,20251008,000000,3.277,3.291,3.228,3.277,0,0
ALE_PB,D,20251009,000000,3.278,3.278,3.217,3.222,0,0
ALE_PB,D,20251010,000000,3.197,3.254,3.197,3.248,0,0
ALE_PB,D,20251013,000000,3.222,3.29,3.209,3.279,0,0
ALE_PB,D,20251014,000000,3.266,3.316,3.266,3.292,0,0
ALE_PB,D,20251015,000000,3.292,3.321,3.274,3.31,0,0
ALE_PB,D,20251016,000000,3.31,3.335,3.295,3.302,0,0
ALE_PB,D,20251017,000000,3.28,3.285,3.202,3.282,0,0
ALE_PB,D,20251020,000000,3.287,3.325,3.278,3.301,0,0
ALE_PB,D,20251021,000000,3.317,3.346,3.307,3.332,0,0
ALE_PB,D,20251022,000000,3.351,3.375,3.32,3.375,0,0
ALE_PB,D,20251023,000000,3.371,3.411,3.351,3.411,0,0
ALE_PB,D,20251024,000000,3.414,3.451,3.394,3.406,0,0
ALE_PB,D,20251027,000000,3.424,3.424,3.374,3.393,0,0
ALE_PB,D,20251028,000000,3.405,3.439,3.382,3.424,0,0
ALE_PB,D,20251029,000000,3.424,3.424,3.359,3.381,0,0
ALE_PB,D,20251030,000000,3.387,3.387,3.35,3.372,0,0
ALE_PB,D,20251031,000000,3.371,3.437,3.358,3.375,0,0
ALE_PB,D,20251103,000000,3.375,3.395,3.346,3.354,0,0
ALE_PB,D,20251104,000000,3.336,3.336,3.301,3.312,0,0
ALE_PB,D,20251105,000000,3.307,3.35,3.294,3.35,0,0
ALE_PB,D,20251106,000000,3.356,3.422,3.352,3.377,0,0
ALE_PB,D,20251107,000000,3.391,3.402,3.358,3.392,0,0
ALE_PB,D,20251110,000000,3.414,3.424,3.379,3.418,0,0
ALE_PB,D,20251112,000000,3.439,3.442,3.393,3.405,0,0
ALE_PB,D,20251113,000000,3.401,3.439,3.385,3.385,0,0
ALE_PB,D,20251114,000000,3.386,3.414,3.351,3.351,0,0
ALE_PB,D,20251117,000000,3.375,3.375,3.267,3.274,0,0
ALE_PB,D,20251118,000000,3.261,3.261,3.136,3.153,0,0
ALE_PB,D,20251119,000000,3.166,3.166,3.125,3.131,0,0
ALE_PB,D,20251120,000000,3.15,3.15,2.966,3.082,0,0
ALE_PB,D,20251121,000000,2.964,3.094,2.964,3.051,0,0
ALE_PB,D,20251124,000000,3.077,3.077,2.999,3.036,0,0
ALE_PB,D,20251125,000000,3.052,3.066,3.005,3.057,0,0
ALE_PB,D,20251126,000000,3.067,3.135,3.021,3.133,0,0
ALE_PB,D,20251127,000000,3.133,3.145,3.103,3.108,0,0
ALE_PB,D,20251128,000000,3.108,3.168,3.076,3.136,0,0
ALE_PB,D,20251201,000000,3.144,3.181,3.119,3.163,0,0
ALE_PB,D,20251202,000000,2.984,3.086,2.984,3.065,0,0
ALE_PB,D,20251203,000000,3.071,3.071,2.984,2.985,0,0
ALE_PB,D,20251204,000000,2.988,3.032,2.988,3.027,0,0
ALE_PB,D,20251205,000000,3.052,3.057,3.018,3.03,0,0
ALE_PB,D,20251208,000000,3.024,3.024,2.985,3.004,0,0
ALE_PB,D,20251209,000000,3.004,3.078,2.994,3.078,0,0
ALE_PB,D,20251210,000000,3.082,3.082,3.031,3.052,0,0
ALE_PB,D,20251211,000000,3.067,3.097,3.05,3.092,0,0
ALE_PB,D,20251212,000000,3.092,3.092,3.034,3.034,0,0
ALE_PB,D,20251215,000000,3.044,3.071,3.029,3.071,0,0
ALE_PB,D,20251216,000000,3.052,3.316,2.998,3.316,0,0
ALE_PB,D,20251217,000000,3.321,3.321,3.251,3.272,0,0
ALE_PB,D,20251218,000000,3.263,3.301,3.244,3.282,0,0
ALE_PB,D,20251219,000000,3.282,3.328,3.282,3.32,0,0
ALE_PB,D,20251222,000000,3.321,3.327,3.29,3.327,0,0
ALE_PB,D,20251223,000000,3.316,3.316,3.289,3.291,0,0
ALE_PB,D,20251229,000000,3.294,3.353,3.288,3.353,0,0
ALE_PB,D,20251230,000000,3.353,3.363,3.321,3.334,0,0
ALE_PB,D,20260102,000000,3.332,3.384,3.33,3.358,0,0
ALE_PB,D,20260105,000000,3.38,3.38,3.326,3.37,0,0
ALE_PB,D,20260107,000000,3.37,3.526,3.37,3.526,0,0
ALE_PB,D,20260108,000000,3.525,3.525,3.441,3.456,0,0
ALE_PB,D,20260109,000000,3.467,3.467,3.406,3.45,0,0
ALE_PB,D,20260112,000000,3.45,3.479,3.44,3.466,0,0
ALE_PB,D,20260113,000000,3.479,3.491,3.442,3.468,0,0
ALE_PB,D,20260114,000000,3.489,3.489,3.354,3.354,0,0
ALE_PB,D,20260115,000000,3.355,3.376,3.319,3.365,0,0
ALE_PB,D,20260116,000000,3.367,3.424,3.362,3.367,0,0
ALE_PB,D,20260119,000000,3.334,3.439,3.305,3.319,0,0
ALE_PB,D,20260120,000000,3.332,3.332,3.253,3.315,0,0
ALE_PB,D,20260121,000000,3.315,3.315,3.17,3.219,0,0
ALE_PB,D,20260122,000000,3.246,3.299,3.246,3.283,0,0
ALE_PB,D,20260123,000000,3.289,3.289,3.226,3.242,0,0
