<TICKER>,<PER>,<DATE>,<TIME>,<OPEN>,<HIGH>,<LOW>,<CLOSE>,<VOL>,<OPENINT>
ALE_MV,D,20201012,000000,71627.91,71627.91,71627.91,71627.91,0,0
ALE_MV,D,20201013,000000,73674.42,81860.47,73674.42,81860.47,0,0
ALE_MV,D,20201014,000000,85953.49,92082.79,73183.26,77726.51,0,0
ALE_MV,D,20201015,000000,77767.44,81717.21,77480.93,81062.33,0,0
ALE_MV,D,20201016,000000,81860.47,86976.74,81860.47,83344.19,0,0
ALE_MV,D,20201019,000000,83344.19,85503.26,83344.19,85339.53,0,0
ALE_MV,D,20201020,000000,85390.7,87426.98,85390.7,86976.74,0,0
ALE_MV,D,20201021,000000,87989.77,87989.77,84879.07,86127.44,0,0
ALE_MV,D,20201022,000000,85789.77,90813.95,85789.77,87355.35,0,0
ALE_MV,D,20201023,000000,88378.6,91069.77,87631.63,91069.77,0,0
ALE_MV,D,20201026,000000,91069.77,94937.67,87662.33,93832.56,0,0
ALE_MV,D,20201027,000000,93730.23,99839.07,92860.47,96840.93,0,0
ALE_MV,D,20201028,000000,96840.93,98621.4,85902.33,89708.84,0,0
ALE_MV,D,20201029,000000,90046.51,90916.28,86649.3,87938.6,0,0
ALE_MV,D,20201030,000000,86976.74,87877.21,82310.7,82320.93,0,0
ALE_MV,D,20201102,000000,83088.37,86864.19,83088.37,86127.44,0,0
ALE_MV,D,20201103,000000,87386.05,87386.05,84224.19,85636.28,0,0
ALE_MV,D,20201104,000000,84930.23,89023.26,84439.07,88603.72,0,0
ALE_MV,D,20201105,000000,90353.49,91315.35,88859.53,89596.28,0,0
ALE_MV,D,20201106,000000,90046.51,95070.7,90046.51,94272.56,0,0
ALE_MV,D,20201109,000000,96186.05,97209.3,86567.44,92717.21,0,0
ALE_MV,D,20201110,000000,91069.77,91069.77,84674.42,84674.42,0,0
ALE_MV,D,20201112,000000,86373.02,86373.02,81348.84,81348.84,0,0
ALE_MV,D,20201113,000000,81809.3,81809.3,77255.81,77644.65,0,0
ALE_MV,D,20201116,000000,77818.6,77818.6,73827.91,74073.49,0,0
ALE_MV,D,20201117,000000,72855.81,72855.81,69172.09,69468.84,0,0
ALE_MV,D,20201118,000000,69376.74,71320.93,67586.05,68865.12,0,0
ALE_MV,D,20201119,000000,69243.72,73572.09,69243.72,73572.09,0,0
ALE_MV,D,20201120,000000,74994.42,81133.95,74994.42,80141.4,0,0
ALE_MV,D,20201123,000000,81451.16,81451.16,77869.77,78381.4,0,0
ALE_MV,D,20201124,000000,78381.4,80837.21,76099.53,80090.23,0,0
ALE_MV,D,20201125,000000,77255.81,81185.12,77255.81,81185.12,0,0
ALE_MV,D,20201126,000000,78790.7,78790.7,75813.02,75925.58,0,0
ALE_MV,D,20201127,000000,74370.23,77613.95,73418.6,76744.19,0,0
ALE_MV,D,20201130,000000,76744.19,79404.65,76590.7,78862.33,0,0
ALE_MV,D,20201201,000000,80325.58,80325.58,76754.42,76754.42,0,0
ALE_MV,D,20201202,000000,75925.58,77511.63,75925.58,76948.84,0,0
ALE_MV,D,20201203,000000,77358.14,77757.21,76539.53,76539.53,0,0
ALE_MV,D,20201204,000000,76539.53,77603.72,76539.53,77255.81,0,0
ALE_MV,D,20201207,000000,77255.81,77255.81,74759.07,76181.4,0,0
ALE_MV,D,20201208,000000,76744.19,80080,76232.56,80080,0,0
ALE_MV,D,20201209,000000,80018.6,80018.6,77327.44,77327.44,0,0
ALE_MV,D,20201210,000000,77808.37,80786.05,77767.44,80530.23,0,0
ALE_MV,D,20201211,000000,80479.07,81655.81,79373.95,81655.81,0,0
ALE_MV,D,20201214,000000,81860.47,86567.44,81860.47,85595.35,0,0
ALE_MV,D,20201215,000000,85595.35,88000,84960.93,86894.88,0,0
ALE_MV,D,20201216,000000,87488.37,90517.21,86813.02,86976.74,0,0
ALE_MV,D,20201217,000000,88000,89483.72,87836.28,87948.84,0,0
ALE_MV,D,20201218,000000,89023.26,90026.05,87038.14,88102.33,0,0
ALE_MV,D,20201221,000000,88511.63,88511.63,81287.44,82934.88,0,0
ALE_MV,D,20201222,000000,82986.05,87120,82986.05,84971.16,0,0
ALE_MV,D,20201223,000000,85615.81,87713.49,85615.81,87682.79,0,0
ALE_MV,D,20201228,000000,87989.77,88562.79,86782.33,88562.79,0,0
ALE_MV,D,20201229,000000,89125.58,89125.58,87304.19,87959.07,0,0
ALE_MV,D,20201230,000000,87304.19,87703.26,86669.77,86669.77,0,0
ALE_MV,D,20210104,000000,85953.49,87426.98,85861.4,86362.79,0,0
ALE_MV,D,20210105,000000,85953.49,88511.63,85953.49,87989.77,0,0
ALE_MV,D,20210107,000000,88869.77,89074.42,84786.98,84858.6,0,0
ALE_MV,D,20210108,000000,85093.95,85093.95,80673.49,82464.19,0,0
ALE_MV,D,20210111,000000,83651.16,84510.7,81154.42,82372.09,0,0
ALE_MV,D,20210112,000000,83190.7,83190.7,81420.47,81860.47,0,0
ALE_MV,D,20210113,000000,82269.77,82269.77,79445.58,80223.26,0,0
ALE_MV,D,20210114,000000,79813.95,80816.74,79752.56,80305.12,0,0
ALE_MV,D,20210115,000000,80837.21,80837.21,77153.49,78534.88,0,0
ALE_MV,D,20210118,000000,78688.37,79599.07,77573.02,79599.07,0,0
ALE_MV,D,20210119,000000,79650.23,79650.23,76457.67,76744.19,0,0
ALE_MV,D,20210120,000000,76744.19,76744.19,74001.86,75362.79,0,0
ALE_MV,D,20210121,000000,75424.19,76007.44,74605.58,74830.7,0,0
ALE_MV,D,20210122,000000,75567.44,75567.44,74145.12,74390.7,0,0
ALE_MV,D,20210125,000000,73981.4,73981.4,72129.3,72293.02,0,0
ALE_MV,D,20210126,000000,72344.19,77255.81,72129.3,76723.72,0,0
ALE_MV,D,20210127,000000,77757.21,77757.21,70901.4,72180.47,0,0
ALE_MV,D,20210128,000000,72180.47,73295.81,69028.84,73295.81,0,0
ALE_MV,D,20210129,000000,73295.81,75557.21,72241.86,75209.3,0,0
ALE_MV,D,20210201,000000,75516.28,75516.28,73398.14,73674.42,0,0
ALE_MV,D,20210202,000000,74042.79,74053.02,73520.93,73705.12,0,0
ALE_MV,D,20210203,000000,73766.51,73920,72211.16,72763.72,0,0
ALE_MV,D,20210204,000000,72651.16,72835.35,70921.86,71320.93,0,0
ALE_MV,D,20210205,000000,71372.09,72569.3,71320.93,71945.12,0,0
ALE_MV,D,20210208,000000,71873.49,72057.67,69755.35,69786.05,0,0
ALE_MV,D,20210209,000000,70604.65,70614.88,69468.84,69939.53,0,0
ALE_MV,D,20210210,000000,70093.02,70093.02,66562.79,66562.79,0,0
ALE_MV,D,20210211,000000,67023.26,71290.23,67023.26,70093.02,0,0
ALE_MV,D,20210212,000000,70706.98,73040,70604.65,70604.65,0,0
ALE_MV,D,20210215,000000,71320.93,71320.93,69990.7,70502.33,0,0
ALE_MV,D,20210216,000000,71627.91,72651.16,71116.28,71116.28,0,0
ALE_MV,D,20210217,000000,71893.95,71893.95,70543.26,70655.81,0,0
ALE_MV,D,20210218,000000,70706.98,70829.77,70062.33,70226.05,0,0
ALE_MV,D,20210219,000000,70635.35,71075.35,69069.77,69069.77,0,0
ALE_MV,D,20210222,000000,68558.14,69520,68476.28,68558.14,0,0
ALE_MV,D,20210223,000000,68865.12,68865.12,65826.05,66153.49,0,0
ALE_MV,D,20210224,000000,66511.63,68046.51,66020.47,66511.63,0,0
ALE_MV,D,20210225,000000,66521.86,66839.07,65877.21,65948.84,0,0
ALE_MV,D,20210226,000000,65590.7,65815.81,63973.95,65815.81,0,0
ALE_MV,D,20210301,000000,66511.63,66511.63,64025.12,64536.74,0,0
ALE_MV,D,20210302,000000,65437.21,68680.93,65437.21,68312.56,0,0
ALE_MV,D,20210303,000000,69069.77,69479.07,66542.33,68005.58,0,0
ALE_MV,D,20210304,000000,68558.14,68558.14,65457.67,66245.58,0,0
ALE_MV,D,20210305,000000,65201.86,65693.02,65201.86,65488.37,0,0
ALE_MV,D,20210308,000000,65590.7,65672.56,64567.44,65017.67,0,0
ALE_MV,D,20210309,000000,64669.77,66644.65,64669.77,66000,0,0
ALE_MV,D,20210310,000000,66409.3,67637.21,66030.7,66511.63,0,0
ALE_MV,D,20210311,000000,67023.26,67647.44,66163.72,66276.28,0,0
ALE_MV,D,20210312,000000,67023.26,67023.26,65785.12,66173.95,0,0
ALE_MV,D,20210315,000000,66102.33,66337.67,64925.58,65130.23,0,0
ALE_MV,D,20210316,000000,65488.37,66204.65,64720.93,65109.77,0,0
ALE_MV,D,20210317,000000,61395.35,61487.44,60801.86,61149.77,0,0
ALE_MV,D,20210318,000000,61395.35,61671.63,60044.65,61364.65,0,0
ALE_MV,D,20210319,000000,61385.12,61385.12,60934.88,61026.98,0,0
ALE_MV,D,20210322,000000,61395.35,61395.35,59952.56,60167.44,0,0
ALE_MV,D,20210323,000000,60095.81,60474.42,57783.26,58120.93,0,0
ALE_MV,D,20210324,000000,57906.05,57906.05,55163.72,55767.44,0,0
ALE_MV,D,20210325,000000,56258.6,56330.23,53475.35,54089.3,0,0
ALE_MV,D,20210326,000000,54744.19,54754.42,53311.63,53976.74,0,0
ALE_MV,D,20210329,000000,54641.86,55665.12,53362.79,53884.65,0,0
ALE_MV,D,20210330,000000,54539.53,55839.07,54079.07,55839.07,0,0
ALE_MV,D,20210331,000000,56279.07,56862.33,55235.35,56862.33,0,0
ALE_MV,D,20210401,000000,57762.79,57936.74,57056.74,57363.72,0,0
ALE_MV,D,20210406,000000,58366.51,58867.91,58213.02,58837.21,0,0
ALE_MV,D,20210407,000000,58683.72,58683.72,57445.58,57875.35,0,0
ALE_MV,D,20210408,000000,58223.26,58223.26,57159.07,57476.28,0,0
ALE_MV,D,20210409,000000,57752.56,60331.16,57752.56,59860.47,0,0
ALE_MV,D,20210412,000000,59655.81,59655.81,57977.67,58571.16,0,0
ALE_MV,D,20210413,000000,58878.14,59133.95,58049.3,58714.42,0,0
ALE_MV,D,20210414,000000,59256.74,60627.91,59256.74,60627.91,0,0
ALE_MV,D,20210415,000000,60627.91,60627.91,59195.35,59696.74,0,0
ALE_MV,D,20210416,000000,59348.84,59788.84,58489.3,58489.3,0,0
ALE_MV,D,20210419,000000,58479.07,59573.95,57097.67,57527.44,0,0
ALE_MV,D,20210420,000000,57547.91,58018.6,55521.86,56279.07,0,0
ALE_MV,D,20210421,000000,56279.07,57200,55511.63,55634.42,0,0
ALE_MV,D,20210422,000000,56176.74,57824.19,56146.05,57506.98,0,0
ALE_MV,D,20210423,000000,57506.98,57875.35,56841.86,57813.95,0,0
ALE_MV,D,20210426,000000,58120.93,58458.6,57373.95,57916.28,0,0
ALE_MV,D,20210427,000000,58110.7,58530.23,57343.26,57834.42,0,0
ALE_MV,D,20210428,000000,58080,59041.86,57906.05,58837.21,0,0
ALE_MV,D,20210429,000000,59338.6,59799.07,58489.3,58734.88,0,0
ALE_MV,D,20210430,000000,58837.21,59522.79,57292.09,59492.09,0,0
ALE_MV,D,20210504,000000,59093.02,59093.02,55337.67,55337.67,0,0
ALE_MV,D,20210505,000000,55460.47,55542.33,54201.86,54242.79,0,0
ALE_MV,D,20210506,000000,54232.56,54590.7,52636.28,52820.47,0,0
ALE_MV,D,20210507,000000,52298.6,56217.67,52298.6,56135.81,0,0
ALE_MV,D,20210510,000000,56320,56545.12,53925.58,54406.51,0,0
ALE_MV,D,20210511,000000,54232.56,54406.51,53004.65,53004.65,0,0
ALE_MV,D,20210512,000000,53106.98,53894.88,53106.98,53557.21,0,0
ALE_MV,D,20210513,000000,55665.12,56074.42,52421.4,52421.4,0,0
ALE_MV,D,20210514,000000,53209.3,53618.6,51091.16,53618.6,0,0
ALE_MV,D,20210517,000000,54232.56,57189.77,54232.56,56903.26,0,0
ALE_MV,D,20210518,000000,57036.28,60075.35,57036.28,58325.58,0,0
ALE_MV,D,20210519,000000,58837.21,58949.77,58120.93,58530.23,0,0
ALE_MV,D,20210520,000000,58837.21,58908.84,58080,58540.47,0,0
ALE_MV,D,20210521,000000,59093.02,59093.02,58069.77,58796.28,0,0
ALE_MV,D,20210524,000000,58796.28,58796.28,58120.93,58223.26,0,0
ALE_MV,D,20210525,000000,58264.19,60126.51,58264.19,59758.14,0,0
ALE_MV,D,20210526,000000,60075.35,60075.35,58939.53,59758.14,0,0
ALE_MV,D,20210527,000000,59502.33,60044.65,59041.86,59635.35,0,0
ALE_MV,D,20210528,000000,59860.47,60065.12,58980.47,59860.47,0,0
ALE_MV,D,20210531,000000,60065.12,60065.12,58734.88,59000.93,0,0
ALE_MV,D,20210601,000000,60269.77,61211.16,59410.23,60586.98,0,0
ALE_MV,D,20210602,000000,60781.4,61047.44,60382.33,60556.28,0,0
ALE_MV,D,20210604,000000,60372.09,60607.44,59512.56,60136.74,0,0
ALE_MV,D,20210607,000000,59758.14,60781.4,59758.14,60423.26,0,0
ALE_MV,D,20210608,000000,60392.56,62162.79,59778.6,60627.91,0,0
ALE_MV,D,20210609,000000,60883.72,61600,60320.93,61026.98,0,0
ALE_MV,D,20210610,000000,61395.35,61405.58,59492.09,59758.14,0,0
ALE_MV,D,20210611,000000,60034.42,60228.84,59502.33,59655.81,0,0
ALE_MV,D,20210614,000000,59901.4,60239.07,59686.51,59860.47,0,0
ALE_MV,D,20210615,000000,60372.09,61395.35,59860.47,60157.21,0,0
ALE_MV,D,20210616,000000,59082.79,61231.63,59082.79,61190.7,0,0
ALE_MV,D,20210617,000000,61190.7,62213.95,59932.09,60464.19,0,0
ALE_MV,D,20210618,000000,60730.23,61855.81,60689.3,61446.51,0,0
ALE_MV,D,20210621,000000,61579.53,61579.53,60269.77,60781.4,0,0
ALE_MV,D,20210622,000000,61293.02,61293.02,58550.7,59604.65,0,0
ALE_MV,D,20210623,000000,60505.12,61651.16,59952.56,61651.16,0,0
ALE_MV,D,20210624,000000,61855.81,64373.02,61773.95,63994.42,0,0
ALE_MV,D,20210625,000000,64004.65,65795.35,63851.16,65693.02,0,0
ALE_MV,D,20210628,000000,65693.02,65693.02,63892.09,65426.98,0,0
ALE_MV,D,20210629,000000,65283.72,67227.91,65283.72,67023.26,0,0
ALE_MV,D,20210630,000000,67432.56,68691.16,66665.12,67146.05,0,0
ALE_MV,D,20210701,000000,67534.88,69693.95,66511.63,68865.12,0,0
ALE_MV,D,20210702,000000,68813.95,70410.23,67862.33,69253.95,0,0
ALE_MV,D,20210705,000000,69274.42,71085.58,69274.42,70655.81,0,0
ALE_MV,D,20210706,000000,70860.47,71535.81,70645.58,71535.81,0,0
ALE_MV,D,20210707,000000,71658.6,77204.65,71658.6,75086.51,0,0
ALE_MV,D,20210708,000000,74892.09,75751.63,73193.49,73490.23,0,0
ALE_MV,D,20210709,000000,73500.47,74257.67,72415.81,73213.95,0,0
ALE_MV,D,20210712,000000,72651.16,76478.14,72651.16,75403.72,0,0
ALE_MV,D,20210713,000000,75710.7,75710.7,74196.28,74370.23,0,0
ALE_MV,D,20210714,000000,74288.37,75199.07,73930.23,75199.07,0,0
ALE_MV,D,20210715,000000,74697.67,75004.65,74329.3,74687.44,0,0
ALE_MV,D,20210716,000000,74697.67,75557.21,74421.4,75311.63,0,0
ALE_MV,D,20210719,000000,75587.91,75587.91,74237.21,74595.35,0,0
ALE_MV,D,20210720,000000,73940.47,75823.26,73940.47,75618.6,0,0
ALE_MV,D,20210721,000000,75516.28,76375.81,74779.53,74851.16,0,0
ALE_MV,D,20210722,000000,74421.4,75618.6,74421.4,75424.19,0,0
ALE_MV,D,20210723,000000,75168.37,75720.93,74482.79,74851.16,0,0
ALE_MV,D,20210726,000000,74840.93,75280.93,72456.74,74595.35,0,0
ALE_MV,D,20210727,000000,74411.16,74595.35,72374.88,73009.3,0,0
ALE_MV,D,20210728,000000,72559.07,72773.95,70440.93,70440.93,0,0
ALE_MV,D,20210729,000000,70185.12,71668.84,69182.33,69325.58,0,0
ALE_MV,D,20210730,000000,68987.91,69069.77,67340.47,67637.21,0,0
ALE_MV,D,20210802,000000,67790.7,69110.7,67463.26,67637.21,0,0
ALE_MV,D,20210803,000000,67821.4,70338.6,67821.4,68680.93,0,0
ALE_MV,D,20210804,000000,68558.14,68650.23,67739.53,68077.21,0,0
ALE_MV,D,20210805,000000,69202.79,69202.79,64976.74,65682.79,0,0
ALE_MV,D,20210806,000000,66000,66000,64209.3,65355.35,0,0
ALE_MV,D,20210809,000000,65232.56,65754.42,64905.12,65641.86,0,0
ALE_MV,D,20210810,000000,65641.86,65897.67,64342.33,64342.33,0,0
ALE_MV,D,20210811,000000,64465.12,64465.12,63134.88,63636.28,0,0
ALE_MV,D,20210812,000000,63544.19,64158.14,63053.02,63953.49,0,0
ALE_MV,D,20210813,000000,64055.81,65437.21,64055.81,65293.95,0,0
ALE_MV,D,20210816,000000,65345.12,65345.12,63339.53,63441.86,0,0
ALE_MV,D,20210817,000000,63748.84,65191.63,63748.84,64843.72,0,0
ALE_MV,D,20210818,000000,64894.88,65795.35,64465.12,65682.79,0,0
ALE_MV,D,20210819,000000,65877.21,66654.88,65437.21,66521.86,0,0
ALE_MV,D,20210820,000000,66511.63,66542.33,65795.35,66511.63,0,0
ALE_MV,D,20210823,000000,66613.95,66654.88,66122.79,66511.63,0,0
ALE_MV,D,20210824,000000,66716.28,67279.07,66327.44,67176.74,0,0
ALE_MV,D,20210825,000000,67176.74,69468.84,66859.53,69018.6,0,0
ALE_MV,D,20210826,000000,69069.77,70573.95,68680.93,69427.91,0,0
ALE_MV,D,20210827,000000,69837.21,69837.21,68281.86,69069.77,0,0
ALE_MV,D,20210830,000000,69069.77,70993.49,69069.77,70860.47,0,0
ALE_MV,D,20210831,000000,70993.49,72661.4,70860.47,72661.4,0,0
ALE_MV,D,20210901,000000,72651.16,74441.86,72507.91,74441.86,0,0
ALE_MV,D,20210902,000000,74390.7,74472.56,72825.12,73009.3,0,0
ALE_MV,D,20210903,000000,72671.63,72671.63,70471.63,70860.47,0,0
ALE_MV,D,20210906,000000,70522.79,72293.02,70522.79,72293.02,0,0
ALE_MV,D,20210907,000000,72037.21,72037.21,69908.84,69970.23,0,0
ALE_MV,D,20210908,000000,69888.37,70093.02,67841.86,68435.35,0,0
ALE_MV,D,20210909,000000,68159.07,68159.07,66388.84,66388.84,0,0
ALE_MV,D,20210910,000000,66511.63,66910.7,64935.81,64935.81,0,0
ALE_MV,D,20210913,000000,65089.3,65089.3,63892.09,64925.58,0,0
ALE_MV,D,20210914,000000,64823.26,64823.26,63544.19,63544.19,0,0
ALE_MV,D,20210915,000000,63441.86,64424.19,63441.86,63748.84,0,0
ALE_MV,D,20210916,000000,64035.35,64669.77,63748.84,64178.6,0,0
ALE_MV,D,20210917,000000,64465.12,66317.21,63973.95,65744.19,0,0
ALE_MV,D,20210920,000000,65283.72,65283.72,63820.47,63820.47,0,0
ALE_MV,D,20210921,000000,63830.7,64772.09,63769.3,63871.63,0,0
ALE_MV,D,20210922,000000,64639.07,64639.07,63288.37,63462.33,0,0
ALE_MV,D,20210923,000000,63912.56,64025.12,63073.49,63339.53,0,0
ALE_MV,D,20210924,000000,63237.21,63452.09,61026.98,61026.98,0,0
ALE_MV,D,20210927,000000,60986.05,62152.56,60986.05,61221.4,0,0
ALE_MV,D,20210928,000000,60914.42,60914.42,59400,59768.37,0,0
ALE_MV,D,20210929,000000,59553.49,60627.91,59553.49,59829.77,0,0
ALE_MV,D,20210930,000000,60474.42,61190.7,59093.02,59195.35,0,0
ALE_MV,D,20211001,000000,59246.51,60106.05,59011.16,59440.93,0,0
ALE_MV,D,20211004,000000,59246.51,59246.51,58028.84,58223.26,0,0
ALE_MV,D,20211005,000000,58223.26,58857.67,57885.58,57906.05,0,0
ALE_MV,D,20211006,000000,58427.91,58427.91,56146.05,56790.7,0,0
ALE_MV,D,20211007,000000,56800.93,57015.81,56125.58,56432.56,0,0
ALE_MV,D,20211008,000000,57097.67,61078.14,56698.6,60157.21,0,0
ALE_MV,D,20211011,000000,60372.09,60372.09,58786.05,59604.65,0,0
ALE_MV,D,20211012,000000,58427.91,58427.91,55767.44,55767.44,0,0
ALE_MV,D,20211013,000000,56279.07,56279.07,52697.67,52697.67,0,0
ALE_MV,D,20211014,000000,53086.51,53976.74,51346.98,52165.58,0,0
ALE_MV,D,20211015,000000,52339.53,52339.53,50707.44,51868.84,0,0
ALE_MV,D,20211018,000000,51889.3,52585.12,51766.51,51981.4,0,0
ALE_MV,D,20211019,000000,51940.47,51940.47,50257.21,50441.4,0,0
ALE_MV,D,20211020,000000,50190.7,51510.7,50149.77,50446.51,0,0
ALE_MV,D,20211021,000000,50446.51,51367.44,50149.77,50630.7,0,0
ALE_MV,D,20211022,000000,50753.49,52278.14,50630.7,51520.93,0,0
ALE_MV,D,20211025,000000,51326.51,51326.51,49801.86,49801.86,0,0
ALE_MV,D,20211026,000000,50062.79,50062.79,47786.05,47960,0,0
ALE_MV,D,20211027,000000,47888.37,49259.53,46686.05,48461.4,0,0
ALE_MV,D,20211028,000000,48461.4,48461.4,47018.6,47018.6,0,0
ALE_MV,D,20211029,000000,47028.84,47335.81,45867.44,46169.3,0,0
ALE_MV,D,20211102,000000,46558.14,46558.14,44808.37,45186.98,0,0
ALE_MV,D,20211103,000000,45202.33,45795.81,44440,44511.63,0,0
ALE_MV,D,20211104,000000,44992.56,46271.63,44966.98,45534.88,0,0
ALE_MV,D,20211105,000000,49627.91,51162.79,45534.88,50395.35,0,0
ALE_MV,D,20211108,000000,50958.14,50958.14,48348.84,48804.19,0,0
ALE_MV,D,20211109,000000,49116.28,49116.28,43324.65,43324.65,0,0
ALE_MV,D,20211110,000000,43299.07,44173.95,42807.91,43283.72,0,0
ALE_MV,D,20211112,000000,44000,44000,41237.21,41748.84,0,0
ALE_MV,D,20211115,000000,41953.49,43437.21,41482.79,41748.84,0,0
ALE_MV,D,20211116,000000,42925.58,45053.95,42925.58,45053.95,0,0
ALE_MV,D,20211117,000000,45222.79,45222.79,43406.51,43703.26,0,0
ALE_MV,D,20211118,000000,43979.53,46010.7,43652.09,46010.7,0,0
ALE_MV,D,20211119,000000,46046.51,46803.72,45509.3,46455.81,0,0
ALE_MV,D,20211122,000000,46558.14,46665.58,44086.98,44086.98,0,0
ALE_MV,D,20211123,000000,44000,44951.63,43631.63,44255.81,0,0
ALE_MV,D,20211124,000000,44573.02,44711.16,41308.84,41308.84,0,0
ALE_MV,D,20211125,000000,41692.56,41692.56,40536.28,41288.37,0,0
ALE_MV,D,20211126,000000,40418.6,44071.63,40213.95,42976.74,0,0
ALE_MV,D,20211129,000000,43621.4,43621.4,41738.6,41892.09,0,0
ALE_MV,D,20211130,000000,41462.33,42362.79,40280.47,40280.47,0,0
ALE_MV,D,20211201,000000,41012.09,41232.09,38980.93,39374.88,0,0
ALE_MV,D,20211202,000000,39134.42,39134.42,37041.86,37231.16,0,0
ALE_MV,D,20211203,000000,37348.84,38146.98,37323.26,37394.88,0,0
ALE_MV,D,20211206,000000,37389.77,37451.16,35455.81,35532.56,0,0
ALE_MV,D,20211207,000000,35813.95,38535.81,35813.95,38131.63,0,0
ALE_MV,D,20211208,000000,38525.58,39564.19,38336.28,38858.14,0,0
ALE_MV,D,20211209,000000,38822.33,40776.74,38822.33,40070.7,0,0
ALE_MV,D,20211210,000000,39748.37,39748.37,38576.74,38883.72,0,0
ALE_MV,D,20211213,000000,38986.05,39344.19,38883.72,38883.72,0,0
ALE_MV,D,20211214,000000,39328.84,39328.84,37333.49,37333.49,0,0
ALE_MV,D,20211215,000000,37348.84,37400,35578.6,35578.6,0,0
ALE_MV,D,20211216,000000,36120.93,38965.58,36120.93,38116.28,0,0
ALE_MV,D,20211217,000000,37645.58,38796.74,37410.23,38796.74,0,0
ALE_MV,D,20211220,000000,38372.09,40295.81,38372.09,40137.21,0,0
ALE_MV,D,20211221,000000,40418.6,41165.58,39789.3,40290.7,0,0
ALE_MV,D,20211222,000000,40418.6,42311.63,40111.63,42311.63,0,0
ALE_MV,D,20211223,000000,42577.67,42577.67,39681.86,39681.86,0,0
ALE_MV,D,20211227,000000,39681.86,41856.28,39313.49,41339.53,0,0
ALE_MV,D,20211228,000000,41114.42,41431.63,40111.63,40694.88,0,0
ALE_MV,D,20211229,000000,40694.88,41257.67,40178.14,40725.58,0,0
ALE_MV,D,20211230,000000,40480,40797.21,39461.86,39763.72,0,0
ALE_MV,D,20220103,000000,40408.37,41948.37,40316.28,40316.28,0,0
ALE_MV,D,20220104,000000,40725.58,40725.58,39374.88,39681.86,0,0
ALE_MV,D,20220105,000000,39625.58,39625.58,38535.81,38663.72,0,0
ALE_MV,D,20220107,000000,37860.47,41134.88,37625.12,40280.47,0,0
ALE_MV,D,20220110,000000,40541.4,41467.44,39528.37,39528.37,0,0
ALE_MV,D,20220111,000000,40357.21,41881.86,40357.21,41779.53,0,0
ALE_MV,D,20220112,000000,42158.14,44286.51,42158.14,43866.98,0,0
ALE_MV,D,20220113,000000,43897.67,45406.98,43370.7,45023.26,0,0
ALE_MV,D,20220114,000000,44818.6,44818.6,43877.21,44240.47,0,0
ALE_MV,D,20220117,000000,44388.84,44388.84,43191.63,43283.72,0,0
ALE_MV,D,20220118,000000,43027.91,43027.91,40786.98,40786.98,0,0
ALE_MV,D,20220119,000000,40162.79,41441.86,40050.23,41134.88,0,0
ALE_MV,D,20220120,000000,41180.93,41953.49,41093.95,41175.81,0,0
ALE_MV,D,20220121,000000,40372.56,40439.07,39477.21,39906.98,0,0
ALE_MV,D,20220124,000000,39497.67,40132.09,36888.37,37553.49,0,0
ALE_MV,D,20220125,000000,38218.6,39057.67,38024.19,38735.35,0,0
ALE_MV,D,20220126,000000,39006.51,39006.51,37932.09,38453.95,0,0
ALE_MV,D,20220127,000000,37758.14,38453.95,37246.51,37246.51,0,0
ALE_MV,D,20220128,000000,37348.84,37348.84,35665.58,36197.67,0,0
ALE_MV,D,20220131,000000,37144.19,38474.42,36197.67,38474.42,0,0
ALE_MV,D,20220201,000000,38474.42,39738.14,37911.63,39738.14,0,0
ALE_MV,D,20220202,000000,40111.63,40111.63,39221.4,39415.81,0,0
ALE_MV,D,20220203,000000,38924.65,39415.81,37220.93,37220.93,0,0
ALE_MV,D,20220204,000000,37640.47,37942.33,35993.02,35993.02,0,0
ALE_MV,D,20220207,000000,36305.12,36310.23,35425.12,35854.88,0,0
ALE_MV,D,20220208,000000,35916.28,35916.28,33833.95,34442.79,0,0
ALE_MV,D,20220209,000000,34852.09,36105.58,34739.53,35977.67,0,0
ALE_MV,D,20220210,000000,36837.21,36837.21,34698.6,35609.3,0,0
ALE_MV,D,20220211,000000,35097.67,36269.3,34903.26,36003.26,0,0
ALE_MV,D,20220214,000000,34903.26,35839.53,34140.93,35757.67,0,0
ALE_MV,D,20220215,000000,35885.58,36847.44,35757.67,36520,0,0
ALE_MV,D,20220216,000000,36837.21,36837.21,34995.35,35123.26,0,0
ALE_MV,D,20220217,000000,35292.09,35322.79,34570.7,34616.74,0,0
ALE_MV,D,20220218,000000,34483.72,34790.7,33409.3,33409.3,0,0
ALE_MV,D,20220221,000000,33767.44,33767.44,31792.56,31925.58,0,0
ALE_MV,D,20220222,000000,30902.33,33624.19,30902.33,33511.63,0,0
ALE_MV,D,20220223,000000,33966.98,33966.98,31326.98,31326.98,0,0
ALE_MV,D,20220224,000000,27627.91,28850.7,25136.28,27013.95,0,0
ALE_MV,D,20220225,000000,28231.63,29239.53,26717.21,28149.77,0,0
ALE_MV,D,20220228,000000,27116.28,32094.42,27116.28,32094.42,0,0
ALE_MV,D,20220301,000000,32355.35,32355.35,30549.3,30902.33,0,0
ALE_MV,D,20220302,000000,30288.37,31587.91,29935.35,29935.35,0,0
ALE_MV,D,20220303,000000,29935.35,29935.35,28390.23,28390.23,0,0
ALE_MV,D,20220304,000000,28241.86,28241.86,26829.77,26916.74,0,0
ALE_MV,D,20220307,000000,26604.65,27274.88,23944.19,27013.95,0,0
ALE_MV,D,20220308,000000,26604.65,27812.09,26000.93,26804.19,0,0
ALE_MV,D,20220309,000000,27888.84,29812.56,27551.16,29812.56,0,0
ALE_MV,D,20220310,000000,30646.51,30646.51,29336.74,29909.77,0,0
ALE_MV,D,20220311,000000,30093.95,31101.86,29648.84,30053.02,0,0
ALE_MV,D,20220314,000000,29930.23,30247.44,29198.6,29920,0,0
ALE_MV,D,20220315,000000,30493.02,30493.02,29162.79,30114.42,0,0
ALE_MV,D,20220316,000000,31690.23,32539.53,30840.93,31613.49,0,0
ALE_MV,D,20220317,000000,32590.7,33460.47,32309.3,33460.47,0,0
ALE_MV,D,20220318,000000,33706.05,33706.05,32713.49,33184.19,0,0
ALE_MV,D,20220321,000000,33051.16,33358.14,32089.3,32580.47,0,0
ALE_MV,D,20220322,000000,32457.67,33920.93,32058.6,33654.88,0,0
ALE_MV,D,20220323,000000,33869.77,34483.72,32759.53,33081.86,0,0
ALE_MV,D,20220324,000000,33286.51,34386.51,32831.16,34181.86,0,0
ALE_MV,D,20220325,000000,34279.07,34939.07,33562.79,33767.44,0,0
ALE_MV,D,20220328,000000,34279.07,35506.98,34279.07,35302.33,0,0
ALE_MV,D,20220329,000000,35609.3,37041.86,35041.4,37041.86,0,0
ALE_MV,D,20220330,000000,37041.86,37451.16,36745.12,37348.84,0,0
ALE_MV,D,20220331,000000,37451.16,37451.16,36397.21,36397.21,0,0
ALE_MV,D,20220401,000000,36386.98,36765.58,35711.63,35916.28,0,0
ALE_MV,D,20220404,000000,36427.91,36427.91,32774.88,33460.47,0,0
ALE_MV,D,20220405,000000,33562.79,33951.63,33296.74,33562.79,0,0
ALE_MV,D,20220406,000000,33460.47,33460.47,30738.6,30861.4,0,0
ALE_MV,D,20220407,000000,31188.84,31188.84,29710.23,29710.23,0,0
ALE_MV,D,20220408,000000,30134.88,30134.88,29336.74,29377.67,0,0
ALE_MV,D,20220411,000000,29454.42,30114.42,28538.6,29019.53,0,0
ALE_MV,D,20220412,000000,28958.14,29019.53,28262.33,28446.51,0,0
ALE_MV,D,20220413,000000,28651.16,28651.16,27351.63,27418.14,0,0
ALE_MV,D,20220414,000000,27627.91,29060.47,27627.91,28548.84,0,0
ALE_MV,D,20220419,000000,28835.35,28835.35,27024.19,27648.37,0,0
ALE_MV,D,20220420,000000,28129.3,28958.14,27725.12,28553.95,0,0
ALE_MV,D,20220421,000000,28497.67,29510.7,27842.79,28697.21,0,0
ALE_MV,D,20220422,000000,28548.84,28548.84,27556.28,27627.91,0,0
ALE_MV,D,20220425,000000,27054.88,28594.56,27054.88,28594.56,0,0
ALE_MV,D,20220426,000000,29160,29160,26015.71,26015.71,0,0
ALE_MV,D,20220427,000000,26316.93,26316.93,25334.01,25418.56,0,0
ALE_MV,D,20220428,000000,25968.15,26258.8,24705.15,25735.63,0,0
ALE_MV,D,20220429,000000,26422.62,26739.69,24345.8,24345.8,0,0
ALE_MV,D,20220502,000000,23875.48,24599.46,23632.39,24240.11,0,0
ALE_MV,D,20220504,000000,24520.19,24520.19,23843.77,23859.63,0,0
ALE_MV,D,20220505,000000,24731.57,24731.57,22443.37,22443.37,0,0
ALE_MV,D,20220506,000000,22216.14,23199.06,21983.62,23199.06,0,0
ALE_MV,D,20220509,000000,23093.37,23775.07,22850.28,23563.69,0,0
ALE_MV,D,20220510,000000,23590.12,23611.25,22517.36,23061.66,0,0
ALE_MV,D,20220511,000000,23357.6,24562.47,22823.86,23648.25,0,0
ALE_MV,D,20220512,000000,22934.84,23822.64,21978.34,23716.94,0,0
ALE_MV,D,20220513,000000,24308.81,24393.36,23214.92,24308.81,0,0
ALE_MV,D,20220516,000000,24181.98,24435.64,23347.03,23563.69,0,0
ALE_MV,D,20220517,000000,23880.77,25339.29,23743.37,25217.75,0,0
ALE_MV,D,20220518,000000,25217.75,25503.11,24673.44,24673.44,0,0
ALE_MV,D,20220519,000000,24108,24731.57,23769.79,24731.57,0,0
ALE_MV,D,20220520,000000,24942.95,26153.11,24942.95,25672.22,0,0
ALE_MV,D,20220523,000000,26279.94,26279.94,24620.6,24831.98,0,0
ALE_MV,D,20220524,000000,24467.35,24831.98,23505.56,23537.27,0,0
ALE_MV,D,20220525,000000,23780.36,23796.21,23315.32,23568.98,0,0
ALE_MV,D,20220526,000000,22934.84,24932.39,22829.14,24784.42,0,0
ALE_MV,D,20220527,000000,24921.82,26242.95,24916.53,26105.55,0,0
ALE_MV,D,20220530,000000,26242.95,26523.03,26015.71,26454.33,0,0
ALE_MV,D,20220531,000000,26422.62,26644.57,26021,26538.88,0,0
ALE_MV,D,20220601,000000,26422.62,26538.88,25048.65,25048.65,0,0
ALE_MV,D,20220602,000000,24948.24,25254.74,24752.71,25127.91,0,0
ALE_MV,D,20220603,000000,25365.72,25629.94,24123.85,24192.55,0,0
ALE_MV,D,20220606,000000,24324.67,24689.3,24282.39,24319.38,0,0
ALE_MV,D,20220607,000000,24181.98,24319.38,23484.43,23653.53,0,0
ALE_MV,D,20220608,000000,23738.08,23738.08,22628.33,22633.62,0,0
ALE_MV,D,20220609,000000,22723.45,22998.25,21729.96,21978.34,0,0
ALE_MV,D,20220610,000000,21909.64,22871.42,21698.26,22406.38,0,0
ALE_MV,D,20220613,000000,21877.93,22047.04,21074.68,21270.21,0,0
ALE_MV,D,20220614,000000,21455.17,21571.43,20806.23,20806.23,0,0
ALE_MV,D,20220615,000000,20958.42,21455.17,20539.89,21386.47,0,0
ALE_MV,D,20220617,000000,21127.53,22195,21127.53,21788.09,0,0
ALE_MV,D,20220620,000000,22089.31,22913.7,22089.31,22691.75,0,0
ALE_MV,D,20220621,000000,22892.56,23849.06,22459.23,23764.51,0,0
ALE_MV,D,20220622,000000,23288.9,24097.43,23125.08,23706.38,0,0
ALE_MV,D,20220623,000000,23674.67,24277.1,23156.79,24129.14,0,0
ALE_MV,D,20220624,000000,24203.12,25006.37,23611.25,24789.7,0,0
ALE_MV,D,20220627,000000,24948.24,25709.21,24631.17,25444.98,0,0
ALE_MV,D,20220628,000000,25365.72,25999.86,25154.34,25286.45,0,0
ALE_MV,D,20220629,000000,24414.5,25767.34,24414.5,25360.43,0,0
ALE_MV,D,20220630,000000,25439.7,25439.7,24942.95,25201.9,0,0
ALE_MV,D,20220701,000000,25006.37,25851.89,24467.35,24541.33,0,0
ALE_MV,D,20220704,000000,24625.88,24689.3,23928.33,24002.31,0,0
ALE_MV,D,20220705,000000,24134.42,24372.23,23172.64,24118.57,0,0
ALE_MV,D,20220706,000000,24308.81,28610.41,24308.81,27923.43,0,0
ALE_MV,D,20220707,000000,27923.43,29540.49,27923.43,29064.88,0,0
ALE_MV,D,20220708,000000,29281.55,29281.55,28166.51,28404.32,0,0
ALE_MV,D,20220711,000000,28029.12,29207.57,28029.12,29033.18,0,0
ALE_MV,D,20220712,000000,28848.22,28848.22,26898.23,27056.76,0,0
ALE_MV,D,20220713,000000,26898.23,27320.99,25772.62,26232.38,0,0
ALE_MV,D,20220714,000000,26316.93,26517.74,25582.38,25846.61,0,0
ALE_MV,D,20220715,000000,26073.84,27474.24,26073.84,26422.62,0,0
ALE_MV,D,20220718,000000,26951.07,27151.89,26079.13,27062.05,0,0
ALE_MV,D,20220719,000000,26898.23,27331.56,26216.52,27331.56,0,0
ALE_MV,D,20220720,000000,28007.98,29371.39,27331.56,29054.31,0,0
ALE_MV,D,20220721,000000,28948.62,28948.62,28050.25,28081.96,0,0
ALE_MV,D,20220722,000000,28525.86,29038.46,27875.87,28409.6,0,0
ALE_MV,D,20220725,000000,28007.98,28192.94,27130.75,27188.88,0,0
ALE_MV,D,20220726,000000,27120.18,27120.18,25920.59,26052.7,0,0
ALE_MV,D,20220727,000000,26422.62,26422.62,25011.65,25059.21,0,0
ALE_MV,D,20220728,000000,25767.34,25767.34,24541.33,24731.57,0,0
ALE_MV,D,20220729,000000,24964.09,26459.61,24731.57,26459.61,0,0
ALE_MV,D,20220801,000000,26512.46,26565.3,25767.34,26369.78,0,0
ALE_MV,D,20220802,000000,26327.5,26554.73,25730.35,26470.18,0,0
ALE_MV,D,20220803,000000,26137.26,27062.05,26137.26,26787.25,0,0
ALE_MV,D,20220804,000000,27104.32,29540.49,27104.32,28229.93,0,0
ALE_MV,D,20220805,000000,28467.73,28557.57,27236.44,27336.84,0,0
ALE_MV,D,20220808,000000,27796.6,27796.6,26840.1,27019.77,0,0
ALE_MV,D,20220809,000000,26951.07,28615.7,26951.07,28488.87,0,0
ALE_MV,D,20220810,000000,28171.8,29218.13,27796.6,29101.88,0,0
ALE_MV,D,20220811,000000,29529.92,30581.54,29017.32,30121.79,0,0
ALE_MV,D,20220812,000000,30227.48,30227.48,29646.18,29883.98,0,0
ALE_MV,D,20220816,000000,30121.79,31490.48,29883.98,31125.85,0,0
ALE_MV,D,20220817,000000,31432.35,31432.35,29514.07,29778.29,0,0
ALE_MV,D,20220818,000000,29381.95,30074.23,28985.62,29408.38,0,0
ALE_MV,D,20220819,000000,29181.14,29466.51,28700.25,28747.81,0,0
ALE_MV,D,20220822,000000,28473.02,28473.02,27564.08,27579.93,0,0
ALE_MV,D,20220823,000000,27479.53,27875.87,27162.45,27162.45,0,0
ALE_MV,D,20220824,000000,27056.76,27305.14,26348.64,26422.62,0,0
ALE_MV,D,20220825,000000,27003.92,27865.3,26966.93,27268.15,0,0
ALE_MV,D,20220826,000000,27468.96,27468.96,26422.62,26644.57,0,0
ALE_MV,D,20220829,000000,26110.83,26184.82,25270.6,25730.35,0,0
ALE_MV,D,20220830,000000,25999.86,26591.73,25392.14,25492.55,0,0
ALE_MV,D,20220831,000000,25904.74,26390.91,25814.9,26211.24,0,0
ALE_MV,D,20220901,000000,25894.17,26369.78,25582.38,25582.38,0,0
ALE_MV,D,20220902,000000,26211.24,26581.16,25735.63,26533.6,0,0
ALE_MV,D,20220905,000000,26211.24,26295.79,25090.92,25090.92,0,0
ALE_MV,D,20220906,000000,25450.27,26338.07,25392.14,25561.24,0,0
ALE_MV,D,20220907,000000,25577.1,25989.29,25434.42,25746.2,0,0
ALE_MV,D,20220908,000000,26142.54,26966.93,26015.71,26929.94,0,0
ALE_MV,D,20220909,000000,27268.15,28097.82,26982.78,27479.53,0,0
ALE_MV,D,20220912,000000,27907.57,27907.57,27019.77,27675.05,0,0
ALE_MV,D,20220913,000000,27690.91,28436.03,27204.73,27294.57,0,0
ALE_MV,D,20220914,000000,27014.49,27320.99,26449.04,26898.23,0,0
ALE_MV,D,20220915,000000,26845.38,27574.65,26634,27357.98,0,0
ALE_MV,D,20220916,000000,26951.07,26951.07,26422.62,26739.69,0,0
ALE_MV,D,20220919,000000,26739.69,27236.44,26607.58,27178.31,0,0
ALE_MV,D,20220920,000000,27394.97,27394.97,26422.62,26512.46,0,0
ALE_MV,D,20220921,000000,26264.09,27405.54,26264.09,27363.27,0,0
ALE_MV,D,20220922,000000,26898.23,27247.01,26697.42,26951.07,0,0
ALE_MV,D,20220923,000000,26951.07,26951.07,25534.82,26063.27,0,0
ALE_MV,D,20220926,000000,25873.03,26523.03,25402.71,26158.4,0,0
ALE_MV,D,20220927,000000,26618.15,26988.07,26475.47,26744.98,0,0
ALE_MV,D,20220928,000000,26316.93,26602.3,25762.06,25894.17,0,0
ALE_MV,D,20220929,000000,25339.29,25339.29,23230.77,23236.05,0,0
ALE_MV,D,20220930,000000,23294.18,23294.18,22195,22771.02,0,0
ALE_MV,D,20221003,000000,22723.45,22723.45,21888.5,22443.37,0,0
ALE_MV,D,20221004,000000,23251.91,23251.91,22728.74,23125.08,0,0
ALE_MV,D,20221005,000000,23209.63,23209.63,22015.33,22015.33,0,0
ALE_MV,D,20221006,000000,22300.69,22300.69,21608.42,21756.39,0,0
ALE_MV,D,20221007,000000,21407.61,21756.39,21042.98,21233.22,0,0
ALE_MV,D,20221010,000000,21053.54,21064.11,20463.79,20715.34,0,0
ALE_MV,D,20221011,000000,20609.64,20947.85,20235.5,20609.64,0,0
ALE_MV,D,20221012,000000,20947.85,20947.85,19764.12,19764.12,0,0
ALE_MV,D,20221013,000000,20028.35,20144.61,19058.11,19417.46,0,0
ALE_MV,D,20221014,000000,20201.68,21032.41,19565.42,20996.47,0,0
ALE_MV,D,20221017,000000,20873.87,21529.15,20577.94,21508.01,0,0
ALE_MV,D,20221018,000000,21666.55,22110.45,21597.85,21951.91,0,0
ALE_MV,D,20221019,000000,21825.09,21825.09,20609.64,21047.2,0,0
ALE_MV,D,20221020,000000,20926.72,21455.17,20227.05,21444.6,0,0
ALE_MV,D,20221021,000000,21127.53,21148.67,20742.81,21028.18,0,0
ALE_MV,D,20221024,000000,21028.18,21508.01,20930.94,21021.84,0,0
ALE_MV,D,20221025,000000,21032.41,22364.11,21032.41,22231.99,0,0
ALE_MV,D,20221026,000000,22274.27,23146.22,22274.27,23146.22,0,0
ALE_MV,D,20221027,000000,22903.13,23632.39,22697.03,23584.83,0,0
ALE_MV,D,20221028,000000,22850.28,23933.61,22564.92,23600.69,0,0
ALE_MV,D,20221031,000000,23780.36,24562.47,23505.56,24520.19,0,0
ALE_MV,D,20221102,000000,24583.61,24932.39,24139.71,24625.88,0,0
ALE_MV,D,20221103,000000,24002.31,24932.39,24002.31,24816.13,0,0
ALE_MV,D,20221104,000000,25978.72,26316.93,24731.57,24731.57,0,0
ALE_MV,D,20221107,000000,24837.26,25492.55,24610.03,25281.16,0,0
ALE_MV,D,20221108,000000,25260.03,26264.09,25154.34,26264.09,0,0
ALE_MV,D,20221109,000000,26179.53,26538.88,25608.8,25656.37,0,0
ALE_MV,D,20221110,000000,25365.72,27505.95,25112.06,27400.26,0,0
ALE_MV,D,20221114,000000,27891.72,28272.2,26951.07,27299.85,0,0
ALE_MV,D,20221115,000000,27363.27,28288.06,26988.07,28113.67,0,0
ALE_MV,D,20221116,000000,27796.6,27912.86,26914.08,26951.07,0,0
ALE_MV,D,20221117,000000,27373.84,27373.84,26158.4,26242.95,0,0
ALE_MV,D,20221118,000000,25915.31,26158.4,25418.56,25793.76,0,0
ALE_MV,D,20221121,000000,25799.05,25799.05,24573.04,24631.17,0,0
ALE_MV,D,20221122,000000,24625.88,25170.19,24625.88,24964.09,0,0
ALE_MV,D,20221123,000000,25122.63,25767.34,24763.28,25291.73,0,0
ALE_MV,D,20221124,000000,25751.49,26951.07,25682.79,26951.07,0,0
ALE_MV,D,20221125,000000,26803.11,27315.71,26591.73,26908.8,0,0
ALE_MV,D,20221128,000000,26734.41,26734.41,25524.25,25524.25,0,0
ALE_MV,D,20221129,000000,25365.72,25524.25,24335.23,24414.5,0,0
ALE_MV,D,20221130,000000,25069.78,25069.78,23547.84,23616.54,0,0
ALE_MV,D,20221201,000000,24308.81,24551.9,24076.29,24308.81,0,0
ALE_MV,D,20221202,000000,24414.5,25423.85,24414.5,24953.52,0,0
ALE_MV,D,20221205,000000,25365.72,25904.74,25191.33,25260.03,0,0
ALE_MV,D,20221206,000000,25154.34,25830.75,25138.48,25640.51,0,0
ALE_MV,D,20221207,000000,25682.79,26295.79,25339.29,26237.66,0,0
ALE_MV,D,20221208,000000,26316.93,26316.93,25302.3,25672.22,0,0
ALE_MV,D,20221209,000000,25894.17,25984.01,25534.82,25629.94,0,0
ALE_MV,D,20221212,000000,25386.85,26475.47,25228.32,26464.9,0,0
ALE_MV,D,20221213,000000,26443.76,27643.35,25962.87,27352.7,0,0
ALE_MV,D,20221214,000000,27310.42,27902.29,27310.42,27495.38,0,0
ALE_MV,D,20221215,000000,27067.33,27088.47,26248.23,26253.52,0,0
ALE_MV,D,20221216,000000,26010.43,26015.71,25503.11,25830.75,0,0
ALE_MV,D,20221219,000000,25894.17,26094.98,25524.25,25550.67,0,0
ALE_MV,D,20221220,000000,25328.72,25825.47,25328.72,25767.34,0,0
ALE_MV,D,20221221,000000,25841.32,27268.15,25767.34,27268.15,0,0
ALE_MV,D,20221222,000000,27268.15,27548.22,26908.8,27067.33,0,0
ALE_MV,D,20221223,000000,27056.76,27056.76,26523.03,26824.25,0,0
ALE_MV,D,20221227,000000,26951.07,26951.07,26153.11,26242.95,0,0
ALE_MV,D,20221228,000000,26232.38,26517.74,25746.2,26306.36,0,0
ALE_MV,D,20221229,000000,26322.22,27151.89,26052.7,26966.93,0,0
ALE_MV,D,20221230,000000,26729.12,26855.95,26348.64,26560.02,0,0
ALE_MV,D,20230102,000000,26560.02,27305.14,26422.62,26887.66,0,0
ALE_MV,D,20230103,000000,27162.45,28647.41,27162.45,28182.37,0,0
ALE_MV,D,20230104,000000,28219.36,28673.83,27970.99,28536.43,0,0
ALE_MV,D,20230105,000000,28536.43,28864.07,27865.3,28166.51,0,0
ALE_MV,D,20230109,000000,28906.35,30312.03,28906.35,30290.89,0,0
ALE_MV,D,20230110,000000,29794.15,30851.05,29418.95,30555.12,0,0
ALE_MV,D,20230111,000000,30491.71,31025.44,30227.48,30729.51,0,0
ALE_MV,D,20230112,000000,30745.36,32896.16,30745.36,32737.63,0,0
ALE_MV,D,20230113,000000,33329.49,33398.19,32373,33139.25,0,0
ALE_MV,D,20230116,000000,33292.5,33826.24,32515.68,33503.88,0,0
ALE_MV,D,20230117,000000,33398.19,33456.32,32785.19,33292.5,0,0
ALE_MV,D,20230118,000000,33271.36,34317.7,33170.96,34058.76,0,0
ALE_MV,D,20230119,000000,32764.05,32764.05,31131.13,31199.83,0,0
ALE_MV,D,20230120,000000,31453.49,31453.49,30359.59,30359.59,0,0
ALE_MV,D,20230123,000000,30861.62,31659.58,30840.48,31559.18,0,0
ALE_MV,D,20230124,000000,31812.84,31966.09,30882.76,31073,0,0
ALE_MV,D,20230125,000000,30861.62,31178.69,30386.01,30724.22,0,0
ALE_MV,D,20230126,000000,31168.12,32013.65,31168.12,31707.15,0,0
ALE_MV,D,20230127,000000,31918.53,32008.36,31469.34,31839.26,0,0
ALE_MV,D,20230130,000000,31601.46,31707.15,31294.95,31379.51,0,0
ALE_MV,D,20230131,000000,31178.69,31802.27,30988.45,31664.87,0,0
ALE_MV,D,20230201,000000,31707.15,31712.43,30803.49,31236.82,0,0
ALE_MV,D,20230202,000000,31812.84,33017.71,31812.84,32838.03,0,0
ALE_MV,D,20230203,000000,32647.79,33451.04,32394.13,33297.79,0,0
ALE_MV,D,20230206,000000,32801.04,33313.64,32764.05,32896.16,0,0
ALE_MV,D,20230207,000000,32912.02,32912.02,32246.17,32637.22,0,0
ALE_MV,D,20230208,000000,32764.05,33799.82,32764.05,33176.24,0,0
ALE_MV,D,20230209,000000,33271.36,33667.7,32938.44,33017.71,0,0
ALE_MV,D,20230210,000000,32658.36,32658.36,31009.59,31368.94,0,0
ALE_MV,D,20230213,000000,31368.94,31532.76,31078.29,31416.5,0,0
ALE_MV,D,20230214,000000,31707.15,31707.15,31083.57,31247.39,0,0
ALE_MV,D,20230215,000000,31268.53,31606.74,31030.73,31284.38,0,0
ALE_MV,D,20230216,000000,31654.3,31654.3,30507.56,30808.78,0,0
ALE_MV,D,20230217,000000,30438.86,31020.16,30169.35,30681.95,0,0
ALE_MV,D,20230220,000000,30882.76,31205.12,30333.17,30465.28,0,0
ALE_MV,D,20230221,000000,30544.55,30544.55,29260.41,29276.26,0,0
ALE_MV,D,20230222,000000,29186.43,29667.32,28737.24,29582.77,0,0
ALE_MV,D,20230223,000000,29582.77,30708.37,29582.77,30438.86,0,0
ALE_MV,D,20230224,000000,30639.67,30671.38,29883.98,30016.1,0,0
ALE_MV,D,20230227,000000,30016.1,30755.93,30016.1,30438.86,0,0
ALE_MV,D,20230228,000000,30438.86,31067.72,30407.15,30708.37,0,0
ALE_MV,D,20230301,000000,31020.16,31020.16,29899.84,29905.12,0,0
ALE_MV,D,20230302,000000,29603.9,29894.55,29355.53,29408.38,0,0
ALE_MV,D,20230303,000000,29677.89,30386.01,29677.89,30375.45,0,0
ALE_MV,D,20230306,000000,30650.24,30650.24,30174.63,30496.99,0,0
ALE_MV,D,20230307,000000,30544.55,30856.34,29804.72,29899.84,0,0
ALE_MV,D,20230308,000000,29593.34,30063.66,29498.21,29947.4,0,0
ALE_MV,D,20230309,000000,30095.37,30095.37,29514.07,29640.9,0,0
ALE_MV,D,20230310,000000,28911.63,29297.4,28726.67,28948.62,0,0
ALE_MV,D,20230313,000000,28906.35,28911.63,27881.15,28705.54,0,0
ALE_MV,D,20230314,000000,28853.5,29212.85,28605.13,29101.88,0,0
ALE_MV,D,20230315,000000,29228.7,29228.7,28145.38,28457.16,0,0
ALE_MV,D,20230316,000000,28726.67,28853.5,27970.99,28853.5,0,0
ALE_MV,D,20230317,000000,28927.49,29165.29,28155.95,28335.62,0,0
ALE_MV,D,20230320,000000,28325.05,28710.82,27722.61,28642.12,0,0
ALE_MV,D,20230321,000000,28747.81,28747.81,27389.69,27606.35,0,0
ALE_MV,D,20230322,000000,27923.43,28198.22,27564.08,27759.61,0,0
ALE_MV,D,20230323,000000,27944.56,28097.82,27220.58,27881.15,0,0
ALE_MV,D,20230324,000000,27564.08,28007.98,27437.25,27495.38,0,0
ALE_MV,D,20230327,000000,27484.81,27939.28,27474.24,27648.63,0,0
ALE_MV,D,20230328,000000,27875.87,28303.91,27373.84,27373.84,0,0
ALE_MV,D,20230329,000000,27669.77,27881.15,27056.76,27590.5,0,0
ALE_MV,D,20230330,000000,28240.5,31828.69,28240.5,31448.2,0,0
ALE_MV,D,20230331,000000,31421.78,31421.78,30623.82,30972.6,0,0
ALE_MV,D,20230403,000000,31178.69,32600.23,31178.69,32336,0,0
ALE_MV,D,20230404,000000,32373,32700.64,31802.27,32098.2,0,0
ALE_MV,D,20230405,000000,32087.63,32309.58,31696.58,31723,0,0
ALE_MV,D,20230406,000000,31770.56,31812.84,31548.61,31733.57,0,0
ALE_MV,D,20230411,000000,31707.15,32510.39,31411.21,32246.17,0,0
ALE_MV,D,20230412,000000,32129.91,33070.55,32098.2,32785.19,0,0
ALE_MV,D,20230413,000000,32679.5,33746.97,32658.36,33588.44,0,0
ALE_MV,D,20230414,000000,33799.82,33799.82,32816.9,32848.6,0,0
ALE_MV,D,20230417,000000,32949.01,33799.82,32949.01,33641.28,0,0
ALE_MV,D,20230418,000000,33588.44,34381.11,33588.44,33746.97,0,0
ALE_MV,D,20230419,000000,33715.26,34349.41,33350.63,34227.86,0,0
ALE_MV,D,20230420,000000,34016.48,35258.35,34016.48,34735.18,0,0
ALE_MV,D,20230421,000000,34671.76,34692.9,33683.56,34692.9,0,0
ALE_MV,D,20230424,000000,34687.62,34999.4,34481.52,34877.86,0,0
ALE_MV,D,20230425,000000,34877.86,34877.86,34090.47,34196.16,0,0
ALE_MV,D,20230426,000000,33926.65,34798.59,33926.65,34550.22,0,0
ALE_MV,D,20230427,000000,34666.48,35290.05,34412.82,35268.91,0,0
ALE_MV,D,20230428,000000,35321.76,35321.76,34243.72,34576.64,0,0
ALE_MV,D,20230502,000000,34301.85,34957.13,34301.85,34523.8,0,0
ALE_MV,D,20230504,000000,34433.96,34877.86,34217.29,34650.63,0,0
ALE_MV,D,20230505,000000,34751.03,34951.84,34492.09,34883.14,0,0
ALE_MV,D,20230508,000000,34888.43,35062.82,34772.17,34877.86,0,0
ALE_MV,D,20230509,000000,34666.48,35406.31,34645.34,35194.93,0,0
ALE_MV,D,20230510,000000,35406.31,36442.08,35305.91,35903.06,0,0
ALE_MV,D,20230511,000000,36051.02,37826.62,36008.75,37816.06,0,0
ALE_MV,D,20230512,000000,37837.19,37995.73,37382.72,37388.01,0,0
ALE_MV,D,20230515,000000,37588.82,38761.99,37588.82,37816.06,0,0
ALE_MV,D,20230516,000000,37995.73,38857.11,37562.4,38418.49,0,0
ALE_MV,D,20230517,000000,38555.89,38746.13,37942.88,38513.61,0,0
ALE_MV,D,20230518,000000,38577.03,38577.03,37847.76,38339.22,0,0
ALE_MV,D,20230519,000000,38577.03,40622.14,38577.03,40527.02,0,0
ALE_MV,D,20230522,000000,40690.84,40807.1,40268.07,40775.39,0,0
ALE_MV,D,20230523,000000,40902.22,41124.17,40019.7,40019.7,0,0
ALE_MV,D,20230524,000000,39681.49,39681.49,38656.29,38894.1,0,0
ALE_MV,D,20230525,000000,39105.48,39105.48,35977.04,36214.84,0,0
ALE_MV,D,20230526,000000,36251.84,37224.19,36251.84,37134.35,0,0
ALE_MV,D,20230529,000000,37414.43,38038.01,37414.43,37535.98,0,0
ALE_MV,D,20230530,000000,37800.2,38349.79,36854.27,37329.88,0,0
ALE_MV,D,20230531,000000,36885.98,38064.43,36346.96,37541.26,0,0
ALE_MV,D,20230601,000000,37541.26,37541.26,36463.22,36991.67,0,0
ALE_MV,D,20230602,000000,37403.86,38386.78,37160.77,38386.78,0,0
ALE_MV,D,20230605,000000,38450.2,38862.39,37863.62,38244.1,0,0
ALE_MV,D,20230606,000000,38238.82,38238.82,36669.31,36991.67,0,0
ALE_MV,D,20230607,000000,36991.67,37572.97,36859.56,37425,0,0
ALE_MV,D,20230609,000000,38006.3,38006.3,36500.21,36531.92,0,0
ALE_MV,D,20230612,000000,36590.05,36917.69,36130.29,36658.74,0,0
ALE_MV,D,20230613,000000,34381.11,34756.32,34053.47,34085.18,0,0
ALE_MV,D,20230614,000000,34090.47,34455.1,33192.1,34455.1,0,0
ALE_MV,D,20230615,000000,34233.15,34655.91,34180.3,34645.34,0,0
ALE_MV,D,20230616,000000,34666.48,34724.61,34164.45,34359.98,0,0
ALE_MV,D,20230619,000000,34402.25,34877.86,34190.87,34190.87,0,0
ALE_MV,D,20230620,000000,34159.16,34322.99,34000.63,34243.72,0,0
ALE_MV,D,20230621,000000,34307.13,34904.28,34307.13,34735.18,0,0
ALE_MV,D,20230622,000000,34333.55,34618.92,34138.03,34455.1,0,0
ALE_MV,D,20230623,000000,34285.99,34497.37,33694.13,33820.96,0,0
ALE_MV,D,20230626,000000,33863.23,34455.1,33863.23,34148.6,0,0
ALE_MV,D,20230627,000000,34169.73,34259.57,33688.84,33757.54,0,0
ALE_MV,D,20230628,000000,33979.49,34106.32,33789.25,33810.39,0,0
ALE_MV,D,20230629,000000,33820.96,34095.75,33799.82,33820.96,0,0
ALE_MV,D,20230630,000000,33820.96,33868.52,33371.77,33820.96,0,0
ALE_MV,D,20230703,000000,33820.96,33953.07,33340.06,33884.37,0,0
ALE_MV,D,20230704,000000,33990.06,34106.32,33657.14,34000.63,0,0
ALE_MV,D,20230705,000000,33894.94,34000.63,33789.25,33820.96,0,0
ALE_MV,D,20230706,000000,33572.58,33662.42,33149.82,33292.5,0,0
ALE_MV,D,20230707,000000,33292.5,33842.09,33292.5,33820.96,0,0
ALE_MV,D,20230710,000000,33683.56,33894.94,33292.5,33768.11,0,0
ALE_MV,D,20230711,000000,34032.34,34032.34,33620.14,33937.21,0,0
ALE_MV,D,20230712,000000,33963.64,34825.01,33910.79,34825.01,0,0
ALE_MV,D,20230713,000000,35025.83,35342.9,34032.34,34106.32,0,0
ALE_MV,D,20230714,000000,34106.32,35311.19,34074.61,35015.26,0,0
ALE_MV,D,20230717,000000,34877.86,35015.26,34735.18,34925.42,0,0
ALE_MV,D,20230718,000000,34930.71,35110.38,34523.8,34772.17,0,0
ALE_MV,D,20230719,000000,34877.86,34877.86,34328.27,34349.41,0,0
ALE_MV,D,20230720,000000,34296.56,34957.13,34079.9,34317.7,0,0
ALE_MV,D,20230721,000000,34349.41,34698.19,33852.66,34529.08,0,0
ALE_MV,D,20230724,000000,34708.76,35744.52,34460.38,34560.79,0,0
ALE_MV,D,20230725,000000,34877.86,35184.36,34877.86,35184.36,0,0
ALE_MV,D,20230726,000000,35506.72,35506.72,34904.28,35089.24,0,0
ALE_MV,D,20230727,000000,35385.17,36695.74,35353.47,36621.75,0,0
ALE_MV,D,20230728,000000,36568.91,37430.29,36494.92,37329.88,0,0
ALE_MV,D,20230731,000000,37472.56,37646.95,37102.64,37329.88,0,0
ALE_MV,D,20230801,000000,37308.74,37816.06,37308.74,37816.06,0,0
ALE_MV,D,20230802,000000,37218.9,37245.33,36014.03,36014.03,0,0
ALE_MV,D,20230803,000000,35987.61,36775,35290.05,36642.89,0,0
ALE_MV,D,20230804,000000,36991.67,37535.98,36484.36,36944,0,0
ALE_MV,D,20230807,000000,36833,36981,36574,36664,0,0
ALE_MV,D,20230808,000000,36463,36463,35671,35776,0,0
ALE_MV,D,20230809,000000,35882,36548,35565,35713,0,0
ALE_MV,D,20230810,000000,36051,37758,36051,37457,0,0
ALE_MV,D,20230811,000000,37097,37467,36685,36828,0,0
ALE_MV,D,20230814,000000,36558,36997,36558,36992,0,0
ALE_MV,D,20230816,000000,36569,36796,36099,36099,0,0
ALE_MV,D,20230817,000000,36093,36812,36093,36289,0,0
ALE_MV,D,20230818,000000,36289,36796,36083,36442,0,0
ALE_MV,D,20230821,000000,36278,36278,35338,35422,0,0
ALE_MV,D,20230822,000000,35702,35929,35306,35306,0,0
ALE_MV,D,20230823,000000,35427,35449,34788,35221,0,0
ALE_MV,D,20230824,000000,35808,36046,34629,34645,0,0
ALE_MV,D,20230825,000000,34349,35010,34217,34418,0,0
ALE_MV,D,20230828,000000,34466,34804,34085,34804,0,0
ALE_MV,D,20230829,000000,34878,35100,34556,34973,0,0
ALE_MV,D,20230830,000000,34973,35089,34740,35079,0,0
ALE_MV,D,20230831,000000,34878,35375,34682,34899,0,0
ALE_MV,D,20230901,000000,34624,35026,34445,34508,0,0
ALE_MV,D,20230904,000000,34508,34973,34080,34080,0,0
ALE_MV,D,20230905,000000,34053,34053,32928,32928,0,0
ALE_MV,D,20230906,000000,33293,34587,32801,33504,0,0
ALE_MV,D,20230907,000000,33398,33784,33049,33372,0,0
ALE_MV,D,20230908,000000,33488,33604,32975,33604,0,0
ALE_MV,D,20230911,000000,33721,34075,33208,33319,0,0
ALE_MV,D,20230912,000000,33319,33694,33113,33398,0,0
ALE_MV,D,20230913,000000,33245,33509,33023,33372,0,0
ALE_MV,D,20230914,000000,33557,33710,33372,33710,0,0
ALE_MV,D,20230915,000000,33821,33964,33657,33821,0,0
ALE_MV,D,20230918,000000,33726,33726,32732,32812,0,0
ALE_MV,D,20230919,000000,33007,33219,32167,32288,0,0
ALE_MV,D,20230920,000000,32299,32732,32299,32489,0,0
ALE_MV,D,20230921,000000,32288,32288,31453,31596,0,0
ALE_MV,D,20230922,000000,31559,31903,31316,31522,0,0
ALE_MV,D,20230925,000000,31517,31517,30523,30534,0,0
ALE_MV,D,20230926,000000,30455,31200,30069,30973,0,0
ALE_MV,D,20230927,000000,31147,32109,31147,31866,0,0
ALE_MV,D,20230928,000000,33927,34392,31866,33668,0,0
ALE_MV,D,20230929,000000,34032,34899,34032,34069,0,0
ALE_MV,D,20231002,000000,34032,34973,34032,34561,0,0
ALE_MV,D,20231003,000000,34799,34799,33160,33382,0,0
ALE_MV,D,20231004,000000,33081,34408,33081,33520,0,0
ALE_MV,D,20231005,000000,33821,33821,32764,32790,0,0
ALE_MV,D,20231006,000000,30967,30967,29974,30386,0,0
ALE_MV,D,20231009,000000,30391,30391,29556,29852,0,0
ALE_MV,D,20231010,000000,30016,30650,30016,30497,0,0
ALE_MV,D,20231011,000000,30502,30513,29889,30238,0,0
ALE_MV,D,20231012,000000,30333,30682,29947,30043,0,0
ALE_MV,D,20231013,000000,30043,30439,29953,30011,0,0
ALE_MV,D,20231016,000000,30587,30587,28906,29456,0,0
ALE_MV,D,20231017,000000,29456,30809,29456,30518,0,0
ALE_MV,D,20231018,000000,30730,30999,30280,30545,0,0
ALE_MV,D,20231019,000000,30301,30566,30090,30154,0,0
ALE_MV,D,20231020,000000,30122,30523,29852,30333,0,0
ALE_MV,D,20231023,000000,30333,30333,29720,29836,0,0
ALE_MV,D,20231024,000000,30190,31020,30190,30809,0,0
ALE_MV,D,20231025,000000,30677,30846,30164,30407,0,0
ALE_MV,D,20231026,000000,30143,30693,30143,30650,0,0
ALE_MV,D,20231027,000000,30724,30724,30476,30608,0,0
ALE_MV,D,20231030,000000,30756,31427,30671,31406,0,0
ALE_MV,D,20231031,000000,31496,32236,31496,31866,0,0
ALE_MV,D,20231102,000000,32827,32827,31866,32542,0,0
ALE_MV,D,20231103,000000,32553,33076,32399,33076,0,0
ALE_MV,D,20231106,000000,33113,33171,32806,32975,0,0
ALE_MV,D,20231107,000000,32923,33641,32669,32928,0,0
ALE_MV,D,20231108,000000,32928,32970,32616,32616,0,0
ALE_MV,D,20231109,000000,32553,32732,31617,32732,0,0
ALE_MV,D,20231110,000000,32637,32674,32214,32643,0,0
ALE_MV,D,20231113,000000,32722,32954,32103,32103,0,0
ALE_MV,D,20231114,000000,32183,33583,31919,33583,0,0
ALE_MV,D,20231115,000000,33768,34688,33763,34386,0,0
ALE_MV,D,20231116,000000,33821,33821,31195,31195,0,0
ALE_MV,D,20231117,000000,31195,31749,30862,30862,0,0
ALE_MV,D,20231120,000000,30978,31739,30978,31232,0,0
ALE_MV,D,20231121,000000,31316,31982,31316,31496,0,0
ALE_MV,D,20231122,000000,31697,31919,31644,31839,0,0
ALE_MV,D,20231123,000000,31839,31971,31554,31644,0,0
ALE_MV,D,20231124,000000,31628,31839,31327,31327,0,0
ALE_MV,D,20231127,000000,31580,31665,30508,30914,0,0
ALE_MV,D,20231128,000000,30904,31126,30576,30714,0,0
ALE_MV,D,20231129,000000,30957,31084,30582,30640,0,0
ALE_MV,D,20231130,000000,30650,30951,30587,30587,0,0
ALE_MV,D,20231201,000000,30608,31179,30312,31179,0,0
ALE_MV,D,20231204,000000,31184,31496,30936,31094,0,0
ALE_MV,D,20231205,000000,31269,32088,31168,32024,0,0
ALE_MV,D,20231206,000000,32140,32156,31617,32040,0,0
ALE_MV,D,20231207,000000,32040,32040,31464,31744,0,0
ALE_MV,D,20231208,000000,31744,32251,31744,31945,0,0
ALE_MV,D,20231211,000000,31929,32156,31686,31855,0,0
ALE_MV,D,20231212,000000,31919,31966,31327,31623,0,0
ALE_MV,D,20231213,000000,31707,32859,31707,32690,0,0
ALE_MV,D,20231214,000000,33208,34032,33208,34032,0,0
ALE_MV,D,20231215,000000,34085,36749,34085,36220,0,0
ALE_MV,D,20231218,000000,35914,35914,34772,35766,0,0
ALE_MV,D,20231219,000000,35116,36083,35116,35581,0,0
ALE_MV,D,20231220,000000,35597,35639,35110,35470,0,0
ALE_MV,D,20231221,000000,35301,35301,34709,34920,0,0
ALE_MV,D,20231222,000000,34719,34962,34334,34878,0,0
ALE_MV,D,20231227,000000,35089,35449,35089,35301,0,0
ALE_MV,D,20231228,000000,35406,35771,35322,35385,0,0
ALE_MV,D,20231229,000000,35406,35517,34920,35221,0,0
ALE_MV,D,20240102,000000,35221,35221,33092,33092,0,0
ALE_MV,D,20240103,000000,33113,33113,31586,32061,0,0
ALE_MV,D,20240104,000000,32236,32236,31570,31707,0,0
ALE_MV,D,20240105,000000,31707,31734,31284,31633,0,0
ALE_MV,D,20240108,000000,31316,31665,31221,31596,0,0
ALE_MV,D,20240109,000000,31908,32251,31660,32230,0,0
ALE_MV,D,20240110,000000,32241,33293,32241,33240,0,0
ALE_MV,D,20240111,000000,33266,34164,33192,33192,0,0
ALE_MV,D,20240112,000000,33176,34656,33176,34244,0,0
ALE_MV,D,20240115,000000,34244,34244,32759,32870,0,0
ALE_MV,D,20240116,000000,32870,33182,32484,32643,0,0
ALE_MV,D,20240117,000000,32341,32426,31855,31913,0,0
ALE_MV,D,20240118,000000,32183,32415,31771,32331,0,0
ALE_MV,D,20240119,000000,32690,33303,32024,33303,0,0
ALE_MV,D,20240122,000000,33081,33081,31908,31945,0,0
ALE_MV,D,20240123,000000,32273,32273,31517,31707,0,0
ALE_MV,D,20240124,000000,32024,32362,31776,32257,0,0
ALE_MV,D,20240125,000000,32331,32658,31675,31919,0,0
ALE_MV,D,20240126,000000,31771,31977,31633,31940,0,0
ALE_MV,D,20240129,000000,31919,32040,31596,31850,0,0
ALE_MV,D,20240130,000000,31850,32209,31728,31860,0,0
ALE_MV,D,20240131,000000,31728,32114,31728,32114,0,0
ALE_MV,D,20240201,000000,32119,33055,32119,32732,0,0
ALE_MV,D,20240202,000000,32822,33324,32140,32140,0,0
ALE_MV,D,20240205,000000,32341,32960,32035,32103,0,0
ALE_MV,D,20240206,000000,32532,32537,32109,32394,0,0
ALE_MV,D,20240207,000000,32267,32923,32267,32764,0,0
ALE_MV,D,20240208,000000,32658,33425,32658,33271,0,0
ALE_MV,D,20240209,000000,33271,33578,33160,33467,0,0
ALE_MV,D,20240212,000000,33504,34027,33504,34027,0,0
ALE_MV,D,20240213,000000,33990,34561,32695,33071,0,0
ALE_MV,D,20240214,000000,32806,33900,32806,33869,0,0
ALE_MV,D,20240215,000000,33869,34053,33715,33821,0,0
ALE_MV,D,20240216,000000,33821,34085,33536,33610,0,0
ALE_MV,D,20240219,000000,33610,34101,33610,34090,0,0
ALE_MV,D,20240220,000000,33800,34212,33610,33673,0,0
ALE_MV,D,20240221,000000,33673,33673,32954,32954,0,0
ALE_MV,D,20240222,000000,33509,35010,33509,35010,0,0
ALE_MV,D,20240223,000000,35015,35554,34661,34740,0,0
ALE_MV,D,20240226,000000,34740,35316,34714,35274,0,0
ALE_MV,D,20240227,000000,35274,35892,35026,35449,0,0
ALE_MV,D,20240228,000000,35449,35449,34186,34191,0,0
ALE_MV,D,20240229,000000,33979,34571,33821,34080,0,0
ALE_MV,D,20240301,000000,34450,34450,32960,33134,0,0
ALE_MV,D,20240304,000000,33293,33340,32479,32500,0,0
ALE_MV,D,20240305,000000,32447,32479,32066,32278,0,0
ALE_MV,D,20240306,000000,32278,32627,32257,32257,0,0
ALE_MV,D,20240307,000000,32024,32637,31871,32553,0,0
ALE_MV,D,20240308,000000,32748,33160,32257,33039,0,0
ALE_MV,D,20240311,000000,33012,33018,32294,32590,0,0
ALE_MV,D,20240312,000000,32764,33086,32458,32859,0,0
ALE_MV,D,20240313,000000,32928,32928,32061,32061,0,0
ALE_MV,D,20240314,000000,33145,33615,32299,32426,0,0
ALE_MV,D,20240315,000000,32553,35279,32553,34941,0,0
ALE_MV,D,20240318,000000,34952,35248,33324,33879,0,0
ALE_MV,D,20240319,000000,33879,34836,33039,33435,0,0
ALE_MV,D,20240320,000000,33504,33837,33324,33409,0,0
ALE_MV,D,20240321,000000,33610,34561,33610,34445,0,0
ALE_MV,D,20240322,000000,34487,35269,34413,34603,0,0
ALE_MV,D,20240325,000000,34455,34455,33282,33388,0,0
ALE_MV,D,20240326,000000,33398,34154,33398,33779,0,0
ALE_MV,D,20240327,000000,33779,34249,33768,34249,0,0
ALE_MV,D,20240328,000000,34275,34984,34275,34968,0,0
ALE_MV,D,20240402,000000,34952,34952,33742,34032,0,0
ALE_MV,D,20240403,000000,33942,34513,33551,33916,0,0
ALE_MV,D,20240404,000000,33821,33821,33324,33456,0,0
ALE_MV,D,20240405,000000,33293,33293,32563,32658,0,0
ALE_MV,D,20240408,000000,32658,32843,32415,32822,0,0
ALE_MV,D,20240409,000000,32822,33277,32299,32500,0,0
ALE_MV,D,20240410,000000,32553,32949,32431,32806,0,0
ALE_MV,D,20240411,000000,32764,33837,32764,33245,0,0
ALE_MV,D,20240412,000000,33277,33557,32674,32701,0,0
ALE_MV,D,20240415,000000,32674,33271,32510,32764,0,0
ALE_MV,D,20240416,000000,32320,33266,32315,33160,0,0
ALE_MV,D,20240417,000000,33160,35301,33160,33705,0,0
ALE_MV,D,20240418,000000,33779,34878,33779,34878,0,0
ALE_MV,D,20240419,000000,34328,34878,34328,34524,0,0
ALE_MV,D,20240422,000000,34867,35708,34561,35190,0,0
ALE_MV,D,20240423,000000,35396,35597,34851,35221,0,0
ALE_MV,D,20240424,000000,35227,35258,34376,34772,0,0
ALE_MV,D,20240425,000000,34772,34804,34106,34138,0,0
ALE_MV,D,20240426,000000,34460,35808,34460,35163,0,0
ALE_MV,D,20240429,000000,35184,36336,35184,36247,0,0
ALE_MV,D,20240430,000000,36326,36326,35655,35951,0,0
ALE_MV,D,20240502,000000,35829,36447,35829,36146,0,0
ALE_MV,D,20240506,000000,36590,39449,36590,39005,0,0
ALE_MV,D,20240507,000000,38683,39285,37864,38271,0,0
ALE_MV,D,20240508,000000,38260,38773,38234,38487,0,0
ALE_MV,D,20240509,000000,38508,39364,38508,39227,0,0
ALE_MV,D,20240510,000000,39428,40242,39428,40162,0,0
ALE_MV,D,20240513,000000,39856,40569,39856,40226,0,0
ALE_MV,D,20240514,000000,40162,40226,39470,40226,0,0
ALE_MV,D,20240515,000000,40173,40411,39740,40411,0,0
ALE_MV,D,20240516,000000,40395,40929,40321,40575,0,0
ALE_MV,D,20240517,000000,40162,41066,40162,41061,0,0
ALE_MV,D,20240520,000000,41219,41351,39877,41055,0,0
ALE_MV,D,20240521,000000,40902,41087,39549,39777,0,0
ALE_MV,D,20240522,000000,39634,40067,39053,40067,0,0
ALE_MV,D,20240523,000000,40781,43249,40781,42192,0,0
ALE_MV,D,20240524,000000,41975,42636,41975,42276,0,0
ALE_MV,D,20240527,000000,42276,42377,41758,42250,0,0
ALE_MV,D,20240528,000000,42276,43027,41890,42102,0,0
ALE_MV,D,20240529,000000,41859,41927,40966,41351,0,0
ALE_MV,D,20240531,000000,41114,41114,39211,39925,0,0
ALE_MV,D,20240603,000000,40342,40342,39866,40162,0,0
ALE_MV,D,20240604,000000,40046,40659,40020,40469,0,0
ALE_MV,D,20240605,000000,40469,40469,40004,40427,0,0
ALE_MV,D,20240606,000000,40479,40812,39655,39819,0,0
ALE_MV,D,20240607,000000,39734,39734,38984,39296,0,0
ALE_MV,D,20240610,000000,38773,39623,38773,39623,0,0
ALE_MV,D,20240611,000000,39634,39755,39105,39417,0,0
ALE_MV,D,20240612,000000,39423,39729,38958,39697,0,0
ALE_MV,D,20240613,000000,39866,39866,39179,39460,0,0
ALE_MV,D,20240614,000000,39428,39428,38514,38857,0,0
ALE_MV,D,20240617,000000,38815,40004,38815,39845,0,0
ALE_MV,D,20240618,000000,40088,40088,39275,39317,0,0
ALE_MV,D,20240619,000000,39634,39634,39063,39423,0,0
ALE_MV,D,20240620,000000,39423,39734,38905,39301,0,0
ALE_MV,D,20240621,000000,39158,39634,39053,39169,0,0
ALE_MV,D,20240624,000000,39105,39930,39105,39761,0,0
ALE_MV,D,20240625,000000,39761,40110,39306,39734,0,0
ALE_MV,D,20240626,000000,40162,40553,40147,40469,0,0
ALE_MV,D,20240627,000000,40268,41108,40141,40221,0,0
ALE_MV,D,20240628,000000,40289,40289,39708,39845,0,0
ALE_MV,D,20240701,000000,40057,40236,39338,39370,0,0
ALE_MV,D,20240702,000000,39243,39243,38318,38514,0,0
ALE_MV,D,20240703,000000,39031,39058,38508,38714,0,0
ALE_MV,D,20240704,000000,38714,38799,38054,38487,0,0
ALE_MV,D,20240705,000000,38556,38847,37245,37626,0,0
ALE_MV,D,20240708,000000,37626,38017,37467,37916,0,0
ALE_MV,D,20240709,000000,37901,38186,37874,38144,0,0
ALE_MV,D,20240710,000000,38244,38635,37393,37800,0,0
ALE_MV,D,20240711,000000,38049,38820,37795,38688,0,0
ALE_MV,D,20240712,000000,38524,38894,38297,38894,0,0
ALE_MV,D,20240715,000000,38577,38947,38281,38762,0,0
ALE_MV,D,20240716,000000,38582,38582,37626,37922,0,0
ALE_MV,D,20240717,000000,37837,37964,36638,36759,0,0
ALE_MV,D,20240718,000000,36971,37557,36521,37309,0,0
ALE_MV,D,20240719,000000,37192,37536,36891,37129,0,0
ALE_MV,D,20240722,000000,37293,37520,36971,37124,0,0
ALE_MV,D,20240723,000000,37150,37441,36796,37441,0,0
ALE_MV,D,20240724,000000,36992,37473,36992,37340,0,0
ALE_MV,D,20240725,000000,36812,37451,36812,37425,0,0
ALE_MV,D,20240726,000000,37436,37573,37113,37520,0,0
ALE_MV,D,20240729,000000,37837,37874,37192,37774,0,0
ALE_MV,D,20240730,000000,37901,39063,37774,37916,0,0
ALE_MV,D,20240731,000000,38418,38936,38207,38471,0,0
ALE_MV,D,20240801,000000,38788,38788,38049,38271,0,0
ALE_MV,D,20240802,000000,37816,37969,37303,37901,0,0
ALE_MV,D,20240805,000000,36173,37155,36072,37155,0,0
ALE_MV,D,20240806,000000,37441,37811,36358,36495,0,0
ALE_MV,D,20240807,000000,36965,37404,36912,37404,0,0
ALE_MV,D,20240808,000000,37393,38308,36923,38297,0,0
ALE_MV,D,20240809,000000,38397,38857,38212,38371,0,0
ALE_MV,D,20240812,000000,38371,39539,38371,39370,0,0
ALE_MV,D,20240813,000000,39608,39676,39364,39634,0,0
ALE_MV,D,20240814,000000,39713,40744,39634,40374,0,0
ALE_MV,D,20240816,000000,40997,41452,40997,41373,0,0
ALE_MV,D,20240819,000000,41288,41362,40268,40442,0,0
ALE_MV,D,20240820,000000,40691,40691,39523,39565,0,0
ALE_MV,D,20240821,000000,39481,40760,39105,40723,0,0
ALE_MV,D,20240822,000000,40421,41394,40421,40929,0,0
ALE_MV,D,20240823,000000,41061,41061,39951,40041,0,0
ALE_MV,D,20240826,000000,40157,40157,39423,40030,0,0
ALE_MV,D,20240827,000000,40120,40120,39317,39761,0,0
ALE_MV,D,20240828,000000,39951,39951,39507,39512,0,0
ALE_MV,D,20240829,000000,39528,40083,39306,40057,0,0
ALE_MV,D,20240830,000000,40057,40236,39798,40236,0,0
ALE_MV,D,20240902,000000,39898,40284,39190,40036,0,0
ALE_MV,D,20240903,000000,40141,40553,39972,40057,0,0
ALE_MV,D,20240904,000000,39528,39940,39375,39592,0,0
ALE_MV,D,20240905,000000,39475,39645,38751,38810,0,0
ALE_MV,D,20240906,000000,38646,39216,37858,37901,0,0
ALE_MV,D,20240909,000000,38049,38075,37568,37969,0,0
ALE_MV,D,20240910,000000,37816,38434,37758,38001,0,0
ALE_MV,D,20240911,000000,37636,38498,37636,38027,0,0
ALE_MV,D,20240912,000000,38566,39364,38566,39317,0,0
ALE_MV,D,20240913,000000,39105,39740,39105,39671,0,0
ALE_MV,D,20240916,000000,39840,40184,39687,39951,0,0
ALE_MV,D,20240917,000000,40162,40934,40162,40865,0,0
ALE_MV,D,20240918,000000,40865,41098,40458,40929,0,0
ALE_MV,D,20240919,000000,39105,39105,36690,37494,0,0
ALE_MV,D,20240920,000000,37494,38049,37483,37869,0,0
ALE_MV,D,20240923,000000,37869,38403,37451,38403,0,0
ALE_MV,D,20240924,000000,38524,38757,38323,38366,0,0
ALE_MV,D,20240925,000000,38175,38704,38175,38662,0,0
ALE_MV,D,20240926,000000,38345,38662,38049,38160,0,0
ALE_MV,D,20240927,000000,38160,38450,38038,38123,0,0
ALE_MV,D,20240930,000000,37959,38017,36542,36791,0,0
ALE_MV,D,20241001,000000,36907,37473,36638,36680,0,0
ALE_MV,D,20241002,000000,36981,37082,36421,36690,0,0
ALE_MV,D,20241003,000000,36389,36601,35855,36416,0,0
ALE_MV,D,20241004,000000,36416,36495,36040,36040,0,0
ALE_MV,D,20241007,000000,36062,36252,35861,36056,0,0
ALE_MV,D,20241008,000000,35829,36252,35787,36252,0,0
ALE_MV,D,20241009,000000,36331,36838,36083,36400,0,0
ALE_MV,D,20241010,000000,36421,36664,36236,36405,0,0
ALE_MV,D,20241011,000000,36463,37864,36463,37747,0,0
ALE_MV,D,20241014,000000,37414,37414,36780,36997,0,0
ALE_MV,D,20241015,000000,36997,37045,36632,36749,0,0
ALE_MV,D,20241016,000000,36749,37266,36727,37266,0,0
ALE_MV,D,20241017,000000,37245,37642,36828,36828,0,0
ALE_MV,D,20241018,000000,36833,36992,36511,36992,0,0
ALE_MV,D,20241021,000000,36833,36955,36225,36675,0,0
ALE_MV,D,20241022,000000,36675,37150,36347,36442,0,0
ALE_MV,D,20241023,000000,36336,36395,35871,36236,0,0
ALE_MV,D,20241024,000000,36463,36759,36347,36416,0,0
ALE_MV,D,20241025,000000,36553,36791,36088,36791,0,0
ALE_MV,D,20241028,000000,36791,37710,36791,36992,0,0
ALE_MV,D,20241029,000000,36981,37663,36981,37552,0,0
ALE_MV,D,20241030,000000,37679,38540,37679,37879,0,0
ALE_MV,D,20241031,000000,37541,37658,36891,37119,0,0
ALE_MV,D,20241104,000000,37118,37351,36912,37235,0,0
ALE_MV,D,20241105,000000,37235,37235,36204,36453,0,0
ALE_MV,D,20241106,000000,36590,36955,36453,36754,0,0
ALE_MV,D,20241107,000000,36881,37266,36516,37129,0,0
ALE_MV,D,20241108,000000,37309,37309,36521,36622,0,0
ALE_MV,D,20241112,000000,36622,36622,35945,36151,0,0
ALE_MV,D,20241113,000000,36151,37272,36151,37113,0,0
ALE_MV,D,20241114,000000,35924,35924,30978,32907,0,0
ALE_MV,D,20241115,000000,32553,32553,30809,30809,0,0
ALE_MV,D,20241118,000000,30735,30735,29969,30259,0,0
ALE_MV,D,20241119,000000,30539,30539,29060,29593,0,0
ALE_MV,D,20241120,000000,30016,30016,29482,29852,0,0
ALE_MV,D,20241121,000000,29995,30767,29662,30566,0,0
ALE_MV,D,20241122,000000,30851,30983,30301,30455,0,0
ALE_MV,D,20241125,000000,30862,31179,30862,30957,0,0
ALE_MV,D,20241126,000000,30967,30967,30301,30597,0,0
ALE_MV,D,20241127,000000,30756,30819,30449,30597,0,0
ALE_MV,D,20241128,000000,30608,30608,30037,30127,0,0
ALE_MV,D,20241129,000000,30016,30576,29963,30407,0,0
ALE_MV,D,20241202,000000,30439,31321,30249,30862,0,0
ALE_MV,D,20241203,000000,31179,31284,30444,30640,0,0
ALE_MV,D,20241204,000000,30756,32035,30756,31987,0,0
ALE_MV,D,20241205,000000,32140,32177,31702,32098,0,0
ALE_MV,D,20241206,000000,32098,32616,32077,32077,0,0
ALE_MV,D,20241209,000000,32172,32172,31543,31543,0,0
ALE_MV,D,20241210,000000,31538,32241,30983,32024,0,0
ALE_MV,D,20241211,000000,31897,31897,31406,31813,0,0
ALE_MV,D,20241212,000000,31686,31686,30027,30333,0,0
ALE_MV,D,20241213,000000,30349,30856,30238,30714,0,0
ALE_MV,D,20241216,000000,30650,30798,30212,30782,0,0
ALE_MV,D,20241217,000000,30788,30809,29620,30074,0,0
ALE_MV,D,20241218,000000,29932,30201,29572,29625,0,0
ALE_MV,D,20241219,000000,29382,29583,29149,29583,0,0
ALE_MV,D,20241220,000000,29467,29477,28885,29477,0,0
ALE_MV,D,20241223,000000,29540,29720,29213,29435,0,0
ALE_MV,D,20241227,000000,29382,29382,28970,29250,0,0
ALE_MV,D,20241230,000000,29229,29229,28605,28621,0,0
ALE_MV,D,20250102,000000,29060,29847,28917,29847,0,0
ALE_MV,D,20250103,000000,29847,29847,29149,29282,0,0
ALE_MV,D,20250107,000000,29593,29593,29171,29171,0,0
ALE_MV,D,20250108,000000,29276,29276,28610,28727,0,0
ALE_MV,D,20250109,000000,28748,28822,28420,28721,0,0
ALE_MV,D,20250110,000000,28743,28906,27955,28114,0,0
ALE_MV,D,20250113,000000,28093,28093,27131,27131,0,0
ALE_MV,D,20250114,000000,27300,27649,27173,27379,0,0
ALE_MV,D,20250115,000000,27480,28161,27268,28161,0,0
ALE_MV,D,20250116,000000,28219,28346,28013,28188,0,0
ALE_MV,D,20250117,000000,28272,28626,27427,28436,0,0
ALE_MV,D,20250120,000000,28484,28632,28240,28256,0,0
ALE_MV,D,20250121,000000,28431,28431,28087,28272,0,0
ALE_MV,D,20250122,000000,28394,28600,28235,28473,0,0
ALE_MV,D,20250123,000000,28473,28875,28198,28394,0,0
ALE_MV,D,20250124,000000,28489,28938,28489,28822,0,0
ALE_MV,D,20250127,000000,28330,28700,28182,28700,0,0
ALE_MV,D,20250128,000000,28700,30243,28700,30222,0,0
ALE_MV,D,20250129,000000,30444,31047,30444,30513,0,0
ALE_MV,D,20250130,000000,30613,31977,30613,31813,0,0
ALE_MV,D,20250131,000000,31834,32024,31311,31712,0,0
ALE_MV,D,20250203,000000,30650,30745,30080,30270,0,0
ALE_MV,D,20250204,000000,30640,31564,30640,31179,0,0
ALE_MV,D,20250205,000000,31210,31475,30846,30973,0,0
ALE_MV,D,20250206,000000,30999,31432,30951,31337,0,0
ALE_MV,D,20250207,000000,31443,31924,31184,31253,0,0
ALE_MV,D,20250210,000000,31284,31739,31115,31591,0,0
ALE_MV,D,20250211,000000,31697,31744,31321,31522,0,0
ALE_MV,D,20250212,000000,31527,32014,31527,31845,0,0
ALE_MV,D,20250213,000000,32024,32912,32024,32574,0,0
ALE_MV,D,20250214,000000,32658,33023,32590,32685,0,0
ALE_MV,D,20250217,000000,32685,32949,32447,32685,0,0
ALE_MV,D,20250218,000000,32764,32833,32262,32500,0,0
ALE_MV,D,20250219,000000,32500,32743,31712,31982,0,0
ALE_MV,D,20250220,000000,31982,31982,30793,30793,0,0
ALE_MV,D,20250221,000000,30851,31596,30851,31337,0,0
ALE_MV,D,20250224,000000,31337,31496,30434,30434,0,0
ALE_MV,D,20250225,000000,30407,31010,30238,30767,0,0
ALE_MV,D,20250226,000000,30967,31142,30904,31020,0,0
ALE_MV,D,20250227,000000,30756,30756,29736,29736,0,0
ALE_MV,D,20250228,000000,29614,29831,29340,29583,0,0
ALE_MV,D,20250303,000000,29636,29784,29430,29688,0,0
ALE_MV,D,20250304,000000,29467,29467,29007,29128,0,0
ALE_MV,D,20250305,000000,29445,30333,29435,30243,0,0
ALE_MV,D,20250306,000000,30391,30904,30391,30825,0,0
ALE_MV,D,20250307,000000,30650,30798,30222,30545,0,0
ALE_MV,D,20250310,000000,30492,30492,29895,30043,0,0
ALE_MV,D,20250311,000000,30043,30286,29836,30259,0,0
ALE_MV,D,20250312,000000,30545,30613,30122,30122,0,0
ALE_MV,D,20250313,000000,32236,34762,32236,34223,0,0
ALE_MV,D,20250314,000000,34291,35179,33789,33842,0,0
ALE_MV,D,20250317,000000,33715,33752,32743,33372,0,0
ALE_MV,D,20250318,000000,33641,33641,32965,33261,0,0
ALE_MV,D,20250319,000000,33293,33293,32711,32833,0,0
ALE_MV,D,20250320,000000,32701,33071,32347,33071,0,0
ALE_MV,D,20250321,000000,33123,33477,32817,33303,0,0
ALE_MV,D,20250324,000000,33440,34492,33440,34492,0,0
ALE_MV,D,20250325,000000,34455,34534,34085,34159,0,0
ALE_MV,D,20250326,000000,33758,33800,32949,33002,0,0
ALE_MV,D,20250327,000000,32896,33900,32896,33726,0,0
ALE_MV,D,20250328,000000,33610,33636,33108,33308,0,0
ALE_MV,D,20250331,000000,32923,33557,32738,33039,0,0
ALE_MV,D,20250401,000000,33800,34170,33520,33927,0,0
ALE_MV,D,20250402,000000,33927,34064,33425,33927,0,0
ALE_MV,D,20250403,000000,33551,33752,32706,32806,0,0
ALE_MV,D,20250404,000000,32738,33266,31813,31813,0,0
ALE_MV,D,20250407,000000,30439,31279,29673,30777,0,0
ALE_MV,D,20250408,000000,31179,32066,31126,32040,0,0
ALE_MV,D,20250409,000000,30946,32024,30936,31707,0,0
ALE_MV,D,20250410,000000,33821,33821,32125,32304,0,0
ALE_MV,D,20250411,000000,32236,33081,32177,32246,0,0
ALE_MV,D,20250414,000000,32595,32938,32526,32938,0,0
ALE_MV,D,20250415,000000,32975,33578,32975,33303,0,0
ALE_MV,D,20250416,000000,31919,33086,31919,32637,0,0
ALE_MV,D,20250417,000000,32500,33044,32500,32870,0,0
ALE_MV,D,20250422,000000,33028,33451,33028,33366,0,0
ALE_MV,D,20250423,000000,33541,35026,33541,34984,0,0
ALE_MV,D,20250424,000000,34830,35745,34534,35745,0,0
ALE_MV,D,20250425,000000,35745,35819,35116,35116,0,0
ALE_MV,D,20250428,000000,35248,35803,35248,35501,0,0
ALE_MV,D,20250429,000000,35554,36114,35359,35412,0,0
ALE_MV,D,20250430,000000,35406,35676,34550,34841,0,0
ALE_MV,D,20250502,000000,35422,35438,34989,35316,0,0
ALE_MV,D,20250505,000000,35089,35121,34688,35116,0,0
ALE_MV,D,20250506,000000,34592,34592,34006,34508,0,0
ALE_MV,D,20250507,000000,34677,35554,34677,35279,0,0
ALE_MV,D,20250508,000000,35406,36030,34931,35575,0,0
ALE_MV,D,20250509,000000,35575,35988,35496,35819,0,0
ALE_MV,D,20250512,000000,35892,37161,35892,36611,0,0
ALE_MV,D,20250513,000000,36706,36949,36495,36865,0,0
ALE_MV,D,20250514,000000,36907,36907,35438,35491,0,0
ALE_MV,D,20250515,000000,35491,35491,35047,35390,0,0
ALE_MV,D,20250516,000000,35671,36109,35179,35417,0,0
ALE_MV,D,20250519,000000,35153,35660,34635,35227,0,0
ALE_MV,D,20250520,000000,35470,36114,35470,35723,0,0
ALE_MV,D,20250521,000000,35353,35353,34487,34851,0,0
ALE_MV,D,20250522,000000,34207,34561,33361,34059,0,0
ALE_MV,D,20250523,000000,34286,35015,34217,34936,0,0
ALE_MV,D,20250526,000000,35005,35671,35005,35422,0,0
ALE_MV,D,20250527,000000,35142,35681,35142,35459,0,0
ALE_MV,D,20250528,000000,35438,37208,35438,37208,0,0
ALE_MV,D,20250529,000000,37203,37340,36564,36569,0,0
ALE_MV,D,20250530,000000,36479,36648,35988,36405,0,0
ALE_MV,D,20250602,000000,36231,37377,36231,37203,0,0
ALE_MV,D,20250603,000000,37150,37150,36025,36463,0,0
ALE_MV,D,20250604,000000,36463,37732,36463,37732,0,0
ALE_MV,D,20250605,000000,37784,37842,37229,37325,0,0
ALE_MV,D,20250606,000000,35512,36093,35290,35755,0,0
ALE_MV,D,20250609,000000,35755,35898,35248,35671,0,0
ALE_MV,D,20250610,000000,35723,36373,35385,35956,0,0
ALE_MV,D,20250611,000000,36104,36484,35966,36141,0,0
ALE_MV,D,20250612,000000,35935,35935,35369,35845,0,0
ALE_MV,D,20250613,000000,35174,35216,34767,35147,0,0
ALE_MV,D,20250616,000000,35142,35264,34857,34984,0,0
ALE_MV,D,20250617,000000,34614,35206,34614,35147,0,0
ALE_MV,D,20250618,000000,35147,35153,34651,34994,0,0
ALE_MV,D,20250620,000000,34973,34973,34371,34392,0,0
ALE_MV,D,20250623,000000,34297,34297,33509,33821,0,0
ALE_MV,D,20250624,000000,34402,34402,33705,34233,0,0
ALE_MV,D,20250625,000000,34349,34725,34291,34460,0,0
ALE_MV,D,20250626,000000,34402,35163,34402,35015,0,0
ALE_MV,D,20250627,000000,35206,35919,35137,35797,0,0
ALE_MV,D,20250630,000000,36051,36971,36051,36558,0,0
ALE_MV,D,20250701,000000,36463,36638,35892,35961,0,0
ALE_MV,D,20250702,000000,35961,36141,35750,36093,0,0
ALE_MV,D,20250703,000000,36093,36717,36067,36310,0,0
ALE_MV,D,20250704,000000,36136,36474,35750,36379,0,0
ALE_MV,D,20250707,000000,36284,36653,36136,36463,0,0
ALE_MV,D,20250708,000000,36675,37002,36675,36971,0,0
ALE_MV,D,20250709,000000,36875,37261,36500,37203,0,0
ALE_MV,D,20250710,000000,36992,37832,36659,36807,0,0
ALE_MV,D,20250711,000000,36595,36838,36474,36738,0,0
ALE_MV,D,20250714,000000,36738,37631,36738,37573,0,0
ALE_MV,D,20250715,000000,37473,37864,37034,37589,0,0
ALE_MV,D,20250716,000000,37589,37948,37351,37948,0,0
ALE_MV,D,20250717,000000,38038,38234,37457,37689,0,0
ALE_MV,D,20250718,000000,38064,38662,37895,38281,0,0
ALE_MV,D,20250721,000000,38260,38598,38186,38387,0,0
ALE_MV,D,20250722,000000,38313,38498,38080,38101,0,0
ALE_MV,D,20250723,000000,38260,38683,38260,38572,0,0
ALE_MV,D,20250724,000000,38572,38810,38339,38477,0,0
ALE_MV,D,20250725,000000,38249,38471,38075,38366,0,0
ALE_MV,D,20250728,000000,38471,39127,38191,38387,0,0
ALE_MV,D,20250729,000000,38646,39142,38255,38989,0,0
ALE_MV,D,20250730,000000,38746,39898,38746,39898,0,0
ALE_MV,D,20250731,000000,39866,40612,38915,39121,0,0
ALE_MV,D,20250801,000000,38799,38799,37504,37721,0,0
ALE_MV,D,20250804,000000,37610,38181,37245,38181,0,0
ALE_MV,D,20250805,000000,38181,38418,37710,37853,0,0
ALE_MV,D,20250806,000000,37636,38202,37473,38202,0,0
ALE_MV,D,20250807,000000,38202,39618,37879,39396,0,0
ALE_MV,D,20250808,000000,39370,40062,39031,39935,0,0
ALE_MV,D,20250811,000000,39914,39914,39211,39412,0,0
ALE_MV,D,20250812,000000,39433,39629,39164,39354,0,0
ALE_MV,D,20250813,000000,39602,40194,39576,40051,0,0
ALE_MV,D,20250814,000000,39898,39898,39576,39819,0,0
ALE_MV,D,20250818,000000,39819,40749,39819,40030,0,0
ALE_MV,D,20250819,000000,40268,40733,39988,40691,0,0
ALE_MV,D,20250820,000000,40585,40696,39882,40120,0,0
ALE_MV,D,20250821,000000,40057,40797,40057,40670,0,0
ALE_MV,D,20250822,000000,40057,40564,39660,40522,0,0
ALE_MV,D,20250825,000000,40516,40733,40374,40464,0,0
ALE_MV,D,20250826,000000,40427,40627,39364,40252,0,0
ALE_MV,D,20250827,000000,40670,40670,39349,39401,0,0
ALE_MV,D,20250828,000000,39634,39634,38683,38936,0,0
ALE_MV,D,20250829,000000,38688,39058,38466,38593,0,0
ALE_MV,D,20250901,000000,38577,38577,37087,37430,0,0
ALE_MV,D,20250902,000000,37430,37430,36289,36426,0,0
ALE_MV,D,20250903,000000,36389,36854,36162,36479,0,0
ALE_MV,D,20250904,000000,36669,36992,36595,36791,0,0
ALE_MV,D,20250905,000000,37118,37922,36775,36875,0,0
ALE_MV,D,20250908,000000,36981,38049,36981,38049,0,0
ALE_MV,D,20250909,000000,38133,38133,37473,37541,0,0
ALE_MV,D,20250910,000000,37541,38101,37192,37879,0,0
ALE_MV,D,20250911,000000,37943,38424,37869,38144,0,0
ALE_MV,D,20250912,000000,38408,38429,37695,37695,0,0
ALE_MV,D,20250915,000000,37837,38186,37837,37980,0,0
ALE_MV,D,20250916,000000,38038,38038,37203,37309,0,0
ALE_MV,D,20250917,000000,37520,37652,37029,37288,0,0
ALE_MV,D,20250918,000000,37837,37837,36627,36854,0,0
ALE_MV,D,20250919,000000,36854,36992,36305,36590,0,0
ALE_MV,D,20250922,000000,36574,36574,36099,36574,0,0
ALE_MV,D,20250923,000000,36675,37351,36643,36727,0,0
ALE_MV,D,20250924,000000,36606,36796,36215,36796,0,0
ALE_MV,D,20250925,000000,36796,36817,36495,36712,0,0
ALE_MV,D,20250926,000000,37118,37288,36902,37288,0,0
ALE_MV,D,20250929,000000,37303,38440,37171,38239,0,0
ALE_MV,D,20250930,000000,38080,38302,37525,37621,0,0
ALE_MV,D,20251001,000000,37499,37584,36986,36992,0,0
ALE_MV,D,20251002,000000,36992,37245,36638,36638,0,0
ALE_MV,D,20251003,000000,36638,36918,36410,36886,0,0
ALE_MV,D,20251006,000000,36886,36928,35723,35723,0,0
ALE_MV,D,20251007,000000,35829,35829,35132,35528,0,0
ALE_MV,D,20251008,000000,35406,35549,34873,35401,0,0
ALE_MV,D,20251009,000000,35417,35417,34751,34809,0,0
ALE_MV,D,20251010,000000,34540,35153,34540,35089,0,0
ALE_MV,D,20251013,000000,34804,35538,34672,35427,0,0
ALE_MV,D,20251014,000000,35285,35819,35285,35565,0,0
ALE_MV,D,20251015,000000,35565,35882,35364,35755,0,0
ALE_MV,D,20251016,000000,35755,36025,35591,35671,0,0
ALE_MV,D,20251017,000000,35433,35491,34592,35454,0,0
ALE_MV,D,20251020,000000,35512,35919,35417,35660,0,0
ALE_MV,D,20251021,000000,35829,36146,35723,35998,0,0
ALE_MV,D,20251022,000000,36199,36463,35866,36463,0,0
ALE_MV,D,20251023,000000,36421,36854,36204,36854,0,0
ALE_MV,D,20251024,000000,36886,37282,36664,36791,0,0
ALE_MV,D,20251027,000000,36992,36992,36453,36653,0,0
ALE_MV,D,20251028,000000,36780,37150,36537,36992,0,0
ALE_MV,D,20251029,000000,36992,36992,36289,36527,0,0
ALE_MV,D,20251030,000000,36585,36585,36188,36426,0,0
ALE_MV,D,20251031,000000,36416,37129,36273,36463,0,0
ALE_MV,D,20251103,000000,36463,36675,36146,36231,0,0
ALE_MV,D,20251104,000000,36040,36040,35665,35776,0,0
ALE_MV,D,20251105,000000,35723,36194,35586,36194,0,0
ALE_MV,D,20251106,000000,36252,36971,36210,36484,0,0
ALE_MV,D,20251107,000000,36632,36754,36273,36648,0,0
ALE_MV,D,20251110,000000,36886,36992,36505,36928,0,0
ALE_MV,D,20251112,000000,37150,37187,36653,36780,0,0
ALE_MV,D,20251113,000000,36738,37155,36569,36569,0,0
ALE_MV,D,20251114,000000,36579,36886,36199,36199,0,0
ALE_MV,D,20251117,000000,36463,36463,35290,35369,0,0
ALE_MV,D,20251118,000000,35227,35227,33874,34059,0,0
ALE_MV,D,20251119,000000,34201,34201,33763,33821,0,0
ALE_MV,D,20251120,000000,34032,34032,32045,33293,0,0
ALE_MV,D,20251121,000000,32024,33430,32024,32965,0,0
ALE_MV,D,20251124,000000,33240,33240,32394,32796,0,0
ALE_MV,D,20251125,000000,32975,33123,32468,33028,0,0
ALE_MV,D,20251126,000000,33129,33869,32632,33847,0,0
ALE_MV,D,20251127,000000,33847,33974,33520,33578,0,0
ALE_MV,D,20251128,000000,33578,34228,33229,33879,0,0
ALE_MV,D,20251201,000000,33969,34360,33699,34170,0,0
ALE_MV,D,20251202,000000,32236,33340,32236,33108,0,0
ALE_MV,D,20251203,000000,33171,33171,32236,32246,0,0
ALE_MV,D,20251204,000000,32283,32753,32283,32706,0,0
ALE_MV,D,20251205,000000,32975,33028,32606,32738,0,0
ALE_MV,D,20251208,000000,32669,32669,32251,32447,0,0
ALE_MV,D,20251209,000000,32447,33250,32341,33250,0,0
ALE_MV,D,20251210,000000,33293,33293,32748,32975,0,0
ALE_MV,D,20251211,000000,33129,33462,32954,33403,0,0
ALE_MV,D,20251212,000000,33403,33403,32775,32775,0,0
ALE_MV,D,20251215,000000,32880,33171,32722,33171,0,0
ALE_MV,D,20251216,000000,32975,32975,32384,32606,0,0
ALE_MV,D,20251217,000000,32658,32658,31971,32177,0,0
ALE_MV,D,20251218,000000,32088,32463,31903,32273,0,0
ALE_MV,D,20251219,000000,32273,32727,32273,32653,0,0
ALE_MV,D,20251222,000000,32664,32722,32357,32722,0,0
ALE_MV,D,20251223,000000,32606,32606,32347,32368,0,0
ALE_MV,D,20251229,000000,32394,32970,32336,32970,0,0
ALE_MV,D,20251230,000000,32970,33071,32664,32785,0,0
ALE_MV,D,20260102,000000,32764,33282,32743,33023,0,0
ALE_MV,D,20260105,000000,33240,33240,32711,33145,0,0
ALE_MV,D,20260107,000000,33145,34672,33145,34672,0,0
ALE_MV,D,20260108,000000,34666,34666,33837,33990,0,0
ALE_MV,D,20260109,000000,34096,34096,33499,33927,0,0
ALE_MV,D,20260112,000000,33927,34212,33826,34085,0,0
ALE_MV,D,20260113,000000,34212,34334,33847,34106,0,0
ALE_MV,D,20260114,000000,34307,34307,32986,32986,0,0
ALE_MV,D,20260115,000000,32991,33197,32637,33097,0,0
ALE_MV,D,20260116,000000,33113,33668,33065,33108,0,0
ALE_MV,D,20260119,000000,32785,33821,32505,32637,0,0
ALE_MV,D,20260120,000000,32764,32764,31987,32600,0,0
ALE_MV,D,20260121,000000,32600,32600,31179,31660,0,0
ALE_MV,D,20260122,000000,31919,32442,31919,32283,0,0
ALE_MV,D,20260123,000000,32341,32341,31728,31882,0,0
