<TICKER>,<PER>,<DATE>,<TIME>,<OPEN>,<HIGH>,<LOW>,<CLOSE>,<VOL>,<OPENINT>
ANR_MV,D,20210108,000000,498.23,498.23,498.23,498.23,0,0
ANR_MV,D,20210111,000000,514.19,514.19,491.17,498.84,0,0
ANR_MV,D,20210112,000000,500.38,504.98,492.7,498.84,0,0
ANR_MV,D,20210113,000000,500.38,500.38,486.56,497.31,0,0
ANR_MV,D,20210114,000000,483.49,486.87,468.14,475.9,0,0
ANR_MV,D,20210115,000000,481.65,489.63,475.9,478.12,0,0
ANR_MV,D,20210118,000000,475.82,475.82,452.8,457.48,0,0
ANR_MV,D,20210119,000000,457.4,457.4,437.45,442.82,0,0
ANR_MV,D,20210120,000000,437.45,440.52,432.92,437.45,0,0
ANR_MV,D,20210121,000000,438.83,460.32,438.83,449.11,0,0
ANR_MV,D,20210122,000000,455.87,457.4,443.59,456.33,0,0
ANR_MV,D,20210125,000000,460.32,465.07,445.2,448.04,0,0
ANR_MV,D,20210126,000000,460.16,460.16,445.35,452.95,0,0
ANR_MV,D,20210127,000000,460.32,468.14,435.14,438.98,0,0
ANR_MV,D,20210128,000000,463.54,463.54,435.91,451.57,0,0
ANR_MV,D,20210129,000000,451.57,455.94,431.31,438.98,0,0
ANR_MV,D,20210201,000000,437.45,442.82,434.15,438.98,0,0
ANR_MV,D,20210202,000000,445.12,445.12,437.45,438.98,0,0
ANR_MV,D,20210203,000000,438.98,443.59,437.45,437.6,0,0
ANR_MV,D,20210204,000000,437.6,463.23,437.6,448.96,0,0
ANR_MV,D,20210205,000000,458.94,458.94,448.96,458.78,0,0
ANR_MV,D,20210208,000000,458.94,465.15,457.4,465.15,0,0
ANR_MV,D,20210209,000000,482.88,511.12,482.88,511.12,0,0
ANR_MV,D,20210210,000000,528.01,551.03,524.17,551.03,0,0
ANR_MV,D,20210211,000000,554.1,599.07,552.56,578.66,0,0
ANR_MV,D,20210212,000000,578.66,595.54,563.15,567.91,0,0
ANR_MV,D,20210215,000000,595.46,595.46,567.91,574.05,0,0
ANR_MV,D,20210216,000000,574.05,574.05,561.77,561.77,0,0
ANR_MV,D,20210217,000000,567.91,567.91,555.63,555.63,0,0
ANR_MV,D,20210218,000000,561.77,561.77,543.35,545.04,0,0
ANR_MV,D,20210219,000000,557.17,557.17,544.89,555.63,0,0
ANR_MV,D,20210222,000000,572.52,572.52,557.17,565.61,0,0
ANR_MV,D,20210223,000000,567.91,567.91,557.17,564.84,0,0
ANR_MV,D,20210224,000000,564.92,564.92,528.39,536.91,0,0
ANR_MV,D,20210225,000000,537.22,537.22,521.87,528.7,0,0
ANR_MV,D,20210226,000000,512.66,573.72,504.98,573.72,0,0
ANR_MV,D,20210301,000000,584.46,584.46,568.22,579.3,0,0
ANR_MV,D,20210302,000000,589.27,592.02,579.3,587.9,0,0
ANR_MV,D,20210303,000000,593.06,610.07,587.9,597.52,0,0
ANR_MV,D,20210304,000000,599.07,605.09,599.07,602.85,0,0
ANR_MV,D,20210305,000000,602.85,602.85,596.92,601.65,0,0
ANR_MV,D,20210308,000000,603.37,603.37,591.34,593.06,0,0
ANR_MV,D,20210309,000000,593.06,593.06,567.27,568.99,0,0
ANR_MV,D,20210310,000000,572.43,572.43,562.03,568.04,0,0
ANR_MV,D,20210311,000000,568.13,568.13,562.54,564.69,0,0
ANR_MV,D,20210312,000000,563.83,571.57,562.11,563.83,0,0
ANR_MV,D,20210315,000000,567.27,575.87,567.27,570.71,0,0
ANR_MV,D,20210316,000000,571.4,571.4,562.11,567.27,0,0
ANR_MV,D,20210317,000000,567.27,571.4,552.23,563.83,0,0
ANR_MV,D,20210318,000000,564.69,564.78,557.9,562.11,0,0
ANR_MV,D,20210319,000000,567.27,586.18,567.27,584.46,0,0
ANR_MV,D,20210322,000000,584.46,594.43,584.46,590.82,0,0
ANR_MV,D,20210323,000000,592.88,592.88,575.87,589.62,0,0
ANR_MV,D,20210324,000000,591.34,591.34,567.61,572.43,0,0
ANR_MV,D,20210325,000000,572.51,583.51,569.16,569.16,0,0
ANR_MV,D,20210326,000000,568.99,577.58,568.99,577.58,0,0
ANR_MV,D,20210329,000000,571.14,578.1,568.99,577.58,0,0
ANR_MV,D,20210330,000000,577.58,584.55,569.85,581.02,0,0
ANR_MV,D,20210331,000000,584.46,584.46,569.33,581.02,0,0
ANR_MV,D,20210401,000000,581.02,581.02,570.71,580.76,0,0
ANR_MV,D,20210406,000000,584.46,584.46,575.95,584.46,0,0
ANR_MV,D,20210407,000000,604.23,611.96,599.24,602.51,0,0
ANR_MV,D,20210408,000000,608.53,618.67,608.53,610.85,0,0
ANR_MV,D,20210409,000000,610.25,610.25,601.65,603.37,0,0
ANR_MV,D,20210412,000000,611.96,624,611.96,618.84,0,0
ANR_MV,D,20210413,000000,611.1,620.56,608.53,608.53,0,0
ANR_MV,D,20210414,000000,610.25,615.4,601.65,602.51,0,0
ANR_MV,D,20210415,000000,601.65,610.25,601.65,608.53,0,0
ANR_MV,D,20210416,000000,604.57,605,595.89,602.34,0,0
ANR_MV,D,20210419,000000,604.74,605.78,577.24,595.81,0,0
ANR_MV,D,20210420,000000,592.88,593.06,586.18,587.04,0,0
ANR_MV,D,20210421,000000,586.18,586.18,572.43,586.01,0,0
ANR_MV,D,20210422,000000,577.58,601.56,577.58,593.06,0,0
ANR_MV,D,20210423,000000,584.46,606.81,584.46,603.37,0,0
ANR_MV,D,20210426,000000,608.53,608.53,590.65,601.74,0,0
ANR_MV,D,20210427,000000,604.14,608.35,593.06,601.48,0,0
ANR_MV,D,20210428,000000,601.65,601.65,587.04,595.63,0,0
ANR_MV,D,20210429,000000,601.65,601.65,587.04,591.34,0,0
ANR_MV,D,20210430,000000,589.62,593.06,589.62,591.34,0,0
ANR_MV,D,20210504,000000,590.48,590.48,581.11,587.9,0,0
ANR_MV,D,20210505,000000,587.9,589.53,584.46,587.04,0,0
ANR_MV,D,20210506,000000,579.3,582.23,550.25,550.25,0,0
ANR_MV,D,20210507,000000,550.34,560.05,550.34,558.68,0,0
ANR_MV,D,20210510,000000,560.39,561.25,544.92,556.18,0,0
ANR_MV,D,20210511,000000,556.01,558.68,551.8,558.68,0,0
ANR_MV,D,20210512,000000,554.38,554.38,544.92,546.64,0,0
ANR_MV,D,20210513,000000,550.08,550.08,537.19,541.49,0,0
ANR_MV,D,20210514,000000,536.33,546.64,536.33,538.05,0,0
ANR_MV,D,20210517,000000,527.13,539.77,527.13,538.05,0,0
ANR_MV,D,20210518,000000,538.05,541.49,536.41,538.05,0,0
ANR_MV,D,20210519,000000,541.49,542.77,532.03,532.89,0,0
ANR_MV,D,20210520,000000,532.89,547.07,532.89,543.03,0,0
ANR_MV,D,20210521,000000,546.56,550.08,544.92,550.08,0,0
ANR_MV,D,20210524,000000,550.08,556.96,550.08,556.96,0,0
ANR_MV,D,20210525,000000,558.68,564.18,558.68,562.11,0,0
ANR_MV,D,20210526,000000,562.11,564.18,550.08,550.08,0,0
ANR_MV,D,20210527,000000,566.5,567.27,550.08,559.36,0,0
ANR_MV,D,20210528,000000,558.85,567.27,558.68,558.68,0,0
ANR_MV,D,20210531,000000,565.55,570.71,561.51,561.51,0,0
ANR_MV,D,20210601,000000,559.53,572.43,546.99,548.36,0,0
ANR_MV,D,20210602,000000,550.08,558.68,545.01,558.68,0,0
ANR_MV,D,20210604,000000,558.68,561.25,556.1,560.39,0,0
ANR_MV,D,20210607,000000,550.08,568.9,532.89,559.45,0,0
ANR_MV,D,20210608,000000,543.2,567.1,543.2,565.72,0,0
ANR_MV,D,20210609,000000,566.24,566.24,546.64,562.97,0,0
ANR_MV,D,20210610,000000,562.89,562.89,553.78,553.78,0,0
ANR_MV,D,20210611,000000,550.08,550.08,541.49,550.08,0,0
ANR_MV,D,20210614,000000,550.08,565.55,544.92,549.99,0,0
ANR_MV,D,20210615,000000,556.96,556.96,545.61,545.95,0,0
ANR_MV,D,20210616,000000,546.64,546.64,529.45,532.89,0,0
ANR_MV,D,20210617,000000,541.49,541.49,519.14,529.37,0,0
ANR_MV,D,20210618,000000,529.45,529.45,519.14,527.73,0,0
ANR_MV,D,20210621,000000,527.73,527.73,519.14,524.3,0,0
ANR_MV,D,20210622,000000,531,541.66,524.47,541.49,0,0
ANR_MV,D,20210623,000000,541.49,550.08,541.49,550.08,0,0
ANR_MV,D,20210624,000000,550.08,550.08,526.01,538.05,0,0
ANR_MV,D,20210625,000000,526.01,546.64,526.01,538.05,0,0
ANR_MV,D,20210628,000000,541.49,541.49,532.89,534.61,0,0
ANR_MV,D,20210629,000000,534.61,541.49,532.89,541.49,0,0
ANR_MV,D,20210630,000000,534.61,541.49,534.61,540.63,0,0
ANR_MV,D,20210701,000000,540.63,550.08,538.05,547.5,0,0
ANR_MV,D,20210702,000000,548.36,553.52,544.06,550.08,0,0
ANR_MV,D,20210705,000000,550.08,574.15,550.08,574.15,0,0
ANR_MV,D,20210706,000000,575.01,575.01,563.83,567.27,0,0
ANR_MV,D,20210707,000000,567.27,567.27,558.68,565.55,0,0
ANR_MV,D,20210708,000000,567.27,573.29,565.55,568.13,0,0
ANR_MV,D,20210709,000000,566.41,570.71,550.08,562.97,0,0
ANR_MV,D,20210712,000000,563.83,563.83,560.39,562.11,0,0
ANR_MV,D,20210713,000000,563.83,563.83,551.8,558.68,0,0
ANR_MV,D,20210714,000000,555.24,562.97,544.92,560.39,0,0
ANR_MV,D,20210715,000000,563.83,563.83,550.94,562.11,0,0
ANR_MV,D,20210716,000000,563.83,563.83,562.11,562.11,0,0
ANR_MV,D,20210719,000000,553.52,557.82,543.2,551.8,0,0
ANR_MV,D,20210720,000000,543.2,552.66,543.2,551.8,0,0
ANR_MV,D,20210721,000000,551.8,551.8,543.2,546.64,0,0
ANR_MV,D,20210722,000000,543.2,553.52,543.2,548.36,0,0
ANR_MV,D,20210723,000000,548.36,548.36,541.49,544.06,0,0
ANR_MV,D,20210726,000000,546.64,548.36,541.49,548.36,0,0
ANR_MV,D,20210727,000000,548.36,551.8,543.2,551.8,0,0
ANR_MV,D,20210728,000000,551.8,553.52,546.64,550.08,0,0
ANR_MV,D,20210729,000000,551.8,564.69,544.06,562.11,0,0
ANR_MV,D,20210730,000000,568.13,579.3,568.13,578.44,0,0
ANR_MV,D,20210802,000000,581.88,581.88,573.29,575.01,0,0
ANR_MV,D,20210803,000000,575.87,582.74,572.43,574.15,0,0
ANR_MV,D,20210804,000000,574.15,586.18,574.15,581.02,0,0
ANR_MV,D,20210805,000000,581.02,582.74,579.3,581.88,0,0
ANR_MV,D,20210806,000000,588.76,593.91,583.6,593.91,0,0
ANR_MV,D,20210809,000000,599.07,622.28,599.07,620.56,0,0
ANR_MV,D,20210810,000000,621.42,634.31,621.42,631.73,0,0
ANR_MV,D,20210811,000000,635.17,653.22,635.17,653.22,0,0
ANR_MV,D,20210812,000000,654.94,666.97,620.56,648.06,0,0
ANR_MV,D,20210813,000000,648.06,651.5,636.03,645.48,0,0
ANR_MV,D,20210816,000000,653.22,658.38,644.63,648.06,0,0
ANR_MV,D,20210817,000000,659.24,659.24,648.06,648.92,0,0
ANR_MV,D,20210818,000000,649.78,653.22,636.89,644.63,0,0
ANR_MV,D,20210819,000000,644.63,644.63,637.75,641.19,0,0
ANR_MV,D,20210820,000000,638.61,638.61,636.03,637.75,0,0
ANR_MV,D,20210823,000000,636.03,644.63,636.03,636.89,0,0
ANR_MV,D,20210824,000000,638.61,644.63,638.61,642.91,0,0
ANR_MV,D,20210825,000000,643.77,646.34,641.19,644.63,0,0
ANR_MV,D,20210826,000000,644.63,644.63,642.05,642.05,0,0
ANR_MV,D,20210827,000000,641.19,644.63,637.75,637.75,0,0
ANR_MV,D,20210830,000000,636.03,644.63,636.03,643.77,0,0
ANR_MV,D,20210831,000000,648.06,648.06,641.19,644.63,0,0
ANR_MV,D,20210901,000000,644.63,648.06,643.77,645.48,0,0
ANR_MV,D,20210902,000000,644.63,648.06,637.75,642.91,0,0
ANR_MV,D,20210903,000000,641.19,648.06,637.75,644.63,0,0
ANR_MV,D,20210906,000000,645.48,645.48,636.89,639.47,0,0
ANR_MV,D,20210907,000000,649.78,649.78,629.15,636.03,0,0
ANR_MV,D,20210908,000000,637.75,637.75,624,629.15,0,0
ANR_MV,D,20210909,000000,635.17,635.17,622.28,630.87,0,0
ANR_MV,D,20210910,000000,627.44,630.87,624.86,627.44,0,0
ANR_MV,D,20210913,000000,588.76,617.12,588.76,612.82,0,0
ANR_MV,D,20210914,000000,607.67,607.67,591.34,605.09,0,0
ANR_MV,D,20210915,000000,601.65,603.37,594.77,598.21,0,0
ANR_MV,D,20210916,000000,596.49,599.93,582.74,589.62,0,0
ANR_MV,D,20210917,000000,587.04,609.39,584.46,596.49,0,0
ANR_MV,D,20210920,000000,609.39,609.39,580.16,581.02,0,0
ANR_MV,D,20210921,000000,579.3,594.77,575.87,586.18,0,0
ANR_MV,D,20210922,000000,604.23,608.53,597.35,608.53,0,0
ANR_MV,D,20210923,000000,615.4,615.4,586.18,601.65,0,0
ANR_MV,D,20210924,000000,601.65,609.39,589.62,601.65,0,0
ANR_MV,D,20210927,000000,588.76,605.09,588.76,592.2,0,0
ANR_MV,D,20210928,000000,591.34,591.34,587.9,587.9,0,0
ANR_MV,D,20210929,000000,585.32,587.9,585.32,587.04,0,0
ANR_MV,D,20210930,000000,598.21,601.65,586.18,599.07,0,0
ANR_MV,D,20211001,000000,589.62,600.79,587.9,600.79,0,0
ANR_MV,D,20211004,000000,604.23,617.12,604.23,613.68,0,0
ANR_MV,D,20211005,000000,617.12,617.12,599.07,615.4,0,0
ANR_MV,D,20211006,000000,624,632.59,602.51,610.25,0,0
ANR_MV,D,20211007,000000,610.25,618.84,601.65,610.25,0,0
ANR_MV,D,20211008,000000,618.84,624,605.95,617.12,0,0
ANR_MV,D,20211011,000000,617.12,623.14,616.26,618.84,0,0
ANR_MV,D,20211012,000000,618.84,622.28,606.81,606.81,0,0
ANR_MV,D,20211013,000000,610.25,622.28,601.65,609.39,0,0
ANR_MV,D,20211014,000000,611.96,617.12,605.09,609.39,0,0
ANR_MV,D,20211015,000000,614.54,614.54,601.65,605.09,0,0
ANR_MV,D,20211018,000000,605.09,605.09,595.63,599.93,0,0
ANR_MV,D,20211019,000000,610.25,610.25,599.07,599.07,0,0
ANR_MV,D,20211020,000000,599.93,599.93,582.74,589.62,0,0
ANR_MV,D,20211021,000000,589.62,589.62,566.41,589.62,0,0
ANR_MV,D,20211022,000000,574.15,593.91,574.15,593.91,0,0
ANR_MV,D,20211025,000000,598.21,618.84,598.21,618.84,0,0
ANR_MV,D,20211026,000000,618.84,622.28,611.1,618.84,0,0
ANR_MV,D,20211027,000000,620.56,620.56,601.65,605.09,0,0
ANR_MV,D,20211028,000000,598.21,614.54,584.46,614.54,0,0
ANR_MV,D,20211029,000000,613.68,616.26,598.21,601.65,0,0
ANR_MV,D,20211102,000000,609.39,609.39,593.06,601.65,0,0
ANR_MV,D,20211103,000000,600.79,600.79,581.88,598.21,0,0
ANR_MV,D,20211104,000000,590.48,600.79,590.48,593.06,0,0
ANR_MV,D,20211105,000000,586.18,599.07,586.18,595.63,0,0
ANR_MV,D,20211108,000000,601.65,606.2,595.63,606.2,0,0
ANR_MV,D,20211109,000000,603.6,605.34,575.85,593.2,0,0
ANR_MV,D,20211110,000000,589.73,593.2,587.13,588.86,0,0
ANR_MV,D,20211112,000000,589.73,598.4,577.59,577.59,0,0
ANR_MV,D,20211115,000000,575.85,594.06,575.85,577.59,0,0
ANR_MV,D,20211116,000000,584.52,605.34,584.52,599.27,0,0
ANR_MV,D,20211117,000000,605.34,605.34,588.86,603.6,0,0
ANR_MV,D,20211118,000000,603.6,603.6,582.79,598.4,0,0
ANR_MV,D,20211119,000000,593.2,599.27,578.45,594.06,0,0
ANR_MV,D,20211122,000000,579.32,581.05,572.38,581.05,0,0
ANR_MV,D,20211123,000000,577.59,578.45,572.38,574.98,0,0
ANR_MV,D,20211124,000000,574.12,579.32,572.38,574.98,0,0
ANR_MV,D,20211125,000000,580.19,580.19,571.51,572.38,0,0
ANR_MV,D,20211126,000000,563.71,572.38,541.16,572.38,0,0
ANR_MV,D,20211129,000000,557.64,558.51,539.43,553.3,0,0
ANR_MV,D,20211130,000000,552.44,584.52,534.22,572.38,0,0
ANR_MV,D,20211201,000000,572.38,594.93,569.78,593.2,0,0
ANR_MV,D,20211202,000000,594.93,594.93,574.12,580.19,0,0
ANR_MV,D,20211203,000000,589.73,589.73,574.98,585.39,0,0
ANR_MV,D,20211206,000000,586.26,586.26,560.24,579.32,0,0
ANR_MV,D,20211207,000000,579.32,579.32,565.44,574.98,0,0
ANR_MV,D,20211208,000000,581.05,586.26,567.18,586.26,0,0
ANR_MV,D,20211209,000000,584.52,584.52,572.38,579.32,0,0
ANR_MV,D,20211210,000000,572.38,585.39,572.38,585.39,0,0
ANR_MV,D,20211213,000000,586.26,586.26,570.65,580.19,0,0
ANR_MV,D,20211214,000000,572.38,572.38,563.71,566.31,0,0
ANR_MV,D,20211215,000000,566.31,569.78,551.57,568.91,0,0
ANR_MV,D,20211216,000000,567.18,567.18,555.9,559.37,0,0
ANR_MV,D,20211217,000000,565.44,565.44,547.23,554.17,0,0
ANR_MV,D,20211220,000000,546.36,546.36,538.56,541.16,0,0
ANR_MV,D,20211221,000000,540.29,541.16,529.02,535.96,0,0
ANR_MV,D,20211222,000000,546.36,546.36,534.22,542.9,0,0
ANR_MV,D,20211223,000000,540.29,541.16,520.35,532.49,0,0
ANR_MV,D,20211227,000000,529.02,529.02,516.88,520.35,0,0
ANR_MV,D,20211228,000000,520.35,529.02,516.88,516.88,0,0
ANR_MV,D,20211229,000000,520.35,555.04,516.88,555.04,0,0
ANR_MV,D,20211230,000000,546.36,551.57,539.43,539.43,0,0
ANR_MV,D,20220103,000000,539.43,575.85,539.43,572.38,0,0
ANR_MV,D,20220104,000000,572.38,572.38,555.9,569.78,0,0
ANR_MV,D,20220105,000000,579.32,588.86,579.32,582.79,0,0
ANR_MV,D,20220107,000000,597.53,597.53,572.38,577.59,0,0
ANR_MV,D,20220110,000000,585.39,589.73,578.45,588.86,0,0
ANR_MV,D,20220111,000000,588.86,594.93,587.13,594.06,0,0
ANR_MV,D,20220112,000000,596.66,596.66,583.66,587.99,0,0
ANR_MV,D,20220113,000000,587.99,589.73,583.66,587.99,0,0
ANR_MV,D,20220114,000000,586.26,589.73,582.79,589.73,0,0
ANR_MV,D,20220117,000000,589.73,607.07,589.73,605.34,0,0
ANR_MV,D,20220118,000000,605.34,612.28,590.59,594.06,0,0
ANR_MV,D,20220119,000000,591.46,591.46,577.59,587.99,0,0
ANR_MV,D,20220120,000000,588.86,589.73,572.38,580.19,0,0
ANR_MV,D,20220121,000000,581.05,581.05,559.37,560.24,0,0
ANR_MV,D,20220124,000000,564.58,565.44,520.35,522.08,0,0
ANR_MV,D,20220125,000000,522.08,555.04,522.08,546.36,0,0
ANR_MV,D,20220126,000000,553.3,553.3,547.23,552.44,0,0
ANR_MV,D,20220127,000000,552.44,552.44,544.63,548.1,0,0
ANR_MV,D,20220128,000000,551.57,551.57,522.08,529.02,0,0
ANR_MV,D,20220131,000000,537.69,545.5,520.35,524.68,0,0
ANR_MV,D,20220201,000000,527.29,528.15,522.08,528.15,0,0
ANR_MV,D,20220202,000000,532.49,554.17,532.49,549.83,0,0
ANR_MV,D,20220203,000000,549.83,567.18,546.36,546.36,0,0
ANR_MV,D,20220204,000000,546.36,548.1,543.76,543.76,0,0
ANR_MV,D,20220207,000000,547.23,547.23,537.69,543.76,0,0
ANR_MV,D,20220208,000000,543.76,546.36,522.08,537.69,0,0
ANR_MV,D,20220209,000000,537.69,537.69,524.68,534.22,0,0
ANR_MV,D,20220210,000000,535.96,544.63,534.22,542.03,0,0
ANR_MV,D,20220211,000000,544.63,555.04,534.22,551.57,0,0
ANR_MV,D,20220214,000000,547.23,547.23,523.82,535.09,0,0
ANR_MV,D,20220215,000000,535.09,537.69,529.02,535.09,0,0
ANR_MV,D,20220216,000000,535.09,535.09,529.02,534.22,0,0
ANR_MV,D,20220217,000000,530.75,530.75,513.41,513.41,0,0
ANR_MV,D,20220218,000000,513.41,541.16,503,503,0,0
ANR_MV,D,20220221,000000,497.8,511.67,489.99,501.27,0,0
ANR_MV,D,20220222,000000,489.13,503,479.59,503,0,0
ANR_MV,D,20220223,000000,504.74,504.74,476.98,485.66,0,0
ANR_MV,D,20220224,000000,417.14,459.64,414.54,416.28,0,0
ANR_MV,D,20220225,000000,416.28,458.77,405.87,454.44,0,0
ANR_MV,D,20220228,000000,446.63,460.51,418.88,450.97,0,0
ANR_MV,D,20220301,000000,460.51,460.51,434.49,447.5,0,0
ANR_MV,D,20220302,000000,442.3,447.5,424.95,442.3,0,0
ANR_MV,D,20220303,000000,422.35,442.3,422.35,440.56,0,0
ANR_MV,D,20220304,000000,444.03,444.03,418.88,423.22,0,0
ANR_MV,D,20220307,000000,419.75,419.75,389.39,398.93,0,0
ANR_MV,D,20220308,000000,405.87,405.87,391.13,396.33,0,0
ANR_MV,D,20220309,000000,402.4,409.34,390.26,402.4,0,0
ANR_MV,D,20220310,000000,406.74,424.08,406.74,414.54,0,0
ANR_MV,D,20220311,000000,424.95,424.95,411.94,418.88,0,0
ANR_MV,D,20220314,000000,418.88,418.88,404.14,409.34,0,0
ANR_MV,D,20220315,000000,409.34,410.21,398.93,410.21,0,0
ANR_MV,D,20220316,000000,421.48,421.48,402.4,418.01,0,0
ANR_MV,D,20220317,000000,424.95,444.9,418.01,439.69,0,0
ANR_MV,D,20220318,000000,449.23,449.23,437.96,440.56,0,0
ANR_MV,D,20220321,000000,450.1,458.77,448.37,448.37,0,0
ANR_MV,D,20220322,000000,459.64,459.64,444.9,448.37,0,0
ANR_MV,D,20220323,000000,455.3,455.3,437.09,440.56,0,0
ANR_MV,D,20220324,000000,449.23,449.23,438.83,440.56,0,0
ANR_MV,D,20220325,000000,444.03,452.7,440.56,442.3,0,0
ANR_MV,D,20220328,000000,459.64,459.64,449.23,450.97,0,0
ANR_MV,D,20220329,000000,476.98,476.98,450.1,457.91,0,0
ANR_MV,D,20220330,000000,457.91,457.91,442.3,450.97,0,0
ANR_MV,D,20220331,000000,456.17,465.71,456.17,459.64,0,0
ANR_MV,D,20220401,000000,463.11,465.71,454.44,465.71,0,0
ANR_MV,D,20220404,000000,465.71,465.71,453.57,459.64,0,0
ANR_MV,D,20220405,000000,457.91,457.91,448.37,450.1,0,0
ANR_MV,D,20220406,000000,461.37,461.37,446.63,448.37,0,0
ANR_MV,D,20220407,000000,450.97,450.97,435.36,450.1,0,0
ANR_MV,D,20220408,000000,450.97,450.97,436.22,450.97,0,0
ANR_MV,D,20220411,000000,450.97,458.77,445.76,445.76,0,0
ANR_MV,D,20220412,000000,458.77,464.84,445.76,459.64,0,0
ANR_MV,D,20220413,000000,460.51,460.51,450.97,456.17,0,0
ANR_MV,D,20220414,000000,457.91,457.91,426.68,445.76,0,0
ANR_MV,D,20220419,000000,445.76,455.3,440.56,447.5,0,0
ANR_MV,D,20220420,000000,450.97,454.44,447.5,448.37,0,0
ANR_MV,D,20220421,000000,450.97,450.97,443.16,443.16,0,0
ANR_MV,D,20220422,000000,450.1,450.1,428.42,442.3,0,0
ANR_MV,D,20220425,000000,433.62,435.36,428.42,435.36,0,0
ANR_MV,D,20220426,000000,435.36,442.3,435.36,437.09,0,0
ANR_MV,D,20220427,000000,431.89,437.09,420.61,426.68,0,0
ANR_MV,D,20220428,000000,432.76,432.76,416.28,424.95,0,0
ANR_MV,D,20220429,000000,417.14,424.95,407.61,414.54,0,0
ANR_MV,D,20220502,000000,419.75,419.75,409.34,409.34,0,0
ANR_MV,D,20220504,000000,405.87,426.68,405,426.68,0,0
ANR_MV,D,20220505,000000,427.55,450.1,420.61,433.62,0,0
ANR_MV,D,20220506,000000,433.62,433.62,398.93,408.47,0,0
ANR_MV,D,20220509,000000,414.54,414.54,387.66,387.66,0,0
ANR_MV,D,20220510,000000,393.73,405.87,388.53,398.93,0,0
ANR_MV,D,20220511,000000,406.74,406.74,385.92,391.99,0,0
ANR_MV,D,20220512,000000,391.13,391.13,381.59,385.92,0,0
ANR_MV,D,20220513,000000,390.26,398.93,390.26,398.93,0,0
ANR_MV,D,20220516,000000,408.47,408.47,393.73,403.27,0,0
ANR_MV,D,20220517,000000,421.48,421.48,406.74,413.68,0,0
ANR_MV,D,20220518,000000,423.22,423.22,415.41,415.41,0,0
ANR_MV,D,20220519,000000,376.38,376.38,348.63,348.63,0,0
ANR_MV,D,20220520,000000,359.04,359.04,348.63,358.17,0,0
ANR_MV,D,20220523,000000,362.51,362.51,341.69,343.43,0,0
ANR_MV,D,20220524,000000,344.82,344.82,327.47,334.06,0,0
ANR_MV,D,20220525,000000,334.06,335.45,330.94,335.45,0,0
ANR_MV,D,20220526,000000,333.37,335.45,329.9,335.45,0,0
ANR_MV,D,20220527,000000,338.23,343.43,334.76,343.43,0,0
ANR_MV,D,20220530,000000,345.16,345.16,334.76,341.35,0,0
ANR_MV,D,20220531,000000,336.84,349.5,336.49,349.5,0,0
ANR_MV,D,20220601,000000,351.23,352.1,343.43,346.2,0,0
ANR_MV,D,20220602,000000,346.2,346.2,343.43,346.2,0,0
ANR_MV,D,20220603,000000,344.12,348.63,342.04,348.63,0,0
ANR_MV,D,20220606,000000,350.37,351.23,343.78,346.9,0,0
ANR_MV,D,20220607,000000,345.86,347.77,345.86,346.9,0,0
ANR_MV,D,20220608,000000,347.77,347.77,338.23,342.04,0,0
ANR_MV,D,20220609,000000,346.2,346.2,324.35,329.55,0,0
ANR_MV,D,20220610,000000,331.29,331.29,325.04,327.12,0,0
ANR_MV,D,20220613,000000,327.82,327.82,302.5,302.5,0,0
ANR_MV,D,20220614,000000,303.54,305.27,277.52,278.56,0,0
ANR_MV,D,20220615,000000,284.46,299.72,282.72,296.6,0,0
ANR_MV,D,20220617,000000,299.37,302.84,283.07,283.07,0,0
ANR_MV,D,20220620,000000,294.86,294.86,286.19,294.17,0,0
ANR_MV,D,20220621,000000,297.29,302.84,292.09,292.09,0,0
ANR_MV,D,20220622,000000,294.52,294.86,279.25,292.09,0,0
ANR_MV,D,20220623,000000,292.09,302.5,292.09,297.99,0,0
ANR_MV,D,20220624,000000,301.45,301.45,289.66,289.66,0,0
ANR_MV,D,20220627,000000,297.64,297.64,286.19,288.62,0,0
ANR_MV,D,20220628,000000,296.94,296.94,284.8,284.8,0,0
ANR_MV,D,20220629,000000,284.8,284.8,277.52,284.11,0,0
ANR_MV,D,20220630,000000,284.11,284.11,275.78,277.52,0,0
ANR_MV,D,20220701,000000,279.25,291.74,279.25,283.07,0,0
ANR_MV,D,20220704,000000,285.84,290.35,285.15,286.19,0,0
ANR_MV,D,20220705,000000,293.48,300.07,287.93,294.86,0,0
ANR_MV,D,20220706,000000,306.66,331.29,306.66,330.59,0,0
ANR_MV,D,20220707,000000,336.49,336.49,324.35,326.08,0,0
ANR_MV,D,20220708,000000,329.55,329.55,312.21,326.43,0,0
ANR_MV,D,20220711,000000,327.82,343.43,327.82,330.94,0,0
ANR_MV,D,20220712,000000,331.29,331.29,324.35,324.35,0,0
ANR_MV,D,20220713,000000,331.29,331.29,312.56,312.56,0,0
ANR_MV,D,20220714,000000,312.56,318.11,307.7,309.09,0,0
ANR_MV,D,20220715,000000,312.21,320.88,307.7,320.88,0,0
ANR_MV,D,20220718,000000,319.15,319.15,303.88,319.15,0,0
ANR_MV,D,20220719,000000,319.15,319.15,305.27,316.72,0,0
ANR_MV,D,20220720,000000,316.37,316.72,311.86,314.29,0,0
ANR_MV,D,20220721,000000,312.21,320.53,312.21,320.53,0,0
ANR_MV,D,20220722,000000,320.88,320.88,312.21,320.53,0,0
ANR_MV,D,20220725,000000,322.62,322.62,317.41,319.15,0,0
ANR_MV,D,20220726,000000,319.15,320.53,315.68,320.53,0,0
ANR_MV,D,20220727,000000,319.15,319.15,309.09,314.29,0,0
ANR_MV,D,20220728,000000,314.64,318.11,314.64,317.41,0,0
ANR_MV,D,20220729,000000,317.76,319.15,317.41,319.15,0,0
ANR_MV,D,20220801,000000,318.11,320.88,317.06,320.19,0,0
ANR_MV,D,20220802,000000,320.88,321.92,317.41,318.11,0,0
ANR_MV,D,20220803,000000,320.88,320.88,313.6,313.94,0,0
ANR_MV,D,20220804,000000,317.41,324.35,316.37,322.62,0,0
ANR_MV,D,20220805,000000,320.53,320.88,315.68,315.68,0,0
ANR_MV,D,20220808,000000,319.15,328.51,316.02,316.02,0,0
ANR_MV,D,20220809,000000,317.41,327.82,314.64,317.06,0,0
ANR_MV,D,20220810,000000,320.88,320.88,317.06,317.41,0,0
ANR_MV,D,20220811,000000,319.15,319.15,316.72,319.15,0,0
ANR_MV,D,20220812,000000,319.15,319.15,316.02,316.02,0,0
ANR_MV,D,20220816,000000,319.15,319.15,315.33,315.68,0,0
ANR_MV,D,20220817,000000,315.68,327.12,315.68,319.84,0,0
ANR_MV,D,20220818,000000,320.53,340.65,320.53,327.82,0,0
ANR_MV,D,20220819,000000,327.82,327.82,320.88,321.57,0,0
ANR_MV,D,20220822,000000,317.41,321.92,309.78,312.21,0,0
ANR_MV,D,20220823,000000,308.74,312.21,300.07,303.54,0,0
ANR_MV,D,20220824,000000,303.54,308.05,300.41,303.88,0,0
ANR_MV,D,20220825,000000,303.88,303.88,294.86,303.19,0,0
ANR_MV,D,20220826,000000,300.07,303.19,297.29,302.15,0,0
ANR_MV,D,20220829,000000,301.45,301.45,293.48,294.86,0,0
ANR_MV,D,20220830,000000,299.37,303.19,282.03,294.52,0,0
ANR_MV,D,20220831,000000,286.19,295.56,286.19,290.01,0,0
ANR_MV,D,20220901,000000,296.25,301.8,290.01,301.8,0,0
ANR_MV,D,20220902,000000,300.07,310.47,297.29,310.47,0,0
ANR_MV,D,20220905,000000,312.21,312.21,301.45,310.47,0,0
ANR_MV,D,20220906,000000,310.13,310.47,302.84,302.84,0,0
ANR_MV,D,20220907,000000,307,307.7,303.88,307,0,0
ANR_MV,D,20220908,000000,308.74,310.47,305.62,307,0,0
ANR_MV,D,20220909,000000,311.17,315.33,308.74,313.6,0,0
ANR_MV,D,20220912,000000,317.06,335.8,312.56,333.02,0,0
ANR_MV,D,20220913,000000,346.9,346.9,327.82,327.82,0,0
ANR_MV,D,20220914,000000,332.33,343.43,317.41,321.23,0,0
ANR_MV,D,20220915,000000,327.47,327.47,319.49,321.23,0,0
ANR_MV,D,20220916,000000,319.49,322.96,318.45,319.15,0,0
ANR_MV,D,20220919,000000,322.27,322.27,309.09,317.41,0,0
ANR_MV,D,20220920,000000,317.41,317.41,305.27,308.74,0,0
ANR_MV,D,20220921,000000,307.7,314.98,307,312.21,0,0
ANR_MV,D,20220922,000000,308.74,318.8,308.74,316.37,0,0
ANR_MV,D,20220923,000000,319.15,319.15,307.35,311.86,0,0
ANR_MV,D,20220926,000000,310.47,310.47,294.86,306.66,0,0
ANR_MV,D,20220927,000000,310.13,310.13,301.8,307.7,0,0
ANR_MV,D,20220928,000000,306.66,306.66,296.6,305.27,0,0
ANR_MV,D,20220929,000000,305.27,306.31,297.99,303.54,0,0
ANR_MV,D,20220930,000000,305.27,305.27,295.21,305.27,0,0
ANR_MV,D,20221003,000000,304.58,324,303.54,320.88,0,0
ANR_MV,D,20221004,000000,320.88,324.35,313.94,322.96,0,0
ANR_MV,D,20221005,000000,322.96,322.96,312.56,319.49,0,0
ANR_MV,D,20221006,000000,327.82,343.43,327.82,340.65,0,0
ANR_MV,D,20221007,000000,339.96,357.31,335.45,346.9,0,0
ANR_MV,D,20221010,000000,346.9,346.9,335.45,344.82,0,0
ANR_MV,D,20221011,000000,346.2,346.2,334.76,341.69,0,0
ANR_MV,D,20221012,000000,341.69,345.16,335.45,340.31,0,0
ANR_MV,D,20221013,000000,340.65,348.63,340.65,341.35,0,0
ANR_MV,D,20221014,000000,337.53,349.88,337.53,349.88,0,0
ANR_MV,D,20221017,000000,351.63,353.38,342.88,349.88,0,0
ANR_MV,D,20221018,000000,351.63,351.63,344.28,349.88,0,0
ANR_MV,D,20221019,000000,349.18,349.18,341.83,341.83,0,0
ANR_MV,D,20221020,000000,341.83,348.83,341.48,348.83,0,0
ANR_MV,D,20221021,000000,348.83,348.83,342.18,344.63,0,0
ANR_MV,D,20221024,000000,347.78,347.78,337.64,346.38,0,0
ANR_MV,D,20221025,000000,347.78,347.78,342.53,344.28,0,0
ANR_MV,D,20221026,000000,344.63,344.63,339.73,344.28,0,0
ANR_MV,D,20221027,000000,338.68,344.28,335.89,339.38,0,0
ANR_MV,D,20221028,000000,336.94,346.38,336.94,344.63,0,0
ANR_MV,D,20221031,000000,344.63,344.63,342.88,343.93,0,0
ANR_MV,D,20221102,000000,342.88,366.5,341.13,366.5,0,0
ANR_MV,D,20221103,000000,366.5,376.12,359.5,372.62,0,0
ANR_MV,D,20221104,000000,368.25,375.25,363.88,372.62,0,0
ANR_MV,D,20221107,000000,373.5,389.24,373.5,378.75,0,0
ANR_MV,D,20221108,000000,376.12,387.49,375.25,387.49,0,0
ANR_MV,D,20221109,000000,391.87,394.49,380.5,384.87,0,0
ANR_MV,D,20221110,000000,380.5,393.62,379.62,383.12,0,0
ANR_MV,D,20221114,000000,384.87,397.12,383.12,397.12,0,0
ANR_MV,D,20221115,000000,397.99,409.36,391.87,409.36,0,0
ANR_MV,D,20221116,000000,402.36,419.86,402.36,418.98,0,0
ANR_MV,D,20221117,000000,419.86,419.86,411.98,417.23,0,0
ANR_MV,D,20221118,000000,402.36,413.73,390.12,407.61,0,0
ANR_MV,D,20221121,000000,418.11,418.11,407.61,410.24,0,0
ANR_MV,D,20221122,000000,416.36,416.36,404.99,411.11,0,0
ANR_MV,D,20221123,000000,414.61,414.61,400.61,400.61,0,0
ANR_MV,D,20221124,000000,398.86,401.49,396.24,398.86,0,0
ANR_MV,D,20221125,000000,404.99,404.99,390.12,399.74,0,0
ANR_MV,D,20221128,000000,399.74,414.61,398.86,400.61,0,0
ANR_MV,D,20221129,000000,400.61,404.11,399.74,404.11,0,0
ANR_MV,D,20221130,000000,400.61,406.74,400.61,405.86,0,0
ANR_MV,D,20221201,000000,405.86,413.73,404.11,404.11,0,0
ANR_MV,D,20221202,000000,413.73,413.73,403.24,412.86,0,0
ANR_MV,D,20221205,000000,408.49,422.48,407.61,418.98,0,0
ANR_MV,D,20221206,000000,418.98,421.61,412.86,418.98,0,0
ANR_MV,D,20221207,000000,416.36,419.86,414.61,419.86,0,0
ANR_MV,D,20221208,000000,419.86,419.86,412.86,419.86,0,0
ANR_MV,D,20221209,000000,420.73,420.73,412.86,417.23,0,0
ANR_MV,D,20221212,000000,418.11,420.73,416.36,418.11,0,0
ANR_MV,D,20221213,000000,421.61,422.48,409.36,421.61,0,0
ANR_MV,D,20221214,000000,420.73,427.73,418.98,419.86,0,0
ANR_MV,D,20221215,000000,419.86,419.86,411.98,416.36,0,0
ANR_MV,D,20221216,000000,416.36,416.36,410.24,413.73,0,0
ANR_MV,D,20221219,000000,414.61,421.61,414.61,421.61,0,0
ANR_MV,D,20221220,000000,416.36,449.6,416.36,445.22,0,0
ANR_MV,D,20221221,000000,454.85,463.59,445.22,459.22,0,0
ANR_MV,D,20221222,000000,460.09,463.59,453.1,455.72,0,0
ANR_MV,D,20221223,000000,455.72,481.96,455.72,479.34,0,0
ANR_MV,D,20221227,000000,461.84,467.97,458.34,461.84,0,0
ANR_MV,D,20221228,000000,465.34,465.34,449.6,452.22,0,0
ANR_MV,D,20221229,000000,474.96,479.34,452.22,465.34,0,0
ANR_MV,D,20221230,000000,467.09,479.34,467.09,467.97,0,0
ANR_MV,D,20230102,000000,474.96,477.59,461.84,472.34,0,0
ANR_MV,D,20230103,000000,478.46,479.34,465.34,470.59,0,0
ANR_MV,D,20230104,000000,470.59,476.71,470.59,475.84,0,0
ANR_MV,D,20230105,000000,477.59,498.58,477.59,496.83,0,0
ANR_MV,D,20230109,000000,498.58,505.58,496.83,496.83,0,0
ANR_MV,D,20230110,000000,498.58,498.58,482.84,492.46,0,0
ANR_MV,D,20230111,000000,493.33,498.58,482.84,484.59,0,0
ANR_MV,D,20230112,000000,484.59,496.83,481.96,489.83,0,0
ANR_MV,D,20230113,000000,483.71,497.71,481.96,483.71,0,0
ANR_MV,D,20230116,000000,489.83,489.83,473.21,484.59,0,0
ANR_MV,D,20230117,000000,494.21,495.08,485.46,493.33,0,0
ANR_MV,D,20230118,000000,493.33,522.2,493.33,517.82,0,0
ANR_MV,D,20230119,000000,517.82,520.45,499.46,507.33,0,0
ANR_MV,D,20230120,000000,507.33,517.82,507.33,511.7,0,0
ANR_MV,D,20230123,000000,515.2,524.82,509.08,520.45,0,0
ANR_MV,D,20230124,000000,517.82,531.82,507.33,516.07,0,0
ANR_MV,D,20230125,000000,516.07,518.7,507.33,513.45,0,0
ANR_MV,D,20230126,000000,509.08,517.82,507.33,512.58,0,0
ANR_MV,D,20230127,000000,512.58,522.2,512.58,513.45,0,0
ANR_MV,D,20230130,000000,513.45,523.07,513.45,521.32,0,0
ANR_MV,D,20230131,000000,523.07,524.82,508.2,509.08,0,0
ANR_MV,D,20230201,000000,509.08,520.45,507.33,507.33,0,0
ANR_MV,D,20230202,000000,512.58,520.45,501.2,505.58,0,0
ANR_MV,D,20230203,000000,507.33,509.95,486.33,503.83,0,0
ANR_MV,D,20230206,000000,489.83,503.83,481.09,489.83,0,0
ANR_MV,D,20230207,000000,492.46,497.71,490.71,496.83,0,0
ANR_MV,D,20230208,000000,497.71,508.2,497.71,505.58,0,0
ANR_MV,D,20230209,000000,501.2,511.7,498.58,509.95,0,0
ANR_MV,D,20230210,000000,516.07,523.95,501.2,501.2,0,0
ANR_MV,D,20230213,000000,508.2,523.95,477.59,507.33,0,0
ANR_MV,D,20230214,000000,507.33,509.08,495.96,507.33,0,0
ANR_MV,D,20230215,000000,511.7,511.7,496.83,507.33,0,0
ANR_MV,D,20230216,000000,505.58,507.33,495.08,503.83,0,0
ANR_MV,D,20230217,000000,503.83,503.83,489.83,496.83,0,0
ANR_MV,D,20230220,000000,496.83,500.33,489.83,499.46,0,0
ANR_MV,D,20230221,000000,489.83,495.08,484.59,495.08,0,0
ANR_MV,D,20230222,000000,495.96,495.96,472.34,481.96,0,0
ANR_MV,D,20230223,000000,476.71,486.33,476.71,481.96,0,0
ANR_MV,D,20230224,000000,482.84,495.08,476.71,486.33,0,0
ANR_MV,D,20230227,000000,496.83,499.46,478.46,499.46,0,0
ANR_MV,D,20230228,000000,498.58,498.58,484.59,484.59,0,0
ANR_MV,D,20230301,000000,481.96,496.83,474.96,482.84,0,0
ANR_MV,D,20230302,000000,475.84,487.21,475.84,481.96,0,0
ANR_MV,D,20230303,000000,481.96,481.96,479.34,481.09,0,0
ANR_MV,D,20230306,000000,481.09,489.83,477.59,481.96,0,0
ANR_MV,D,20230307,000000,482.84,488.96,480.21,485.46,0,0
ANR_MV,D,20230308,000000,485.46,489.83,479.34,489.83,0,0
ANR_MV,D,20230309,000000,489.83,495.08,480.21,480.21,0,0
ANR_MV,D,20230310,000000,481.09,494.21,480.21,492.46,0,0
ANR_MV,D,20230313,000000,481.09,488.96,477.59,488.08,0,0
ANR_MV,D,20230314,000000,481.09,505.58,479.34,505.58,0,0
ANR_MV,D,20230315,000000,505.58,505.58,483.71,483.71,0,0
ANR_MV,D,20230316,000000,482.84,488.08,475.84,488.08,0,0
ANR_MV,D,20230317,000000,488.08,498.58,486.33,498.58,0,0
ANR_MV,D,20230320,000000,490.71,505.58,490.71,505.58,0,0
ANR_MV,D,20230321,000000,516.95,517.82,498.58,514.33,0,0
ANR_MV,D,20230322,000000,514.33,514.33,503.83,507.33,0,0
ANR_MV,D,20230323,000000,507.33,507.33,503.83,503.83,0,0
ANR_MV,D,20230324,000000,503.83,509.08,503.83,507.33,0,0
ANR_MV,D,20230327,000000,507.33,524.82,507.33,523.95,0,0
ANR_MV,D,20230328,000000,524.82,546.69,524.82,542.32,0,0
ANR_MV,D,20230329,000000,544.07,557.19,539.69,550.19,0,0
ANR_MV,D,20230330,000000,551.06,551.06,517.82,536.19,0,0
ANR_MV,D,20230331,000000,531.82,537.94,527.45,531.82,0,0
ANR_MV,D,20230403,000000,531.82,559.81,526.57,558.94,0,0
ANR_MV,D,20230404,000000,559.81,586.05,558.06,586.05,0,0
ANR_MV,D,20230405,000000,593.92,619.29,587.8,615.79,0,0
ANR_MV,D,20230406,000000,617.54,624.54,605.29,611.42,0,0
ANR_MV,D,20230411,000000,611.42,611.42,586.05,602.67,0,0
ANR_MV,D,20230412,000000,605.29,609.67,586.05,594.8,0,0
ANR_MV,D,20230413,000000,589.55,597.42,586.93,593.05,0,0
ANR_MV,D,20230414,000000,593.05,593.92,579.93,593.05,0,0
ANR_MV,D,20230417,000000,598.3,599.17,586.93,593.92,0,0
ANR_MV,D,20230418,000000,594.8,598.3,584.3,592.17,0,0
ANR_MV,D,20230419,000000,591.3,608.79,586.05,607.92,0,0
ANR_MV,D,20230420,000000,593.05,626.29,593.05,621.04,0,0
ANR_MV,D,20230421,000000,612.29,621.04,607.04,621.04,0,0
ANR_MV,D,20230424,000000,612.29,647.28,612.29,621.04,0,0
ANR_MV,D,20230425,000000,621.04,624.54,601.8,612.29,0,0
ANR_MV,D,20230426,000000,601.8,621.04,596.55,598.3,0,0
ANR_MV,D,20230427,000000,596.55,619.29,580.8,608.79,0,0
ANR_MV,D,20230428,000000,608.79,622.79,607.04,621.04,0,0
ANR_MV,D,20230502,000000,621.04,621.04,601.8,607.04,0,0
ANR_MV,D,20230504,000000,607.04,615.79,607.04,610.54,0,0
ANR_MV,D,20230505,000000,610.54,610.54,596.55,600.05,0,0
ANR_MV,D,20230508,000000,603.54,633.28,603.54,612.29,0,0
ANR_MV,D,20230509,000000,612.29,640.28,612.29,626.29,0,0
ANR_MV,D,20230510,000000,633.28,636.78,621.04,621.04,0,0
ANR_MV,D,20230511,000000,621.04,636.78,621.04,633.28,0,0
ANR_MV,D,20230512,000000,628.04,631.54,610.54,619.29,0,0
ANR_MV,D,20230515,000000,622.79,629.79,619.29,622.79,0,0
ANR_MV,D,20230516,000000,622.79,626.29,622.79,626.29,0,0
ANR_MV,D,20230517,000000,624.54,629.79,621.04,621.04,0,0
ANR_MV,D,20230518,000000,622.79,638.53,622.79,628.04,0,0
ANR_MV,D,20230519,000000,633.28,645.53,629.79,645.53,0,0
ANR_MV,D,20230522,000000,647.28,652.53,645.53,649.03,0,0
ANR_MV,D,20230523,000000,649.03,657.78,645.53,649.03,0,0
ANR_MV,D,20230524,000000,645.53,645.53,601.8,626.29,0,0
ANR_MV,D,20230525,000000,612.29,657.78,612.29,652.53,0,0
ANR_MV,D,20230526,000000,654.28,656.03,647.28,649.03,0,0
ANR_MV,D,20230529,000000,647.28,656.03,647.28,650.78,0,0
ANR_MV,D,20230530,000000,647.28,656.03,647.28,654.28,0,0
ANR_MV,D,20230531,000000,649.03,649.03,633.28,633.28,0,0
ANR_MV,D,20230601,000000,640.28,640.28,591.3,594.8,0,0
ANR_MV,D,20230602,000000,603.54,624.54,596.55,605.29,0,0
ANR_MV,D,20230605,000000,624.54,624.54,601.8,607.04,0,0
ANR_MV,D,20230606,000000,610.54,612.29,589.55,593.05,0,0
ANR_MV,D,20230607,000000,596.55,612.29,596.55,600.05,0,0
ANR_MV,D,20230609,000000,605.29,607.04,600.05,603.54,0,0
ANR_MV,D,20230612,000000,603.54,607.04,601.8,607.04,0,0
ANR_MV,D,20230613,000000,605.29,612.29,603.54,605.29,0,0
ANR_MV,D,20230614,000000,605.29,612.29,600.05,612.05,0,0
ANR_MV,D,20230615,000000,612.05,624.54,612.05,615.62,0,0
ANR_MV,D,20230616,000000,615.62,620.97,612.05,613.84,0,0
ANR_MV,D,20230619,000000,613.84,624.54,612.05,624.54,0,0
ANR_MV,D,20230620,000000,624.54,624.54,613.84,622.76,0,0
ANR_MV,D,20230621,000000,612.05,620.97,612.05,620.97,0,0
ANR_MV,D,20230622,000000,617.4,619.19,613.84,617.4,0,0
ANR_MV,D,20230623,000000,617.4,617.4,603.13,604.91,0,0
ANR_MV,D,20230626,000000,604.91,604.91,567.44,571.01,0,0
ANR_MV,D,20230627,000000,567.44,567.44,553.17,562.09,0,0
ANR_MV,D,20230628,000000,563.87,583.5,563.87,571.01,0,0
ANR_MV,D,20230629,000000,572.79,588.85,571.01,588.85,0,0
ANR_MV,D,20230630,000000,576.36,590.64,576.36,590.64,0,0
ANR_MV,D,20230703,000000,588.85,595.99,588.85,594.21,0,0
ANR_MV,D,20230704,000000,595.99,629.9,595.99,622.76,0,0
ANR_MV,D,20230705,000000,620.97,631.68,613.84,622.76,0,0
ANR_MV,D,20230706,000000,635.25,663.8,635.25,653.09,0,0
ANR_MV,D,20230707,000000,660.23,660.23,649.52,656.66,0,0
ANR_MV,D,20230710,000000,658.45,660.23,629.9,635.25,0,0
ANR_MV,D,20230711,000000,642.39,644.17,637.03,644.17,0,0
ANR_MV,D,20230712,000000,644.17,651.31,640.6,649.52,0,0
ANR_MV,D,20230713,000000,645.95,658.45,640.6,658.45,0,0
ANR_MV,D,20230714,000000,658.45,658.45,642.39,656.66,0,0
ANR_MV,D,20230717,000000,658.45,658.45,644.17,645.95,0,0
ANR_MV,D,20230718,000000,644.17,654.88,644.17,651.31,0,0
ANR_MV,D,20230719,000000,651.31,658.45,651.31,653.09,0,0
ANR_MV,D,20230720,000000,654.88,681.64,653.09,676.29,0,0
ANR_MV,D,20230721,000000,674.51,676.29,665.58,674.51,0,0
ANR_MV,D,20230724,000000,669.15,685.08,669.15,685.08,0,0
ANR_MV,D,20230725,000000,690.48,690.48,652.72,665.3,0,0
ANR_MV,D,20230726,000000,668.9,668.9,659.91,659.91,0,0
ANR_MV,D,20230727,000000,663.5,665.3,656.31,663.5,0,0
ANR_MV,D,20230728,000000,658.11,658.11,640.13,645.52,0,0
ANR_MV,D,20230731,000000,645.52,658.11,627.54,632.94,0,0
ANR_MV,D,20230801,000000,632.94,649.12,632.94,645.52,0,0
ANR_MV,D,20230802,000000,645.52,645.52,625.74,636.53,0,0
ANR_MV,D,20230803,000000,631.14,665.3,629.34,652.72,0,0
ANR_MV,D,20230804,000000,652.72,672.5,652.72,661.71,0,0
ANR_MV,D,20230807,000000,661.71,665.3,647.32,656.31,0,0
ANR_MV,D,20230808,000000,663.5,663.5,652.72,656.31,0,0
ANR_MV,D,20230809,000000,665.3,665.3,634.73,652.72,0,0
ANR_MV,D,20230810,000000,652.72,661.71,649.12,654.51,0,0
ANR_MV,D,20230811,000000,654.51,665.3,654.51,654.51,0,0
ANR_MV,D,20230814,000000,654.51,661.71,654.51,654.51,0,0
ANR_MV,D,20230816,000000,656.31,661.71,631.14,645.52,0,0
ANR_MV,D,20230817,000000,654.51,656.31,643.73,643.73,0,0
ANR_MV,D,20230818,000000,645.52,645.52,632.94,640.13,0,0
ANR_MV,D,20230821,000000,643.73,667.1,631.14,659.91,0,0
ANR_MV,D,20230822,000000,665.3,665.3,634.73,656.31,0,0
ANR_MV,D,20230823,000000,661.71,661.71,647.32,647.32,0,0
ANR_MV,D,20230824,000000,661.71,661.71,636.53,647.32,0,0
ANR_MV,D,20230825,000000,652.72,656.31,645.52,649.12,0,0
ANR_MV,D,20230828,000000,661.71,661.71,649.12,652.72,0,0
ANR_MV,D,20230829,000000,656.31,656.31,641.93,641.93,0,0
ANR_MV,D,20230830,000000,643.73,643.73,636.53,640.13,0,0
ANR_MV,D,20230831,000000,640.13,640.13,634.73,636.53,0,0
ANR_MV,D,20230901,000000,632.94,634.73,629.34,632.94,0,0
ANR_MV,D,20230904,000000,632.94,634.73,627.54,627.54,0,0
ANR_MV,D,20230905,000000,627.54,636.53,625.74,629.34,0,0
ANR_MV,D,20230906,000000,627.54,631.14,620.35,629.34,0,0
ANR_MV,D,20230907,000000,629.34,641.93,622.15,623.95,0,0
ANR_MV,D,20230908,000000,627.54,647.32,627.54,634.73,0,0
ANR_MV,D,20230911,000000,636.53,641.93,627.54,627.54,0,0
ANR_MV,D,20230912,000000,629.34,641.93,623.95,641.93,0,0
ANR_MV,D,20230913,000000,645.52,656.31,640.13,654.51,0,0
ANR_MV,D,20230914,000000,652.72,665.3,649.12,658.11,0,0
ANR_MV,D,20230915,000000,658.11,658.11,636.53,643.73,0,0
ANR_MV,D,20230918,000000,643.73,649.12,625.74,643.73,0,0
ANR_MV,D,20230919,000000,623.95,631.14,602.37,602.37,0,0
ANR_MV,D,20230920,000000,600.57,609.56,571.8,593.38,0,0
ANR_MV,D,20230921,000000,593.38,598.77,589.78,589.78,0,0
ANR_MV,D,20230922,000000,589.78,589.78,571.8,573.6,0,0
ANR_MV,D,20230925,000000,573.6,575.4,570,575.4,0,0
ANR_MV,D,20230926,000000,575.4,575.4,568.2,575.4,0,0
ANR_MV,D,20230927,000000,593.38,593.38,534.04,535.84,0,0
ANR_MV,D,20230928,000000,535.84,535.84,512.46,526.85,0,0
ANR_MV,D,20230929,000000,532.24,553.82,532.24,548.43,0,0
ANR_MV,D,20231002,000000,546.63,559.21,534.04,539.43,0,0
ANR_MV,D,20231003,000000,539.43,553.82,521.45,526.85,0,0
ANR_MV,D,20231004,000000,507.07,543.03,485.49,535.84,0,0
ANR_MV,D,20231005,000000,535.84,548.43,530.44,530.44,0,0
ANR_MV,D,20231006,000000,537.64,550.22,532.24,535.84,0,0
ANR_MV,D,20231009,000000,543.03,543.03,523.25,526.85,0,0
ANR_MV,D,20231010,000000,523.25,539.43,523.25,539.43,0,0
ANR_MV,D,20231011,000000,539.43,548.43,534.04,534.04,0,0
ANR_MV,D,20231012,000000,535.84,544.83,532.24,539.43,0,0
ANR_MV,D,20231013,000000,539.43,544.83,535.84,541.23,0,0
ANR_MV,D,20231016,000000,546.63,553.82,537.64,544.83,0,0
ANR_MV,D,20231017,000000,544.83,544.83,519.66,535.84,0,0
ANR_MV,D,20231018,000000,525.05,550.22,525.05,528.65,0,0
ANR_MV,D,20231019,000000,530.44,550.22,530.44,534.04,0,0
ANR_MV,D,20231020,000000,535.84,541.23,516.06,530.44,0,0
ANR_MV,D,20231023,000000,526.85,528.65,521.45,528.65,0,0
ANR_MV,D,20231024,000000,528.65,532.24,528.65,528.65,0,0
ANR_MV,D,20231025,000000,530.44,530.44,519.66,526.85,0,0
ANR_MV,D,20231026,000000,526.85,544.83,525.05,526.85,0,0
ANR_MV,D,20231027,000000,535.84,548.43,532.24,532.24,0,0
ANR_MV,D,20231030,000000,534.04,539.43,526.85,534.04,0,0
ANR_MV,D,20231031,000000,534.04,537.64,526.85,528.65,0,0
ANR_MV,D,20231102,000000,530.44,539.43,528.65,530.44,0,0
ANR_MV,D,20231103,000000,528.65,530.44,516.06,521.45,0,0
ANR_MV,D,20231106,000000,521.45,532.24,521.45,528.65,0,0
ANR_MV,D,20231107,000000,525.05,528.65,521.45,525.05,0,0
ANR_MV,D,20231108,000000,525.05,526.85,519.66,519.66,0,0
ANR_MV,D,20231109,000000,519.66,526.85,519.66,523.25,0,0
ANR_MV,D,20231110,000000,523.25,523.25,516.06,521.45,0,0
ANR_MV,D,20231113,000000,517.86,521.45,512.46,521.45,0,0
ANR_MV,D,20231114,000000,521.45,521.45,517.86,521.45,0,0
ANR_MV,D,20231115,000000,519.66,521.45,514.26,519.66,0,0
ANR_MV,D,20231116,000000,519.66,521.45,519.66,519.66,0,0
ANR_MV,D,20231117,000000,521.45,523.25,517.86,521.45,0,0
ANR_MV,D,20231120,000000,526.85,526.85,519.66,521.45,0,0
ANR_MV,D,20231121,000000,521.45,580.82,521.45,580.82,0,0
ANR_MV,D,20231122,000000,580.82,603.6,580.82,588.42,0,0
ANR_MV,D,20231123,000000,588.42,599.8,584.62,588.42,0,0
ANR_MV,D,20231124,000000,588.42,588.42,569.43,577.03,0,0
ANR_MV,D,20231127,000000,577.03,577.03,565.64,575.13,0,0
ANR_MV,D,20231128,000000,577.03,584.62,561.84,577.03,0,0
ANR_MV,D,20231129,000000,542.86,550.45,533.37,539.06,0,0
ANR_MV,D,20231130,000000,539.06,544.76,531.47,537.17,0,0
ANR_MV,D,20231201,000000,535.27,542.86,535.27,539.06,0,0
ANR_MV,D,20231204,000000,539.06,542.86,537.17,539.06,0,0
ANR_MV,D,20231205,000000,539.06,554.25,539.06,554.25,0,0
ANR_MV,D,20231206,000000,550.45,599.8,544.76,588.42,0,0
ANR_MV,D,20231207,000000,588.42,601.7,588.42,597.91,0,0
ANR_MV,D,20231208,000000,597.91,603.6,594.11,594.11,0,0
ANR_MV,D,20231211,000000,594.11,607.4,594.11,599.8,0,0
ANR_MV,D,20231212,000000,601.7,603.6,594.11,597.91,0,0
ANR_MV,D,20231213,000000,594.11,597.91,569.43,575.13,0,0
ANR_MV,D,20231214,000000,575.13,596.01,575.13,588.42,0,0
ANR_MV,D,20231215,000000,590.31,603.6,578.93,592.21,0,0
ANR_MV,D,20231218,000000,586.52,586.52,569.43,569.43,0,0
ANR_MV,D,20231219,000000,569.43,569.43,550.45,563.74,0,0
ANR_MV,D,20231220,000000,559.94,559.94,554.25,559.94,0,0
ANR_MV,D,20231221,000000,559.94,559.94,554.25,559.94,0,0
ANR_MV,D,20231222,000000,556.15,559.94,552.35,558.05,0,0
ANR_MV,D,20231227,000000,552.35,554.25,540.96,546.66,0,0
ANR_MV,D,20231228,000000,548.56,558.05,540.96,558.05,0,0
ANR_MV,D,20231229,000000,559.94,565.64,556.15,565.64,0,0
ANR_MV,D,20240102,000000,571.33,578.93,561.84,565.64,0,0
ANR_MV,D,20240103,000000,565.64,569.43,550.45,554.25,0,0
ANR_MV,D,20240104,000000,554.25,559.94,550.45,556.15,0,0
ANR_MV,D,20240105,000000,565.64,586.52,565.64,577.03,0,0
ANR_MV,D,20240108,000000,571.33,578.93,571.33,575.13,0,0
ANR_MV,D,20240109,000000,584.62,584.62,571.33,580.82,0,0
ANR_MV,D,20240110,000000,580.82,584.62,573.23,573.23,0,0
ANR_MV,D,20240111,000000,577.03,590.31,577.03,588.42,0,0
ANR_MV,D,20240112,000000,588.42,597.91,586.52,596.01,0,0
ANR_MV,D,20240115,000000,597.91,597.91,588.42,590.31,0,0
ANR_MV,D,20240116,000000,596.01,596.01,582.72,588.42,0,0
ANR_MV,D,20240117,000000,597.91,597.91,577.03,578.93,0,0
ANR_MV,D,20240118,000000,578.93,597.91,575.13,586.52,0,0
ANR_MV,D,20240119,000000,596.01,622.58,596.01,618.79,0,0
ANR_MV,D,20240122,000000,618.79,618.79,607.4,607.4,0,0
ANR_MV,D,20240123,000000,609.3,613.09,597.91,603.6,0,0
ANR_MV,D,20240124,000000,607.4,626.38,599.8,626.38,0,0
ANR_MV,D,20240125,000000,618.79,622.58,613.09,614.99,0,0
ANR_MV,D,20240126,000000,620.68,620.68,607.4,614.99,0,0
ANR_MV,D,20240129,000000,614.99,614.99,607.4,607.4,0,0
ANR_MV,D,20240130,000000,607.4,607.4,601.7,603.6,0,0
ANR_MV,D,20240131,000000,603.6,611.19,603.6,609.3,0,0
ANR_MV,D,20240201,000000,609.3,609.3,597.91,605.5,0,0
ANR_MV,D,20240202,000000,605.5,605.5,582.72,582.72,0,0
ANR_MV,D,20240205,000000,584.62,588.42,558.05,563.74,0,0
ANR_MV,D,20240206,000000,559.94,567.54,556.15,567.54,0,0
ANR_MV,D,20240207,000000,567.54,578.93,558.05,565.64,0,0
ANR_MV,D,20240208,000000,565.64,565.64,559.94,565.64,0,0
ANR_MV,D,20240209,000000,567.54,580.82,567.54,573.23,0,0
ANR_MV,D,20240212,000000,575.13,586.52,569.43,584.62,0,0
ANR_MV,D,20240213,000000,577.03,582.72,561.84,567.54,0,0
ANR_MV,D,20240214,000000,567.54,573.23,561.84,567.54,0,0
ANR_MV,D,20240215,000000,569.43,573.23,565.64,567.54,0,0
ANR_MV,D,20240216,000000,569.43,569.43,561.84,565.64,0,0
ANR_MV,D,20240219,000000,561.84,569.43,561.84,567.54,0,0
ANR_MV,D,20240220,000000,563.74,567.54,559.94,567.54,0,0
ANR_MV,D,20240221,000000,567.54,567.54,559.94,561.84,0,0
ANR_MV,D,20240222,000000,559.94,563.74,546.66,563.74,0,0
ANR_MV,D,20240223,000000,563.74,575.13,559.94,575.13,0,0
ANR_MV,D,20240226,000000,577.03,578.93,569.43,569.43,0,0
ANR_MV,D,20240227,000000,569.43,569.43,558.05,569.43,0,0
ANR_MV,D,20240228,000000,563.74,569.43,561.84,565.64,0,0
ANR_MV,D,20240229,000000,565.64,582.72,565.64,575.13,0,0
ANR_MV,D,20240301,000000,575.13,590.31,573.23,578.93,0,0
ANR_MV,D,20240304,000000,578.93,605.5,573.23,594.11,0,0
ANR_MV,D,20240305,000000,592.21,599.8,577.03,599.8,0,0
ANR_MV,D,20240306,000000,599.8,599.8,584.62,592.21,0,0
ANR_MV,D,20240307,000000,592.21,596.01,578.93,588.42,0,0
ANR_MV,D,20240308,000000,588.42,588.42,578.93,586.52,0,0
ANR_MV,D,20240311,000000,582.72,596.01,582.72,596.01,0,0
ANR_MV,D,20240312,000000,590.31,594.11,577.03,586.52,0,0
ANR_MV,D,20240313,000000,586.52,588.42,578.93,588.42,0,0
ANR_MV,D,20240314,000000,584.62,586.52,584.62,586.52,0,0
ANR_MV,D,20240315,000000,582.72,582.72,558.05,565.64,0,0
ANR_MV,D,20240318,000000,567.54,567.54,552.35,563.74,0,0
ANR_MV,D,20240319,000000,554.25,565.64,554.25,559.94,0,0
ANR_MV,D,20240320,000000,559.94,569.43,559.94,569.43,0,0
ANR_MV,D,20240321,000000,567.54,577.03,567.54,575.13,0,0
ANR_MV,D,20240322,000000,575.13,577.03,561.84,577.03,0,0
ANR_MV,D,20240325,000000,582.72,582.72,561.84,578.93,0,0
ANR_MV,D,20240326,000000,575.13,578.93,569.43,578.93,0,0
ANR_MV,D,20240327,000000,550.45,550.45,521.98,527.68,0,0
ANR_MV,D,20240328,000000,529.57,529.57,510.59,516.29,0,0
ANR_MV,D,20240402,000000,512.49,512.49,498.26,509.64,0,0
ANR_MV,D,20240403,000000,509.64,510.59,503,510.59,0,0
ANR_MV,D,20240404,000000,508.69,516.29,506.8,508.69,0,0
ANR_MV,D,20240405,000000,480.22,491.61,479.27,484.02,0,0
ANR_MV,D,20240408,000000,484.02,484.02,448.9,452.7,0,0
ANR_MV,D,20240409,000000,452.7,460.29,449.85,451.75,0,0
ANR_MV,D,20240410,000000,459.34,472.63,444.16,466.94,0,0
ANR_MV,D,20240411,000000,471.68,478.33,465.04,465.99,0,0
ANR_MV,D,20240412,000000,465.04,468.83,458.39,458.39,0,0
ANR_MV,D,20240415,000000,458.39,458.39,447.96,451.75,0,0
ANR_MV,D,20240416,000000,450.8,450.8,445.11,446.06,0,0
ANR_MV,D,20240417,000000,446.06,449.85,445.11,449.85,0,0
ANR_MV,D,20240418,000000,449.85,453.65,446.06,450.8,0,0
ANR_MV,D,20240419,000000,450.8,465.04,446.06,460.29,0,0
ANR_MV,D,20240422,000000,465.04,466.94,450.8,450.8,0,0
ANR_MV,D,20240423,000000,451.75,455.55,448.9,451.75,0,0
ANR_MV,D,20240424,000000,451.75,451.75,437.52,438.46,0,0
ANR_MV,D,20240425,000000,440.36,457.45,440.36,447.96,0,0
ANR_MV,D,20240426,000000,447.96,455.55,437.52,450.8,0,0
ANR_MV,D,20240429,000000,440.36,455.55,440.36,449.85,0,0
ANR_MV,D,20240430,000000,456.5,456.5,443.21,453.65,0,0
ANR_MV,D,20240502,000000,454.6,454.6,444.16,444.16,0,0
ANR_MV,D,20240506,000000,444.16,451.75,441.31,445.11,0,0
ANR_MV,D,20240507,000000,447.01,452.7,446.06,447.96,0,0
ANR_MV,D,20240508,000000,448.9,449.85,444.16,449.85,0,0
ANR_MV,D,20240509,000000,446.06,453.65,446.06,451.75,0,0
ANR_MV,D,20240510,000000,452.7,483.07,451.75,476.43,0,0
ANR_MV,D,20240513,000000,477.38,477.38,465.04,465.04,0,0
ANR_MV,D,20240514,000000,468.83,496.36,468.83,493.51,0,0
ANR_MV,D,20240515,000000,499.2,501.1,488.76,497.31,0,0
ANR_MV,D,20240516,000000,487.82,497.31,487.82,494.46,0,0
ANR_MV,D,20240517,000000,496.36,520.08,482.12,515.34,0,0
ANR_MV,D,20240520,000000,505.85,511.54,496.36,497.31,0,0
ANR_MV,D,20240521,000000,498.26,504.9,487.82,493.51,0,0
ANR_MV,D,20240522,000000,492.56,493.51,480.22,482.12,0,0
ANR_MV,D,20240523,000000,484.02,484.02,465.04,470.73,0,0
ANR_MV,D,20240524,000000,465.99,467.89,445.11,455.55,0,0
ANR_MV,D,20240527,000000,460.29,462.19,455.55,460.29,0,0
ANR_MV,D,20240528,000000,442.26,483.07,442.26,483.07,0,0
ANR_MV,D,20240529,000000,474.53,476.43,461.24,465.99,0,0
ANR_MV,D,20240531,000000,465.04,465.04,457.45,457.45,0,0
ANR_MV,D,20240603,000000,457.45,457.45,446.06,455.55,0,0
ANR_MV,D,20240604,000000,455.55,455.55,451.75,453.65,0,0
ANR_MV,D,20240605,000000,453.65,454.6,446.06,454.6,0,0
ANR_MV,D,20240606,000000,454.6,454.6,438.46,447.01,0,0
ANR_MV,D,20240607,000000,447.01,447.01,431.82,441.31,0,0
ANR_MV,D,20240610,000000,441.31,441.31,433.72,435.62,0,0
ANR_MV,D,20240611,000000,435.62,435.62,419.48,419.48,0,0
ANR_MV,D,20240612,000000,419.48,423.28,419.48,423.28,0,0
ANR_MV,D,20240613,000000,423.28,429.92,417.59,424.23,0,0
ANR_MV,D,20240614,000000,424.23,436.57,423.28,429.92,0,0
ANR_MV,D,20240617,000000,429.92,429.92,421.38,421.38,0,0
ANR_MV,D,20240618,000000,421.38,427.08,418.53,423.28,0,0
ANR_MV,D,20240619,000000,426.13,426.13,418.53,419.48,0,0
ANR_MV,D,20240620,000000,419.48,425.18,419.48,421.38,0,0
ANR_MV,D,20240621,000000,421.38,437.52,421.38,428.03,0,0
ANR_MV,D,20240624,000000,428.03,438.46,428.03,438.46,0,0
ANR_MV,D,20240625,000000,438.46,440.36,428.97,434.67,0,0
ANR_MV,D,20240626,000000,436.57,436.57,428.03,432.77,0,0
ANR_MV,D,20240627,000000,432.77,440.36,428.97,439.41,0,0
ANR_MV,D,20240628,000000,437.52,437.52,431.82,435.62,0,0
ANR_MV,D,20240701,000000,435.62,449.85,423.28,423.28,0,0
ANR_MV,D,20240702,000000,423.28,428.97,421.38,425.18,0,0
ANR_MV,D,20240703,000000,423.28,428.97,410.94,414.74,0,0
ANR_MV,D,20240704,000000,414.74,424.23,410.94,413.79,0,0
ANR_MV,D,20240705,000000,455.55,489.71,455.55,484.02,0,0
ANR_MV,D,20240708,000000,495.41,512.49,495.41,512.49,0,0
ANR_MV,D,20240709,000000,512.49,512.49,489.71,492.56,0,0
ANR_MV,D,20240710,000000,491.61,494.46,484.02,484.97,0,0
ANR_MV,D,20240711,000000,484.02,484.02,468.83,469.78,0,0
ANR_MV,D,20240712,000000,469.78,474.53,451.75,467.89,0,0
ANR_MV,D,20240715,000000,474.53,479.27,450.8,458.39,0,0
ANR_MV,D,20240716,000000,458.39,461.24,448.9,449.85,0,0
ANR_MV,D,20240717,000000,455.55,455.55,449.85,455.55,0,0
ANR_MV,D,20240718,000000,457.45,470.73,455.55,465.99,0,0
ANR_MV,D,20240719,000000,468.83,468.83,453.65,461.24,0,0
ANR_MV,D,20240722,000000,465.04,472.63,457.45,466.94,0,0
ANR_MV,D,20240723,000000,469.78,469.78,457.45,460.29,0,0
ANR_MV,D,20240724,000000,460.29,466.94,451.75,465.04,0,0
ANR_MV,D,20240725,000000,463.14,463.14,436.57,447.96,0,0
ANR_MV,D,20240726,000000,454.6,454.6,447.96,453.65,0,0
ANR_MV,D,20240729,000000,455.55,460.29,447.96,460.29,0,0
ANR_MV,D,20240730,000000,460.29,465.99,458.39,461.24,0,0
ANR_MV,D,20240731,000000,465.99,465.99,455.55,457.45,0,0
ANR_MV,D,20240801,000000,457.45,464.09,455.55,457.45,0,0
ANR_MV,D,20240802,000000,455.55,455.55,436.57,441.31,0,0
ANR_MV,D,20240805,000000,430.87,440.36,404.3,421.38,0,0
ANR_MV,D,20240806,000000,436.57,436.57,424.23,431.82,0,0
ANR_MV,D,20240807,000000,428.97,446.06,421.38,439.41,0,0
ANR_MV,D,20240808,000000,445.11,445.11,415.69,417.59,0,0
ANR_MV,D,20240809,000000,423.28,424.23,419.48,419.48,0,0
ANR_MV,D,20240812,000000,422.33,422.33,415.69,419.48,0,0
ANR_MV,D,20240813,000000,419.48,419.48,412.84,415.69,0,0
ANR_MV,D,20240814,000000,417.59,417.59,401.45,405.25,0,0
ANR_MV,D,20240816,000000,408.09,416.64,406.2,416.64,0,0
ANR_MV,D,20240819,000000,416.64,416.64,402.4,402.4,0,0
ANR_MV,D,20240820,000000,404.3,418.53,404.3,412.84,0,0
ANR_MV,D,20240821,000000,413.79,419.48,413.79,418.53,0,0
ANR_MV,D,20240822,000000,418.53,427.08,411.89,427.08,0,0
ANR_MV,D,20240823,000000,427.08,428.97,420.43,427.08,0,0
ANR_MV,D,20240826,000000,427.08,427.08,415.69,417.59,0,0
ANR_MV,D,20240827,000000,417.59,422.33,412.84,412.84,0,0
ANR_MV,D,20240828,000000,417.59,418.53,413.79,413.79,0,0
ANR_MV,D,20240829,000000,413.79,423.28,413.79,421.38,0,0
ANR_MV,D,20240830,000000,421.38,427.08,418.53,424.23,0,0
ANR_MV,D,20240902,000000,424.23,434.67,424.23,428.03,0,0
ANR_MV,D,20240903,000000,434.67,435.62,429.92,429.92,0,0
ANR_MV,D,20240904,000000,429.92,429.92,422.33,427.08,0,0
ANR_MV,D,20240905,000000,427.08,431.82,423.28,423.28,0,0
ANR_MV,D,20240906,000000,423.28,427.08,423.28,425.18,0,0
ANR_MV,D,20240909,000000,425.18,425.18,413.79,421.38,0,0
ANR_MV,D,20240910,000000,421.38,421.38,414.74,416.64,0,0
ANR_MV,D,20240911,000000,416.64,416.64,409.99,409.99,0,0
ANR_MV,D,20240912,000000,409.99,415.69,407.15,409.99,0,0
ANR_MV,D,20240913,000000,409.99,421.38,409.99,411.89,0,0
ANR_MV,D,20240916,000000,411.89,417.59,408.09,408.09,0,0
ANR_MV,D,20240917,000000,411.89,416.64,408.09,409.04,0,0
ANR_MV,D,20240918,000000,411.89,428.03,409.04,417.59,0,0
ANR_MV,D,20240919,000000,398.6,403.35,391.01,396.71,0,0
ANR_MV,D,20240920,000000,396.71,402.4,391.01,396.71,0,0
ANR_MV,D,20240923,000000,395.76,402.4,390.06,402.4,0,0
ANR_MV,D,20240924,000000,402.4,406.2,398.6,400.5,0,0
ANR_MV,D,20240925,000000,398.6,408.09,398.6,404.3,0,0
ANR_MV,D,20240926,000000,404.3,424.23,403.35,424.23,0,0
ANR_MV,D,20240927,000000,427.08,427.08,420.43,426.13,0,0
ANR_MV,D,20240930,000000,427.08,454.6,417.59,444.16,0,0
ANR_MV,D,20241001,000000,444.16,461.24,444.16,459.34,0,0
ANR_MV,D,20241002,000000,460.29,460.29,447.01,447.96,0,0
ANR_MV,D,20241003,000000,447.96,452.7,445.11,446.06,0,0
ANR_MV,D,20241004,000000,455.55,455.55,440.36,440.36,0,0
ANR_MV,D,20241007,000000,440.36,455.55,440.36,453.65,0,0
ANR_MV,D,20241008,000000,453.65,453.65,443.21,443.21,0,0
ANR_MV,D,20241009,000000,443.21,452.7,443.21,452.7,0,0
ANR_MV,D,20241010,000000,452.7,454.6,440.36,454.6,0,0
ANR_MV,D,20241011,000000,454.6,468.83,452.7,468.83,0,0
ANR_MV,D,20241014,000000,467.89,470.73,461.24,461.24,0,0
ANR_MV,D,20241015,000000,461.24,470.73,461.24,466.94,0,0
ANR_MV,D,20241016,000000,469.78,474.53,456.5,470.73,0,0
ANR_MV,D,20241017,000000,472.63,479.27,466.94,474.53,0,0
ANR_MV,D,20241018,000000,474.53,484.02,474.53,476.43,0,0
ANR_MV,D,20241021,000000,478.33,478.33,456.5,469.78,0,0
ANR_MV,D,20241022,000000,469.78,470.73,458.39,461.24,0,0
ANR_MV,D,20241023,000000,461.24,461.24,461.24,461.24,0,0
ANR_MV,D,20241024,000000,461.24,469.78,461.24,467.89,0,0
ANR_MV,D,20241025,000000,467.89,473.58,465.04,467.89,0,0
ANR_MV,D,20241028,000000,466.94,466.94,447.01,454.6,0,0
ANR_MV,D,20241029,000000,462.19,462.19,454.6,455.55,0,0
ANR_MV,D,20241030,000000,455.55,458.39,448.9,449.85,0,0
ANR_MV,D,20241031,000000,459.34,459.34,441.31,441.31,0,0
ANR_MV,D,20241104,000000,432.77,446.06,432.77,444.16,0,0
ANR_MV,D,20241105,000000,438.46,442.26,438.46,442.26,0,0
ANR_MV,D,20241106,000000,442.26,465.04,441.31,455.55,0,0
ANR_MV,D,20241107,000000,446.06,446.06,438.46,442.26,0,0
ANR_MV,D,20241108,000000,440.36,442.26,438.46,439.41,0,0
ANR_MV,D,20241112,000000,439.41,439.41,428.97,436.57,0,0
ANR_MV,D,20241113,000000,434.67,434.67,420.43,426.13,0,0
ANR_MV,D,20241114,000000,427.08,435.62,421.38,430.87,0,0
ANR_MV,D,20241115,000000,430.87,430.87,421.38,428.03,0,0
ANR_MV,D,20241118,000000,425.18,428.03,420.43,423.28,0,0
ANR_MV,D,20241119,000000,423.28,425.18,412.84,417.59,0,0
ANR_MV,D,20241120,000000,408.09,462.19,408.09,457.45,0,0
ANR_MV,D,20241121,000000,459.34,459.34,446.06,455.55,0,0
ANR_MV,D,20241122,000000,455.55,482.12,446.06,480.22,0,0
ANR_MV,D,20241125,000000,480.22,483.07,474.53,479.27,0,0
ANR_MV,D,20241126,000000,479.27,483.07,461.24,473.58,0,0
ANR_MV,D,20241127,000000,474.53,484.02,468.83,474.53,0,0
ANR_MV,D,20241128,000000,465.99,481.17,465.04,465.04,0,0
ANR_MV,D,20241129,000000,462.19,465.04,462.19,464.09,0,0
ANR_MV,D,20241202,000000,464.09,481.17,464.09,479.27,0,0
ANR_MV,D,20241203,000000,479.27,479.27,468.83,470.73,0,0
ANR_MV,D,20241204,000000,470.73,508.69,468.83,485.92,0,0
ANR_MV,D,20241205,000000,485.92,509.64,485.92,489.71,0,0
ANR_MV,D,20241206,000000,489.71,508.69,488.76,494.46,0,0
ANR_MV,D,20241209,000000,494.46,507.75,494.46,502.05,0,0
ANR_MV,D,20241210,000000,502.05,503,494.46,496.36,0,0
ANR_MV,D,20241211,000000,502.05,512.49,496.36,507.75,0,0
ANR_MV,D,20241212,000000,512.49,529.57,512.49,521.98,0,0
ANR_MV,D,20241213,000000,521.98,521.98,509.64,518.19,0,0
ANR_MV,D,20241216,000000,521.03,521.03,510.59,516.29,0,0
ANR_MV,D,20241217,000000,521.98,521.98,510.59,512.49,0,0
ANR_MV,D,20241218,000000,510.59,512.49,494.46,503.95,0,0
ANR_MV,D,20241219,000000,500.15,505.85,496.36,502.05,0,0
ANR_MV,D,20241220,000000,502.05,508.69,501.1,501.1,0,0
ANR_MV,D,20241223,000000,502.05,502.05,482.12,490.66,0,0
ANR_MV,D,20241227,000000,493.51,514.39,493.51,508.69,0,0
ANR_MV,D,20241230,000000,506.8,527.68,501.1,509.64,0,0
ANR_MV,D,20250102,000000,521.98,536.22,521.98,528.63,0,0
ANR_MV,D,20250103,000000,533.37,548.56,525.78,548.56,0,0
ANR_MV,D,20250107,000000,542.86,544.76,529.57,534.32,0,0
ANR_MV,D,20250108,000000,546.66,546.66,534.32,534.32,0,0
ANR_MV,D,20250109,000000,546.66,547.61,535.27,540.96,0,0
ANR_MV,D,20250110,000000,538.12,540.96,523.88,537.17,0,0
ANR_MV,D,20250113,000000,537.17,540.96,523.88,524.83,0,0
ANR_MV,D,20250114,000000,526.73,535.27,525.78,533.37,0,0
ANR_MV,D,20250115,000000,536.22,537.17,527.68,527.68,0,0
ANR_MV,D,20250116,000000,532.42,549.5,532.42,549.5,0,0
ANR_MV,D,20250117,000000,544.76,555.2,544.76,550.45,0,0
ANR_MV,D,20250120,000000,550.45,553.3,530.52,540.96,0,0
ANR_MV,D,20250121,000000,534.32,540.96,533.37,538.12,0,0
ANR_MV,D,20250122,000000,538.12,538.12,530.52,533.37,0,0
ANR_MV,D,20250123,000000,531.47,540.01,523.88,527.68,0,0
ANR_MV,D,20250124,000000,527.68,531.47,521.98,524.83,0,0
ANR_MV,D,20250127,000000,515.34,519.13,512.49,516.29,0,0
ANR_MV,D,20250128,000000,517.24,531.47,517.24,521.98,0,0
ANR_MV,D,20250129,000000,521.98,530.52,516.29,516.29,0,0
ANR_MV,D,20250130,000000,516.29,535.27,516.29,527.68,0,0
ANR_MV,D,20250131,000000,529.57,534.32,510.59,512.49,0,0
ANR_MV,D,20250203,000000,515.34,515.34,491.61,500.15,0,0
ANR_MV,D,20250204,000000,498.26,511.54,493.51,493.51,0,0
ANR_MV,D,20250205,000000,493.51,498.26,485.92,489.71,0,0
ANR_MV,D,20250206,000000,488.76,509.64,484.02,502.05,0,0
ANR_MV,D,20250207,000000,507.75,512.49,495.41,501.1,0,0
ANR_MV,D,20250210,000000,501.1,503,489.71,500.15,0,0
ANR_MV,D,20250211,000000,500.15,510.59,492.56,492.56,0,0
ANR_MV,D,20250212,000000,493.51,506.8,493.51,503,0,0
ANR_MV,D,20250213,000000,504.9,538.12,504.9,538.12,0,0
ANR_MV,D,20250214,000000,539.06,540.96,523.88,532.42,0,0
ANR_MV,D,20250217,000000,532.42,540.96,526.73,536.22,0,0
ANR_MV,D,20250218,000000,536.22,542.86,521.98,541.91,0,0
ANR_MV,D,20250219,000000,527.68,541.91,527.68,534.32,0,0
ANR_MV,D,20250220,000000,538.12,538.12,527.68,527.68,0,0
ANR_MV,D,20250221,000000,527.68,531.47,524.83,531.47,0,0
ANR_MV,D,20250224,000000,523.88,527.68,512.49,523.88,0,0
ANR_MV,D,20250225,000000,523.88,523.88,518.19,521.03,0,0
ANR_MV,D,20250226,000000,523.88,523.88,514.39,517.24,0,0
ANR_MV,D,20250227,000000,508.69,509.64,496.36,507.75,0,0
ANR_MV,D,20250228,000000,494.46,506.8,494.46,503,0,0
ANR_MV,D,20250303,000000,499.2,500.15,489.71,491.61,0,0
ANR_MV,D,20250304,000000,493.51,493.51,466.94,470.73,0,0
ANR_MV,D,20250305,000000,470.73,477.38,468.83,473.58,0,0
ANR_MV,D,20250306,000000,472.63,472.63,451.75,461.24,0,0
ANR_MV,D,20250307,000000,461.24,461.24,459.34,459.34,0,0
ANR_MV,D,20250310,000000,458.39,459.34,455.55,457.45,0,0
ANR_MV,D,20250311,000000,457.45,464.09,457.45,463.14,0,0
ANR_MV,D,20250312,000000,465.99,473.58,465.04,472.63,0,0
ANR_MV,D,20250313,000000,469.78,491.61,465.99,491.61,0,0
ANR_MV,D,20250314,000000,490.66,494.46,480.22,488.76,0,0
ANR_MV,D,20250317,000000,488.76,490.66,483.07,484.02,0,0
ANR_MV,D,20250318,000000,484.02,501.1,482.12,482.12,0,0
ANR_MV,D,20250319,000000,482.12,484.02,480.22,484.02,0,0
ANR_MV,D,20250320,000000,484.02,486.87,480.22,480.22,0,0
ANR_MV,D,20250321,000000,480.22,482.12,474.53,474.53,0,0
ANR_MV,D,20250324,000000,474.53,482.12,474.53,477.38,0,0
ANR_MV,D,20250325,000000,479.27,484.97,476.43,480.22,0,0
ANR_MV,D,20250326,000000,481.17,484.97,480.22,482.12,0,0
ANR_MV,D,20250327,000000,484.02,488.76,481.17,481.17,0,0
ANR_MV,D,20250328,000000,484.97,486.87,464.09,472.63,0,0
ANR_MV,D,20250331,000000,468.83,468.83,449.85,451.75,0,0
ANR_MV,D,20250401,000000,453.65,455.55,447.96,453.65,0,0
ANR_MV,D,20250402,000000,453.65,466.94,447.96,449.85,0,0
ANR_MV,D,20250403,000000,449.85,456.5,428.97,434.67,0,0
ANR_MV,D,20250404,000000,455.55,468.83,434.67,449.85,0,0
ANR_MV,D,20250407,000000,436.57,454.6,417.59,454.6,0,0
ANR_MV,D,20250408,000000,438.46,448.9,438.46,448.9,0,0
ANR_MV,D,20250409,000000,448.9,448.9,428.97,444.16,0,0
ANR_MV,D,20250410,000000,523.88,523.88,500.15,508.69,0,0
ANR_MV,D,20250411,000000,508.69,532.42,508.69,526.73,0,0
ANR_MV,D,20250414,000000,531.47,533.37,521.98,531.47,0,0
ANR_MV,D,20250415,000000,530.52,531.47,522.93,525.78,0,0
ANR_MV,D,20250416,000000,525.78,531.47,523.88,530.52,0,0
ANR_MV,D,20250417,000000,531.47,531.47,526.73,531.47,0,0
ANR_MV,D,20250422,000000,530.52,531.47,524.83,528.63,0,0
ANR_MV,D,20250423,000000,531.47,533.37,528.63,531.47,0,0
ANR_MV,D,20250424,000000,531.47,548.56,531.47,548.56,0,0
ANR_MV,D,20250425,000000,552.35,554.25,537.17,537.17,0,0
ANR_MV,D,20250428,000000,543.81,543.81,537.17,540.96,0,0
ANR_MV,D,20250429,000000,540.96,549.5,538.12,544.76,0,0
ANR_MV,D,20250430,000000,546.66,548.56,540.96,545.71,0,0
ANR_MV,D,20250502,000000,542.86,549.5,542.86,548.56,0,0
ANR_MV,D,20250505,000000,548.56,550.45,546.66,550.45,0,0
ANR_MV,D,20250506,000000,551.4,554.25,551.4,554.25,0,0
ANR_MV,D,20250507,000000,555.2,588.42,552.35,583.67,0,0
ANR_MV,D,20250508,000000,584.62,584.62,580.82,581.77,0,0
ANR_MV,D,20250509,000000,581.77,594.11,577.98,594.11,0,0
ANR_MV,D,20250512,000000,595.06,605.5,583.67,594.11,0,0
ANR_MV,D,20250513,000000,594.11,607.4,594.11,601.7,0,0
ANR_MV,D,20250514,000000,601.7,601.7,585.57,591.26,0,0
ANR_MV,D,20250515,000000,591.26,596.96,588.42,592.21,0,0
ANR_MV,D,20250516,000000,589.36,594.11,580.82,582.72,0,0
ANR_MV,D,20250519,000000,584.62,588.42,567.54,569.43,0,0
ANR_MV,D,20250520,000000,575.13,588.42,567.54,586.52,0,0
ANR_MV,D,20250521,000000,603.6,603.6,586.52,589.36,0,0
ANR_MV,D,20250522,000000,588.42,588.42,569.43,569.43,0,0
ANR_MV,D,20250523,000000,569.43,569.43,560.89,566.59,0,0
ANR_MV,D,20250526,000000,568.49,583.67,565.64,569.43,0,0
ANR_MV,D,20250527,000000,569.43,579.87,565.64,565.64,0,0
ANR_MV,D,20250528,000000,571.33,574.18,562.79,569.43,0,0
ANR_MV,D,20250529,000000,569.43,574.18,564.69,567.54,0,0
ANR_MV,D,20250530,000000,567.54,569.43,556.15,569.43,0,0
ANR_MV,D,20250602,000000,559,564.69,559,559.94,0,0
ANR_MV,D,20250603,000000,563.74,569.43,562.79,565.64,0,0
ANR_MV,D,20250604,000000,565.64,569.43,561.84,569.43,0,0
ANR_MV,D,20250605,000000,582.72,588.42,567.54,569.43,0,0
ANR_MV,D,20250606,000000,580.82,580.82,558.05,573.23,0,0
ANR_MV,D,20250609,000000,573.23,573.23,558.05,559.94,0,0
ANR_MV,D,20250610,000000,558.05,569.43,558.05,559.94,0,0
ANR_MV,D,20250611,000000,529.57,540.96,516.29,538.12,0,0
ANR_MV,D,20250612,000000,536.22,542.86,525.78,525.78,0,0
ANR_MV,D,20250613,000000,524.83,537.17,515.34,515.34,0,0
ANR_MV,D,20250616,000000,521.98,522.93,510.59,513.44,0,0
ANR_MV,D,20250617,000000,514.39,514.39,508.69,508.69,0,0
ANR_MV,D,20250618,000000,512.49,512.49,499.2,505.85,0,0
ANR_MV,D,20250620,000000,505.85,509.64,503,503.95,0,0
ANR_MV,D,20250623,000000,503.95,504.9,495.41,496.36,0,0
ANR_MV,D,20250624,000000,501.1,526.73,501.1,520.08,0,0
ANR_MV,D,20250625,000000,520.08,533.37,520.08,524.83,0,0
ANR_MV,D,20250626,000000,527.68,545.71,525.78,538.12,0,0
ANR_MV,D,20250627,000000,539.06,557.1,539.06,550.45,0,0
ANR_MV,D,20250630,000000,553.3,555.2,537.17,543.81,0,0
ANR_MV,D,20250701,000000,543.81,543.81,527.68,528.63,0,0
ANR_MV,D,20250702,000000,531.47,533.37,529.57,531.47,0,0
ANR_MV,D,20250703,000000,528.63,538.12,528.63,528.63,0,0
ANR_MV,D,20250704,000000,540.96,540.96,527.68,527.68,0,0
ANR_MV,D,20250707,000000,527.68,529.57,521.98,526.73,0,0
ANR_MV,D,20250708,000000,535.27,549.5,531.47,546.66,0,0
ANR_MV,D,20250709,000000,550.45,561.84,550.45,556.15,0,0
ANR_MV,D,20250710,000000,564.69,577.98,559.94,573.23,0,0
ANR_MV,D,20250711,000000,569.43,569.43,564.69,565.64,0,0
ANR_MV,D,20250714,000000,565.64,565.64,559,565.64,0,0
ANR_MV,D,20250715,000000,573.23,573.23,553.3,553.3,0,0
ANR_MV,D,20250716,000000,559.94,559.94,548.56,554.25,0,0
ANR_MV,D,20250717,000000,550.45,565.64,550.45,565.64,0,0
ANR_MV,D,20250718,000000,565.64,565.64,559.94,565.64,0,0
ANR_MV,D,20250721,000000,563.74,563.74,554.25,562.79,0,0
ANR_MV,D,20250722,000000,562.79,562.79,551.4,556.15,0,0
ANR_MV,D,20250723,000000,559.94,561.84,551.4,552.35,0,0
ANR_MV,D,20250724,000000,554.25,561.84,551.4,554.25,0,0
ANR_MV,D,20250725,000000,554.25,557.1,541.91,544.76,0,0
ANR_MV,D,20250728,000000,557.1,557.1,541.91,541.91,0,0
ANR_MV,D,20250729,000000,541.91,542.86,534.32,535.27,0,0
ANR_MV,D,20250730,000000,535.27,537.17,530.52,531.47,0,0
ANR_MV,D,20250731,000000,532.42,541.91,532.42,537.17,0,0
ANR_MV,D,20250801,000000,535.27,537.17,523.88,527.68,0,0
ANR_MV,D,20250804,000000,521.98,530.52,521.98,525.78,0,0
ANR_MV,D,20250805,000000,527.68,527.68,519.13,521.98,0,0
ANR_MV,D,20250806,000000,525.78,535.27,522.93,531.47,0,0
ANR_MV,D,20250807,000000,530.52,540.01,530.52,534.32,0,0
ANR_MV,D,20250808,000000,533.37,535.27,521.03,525.78,0,0
ANR_MV,D,20250811,000000,526.73,527.68,518.19,518.19,0,0
ANR_MV,D,20250812,000000,522.93,527.68,507.75,515.34,0,0
ANR_MV,D,20250813,000000,515.34,515.34,504.9,508.69,0,0
ANR_MV,D,20250814,000000,509.64,512.49,501.1,510.59,0,0
ANR_MV,D,20250818,000000,510.59,512.49,505.85,507.75,0,0
ANR_MV,D,20250819,000000,507.75,550.45,507.75,546.66,0,0
ANR_MV,D,20250820,000000,540.96,554.25,538.12,550.45,0,0
ANR_MV,D,20250821,000000,550.45,554.25,545.71,550.45,0,0
ANR_MV,D,20250822,000000,552.35,552.35,545.71,545.71,0,0
ANR_MV,D,20250825,000000,540.01,559.94,540.01,559.94,0,0
ANR_MV,D,20250826,000000,559.94,578.93,559.94,575.13,0,0
ANR_MV,D,20250827,000000,573.23,573.23,551.4,559.94,0,0
ANR_MV,D,20250828,000000,564.69,564.69,546.66,546.66,0,0
ANR_MV,D,20250829,000000,551.4,559,537.17,540.96,0,0
ANR_MV,D,20250901,000000,546.66,546.66,531.47,540.96,0,0
ANR_MV,D,20250902,000000,544.76,551.4,531.47,543.81,0,0
ANR_MV,D,20250903,000000,545.71,547.61,538.12,543.81,0,0
ANR_MV,D,20250904,000000,543.81,565.64,543.81,563.74,0,0
ANR_MV,D,20250905,000000,563.74,565.64,558.05,563.74,0,0
ANR_MV,D,20250908,000000,564.69,564.69,558.05,564.69,0,0
ANR_MV,D,20250909,000000,563.74,563.74,546.66,561.84,0,0
ANR_MV,D,20250910,000000,556.15,556.15,540.96,541.91,0,0
ANR_MV,D,20250911,000000,541.91,549.5,541.91,545.71,0,0
ANR_MV,D,20250912,000000,545.71,550.45,544.76,546.66,0,0
ANR_MV,D,20250915,000000,548.56,568.49,544.76,565.64,0,0
ANR_MV,D,20250916,000000,565.64,565.64,556.15,559.94,0,0
ANR_MV,D,20250917,000000,559.94,562.79,551.4,554.25,0,0
ANR_MV,D,20250918,000000,554.25,565.64,549.5,550.45,0,0
ANR_MV,D,20250919,000000,597.91,601.7,590.31,592.21,0,0
ANR_MV,D,20250922,000000,596.96,596.96,580.82,594.11,0,0
ANR_MV,D,20250923,000000,594.11,594.11,588.42,593.16,0,0
ANR_MV,D,20250924,000000,592.21,593.16,584.62,590.31,0,0
ANR_MV,D,20250925,000000,588.42,595.06,588.42,594.11,0,0
ANR_MV,D,20250926,000000,592.21,593.16,584.62,590.31,0,0
ANR_MV,D,20250929,000000,592.21,592.21,578.93,579.87,0,0
ANR_MV,D,20250930,000000,579.87,584.62,577.03,580.82,0,0
ANR_MV,D,20251001,000000,580.82,580.82,567.54,570.38,0,0
ANR_MV,D,20251002,000000,573.23,573.23,564.69,569.43,0,0
ANR_MV,D,20251003,000000,569.43,574.18,564.69,569.43,0,0
ANR_MV,D,20251006,000000,578.93,579.87,565.64,571.33,0,0
ANR_MV,D,20251007,000000,568.49,569.43,557.1,559,0,0
ANR_MV,D,20251008,000000,559,559.94,553.3,556.15,0,0
ANR_MV,D,20251009,000000,557.1,559.94,550.45,553.3,0,0
ANR_MV,D,20251010,000000,555.2,556.15,550.45,550.45,0,0
ANR_MV,D,20251013,000000,548.56,557.1,541.91,555.2,0,0
ANR_MV,D,20251014,000000,555.2,555.2,537.17,548.56,0,0
ANR_MV,D,20251015,000000,551.4,566.59,550.45,558.05,0,0
ANR_MV,D,20251016,000000,558.05,563.74,550.45,561.84,0,0
ANR_MV,D,20251017,000000,559,559,540.96,546.66,0,0
ANR_MV,D,20251020,000000,549.5,559,549.5,550.45,0,0
ANR_MV,D,20251021,000000,553.3,557.1,548.56,556.15,0,0
ANR_MV,D,20251022,000000,556.15,562.79,551.4,561.84,0,0
ANR_MV,D,20251023,000000,567.54,567.54,554.25,556.15,0,0
ANR_MV,D,20251024,000000,556.15,556.15,544.76,550.45,0,0
ANR_MV,D,20251027,000000,546.66,554.25,543.81,545.71,0,0
ANR_MV,D,20251028,000000,549.5,551.4,545.71,548.56,0,0
ANR_MV,D,20251029,000000,550.45,550.45,545.71,545.71,0,0
ANR_MV,D,20251030,000000,541.91,552.35,539.06,546.66,0,0
ANR_MV,D,20251031,000000,546.66,553.3,546.66,552.35,0,0
ANR_MV,D,20251103,000000,553.3,558.05,548.56,554.25,0,0
ANR_MV,D,20251104,000000,556.15,556.15,544.76,554.25,0,0
ANR_MV,D,20251105,000000,554.25,554.25,541.91,544.76,0,0
ANR_MV,D,20251106,000000,544.76,553.3,543.81,547.61,0,0
ANR_MV,D,20251107,000000,540.01,540.96,533.37,540.96,0,0
ANR_MV,D,20251110,000000,538.12,546.66,538.12,542.86,0,0
ANR_MV,D,20251112,000000,544.76,548.56,542.86,544.76,0,0
ANR_MV,D,20251113,000000,550.45,554.25,544.76,548.56,0,0
ANR_MV,D,20251114,000000,546.66,552.35,543.81,543.81,0,0
ANR_MV,D,20251117,000000,543.81,547.61,537.17,541.91,0,0
ANR_MV,D,20251118,000000,542.86,542.86,522.93,539.06,0,0
ANR_MV,D,20251119,000000,529.57,553.3,529.57,550.45,0,0
ANR_MV,D,20251120,000000,543.81,543.81,512.49,525.78,0,0
ANR_MV,D,20251121,000000,517.24,518.19,500.15,503,0,0
ANR_MV,D,20251124,000000,503,503.95,493.51,503,0,0
ANR_MV,D,20251125,000000,506.8,508.69,499.2,503,0,0
ANR_MV,D,20251126,000000,505.85,505.85,501.1,503,0,0
ANR_MV,D,20251127,000000,503,503.95,496.36,503,0,0
ANR_MV,D,20251128,000000,503,503.95,500.15,501.1,0,0
ANR_MV,D,20251201,000000,494.46,499.2,487.82,489.71,0,0
ANR_MV,D,20251202,000000,485.92,489.71,477.38,488.76,0,0
ANR_MV,D,20251203,000000,484.02,491.61,474.53,482.12,0,0
ANR_MV,D,20251204,000000,482.12,491.61,481.17,489.71,0,0
ANR_MV,D,20251205,000000,489.71,493.51,484.02,488.76,0,0
ANR_MV,D,20251208,000000,484.02,489.71,484.02,485.92,0,0
ANR_MV,D,20251209,000000,484.02,493.51,481.17,483.07,0,0
ANR_MV,D,20251210,000000,484.02,492.56,484.02,488.76,0,0
ANR_MV,D,20251211,000000,488.76,491.61,468.83,472.63,0,0
ANR_MV,D,20251212,000000,470.73,484.02,470.73,474.53,0,0
ANR_MV,D,20251215,000000,483.07,487.82,472.63,487.82,0,0
ANR_MV,D,20251216,000000,489.71,501.1,489.71,501.1,0,0
ANR_MV,D,20251217,000000,502.05,503.95,495.41,497.31,0,0
ANR_MV,D,20251218,000000,501.1,501.1,484.02,496.36,0,0
ANR_MV,D,20251219,000000,499.2,520.08,496.36,518.19,0,0
ANR_MV,D,20251222,000000,518.19,520.08,503.95,505.85,0,0
ANR_MV,D,20251223,000000,512.49,512.49,493.51,499.2,0,0
ANR_MV,D,20251229,000000,499.2,501.1,496.36,497.31,0,0
ANR_MV,D,20251230,000000,497.31,499.2,487.82,495.41,0,0
ANR_MV,D,20260102,000000,495.41,503,493.51,493.51,0,0
ANR_MV,D,20260105,000000,497.31,501.1,489.71,499.2,0,0
ANR_MV,D,20260107,000000,499.2,509.64,498.26,507.75,0,0
ANR_MV,D,20260108,000000,417.59,470.73,417.59,451.75,0,0
ANR_MV,D,20260109,000000,451.75,459.34,446.06,455.55,0,0
ANR_MV,D,20260112,000000,455.55,455.55,446.06,447.96,0,0
ANR_MV,D,20260113,000000,447.96,453.65,445.11,447.01,0,0
ANR_MV,D,20260114,000000,447.01,448.9,437.52,438.46,0,0
ANR_MV,D,20260115,000000,443.21,443.21,430.87,435.62,0,0
ANR_MV,D,20260116,000000,435.62,438.46,430.87,432.77,0,0
ANR_MV,D,20260119,000000,432.77,444.16,428.97,444.16,0,0
ANR_MV,D,20260120,000000,442.26,442.26,421.38,425.18,0,0
ANR_MV,D,20260121,000000,430.87,432.77,421.38,432.77,0,0
ANR_MV,D,20260122,000000,435.62,446.06,429.92,442.26,0,0
ANR_MV,D,20260123,000000,444.16,447.96,437.52,446.06,0,0
