<TICKER>,<PER>,<DATE>,<TIME>,<OPEN>,<HIGH>,<LOW>,<CLOSE>,<VOL>,<OPENINT>
ART_PE,D,20161117,000000,37.3,37.3,37.3,37.3,0,0
ART_PE,D,20161118,000000,38.7,39.1,37.2,37.2,0,0
ART_PE,D,20161121,000000,36.5,38.3,36.5,38.3,0,0
ART_PE,D,20161122,000000,38.5,38.5,37.9,38.3,0,0
ART_PE,D,20161123,000000,38.3,38.3,37.2,38.2,0,0
ART_PE,D,20161124,000000,37.4,40.1,37.4,39.9,0,0
ART_PE,D,20161125,000000,40.1,40.1,38.6,38.6,0,0
ART_PE,D,20161128,000000,38.4,38.4,38.2,38.2,0,0
ART_PE,D,20161129,000000,38.8,38.8,37.3,37.3,0,0
ART_PE,D,20161130,000000,38.1,38.2,37.3,38.2,0,0
ART_PE,D,20161201,000000,38.4,38.4,38,38.3,0,0
ART_PE,D,20161202,000000,38.4,38.4,37.4,38.2,0,0
ART_PE,D,20161205,000000,38.2,38.2,34.1,34.1,0,0
ART_PE,D,20161206,000000,34.5,34.5,32.6,32.6,0,0
ART_PE,D,20161207,000000,32.8,32.8,32.3,32.3,0,0
ART_PE,D,20161208,000000,32.3,33.6,30.4,33.6,0,0
ART_PE,D,20161209,000000,33.6,33.6,32.5,33,0,0
ART_PE,D,20161212,000000,32.8,33.6,32.1,33.6,0,0
ART_PE,D,20161213,000000,33.6,34.4,33,34.2,0,0
ART_PE,D,20161214,000000,34.3,34.3,33.7,34.2,0,0
ART_PE,D,20161215,000000,33.9,34.3,33.7,34.2,0,0
ART_PE,D,20161216,000000,34.3,34.3,32.3,33.8,0,0
ART_PE,D,20161219,000000,34,34,33.8,34,0,0
ART_PE,D,20161220,000000,34,34,33.4,33.8,0,0
ART_PE,D,20161221,000000,33.8,35.5,33.1,35.5,0,0
ART_PE,D,20161222,000000,34.7,36.9,34.7,35.5,0,0
ART_PE,D,20161223,000000,35.5,35.5,35.5,35.5,0,0
ART_PE,D,20161227,000000,35.5,35.5,35.2,35.5,0,0
ART_PE,D,20161228,000000,35.5,36.3,35.2,35.5,0,0
ART_PE,D,20161229,000000,35.5,36.3,35.5,36.1,0,0
ART_PE,D,20161230,000000,36.2,36.2,35.3,36.2,0,0
ART_PE,D,20170102,000000,36.2,36.2,35.5,36.2,0,0
ART_PE,D,20170103,000000,36.2,36.2,35.8,35.9,0,0
ART_PE,D,20170104,000000,36.2,36.3,34.5,36.3,0,0
ART_PE,D,20170105,000000,36.3,36.3,35.3,35.3,0,0
ART_PE,D,20170109,000000,35.3,35.5,35.3,35.5,0,0
ART_PE,D,20170110,000000,35.4,35.4,34.4,34.5,0,0
ART_PE,D,20170111,000000,35.3,35.3,35.1,35.1,0,0
ART_PE,D,20170112,000000,35.1,35.3,34.3,34.5,0,0
ART_PE,D,20170113,000000,35.1,35.1,35.1,35.1,0,0
ART_PE,D,20170116,000000,35,35,34.8,34.8,0,0
ART_PE,D,20170117,000000,35,35,34.6,34.7,0,0
ART_PE,D,20170118,000000,34.1,34.3,34.1,34.3,0,0
ART_PE,D,20170119,000000,34.7,34.7,33.3,34,0,0
ART_PE,D,20170120,000000,34.2,34.4,31.1,33.1,0,0
ART_PE,D,20170123,000000,33.1,33.9,33.1,33.8,0,0
ART_PE,D,20170124,000000,33,33.8,33,33.8,0,0
ART_PE,D,20170125,000000,33.8,35.4,32.9,35.4,0,0
ART_PE,D,20170126,000000,34.1,35.1,34.1,35.1,0,0
ART_PE,D,20170127,000000,35.4,35.4,33.8,33.8,0,0
ART_PE,D,20170130,000000,35.2,35.2,34.5,34.8,0,0
ART_PE,D,20170131,000000,34.8,34.8,33.2,33.2,0,0
ART_PE,D,20170201,000000,33,34.5,33,34.5,0,0
ART_PE,D,20170202,000000,35.3,35.3,33.8,33.9,0,0
ART_PE,D,20170203,000000,35,35,33.5,33.5,0,0
ART_PE,D,20170206,000000,34.9,34.9,34.3,34.3,0,0
ART_PE,D,20170207,000000,34,34,33.9,33.9,0,0
ART_PE,D,20170208,000000,34.9,34.9,33,33.7,0,0
ART_PE,D,20170209,000000,33.7,33.7,33.1,33.5,0,0
ART_PE,D,20170210,000000,33.5,33.8,33,33.7,0,0
ART_PE,D,20170213,000000,33.7,33.7,33,33.7,0,0
ART_PE,D,20170214,000000,33.7,33.9,33.2,33.8,0,0
ART_PE,D,20170215,000000,33.8,34.6,33.3,34.6,0,0
ART_PE,D,20170216,000000,34.5,34.5,33.9,34.3,0,0
ART_PE,D,20170217,000000,34.3,34.3,33.2,33.4,0,0
ART_PE,D,20170220,000000,33.1,34.3,33.1,33.9,0,0
ART_PE,D,20170221,000000,34.4,36.6,33.9,36.3,0,0
ART_PE,D,20170222,000000,35.5,37.9,35.5,37.9,0,0
ART_PE,D,20170223,000000,38,38.4,37.3,38.3,0,0
ART_PE,D,20170224,000000,38.2,38.3,36.4,37.1,0,0
ART_PE,D,20170227,000000,37.1,37.3,36.5,36.9,0,0
ART_PE,D,20170228,000000,36.9,36.9,36.3,36.5,0,0
ART_PE,D,20170301,000000,36.5,36.6,36,36.4,0,0
ART_PE,D,20170302,000000,36.9,36.9,36.4,36.4,0,0
ART_PE,D,20170303,000000,36.6,36.8,36.6,36.6,0,0
ART_PE,D,20170306,000000,36.6,36.6,35.5,36.6,0,0
ART_PE,D,20170307,000000,36.3,36.3,34.9,35.5,0,0
ART_PE,D,20170308,000000,35.5,35.5,35,35.5,0,0
ART_PE,D,20170309,000000,35,35.5,35,35.5,0,0
ART_PE,D,20170310,000000,35.5,35.5,34.5,35.4,0,0
ART_PE,D,20170313,000000,35.4,35.4,33.6,33.7,0,0
ART_PE,D,20170314,000000,33.7,33.7,32.2,32.2,0,0
ART_PE,D,20170315,000000,32.2,32.6,31.3,31.9,0,0
ART_PE,D,20170316,000000,34.1,34.1,32,33.4,0,0
ART_PE,D,20170317,000000,33.4,33.4,32.3,32.6,0,0
ART_PE,D,20170320,000000,33.3,33.3,32.2,32.7,0,0
ART_PE,D,20170321,000000,33.2,33.2,31.8,31.8,0,0
ART_PE,D,20170322,000000,31.9,31.9,31.9,31.9,0,0
ART_PE,D,20170323,000000,32.9,32.9,31.7,32.2,0,0
ART_PE,D,20170324,000000,32.6,32.6,31.8,32.6,0,0
ART_PE,D,20170327,000000,32.6,32.6,32.5,32.5,0,0
ART_PE,D,20170328,000000,32.5,32.8,31.9,32.2,0,0
ART_PE,D,20170329,000000,32.7,32.7,32.2,32.2,0,0
ART_PE,D,20170330,000000,33.1,33.1,32,32.2,0,0
ART_PE,D,20170331,000000,33,33,31.8,32.9,0,0
ART_PE,D,20170403,000000,32.9,33.1,32.1,33.1,0,0
ART_PE,D,20170404,000000,33.1,33.1,33,33.1,0,0
ART_PE,D,20170405,000000,33.1,33.1,33,33.1,0,0
ART_PE,D,20170406,000000,32.3,35.7,30,35.7,0,0
ART_PE,D,20170407,000000,36.6,36.6,35.7,36.5,0,0
ART_PE,D,20170410,000000,36.9,36.9,35.2,35.7,0,0
ART_PE,D,20170411,000000,35.7,35.7,33.2,33.8,0,0
ART_PE,D,20170412,000000,35.6,35.6,32.3,33.5,0,0
ART_PE,D,20170413,000000,33.5,33.8,33.5,33.8,0,0
ART_PE,D,20170418,000000,33.8,33.8,33.1,33.8,0,0
ART_PE,D,20170419,000000,33.8,33.8,32.2,32.8,0,0
ART_PE,D,20170420,000000,32.2,32.9,31.9,32.9,0,0
ART_PE,D,20170421,000000,34.4,34.4,32,32.3,0,0
ART_PE,D,20170424,000000,32.1,33.8,32.1,33.8,0,0
ART_PE,D,20170425,000000,33.8,34.5,33,33.3,0,0
ART_PE,D,20170426,000000,33.9,33.9,32,32.2,0,0
ART_PE,D,20170427,000000,32.3,32.5,31.8,32.2,0,0
ART_PE,D,20170428,000000,32.7,33.1,30.1,30.6,0,0
ART_PE,D,20170502,000000,30.6,31,30,31,0,0
ART_PE,D,20170504,000000,31.2,31.9,30.7,31.9,0,0
ART_PE,D,20170505,000000,31.9,31.9,30.6,31.7,0,0
ART_PE,D,20170508,000000,31.7,31.7,31.5,31.5,0,0
ART_PE,D,20170509,000000,31.5,31.5,29.1,29.1,0,0
ART_PE,D,20170510,000000,31,31,27.9,28.2,0,0
ART_PE,D,20170511,000000,31,31,28.1,28.1,0,0
ART_PE,D,20170512,000000,28.6,28.6,27.2,28.6,0,0
ART_PE,D,20170515,000000,29.2,29.2,27.8,29.1,0,0
ART_PE,D,20170516,000000,29.1,29.1,27.4,28.2,0,0
ART_PE,D,20170517,000000,28.2,28.2,27.4,28.2,0,0
ART_PE,D,20170518,000000,27.4,28.2,27.4,27.4,0,0
ART_PE,D,20170519,000000,29.1,29.1,27.4,29.1,0,0
ART_PE,D,20170522,000000,29.1,29.1,28.2,28.8,0,0
ART_PE,D,20170523,000000,29,29.6,26.9,26.9,0,0
ART_PE,D,20170524,000000,26.9,27.2,26.9,27.2,0,0
ART_PE,D,20170525,000000,28.1,28.1,27.2,27.2,0,0
ART_PE,D,20170526,000000,26.5,27.2,26.5,27.2,0,0
ART_PE,D,20170529,000000,27.2,27.2,26.2,26.2,0,0
ART_PE,D,20170530,000000,27.2,27.2,26.2,26.2,0,0
ART_PE,D,20170531,000000,27.2,27.2,26.1,27.2,0,0
ART_PE,D,20170601,000000,27.2,27.2,26.1,26.3,0,0
ART_PE,D,20170602,000000,26.3,26.3,25.6,26.1,0,0
ART_PE,D,20170605,000000,26.4,26.4,25.1,25.6,0,0
ART_PE,D,20170606,000000,26.1,26.2,26.1,26.2,0,0
ART_PE,D,20170607,000000,26.4,26.4,26.3,26.3,0,0
ART_PE,D,20170608,000000,26.3,26.3,26.3,26.3,0,0
ART_PE,D,20170609,000000,26.3,26.3,25.4,26.3,0,0
ART_PE,D,20170612,000000,26.3,26.3,26.1,26.2,0,0
ART_PE,D,20170613,000000,25.2,25.2,24.4,24.4,0,0
ART_PE,D,20170614,000000,23.2,24,22.1,22.2,0,0
ART_PE,D,20170616,000000,23.8,25.3,23.2,24.6,0,0
ART_PE,D,20170619,000000,23.1,24.6,23.1,24.6,0,0
ART_PE,D,20170620,000000,25.1,25.1,23.8,23.8,0,0
ART_PE,D,20170621,000000,25.2,25.2,23.8,24,0,0
ART_PE,D,20170622,000000,24,24,23.8,24,0,0
ART_PE,D,20170623,000000,24.8,24.8,23.6,24.6,0,0
ART_PE,D,20170626,000000,25.1,25.1,23.8,24.3,0,0
ART_PE,D,20170627,000000,24.9,24.9,23.3,24.6,0,0
ART_PE,D,20170628,000000,24.5,24.5,23.3,23.8,0,0
ART_PE,D,20170629,000000,24.6,24.6,23.4,24.5,0,0
ART_PE,D,20170630,000000,24.5,24.5,23.8,23.8,0,0
ART_PE,D,20170703,000000,23.6,23.6,22.9,22.9,0,0
ART_PE,D,20170704,000000,23.7,23.7,22.3,22.3,0,0
ART_PE,D,20170705,000000,22.1,22.4,22,22.1,0,0
ART_PE,D,20170706,000000,22.4,22.4,22.1,22.1,0,0
ART_PE,D,20170707,000000,22.1,22.1,21.6,22.1,0,0
ART_PE,D,20170710,000000,21.8,22.4,21.8,22.4,0,0
ART_PE,D,20170711,000000,23.1,23.1,22.3,22.4,0,0
ART_PE,D,20170712,000000,23.2,23.2,23.1,23.1,0,0
ART_PE,D,20170713,000000,23.1,23.1,22.9,22.9,0,0
ART_PE,D,20170714,000000,22.9,22.9,21.7,22.1,0,0
ART_PE,D,20170717,000000,21.7,21.7,21.7,21.7,0,0
ART_PE,D,20170718,000000,21.9,22.2,21.8,22.1,0,0
ART_PE,D,20170719,000000,22.9,22.9,22.6,22.6,0,0
ART_PE,D,20170720,000000,22.9,22.9,22.6,22.8,0,0
ART_PE,D,20170721,000000,22.9,22.9,22.8,22.9,0,0
ART_PE,D,20170724,000000,23,23,22.5,22.9,0,0
ART_PE,D,20170725,000000,22.9,22.9,22.4,22.8,0,0
ART_PE,D,20170726,000000,23,23,22,22.9,0,0
ART_PE,D,20170727,000000,22.9,22.9,21.9,22.8,0,0
ART_PE,D,20170728,000000,22.9,22.9,22,22.8,0,0
ART_PE,D,20170731,000000,22.8,22.8,21.6,21.6,0,0
ART_PE,D,20170801,000000,22.8,22.8,21.5,22.1,0,0
ART_PE,D,20170802,000000,22.8,22.8,22.4,22.4,0,0
ART_PE,D,20170803,000000,22.4,22.4,22,22.1,0,0
ART_PE,D,20170804,000000,22.1,22.5,21.6,22.4,0,0
ART_PE,D,20170807,000000,22.4,22.4,22.1,22.4,0,0
ART_PE,D,20170808,000000,22.4,22.4,21.5,22.3,0,0
ART_PE,D,20170809,000000,22.1,22.4,21.5,22.4,0,0
ART_PE,D,20170810,000000,22.4,22.4,22.2,22.2,0,0
ART_PE,D,20170811,000000,22.4,22.4,21.6,22.2,0,0
ART_PE,D,20170814,000000,22.4,23,22.4,22.9,0,0
ART_PE,D,20170816,000000,22.9,24.3,22.9,24.3,0,0
ART_PE,D,20170817,000000,25.1,25.1,23.8,24.3,0,0
ART_PE,D,20170818,000000,24.6,24.6,23.1,23.8,0,0
ART_PE,D,20170821,000000,23.8,23.8,23,23.8,0,0
ART_PE,D,20170822,000000,23.8,23.8,23.1,23.6,0,0
ART_PE,D,20170823,000000,23.8,23.8,22.9,22.9,0,0
ART_PE,D,20170824,000000,23.7,23.7,23.4,23.7,0,0
ART_PE,D,20170825,000000,23.8,23.8,22.3,23.3,0,0
ART_PE,D,20170828,000000,23.3,23.3,22.3,22.8,0,0
ART_PE,D,20170829,000000,22.8,22.8,22.8,22.8,0,0
ART_PE,D,20170830,000000,22.4,22.4,22.4,22.4,0,0
ART_PE,D,20170831,000000,22.6,23.4,22.6,23.3,0,0
ART_PE,D,20170901,000000,23.7,23.7,22.5,22.9,0,0
ART_PE,D,20170904,000000,23.3,23.3,23.2,23.2,0,0
ART_PE,D,20170905,000000,23.2,23.2,22.3,22.9,0,0
ART_PE,D,20170906,000000,23.7,23.7,22.9,22.9,0,0
ART_PE,D,20170907,000000,22.9,22.9,22.1,22.5,0,0
ART_PE,D,20170908,000000,22.1,22.1,22.1,22.1,0,0
ART_PE,D,20170911,000000,22.9,22.9,22,22,0,0
ART_PE,D,20170912,000000,21.6,22.1,21.6,22.1,0,0
ART_PE,D,20170913,000000,22.4,22.4,21.2,21.2,0,0
ART_PE,D,20170914,000000,21.4,21.4,20.4,20.9,0,0
ART_PE,D,20170915,000000,20.5,20.7,19.6,20.4,0,0
ART_PE,D,20170918,000000,19.9,24.1,18.1,24.1,0,0
ART_PE,D,20170919,000000,24.1,24.1,21.7,21.7,0,0
ART_PE,D,20170920,000000,21.4,21.4,19.3,19.8,0,0
ART_PE,D,20170921,000000,19.8,19.9,19.3,19.9,0,0
ART_PE,D,20170922,000000,19.7,20.5,19.7,19.9,0,0
ART_PE,D,20170925,000000,20.1,20.8,19.1,19.9,0,0
ART_PE,D,20170926,000000,19.7,19.7,18.8,18.8,0,0
ART_PE,D,20170927,000000,18.9,19.3,18.9,19.3,0,0
ART_PE,D,20170928,000000,19.3,19.3,19.3,19.3,0,0
ART_PE,D,20170929,000000,19.7,19.7,19.7,19.7,0,0
ART_PE,D,20171002,000000,19.8,19.9,19.8,19.9,0,0
ART_PE,D,20171003,000000,19.9,20,19.1,19.1,0,0
ART_PE,D,20171004,000000,18.3,19.9,17,19.9,0,0
ART_PE,D,20171005,000000,20.4,20.4,19.2,19.9,0,0
ART_PE,D,20171006,000000,19.3,20.2,19.3,19.9,0,0
ART_PE,D,20171009,000000,19.9,19.9,19.8,19.8,0,0
ART_PE,D,20171010,000000,19.9,19.9,18.9,19.4,0,0
ART_PE,D,20171011,000000,19.4,19.9,19.1,19.2,0,0
ART_PE,D,20171012,000000,18.9,19.1,18.6,19.1,0,0
ART_PE,D,20171013,000000,18.6,19.2,18.6,19,0,0
ART_PE,D,20171016,000000,18.8,19,18.8,18.9,0,0
ART_PE,D,20171017,000000,18.9,18.9,18.5,18.8,0,0
ART_PE,D,20171018,000000,18.8,18.8,18.8,18.8,0,0
ART_PE,D,20171019,000000,18.8,18.8,18.6,18.6,0,0
ART_PE,D,20171020,000000,18.6,19.3,18.4,19.3,0,0
ART_PE,D,20171023,000000,19.7,19.7,19.2,19.2,0,0
ART_PE,D,20171024,000000,19.2,19.2,18.8,18.8,0,0
ART_PE,D,20171025,000000,18.8,19,18.8,18.9,0,0
ART_PE,D,20171026,000000,18.8,19.1,18.2,19.1,0,0
ART_PE,D,20171027,000000,19.2,19.2,19.1,19.2,0,0
ART_PE,D,20171030,000000,19.2,19.2,19.1,19.2,0,0
ART_PE,D,20171031,000000,19.2,19.2,18.7,18.8,0,0
ART_PE,D,20171102,000000,18.8,18.8,18.2,18.2,0,0
ART_PE,D,20171103,000000,18.8,18.8,18.2,18.8,0,0
ART_PE,D,20171106,000000,19.1,19.1,18.6,18.6,0,0
ART_PE,D,20171107,000000,18.6,18.6,18.5,18.6,0,0
ART_PE,D,20171108,000000,18.6,19.4,18.6,18.7,0,0
ART_PE,D,20171109,000000,19.2,19.4,17.8,17.8,0,0
ART_PE,D,20171110,000000,17.8,17.8,17.3,17.5,0,0
ART_PE,D,20171113,000000,17.2,17.5,16.1,16.7,0,0
ART_PE,D,20171114,000000,16.1,17.5,16.1,17.2,0,0
ART_PE,D,20171115,000000,17.2,18.9,17.2,18.4,0,0
ART_PE,D,20171116,000000,18.9,18.9,18.1,18.8,0,0
ART_PE,D,20171117,000000,19.1,20.6,18.6,20.5,0,0
ART_PE,D,20171120,000000,22.7,22.7,20.5,21.6,0,0
ART_PE,D,20171121,000000,21.5,21.5,21.1,21.1,0,0
ART_PE,D,20171122,000000,20.9,21.1,19.9,20.7,0,0
ART_PE,D,20171123,000000,20.8,21.2,20.5,20.7,0,0
ART_PE,D,20171124,000000,20,27.5,18.3,27.5,0,0
ART_PE,D,20171127,000000,28.8,28.8,26.4,27.8,0,0
ART_PE,D,20171128,000000,27.8,27.8,25.8,26.3,0,0
ART_PE,D,20171129,000000,26.6,27.1,24,24.5,0,0
ART_PE,D,20171130,000000,24.2,25.1,24,24,0,0
ART_PE,D,20171201,000000,24.5,25,24.5,25,0,0
ART_PE,D,20171204,000000,25,26.3,25,25.4,0,0
ART_PE,D,20171205,000000,26.3,26.3,25.9,25.9,0,0
ART_PE,D,20171206,000000,26.2,26.2,25.2,25.7,0,0
ART_PE,D,20171207,000000,26.2,26.9,26.2,26.9,0,0
ART_PE,D,20171208,000000,27.1,27.2,26.1,27,0,0
ART_PE,D,20171211,000000,27,27,25.9,25.9,0,0
ART_PE,D,20171212,000000,25.9,25.9,25.8,25.9,0,0
ART_PE,D,20171213,000000,26,26,25.1,25.9,0,0
ART_PE,D,20171214,000000,25.9,25.9,24.4,25.7,0,0
ART_PE,D,20171215,000000,25.9,25.9,25.1,25.1,0,0
ART_PE,D,20171218,000000,25.1,25.6,25.1,25.1,0,0
ART_PE,D,20171219,000000,25.1,25.6,25.1,25.1,0,0
ART_PE,D,20171220,000000,25.1,25.4,25,25.4,0,0
ART_PE,D,20171221,000000,25.4,26,25.1,26,0,0
ART_PE,D,20171222,000000,25.9,26,25.4,25.9,0,0
ART_PE,D,20171227,000000,26,26,25.1,25.6,0,0
ART_PE,D,20171228,000000,25.6,26,25.6,25.7,0,0
ART_PE,D,20171229,000000,25.7,25.9,24.8,24.8,0,0
ART_PE,D,20180103,000000,25,25,24.6,24.8,0,0
ART_PE,D,20180104,000000,24.8,24.8,24.4,24.8,0,0
ART_PE,D,20180105,000000,24.2,24.8,24.2,24.8,0,0
ART_PE,D,20180108,000000,26.3,26.3,25.4,25.4,0,0
ART_PE,D,20180109,000000,25.4,26.3,25.4,26.2,0,0
ART_PE,D,20180110,000000,26.2,26.9,25.9,26.9,0,0
ART_PE,D,20180111,000000,26.9,27.9,26.9,27.9,0,0
ART_PE,D,20180112,000000,28,31.4,28,30.3,0,0
ART_PE,D,20180115,000000,31.8,33.5,29.3,29.6,0,0
ART_PE,D,20180116,000000,29.6,29.6,29.3,29.4,0,0
ART_PE,D,20180117,000000,29.4,29.6,29.4,29.6,0,0
ART_PE,D,20180118,000000,29.6,30,29.6,29.7,0,0
ART_PE,D,20180119,000000,29.7,30,29.6,30,0,0
ART_PE,D,20180122,000000,29.9,29.9,29.7,29.9,0,0
ART_PE,D,20180123,000000,30,30,29.3,29.7,0,0
ART_PE,D,20180124,000000,29.9,29.9,29.1,29.4,0,0
ART_PE,D,20180125,000000,30,30,29.1,29.1,0,0
ART_PE,D,20180126,000000,29.2,29.2,29.1,29.1,0,0
ART_PE,D,20180129,000000,30,30,27.8,28.5,0,0
ART_PE,D,20180130,000000,28.6,28.7,28.5,28.5,0,0
ART_PE,D,20180131,000000,29,29.4,28.6,28.6,0,0
ART_PE,D,20180201,000000,28.4,29.1,28.4,29,0,0
ART_PE,D,20180202,000000,28.2,30.5,28.1,30,0,0
ART_PE,D,20180205,000000,30,30,29.1,29.1,0,0
ART_PE,D,20180206,000000,29,30.1,28.1,28.1,0,0
ART_PE,D,20180207,000000,28.1,29.4,28.1,29.4,0,0
ART_PE,D,20180208,000000,29.3,29.3,29.3,29.3,0,0
ART_PE,D,20180209,000000,28.7,29.3,28.2,28.3,0,0
ART_PE,D,20180212,000000,28.2,29.2,27.9,29.1,0,0
ART_PE,D,20180213,000000,29,29,27.1,28.1,0,0
ART_PE,D,20180214,000000,28.9,28.9,27,28.1,0,0
ART_PE,D,20180215,000000,28.8,28.8,27.5,27.8,0,0
ART_PE,D,20180216,000000,27.7,27.7,27.2,27.5,0,0
ART_PE,D,20180219,000000,27.5,27.8,27.5,27.8,0,0
ART_PE,D,20180220,000000,27.8,27.8,27.8,27.8,0,0
ART_PE,D,20180221,000000,28.7,28.7,26.9,27,0,0
ART_PE,D,20180222,000000,27,27.6,27,27.6,0,0
ART_PE,D,20180223,000000,28.9,28.9,27.6,28.8,0,0
ART_PE,D,20180226,000000,28.9,28.9,26.2,26.2,0,0
ART_PE,D,20180227,000000,26.3,26.3,26.2,26.3,0,0
ART_PE,D,20180228,000000,26.2,27.2,26.2,27.2,0,0
ART_PE,D,20180301,000000,26.5,26.9,26.5,26.7,0,0
ART_PE,D,20180302,000000,27.3,27.3,27.3,27.3,0,0
ART_PE,D,20180305,000000,27.3,27.3,26.3,26.3,0,0
ART_PE,D,20180306,000000,27.3,27.3,26.3,27.3,0,0
ART_PE,D,20180307,000000,27.3,27.5,27.3,27.5,0,0
ART_PE,D,20180308,000000,28.4,28.4,27.5,27.5,0,0
ART_PE,D,20180309,000000,27.5,27.5,27.5,27.5,0,0
ART_PE,D,20180312,000000,28.7,29.9,27.2,29.2,0,0
ART_PE,D,20180313,000000,29,29.3,28.5,28.8,0,0
ART_PE,D,20180314,000000,30,30,29.1,29.6,0,0
ART_PE,D,20180315,000000,29.5,29.5,28.5,28.5,0,0
ART_PE,D,20180316,000000,29.6,29.6,28.3,28.4,0,0
ART_PE,D,20180319,000000,28.5,28.5,28.5,28.5,0,0
ART_PE,D,20180320,000000,30,30,28.6,28.6,0,0
ART_PE,D,20180321,000000,29.9,29.9,28.7,28.7,0,0
ART_PE,D,20180322,000000,28.2,28.2,28.1,28.1,0,0
ART_PE,D,20180323,000000,27.5,28.1,27.5,27.5,0,0
ART_PE,D,20180326,000000,28.1,28.1,26.8,26.8,0,0
ART_PE,D,20180327,000000,25.8,26.8,25.3,26.8,0,0
ART_PE,D,20180328,000000,28.1,28.1,28.1,28.1,0,0
ART_PE,D,20180329,000000,28.1,28.1,26.8,26.8,0,0
ART_PE,D,20180403,000000,28.1,28.1,26.4,26.4,0,0
ART_PE,D,20180404,000000,26.4,26.4,26,26,0,0
ART_PE,D,20180405,000000,25.2,26.6,25.2,26.6,0,0
ART_PE,D,20180406,000000,28.1,28.1,27.5,27.5,0,0
ART_PE,D,20180409,000000,27.4,27.4,25.6,27.2,0,0
ART_PE,D,20180410,000000,28,28,27.1,27.2,0,0
ART_PE,D,20180411,000000,27.2,27.2,26.3,26.3,0,0
ART_PE,D,20210406,000000,22.5,22.5,22.5,22.5,0,0
ART_PE,D,20210407,000000,22.9,22.9,22.2,22.2,0,0
ART_PE,D,20210408,000000,22.5,22.8,22.3,22.8,0,0
ART_PE,D,20210409,000000,23,25.2,23,24.6,0,0
ART_PE,D,20210412,000000,24.6,25.4,24.6,24.8,0,0
ART_PE,D,20210413,000000,24.7,26.7,24.7,25.9,0,0
ART_PE,D,20210414,000000,26.2,27,25,25,0,0
ART_PE,D,20210415,000000,25.4,25.9,25.2,25.7,0,0
ART_PE,D,20210416,000000,26.7,27.2,26.4,26.6,0,0
ART_PE,D,20210419,000000,27.5,27.5,25.3,26,0,0
ART_PE,D,20210420,000000,26.3,26.6,25.4,25.9,0,0
ART_PE,D,20210421,000000,26,26,25.5,26,0,0
ART_PE,D,20210422,000000,26.3,26.3,25.9,26,0,0
ART_PE,D,20210423,000000,26.8,26.8,24.5,24.5,0,0
ART_PE,D,20210426,000000,24.8,25.5,23.1,25.2,0,0
ART_PE,D,20210427,000000,25.6,25.6,24.5,25.3,0,0
ART_PE,D,20210428,000000,25.6,25.6,24.7,25.4,0,0
ART_PE,D,20210429,000000,25.8,26,24.8,24.9,0,0
ART_PE,D,20210430,000000,25.3,25.5,23.6,23.6,0,0
ART_PE,D,20210504,000000,23.8,25,23.7,24.3,0,0
ART_PE,D,20210505,000000,24.2,24.7,23.8,24.7,0,0
ART_PE,D,20210506,000000,24.7,24.7,24.2,24.2,0,0
ART_PE,D,20210507,000000,24.2,24.9,22.5,24.5,0,0
ART_PE,D,20210510,000000,24.6,25.8,24.5,25.2,0,0
ART_PE,D,20210511,000000,25.7,25.7,24.3,25,0,0
ART_PE,D,20210512,000000,24.7,25.1,24.7,25,0,0
ART_PE,D,20210513,000000,25,25,23.8,24.5,0,0
ART_PE,D,20210514,000000,24.6,24.7,23.9,24.7,0,0
ART_PE,D,20210517,000000,24.6,24.8,24,24.8,0,0
ART_PE,D,20210518,000000,24.6,24.6,24.3,24.4,0,0
ART_PE,D,20210519,000000,24.5,24.5,23.5,24.2,0,0
ART_PE,D,20210520,000000,23.6,24.1,23.1,23.8,0,0
ART_PE,D,20210521,000000,23.7,23.7,22.8,23,0,0
ART_PE,D,20210524,000000,22.9,23.7,22.5,23,0,0
ART_PE,D,20210525,000000,23.1,23.1,22.5,22.9,0,0
ART_PE,D,20210526,000000,22.5,23.8,22.4,23,0,0
ART_PE,D,20210527,000000,23.1,23.6,18.9,18.9,0,0
ART_PE,D,20210528,000000,18.8,18.9,18.3,18.8,0,0
ART_PE,D,20210531,000000,19.3,19.3,18.6,18.9,0,0
ART_PE,D,20210601,000000,18.5,18.5,17.8,18.2,0,0
ART_PE,D,20210602,000000,18.6,18.6,17.3,17.7,0,0
ART_PE,D,20210604,000000,17.6,17.6,17,17,0,0
ART_PE,D,20210607,000000,17.5,17.5,16.3,16.3,0,0
ART_PE,D,20210608,000000,16.2,16.5,15.7,15.7,0,0
ART_PE,D,20210609,000000,15.9,17.3,15.9,17.2,0,0
ART_PE,D,20210610,000000,16.4,16.9,16.1,16.2,0,0
ART_PE,D,20210611,000000,16.7,16.7,16.2,16.2,0,0
ART_PE,D,20210614,000000,16.4,16.7,16.2,16.5,0,0
ART_PE,D,20210615,000000,16.6,17,16.4,16.6,0,0
ART_PE,D,20210616,000000,16.2,17.2,16.2,17.2,0,0
ART_PE,D,20210617,000000,17.2,17.3,16.7,16.9,0,0
ART_PE,D,20210618,000000,17.1,17.1,16.4,16.5,0,0
ART_PE,D,20210621,000000,16.4,16.9,16.3,16.5,0,0
ART_PE,D,20210622,000000,16.5,16.9,15.8,16.7,0,0
ART_PE,D,20210623,000000,16.7,16.7,16.6,16.7,0,0
ART_PE,D,20210624,000000,16.8,17.2,16.8,17.1,0,0
ART_PE,D,20210625,000000,17.3,17.3,16.6,17.3,0,0
ART_PE,D,20210628,000000,17.3,17.5,17,17.4,0,0
ART_PE,D,20210629,000000,17.5,18.3,17.5,17.9,0,0
ART_PE,D,20210630,000000,18.3,18.3,17.6,18.1,0,0
ART_PE,D,20210701,000000,18.5,18.5,17.9,17.9,0,0
ART_PE,D,20210702,000000,18.3,18.3,17.7,18,0,0
ART_PE,D,20210705,000000,17.7,18.2,17.5,17.5,0,0
ART_PE,D,20210706,000000,17.4,18.1,17,17.6,0,0
ART_PE,D,20210707,000000,17.5,17.5,17,17.3,0,0
ART_PE,D,20210708,000000,17.5,17.5,16.5,16.5,0,0
ART_PE,D,20210709,000000,17.1,17.3,16.8,17.2,0,0
ART_PE,D,20210712,000000,17.6,17.6,16.7,16.7,0,0
ART_PE,D,20210713,000000,17.3,17.3,16.1,16.4,0,0
ART_PE,D,20210714,000000,16.4,16.7,16.3,16.7,0,0
ART_PE,D,20210715,000000,16.9,16.9,16.2,16.2,0,0
ART_PE,D,20210716,000000,16.5,16.5,15.8,16.2,0,0
ART_PE,D,20210719,000000,16.2,16.5,15.3,16.5,0,0
ART_PE,D,20210720,000000,16.7,16.7,16,16.4,0,0
ART_PE,D,20210721,000000,16.6,17.4,16.2,17.4,0,0
ART_PE,D,20210722,000000,17.2,17.5,17,17.3,0,0
ART_PE,D,20210723,000000,17,17,16.7,16.7,0,0
ART_PE,D,20210726,000000,17.1,17.1,16.4,16.5,0,0
ART_PE,D,20210727,000000,16.8,16.8,16.3,16.3,0,0
ART_PE,D,20210728,000000,16.7,17.2,16.4,17,0,0
ART_PE,D,20210729,000000,17,17.6,17,17.6,0,0
ART_PE,D,20210730,000000,17.7,17.9,17.6,17.8,0,0
ART_PE,D,20210802,000000,18,18,17.4,17.6,0,0
ART_PE,D,20210803,000000,17.6,17.8,17.4,17.6,0,0
ART_PE,D,20210804,000000,17.6,18.4,17.6,18.2,0,0
ART_PE,D,20210805,000000,18.3,18.4,18.1,18.3,0,0
ART_PE,D,20210806,000000,18.4,18.4,17.9,18.2,0,0
ART_PE,D,20210809,000000,18.4,18.5,18.1,18.4,0,0
ART_PE,D,20210810,000000,18.6,18.6,17.6,18,0,0
ART_PE,D,20210811,000000,18.2,18.2,17.4,17.5,0,0
ART_PE,D,20210812,000000,17.7,17.7,17.6,17.6,0,0
ART_PE,D,20210813,000000,18,18,17.1,17.5,0,0
ART_PE,D,20210816,000000,17.5,17.6,17.3,17.3,0,0
ART_PE,D,20210817,000000,17.7,17.8,17.5,17.6,0,0
ART_PE,D,20210818,000000,17.7,17.7,16.7,16.7,0,0
ART_PE,D,20210819,000000,16.5,17.1,16.4,16.6,0,0
ART_PE,D,20210820,000000,16.5,16.7,16.5,16.5,0,0
ART_PE,D,20210823,000000,17.2,17.3,17.1,17.3,0,0
ART_PE,D,20210824,000000,17.4,17.4,16.5,17,0,0
ART_PE,D,20210825,000000,16.9,17.6,16.9,17.2,0,0
ART_PE,D,20210826,000000,17.6,17.6,17.2,17.3,0,0
ART_PE,D,20210827,000000,17.5,17.5,16.9,17.3,0,0
ART_PE,D,20210830,000000,17.3,17.3,16.7,17.3,0,0
ART_PE,D,20210831,000000,17.1,17.4,16.9,17.3,0,0
ART_PE,D,20210901,000000,17.2,17.5,17,17.5,0,0
ART_PE,D,20210902,000000,17.6,17.6,16.7,17,0,0
ART_PE,D,20210903,000000,17.2,17.2,16.5,16.6,0,0
ART_PE,D,20210906,000000,16.5,16.8,16.4,16.6,0,0
ART_PE,D,20210907,000000,16.9,16.9,16.4,16.6,0,0
ART_PE,D,20210908,000000,16.7,16.8,16.5,16.6,0,0
ART_PE,D,20210909,000000,17,17,16.6,16.6,0,0
ART_PE,D,20210910,000000,16.8,16.8,16.6,16.7,0,0
ART_PE,D,20210913,000000,17.3,17.7,17.2,17.7,0,0
ART_PE,D,20210914,000000,17.8,17.8,16.3,16.5,0,0
ART_PE,D,20210915,000000,16.7,16.7,16.4,16.4,0,0
ART_PE,D,20210916,000000,16.6,16.7,16.2,16.3,0,0
ART_PE,D,20210917,000000,16.6,16.8,15.5,16.8,0,0
ART_PE,D,20210920,000000,17,17,16.2,16.2,0,0
ART_PE,D,20210921,000000,16.4,16.4,16.1,16.3,0,0
ART_PE,D,20210922,000000,16.4,16.5,15.9,16.5,0,0
ART_PE,D,20210923,000000,16.6,16.8,16.2,16.2,0,0
ART_PE,D,20210924,000000,16.4,16.5,16.2,16.5,0,0
ART_PE,D,20210927,000000,16.8,16.8,16,16.3,0,0
ART_PE,D,20210928,000000,16.4,16.7,16.2,16.2,0,0
ART_PE,D,20210929,000000,16.6,16.6,16.3,16.5,0,0
ART_PE,D,20210930,000000,16.6,16.6,16.2,16.5,0,0
ART_PE,D,20211001,000000,16,16.5,16,16.2,0,0
ART_PE,D,20211004,000000,16.5,16.5,15.9,16.1,0,0
ART_PE,D,20211005,000000,16.3,16.3,15.4,15.6,0,0
ART_PE,D,20211006,000000,15.9,15.9,15.2,15.2,0,0
ART_PE,D,20211007,000000,15,15.4,14.6,14.8,0,0
ART_PE,D,20211008,000000,15.8,15.8,14.7,14.8,0,0
ART_PE,D,20211011,000000,15.1,15.1,14.6,14.8,0,0
ART_PE,D,20211012,000000,15,15,14.6,14.7,0,0
ART_PE,D,20211013,000000,14.9,14.9,14.6,14.7,0,0
ART_PE,D,20211014,000000,14.9,14.9,14.7,14.7,0,0
ART_PE,D,20211015,000000,14.9,14.9,14.7,14.7,0,0
ART_PE,D,20211018,000000,14.9,14.9,14.6,14.9,0,0
ART_PE,D,20211019,000000,14.9,14.9,14.7,14.7,0,0
ART_PE,D,20211020,000000,14.8,14.8,14.6,14.8,0,0
ART_PE,D,20211021,000000,14.8,14.8,14.5,14.7,0,0
ART_PE,D,20211022,000000,14.7,14.7,14.3,14.7,0,0
ART_PE,D,20211025,000000,14.8,15,14.8,14.9,0,0
ART_PE,D,20211026,000000,15.4,15.7,15.4,15.6,0,0
ART_PE,D,20211027,000000,16,16.1,14.7,15,0,0
ART_PE,D,20211028,000000,14.9,14.9,14.6,14.7,0,0
ART_PE,D,20211029,000000,14.7,14.9,14.4,14.9,0,0
ART_PE,D,20211102,000000,14.3,14.4,12.6,12.6,0,0
ART_PE,D,20211103,000000,12.7,13.6,12.7,13.1,0,0
ART_PE,D,20211104,000000,13.2,13.7,12.7,13.4,0,0
ART_PE,D,20211105,000000,13.4,13.6,12.9,13.6,0,0
ART_PE,D,20211108,000000,12.9,13.7,12.9,13.7,0,0
ART_PE,D,20211109,000000,13.7,13.7,13.3,13.3,0,0
ART_PE,D,20211110,000000,13.7,13.7,13.3,13.7,0,0
ART_PE,D,20211112,000000,13.2,13.7,13.2,13.7,0,0
ART_PE,D,20211115,000000,13.8,13.8,13.2,13.7,0,0
ART_PE,D,20211116,000000,13.8,13.8,13.2,13.2,0,0
ART_PE,D,20211117,000000,13.2,13.2,12.8,12.9,0,0
ART_PE,D,20211118,000000,12.9,12.9,12.3,12.5,0,0
ART_PE,D,20211119,000000,13,13,12.3,12.9,0,0
ART_PE,D,20211122,000000,12.3,12.3,11.9,12,0,0
ART_PE,D,20211123,000000,12,12.5,11.8,12.2,0,0
ART_PE,D,20211124,000000,12.4,12.5,11.9,11.9,0,0
ART_PE,D,20211125,000000,12,12.4,11.8,12,0,0
ART_PE,D,20211126,000000,12.1,12.1,10.3,10.3,0,0
ART_PE,D,20211129,000000,10.4,10.4,10,10,0,0
ART_PE,D,20211130,000000,10.2,10.2,9.7,10,0,0
ART_PE,D,20211201,000000,10,10.1,9.9,10,0,0
ART_PE,D,20211202,000000,10.1,10.1,9.7,9.9,0,0
ART_PE,D,20211203,000000,9.9,9.9,9.7,9.8,0,0
ART_PE,D,20211206,000000,9.8,9.8,9.5,9.6,0,0
ART_PE,D,20211207,000000,9.4,9.7,9.4,9.7,0,0
ART_PE,D,20211208,000000,9.7,9.8,9.6,9.6,0,0
ART_PE,D,20211209,000000,9.6,9.6,9.4,9.6,0,0
ART_PE,D,20211210,000000,9.5,9.7,9.4,9.6,0,0
ART_PE,D,20211213,000000,9.6,9.7,9.5,9.7,0,0
ART_PE,D,20211214,000000,9.8,9.8,9.7,9.7,0,0
ART_PE,D,20211215,000000,9.7,9.7,9.4,9.5,0,0
ART_PE,D,20211216,000000,9.6,9.9,9.5,9.5,0,0
ART_PE,D,20211217,000000,9.7,9.8,9.6,9.6,0,0
ART_PE,D,20211220,000000,9.6,9.6,9.4,9.5,0,0
ART_PE,D,20211221,000000,9.5,9.5,9.4,9.5,0,0
ART_PE,D,20211222,000000,9.6,9.6,9.4,9.5,0,0
ART_PE,D,20211223,000000,9.4,9.5,9.3,9.3,0,0
ART_PE,D,20211227,000000,9.3,9.7,9,9.7,0,0
ART_PE,D,20211228,000000,9.6,10.2,9.6,10.2,0,0
ART_PE,D,20211229,000000,10.3,10.3,9.9,10.1,0,0
ART_PE,D,20211230,000000,10.1,10.1,9.9,10,0,0
ART_PE,D,20220103,000000,10.1,10.4,10,10.4,0,0
ART_PE,D,20220104,000000,10.4,10.5,10.3,10.4,0,0
ART_PE,D,20220105,000000,10.4,10.5,10.4,10.4,0,0
ART_PE,D,20220107,000000,10.2,10.4,10.1,10.4,0,0
ART_PE,D,20220110,000000,10.5,10.7,10.3,10.5,0,0
ART_PE,D,20220111,000000,10.5,10.5,10.3,10.4,0,0
ART_PE,D,20220112,000000,10.4,10.4,10.3,10.4,0,0
ART_PE,D,20220113,000000,10.4,10.4,10,10.2,0,0
ART_PE,D,20220114,000000,10.2,10.2,9.8,10,0,0
ART_PE,D,20220117,000000,10.3,10.6,10.3,10.4,0,0
ART_PE,D,20220118,000000,10.8,11.2,10.8,11.2,0,0
ART_PE,D,20220119,000000,11.2,11.2,10.7,11,0,0
ART_PE,D,20220120,000000,11.1,11.2,10.6,11,0,0
ART_PE,D,20220121,000000,10.8,10.9,10.3,10.5,0,0
ART_PE,D,20220124,000000,10.7,10.7,9.8,9.9,0,0
ART_PE,D,20220125,000000,9.9,10.3,9.8,10.3,0,0
ART_PE,D,20220126,000000,10.4,11.6,10.2,11,0,0
ART_PE,D,20220127,000000,11.3,11.3,10.5,10.5,0,0
ART_PE,D,20220128,000000,10.8,10.8,10.2,10.5,0,0
ART_PE,D,20220131,000000,10.6,10.9,10.5,10.8,0,0
ART_PE,D,20220201,000000,10.9,10.9,10.6,10.8,0,0
ART_PE,D,20220202,000000,10.9,11.2,10.8,11.1,0,0
ART_PE,D,20220203,000000,11.2,11.7,11.1,11.6,0,0
ART_PE,D,20220204,000000,11.8,12.4,11.6,11.9,0,0
ART_PE,D,20220207,000000,12,12,11.5,11.8,0,0
ART_PE,D,20220208,000000,12,12,11.2,11.6,0,0
ART_PE,D,20220209,000000,11.7,11.9,11.7,11.8,0,0
ART_PE,D,20220210,000000,11.9,12,11.8,11.9,0,0
ART_PE,D,20220211,000000,12.1,12.5,12.1,12.4,0,0
ART_PE,D,20220214,000000,12.3,12.3,11.7,12.1,0,0
ART_PE,D,20220215,000000,11.9,12.3,11.9,12.2,0,0
ART_PE,D,20220216,000000,12.3,12.9,12.3,12.4,0,0
ART_PE,D,20220217,000000,12.9,13,12.2,12.3,0,0
ART_PE,D,20220218,000000,12.6,12.6,11.7,11.8,0,0
ART_PE,D,20220221,000000,12,12.1,11.3,11.6,0,0
ART_PE,D,20220222,000000,11.4,12.2,11.4,12,0,0
ART_PE,D,20220223,000000,11.9,12.2,11.7,12.1,0,0
ART_PE,D,20220224,000000,11,11.5,9.8,10.4,0,0
ART_PE,D,20220225,000000,10.3,11,10.3,11,0,0
ART_PE,D,20220228,000000,10.8,10.9,10.5,10.8,0,0
ART_PE,D,20220301,000000,11,11.1,10.7,10.9,0,0
ART_PE,D,20220302,000000,11.1,11.1,10,10.5,0,0
ART_PE,D,20220303,000000,10.5,10.7,10.4,10.6,0,0
ART_PE,D,20220304,000000,10.6,10.6,9.9,10.2,0,0
ART_PE,D,20220307,000000,10.2,10.2,9.4,10,0,0
ART_PE,D,20220308,000000,9.9,10.2,9.5,9.7,0,0
ART_PE,D,20220309,000000,9.8,10.1,9.8,10,0,0
ART_PE,D,20220310,000000,10.2,10.7,9.9,10.7,0,0
ART_PE,D,20220311,000000,10.6,10.9,10.5,10.8,0,0
ART_PE,D,20220314,000000,10.8,10.8,10.6,10.7,0,0
ART_PE,D,20220315,000000,10.8,11,10.4,11,0,0
ART_PE,D,20220316,000000,11,11.4,10.9,11.3,0,0
ART_PE,D,20220317,000000,11.4,11.4,10.5,10.6,0,0
ART_PE,D,20220318,000000,11,11,10.6,10.8,0,0
ART_PE,D,20220321,000000,10.8,10.9,10.7,10.8,0,0
ART_PE,D,20220322,000000,10.8,11.4,10.8,11.1,0,0
ART_PE,D,20220323,000000,11.3,11.3,10.6,10.8,0,0
ART_PE,D,20220324,000000,10.8,10.8,10.5,10.8,0,0
ART_PE,D,20220325,000000,10.8,10.9,10.5,10.9,0,0
ART_PE,D,20220328,000000,10.9,11,10.5,10.6,0,0
ART_PE,D,20220329,000000,10.6,11.4,10.4,10.4,0,0
ART_PE,D,20220330,000000,10.6,10.7,10.3,10.5,0,0
ART_PE,D,20220331,000000,10.7,10.8,10,10,0,0
ART_PE,D,20220401,000000,10.3,10.7,10.3,10.4,0,0
ART_PE,D,20220404,000000,10.4,10.5,10.3,10.5,0,0
ART_PE,D,20220405,000000,10.5,10.6,10.4,10.5,0,0
ART_PE,D,20220406,000000,10.5,10.5,10.4,10.5,0,0
ART_PE,D,20220407,000000,10.1,10.3,10,10.3,0,0
ART_PE,D,20220408,000000,10.3,10.3,10,10.1,0,0
ART_PE,D,20220411,000000,10.1,10.2,9.9,10.1,0,0
ART_PE,D,20220412,000000,10.1,10.1,10,10,0,0
ART_PE,D,20220413,000000,10.1,10.1,9.5,9.6,0,0
ART_PE,D,20220414,000000,9.6,9.9,9.6,9.9,0,0
ART_PE,D,20220419,000000,9.9,10,9.7,9.9,0,0
ART_PE,D,20220420,000000,9.9,9.9,9.4,9.6,0,0
ART_PE,D,20220421,000000,9.6,9.7,8.5,8.5,0,0
ART_PE,D,20220422,000000,8.4,8.4,7.8,7.8,0,0
ART_PE,D,20220425,000000,8,8.1,7.8,7.9,0,0
ART_PE,D,20220426,000000,7.9,8.1,7.9,8,0,0
ART_PE,D,20220427,000000,8.1,8.1,7.9,8,0,0
ART_PE,D,20220428,000000,8.1,8.1,8,8,0,0
ART_PE,D,20220429,000000,8.1,8.1,7.5,7.8,0,0
ART_PE,D,20220502,000000,7.8,7.8,7.6,7.6,0,0
ART_PE,D,20220504,000000,7.5,7.7,7.5,7.7,0,0
ART_PE,D,20220505,000000,7.7,7.9,7.7,7.7,0,0
ART_PE,D,20220506,000000,7.8,7.8,7.2,7.4,0,0
ART_PE,D,20220509,000000,7.7,7.7,7.1,7.1,0,0
ART_PE,D,20220510,000000,7.1,7.3,7.1,7.1,0,0
ART_PE,D,20220511,000000,7.1,7.2,7.1,7.2,0,0
ART_PE,D,20220512,000000,7.2,7.2,6.6,6.8,0,0
ART_PE,D,20220513,000000,6.8,7.1,6.7,7.1,0,0
ART_PE,D,20220516,000000,7.1,7.3,7.1,7.3,0,0
ART_PE,D,20220517,000000,7.3,7.3,7.2,7.3,0,0
ART_PE,D,20220518,000000,7.3,7.3,7,7.2,0,0
ART_PE,D,20220519,000000,7.2,7.2,6.9,7,0,0
ART_PE,D,20220520,000000,7,7.5,6.9,7.5,0,0
ART_PE,D,20220523,000000,7.5,7.6,7.2,7.2,0,0
ART_PE,D,20220524,000000,7.3,7.3,6.8,6.9,0,0
ART_PE,D,20220525,000000,6.7,6.9,6.6,6.7,0,0
ART_PE,D,20220526,000000,6.7,6.8,6.6,6.8,0,0
ART_PE,D,20220527,000000,6.9,7.1,6.8,7,0,0
ART_PE,D,20220530,000000,7.1,7.3,7.1,7.1,0,0
ART_PE,D,20220531,000000,7.2,7.2,6.9,6.9,0,0
ART_PE,D,20220601,000000,6.9,7,6.7,6.7,0,0
ART_PE,D,20220602,000000,6.8,7.5,6.8,7.4,0,0
ART_PE,D,20220603,000000,7.6,7.7,7.4,7.4,0,0
ART_PE,D,20220606,000000,7.5,7.9,7.5,7.9,0,0
ART_PE,D,20220607,000000,7.9,8.1,7.6,7.8,0,0
ART_PE,D,20220608,000000,7.8,7.9,7.6,7.8,0,0
ART_PE,D,20220609,000000,7.8,7.8,7.3,7.6,0,0
ART_PE,D,20220610,000000,7.7,7.7,7.2,7.5,0,0
ART_PE,D,20220613,000000,7.5,7.5,6.9,7.2,0,0
ART_PE,D,20220614,000000,7.5,7.5,7,7,0,0
ART_PE,D,20220615,000000,7.4,7.4,6.8,6.9,0,0
ART_PE,D,20220617,000000,7,7,6.7,6.9,0,0
ART_PE,D,20220620,000000,6.9,7.4,6.6,7.2,0,0
ART_PE,D,20220621,000000,7.4,7.5,7.1,7.5,0,0
ART_PE,D,20220622,000000,7.4,7.8,7.2,7.8,0,0
ART_PE,D,20220623,000000,7.8,7.8,7.4,7.7,0,0
ART_PE,D,20220624,000000,7.7,7.9,7.4,7.9,0,0
ART_PE,D,20220627,000000,7.9,8.1,7.7,7.9,0,0
ART_PE,D,20220628,000000,8.2,8.2,7.7,8,0,0
ART_PE,D,20220629,000000,7.8,8,7.6,7.8,0,0
ART_PE,D,20220630,000000,8,8,7.7,7.7,0,0
ART_PE,D,20220701,000000,7.5,8,7.5,8,0,0
ART_PE,D,20220704,000000,8,8,7.7,8,0,0
ART_PE,D,20220705,000000,8.1,8.1,7.3,7.8,0,0
ART_PE,D,20220706,000000,7.9,7.9,7.4,7.5,0,0
ART_PE,D,20220707,000000,7.8,7.9,7.5,7.9,0,0
ART_PE,D,20220708,000000,8.1,8.1,7.4,7.7,0,0
ART_PE,D,20220711,000000,7.7,7.8,7.6,7.8,0,0
ART_PE,D,20220712,000000,7.9,7.9,7.3,7.4,0,0
ART_PE,D,20220713,000000,7.4,7.4,7.3,7.3,0,0
ART_PE,D,20220714,000000,7.4,7.4,7.1,7.3,0,0
ART_PE,D,20220715,000000,7.3,7.3,7.2,7.3,0,0
ART_PE,D,20220718,000000,7.4,7.8,7.4,7.8,0,0
ART_PE,D,20220719,000000,7.9,7.9,7.6,7.6,0,0
ART_PE,D,20220720,000000,7.8,7.8,7.4,7.7,0,0
ART_PE,D,20220721,000000,7.7,7.7,7.5,7.5,0,0
ART_PE,D,20220722,000000,7.7,7.7,7.7,7.7,0,0
ART_PE,D,20220725,000000,7.7,7.7,7.4,7.4,0,0
ART_PE,D,20220726,000000,7.6,7.6,7.4,7.6,0,0
ART_PE,D,20220727,000000,7.6,8.1,7.6,8.1,0,0
ART_PE,D,20220728,000000,8,8,7.3,7.8,0,0
ART_PE,D,20220729,000000,7.8,7.8,7.8,7.8,0,0
ART_PE,D,20220801,000000,7.9,7.9,7.9,7.9,0,0
ART_PE,D,20220802,000000,7.9,7.9,7.7,7.8,0,0
ART_PE,D,20220803,000000,7.8,7.9,7.6,7.7,0,0
ART_PE,D,20220804,000000,7.9,7.9,7.8,7.9,0,0
ART_PE,D,20220805,000000,7.9,7.9,7.6,7.9,0,0
ART_PE,D,20220808,000000,7.9,8,7.6,7.9,0,0
ART_PE,D,20220809,000000,7.9,7.9,7.8,7.8,0,0
ART_PE,D,20220810,000000,7.9,7.9,7.6,7.6,0,0
ART_PE,D,20220811,000000,7.8,7.8,7.6,7.8,0,0
ART_PE,D,20220812,000000,7.7,8,7.7,8,0,0
ART_PE,D,20220816,000000,8,8.1,7.9,8,0,0
ART_PE,D,20220817,000000,8,8,7.8,8,0,0
ART_PE,D,20220818,000000,8,8,7.7,7.9,0,0
ART_PE,D,20220819,000000,7.9,7.9,7.8,7.9,0,0
ART_PE,D,20220822,000000,7.7,7.8,7.6,7.8,0,0
ART_PE,D,20220823,000000,7.8,7.8,7.5,7.5,0,0
ART_PE,D,20220824,000000,7.6,7.6,7.5,7.5,0,0
ART_PE,D,20220825,000000,7.7,7.7,7.6,7.6,0,0
ART_PE,D,20220826,000000,7.6,7.7,7.3,7.7,0,0
ART_PE,D,20220829,000000,7.7,7.7,7.3,7.6,0,0
ART_PE,D,20220830,000000,7.6,7.6,7.3,7.3,0,0
ART_PE,D,20220831,000000,7.4,7.4,6.7,7,0,0
ART_PE,D,20220901,000000,6.8,6.9,6.6,6.8,0,0
ART_PE,D,20220902,000000,6.8,6.8,6.6,6.6,0,0
ART_PE,D,20220905,000000,6.6,6.8,6.6,6.6,0,0
ART_PE,D,20220906,000000,6.7,6.8,6.7,6.8,0,0
ART_PE,D,20220907,000000,6.8,7.1,6.6,6.9,0,0
ART_PE,D,20220908,000000,7,7,6.8,6.9,0,0
ART_PE,D,20220909,000000,6.9,6.9,6.9,6.9,0,0
ART_PE,D,20220912,000000,6.9,6.9,6.7,6.9,0,0
ART_PE,D,20220913,000000,6.9,6.9,6.7,6.8,0,0
ART_PE,D,20220914,000000,6.8,6.9,6.8,6.9,0,0
ART_PE,D,20220915,000000,6.9,7,6.7,7,0,0
ART_PE,D,20220916,000000,7.2,7.2,6.9,7.2,0,0
ART_PE,D,20220919,000000,7.2,7.2,7,7.1,0,0
ART_PE,D,20220920,000000,7.1,7.1,6.8,6.9,0,0
ART_PE,D,20220921,000000,6.6,6.8,6.6,6.8,0,0
ART_PE,D,20220922,000000,6.6,6.7,6.5,6.5,0,0
ART_PE,D,20220923,000000,6.5,6.8,6.5,6.6,0,0
ART_PE,D,20220926,000000,6.6,6.6,6.2,6.5,0,0
ART_PE,D,20220927,000000,6.5,6.5,6.3,6.4,0,0
ART_PE,D,20220928,000000,6.5,6.5,6.1,6.3,0,0
ART_PE,D,20220929,000000,6.3,6.3,6.1,6.3,0,0
ART_PE,D,20220930,000000,6.2,6.2,6.2,6.2,0,0
ART_PE,D,20221003,000000,6.2,6.2,5.9,6.1,0,0
ART_PE,D,20221004,000000,6.2,6.2,5.9,6,0,0
ART_PE,D,20221005,000000,6,6.1,6,6.1,0,0
ART_PE,D,20221006,000000,6,7.5,6,7.5,0,0
ART_PE,D,20221007,000000,7.5,7.5,7.4,7.4,0,0
ART_PE,D,20221010,000000,7.3,7.4,7.1,7.1,0,0
ART_PE,D,20221011,000000,7.2,7.2,7,7.1,0,0
ART_PE,D,20221012,000000,7.1,7.2,7,7.2,0,0
ART_PE,D,20221013,000000,7.2,7.3,6.9,7.3,0,0
ART_PE,D,20221014,000000,7.3,7.3,6.9,6.9,0,0
ART_PE,D,20221017,000000,7.2,7.2,7,7,0,0
ART_PE,D,20221018,000000,7.1,7.1,6.9,7,0,0
ART_PE,D,20221019,000000,7,7,6.8,6.9,0,0
ART_PE,D,20221020,000000,6.9,7,6.8,7,0,0
ART_PE,D,20221021,000000,7,7.3,7,7.1,0,0
ART_PE,D,20221024,000000,7.1,7.1,7.1,7.1,0,0
ART_PE,D,20221025,000000,7.2,7.2,7,7.1,0,0
ART_PE,D,20221026,000000,7.2,7.3,7.1,7.3,0,0
ART_PE,D,20221027,000000,7.3,7.3,7.1,7.2,0,0
ART_PE,D,20221028,000000,7.2,7.2,7,7.2,0,0
ART_PE,D,20221031,000000,7.2,7.2,7.2,7.2,0,0
ART_PE,D,20221102,000000,7.2,7.7,7.2,7.7,0,0
ART_PE,D,20221103,000000,7.7,7.7,7.6,7.6,0,0
ART_PE,D,20221104,000000,7.6,7.7,7.5,7.6,0,0
ART_PE,D,20221107,000000,7.6,7.8,7.6,7.7,0,0
ART_PE,D,20221108,000000,7.7,7.7,7.2,7.6,0,0
ART_PE,D,20221109,000000,7.6,7.6,7.4,7.6,0,0
ART_PE,D,20221110,000000,7.6,7.7,7.2,7.4,0,0
ART_PE,D,20221114,000000,7.5,7.5,7,7.1,0,0
ART_PE,D,20221115,000000,7.2,7.2,7,7,0,0
ART_PE,D,20221116,000000,7,7.2,7,7.2,0,0
ART_PE,D,20221117,000000,7.2,7.4,7.2,7.4,0,0
ART_PE,D,20221118,000000,7.4,7.5,7.4,7.4,0,0
ART_PE,D,20221121,000000,7.2,7.3,7.1,7.3,0,0
ART_PE,D,20221122,000000,7.3,7.3,7,7.2,0,0
ART_PE,D,20221123,000000,7.2,7.4,7.1,7.4,0,0
ART_PE,D,20221124,000000,7.5,7.5,7.3,7.5,0,0
ART_PE,D,20221125,000000,7.5,7.5,7.5,7.5,0,0
ART_PE,D,20221128,000000,7.3,7.5,7.1,7.2,0,0
ART_PE,D,20221129,000000,7.2,7.3,7.2,7.3,0,0
ART_PE,D,20221130,000000,7.4,7.4,7.1,7.1,0,0
ART_PE,D,20221201,000000,7.2,7.2,6.9,7.2,0,0
ART_PE,D,20221202,000000,7.2,8.5,7,8.5,0,0
ART_PE,D,20221205,000000,8.7,8.7,8.6,8.7,0,0
ART_PE,D,20221206,000000,8.8,8.8,8.5,8.7,0,0
ART_PE,D,20221207,000000,8.8,8.8,8.4,8.6,0,0
ART_PE,D,20221208,000000,8.6,8.6,8.4,8.6,0,0
ART_PE,D,20221209,000000,8.5,8.6,8.5,8.6,0,0
ART_PE,D,20221212,000000,8.6,8.7,8.5,8.7,0,0
ART_PE,D,20221213,000000,8.5,8.7,8.4,8.4,0,0
ART_PE,D,20221214,000000,8.6,8.6,8.3,8.5,0,0
ART_PE,D,20221215,000000,8.5,8.5,8.5,8.5,0,0
ART_PE,D,20221216,000000,8.5,8.5,8.3,8.4,0,0
ART_PE,D,20221219,000000,8.5,8.5,8.2,8.3,0,0
ART_PE,D,20221220,000000,8.2,8.3,7.8,8,0,0
ART_PE,D,20221221,000000,7.9,8,7.9,8,0,0
ART_PE,D,20221222,000000,8,8,7.3,7.7,0,0
ART_PE,D,20221223,000000,7.7,7.8,7.3,7.8,0,0
ART_PE,D,20221227,000000,7.5,7.8,7.5,7.6,0,0
ART_PE,D,20221228,000000,7.7,7.7,7.5,7.7,0,0
ART_PE,D,20221229,000000,7.6,7.8,7.6,7.7,0,0
ART_PE,D,20221230,000000,7.7,7.9,7.6,7.9,0,0
ART_PE,D,20230102,000000,7.9,8.3,7.9,8.2,0,0
ART_PE,D,20230103,000000,8.2,8.6,8.2,8.6,0,0
ART_PE,D,20230104,000000,8.6,8.8,8.6,8.7,0,0
ART_PE,D,20230105,000000,8.8,8.8,8.3,8.5,0,0
ART_PE,D,20230109,000000,8.5,8.6,8.4,8.5,0,0
ART_PE,D,20230110,000000,8.5,8.6,8.5,8.5,0,0
ART_PE,D,20230111,000000,8.7,8.9,8.4,8.6,0,0
ART_PE,D,20230112,000000,8.6,9.2,8.6,9,0,0
ART_PE,D,20230113,000000,9,9.1,8.8,9.1,0,0
ART_PE,D,20230116,000000,9.2,9.4,9,9.2,0,0
ART_PE,D,20230117,000000,9.1,9.1,8.5,8.7,0,0
ART_PE,D,20230118,000000,8.8,9,8.6,8.6,0,0
ART_PE,D,20230119,000000,8.9,8.9,8.3,8.4,0,0
ART_PE,D,20230120,000000,8.4,8.6,8.2,8.2,0,0
ART_PE,D,20230123,000000,8.2,8.4,8.2,8.4,0,0
ART_PE,D,20230124,000000,8.8,8.8,8.3,8.7,0,0
ART_PE,D,20230125,000000,8.7,8.8,8.6,8.6,0,0
ART_PE,D,20230126,000000,8.6,9.2,8.6,9.2,0,0
ART_PE,D,20230127,000000,9.2,10.1,9.2,10.1,0,0
ART_PE,D,20230130,000000,10.2,10.5,9.9,10.2,0,0
ART_PE,D,20230131,000000,10.3,10.5,10.2,10.4,0,0
ART_PE,D,20230201,000000,10.4,10.8,10.4,10.4,0,0
ART_PE,D,20230202,000000,10.6,10.7,10.4,10.5,0,0
ART_PE,D,20230203,000000,10.5,10.6,10.2,10.4,0,0
ART_PE,D,20230206,000000,10.4,10.4,10,10.2,0,0
ART_PE,D,20230207,000000,10.3,10.3,9.9,10.1,0,0
ART_PE,D,20230208,000000,10.1,10.4,10.1,10.4,0,0
ART_PE,D,20230209,000000,10.5,11.9,10.5,11.7,0,0
ART_PE,D,20230210,000000,12,12,11.5,11.9,0,0
ART_PE,D,20230213,000000,11.9,12.4,11.9,12.3,0,0
ART_PE,D,20230214,000000,12.3,12.5,12.2,12.5,0,0
ART_PE,D,20230215,000000,12.5,12.5,11.9,12.4,0,0
ART_PE,D,20230216,000000,12.4,12.5,12.2,12.5,0,0
ART_PE,D,20230217,000000,12.5,12.5,12,12.5,0,0
ART_PE,D,20230220,000000,12.5,12.5,12,12.3,0,0
ART_PE,D,20230221,000000,12.3,12.3,11.8,11.9,0,0
ART_PE,D,20230222,000000,11.9,12.1,11.6,11.9,0,0
ART_PE,D,20230223,000000,11.9,12.3,11.7,12.3,0,0
ART_PE,D,20230224,000000,12.3,12.7,12.1,12.6,0,0
ART_PE,D,20230227,000000,12.6,12.9,12.6,12.9,0,0
ART_PE,D,20230228,000000,13,13.2,12.9,13.1,0,0
ART_PE,D,20230301,000000,13.1,13.2,12.4,12.4,0,0
ART_PE,D,20230302,000000,12.4,12.7,12.2,12.5,0,0
ART_PE,D,20230303,000000,12.5,12.8,12,12.4,0,0
ART_PE,D,20230306,000000,12.4,12.6,11.9,12.6,0,0
ART_PE,D,20230307,000000,12.6,13.2,12.3,13.1,0,0
ART_PE,D,20230308,000000,13.8,15.4,13.8,14.5,0,0
ART_PE,D,20230309,000000,14.6,15.1,14,14.9,0,0
ART_PE,D,20230310,000000,14.7,14.8,13.9,14.8,0,0
ART_PE,D,20230313,000000,15.1,16,14.5,15.7,0,0
ART_PE,D,20230314,000000,16,16.8,16,16.8,0,0
ART_PE,D,20230315,000000,16.8,16.8,15.4,16,0,0
ART_PE,D,20230316,000000,16.1,17,16.1,16.4,0,0
ART_PE,D,20230317,000000,16.4,16.8,15.8,16.2,0,0
ART_PE,D,20230320,000000,16.2,16.4,15.7,16.4,0,0
ART_PE,D,20230321,000000,16.4,16.7,15.5,16.7,0,0
ART_PE,D,20230322,000000,16.7,16.8,16.1,16.6,0,0
ART_PE,D,20230323,000000,16.8,16.8,16.2,16.7,0,0
ART_PE,D,20230324,000000,16.3,17.3,16.3,17.2,0,0
ART_PE,D,20230327,000000,17.1,17.3,16.8,17,0,0
ART_PE,D,20230328,000000,17.2,17.3,16.7,17,0,0
ART_PE,D,20230329,000000,16.9,16.9,16.2,16.6,0,0
ART_PE,D,20230330,000000,16.6,16.6,15.9,16.3,0,0
ART_PE,D,20230331,000000,16.4,17,16,17,0,0
ART_PE,D,20230403,000000,17.3,18.1,12,12,0,0
ART_PE,D,20230404,000000,12,12.1,11.4,11.6,0,0
ART_PE,D,20230405,000000,11.6,12.2,11.5,12.2,0,0
ART_PE,D,20230406,000000,12.3,13.3,12.3,12.6,0,0
ART_PE,D,20230411,000000,13,13.1,12.6,12.9,0,0
ART_PE,D,20230412,000000,12.8,13.1,12.6,12.8,0,0
ART_PE,D,20230413,000000,12.8,13.1,12.6,13.1,0,0
ART_PE,D,20230414,000000,12.9,13.2,12.9,13.1,0,0
ART_PE,D,20230417,000000,13,13,12.7,12.9,0,0
ART_PE,D,20230418,000000,12.7,12.8,12.3,12.6,0,0
ART_PE,D,20230419,000000,12.7,12.8,12.6,12.8,0,0
ART_PE,D,20230420,000000,12.8,12.8,12.3,12.3,0,0
ART_PE,D,20230421,000000,12.6,12.6,12.1,12.6,0,0
ART_PE,D,20230424,000000,12.5,13,12.2,12.5,0,0
ART_PE,D,20230425,000000,12.4,12.5,12,12.2,0,0
ART_PE,D,20230426,000000,12.2,12.6,12.2,12.3,0,0
ART_PE,D,20230427,000000,11.9,12.6,11.9,12.6,0,0
ART_PE,D,20230428,000000,12.6,12.6,12.3,12.3,0,0
ART_PE,D,20230502,000000,12.3,12.4,12.1,12.4,0,0
ART_PE,D,20230504,000000,12.5,12.7,12.1,12.1,0,0
ART_PE,D,20230505,000000,12.3,12.3,11.9,12.2,0,0
ART_PE,D,20230508,000000,12.1,12.1,11.9,11.9,0,0
ART_PE,D,20230509,000000,12.1,12.1,11.1,11.6,0,0
ART_PE,D,20230510,000000,11.5,11.6,11.3,11.3,0,0
ART_PE,D,20230511,000000,11.2,12.1,11.2,11.3,0,0
ART_PE,D,20230512,000000,11.3,11.8,11.3,11.7,0,0
ART_PE,D,20230515,000000,11.6,11.8,11.1,11.1,0,0
ART_PE,D,20230516,000000,11.1,11.4,11.1,11.3,0,0
ART_PE,D,20230517,000000,11.3,11.4,11.2,11.2,0,0
ART_PE,D,20230518,000000,11.3,12.2,11.2,12.2,0,0
ART_PE,D,20230519,000000,12.3,12.3,11.7,11.8,0,0
ART_PE,D,20230522,000000,11.8,12.2,11.7,11.8,0,0
ART_PE,D,20230523,000000,11.8,12.1,11.5,12.1,0,0
ART_PE,D,20230524,000000,11.9,12.2,11.7,11.7,0,0
ART_PE,D,20230525,000000,11.7,11.8,11.6,11.6,0,0
ART_PE,D,20230526,000000,11.6,12.1,11.1,12.1,0,0
ART_PE,D,20230529,000000,12.2,12.5,12.1,12.5,0,0
ART_PE,D,20230530,000000,12.5,12.8,12.5,12.6,0,0
ART_PE,D,20230531,000000,12.6,12.6,11.9,12.1,0,0
ART_PE,D,20230601,000000,12.3,12.3,12,12.3,0,0
ART_PE,D,20230602,000000,12.3,12.7,12,12.6,0,0
ART_PE,D,20230605,000000,12.4,12.4,12.1,12.2,0,0
ART_PE,D,20230606,000000,12.5,12.5,12.2,12.4,0,0
ART_PE,D,20230607,000000,12.6,13.5,12.5,12.6,0,0
ART_PE,D,20230609,000000,12.7,13,12.3,12.6,0,0
ART_PE,D,20230612,000000,12.5,12.5,12.3,12.5,0,0
ART_PE,D,20230613,000000,13.4,13.7,13.1,13.2,0,0
ART_PE,D,20230614,000000,13.3,13.7,13.3,13.5,0,0
ART_PE,D,20230615,000000,13.5,13.5,13.1,13.3,0,0
ART_PE,D,20230616,000000,13.3,13.5,13.1,13.4,0,0
ART_PE,D,20230619,000000,13.5,13.7,13.3,13.7,0,0
ART_PE,D,20230620,000000,13.7,14.1,13.3,14.1,0,0
ART_PE,D,20230621,000000,14,14.8,13.8,14.8,0,0
ART_PE,D,20230622,000000,14.5,16,14.5,15.9,0,0
ART_PE,D,20230623,000000,15.8,16.5,15.5,16.1,0,0
ART_PE,D,20230626,000000,16.1,16.2,15.8,16.2,0,0
ART_PE,D,20230627,000000,16.1,16.1,15.4,15.7,0,0
ART_PE,D,20230628,000000,15.4,15.8,15.1,15.4,0,0
ART_PE,D,20230629,000000,15.3,15.3,14.6,14.6,0,0
ART_PE,D,20230630,000000,14.7,14.9,14.2,14.6,0,0
ART_PE,D,20230703,000000,14.8,15.8,14.8,15.2,0,0
ART_PE,D,20230704,000000,15.4,15.7,15.3,15.4,0,0
ART_PE,D,20230705,000000,15.5,15.5,14.8,15.2,0,0
ART_PE,D,20230706,000000,15.3,15.8,15.1,15.2,0,0
ART_PE,D,20230707,000000,15.5,16.2,15,15.7,0,0
ART_PE,D,20230710,000000,15.7,17.2,15.7,17.2,0,0
ART_PE,D,20230711,000000,17.2,17.2,16.6,16.9,0,0
ART_PE,D,20230712,000000,17.3,17.3,16.7,17.1,0,0
ART_PE,D,20230713,000000,17.1,17.3,16.9,17.2,0,0
ART_PE,D,20230714,000000,17.2,17.2,16.3,16.5,0,0
ART_PE,D,20230717,000000,16.3,16.3,16,16,0,0
ART_PE,D,20230718,000000,15.8,16.1,15.2,16,0,0
ART_PE,D,20230719,000000,16.1,16.1,15.6,15.9,0,0
ART_PE,D,20230720,000000,15.9,16.1,15.7,15.9,0,0
ART_PE,D,20230721,000000,16.1,16.1,15.7,16,0,0
ART_PE,D,20230724,000000,16,16,15.8,16,0,0
ART_PE,D,20230725,000000,15.9,16,15.5,16,0,0
ART_PE,D,20230726,000000,15.9,15.9,15.7,15.8,0,0
ART_PE,D,20230727,000000,15.8,15.8,15.6,15.7,0,0
ART_PE,D,20230728,000000,15.7,15.7,15.2,15.4,0,0
ART_PE,D,20230731,000000,15.4,15.9,15.3,15.9,0,0
ART_PE,D,20230801,000000,15.9,16.5,15.5,16.5,0,0
ART_PE,D,20230802,000000,16.4,17.4,16.3,17.1,0,0
ART_PE,D,20230803,000000,17,17.7,17,17.6,0,0
ART_PE,D,20230804,000000,17.4,17.6,17.387,17.6,0,0
ART_PE,D,20230807,000000,17.599,17.867,17.439,17.5,0,0
ART_PE,D,20230808,000000,17.501,17.821,17.447,17.8,0,0
ART_PE,D,20230809,000000,17.693,17.693,16.894,17.4,0,0
ART_PE,D,20230810,000000,17.346,17.613,16.599,17.6,0,0
ART_PE,D,20230811,000000,17.707,17.707,17.173,17.4,0,0
ART_PE,D,20230814,000000,17.4,17.827,16.919,17.3,0,0
ART_PE,D,20230816,000000,17.3,17.6,16.874,17.6,0,0
ART_PE,D,20230817,000000,17.493,17.5,16.96,17.5,0,0
ART_PE,D,20230818,000000,17.554,17.554,16.967,17.5,0,0
ART_PE,D,20230821,000000,17.125,17.125,16.751,16.9,0,0
ART_PE,D,20230822,000000,16.793,17.489,16.793,17.4,0,0
ART_PE,D,20230823,000000,17.453,17.613,17.079,17.5,0,0
ART_PE,D,20230824,000000,17.928,18.675,17.928,18.5,0,0
ART_PE,D,20230825,000000,18.501,19.087,18.501,18.8,0,0
ART_PE,D,20230828,000000,18.801,18.9,18.375,18.9,0,0
ART_PE,D,20230829,000000,18.687,19.007,18.366,18.8,0,0
ART_PE,D,20230830,000000,18.799,20.241,18.799,20.2,0,0
ART_PE,D,20230831,000000,20.414,20.467,19.081,19.1,0,0
ART_PE,D,20230901,000000,18.886,19.8,18.886,19.8,0,0
ART_PE,D,20230904,000000,19.639,19.693,19.052,19.1,0,0
ART_PE,D,20230905,000000,19.26,19.474,18.297,18.3,0,0
ART_PE,D,20230906,000000,18.408,19.531,17.765,19.3,0,0
ART_PE,D,20230907,000000,19.407,19.514,19.194,19.4,0,0
ART_PE,D,20230908,000000,19.508,19.721,19.401,19.5,0,0
ART_PE,D,20230911,000000,19.712,19.712,19.073,19.7,0,0
ART_PE,D,20230912,000000,19.701,19.701,19.167,19.5,0,0
ART_PE,D,20230913,000000,19.499,19.499,19.02,19.4,0,0
ART_PE,D,20230914,000000,19.401,19.6,19.081,19.6,0,0
ART_PE,D,20230915,000000,19.44,19.601,19.173,19.6,0,0
ART_PE,D,20230918,000000,19.601,19.761,19.227,19.7,0,0
ART_PE,D,20230919,000000,19.7,19.7,19.167,19.7,0,0
ART_PE,D,20230920,000000,19.701,19.701,19.221,19.6,0,0
ART_PE,D,20230921,000000,19.599,20.239,14.2,14.2,0,0
ART_PE,D,20230922,000000,14.2,14.4,14.2,14.4,0,0
ART_PE,D,20230925,000000,14.438,14.928,14.438,14.9,0,0
ART_PE,D,20230926,000000,14.9,14.9,14.561,14.9,0,0
ART_PE,D,20230927,000000,14.674,14.9,14.599,14.7,0,0
ART_PE,D,20230928,000000,14.7,14.738,13.946,14.3,0,0
ART_PE,D,20230929,000000,14.262,14.863,13.737,13.9,0,0
ART_PE,D,20231002,000000,13.976,13.976,12.999,13.2,0,0
ART_PE,D,20231003,000000,13.5,13.613,12.9,13.4,0,0
ART_PE,D,20231004,000000,13.137,13.5,13.137,13.5,0,0
ART_PE,D,20231005,000000,13.689,13.689,13.236,13.4,0,0
ART_PE,D,20231006,000000,13.4,13.4,12.308,12.4,0,0
ART_PE,D,20231009,000000,12.438,12.815,12.4,12.7,0,0
ART_PE,D,20231010,000000,12.7,13.264,12.55,13.1,0,0
ART_PE,D,20231011,000000,13.362,13.55,13.137,13.5,0,0
ART_PE,D,20231012,000000,13.5,13.9,13.313,13.9,0,0
ART_PE,D,20231013,000000,13.9,13.938,13.675,13.8,0,0
ART_PE,D,20231016,000000,13.8,14.177,13.385,14.1,0,0
ART_PE,D,20231017,000000,14.025,14.025,13.837,13.9,0,0
ART_PE,D,20231018,000000,13.787,13.863,13.411,13.8,0,0
ART_PE,D,20231019,000000,13.8,14.1,13.688,14.1,0,0
ART_PE,D,20231020,000000,14.1,14.1,13.686,13.9,0,0
ART_PE,D,20231023,000000,13.675,14,13.487,14,0,0
ART_PE,D,20231024,000000,13.924,13.924,13.473,13.5,0,0
ART_PE,D,20231025,000000,13.313,13.5,12.9,13.3,0,0
ART_PE,D,20231026,000000,13.262,13.262,12.738,13.2,0,0
ART_PE,D,20231027,000000,13.086,13.878,12.936,13.1,0,0
ART_PE,D,20231030,000000,12.95,12.95,12.573,12.9,0,0
ART_PE,D,20231031,000000,12.787,12.787,12.373,12.4,0,0
ART_PE,D,20231102,000000,12.4,12.777,12.4,12.5,0,0
ART_PE,D,20231103,000000,12.387,12.913,12.387,12.9,0,0
ART_PE,D,20231106,000000,12.9,13.388,12.9,13.3,0,0
ART_PE,D,20231107,000000,13.3,13.3,12.699,13,0,0
ART_PE,D,20231108,000000,13.151,13.151,12.3,12.3,0,0
ART_PE,D,20231109,000000,12.262,12.3,11.773,12,0,0
ART_PE,D,20231110,000000,12,12,11.663,11.8,0,0
ART_PE,D,20231113,000000,11.725,12.212,11.725,12.2,0,0
ART_PE,D,20231114,000000,12.237,12.5,12.162,12.5,0,0
ART_PE,D,20231115,000000,12.5,12.688,12.387,12.5,0,0
ART_PE,D,20231116,000000,12.5,13.253,12.048,13,0,0
ART_PE,D,20231117,000000,13.189,13.189,12.925,13.1,0,0
ART_PE,D,20231120,000000,13.025,13.552,12.649,13.5,0,0
ART_PE,D,20231121,000000,13.5,13.763,11.6,11.6,0,0
ART_PE,D,20231122,000000,11.568,11.568,11.279,11.3,0,0
ART_PE,D,20231123,000000,11.3,11.59,11.2,11.2,0,0
ART_PE,D,20231124,000000,11.52,11.68,11.2,11.6,0,0
ART_PE,D,20231127,000000,11.6,11.6,10.8,10.8,0,0
ART_PE,D,20231128,000000,10.928,10.928,10.639,10.8,0,0
ART_PE,D,20231129,000000,10.768,10.96,10.576,10.6,0,0
ART_PE,D,20231130,000000,10.6,10.9,10.6,10.9,0,0
ART_PE,D,20231201,000000,10.932,11.704,10.707,11.7,0,0
ART_PE,D,20231204,000000,11.635,11.668,11.345,11.5,0,0
ART_PE,D,20231205,000000,11.596,11.661,11.435,11.6,0,0
ART_PE,D,20231206,000000,11.6,11.794,11.407,11.5,0,0
ART_PE,D,20231207,000000,11.532,11.886,11.468,11.6,0,0
ART_PE,D,20231208,000000,11.697,11.922,11.697,11.9,0,0
ART_PE,D,20231211,000000,11.997,11.997,11.546,11.8,0,0
ART_PE,D,20231212,000000,11.768,11.768,11.446,11.6,0,0
ART_PE,D,20231213,000000,11.6,11.729,11.536,11.7,0,0
ART_PE,D,20231214,000000,11.218,11.507,10.928,11,0,0
ART_PE,D,20231215,000000,11.032,11.193,11,11.1,0,0
ART_PE,D,20231218,000000,11.004,11.1,10.876,10.9,0,0
ART_PE,D,20231219,000000,10.9,11.2,10.868,11.2,0,0
ART_PE,D,20231220,000000,11.071,11.264,11.071,11.1,0,0
ART_PE,D,20231221,000000,11.228,11.228,10.907,11,0,0
ART_PE,D,20231222,000000,10.872,11.258,10.872,11.2,0,0
ART_PE,D,20231227,000000,10.944,11.072,10.752,10.8,0,0
ART_PE,D,20231228,000000,10.864,11.1,10.864,11.1,0,0
ART_PE,D,20231229,000000,11.1,11.164,10.874,11,0,0
ART_PE,D,20240102,000000,10.872,11.352,10.872,11.2,0,0
ART_PE,D,20240103,000000,11.329,11.425,11.04,11.4,0,0
ART_PE,D,20240104,000000,11.4,11.722,11.304,11.6,0,0
ART_PE,D,20240105,000000,11.6,11.7,11.504,11.7,0,0
ART_PE,D,20240108,000000,11.7,12.343,11.7,12.1,0,0
ART_PE,D,20240109,000000,12.164,12.42,12.1,12.2,0,0
ART_PE,D,20240110,000000,12.071,12.425,12.071,12.1,0,0
ART_PE,D,20240111,000000,12.132,12.5,12.1,12.5,0,0
ART_PE,D,20240112,000000,12.532,13.239,12.532,13.2,0,0
ART_PE,D,20240115,000000,13.329,13.587,13.071,13.3,0,0
ART_PE,D,20240116,000000,13.493,13.557,13.107,13.2,0,0
ART_PE,D,20240117,000000,13.2,13.265,12.685,12.8,0,0
ART_PE,D,20240118,000000,12.64,13.2,12.64,13.2,0,0
ART_PE,D,20240119,000000,13.264,13.264,13.008,13.1,0,0
ART_PE,D,20240122,000000,13.164,13.806,13.164,13.8,0,0
ART_PE,D,20240123,000000,13.992,13.992,13.607,13.7,0,0
ART_PE,D,20240124,000000,13.7,14.215,13.572,14.1,0,0
ART_PE,D,20240125,000000,14.229,14.615,14.164,14.3,0,0
ART_PE,D,20240126,000000,14.3,14.557,14.172,14.4,0,0
ART_PE,D,20240129,000000,14.528,14.657,14.335,14.6,0,0
ART_PE,D,20240130,000000,14.6,14.728,14.536,14.7,0,0
ART_PE,D,20240131,000000,14.572,14.8,14.187,14.8,0,0
ART_PE,D,20240201,000000,14.478,14.8,14.2,14.2,0,0
ART_PE,D,20240202,000000,14.2,14.2,13.365,13.7,0,0
ART_PE,D,20240205,000000,13.7,14.213,13.188,13.2,0,0
ART_PE,D,20240206,000000,13.713,14.418,13.649,13.9,0,0
ART_PE,D,20240207,000000,13.9,14.157,13.9,13.9,0,0
ART_PE,D,20240208,000000,13.9,14.414,13.9,14,0,0
ART_PE,D,20240209,000000,14.257,14.45,14.193,14.2,0,0
ART_PE,D,20240212,000000,14.2,14.4,14.008,14.4,0,0
ART_PE,D,20240213,000000,14.335,14.464,14.078,14.1,0,0
ART_PE,D,20240214,000000,14.1,14.808,14.1,14.5,0,0
ART_PE,D,20240215,000000,14.564,14.564,14.1,14.1,0,0
ART_PE,D,20240216,000000,14.1,14.3,14.1,14.3,0,0
ART_PE,D,20240219,000000,14.172,14.3,13.916,14,0,0
ART_PE,D,20240220,000000,14,14.257,13.872,14,0,0
ART_PE,D,20240221,000000,13.936,14.45,13.936,14.2,0,0
ART_PE,D,20240222,000000,14.136,14.7,14.072,14.7,0,0
ART_PE,D,20240223,000000,14.7,15.021,14.379,14.8,0,0
ART_PE,D,20240226,000000,14.8,14.928,14.478,14.8,0,0
ART_PE,D,20240227,000000,14.8,14.864,14.7,14.7,0,0
ART_PE,D,20240228,000000,14.7,14.8,14.508,14.8,0,0
ART_PE,D,20240229,000000,14.8,15.636,14.8,15.4,0,0
ART_PE,D,20240301,000000,15.85,16.363,15.657,16.1,0,0
ART_PE,D,20240304,000000,16.1,16.1,15.523,15.523,0,0
ART_PE,D,20240305,000000,15.715,15.715,15.394,15.5,0,0
ART_PE,D,20240306,000000,15.758,16.015,15.629,15.9,0,0
ART_PE,D,20240307,000000,16.029,16.606,16.029,16.6,0,0
ART_PE,D,20240308,000000,16.6,16.6,16.408,16.6,0,0
ART_PE,D,20240311,000000,16.6,16.665,16.472,16.6,0,0
ART_PE,D,20240312,000000,16.472,16.729,15.639,16.1,0,0
ART_PE,D,20240313,000000,15.972,16.5,15.972,16.5,0,0
ART_PE,D,20240314,000000,16.5,16.5,16.243,16.4,0,0
ART_PE,D,20240315,000000,16.4,16.528,16.014,16.335,0,0
ART_PE,D,20240318,000000,16.335,16.721,16.335,16.4,0,0
ART_PE,D,20240319,000000,16.4,16.721,16.207,16.6,0,0
ART_PE,D,20240320,000000,16.6,17.051,16.536,16.9,0,0
ART_PE,D,20240321,000000,16.9,16.964,16.516,16.8,0,0
ART_PE,D,20240322,000000,16.735,17.057,16.607,16.9,0,0
ART_PE,D,20240325,000000,16.9,16.964,16.452,16.6,0,0
ART_PE,D,20240326,000000,16.729,16.729,16.407,16.7,0,0
ART_PE,D,20240327,000000,16.7,16.7,16.379,16.7,0,0
ART_PE,D,20240328,000000,16.764,17.085,12.7,12.7,0,0
ART_PE,D,20240402,000000,12.795,13.034,12.795,13,0,0
ART_PE,D,20240403,000000,13,13.143,12.522,13,0,0
ART_PE,D,20240404,000000,13.048,13.382,12.904,13.2,0,0
ART_PE,D,20240405,000000,13.152,13.6,13.009,13.6,0,0
ART_PE,D,20240408,000000,13.648,14.127,13.648,14.1,0,0
ART_PE,D,20240409,000000,14.1,14.1,13.909,14,0,0
ART_PE,D,20240410,000000,13.857,14.048,13.429,14,0,0
ART_PE,D,20240411,000000,14.048,14.19,13.619,14.1,0,0
ART_PE,D,20240412,000000,14.195,14.195,13.719,14,0,0
ART_PE,D,20240415,000000,14,14.095,13.617,14,0,0
ART_PE,D,20240416,000000,13.714,14.048,13.524,14,0,0
ART_PE,D,20240417,000000,14.048,14.19,13.81,14.1,0,0
ART_PE,D,20240418,000000,14.1,14.1,13.766,14,0,0
ART_PE,D,20240419,000000,13.714,13.81,13.238,13.8,0,0
ART_PE,D,20240422,000000,13.657,13.8,13.37,13.7,0,0
ART_PE,D,20240423,000000,13.557,13.748,13.415,13.7,0,0
ART_PE,D,20240424,000000,13.795,14.082,13.7,13.9,0,0
ART_PE,D,20240425,000000,13.9,14.043,13.662,13.8,0,0
ART_PE,D,20240426,000000,13.8,13.991,13.372,13.9,0,0
ART_PE,D,20240429,000000,13.9,13.995,13.615,13.8,0,0
ART_PE,D,20240430,000000,13.752,13.752,13.418,13.6,0,0
ART_PE,D,20240502,000000,13.504,13.791,13.075,13.743,0,0
ART_PE,D,20240506,000000,13.504,13.7,13.409,13.7,0,0
ART_PE,D,20240507,000000,13.366,13.366,12.65,12.7,0,0
ART_PE,D,20240508,000000,12.317,12.556,11.454,12.3,0,0
ART_PE,D,20240509,000000,12.157,12.3,11.6,11.6,0,0
ART_PE,D,20240510,000000,11.505,11.505,10.982,11.3,0,0
ART_PE,D,20240513,000000,11.396,12.21,11.396,11.9,0,0
ART_PE,D,20240514,000000,12.186,12.186,11.71,11.9,0,0
ART_PE,D,20240515,000000,11.853,11.9,11.615,11.9,0,0
ART_PE,D,20240516,000000,11.948,12.235,10.6,10.6,0,0
ART_PE,D,20240517,000000,10.558,10.642,10.347,10.5,0,0
ART_PE,D,20240520,000000,10.92,11.382,10.836,11.3,0,0
ART_PE,D,20240521,000000,11.258,11.509,11.007,11.5,0,0
ART_PE,D,20240522,000000,11.542,11.542,11.124,11.3,0,0
ART_PE,D,20240523,000000,11.3,11.384,10.963,11.1,0,0
ART_PE,D,20240524,000000,11.1,11.351,11.058,11.3,0,0
ART_PE,D,20240527,000000,11.3,11.342,10.838,10.9,0,0
ART_PE,D,20240528,000000,10.9,10.942,10.565,10.8,0,0
ART_PE,D,20240529,000000,10.8,11.18,10.715,11.1,0,0
ART_PE,D,20240531,000000,11.142,11.142,10.765,11,0,0
ART_PE,D,20240603,000000,11,11.252,10.832,11.2,0,0
ART_PE,D,20240604,000000,11.158,11.326,10.821,10.9,0,0
ART_PE,D,20240605,000000,10.858,10.858,10.69,10.8,0,0
ART_PE,D,20240606,000000,10.758,10.758,10.589,10.6,0,0
ART_PE,D,20240607,000000,10.6,11.145,10.474,10.9,0,0
ART_PE,D,20240610,000000,10.9,10.942,10.69,10.7,0,0
ART_PE,D,20240611,000000,10.7,10.7,10.07,10.4,0,0
ART_PE,D,20240612,000000,10.484,10.694,9.939,10,0,0
ART_PE,D,20240613,000000,9.958,9.958,9.623,9.7,0,0
ART_PE,D,20240614,000000,9.742,9.742,9.278,9.3,0,0
ART_PE,D,20240617,000000,9.426,9.847,9.384,9.8,0,0
ART_PE,D,20240618,000000,9.8,10.305,9.8,9.884,0,0
ART_PE,D,20240619,000000,9.884,9.884,9.674,9.8,0,0
ART_PE,D,20240620,000000,9.884,10.262,9.884,10.2,0,0
ART_PE,D,20240621,000000,10.158,10.242,10.074,10.2,0,0
ART_PE,D,20240624,000000,10.2,10.451,9.865,9.9,0,0
ART_PE,D,20240625,000000,9.9,9.9,9.565,9.6,0,0
ART_PE,D,20240626,000000,9.6,9.811,9.6,9.8,0,0
ART_PE,D,20240627,000000,9.8,9.926,9.59,9.6,0,0
ART_PE,D,20240628,000000,9.726,9.768,9.6,9.6,0,0
ART_PE,D,20240701,000000,9.516,10.187,9.474,9.6,0,0
ART_PE,D,20240702,000000,9.895,9.895,9.4,9.4,0,0
ART_PE,D,20240703,000000,9.4,9.651,9.4,9.6,0,0
ART_PE,D,20240704,000000,9.726,9.937,9.263,9.6,0,0
ART_PE,D,20240705,000000,9.6,9.937,9.5,9.5,0,0
ART_PE,D,20240708,000000,9.584,9.626,9.248,9.4,0,0
ART_PE,D,20240709,000000,9.484,9.527,9.316,9.5,0,0
ART_PE,D,20240710,000000,9.374,9.374,8.87,8.9,0,0
ART_PE,D,20240711,000000,8.983,9.025,8.566,8.8,0,0
ART_PE,D,20240712,000000,8.842,8.884,8.716,8.8,0,0
ART_PE,D,20240715,000000,9.051,9.303,8.926,9,0,0
ART_PE,D,20240716,000000,9.042,9.21,8.874,9,0,0
ART_PE,D,20240717,000000,8.874,9,8.874,8.9,0,0
ART_PE,D,20240718,000000,9.067,9.067,8.9,9,0,0
ART_PE,D,20240719,000000,9.042,9.251,9.042,9.2,0,0
ART_PE,D,20240722,000000,9.116,9.618,9.116,9.5,0,0
ART_PE,D,20240723,000000,9.667,9.667,9.291,9.5,0,0
ART_PE,D,20240724,000000,9.416,9.835,9.416,9.7,0,0
ART_PE,D,20240725,000000,9.616,9.7,9.574,9.7,0,0
ART_PE,D,20240726,000000,9.827,9.827,9.574,9.7,0,0
ART_PE,D,20240729,000000,9.742,10.1,9.616,10.1,0,0
ART_PE,D,20240730,000000,10.1,10.1,9.974,10,0,0
ART_PE,D,20240731,000000,10,10.2,10,10.2,0,0
ART_PE,D,20240801,000000,10.116,10.116,9.779,10,0,0
ART_PE,D,20240802,000000,9.958,9.958,9.4,9.4,0,0
ART_PE,D,20240805,000000,8.857,9.2,8.606,9.2,0,0
ART_PE,D,20240806,000000,9.2,9.495,9.2,9.3,0,0
ART_PE,D,20240807,000000,9.3,9.761,9.3,9.6,0,0
ART_PE,D,20240808,000000,8.72,9.4,8.72,9.4,0,0
ART_PE,D,20240809,000000,9.106,9.358,8.7,8.7,0,0
ART_PE,D,20240812,000000,9.035,9.076,8.867,8.9,0,0
ART_PE,D,20240813,000000,9.11,9.9,9.11,9.9,0,0
ART_PE,D,20240814,000000,9.942,10.321,9.732,9.8,0,0
ART_PE,D,20240816,000000,9.674,10.22,9.674,9.8,0,0
ART_PE,D,20240819,000000,10.136,10.641,10.136,10.5,0,0
ART_PE,D,20240820,000000,10.5,10.5,10.205,10.3,0,0
ART_PE,D,20240821,000000,10.384,10.426,10.216,10.4,0,0
ART_PE,D,20240822,000000,10.442,10.736,10.232,10.5,0,0
ART_PE,D,20240823,000000,10.584,10.8,10.584,10.8,0,0
ART_PE,D,20240826,000000,10.8,10.842,10.422,10.6,0,0
ART_PE,D,20240827,000000,10.6,10.8,10.6,10.8,0,0
ART_PE,D,20240828,000000,10.8,11.053,10.673,10.7,0,0
ART_PE,D,20240829,000000,10.7,10.7,10.28,10.7,0,0
ART_PE,D,20240830,000000,10.7,10.7,10.363,10.5,0,0
ART_PE,D,20240902,000000,10.5,10.752,10.416,10.668,0,0
ART_PE,D,20240903,000000,10.626,10.878,10.584,10.6,0,0
ART_PE,D,20240904,000000,10.432,10.558,9.927,10.4,0,0
ART_PE,D,20240905,000000,10.274,10.526,10.2,10.2,0,0
ART_PE,D,20240906,000000,10.2,10.368,9.9,9.9,0,0
ART_PE,D,20240909,000000,10.446,10.446,10.1,10.1,0,0
ART_PE,D,20240910,000000,10.268,10.268,9.849,9.9,0,0
ART_PE,D,20240911,000000,9.9,9.984,9.395,9.4,0,0
ART_PE,D,20240912,000000,9.189,9.611,8.979,9.1,0,0
ART_PE,D,20240913,000000,9.14,9.503,8.979,9.3,0,0
ART_PE,D,20240916,000000,9.381,9.745,9.3,9.5,0,0
ART_PE,D,20240917,000000,9.5,9.5,9.055,9.2,0,0
ART_PE,D,20240918,000000,9.322,9.363,9.119,9.3,0,0
ART_PE,D,20240919,000000,9.3,9.462,9.138,9.4,0,0
ART_PE,D,20240920,000000,9.279,9.3,9.077,9.3,0,0
ART_PE,D,20240923,000000,9.3,9.3,9.057,9.2,0,0
ART_PE,D,20240924,000000,9.2,9.484,9.038,9.3,0,0
ART_PE,D,20240925,000000,9.179,9.219,9.017,9.2,0,0
ART_PE,D,20240926,000000,9.2,9.605,9.119,9.6,0,0
ART_PE,D,20240927,000000,9.6,9.804,9.478,9.5,0,0
ART_PE,D,20240930,000000,9.337,9.459,9.337,9.4,0,0
ART_PE,D,20241001,000000,9.319,9.481,9.319,9.4,0,0
ART_PE,D,20241002,000000,9.359,9.359,9.1,9.1,0,0
ART_PE,D,20241003,000000,9.1,9.1,8.816,8.9,0,0
ART_PE,D,20241004,000000,8.779,8.9,8.698,8.8,0,0
ART_PE,D,20241007,000000,8.557,8.678,8.354,8.5,0,0
ART_PE,D,20241008,000000,8.5,8.581,8.298,8.5,0,0
ART_PE,D,20241009,000000,8.541,8.866,8.297,8.4,0,0
ART_PE,D,20241010,000000,8.4,8.4,8.156,8.3,0,0
ART_PE,D,20241011,000000,8.259,8.3,8,8,0,0
ART_PE,D,20241014,000000,7.899,8.02,7.859,8,0,0
ART_PE,D,20241015,000000,8.061,8.203,8.061,8.1,0,0
ART_PE,D,20241016,000000,8.181,8.263,8.039,8.2,0,0
ART_PE,D,20241017,000000,8.078,8.139,7.8,7.8,0,0
ART_PE,D,20241018,000000,7.8,7.981,7.659,7.7,0,0
ART_PE,D,20241021,000000,7.72,7.72,7.477,7.5,0,0
ART_PE,D,20241022,000000,7.581,7.581,7.358,7.5,0,0
ART_PE,D,20241023,000000,7.5,7.684,7.5,7.5,0,0
ART_PE,D,20241024,000000,7.5,7.784,7.297,7.5,0,0
ART_PE,D,20241025,000000,7.48,7.5,7.256,7.4,0,0
ART_PE,D,20241028,000000,7.4,7.4,7.259,7.4,0,0
ART_PE,D,20241029,000000,7.441,7.6,7.4,7.6,0,0
ART_PE,D,20241030,000000,7.661,7.661,7.376,7.5,0,0
ART_PE,D,20241031,000000,7.52,7.52,7.317,7.4,0,0
ART_PE,D,20241104,000000,7.4,7.481,7.156,7.4,0,0
ART_PE,D,20241105,000000,7.36,7.36,7.157,7.2,0,0
ART_PE,D,20241106,000000,7.261,7.4,7.261,7.4,0,0
ART_PE,D,20241107,000000,7.318,7.502,7.196,7.3,0,0
ART_PE,D,20241108,000000,7.28,7.28,6.875,7,0,0
ART_PE,D,20241112,000000,7.06,7.282,7.04,7.1,0,0
ART_PE,D,20241113,000000,7.201,7.221,7.08,7.2,0,0
ART_PE,D,20241114,000000,7.302,7.302,7.037,7.1,0,0
ART_PE,D,20241115,000000,7.1,7.1,6.1,6.1,0,0
ART_PE,D,20241118,000000,6.008,6.174,6.008,6.1,0,0
ART_PE,D,20241119,000000,5.619,5.619,4.566,5.1,0,0
ART_PE,D,20241120,000000,5.1,5.137,4.712,4.9,0,0
ART_PE,D,20241121,000000,4.9,5.229,4.772,5.2,0,0
ART_PE,D,20241122,000000,5.2,5.255,4.835,5,0,0
ART_PE,D,20241125,000000,5.111,5.278,5.111,5.2,0,0
ART_PE,D,20241126,000000,5.2,5.3,5.053,5.3,0,0
ART_PE,D,20241127,000000,5.3,5.337,5.189,5.3,0,0
ART_PE,D,20241128,000000,5.3,5.3,5.041,5.1,0,0
ART_PE,D,20241129,000000,5.118,5.118,4.99,5,0,0
ART_PE,D,20241202,000000,5,5.073,4.909,5,0,0
ART_PE,D,20241203,000000,5,5.167,4.981,5.1,0,0
ART_PE,D,20241204,000000,5.118,5.118,4.99,5.1,0,0
ART_PE,D,20241205,000000,5.008,5.155,5.008,5.1,0,0
ART_PE,D,20241206,000000,5.118,5.118,4.934,5,0,0
ART_PE,D,20241209,000000,5.074,5.185,5,5,0,0
ART_PE,D,20241210,000000,5,5.109,4.945,5,0,0
ART_PE,D,20241211,000000,5,5.1,5,5.1,0,0
ART_PE,D,20241212,000000,5.081,5.081,4.952,5,0,0
ART_PE,D,20241213,000000,5.037,5.037,4.9,4.9,0,0
ART_PE,D,20241216,000000,4.9,4.9,4.718,4.8,0,0
ART_PE,D,20241217,000000,4.818,4.818,4.7,4.7,0,0
ART_PE,D,20241218,000000,4.7,4.736,4.664,4.7,0,0
ART_PE,D,20241219,000000,4.736,4.8,4.591,4.8,0,0
ART_PE,D,20241220,000000,4.837,4.837,4.782,4.8,0,0
ART_PE,D,20241223,000000,4.928,4.928,4.69,4.9,0,0
ART_PE,D,20241227,000000,4.918,4.918,4.79,4.8,0,0
ART_PE,D,20241230,000000,4.928,5.35,4.855,5.3,0,0
ART_PE,D,20250102,000000,5.318,5.591,5.1,5.1,0,0
ART_PE,D,20250103,000000,5.118,5.209,4.936,5,0,0
ART_PE,D,20250107,000000,5.037,5.185,4.668,4.8,0,0
ART_PE,D,20250108,000000,4.855,5.021,4.8,4.8,0,0
ART_PE,D,20250109,000000,5.13,5.13,4.91,5,0,0
ART_PE,D,20250110,000000,5,5.13,4.981,5,0,0
ART_PE,D,20250113,000000,5,5,4.9,4.9,0,0
ART_PE,D,20250114,000000,4.937,5.01,4.9,4.9,0,0
ART_PE,D,20250115,000000,5.029,5.029,4.8,4.8,0,0
ART_PE,D,20250116,000000,4.8,4.836,4.8,4.8,0,0
ART_PE,D,20250117,000000,4.8,4.8,4.691,4.8,0,0
ART_PE,D,20250120,000000,4.8,4.874,4.652,4.7,0,0
ART_PE,D,20250121,000000,4.737,4.737,4.59,4.7,0,0
ART_PE,D,20250122,000000,4.7,4.8,4.627,4.8,0,0
ART_PE,D,20250123,000000,4.8,4.8,4.8,4.8,0,0
ART_PE,D,20250124,000000,4.837,4.855,4.689,4.8,0,0
ART_PE,D,20250127,000000,4.654,4.745,4.599,4.7,0,0
ART_PE,D,20250128,000000,4.736,4.8,4.609,4.8,0,0
ART_PE,D,20250129,000000,4.726,4.819,4.7,4.7,0,0
ART_PE,D,20250130,000000,4.737,5.161,4.737,5.1,0,0
ART_PE,D,20250131,000000,5.246,5.901,5.246,5.8,0,0
ART_PE,D,20250203,000000,5.691,5.873,5.399,5.8,0,0
ART_PE,D,20250204,000000,5.782,5.837,5.562,5.7,0,0
ART_PE,D,20250205,000000,5.884,6.564,5.884,6.4,0,0
ART_PE,D,20250206,000000,6.492,6.585,6.05,6.1,0,0
ART_PE,D,20250207,000000,6.211,6.359,6.045,6.2,0,0
ART_PE,D,20250210,000000,6.31,6.474,6.31,6.4,0,0
ART_PE,D,20250211,000000,6.455,6.473,6.308,6.4,0,0
ART_PE,D,20250212,000000,6.4,6.675,6.382,6.4,0,0
ART_PE,D,20250213,000000,6.4,6.4,6.07,6.3,0,0
ART_PE,D,20250214,000000,6.171,6.447,6.061,6.1,0,0
ART_PE,D,20250217,000000,6.063,6.21,5.899,6,0,0
ART_PE,D,20250218,000000,6.091,6.456,6.091,6.4,0,0
ART_PE,D,20250219,000000,6.455,6.5,6.236,6.5,0,0
ART_PE,D,20250220,000000,6.5,6.5,6.261,6.4,0,0
ART_PE,D,20250221,000000,6.437,6.64,6.363,6.6,0,0
ART_PE,D,20250224,000000,6.618,6.748,6.489,6.7,0,0
ART_PE,D,20250225,000000,6.7,7.105,6.608,7,0,0
ART_PE,D,20250226,000000,7,7,6.871,7,0,0
ART_PE,D,20250227,000000,7,7,6.834,6.9,0,0
ART_PE,D,20250228,000000,6.863,7.048,6.66,7,0,0
ART_PE,D,20250303,000000,6.816,6.963,6.7,6.7,0,0
ART_PE,D,20250304,000000,6.7,6.7,6.353,6.5,0,0
ART_PE,D,20250305,000000,6.722,6.722,6.371,6.4,0,0
ART_PE,D,20250306,000000,6.363,6.363,6.086,6.2,0,0
ART_PE,D,20250307,000000,6.2,6.5,6.072,6.5,0,0
ART_PE,D,20250310,000000,6.315,6.315,5.9,5.9,0,0
ART_PE,D,20250311,000000,5.882,6.12,5.68,5.7,0,0
ART_PE,D,20250312,000000,5.829,5.903,5.718,5.8,0,0
ART_PE,D,20250313,000000,5.763,6.204,5.69,6.2,0,0
ART_PE,D,20250314,000000,6.256,6.256,6.1,6.1,0,0
ART_PE,D,20250317,000000,6.045,6.155,5.936,6,0,0
ART_PE,D,20250318,000000,6,6.24,5.815,5.9,0,0
ART_PE,D,20250319,000000,5.9,5.955,5.718,5.9,0,0
ART_PE,D,20250320,000000,5.955,6.01,5.845,5.9,0,0
ART_PE,D,20250321,000000,5.9,6.047,5.845,5.9,0,0
ART_PE,D,20250324,000000,5.9,6.232,5.9,6.1,0,0
ART_PE,D,20250325,000000,6.1,6.686,5.99,6.5,0,0
ART_PE,D,20250326,000000,6.408,6.408,6.2,6.2,0,0
ART_PE,D,20250327,000000,6.237,6.675,5.9,5.9,0,0
ART_PE,D,20250328,000000,5.809,7,5.663,7,0,0
ART_PE,D,20250331,000000,6.978,7.175,6.9,6.9,0,0
ART_PE,D,20250401,000000,6.904,7.139,6.748,7.1,0,0
ART_PE,D,20250402,000000,7.048,7.17,6.891,7,0,0
ART_PE,D,20250403,000000,6.991,6.991,6.623,6.746,0,0
ART_PE,D,20250404,000000,6.86,6.86,6.4,6.4,0,0
ART_PE,D,20250407,000000,6.4,6.452,6,6.217,0,0
ART_PE,D,20250408,000000,6.209,6.5,6.209,6.5,0,0
ART_PE,D,20250409,000000,6.257,6.335,6.179,6.3,0,0
ART_PE,D,20250410,000000,6.756,6.756,6.344,6.396,0,0
ART_PE,D,20250411,000000,6.396,6.616,6.353,6.4,0,0
ART_PE,D,20250414,000000,6.513,6.7,6.513,6.7,0,0
ART_PE,D,20250415,000000,6.7,6.7,6.587,6.7,0,0
ART_PE,D,20250416,000000,6.691,6.839,6.561,6.8,0,0
ART_PE,D,20250417,000000,6.756,6.958,6.756,6.9,0,0
ART_PE,D,20250422,000000,6.787,6.996,6.726,6.9,0,0
ART_PE,D,20250423,000000,6.813,6.987,6.813,6.9,0,0
ART_PE,D,20250424,000000,6.944,7.013,6.822,7,0,0
ART_PE,D,20250425,000000,7,7,6.8,6.8,0,0
ART_PE,D,20250428,000000,6.748,6.826,6.7,6.7,0,0
ART_PE,D,20250429,000000,6.7,7.083,6.7,7,0,0
ART_PE,D,20250430,000000,7,7,6.79,6.8,0,0
ART_PE,D,20250502,000000,6.887,7.008,6.713,6.8,0,0
ART_PE,D,20250505,000000,6.923,6.967,6.826,6.9,0,0
ART_PE,D,20250506,000000,6.865,6.891,6.76,6.8,0,0
ART_PE,D,20250507,000000,6.8,6.8,6.633,6.7,0,0
ART_PE,D,20250508,000000,6.639,6.726,6.526,6.6,0,0
ART_PE,D,20250509,000000,6.6,6.911,6.6,6.8,0,0
ART_PE,D,20250512,000000,6.8,6.922,6.756,6.9,0,0
ART_PE,D,20250513,000000,6.9,6.917,6.839,6.9,0,0
ART_PE,D,20250514,000000,6.9,7.508,6.874,7.5,0,0
ART_PE,D,20250515,000000,7.474,7.587,7.265,7.3,0,0
ART_PE,D,20250516,000000,7.343,7.474,7.1,7.1,0,0
ART_PE,D,20250519,000000,7.2,7.217,6.908,7,0,0
ART_PE,D,20250520,000000,6.95,7.008,6.758,6.9,0,0
ART_PE,D,20250521,000000,7.067,7.067,6.8,6.917,0,0
ART_PE,D,20250522,000000,7.059,7.059,6.657,6.8,0,0
ART_PE,D,20250523,000000,6.901,6.901,6.716,6.9,0,0
ART_PE,D,20250526,000000,6.942,7.051,6.824,7,0,0
ART_PE,D,20250527,000000,7,7,6.757,6.8,0,0
ART_PE,D,20250528,000000,6.8,6.959,6.8,6.9,0,0
ART_PE,D,20250529,000000,6.892,6.942,6.757,6.9,0,0
ART_PE,D,20250530,000000,6.599,6.7,6.482,6.7,0,0
ART_PE,D,20250602,000000,6.616,6.8,6.558,6.8,0,0
ART_PE,D,20250603,000000,6.808,6.808,6.624,6.7,0,0
ART_PE,D,20250604,000000,6.549,6.549,6.273,6.3,0,0
ART_PE,D,20250605,000000,6.3,6.408,6.092,6.2,0,0
ART_PE,D,20250606,000000,6.233,6.317,6.133,6.2,0,0
ART_PE,D,20250609,000000,6.326,6.418,6.2,6.2,0,0
ART_PE,D,20250610,000000,6.2,6.45,6.2,6.4,0,0
ART_PE,D,20250611,000000,6.425,6.717,6.4,6.7,0,0
ART_PE,D,20250612,000000,6.7,6.767,6.575,6.7,0,0
ART_PE,D,20250613,000000,6.616,6.75,6.574,6.6,0,0
ART_PE,D,20250616,000000,6.718,6.718,6.398,6.4,0,0
ART_PE,D,20250617,000000,6.4,6.4,6.308,6.4,0,0
ART_PE,D,20250618,000000,6.458,6.458,6.325,6.4,0,0
ART_PE,D,20250620,000000,6.366,6.526,6.366,6.5,0,0
ART_PE,D,20250623,000000,6.383,6.5,6.341,6.5,0,0
ART_PE,D,20250624,000000,6.508,6.508,6.323,6.4,0,0
ART_PE,D,20250625,000000,6.408,6.442,6.358,6.4,0,0
ART_PE,D,20250626,000000,6.408,6.434,6.3,6.3,0,0
ART_PE,D,20250627,000000,6.3,6.418,6.3,6.4,0,0
ART_PE,D,20250630,000000,6.4,6.526,6.358,6.4,0,0
ART_PE,D,20250701,000000,6.342,6.6,6.342,6.6,0,0
ART_PE,D,20250702,000000,6.592,6.592,6.448,6.5,0,0
ART_PE,D,20250703,000000,6.517,6.55,6.4,6.4,0,0
ART_PE,D,20250704,000000,6.442,6.442,6.375,6.4,0,0
ART_PE,D,20250707,000000,6.417,6.417,6.35,6.4,0,0
ART_PE,D,20250708,000000,6.425,6.425,6.366,6.4,0,0
ART_PE,D,20250709,000000,6.392,6.459,6.392,6.4,0,0
ART_PE,D,20250710,000000,6.4,6.425,6.4,6.4,0,0
ART_PE,D,20250711,000000,6.4,6.425,6.375,6.4,0,0
ART_PE,D,20250714,000000,6.425,6.425,6.316,6.4,0,0
ART_PE,D,20250715,000000,6.325,6.4,6.292,6.4,0,0
ART_PE,D,20250716,000000,6.434,6.451,6.366,6.4,0,0
ART_PE,D,20250717,000000,6.375,6.4,6.316,6.4,0,0
ART_PE,D,20250718,000000,6.4,6.6,6.4,6.6,0,0
ART_PE,D,20250721,000000,6.6,6.6,6.49,6.5,0,0
ART_PE,D,20250722,000000,6.5,6.5,6.366,6.4,0,0
ART_PE,D,20250723,000000,6.475,6.5,6.392,6.5,0,0
ART_PE,D,20250724,000000,6.5,6.525,6.374,6.4,0,0
ART_PE,D,20250725,000000,6.543,6.543,6.392,6.5,0,0
ART_PE,D,20250728,000000,6.492,6.517,6.4,6.4,0,0
ART_PE,D,20250729,000000,6.4,6.509,6.366,6.4,0,0
ART_PE,D,20250730,000000,6.4,6.476,6.333,6.4,0,0
ART_PE,D,20250731,000000,6.392,6.4,6.358,6.4,0,0
ART_PE,D,20250801,000000,6.4,6.5,6.234,6.5,0,0
ART_PE,D,20250804,000000,6.5,6.5,6.348,6.4,0,0
ART_PE,D,20250805,000000,6.4,6.4,6.283,6.3,0,0
ART_PE,D,20250806,000000,6.308,6.334,6.2,6.2,0,0
ART_PE,D,20250807,000000,6.2,6.374,6.2,6.3,0,0
ART_PE,D,20250808,000000,6.3,6.333,6.2,6.2,0,0
ART_PE,D,20250811,000000,6.2,6.2,6.034,6.2,0,0
ART_PE,D,20250812,000000,6.208,6.208,6.1,6.1,0,0
ART_PE,D,20250813,000000,6.133,6.2,6.1,6.2,0,0
ART_PE,D,20250814,000000,6.2,6.25,6.2,6.2,0,0
ART_PE,D,20250818,000000,6.233,6.367,6.158,6.3,0,0
ART_PE,D,20250819,000000,6.443,6.452,6.199,6.2,0,0
ART_PE,D,20250820,000000,6.167,6.342,6.041,6.2,0,0
ART_PE,D,20250821,000000,6.242,6.242,5.999,6.2,0,0
ART_PE,D,20250822,000000,6.242,6.368,6.141,6.3,0,0
ART_PE,D,20250825,000000,6.3,6.3,6.083,6.3,0,0
ART_PE,D,20250826,000000,6.275,6.3,6.1,6.1,0,0
ART_PE,D,20250827,000000,6.1,6.349,6.1,6.3,0,0
ART_PE,D,20250828,000000,6.258,6.3,6.175,6.3,0,0
ART_PE,D,20250829,000000,6.309,6.325,6.241,6.3,0,0
ART_PE,D,20250901,000000,6.401,6.569,6.401,6.5,0,0
ART_PE,D,20250902,000000,6.492,6.8,6.458,6.8,0,0
ART_PE,D,20250903,000000,6.808,6.935,6.741,6.9,0,0
ART_PE,D,20250904,000000,6.9,6.959,6.724,6.8,0,0
ART_PE,D,20250905,000000,6.8,6.8,6.573,6.7,0,0
ART_PE,D,20250908,000000,6.784,6.817,6.6,6.6,0,0
ART_PE,D,20250909,000000,6.608,6.7,6.592,6.7,0,0
ART_PE,D,20250910,000000,6.7,6.708,6.289,6.4,0,0
ART_PE,D,20250911,000000,6.459,6.7,6.107,6.7,0,0
ART_PE,D,20250912,000000,6.753,6.753,6.586,6.7,0,0
ART_PE,D,20250915,000000,6.7,6.779,6.6,6.6,0,0
ART_PE,D,20250916,000000,6.6,6.618,6.443,6.5,0,0
ART_PE,D,20250917,000000,6.5,6.614,6.5,6.6,0,0
ART_PE,D,20250918,000000,6.574,6.6,6.5,6.5,0,0
ART_PE,D,20250919,000000,6.5,6.552,6.431,6.5,0,0
ART_PE,D,20250922,000000,6.552,6.666,6.474,6.5,0,0
ART_PE,D,20250923,000000,6.517,6.604,6.457,6.5,0,0
ART_PE,D,20250924,000000,6.5,6.526,6.396,6.5,0,0
ART_PE,D,20250925,000000,6.5,6.6,6.413,6.6,0,0
ART_PE,D,20250926,000000,6.661,6.661,6.443,6.5,0,0
ART_PE,D,20250929,000000,6.5,6.631,6.483,6.5,0,0
ART_PE,D,20250930,000000,6.5,6.596,6.474,6.5,0,0
ART_PE,D,20251001,000000,6.5,6.649,6.5,6.5,0,0
ART_PE,D,20251002,000000,6.5,6.7,6.5,6.7,0,0
ART_PE,D,20251003,000000,6.516,6.621,6.454,6.5,0,0
ART_PE,D,20251006,000000,6.5,6.5,6.387,6.5,0,0
ART_PE,D,20251007,000000,6.5,6.526,6.4,6.4,0,0
ART_PE,D,20251008,000000,6.409,6.47,6.374,6.4,0,0
ART_PE,D,20251009,000000,6.4,6.443,6.252,6.3,0,0
ART_PE,D,20251010,000000,6.283,6.344,6.074,6.2,0,0
ART_PE,D,20251013,000000,6.191,6.191,5.947,6.1,0,0
ART_PE,D,20251014,000000,6.152,6.152,5.849,6.1,0,0
ART_PE,D,20251015,000000,6.117,6.117,5.901,6.1,0,0
ART_PE,D,20251016,000000,6.1,6.1,5.733,5.8,0,0
ART_PE,D,20251017,000000,5.967,6.107,5.817,6,0,0
ART_PE,D,20251020,000000,6.096,6.298,6.096,6.2,0,0
ART_PE,D,20251021,000000,6,6.209,6,6.2,0,0
ART_PE,D,20251022,000000,6.209,6.262,6.174,6.2,0,0
ART_PE,D,20251023,000000,6.157,6.2,6.078,6.2,0,0
ART_PE,D,20251024,000000,6.2,6.2,6.026,6.2,0,0
ART_PE,D,20251027,000000,6.2,6.2,6.034,6.2,0,0
ART_PE,D,20251028,000000,6.104,6.2,6.034,6.1,0,0
ART_PE,D,20251029,000000,6.1,6.1,5.9,6.1,0,0
ART_PE,D,20251030,000000,6.091,6.1,5.986,6.1,0,0
ART_PE,D,20251031,000000,6.1,6.1,6.004,6.021,0,0
ART_PE,D,20251103,000000,5.995,6.1,5.951,6.1,0,0
ART_PE,D,20251104,000000,6.1,6.118,5.96,6.1,0,0
ART_PE,D,20251105,000000,5.96,6.091,5.96,6,0,0
ART_PE,D,20251106,000000,5.956,6.052,5.9,5.9,0,0
ART_PE,D,20251107,000000,5.943,5.943,5.744,5.8,0,0
ART_PE,D,20251110,000000,6.053,6.062,5.878,6,0,0
ART_PE,D,20251112,000000,6.088,6.149,5.8,5.8,0,0
ART_PE,D,20251113,000000,5.8,6.4,5.8,6.4,0,0
ART_PE,D,20251114,000000,6.495,6.5,6.371,6.5,0,0
ART_PE,D,20251117,000000,6.5,6.645,6.2,6.2,0,0
ART_PE,D,20251118,000000,6.229,6.314,6.152,6.3,0,0
ART_PE,D,20251119,000000,6.3,6.396,6.061,6.2,0,0
ART_PE,D,20251120,000000,6.353,6.372,6.066,6.2,0,0
ART_PE,D,20251121,000000,6.2,6.2,6.047,6.2,0,0
ART_PE,D,20251124,000000,6.286,6.286,5.981,6.1,0,0
ART_PE,D,20251125,000000,6.1,6.302,6.1,6.3,0,0
ART_PE,D,20251126,000000,6.3,6.31,6.2,6.2,0,0
ART_PE,D,20251127,000000,6.21,6.248,6.134,6.2,0,0
ART_PE,D,20251128,000000,6.229,6.267,6.2,6.2,0,0
ART_PE,D,20251201,000000,6.2,6.534,6.076,6.4,0,0
ART_PE,D,20251202,000000,6.533,6.533,6.333,6.5,0,0
ART_PE,D,20251203,000000,6.5,6.538,6.4,6.4,0,0
ART_PE,D,20251204,000000,6.457,6.457,6.257,6.4,0,0
ART_PE,D,20251205,000000,6.439,6.439,6.3,6.3,0,0
ART_PE,D,20251208,000000,6.3,6.3,6.186,6.3,0,0
ART_PE,D,20251209,000000,6.31,6.31,6.223,6.3,0,0
ART_PE,D,20251210,000000,6.262,6.262,6.118,6.2,0,0
ART_PE,D,20251211,000000,6.248,6.248,6.057,6.1,0,0
ART_PE,D,20251212,000000,6.186,6.186,6.014,6.1,0,0
ART_PE,D,20251215,000000,6.195,6.195,6.052,6.1,0,0
ART_PE,D,20251216,000000,6.119,6.119,5.986,6.1,0,0
ART_PE,D,20251217,000000,6.1,6.1,5.7,5.7,0,0
ART_PE,D,20251218,000000,5.7,5.785,5.349,5.5,0,0
ART_PE,D,20251219,000000,5.51,5.92,5.51,5.7,0,0
ART_PE,D,20251222,000000,5.7,5.9,5.51,5.9,0,0
ART_PE,D,20251223,000000,5.881,5.881,5.671,5.824,0,0
ART_PE,D,20251229,000000,5.91,6.2,5.843,6.2,0,0
ART_PE,D,20251230,000000,6.162,6.4,6.162,6.4,0,0
ART_PE,D,20260102,000000,6.4,6.4,6.073,6.2,0,0
ART_PE,D,20260105,000000,6.296,6.325,6.229,6.3,0,0
ART_PE,D,20260107,000000,6.223,6.453,6.223,6.4,0,0
ART_PE,D,20260108,000000,6.496,6.496,6.2,6.2,0,0
ART_PE,D,20260109,000000,6.324,6.324,6.133,6.3,0,0
ART_PE,D,20260112,000000,6.376,6.434,6.3,6.4,0,0
ART_PE,D,20260113,000000,6.41,6.429,6.276,6.4,0,0
ART_PE,D,20260114,000000,6.39,6.457,6.256,6.4,0,0
ART_PE,D,20260115,000000,6.381,6.96,6.238,6.7,0,0
ART_PE,D,20260116,000000,6.786,6.93,6.757,6.9,0,0
ART_PE,D,20260119,000000,7.072,7.301,6.986,7.3,0,0
ART_PE,D,20260120,000000,7.329,7.627,7.213,7.5,0,0
ART_PE,D,20260121,000000,7.5,7.6,7.337,7.6,0,0
ART_PE,D,20260122,000000,7.581,7.696,7.408,7.5,0,0
ART_PE,D,20260123,000000,7.576,7.576,7.376,7.5,0,0
