<TICKER>,<PER>,<DATE>,<TIME>,<OPEN>,<HIGH>,<LOW>,<CLOSE>,<VOL>,<OPENINT>
ASM_MV,D,20130318,000000,116.88,116.88,116.88,116.88,0,0
ASM_MV,D,20130319,000000,99.342,99.342,92.326,92.326,0,0
ASM_MV,D,20130320,000000,73.05,73.05,73.05,73.05,0,0
ASM_MV,D,20130321,000000,92.326,92.326,92.326,92.326,0,0
ASM_MV,D,20130326,000000,63.698,63.698,63.698,63.698,0,0
ASM_MV,D,20130327,000000,63.698,63.698,63.698,63.698,0,0
ASM_MV,D,20130328,000000,58.434,58.434,57.85,57.85,0,0
ASM_MV,D,20130408,000000,57.85,57.85,57.85,57.85,0,0
ASM_MV,D,20130606,000000,52.595,62.531,52.595,62.531,0,0
ASM_MV,D,20130611,000000,67.201,67.201,67.201,67.201,0,0
ASM_MV,D,20130619,000000,68.369,68.369,68.369,68.369,0,0
ASM_MV,D,20130710,000000,75.969,75.969,75.969,75.969,0,0
ASM_MV,D,20130819,000000,75.969,75.969,75.969,75.969,0,0
ASM_MV,D,20130902,000000,70.121,70.121,70.121,70.121,0,0
ASM_MV,D,20130917,000000,75.969,75.969,75.969,75.969,0,0
ASM_MV,D,20130918,000000,93.504,93.504,93.504,93.504,0,0
ASM_MV,D,20130919,000000,124.47,124.47,124.47,124.47,0,0
ASM_MV,D,20130920,000000,124.47,124.47,124.47,124.47,0,0
ASM_MV,D,20130925,000000,116.88,116.88,116.88,116.88,0,0
ASM_MV,D,20131014,000000,120.96,120.96,120.96,120.96,0,0
ASM_MV,D,20140107,000000,117.46,117.46,117.46,117.46,0,0
ASM_MV,D,20140108,000000,122.13,122.13,122.13,122.13,0,0
ASM_MV,D,20140930,000000,122.72,122.72,122.72,122.72,0,0
ASM_MV,D,20141001,000000,146.09,146.09,146.09,146.09,0,0
ASM_MV,D,20141010,000000,125.64,125.64,125.64,125.64,0,0
ASM_MV,D,20141013,000000,125.64,125.64,125.64,125.64,0,0
ASM_MV,D,20141016,000000,116.88,116.88,116.88,116.88,0,0
ASM_MV,D,20141027,000000,116.88,116.88,116.88,116.88,0,0
ASM_MV,D,20141223,000000,125.64,125.64,125.64,125.64,0,0
ASM_MV,D,20150107,000000,118.05,118.05,118.05,118.05,0,0
ASM_MV,D,20150128,000000,126.81,126.81,126.81,126.81,0,0
ASM_MV,D,20150204,000000,118.05,118.05,118.05,118.05,0,0
ASM_MV,D,20150330,000000,126.81,126.81,126.81,126.81,0,0
ASM_MV,D,20150427,000000,128.56,128.56,128.56,128.56,0,0
ASM_MV,D,20150430,000000,119.8,119.8,119.8,119.8,0,0
ASM_MV,D,20150507,000000,119.8,119.8,119.8,119.8,0,0
ASM_MV,D,20150826,000000,119.8,119.8,119.8,119.8,0,0
ASM_MV,D,20151005,000000,122.72,122.72,122.72,122.72,0,0
ASM_MV,D,20151006,000000,126.23,126.23,126.23,126.23,0,0
ASM_MV,D,20151007,000000,127.98,129.15,127.98,129.15,0,0
ASM_MV,D,20151008,000000,130.32,130.9,130.32,130.9,0,0
ASM_MV,D,20151009,000000,132.07,133.24,132.07,133.24,0,0
ASM_MV,D,20151012,000000,133.24,133.24,132.07,132.07,0,0
ASM_MV,D,20151013,000000,132.07,132.07,132.07,132.07,0,0
ASM_MV,D,20151014,000000,132.07,132.07,130.9,130.9,0,0
ASM_MV,D,20151015,000000,132.65,134.4,132.65,134.4,0,0
ASM_MV,D,20151016,000000,133.24,134.4,133.24,134.4,0,0
ASM_MV,D,20151019,000000,132.07,133.24,132.07,133.24,0,0
ASM_MV,D,20151021,000000,132.07,132.07,132.07,132.07,0,0
ASM_MV,D,20151022,000000,132.07,133.24,130.9,132.07,0,0
ASM_MV,D,20151023,000000,133.24,133.24,133.24,133.24,0,0
ASM_MV,D,20151026,000000,132.07,132.07,132.07,132.07,0,0
ASM_MV,D,20151028,000000,132.65,132.65,132.65,132.65,0,0
ASM_MV,D,20151029,000000,132.07,132.07,132.07,132.07,0,0
ASM_MV,D,20151030,000000,132.07,133.24,132.07,133.24,0,0
ASM_MV,D,20151103,000000,135.57,135.57,134.4,134.4,0,0
ASM_MV,D,20151104,000000,134.4,134.4,134.4,134.4,0,0
ASM_MV,D,20151105,000000,134.4,135.57,134.4,135.57,0,0
ASM_MV,D,20151106,000000,136.15,146.09,136.15,140.25,0,0
ASM_MV,D,20151109,000000,137.33,137.33,136.15,137.33,0,0
ASM_MV,D,20151110,000000,136.15,140.25,136.15,139.08,0,0
ASM_MV,D,20151112,000000,139.08,139.08,138.5,138.5,0,0
ASM_MV,D,20151113,000000,136.75,137.33,136.75,137.33,0,0
ASM_MV,D,20151117,000000,137.92,138.5,137.92,138.5,0,0
ASM_MV,D,20151118,000000,138.5,138.5,138.5,138.5,0,0
ASM_MV,D,20151119,000000,136.75,139.08,136.75,139.08,0,0
ASM_MV,D,20151120,000000,136.15,139.67,136.15,139.67,0,0
ASM_MV,D,20151123,000000,139.67,139.67,136.75,136.75,0,0
ASM_MV,D,20151124,000000,136.15,143.17,136.15,143.17,0,0
ASM_MV,D,20151125,000000,138.5,142.59,138.5,140.83,0,0
ASM_MV,D,20151126,000000,140.25,140.25,136.75,136.75,0,0
ASM_MV,D,20151127,000000,138.5,138.5,136.15,138.5,0,0
ASM_MV,D,20151130,000000,137.92,139.08,136.75,136.75,0,0
ASM_MV,D,20151201,000000,134.99,135.57,134.4,135.57,0,0
ASM_MV,D,20151202,000000,136.75,137.92,136.75,137.33,0,0
ASM_MV,D,20151203,000000,137.33,137.33,137.33,137.33,0,0
ASM_MV,D,20151207,000000,136.75,138.5,136.75,138.5,0,0
ASM_MV,D,20151208,000000,138.5,139.67,137.92,139.67,0,0
ASM_MV,D,20151209,000000,139.67,141.42,139.08,140.25,0,0
ASM_MV,D,20151210,000000,141.42,141.42,140.83,140.83,0,0
ASM_MV,D,20151211,000000,138.5,139.67,138.5,139.67,0,0
ASM_MV,D,20151214,000000,140.25,140.83,139.67,140.83,0,0
ASM_MV,D,20151215,000000,136.15,139.67,136.15,139.67,0,0
ASM_MV,D,20151216,000000,138.5,138.5,138.5,138.5,0,0
ASM_MV,D,20151217,000000,139.08,140.25,139.08,140.25,0,0
ASM_MV,D,20151218,000000,139.67,140.25,139.67,140.25,0,0
ASM_MV,D,20151221,000000,140.25,141.42,139.67,140.25,0,0
ASM_MV,D,20151222,000000,139.67,140.83,139.08,139.67,0,0
ASM_MV,D,20151223,000000,139.08,141.42,139.08,141.42,0,0
ASM_MV,D,20151228,000000,139.08,139.08,138.5,138.5,0,0
ASM_MV,D,20151229,000000,137.92,138.5,137.33,138.5,0,0
ASM_MV,D,20160104,000000,137.33,140.25,137.33,139.67,0,0
ASM_MV,D,20160105,000000,142,142,142,142,0,0
ASM_MV,D,20160107,000000,141.42,141.42,139.67,140.83,0,0
ASM_MV,D,20160108,000000,139.67,139.67,139.08,139.08,0,0
ASM_MV,D,20160111,000000,138.5,139.08,138.5,139.08,0,0
ASM_MV,D,20160112,000000,139.67,139.67,139.67,139.67,0,0
ASM_MV,D,20160113,000000,140.83,142,140.25,140.25,0,0
ASM_MV,D,20160114,000000,138.5,139.67,138.5,139.67,0,0
ASM_MV,D,20160115,000000,139.67,139.67,139.08,139.08,0,0
ASM_MV,D,20160118,000000,140.25,140.25,139.67,140.25,0,0
ASM_MV,D,20160119,000000,140.83,141.42,140.83,140.83,0,0
ASM_MV,D,20160120,000000,139.67,142.59,139.67,142,0,0
ASM_MV,D,20160122,000000,142,144.34,142,144.34,0,0
ASM_MV,D,20160127,000000,144.92,144.92,144.92,144.92,0,0
ASM_MV,D,20160202,000000,144.92,144.92,144.92,144.92,0,0
ASM_MV,D,20160205,000000,143.75,143.75,143.75,143.75,0,0
ASM_MV,D,20160208,000000,143.17,143.17,141.42,141.42,0,0
ASM_MV,D,20160209,000000,145.51,145.51,141.42,143.17,0,0
ASM_MV,D,20160210,000000,142,142.59,140.83,142.59,0,0
ASM_MV,D,20160211,000000,143.75,143.75,143.75,143.75,0,0
ASM_MV,D,20160212,000000,142,144.34,142,144.34,0,0
ASM_MV,D,20160215,000000,145.51,146.09,144.34,144.34,0,0
ASM_MV,D,20160216,000000,146.09,146.09,146.09,146.09,0,0
ASM_MV,D,20160217,000000,146.67,146.67,146.67,146.67,0,0
ASM_MV,D,20160218,000000,144.34,144.34,143.17,144.34,0,0
ASM_MV,D,20160219,000000,146.09,146.09,146.09,146.09,0,0
ASM_MV,D,20160222,000000,144.92,144.92,144.92,144.92,0,0
ASM_MV,D,20160224,000000,146.09,146.09,145.51,145.51,0,0
ASM_MV,D,20160229,000000,144.34,146.09,144.34,146.09,0,0
ASM_MV,D,20160301,000000,144.92,144.92,144.34,144.92,0,0
ASM_MV,D,20160303,000000,144.92,146.67,144.92,146.67,0,0
ASM_MV,D,20160304,000000,144.92,145.51,144.34,145.51,0,0
ASM_MV,D,20160307,000000,144.92,144.92,144.92,144.92,0,0
ASM_MV,D,20160308,000000,146.09,146.09,144.34,146.09,0,0
ASM_MV,D,20160310,000000,146.67,146.67,145.51,145.51,0,0
ASM_MV,D,20160311,000000,145.51,145.51,144.92,144.92,0,0
ASM_MV,D,20160315,000000,146.67,147.85,146.67,147.85,0,0
ASM_MV,D,20160316,000000,148.43,148.43,144.92,147.85,0,0
ASM_MV,D,20160317,000000,146.67,147.85,145.51,147.85,0,0
ASM_MV,D,20160321,000000,149.02,149.02,148.43,148.43,0,0
ASM_MV,D,20160322,000000,147.85,147.85,147.85,147.85,0,0
ASM_MV,D,20160323,000000,148.43,148.43,147.85,148.43,0,0
ASM_MV,D,20160324,000000,147.85,147.85,147.85,147.85,0,0
ASM_MV,D,20160329,000000,147.85,149.02,147.85,148.43,0,0
ASM_MV,D,20160330,000000,145.51,146.67,145.51,146.67,0,0
ASM_MV,D,20160331,000000,147.85,147.85,147.85,147.85,0,0
ASM_MV,D,20160404,000000,147.26,147.26,146.67,146.67,0,0
ASM_MV,D,20160405,000000,148.43,149.02,147.85,147.85,0,0
ASM_MV,D,20160407,000000,146.09,146.09,144.92,144.92,0,0
ASM_MV,D,20160408,000000,144.92,144.92,143.75,144.92,0,0
ASM_MV,D,20160412,000000,143.75,143.75,143.75,143.75,0,0
ASM_MV,D,20160413,000000,141.42,141.42,141.42,141.42,0,0
ASM_MV,D,20160414,000000,143.75,146.09,143.75,146.09,0,0
ASM_MV,D,20160418,000000,144.92,144.92,144.92,144.92,0,0
ASM_MV,D,20160419,000000,143.17,144.92,143.17,144.92,0,0
ASM_MV,D,20160420,000000,146.09,146.09,141.06,141.06,0,0
ASM_MV,D,20160425,000000,138.81,138.81,138.24,138.24,0,0
ASM_MV,D,20160426,000000,139.93,140.5,139.93,140.5,0,0
ASM_MV,D,20160428,000000,140.5,141.06,140.5,141.06,0,0
ASM_MV,D,20160429,000000,138.24,138.81,138.24,138.81,0,0
ASM_MV,D,20160504,000000,138.24,138.24,138.24,138.24,0,0
ASM_MV,D,20160506,000000,138.24,138.24,138.24,138.24,0,0
ASM_MV,D,20160509,000000,137.11,138.24,137.11,138.24,0,0
ASM_MV,D,20160516,000000,137.11,137.11,136.55,136.55,0,0
ASM_MV,D,20160517,000000,136.55,138.24,136.55,138.24,0,0
ASM_MV,D,20160519,000000,137.11,138.24,137.11,138.24,0,0
ASM_MV,D,20160520,000000,138.24,138.81,138.24,138.81,0,0
ASM_MV,D,20160524,000000,138.24,138.24,138.24,138.24,0,0
ASM_MV,D,20160525,000000,138.24,138.24,138.24,138.24,0,0
ASM_MV,D,20160530,000000,137.11,137.68,137.11,137.68,0,0
ASM_MV,D,20160531,000000,136.55,138.81,136.55,138.81,0,0
ASM_MV,D,20160601,000000,138.81,139.93,138.81,139.93,0,0
ASM_MV,D,20160606,000000,141.06,141.63,141.06,141.63,0,0
ASM_MV,D,20160608,000000,136.55,138.24,136.55,138.24,0,0
ASM_MV,D,20160615,000000,135.42,136.55,135.42,136.55,0,0
ASM_MV,D,20160616,000000,136.55,137.11,136.55,137.11,0,0
ASM_MV,D,20160617,000000,135.42,137.11,134.86,137.11,0,0
ASM_MV,D,20160620,000000,136.55,137.11,136.55,137.11,0,0
ASM_MV,D,20160621,000000,135.42,136.55,135.42,136.55,0,0
ASM_MV,D,20160622,000000,135.42,137.11,135.42,136.55,0,0
ASM_MV,D,20160705,000000,137.68,138.24,137.68,138.24,0,0
ASM_MV,D,20160706,000000,138.24,138.24,138.24,138.24,0,0
ASM_MV,D,20160707,000000,138.24,138.24,137.68,137.68,0,0
ASM_MV,D,20160708,000000,138.81,138.81,138.81,138.81,0,0
ASM_MV,D,20160711,000000,138.24,138.81,138.24,138.24,0,0
ASM_MV,D,20160712,000000,138.24,138.24,138.24,138.24,0,0
ASM_MV,D,20160718,000000,138.81,138.81,138.81,138.81,0,0
ASM_MV,D,20160719,000000,138.24,138.24,138.24,138.24,0,0
ASM_MV,D,20160722,000000,138.81,138.81,138.81,138.81,0,0
ASM_MV,D,20160725,000000,138.24,138.24,138.24,138.24,0,0
ASM_MV,D,20160726,000000,139.37,139.37,138.81,139.37,0,0
ASM_MV,D,20160728,000000,138.81,138.81,138.81,138.81,0,0
ASM_MV,D,20160801,000000,139.37,139.37,138.24,138.24,0,0
ASM_MV,D,20160802,000000,138.24,138.24,138.24,138.24,0,0
ASM_MV,D,20160804,000000,139.37,139.93,139.37,139.93,0,0
ASM_MV,D,20160809,000000,136.55,138.24,136.55,138.24,0,0
ASM_MV,D,20160810,000000,139.93,139.93,139.93,139.93,0,0
ASM_MV,D,20160816,000000,136.55,138.81,136.55,138.81,0,0
ASM_MV,D,20160817,000000,139.93,139.93,138.24,138.24,0,0
ASM_MV,D,20160818,000000,137.11,137.11,136.55,137.11,0,0
ASM_MV,D,20160819,000000,137.11,137.11,137.11,137.11,0,0
ASM_MV,D,20160823,000000,137.11,137.11,137.11,137.11,0,0
ASM_MV,D,20160829,000000,137.11,137.11,137.11,137.11,0,0
ASM_MV,D,20160830,000000,137.11,137.11,137.11,137.11,0,0
ASM_MV,D,20160901,000000,137.11,137.11,137.11,137.11,0,0
ASM_MV,D,20160907,000000,135.99,137.11,135.99,137.11,0,0
ASM_MV,D,20160908,000000,135.99,135.99,135.99,135.99,0,0
ASM_MV,D,20160909,000000,137.11,137.11,137.11,137.11,0,0
ASM_MV,D,20160912,000000,135.99,135.99,135.99,135.99,0,0
ASM_MV,D,20160913,000000,135.42,137.11,134.86,137.11,0,0
ASM_MV,D,20160914,000000,143.88,197.49,143.88,197.49,0,0
ASM_MV,D,20160915,000000,191.85,197.49,191.85,196.36,0,0
ASM_MV,D,20160916,000000,197.49,201.44,192.98,201.44,0,0
ASM_MV,D,20160919,000000,200.87,206.51,200.87,206.51,0,0
ASM_MV,D,20160920,000000,214.41,214.41,203.69,203.69,0,0
ASM_MV,D,20160921,000000,203.69,208.77,203.69,208.77,0,0
ASM_MV,D,20160926,000000,203.13,205.95,203.13,205.95,0,0
ASM_MV,D,20160927,000000,203.13,205.38,203.13,205.38,0,0
ASM_MV,D,20160928,000000,203.69,205.38,203.69,205.38,0,0
ASM_MV,D,20160930,000000,211.59,211.59,204.82,208.77,0,0
ASM_MV,D,20161003,000000,204.82,208.77,204.82,208.77,0,0
ASM_MV,D,20161004,000000,204.82,204.82,204.26,204.26,0,0
ASM_MV,D,20161005,000000,208.77,211.59,208.77,211.59,0,0
ASM_MV,D,20161006,000000,205.95,205.95,205.95,205.95,0,0
ASM_MV,D,20161007,000000,205.95,205.95,205.95,205.95,0,0
ASM_MV,D,20161010,000000,204.26,204.26,204.26,204.26,0,0
ASM_MV,D,20161012,000000,205.95,208.77,205.95,208.77,0,0
ASM_MV,D,20161014,000000,208.77,208.77,205.95,205.95,0,0
ASM_MV,D,20161017,000000,205.95,205.95,205.95,205.95,0,0
ASM_MV,D,20161018,000000,204.82,204.82,204.82,204.82,0,0
ASM_MV,D,20161019,000000,205.95,211.59,205.95,211.59,0,0
ASM_MV,D,20161021,000000,211.59,211.59,207.64,207.64,0,0
ASM_MV,D,20161025,000000,205.95,207.64,205.95,207.64,0,0
ASM_MV,D,20161026,000000,205.95,212.15,204.82,212.15,0,0
ASM_MV,D,20161028,000000,204.82,205.95,204.82,205.95,0,0
ASM_MV,D,20161031,000000,204.82,206.51,202,206.51,0,0
ASM_MV,D,20161102,000000,212.15,214.97,212.15,214.97,0,0
ASM_MV,D,20161103,000000,221.19,221.19,213.28,213.28,0,0
ASM_MV,D,20161104,000000,208.77,215.55,208.77,215.55,0,0
ASM_MV,D,20161107,000000,205.95,208.77,205.95,208.77,0,0
ASM_MV,D,20161108,000000,205.95,208.77,205.95,208.77,0,0
ASM_MV,D,20161109,000000,208.77,208.77,203.69,208.77,0,0
ASM_MV,D,20161110,000000,203.69,203.69,203.69,203.69,0,0
ASM_MV,D,20161114,000000,203.69,209.33,203.69,209.33,0,0
ASM_MV,D,20161115,000000,209.33,209.33,209.33,209.33,0,0
ASM_MV,D,20161116,000000,203.69,209.33,203.13,209.33,0,0
ASM_MV,D,20161117,000000,209.33,209.33,209.33,209.33,0,0
ASM_MV,D,20161118,000000,203.13,209.33,203.13,209.33,0,0
ASM_MV,D,20161121,000000,200.31,216.11,200.31,216.11,0,0
ASM_MV,D,20161123,000000,208.77,208.77,208.77,208.77,0,0
ASM_MV,D,20161125,000000,203.13,203.13,203.13,203.13,0,0
ASM_MV,D,20161128,000000,203.13,208.77,203.13,208.77,0,0
ASM_MV,D,20161129,000000,203.13,208.77,203.13,208.77,0,0
ASM_MV,D,20161130,000000,203.13,209.9,203.13,209.9,0,0
ASM_MV,D,20161201,000000,199.74,217.24,197.49,217.24,0,0
ASM_MV,D,20161202,000000,217.24,217.24,213.85,213.85,0,0
ASM_MV,D,20161205,000000,197.49,217.24,197.49,217.24,0,0
ASM_MV,D,20161207,000000,208.77,214.41,208.77,214.41,0,0
ASM_MV,D,20161212,000000,208.77,229.65,208.77,229.65,0,0
ASM_MV,D,20161213,000000,251.66,268.01,220.06,243.75,0,0
ASM_MV,D,20161214,000000,225.7,272.53,220.06,272.53,0,0
ASM_MV,D,20161215,000000,298.48,327.26,298.48,327.26,0,0
ASM_MV,D,20161216,000000,338.55,338.55,338.55,338.55,0,0
ASM_MV,D,20161219,000000,332.91,365.63,332.91,349.27,0,0
ASM_MV,D,20161220,000000,349.27,349.27,321.62,349.27,0,0
ASM_MV,D,20161222,000000,321.62,321.62,310.34,315.98,0,0
ASM_MV,D,20161223,000000,310.34,310.34,304.7,304.7,0,0
ASM_MV,D,20161227,000000,304.7,304.7,288.33,288.33,0,0
ASM_MV,D,20161228,000000,282.13,304.13,282.13,304.13,0,0
ASM_MV,D,20161229,000000,304.13,304.7,292.28,304.13,0,0
ASM_MV,D,20170102,000000,305.26,305.26,299.05,299.05,0,0
ASM_MV,D,20170103,000000,287.77,287.77,287.77,287.77,0,0
ASM_MV,D,20170105,000000,287.77,299.05,287.77,299.05,0,0
ASM_MV,D,20170109,000000,293.41,303.57,293.41,303.57,0,0
ASM_MV,D,20170110,000000,301.3,301.88,301.3,301.88,0,0
ASM_MV,D,20170111,000000,301.88,304.13,301.88,304.13,0,0
ASM_MV,D,20170112,000000,304.13,304.13,304.13,304.13,0,0
ASM_MV,D,20170113,000000,304.13,309.77,304.13,309.77,0,0
ASM_MV,D,20170116,000000,299.05,299.61,299.05,299.61,0,0
ASM_MV,D,20170117,000000,309.77,309.77,309.77,309.77,0,0
ASM_MV,D,20170118,000000,299.05,309.77,299.05,309.77,0,0
ASM_MV,D,20170119,000000,309.77,309.77,299.61,299.61,0,0
ASM_MV,D,20170120,000000,304.7,304.7,304.7,304.7,0,0
ASM_MV,D,20170124,000000,309.77,309.77,304.7,304.7,0,0
ASM_MV,D,20170125,000000,304.7,304.7,304.7,304.7,0,0
ASM_MV,D,20170126,000000,296.23,296.23,296.23,296.23,0,0
ASM_MV,D,20170130,000000,296.23,310.34,293.41,310.34,0,0
ASM_MV,D,20170131,000000,299.61,307.52,299.61,307.52,0,0
ASM_MV,D,20170201,000000,310.34,310.34,310.34,310.34,0,0
ASM_MV,D,20170202,000000,309.77,309.77,309.77,309.77,0,0
ASM_MV,D,20170203,000000,315.98,315.98,315.98,315.98,0,0
ASM_MV,D,20170206,000000,315.98,315.98,315.98,315.98,0,0
ASM_MV,D,20170207,000000,310.34,310.34,310.34,310.34,0,0
ASM_MV,D,20170208,000000,304.7,310.34,304.7,310.34,0,0
ASM_MV,D,20170209,000000,310.34,310.34,287.77,287.77,0,0
ASM_MV,D,20170210,000000,293.41,293.41,293.41,293.41,0,0
ASM_MV,D,20170214,000000,299.05,299.05,299.05,299.05,0,0
ASM_MV,D,20170215,000000,299.05,299.05,299.05,299.05,0,0
ASM_MV,D,20170217,000000,310.34,310.34,310.34,310.34,0,0
ASM_MV,D,20170222,000000,301.88,301.88,301.88,301.88,0,0
ASM_MV,D,20170223,000000,299.05,299.05,299.05,299.05,0,0
ASM_MV,D,20170224,000000,299.05,310.34,299.05,310.34,0,0
ASM_MV,D,20170227,000000,310.34,310.34,310.34,310.34,0,0
ASM_MV,D,20170228,000000,310.34,310.34,310.34,310.34,0,0
ASM_MV,D,20170302,000000,301.88,301.88,301.88,301.88,0,0
ASM_MV,D,20170307,000000,301.88,310.34,301.88,310.34,0,0
ASM_MV,D,20170310,000000,303.57,303.57,303.57,303.57,0,0
ASM_MV,D,20170313,000000,304.13,304.13,304.13,304.13,0,0
ASM_MV,D,20170314,000000,304.13,304.13,304.13,304.13,0,0
ASM_MV,D,20170316,000000,306.39,357.73,306.39,324.44,0,0
ASM_MV,D,20170317,000000,310.34,324.44,310.34,323.87,0,0
ASM_MV,D,20170320,000000,310.34,310.34,310.34,310.34,0,0
ASM_MV,D,20170322,000000,310.34,323.87,310.34,323.87,0,0
ASM_MV,D,20170323,000000,324.44,324.44,324.44,324.44,0,0
ASM_MV,D,20170324,000000,310.34,310.34,310.34,310.34,0,0
ASM_MV,D,20170327,000000,323.87,323.87,321.62,321.62,0,0
ASM_MV,D,20170329,000000,326.7,326.7,326.7,326.7,0,0
ASM_MV,D,20170330,000000,326.7,326.7,326.7,326.7,0,0
ASM_MV,D,20170331,000000,326.7,327.26,326.7,327.26,0,0
ASM_MV,D,20170403,000000,316.54,326.7,316.54,326.7,0,0
ASM_MV,D,20170405,000000,318.8,326.7,318.8,326.7,0,0
ASM_MV,D,20170406,000000,315.98,327.26,315.98,327.26,0,0
ASM_MV,D,20170407,000000,313.16,326.7,310.34,326.7,0,0
ASM_MV,D,20170418,000000,329.52,329.52,315.98,315.98,0,0
ASM_MV,D,20170419,000000,315.98,315.98,315.98,315.98,0,0
ASM_MV,D,20170420,000000,315.98,315.98,310.34,310.34,0,0
ASM_MV,D,20170424,000000,310.34,315.98,310.34,315.98,0,0
ASM_MV,D,20170425,000000,304.7,304.7,304.7,304.7,0,0
ASM_MV,D,20170426,000000,296.23,310.34,296.23,310.34,0,0
ASM_MV,D,20170427,000000,310.34,310.34,310.34,310.34,0,0
ASM_MV,D,20170428,000000,310.34,315.98,310.34,315.98,0,0
ASM_MV,D,20170502,000000,310.34,310.34,310.34,310.34,0,0
ASM_MV,D,20170505,000000,309.77,315.41,309.77,315.41,0,0
ASM_MV,D,20170508,000000,310.34,310.34,310.34,310.34,0,0
ASM_MV,D,20170510,000000,310.34,310.34,310.34,310.34,0,0
ASM_MV,D,20170511,000000,310.34,315.41,310.34,315.41,0,0
ASM_MV,D,20170515,000000,315.41,315.41,315.41,315.41,0,0
ASM_MV,D,20170518,000000,307.52,307.52,307.52,307.52,0,0
ASM_MV,D,20170522,000000,310.34,310.34,310.34,310.34,0,0
ASM_MV,D,20170529,000000,310.34,310.34,310.34,310.34,0,0
ASM_MV,D,20170531,000000,324.44,324.44,324.44,324.44,0,0
ASM_MV,D,20170606,000000,310.34,310.34,310.34,310.34,0,0
ASM_MV,D,20170608,000000,310.34,310.34,310.34,310.34,0,0
ASM_MV,D,20170609,000000,310.34,310.34,310.34,310.34,0,0
ASM_MV,D,20170612,000000,310.34,310.34,310.34,310.34,0,0
ASM_MV,D,20170619,000000,307.52,307.52,307.52,307.52,0,0
ASM_MV,D,20170620,000000,324.44,324.44,324.44,324.44,0,0
ASM_MV,D,20170623,000000,324.44,327.26,324.44,327.26,0,0
ASM_MV,D,20170626,000000,313.16,313.16,307.52,307.52,0,0
ASM_MV,D,20170627,000000,308.08,324.44,308.08,324.44,0,0
ASM_MV,D,20170630,000000,327.29,327.29,313.61,313.61,0,0
ASM_MV,D,20170712,000000,313.04,313.61,282.25,313.61,0,0
ASM_MV,D,20170714,000000,305.06,305.06,274.83,274.83,0,0
ASM_MV,D,20170717,000000,302.2,302.2,285.1,285.1,0,0
ASM_MV,D,20170719,000000,285.1,285.1,285.1,285.1,0,0
ASM_MV,D,20170727,000000,285.1,293.65,285.1,293.65,0,0
ASM_MV,D,20170801,000000,285.1,285.1,285.1,285.1,0,0
ASM_MV,D,20170803,000000,290.8,290.8,285.1,285.1,0,0
ASM_MV,D,20170804,000000,273.69,285.1,273.69,285.1,0,0
ASM_MV,D,20170809,000000,273.69,285.1,273.69,285.1,0,0
ASM_MV,D,20170811,000000,285.1,285.1,285.1,285.1,0,0
ASM_MV,D,20170818,000000,270.84,276.55,270.84,276.55,0,0
ASM_MV,D,20170821,000000,276.55,276.55,276.55,276.55,0,0
ASM_MV,D,20170822,000000,270.84,270.84,270.84,270.84,0,0
ASM_MV,D,20170824,000000,270.84,270.84,270.84,270.84,0,0
ASM_MV,D,20170825,000000,270.84,276.55,270.84,276.55,0,0
ASM_MV,D,20170830,000000,276.55,276.55,276.55,276.55,0,0
ASM_MV,D,20170905,000000,256.59,267.99,256.59,267.99,0,0
ASM_MV,D,20170919,000000,245.18,256.59,245.18,256.59,0,0
ASM_MV,D,20170920,000000,256.59,256.59,256.59,256.59,0,0
ASM_MV,D,20170921,000000,256.59,256.59,256.59,256.59,0,0
ASM_MV,D,20170922,000000,245.18,256.59,245.18,256.59,0,0
ASM_MV,D,20171011,000000,222.38,233.21,222.38,233.21,0,0
ASM_MV,D,20171016,000000,234.35,234.92,234.35,234.92,0,0
ASM_MV,D,20171019,000000,233.21,239.48,233.21,239.48,0,0
ASM_MV,D,20171023,000000,239.48,239.48,239.48,239.48,0,0
ASM_MV,D,20171026,000000,230.36,230.36,230.36,230.36,0,0
ASM_MV,D,20171027,000000,236.06,239.48,230.36,239.48,0,0
ASM_MV,D,20171030,000000,242.33,242.33,239.48,242.33,0,0
ASM_MV,D,20171102,000000,236.63,236.63,236.63,236.63,0,0
ASM_MV,D,20171106,000000,238.34,238.34,238.34,238.34,0,0
ASM_MV,D,20171109,000000,239.48,239.48,238.34,239.48,0,0
ASM_MV,D,20171113,000000,233.21,243.47,233.21,243.47,0,0
ASM_MV,D,20171117,000000,238.91,243.47,238.91,238.91,0,0
ASM_MV,D,20171120,000000,238.91,238.91,238.91,238.91,0,0
ASM_MV,D,20171124,000000,242.33,242.33,242.33,242.33,0,0
ASM_MV,D,20171129,000000,233.78,233.78,233.78,233.78,0,0
ASM_MV,D,20171130,000000,232.64,236.06,231.5,233.78,0,0
ASM_MV,D,20171207,000000,224.66,228.08,224.66,228.08,0,0
ASM_MV,D,20171208,000000,232.07,232.07,228.08,232.07,0,0
ASM_MV,D,20171211,000000,239.48,239.48,232.07,239.48,0,0
ASM_MV,D,20171214,000000,229.22,239.48,229.22,239.48,0,0
ASM_MV,D,20171219,000000,228.08,239.48,228.08,238.91,0,0
ASM_MV,D,20171221,000000,229.79,229.79,229.22,229.22,0,0
ASM_MV,D,20171227,000000,218.39,229.22,218.39,229.22,0,0
ASM_MV,D,20171229,000000,229.22,229.22,229.22,229.22,0,0
ASM_MV,D,20180103,000000,230.93,230.93,230.93,230.93,0,0
ASM_MV,D,20180104,000000,230.93,230.93,230.93,230.93,0,0
ASM_MV,D,20180105,000000,228.08,230.93,219.53,219.53,0,0
ASM_MV,D,20180108,000000,222.38,230.93,222.38,230.93,0,0
ASM_MV,D,20180109,000000,220.1,230.93,220.1,230.93,0,0
ASM_MV,D,20180110,000000,225.8,232.64,225.8,228.08,0,0
ASM_MV,D,20180111,000000,222.38,222.38,222.38,222.38,0,0
ASM_MV,D,20180112,000000,222.38,226.94,222.38,226.94,0,0
ASM_MV,D,20180115,000000,214.96,225.23,214.96,225.23,0,0
ASM_MV,D,20180124,000000,219.53,219.53,219.53,219.53,0,0
ASM_MV,D,20180129,000000,211.54,217.24,211.54,213.82,0,0
ASM_MV,D,20180131,000000,204.13,213.82,204.13,213.82,0,0
ASM_MV,D,20180205,000000,204.13,205.27,204.13,205.27,0,0
ASM_MV,D,20180206,000000,205.27,205.27,205.27,205.27,0,0
ASM_MV,D,20180209,000000,200.71,205.27,200.71,205.27,0,0
ASM_MV,D,20180212,000000,199.57,211.54,199.57,211.54,0,0
ASM_MV,D,20180216,000000,211.54,211.54,211.54,211.54,0,0
ASM_MV,D,20180219,000000,202.99,211.54,202.99,211.54,0,0
ASM_MV,D,20180222,000000,209.83,209.83,209.83,209.83,0,0
ASM_MV,D,20180226,000000,201.28,209.83,201.28,209.83,0,0
ASM_MV,D,20180601,000000,204.13,204.13,204.13,204.13,0,0
ASM_MV,D,20180731,000000,195.58,195.58,195.58,195.58,0,0
ASM_MV,D,20180816,000000,195.58,195.58,195.58,195.58,0,0
ASM_MV,D,20180919,000000,205.27,205.27,205.27,205.27,0,0
ASM_MV,D,20180921,000000,205.27,205.27,205.27,205.27,0,0
ASM_MV,D,20181009,000000,205.27,205.27,205.27,205.27,0,0
ASM_MV,D,20181127,000000,196.15,196.15,196.15,196.15,0,0
ASM_MV,D,20190128,000000,193.3,212.11,193.3,193.87,0,0
ASM_MV,D,20190215,000000,191.02,191.02,188.16,188.16,0,0
ASM_MV,D,20190416,000000,188.16,188.16,188.16,188.16,0,0
ASM_MV,D,20190417,000000,180.18,180.18,180.18,180.18,0,0
ASM_MV,D,20190430,000000,188.16,188.16,188.16,188.16,0,0
ASM_MV,D,20191003,000000,195.01,195.01,195.01,195.01,0,0
ASM_MV,D,20191018,000000,187.02,187.02,187.02,187.02,0,0
ASM_MV,D,20191021,000000,187.02,187.02,187.02,187.02,0,0
ASM_MV,D,20191025,000000,195.01,195.01,195.01,195.01,0,0
ASM_MV,D,20191112,000000,188.16,188.16,188.16,188.16,0,0
ASM_MV,D,20191204,000000,187.02,187.02,187.02,187.02,0,0
ASM_MV,D,20200228,000000,187.02,187.02,187.02,187.02,0,0
ASM_MV,D,20200303,000000,187.02,187.02,187.02,187.02,0,0
ASM_MV,D,20200407,000000,195.01,195.01,195.01,195.01,0,0
ASM_MV,D,20200415,000000,187.02,187.02,187.02,187.02,0,0
ASM_MV,D,20200504,000000,195.01,223.52,195.01,216.67,0,0
ASM_MV,D,20200505,000000,216.67,216.67,216.67,216.67,0,0
ASM_MV,D,20200506,000000,206.41,206.41,196.15,196.15,0,0
ASM_MV,D,20200507,000000,195.01,195.01,187.02,187.02,0,0
ASM_MV,D,20200511,000000,187.02,187.02,187.02,187.02,0,0
ASM_MV,D,20200512,000000,179.04,179.04,179.04,179.04,0,0
ASM_MV,D,20200519,000000,176.76,176.76,173.34,173.34,0,0
ASM_MV,D,20200526,000000,173.34,173.34,173.34,173.34,0,0
ASM_MV,D,20200601,000000,173.34,173.34,173.34,173.34,0,0
ASM_MV,D,20200701,000000,173.34,173.34,173.34,173.34,0,0
ASM_MV,D,20200706,000000,173.34,173.34,173.34,173.34,0,0
ASM_MV,D,20200729,000000,166.5,166.5,166.5,166.5,0,0
ASM_MV,D,20200731,000000,158.51,158.51,158.51,158.51,0,0
ASM_MV,D,20200814,000000,157.37,157.37,157.37,157.37,0,0
ASM_MV,D,20200820,000000,157.37,157.37,157.37,157.37,0,0
ASM_MV,D,20200821,000000,150.53,150.53,150.53,150.53,0,0
ASM_MV,D,20200831,000000,157.37,157.37,157.37,157.37,0,0
ASM_MV,D,20200903,000000,150.53,150.53,136.85,136.85,0,0
ASM_MV,D,20200910,000000,136.85,136.85,136.85,136.85,0,0
ASM_MV,D,20200921,000000,136.85,136.85,136.85,136.85,0,0
ASM_MV,D,20201005,000000,136.85,136.85,131.15,131.15,0,0
ASM_MV,D,20201006,000000,136.85,136.85,136.85,136.85,0,0
ASM_MV,D,20201012,000000,131.15,131.15,125.44,125.44,0,0
ASM_MV,D,20201013,000000,125.44,125.44,125.44,125.44,0,0
ASM_MV,D,20201014,000000,119.74,119.74,119.74,119.74,0,0
ASM_MV,D,20201102,000000,114.04,114.04,114.04,114.04,0,0
ASM_MV,D,20201109,000000,109.48,109.48,109.48,109.48,0,0
ASM_MV,D,20201119,000000,108.34,108.34,108.34,108.34,0,0
ASM_MV,D,20201123,000000,102.64,102.64,102.64,102.64,0,0
ASM_MV,D,20201124,000000,96.93,102.64,91.23,91.23,0,0
ASM_MV,D,20201130,000000,91.23,91.23,91.23,91.23,0,0
ASM_MV,D,20201201,000000,91.23,91.23,88.95,88.95,0,0
ASM_MV,D,20201202,000000,88.95,88.95,88.95,88.95,0,0
ASM_MV,D,20201208,000000,87.81,87.81,87.81,87.81,0,0
ASM_MV,D,20201209,000000,83.25,83.25,83.25,83.25,0,0
ASM_MV,D,20201221,000000,85.53,85.53,85.53,85.53,0,0
ASM_MV,D,20201228,000000,85.53,85.53,85.53,85.53,0,0
ASM_MV,D,20201229,000000,85.53,85.53,85.53,85.53,0,0
ASM_MV,D,20210104,000000,85.53,85.53,85.53,85.53,0,0
ASM_MV,D,20210107,000000,82.68,82.68,82.68,82.68,0,0
ASM_MV,D,20210108,000000,82.68,82.68,82.68,82.68,0,0
ASM_MV,D,20210114,000000,85.53,85.53,85.53,85.53,0,0
ASM_MV,D,20210115,000000,85.53,85.53,85.53,85.53,0,0
ASM_MV,D,20210118,000000,85.53,85.53,85.53,85.53,0,0
ASM_MV,D,20210119,000000,85.53,85.53,85.53,85.53,0,0
ASM_MV,D,20210120,000000,85.53,85.53,79.83,79.83,0,0
ASM_MV,D,20210121,000000,79.83,84.96,79.83,84.96,0,0
ASM_MV,D,20210122,000000,85.53,85.53,84.96,85.53,0,0
ASM_MV,D,20210125,000000,85.53,85.53,85.53,85.53,0,0
ASM_MV,D,20210126,000000,79.83,82.68,79.83,82.68,0,0
ASM_MV,D,20210128,000000,82.68,82.68,82.68,82.68,0,0
ASM_MV,D,20210129,000000,76.98,82.68,76.98,82.68,0,0
ASM_MV,D,20210201,000000,82.68,85.53,82.68,85.53,0,0
ASM_MV,D,20210202,000000,85.53,85.53,85.53,85.53,0,0
ASM_MV,D,20210203,000000,79.83,85.53,79.83,85.53,0,0
ASM_MV,D,20210205,000000,84.96,84.96,84.96,84.96,0,0
ASM_MV,D,20210208,000000,79.83,79.83,79.83,79.83,0,0
ASM_MV,D,20210209,000000,79.83,79.83,79.83,79.83,0,0
ASM_MV,D,20210210,000000,79.83,79.83,79.83,79.83,0,0
ASM_MV,D,20210212,000000,79.83,79.83,79.83,79.83,0,0
ASM_MV,D,20210215,000000,79.83,79.83,79.83,79.83,0,0
ASM_MV,D,20210216,000000,75.84,75.84,74.13,74.13,0,0
ASM_MV,D,20210218,000000,79.83,79.83,79.83,79.83,0,0
ASM_MV,D,20210223,000000,74.13,74.7,74.13,74.13,0,0
ASM_MV,D,20210224,000000,74.13,74.13,74.13,74.13,0,0
ASM_MV,D,20210225,000000,71.27,74.13,71.27,72.41,0,0
ASM_MV,D,20210226,000000,72.41,72.41,72.41,72.41,0,0
ASM_MV,D,20210301,000000,72.41,72.41,71.27,71.27,0,0
ASM_MV,D,20210302,000000,72.41,72.41,72.41,72.41,0,0
ASM_MV,D,20210303,000000,72.41,72.41,72.41,72.41,0,0
ASM_MV,D,20210308,000000,74.13,74.13,72.41,74.13,0,0
ASM_MV,D,20210309,000000,74.13,74.13,68.42,70.13,0,0
ASM_MV,D,20210310,000000,67.28,67.28,65.57,65.57,0,0
ASM_MV,D,20210311,000000,65.57,65.57,65.57,65.57,0,0
ASM_MV,D,20210312,000000,65.57,65.57,65,65.57,0,0
ASM_MV,D,20210315,000000,64.43,65.57,64.43,65.57,0,0
ASM_MV,D,20210316,000000,64.43,64.43,59.3,61.58,0,0
ASM_MV,D,20210317,000000,57.02,59.3,54.17,55.31,0,0
ASM_MV,D,20210318,000000,53.6,53.6,53.6,53.6,0,0
ASM_MV,D,20210319,000000,53.03,54.74,53.03,54.74,0,0
ASM_MV,D,20210322,000000,55.88,58.73,54.17,56.45,0,0
ASM_MV,D,20210323,000000,56.45,56.45,55.88,56.45,0,0
ASM_MV,D,20210324,000000,55.88,58.73,55.88,58.73,0,0
ASM_MV,D,20210325,000000,57.02,58.73,55.88,55.88,0,0
ASM_MV,D,20210326,000000,56.45,56.45,53.6,53.6,0,0
ASM_MV,D,20210329,000000,54.74,54.74,53.6,53.6,0,0
ASM_MV,D,20210330,000000,56.45,56.45,56.45,56.45,0,0
ASM_MV,D,20210331,000000,56.45,56.45,55.31,55.31,0,0
ASM_MV,D,20210401,000000,55.02,55.02,54.74,54.74,0,0
ASM_MV,D,20210406,000000,54.74,54.74,53.6,53.88,0,0
ASM_MV,D,20210407,000000,54.17,54.17,54.17,54.17,0,0
ASM_MV,D,20210408,000000,52.74,52.74,52.46,52.46,0,0
ASM_MV,D,20210409,000000,54.17,54.17,49.04,50.18,0,0
ASM_MV,D,20210412,000000,47.33,47.33,41.05,45.62,0,0
ASM_MV,D,20210413,000000,42.76,43.33,42.19,42.48,0,0
ASM_MV,D,20210414,000000,40.48,40.48,39.34,40.48,0,0
ASM_MV,D,20210415,000000,38.77,40.48,38.77,40.48,0,0
ASM_MV,D,20210416,000000,40.48,40.48,40.48,40.48,0,0
ASM_MV,D,20210420,000000,40.48,44.48,40.48,41.62,0,0
ASM_MV,D,20210421,000000,39.91,41.05,39.91,41.05,0,0
ASM_MV,D,20210422,000000,41.05,41.62,41.05,41.62,0,0
ASM_MV,D,20210423,000000,42.19,42.19,39.91,39.91,0,0
ASM_MV,D,20210426,000000,40.48,40.48,40.48,40.48,0,0
ASM_MV,D,20210428,000000,40.48,40.48,40.48,40.48,0,0
ASM_MV,D,20210429,000000,40.48,40.48,39.91,39.91,0,0
ASM_MV,D,20210430,000000,39.91,40.48,39.91,40.48,0,0
ASM_MV,D,20210504,000000,39.91,39.91,39.91,39.91,0,0
ASM_MV,D,20210505,000000,39.34,39.91,38.77,39.91,0,0
ASM_MV,D,20210506,000000,41.62,41.62,40.48,41.05,0,0
ASM_MV,D,20210507,000000,42.19,42.19,41.34,42.19,0,0
ASM_MV,D,20210510,000000,42.76,43.91,42.76,43.91,0,0
ASM_MV,D,20210511,000000,43.91,43.91,41.62,43.91,0,0
ASM_MV,D,20210512,000000,43.91,43.91,42.76,42.76,0,0
ASM_MV,D,20210513,000000,43.91,43.91,42.19,43.91,0,0
ASM_MV,D,20210514,000000,42.19,42.19,41.05,41.62,0,0
ASM_MV,D,20210517,000000,41.62,41.62,41.62,41.62,0,0
ASM_MV,D,20210518,000000,41.62,41.62,41.62,41.62,0,0
ASM_MV,D,20210519,000000,42.19,45.62,41.62,42.76,0,0
ASM_MV,D,20210520,000000,42.19,42.19,39.91,40.48,0,0
ASM_MV,D,20210521,000000,39.91,39.91,39.34,39.91,0,0
ASM_MV,D,20210524,000000,39.91,39.91,39.91,39.91,0,0
ASM_MV,D,20210525,000000,39.34,39.34,38.49,39.34,0,0
ASM_MV,D,20210526,000000,40.48,40.48,40.48,40.48,0,0
ASM_MV,D,20210527,000000,40.48,40.48,37.92,37.92,0,0
ASM_MV,D,20210528,000000,40.48,40.48,39.91,39.91,0,0
ASM_MV,D,20210531,000000,39.91,39.91,39.34,39.91,0,0
ASM_MV,D,20210601,000000,39.34,40.48,38.77,40.48,0,0
ASM_MV,D,20210602,000000,37.06,39.06,37.06,37.92,0,0
ASM_MV,D,20210604,000000,39.06,39.06,39.06,39.06,0,0
ASM_MV,D,20210607,000000,39.34,39.34,38.77,38.77,0,0
ASM_MV,D,20210608,000000,39.34,39.34,39.34,39.34,0,0
ASM_MV,D,20210609,000000,39.34,39.34,37.63,38.2,0,0
ASM_MV,D,20210610,000000,39.34,39.34,39.06,39.06,0,0
ASM_MV,D,20210611,000000,39.34,39.34,38.2,38.2,0,0
ASM_MV,D,20210614,000000,39.34,39.34,39.34,39.34,0,0
ASM_MV,D,20210615,000000,39.34,39.34,39.34,39.34,0,0
ASM_MV,D,20210616,000000,37.63,37.63,37.63,37.63,0,0
ASM_MV,D,20210617,000000,37.35,37.63,37.35,37.35,0,0
ASM_MV,D,20210621,000000,38.2,38.2,38.2,38.2,0,0
ASM_MV,D,20210624,000000,37.63,37.63,37.35,37.35,0,0
ASM_MV,D,20210625,000000,39.06,39.34,37.63,37.63,0,0
ASM_MV,D,20210628,000000,37.35,37.35,37.06,37.06,0,0
ASM_MV,D,20210629,000000,37.06,37.06,37.06,37.06,0,0
ASM_MV,D,20210630,000000,36.78,37.63,35.07,35.07,0,0
ASM_MV,D,20210701,000000,37.63,42.76,35.07,41.05,0,0
ASM_MV,D,20210702,000000,41.05,41.05,39.34,39.34,0,0
ASM_MV,D,20210705,000000,39.91,43.91,39.91,42.76,0,0
ASM_MV,D,20210706,000000,41.62,41.62,40.48,41.05,0,0
ASM_MV,D,20210707,000000,39.91,39.91,39.91,39.91,0,0
ASM_MV,D,20210708,000000,41.05,43.91,39.91,43.91,0,0
ASM_MV,D,20210709,000000,44.48,44.48,44.48,44.48,0,0
ASM_MV,D,20210712,000000,43.33,43.33,41.05,42.76,0,0
ASM_MV,D,20210713,000000,42.76,42.76,40.48,42.76,0,0
ASM_MV,D,20210714,000000,41.05,41.05,40.48,41.05,0,0
ASM_MV,D,20210715,000000,40.48,40.48,40.48,40.48,0,0
ASM_MV,D,20210719,000000,40.77,43.05,40.48,40.48,0,0
ASM_MV,D,20210721,000000,40.48,41.62,40.48,41.62,0,0
ASM_MV,D,20210722,000000,41.62,41.62,41.62,41.62,0,0
ASM_MV,D,20210723,000000,39.34,39.34,39.34,39.34,0,0
ASM_MV,D,20210726,000000,38.77,38.77,38.77,38.77,0,0
ASM_MV,D,20210727,000000,38.2,38.77,38.2,38.2,0,0
ASM_MV,D,20210730,000000,37.06,39.34,36.49,39.34,0,0
ASM_MV,D,20210802,000000,37.06,39.34,37.06,39.34,0,0
ASM_MV,D,20210804,000000,39.34,39.34,37.06,37.06,0,0
ASM_MV,D,20210805,000000,37.06,37.06,34.21,34.78,0,0
ASM_MV,D,20210806,000000,34.78,34.78,33.36,34.21,0,0
ASM_MV,D,20210809,000000,33.64,33.64,30.51,31.93,0,0
ASM_MV,D,20210810,000000,31.65,31.65,27.03,29.08,0,0
ASM_MV,D,20210811,000000,30.79,30.79,25.66,27.94,0,0
ASM_MV,D,20210812,000000,26.69,28.51,26.69,28.51,0,0
ASM_MV,D,20210813,000000,28.51,29.08,28.51,28.51,0,0
ASM_MV,D,20210816,000000,28.51,28.51,25.66,27.48,0,0
ASM_MV,D,20210817,000000,28.17,28.17,25.66,26.23,0,0
ASM_MV,D,20210818,000000,27.94,27.94,27.94,27.94,0,0
ASM_MV,D,20210819,000000,27.83,27.94,24.29,24.75,0,0
ASM_MV,D,20210820,000000,24.29,25.54,23.38,25.09,0,0
ASM_MV,D,20210823,000000,23.95,25.32,23.15,25.32,0,0
ASM_MV,D,20210824,000000,23.15,25.09,23.15,24.97,0,0
ASM_MV,D,20210825,000000,23.38,25.54,23.38,24.97,0,0
ASM_MV,D,20210826,000000,23.95,25.66,23.95,25.54,0,0
ASM_MV,D,20210827,000000,24.63,25.66,24.63,25.54,0,0
ASM_MV,D,20210830,000000,26.57,27.26,24.4,24.52,0,0
ASM_MV,D,20210831,000000,26.8,26.8,24.52,25.66,0,0
ASM_MV,D,20210902,000000,26.69,26.69,25.66,25.66,0,0
ASM_MV,D,20210903,000000,25.09,25.66,25.09,25.09,0,0
ASM_MV,D,20210906,000000,25.09,25.09,23.38,23.38,0,0
ASM_MV,D,20210907,000000,24.06,25.66,24.06,25.66,0,0
ASM_MV,D,20210908,000000,25.54,25.54,25.54,25.54,0,0
ASM_MV,D,20210909,000000,25.54,25.66,23.95,25.66,0,0
ASM_MV,D,20210913,000000,25.66,25.66,25.66,25.66,0,0
ASM_MV,D,20210915,000000,25.66,25.66,25.66,25.66,0,0
ASM_MV,D,20210916,000000,24.63,27.37,24.63,26.8,0,0
ASM_MV,D,20210917,000000,27.37,27.37,26.8,27.37,0,0
ASM_MV,D,20210920,000000,27.37,27.37,25.2,25.2,0,0
ASM_MV,D,20210921,000000,24.63,24.63,24.63,24.63,0,0
ASM_MV,D,20210923,000000,25.66,25.66,25.66,25.66,0,0
ASM_MV,D,20210924,000000,25.09,25.09,24.75,24.75,0,0
ASM_MV,D,20210928,000000,24.63,24.63,24.63,24.63,0,0
ASM_MV,D,20211004,000000,25.66,25.66,25.66,25.66,0,0
ASM_MV,D,20230526,000000,22.81,34.21,22.81,34.21,0,0
ASM_MV,D,20230529,000000,37.06,42.48,37.06,42.19,0,0
ASM_MV,D,20230530,000000,42.19,42.19,37.06,39.34,0,0
ASM_MV,D,20230531,000000,37.63,37.92,34.5,37.63,0,0
ASM_MV,D,20230601,000000,37.06,37.06,34.21,35.92,0,0
ASM_MV,D,20230602,000000,34.21,34.78,31.36,33.64,0,0
ASM_MV,D,20230605,000000,32.22,33.07,30.51,32.79,0,0
ASM_MV,D,20230606,000000,31.08,32.5,31.08,32.5,0,0
ASM_MV,D,20230607,000000,32.5,35.07,32.5,33.64,0,0
ASM_MV,D,20230609,000000,33.36,35.07,31.93,33.07,0,0
ASM_MV,D,20230612,000000,33.07,33.07,31.36,31.36,0,0
ASM_MV,D,20230613,000000,31.93,31.93,29.65,31.36,0,0
ASM_MV,D,20230614,000000,30.79,30.79,30.79,30.79,0,0
ASM_MV,D,20230616,000000,29.94,30.51,29.08,30.51,0,0
ASM_MV,D,20230619,000000,30.79,30.79,30.79,30.79,0,0
ASM_MV,D,20230620,000000,30.79,30.79,30.79,30.79,0,0
ASM_MV,D,20230621,000000,27.37,28.51,27.37,28.51,0,0
ASM_MV,D,20230622,000000,27.94,27.94,27.94,27.94,0,0
ASM_MV,D,20230623,000000,26.34,27.94,26.23,27.94,0,0
ASM_MV,D,20230626,000000,26.46,27.94,26.46,27.94,0,0
ASM_MV,D,20230627,000000,27.94,27.94,27.94,27.94,0,0
ASM_MV,D,20230628,000000,26.8,28.51,26.8,28.4,0,0
ASM_MV,D,20230629,000000,27.94,31.36,26.69,31.36,0,0
ASM_MV,D,20230703,000000,30.79,30.79,28.28,28.28,0,0
ASM_MV,D,20230704,000000,26.8,26.8,25.66,25.66,0,0
ASM_MV,D,20230705,000000,25.66,27.83,25.66,25.77,0,0
ASM_MV,D,20230706,000000,27.48,27.48,25.66,25.66,0,0
ASM_MV,D,20230707,000000,27.26,27.37,27.26,27.37,0,0
ASM_MV,D,20230711,000000,25.77,25.77,25.77,25.77,0,0
ASM_MV,D,20230712,000000,27.03,27.03,26.91,26.91,0,0
ASM_MV,D,20230714,000000,27.37,28.51,27.37,28.51,0,0
ASM_MV,D,20230717,000000,28.51,30.22,28.51,30.22,0,0
ASM_MV,D,20230718,000000,29.08,29.08,29.08,29.08,0,0
ASM_MV,D,20230719,000000,29.08,29.08,27.71,28.51,0,0
ASM_MV,D,20230720,000000,28.51,28.51,28.51,28.51,0,0
ASM_MV,D,20230721,000000,28.51,28.51,28.51,28.51,0,0
ASM_MV,D,20230724,000000,27.71,27.71,27.71,27.71,0,0
ASM_MV,D,20230725,000000,27.71,27.71,27.71,27.71,0,0
ASM_MV,D,20230726,000000,28.51,28.51,28.51,28.51,0,0
ASM_MV,D,20230728,000000,28.51,31.36,28.51,28.79,0,0
ASM_MV,D,20230731,000000,28.51,28.51,28.28,28.28,0,0
ASM_MV,D,20230801,000000,26.91,27.37,26.91,27.37,0,0
ASM_MV,D,20230802,000000,26.91,26.91,26.91,26.91,0,0
ASM_MV,D,20230803,000000,26.91,26.91,26.8,26.8,0,0
ASM_MV,D,20230807,000000,28.51,28.51,28.51,28.51,0,0
ASM_MV,D,20230808,000000,26.913,27.37,26.913,27.37,0,0
ASM_MV,D,20230809,000000,26.799,26.8,26.799,26.8,0,0
ASM_MV,D,20230810,000000,26.799,26.8,26.799,26.8,0,0
ASM_MV,D,20230811,000000,26.913,26.913,26.91,26.91,0,0
ASM_MV,D,20230814,000000,27.94,27.94,27.94,27.94,0,0
ASM_MV,D,20230816,000000,27.94,27.94,26.799,26.8,0,0
ASM_MV,D,20230821,000000,26.799,26.8,26.799,26.8,0,0
ASM_MV,D,20230822,000000,26.799,26.8,26.799,26.8,0,0
ASM_MV,D,20230828,000000,25.659,25.66,25.659,25.66,0,0
ASM_MV,D,20230829,000000,25.659,30.791,25.659,30.79,0,0
ASM_MV,D,20230830,000000,35.352,42.765,35.352,42.76,0,0
ASM_MV,D,20230831,000000,43.905,52.743,43.905,52.74,0,0
ASM_MV,D,20230901,000000,68.994,83.25,68.994,83.25,0,0
ASM_MV,D,20230904,000000,106.63,106.63,78.687,82.68,0,0
ASM_MV,D,20230905,000000,78.687,85.529,57.59,57.59,0,0
ASM_MV,D,20230906,000000,58.16,60.441,49.892,51.89,0,0
ASM_MV,D,20230907,000000,53.028,67.283,50.177,65,0,0
ASM_MV,D,20230908,000000,67.283,67.853,57.02,59.87,0,0
ASM_MV,D,20230911,000000,59.871,59.871,50.747,51.32,0,0
ASM_MV,D,20230912,000000,53.313,60.441,49.892,59.3,0,0
ASM_MV,D,20230913,000000,60.441,76.98,60.441,76.98,0,0
ASM_MV,D,20230914,000000,87.81,96.363,80.968,86.1,0,0
ASM_MV,D,20230915,000000,87.24,87.24,80.968,83.82,0,0
ASM_MV,D,20230918,000000,83.249,83.249,69.564,70.7,0,0
ASM_MV,D,20230919,000000,68.424,86.67,68.424,72.99,0,0
ASM_MV,D,20230920,000000,71.275,74.126,62.722,65,0,0
ASM_MV,D,20230921,000000,65.002,71.275,54.454,57.02,0,0
ASM_MV,D,20230922,000000,55.594,59.871,54.739,54.74,0,0
ASM_MV,D,20230925,000000,56.735,57.02,47.611,48.47,0,0
ASM_MV,D,20230926,000000,50.462,50.462,41.054,42.76,0,0
ASM_MV,D,20230927,000000,41.339,48.467,41.339,44.19,0,0
ASM_MV,D,20230928,000000,45.616,45.616,38.773,41.05,0,0
ASM_MV,D,20230929,000000,41.054,43.05,37.918,41.05,0,0
ASM_MV,D,20231002,000000,41.624,41.624,32.216,34.21,0,0
ASM_MV,D,20231003,000000,33.642,36.778,30.791,31.36,0,0
ASM_MV,D,20231004,000000,33.356,39.058,31.646,37.06,0,0
ASM_MV,D,20231005,000000,37.918,39.914,35.352,35.64,0,0
ASM_MV,D,20231006,000000,35.637,35.637,32.786,33.64,0,0
ASM_MV,D,20231009,000000,32.501,33.64,28.51,28.51,0,0
ASM_MV,D,20231010,000000,29.935,32.501,29.08,29.65,0,0
ASM_MV,D,20231011,000000,31.076,32.501,28.05,28.05,0,0
ASM_MV,D,20231012,000000,28.054,30.506,28.054,28.28,0,0
ASM_MV,D,20231013,000000,28.51,29.65,27.369,28.17,0,0
ASM_MV,D,20231016,000000,28.168,28.168,26.457,27.03,0,0
ASM_MV,D,20231017,000000,26.913,27.712,25.203,25.66,0,0
ASM_MV,D,20231018,000000,26.229,27.141,24.062,25.2,0,0
ASM_MV,D,20231019,000000,25.317,25.431,23.948,24.18,0,0
ASM_MV,D,20231020,000000,24.861,27.94,23.606,24.86,0,0
ASM_MV,D,20231023,000000,24.518,24.747,19.957,21.1,0,0
ASM_MV,D,20231024,000000,21.553,22.01,19.729,22.01,0,0
ASM_MV,D,20231025,000000,22.01,22.58,20.185,20.64,0,0
ASM_MV,D,20231026,000000,20.755,22.352,20.527,22.35,0,0
ASM_MV,D,20231027,000000,22.466,23.378,21.667,22.24,0,0
ASM_MV,D,20231030,000000,22.466,22.466,20.527,21.67,0,0
ASM_MV,D,20231031,000000,20.641,21.211,19.957,20.76,0,0
ASM_MV,D,20231102,000000,20.755,20.76,19.615,20.18,0,0
ASM_MV,D,20231103,000000,20.185,20.185,18.816,19.84,0,0
ASM_MV,D,20231106,000000,19.843,19.843,18.246,19.27,0,0
ASM_MV,D,20231107,000000,18.36,24.404,18.36,24.4,0,0
ASM_MV,D,20231109,000000,31.361,31.361,26.571,31.36,0,0
ASM_MV,D,20231110,000000,31.931,31.931,24.176,24.18,0,0
ASM_MV,D,20231113,000000,25.089,25.773,20.413,21.1,0,0
ASM_MV,D,20231114,000000,21.439,21.667,20.185,20.98,0,0
ASM_MV,D,20231115,000000,20.527,21.211,18.702,19.27,0,0
ASM_MV,D,20231116,000000,19.273,19.729,17.448,19.5,0,0
ASM_MV,D,20231117,000000,19.501,20.413,18.246,18.93,0,0
ASM_MV,D,20231120,000000,19.159,19.957,18.816,19.5,0,0
ASM_MV,D,20231121,000000,19.501,19.843,18.246,18.82,0,0
ASM_MV,D,20231122,000000,18.816,18.931,18.246,18.47,0,0
ASM_MV,D,20231123,000000,18.018,18.246,17.106,17.11,0,0
ASM_MV,D,20231124,000000,17.22,17.904,16.992,17.79,0,0
ASM_MV,D,20231127,000000,17.676,17.79,17.106,17.45,0,0
ASM_MV,D,20231128,000000,17.106,17.562,15.965,16.99,0,0
ASM_MV,D,20231129,000000,17.106,17.106,15.281,15.62,0,0
ASM_MV,D,20231130,000000,14.255,15.281,13.68,13.68,0,0
ASM_MV,D,20251030,000000,26.308,26.7,26.308,26.7,0,0
ASM_MV,D,20251031,000000,38.001,47.745,38.001,47.745,0,0
ASM_MV,D,20251105,000000,85.746,85.75,85.746,85.75,0,0
ASM_MV,D,20251106,000000,92.567,95.49,66.258,67.23,0,0
ASM_MV,D,20251107,000000,69.181,69.669,58.463,59.92,0,0
ASM_MV,D,20251110,000000,60.412,60.899,55.05,55.05,0,0
ASM_MV,D,20251112,000000,56.514,59.925,52.13,53.59,0,0
ASM_MV,D,20251113,000000,55.053,55.053,49.69,49.69,0,0
ASM_MV,D,20251114,000000,50.181,55.54,50.181,51.64,0,0
ASM_MV,D,20251117,000000,51.642,53.591,47.94,48.72,0,0
ASM_MV,D,20251118,000000,48.719,50.668,45.017,46.58,0,0
ASM_MV,D,20251119,000000,46.576,47.16,44.042,44.24,0,0
ASM_MV,D,20251120,000000,45.211,51.642,43.847,47.55,0,0
ASM_MV,D,20251121,000000,48.135,48.135,40.729,40.92,0,0
ASM_MV,D,20251124,000000,41.314,41.314,37.416,38.2,0,0
ASM_MV,D,20251125,000000,38.001,44.627,38.001,40.92,0,0
ASM_MV,D,20251126,000000,41.119,52.617,41.119,47.74,0,0
ASM_MV,D,20251127,000000,48.33,48.719,45.017,47.16,0,0
ASM_MV,D,20251128,000000,47.745,47.94,44.237,44.82,0,0
ASM_MV,D,20251201,000000,44.822,45.406,42.483,43.65,0,0
ASM_MV,D,20251202,000000,43.458,43.458,38.975,39.37,0,0
ASM_MV,D,20251203,000000,39.56,41.899,38.001,38.59,0,0
ASM_MV,D,20251204,000000,38.001,40.145,36.832,37.61,0,0
ASM_MV,D,20251205,000000,37.027,37.611,35.468,37.03,0,0
ASM_MV,D,20251208,000000,38.001,38.001,33.129,34.69,0,0
ASM_MV,D,20251209,000000,34.688,34.688,30.791,31.57,0,0
ASM_MV,D,20251210,000000,30.791,32.934,29.037,29.43,0,0
ASM_MV,D,20251211,000000,29.621,35.078,29.621,33.71,0,0
ASM_MV,D,20251212,000000,33.909,36.637,33.909,34.49,0,0
ASM_MV,D,20251215,000000,34.883,34.883,32.155,32.93,0,0
ASM_MV,D,20251216,000000,33.519,33.519,31.18,31.96,0,0
ASM_MV,D,20251217,000000,32.155,35.078,31.375,33.71,0,0
ASM_MV,D,20251218,000000,34.298,35.468,32.155,33.13,0,0
ASM_MV,D,20251219,000000,33.129,33.909,31.18,31.96,0,0
ASM_MV,D,20251222,000000,32.155,32.934,30.596,30.79,0,0
ASM_MV,D,20251223,000000,30.596,31.57,30.206,30.791,0,0
ASM_MV,D,20251229,000000,30.206,31.375,30.011,30.6,0,0
ASM_MV,D,20251230,000000,30.985,31.765,30.206,31.38,0,0
ASM_MV,D,20260102,000000,31.765,33.13,31.18,33.13,0,0
ASM_MV,D,20260105,000000,33.129,33.129,31.375,32.15,0,0
ASM_MV,D,20260107,000000,31.57,32.544,31.18,31.96,0,0
ASM_MV,D,20260108,000000,31.375,33.91,30.985,33.91,0,0
ASM_MV,D,20260109,000000,34.103,42.873,34.103,42.87,0,0
ASM_MV,D,20260112,000000,44.822,45.601,40.729,41.7,0,0
ASM_MV,D,20260113,000000,40.729,42.288,38.586,39.17,0,0
ASM_MV,D,20260114,000000,39.17,40.145,37.416,38.98,0,0
ASM_MV,D,20260115,000000,39.56,39.56,37.027,37.03,0,0
ASM_MV,D,20260116,000000,37.027,38.001,36.44,36.44,0,0
ASM_MV,D,20260119,000000,36.442,36.832,34.1,34.1,0,0
ASM_MV,D,20260120,000000,34.298,36.442,33.129,33.91,0,0
ASM_MV,D,20260121,000000,33.129,37.222,32.544,37.22,0,0
ASM_MV,D,20260122,000000,37.611,37.611,34.298,35.27,0,0
ASM_MV,D,20260123,000000,35.468,35.857,33.519,33.91,0,0
