<TICKER>,<PER>,<DATE>,<TIME>,<OPEN>,<HIGH>,<LOW>,<CLOSE>,<VOL>,<OPENINT>
B24_PE,D,20180130,000000,2378.2,2378.2,2378.2,2378.2,0,0
B24_PE,D,20180131,000000,2016.7,2207.9,2000,2000,0,0
B24_PE,D,20180201,000000,2025,2189.1,1804.2,2189.1,0,0
B24_PE,D,20180202,000000,2233.8,2233.8,1991,2118.4,0,0
B24_PE,D,20180205,000000,2118.4,2139.3,1940.8,1978.6,0,0
B24_PE,D,20180206,000000,1792,1922.4,1741.3,1815.5,0,0
B24_PE,D,20180207,000000,1940.3,2189.1,1840.8,2114.5,0,0
B24_PE,D,20180208,000000,2114.4,2209,1995,2183.6,0,0
B24_PE,D,20180209,000000,2089.6,2181.6,2014.9,2181.6,0,0
B24_PE,D,20180212,000000,2181.6,2273.6,2139.3,2189.1,0,0
B24_PE,D,20180213,000000,2194,2194,2040.3,2189.1,0,0
B24_PE,D,20180214,000000,2189.1,2189.1,2139.3,2139.3,0,0
B24_PE,D,20180215,000000,2164.2,2213.9,2164.2,2189.1,0,0
B24_PE,D,20180216,000000,2189.1,2189.1,2089.6,2092.1,0,0
B24_PE,D,20180219,000000,2019.9,2159.2,2019.9,2159.2,0,0
B24_PE,D,20180220,000000,2139.3,2163.7,2139.3,2163.7,0,0
B24_PE,D,20180221,000000,2159.2,2163.7,2139.3,2163.7,0,0
B24_PE,D,20180222,000000,2164.2,2189.1,2164.2,2189.1,0,0
B24_PE,D,20180223,000000,2213.9,2313.4,2187.1,2187.1,0,0
B24_PE,D,20180226,000000,2223.9,2338.4,2223.9,2338.4,0,0
B24_PE,D,20180227,000000,2288.6,2288.6,2238.8,2288.6,0,0
B24_PE,D,20180228,000000,2263.7,2263.7,2194,2194.1,0,0
B24_PE,D,20180301,000000,2263.7,2263.7,2164.2,2164.2,0,0
B24_PE,D,20180302,000000,2218.9,2238.8,2189.1,2189.1,0,0
B24_PE,D,20180305,000000,2213.9,2288.6,2213.9,2238.8,0,0
B24_PE,D,20180306,000000,2189.1,2383.1,2189.1,2338.4,0,0
B24_PE,D,20180307,000000,2338.3,2363.2,2313.4,2313.5,0,0
B24_PE,D,20180308,000000,2383.1,2512.5,2368.2,2512.5,0,0
B24_PE,D,20180309,000000,2437.8,2512.4,2388.1,2388.1,0,0
B24_PE,D,20180312,000000,2482.6,2482.6,2338.3,2477.7,0,0
B24_PE,D,20180313,000000,2437.8,2437.9,2437.8,2437.9,0,0
B24_PE,D,20180314,000000,2437.8,2437.8,2412.9,2413,0,0
B24_PE,D,20180315,000000,2412.9,2437.8,2412.9,2413,0,0
B24_PE,D,20180316,000000,2437.8,2437.8,2353.2,2413,0,0
B24_PE,D,20180319,000000,2412.9,2636.8,2412.9,2512.5,0,0
B24_PE,D,20180320,000000,2512.4,2587.1,2512.4,2537.4,0,0
B24_PE,D,20180321,000000,2537.3,2599.5,2537.3,2587.1,0,0
B24_PE,D,20180322,000000,2587.1,2885.6,2587.1,2733.9,0,0
B24_PE,D,20180323,000000,2636.8,2711.4,2587.1,2587.1,0,0
B24_PE,D,20220408,000000,190.6,190.6,190.6,190.6,0,0
B24_PE,D,20220411,000000,186.4,190.6,182.3,183.1,0,0
B24_PE,D,20220412,000000,184.7,184.7,183.1,184,0,0
B24_PE,D,20220413,000000,190.7,201.5,190.7,199.8,0,0
B24_PE,D,20220414,000000,199.8,216.5,199.8,208.1,0,0
B24_PE,D,20220419,000000,208.2,208.2,204,207.3,0,0
B24_PE,D,20220420,000000,200.7,207.3,197.3,203.1,0,0
B24_PE,D,20220421,000000,200.7,205.7,196.5,205.6,0,0
B24_PE,D,20220422,000000,202.3,208.2,200.7,206.5,0,0
B24_PE,D,20220425,000000,204.8,206.5,199.8,205.6,0,0
B24_PE,D,20220426,000000,199.8,208.2,199.8,201.4,0,0
B24_PE,D,20220427,000000,199.7,206.4,199.7,206.4,0,0
B24_PE,D,20220428,000000,208,214.6,208,212.3,0,0
B24_PE,D,20220429,000000,209.8,212.3,208.2,209.8,0,0
B24_PE,D,20220502,000000,209,209.8,208.1,208.1,0,0
B24_PE,D,20220504,000000,208.2,211.5,208.2,210.6,0,0
B24_PE,D,20220505,000000,208.2,211.5,208.2,211.4,0,0
B24_PE,D,20220506,000000,211.3,211.3,208,208.1,0,0
B24_PE,D,20220509,000000,208.2,208.2,199.8,199.8,0,0
B24_PE,D,20220510,000000,200.7,201.5,200.7,201.4,0,0
B24_PE,D,20220511,000000,197.2,197.2,194.7,194.8,0,0
B24_PE,D,20220512,000000,189,199.8,189,199.8,0,0
B24_PE,D,20220513,000000,208.2,212.3,208.2,208.9,0,0
B24_PE,D,20220516,000000,215.5,215.5,193.8,194,0,0
B24_PE,D,20220517,000000,194.8,200.7,194.8,199.8,0,0
B24_PE,D,20220518,000000,200.7,206.5,199.8,206.4,0,0
B24_PE,D,20220519,000000,206.3,206.3,78.1,78.1,0,0
B24_PE,D,20220520,000000,77.5,77.5,77.4,77.4,0,0
B24_PE,D,20220523,000000,75.8,76.8,75.8,76.8,0,0
B24_PE,D,20220524,000000,75.5,76.8,75.2,75.2,0,0
B24_PE,D,20220525,000000,75.2,75.5,70.8,74.6,0,0
B24_PE,D,20220526,000000,72.4,74.9,72.4,74.9,0,0
B24_PE,D,20220527,000000,72.7,76.5,72.7,76.5,0,0
B24_PE,D,20220530,000000,76.8,78.7,76.8,78.7,0,0
B24_PE,D,20220531,000000,78.7,78.7,78.7,78.7,0,0
B24_PE,D,20220601,000000,76.8,80.3,76.8,80.3,0,0
B24_PE,D,20220602,000000,78.7,78.7,75.6,78.1,0,0
B24_PE,D,20220603,000000,76.5,76.5,73.7,73.7,0,0
B24_PE,D,20220606,000000,75.6,75.6,73.7,75.5,0,0
B24_PE,D,20220607,000000,75.2,75.5,72.7,74.9,0,0
B24_PE,D,20220608,000000,72.7,72.7,72.7,72.7,0,0
B24_PE,D,20220609,000000,73,74.6,72.4,73.7,0,0
B24_PE,D,20220610,000000,71.5,74.3,71.5,74.3,0,0
B24_PE,D,20220613,000000,74.6,74.6,70.5,73,0,0
B24_PE,D,20220614,000000,70.5,73,70.2,73,0,0
B24_PE,D,20220615,000000,70.2,76.8,69.9,76.8,0,0
B24_PE,D,20220617,000000,73,74.3,70.8,74.3,0,0
B24_PE,D,20220620,000000,72.4,74.6,72.4,72.4,0,0
B24_PE,D,20220621,000000,72.4,75.2,72.4,75.2,0,0
B24_PE,D,20220622,000000,72.7,75.5,72.7,75.5,0,0
B24_PE,D,20220623,000000,72.7,72.7,72,72.4,0,0
B24_PE,D,20220624,000000,72.1,72.4,70.8,72.4,0,0
B24_PE,D,20220627,000000,71.5,71.5,71.1,71.1,0,0
B24_PE,D,20220628,000000,72.3,72.3,71.4,71.5,0,0
B24_PE,D,20220629,000000,72.4,72.4,72.4,72.4,0,0
B24_PE,D,20220701,000000,71.5,72.4,70.8,72.4,0,0
B24_PE,D,20220704,000000,72.4,72.4,70.8,72.4,0,0
B24_PE,D,20220705,000000,72.4,74.3,72.4,74.3,0,0
B24_PE,D,20220706,000000,72.4,72.4,70.5,72.4,0,0
B24_PE,D,20220707,000000,72.4,72.4,68.9,71.5,0,0
B24_PE,D,20220708,000000,72.1,72.4,72.1,72.4,0,0
B24_PE,D,20220711,000000,72.4,72.4,72.4,72.4,0,0
B24_PE,D,20220712,000000,72.1,72.1,68.6,71.1,0,0
B24_PE,D,20220713,000000,72,72,69.2,69.2,0,0
B24_PE,D,20220714,000000,68.6,69.2,68.6,69.2,0,0
B24_PE,D,20220715,000000,67.6,71.7,67.6,68.9,0,0
B24_PE,D,20220718,000000,68.3,68.6,66.1,68.3,0,0
B24_PE,D,20220719,000000,66.7,68,66.1,66.4,0,0
B24_PE,D,20220720,000000,66.1,68.9,66.1,68.9,0,0
B24_PE,D,20220721,000000,68.6,68.6,66.1,67.7,0,0
B24_PE,D,20220722,000000,68,68.6,65.2,67.7,0,0
B24_PE,D,20220725,000000,66.4,67.7,66.1,67.7,0,0
B24_PE,D,20220726,000000,67.4,67.4,65.5,65.8,0,0
B24_PE,D,20220727,000000,66.1,66.1,64.8,64.8,0,0
B24_PE,D,20220728,000000,64.8,67,64.8,66.1,0,0
B24_PE,D,20220729,000000,66.1,67.7,66.1,67.4,0,0
B24_PE,D,20220801,000000,66.8,67.4,65.2,67.4,0,0
B24_PE,D,20220802,000000,65.8,66.8,65.8,66.7,0,0
B24_PE,D,20220803,000000,66.7,66.7,65.4,66.4,0,0
B24_PE,D,20220804,000000,66.7,66.7,65.4,65.5,0,0
B24_PE,D,20220805,000000,65.8,66.8,65.5,66.7,0,0
B24_PE,D,20220808,000000,65.8,66.4,64.8,66.4,0,0
B24_PE,D,20220809,000000,65.8,66.4,64.5,64.5,0,0
B24_PE,D,20220810,000000,65.1,65.8,64.5,64.8,0,0
B24_PE,D,20220811,000000,65.1,66.1,65.1,65.5,0,0
B24_PE,D,20220812,000000,65.5,66.1,65.5,65.5,0,0
B24_PE,D,20220816,000000,65.5,71.8,65.5,70.5,0,0
B24_PE,D,20220817,000000,67.4,67.4,67.4,67.4,0,0
B24_PE,D,20220818,000000,69.3,71.2,69.3,69.6,0,0
B24_PE,D,20220819,000000,69.6,69.6,66.1,67.7,0,0
B24_PE,D,20220822,000000,67.7,67.7,67.7,67.7,0,0
B24_PE,D,20220823,000000,67.7,67.7,66.1,66.1,0,0
B24_PE,D,20220824,000000,65.8,65.8,65.8,65.8,0,0
B24_PE,D,20220825,000000,65.5,66.4,63,63,0,0
B24_PE,D,20220826,000000,63.6,63.9,62.5,63.6,0,0
B24_PE,D,20220829,000000,63.3,63.6,62.8,62.8,0,0
B24_PE,D,20220830,000000,62.6,65.5,62,63.3,0,0
B24_PE,D,20220831,000000,63.3,63.3,62.4,63,0,0
B24_PE,D,20220901,000000,63,63,62,62.2,0,0
B24_PE,D,20220902,000000,62.8,63,61.9,62.8,0,0
B24_PE,D,20220905,000000,62.2,65.8,60.7,63,0,0
B24_PE,D,20220906,000000,63,63,61.6,61.9,0,0
B24_PE,D,20220907,000000,61.8,62.1,61.7,61.7,0,0
B24_PE,D,20220908,000000,61.7,63,61.7,61.9,0,0
B24_PE,D,20220909,000000,62.9,64.3,62.1,63,0,0
B24_PE,D,20220912,000000,63,65.5,62.7,65.5,0,0
B24_PE,D,20220913,000000,65.5,65.5,64.2,64.2,0,0
B24_PE,D,20220914,000000,64.8,64.8,64.2,64.2,0,0
B24_PE,D,20220915,000000,63.9,64.2,63.9,63.9,0,0
B24_PE,D,20220916,000000,64.8,64.8,61.7,62,0,0
B24_PE,D,20220919,000000,61.7,63.3,61.7,61.9,0,0
B24_PE,D,20220920,000000,61.9,61.9,61.9,61.9,0,0
B24_PE,D,20220921,000000,62.4,63.3,61.3,62,0,0
B24_PE,D,20220922,000000,63,65.5,63,63.3,0,0
B24_PE,D,20220923,000000,62.6,63.1,61.7,61.7,0,0
B24_PE,D,20220926,000000,62,62,61.7,61.7,0,0
B24_PE,D,20220927,000000,63.1,63.3,63.1,63.3,0,0
B24_PE,D,20220928,000000,63.3,63.3,60.7,61.2,0,0
B24_PE,D,20220929,000000,63.6,65.2,62.3,62.3,0,0
B24_PE,D,20220930,000000,62.5,66.4,62.5,63.6,0,0
B24_PE,D,20221003,000000,69.9,69.9,66.4,68.6,0,0
B24_PE,D,20221004,000000,69.6,71.5,67.4,71.2,0,0
B24_PE,D,20221005,000000,71.5,74.3,71.5,72.8,0,0
B24_PE,D,20221006,000000,72.1,75.9,49.6,49.6,0,0
B24_PE,D,20221007,000000,49.6,50,49.6,49.6,0,0
B24_PE,D,20221010,000000,49.6,50,49.6,49.6,0,0
B24_PE,D,20221011,000000,49.6,49.6,47.4,49.6,0,0
B24_PE,D,20221012,000000,47.7,49.2,47.4,49.2,0,0
B24_PE,D,20221013,000000,48.6,49,47.5,47.5,0,0
B24_PE,D,20221014,000000,47.3,49,47.3,48.5,0,0
B24_PE,D,20221017,000000,47.6,49.1,47.4,47.7,0,0
B24_PE,D,20221018,000000,49.2,49.2,47.5,47.7,0,0
B24_PE,D,20221019,000000,47.7,48.8,47.7,47.9,0,0
B24_PE,D,20221020,000000,47.9,48.8,47.9,48.8,0,0
B24_PE,D,20221021,000000,48.8,48.8,47.5,47.5,0,0
B24_PE,D,20221024,000000,47.5,47.9,47.5,47.7,0,0
B24_PE,D,20221025,000000,47.9,47.9,47.7,47.9,0,0
B24_PE,D,20221026,000000,47.7,48.5,47.7,48.5,0,0
B24_PE,D,20221027,000000,47.9,48.5,47.4,47.9,0,0
B24_PE,D,20221028,000000,47.9,48.8,47.5,47.5,0,0
B24_PE,D,20221031,000000,47.7,49.2,47.7,49.2,0,0
B24_PE,D,20221102,000000,49.2,49.2,47.7,47.7,0,0
B24_PE,D,20221103,000000,47.5,48.3,47.5,48.3,0,0
B24_PE,D,20221104,000000,48.5,49.6,48.3,48.3,0,0
B24_PE,D,20221107,000000,49.4,49.6,48.3,49.4,0,0
B24_PE,D,20221108,000000,49.4,49.6,49.4,49.6,0,0
B24_PE,D,20221109,000000,49.4,49.6,48.5,48.5,0,0
B24_PE,D,20221110,000000,49.4,50.2,48.5,50.1,0,0
B24_PE,D,20221114,000000,49.9,50.1,49.2,50.1,0,0
B24_PE,D,20221115,000000,49.2,50.1,47.9,50.1,0,0
B24_PE,D,20221116,000000,48.4,50.1,48.4,50.1,0,0
B24_PE,D,20221117,000000,49.7,49.7,48.4,49.6,0,0
B24_PE,D,20221118,000000,49.6,51.8,49.6,50.3,0,0
B24_PE,D,20221121,000000,51.8,51.8,50.3,50.7,0,0
B24_PE,D,20221122,000000,50.3,51.8,50.3,51.6,0,0
B24_PE,D,20221123,000000,51.4,51.6,50.9,50.9,0,0
B24_PE,D,20221124,000000,51.5,51.5,50.5,50.5,0,0
B24_PE,D,20221125,000000,51.5,51.8,51.5,51.8,0,0
B24_PE,D,20221128,000000,52.7,52.7,52.2,52.4,0,0
B24_PE,D,20221129,000000,51.8,52.4,51.8,52.4,0,0
B24_PE,D,20221130,000000,51.8,51.8,50.2,51.3,0,0
B24_PE,D,20221201,000000,51.7,51.7,49.6,49.6,0,0
B24_PE,D,20221202,000000,50.5,50.7,43.4,43.4,0,0
B24_PE,D,20221205,000000,43.2,46,43.2,44.5,0,0
B24_PE,D,20221206,000000,44.3,45.6,44.3,44.3,0,0
B24_PE,D,20221207,000000,44.3,46.5,44.3,46.1,0,0
B24_PE,D,20221208,000000,45.2,46.1,44.3,45.2,0,0
B24_PE,D,20221209,000000,44.3,45.2,43.5,43.6,0,0
B24_PE,D,20221212,000000,43.6,44.3,43.4,43.4,0,0
B24_PE,D,20221213,000000,43.4,44.3,42.4,42.4,0,0
B24_PE,D,20221214,000000,43.3,43.5,41.7,41.7,0,0
B24_PE,D,20221215,000000,42.1,42.4,42.1,42.4,0,0
B24_PE,D,20221216,000000,42.4,42.6,42,42.1,0,0
B24_PE,D,20221219,000000,42.5,43.4,41.4,43.4,0,0
B24_PE,D,20221220,000000,42.5,43.4,42.4,42.4,0,0
B24_PE,D,20221221,000000,42.6,42.6,42.4,42.4,0,0
B24_PE,D,20221222,000000,42.6,42.8,42.4,42.8,0,0
B24_PE,D,20221223,000000,43,43,42.4,43,0,0
B24_PE,D,20221227,000000,42.6,42.6,42.4,42.4,0,0
B24_PE,D,20221228,000000,42.4,43.7,41.5,42.4,0,0
B24_PE,D,20221229,000000,42.4,43.7,42.4,43,0,0
B24_PE,D,20221230,000000,43.2,43.2,41,43.2,0,0
B24_PE,D,20230102,000000,43,43.4,42.5,43,0,0
B24_PE,D,20230103,000000,43.4,44.3,43.4,44.3,0,0
B24_PE,D,20230104,000000,43.6,44.3,43.6,44.3,0,0
B24_PE,D,20230105,000000,43.7,44.1,43.4,43.7,0,0
B24_PE,D,20230109,000000,43.9,46.1,43.9,45.2,0,0
B24_PE,D,20230110,000000,45,45.6,44.3,45.6,0,0
B24_PE,D,20230111,000000,44.5,45.6,44.5,45.4,0,0
B24_PE,D,20230112,000000,45.4,45.4,44.5,45.4,0,0
B24_PE,D,20230113,000000,45.4,45.9,44.3,44.3,0,0
B24_PE,D,20230116,000000,45.2,45.6,44.3,45.6,0,0
B24_PE,D,20230117,000000,45,45.8,45,45,0,0
B24_PE,D,20230118,000000,45.6,45.7,43.7,43.7,0,0
B24_PE,D,20230119,000000,43.7,44.3,43.7,44.3,0,0
B24_PE,D,20230120,000000,44.3,47.1,43.6,46.9,0,0
B24_PE,D,20230123,000000,46.9,46.9,45.2,46.1,0,0
B24_PE,D,20230124,000000,46.1,46.8,44.4,44.5,0,0
B24_PE,D,20230125,000000,44.7,45.6,44.5,44.7,0,0
B24_PE,D,20230126,000000,44.7,46,44.7,46,0,0
B24_PE,D,20230127,000000,45.8,46,44.7,44.7,0,0
B24_PE,D,20230130,000000,44.7,45.6,44.7,45.4,0,0
B24_PE,D,20230131,000000,44.8,45.4,44.3,45.4,0,0
B24_PE,D,20230201,000000,45.4,45.4,44.3,45.2,0,0
B24_PE,D,20230202,000000,45.2,46.1,45.2,45.2,0,0
B24_PE,D,20230203,000000,45.8,47.8,45.8,46.1,0,0
B24_PE,D,20230206,000000,47,47.2,47,47.1,0,0
B24_PE,D,20230207,000000,47.1,47.1,46.1,46.1,0,0
B24_PE,D,20230208,000000,45.9,46.1,44.6,46.1,0,0
B24_PE,D,20230209,000000,47,52.9,47,51.3,0,0
B24_PE,D,20230210,000000,50.6,51.1,48.9,50.9,0,0
B24_PE,D,20230213,000000,51.1,51.5,48.7,49.6,0,0
B24_PE,D,20230214,000000,49.6,51.6,49.6,51.1,0,0
B24_PE,D,20230215,000000,51.1,51.1,49.8,51.1,0,0
B24_PE,D,20230216,000000,50.7,51.1,49.6,50.4,0,0
B24_PE,D,20230217,000000,50,52.4,50,52.2,0,0
B24_PE,D,20230220,000000,52.2,52.2,50.2,51.7,0,0
B24_PE,D,20230221,000000,50.8,51.3,50,50.8,0,0
B24_PE,D,20230222,000000,50.4,50.8,49.9,50,0,0
B24_PE,D,20230223,000000,50,50.9,50,50,0,0
B24_PE,D,20230224,000000,50.7,52.4,48,49.1,0,0
B24_PE,D,20230227,000000,49.3,49.8,48.4,49.5,0,0
B24_PE,D,20230228,000000,49.1,49.5,48.2,49.3,0,0
B24_PE,D,20230301,000000,49.3,49.5,48.4,49.1,0,0
B24_PE,D,20230302,000000,48.4,49.3,48.4,48.4,0,0
B24_PE,D,20230303,000000,48.4,49.5,48.4,49.5,0,0
B24_PE,D,20230306,000000,49.3,49.5,48.5,48.5,0,0
B24_PE,D,20230307,000000,49.2,49.8,48.9,49.5,0,0
B24_PE,D,20230308,000000,49.5,49.7,48.6,48.9,0,0
B24_PE,D,20230309,000000,49.1,50.2,48.7,50.2,0,0
B24_PE,D,20230310,000000,49.8,49.8,49.3,49.6,0,0
B24_PE,D,20230313,000000,48.9,50.2,47.6,49.8,0,0
B24_PE,D,20230314,000000,49.8,50.2,48.3,48.4,0,0
B24_PE,D,20230315,000000,49.9,49.9,48,48,0,0
B24_PE,D,20230316,000000,47.6,49.3,47.6,48,0,0
B24_PE,D,20230317,000000,48.9,48.9,47.1,47.1,0,0
B24_PE,D,20230320,000000,47.1,47.8,46.4,47.8,0,0
B24_PE,D,20230321,000000,47.6,47.6,46,46,0,0
B24_PE,D,20230322,000000,46.2,47.7,46.2,46.3,0,0
B24_PE,D,20230323,000000,47.8,47.8,47.8,47.8,0,0
B24_PE,D,20230324,000000,46.3,47.6,46.1,47.2,0,0
B24_PE,D,20230327,000000,47,47.8,46.3,47.8,0,0
B24_PE,D,20230328,000000,47.8,47.8,46.5,47.4,0,0
B24_PE,D,20230329,000000,48.3,48.3,37,37,0,0
B24_PE,D,20230330,000000,36.3,37.1,36,36.7,0,0
B24_PE,D,20230331,000000,37.3,39.7,37.3,38.3,0,0
B24_PE,D,20230403,000000,38.6,40,38.6,39.3,0,0
B24_PE,D,20230404,000000,39.3,39.3,38.5,38.5,0,0
B24_PE,D,20230405,000000,38.5,39.2,37.6,38.7,0,0
B24_PE,D,20230406,000000,38.7,41.1,38.3,39.4,0,0
B24_PE,D,20230411,000000,40,44,40,42.8,0,0
B24_PE,D,20230412,000000,42.5,42.7,41.4,42.1,0,0
B24_PE,D,20230413,000000,41.4,42.1,41.4,41.4,0,0
B24_PE,D,20230414,000000,40.8,44,40.8,44,0,0
B24_PE,D,20230417,000000,43.3,44.1,43.3,44,0,0
B24_PE,D,20230418,000000,44,44,42.8,42.8,0,0
B24_PE,D,20230419,000000,42.8,43.5,42.2,43,0,0
B24_PE,D,20230420,000000,43.6,44,43,44,0,0
B24_PE,D,20230421,000000,44,44,43.3,43.8,0,0
B24_PE,D,20230424,000000,43.4,43.4,42.1,42.8,0,0
B24_PE,D,20230425,000000,42.1,43.3,41.8,43.3,0,0
B24_PE,D,20230426,000000,43.2,43.2,41.9,42.5,0,0
B24_PE,D,20230427,000000,42.1,43.3,41.4,43.3,0,0
B24_PE,D,20230428,000000,43.7,43.7,42.4,43.4,0,0
B24_PE,D,20230502,000000,43.3,43.3,41.5,43.1,0,0
B24_PE,D,20230504,000000,42.7,43.7,42.1,42.1,0,0
B24_PE,D,20230505,000000,42.8,43.7,41.5,43.7,0,0
B24_PE,D,20230508,000000,43.7,43.7,43.3,43.7,0,0
B24_PE,D,20230509,000000,43.6,43.8,42.8,42.8,0,0
B24_PE,D,20230510,000000,43.8,43.8,42.8,42.8,0,0
B24_PE,D,20230511,000000,41.8,43.8,41.8,43.8,0,0
B24_PE,D,20230512,000000,43.8,43.8,41.8,42.3,0,0
B24_PE,D,20230515,000000,42.6,42.7,42.2,42.5,0,0
B24_PE,D,20230516,000000,41.9,41.9,40.2,40.7,0,0
B24_PE,D,20230517,000000,41.1,41.8,40,40.3,0,0
B24_PE,D,20230518,000000,40.4,42.3,40.4,42,0,0
B24_PE,D,20230519,000000,42.1,42.6,41,41.7,0,0
B24_PE,D,20230522,000000,41.4,43,41.4,42.8,0,0
B24_PE,D,20230523,000000,44.1,46.8,34,34,0,0
B24_PE,D,20230524,000000,34,34.1,33,33.8,0,0
B24_PE,D,20230525,000000,33.1,33.7,32.7,33.6,0,0
B24_PE,D,20230526,000000,33.5,34.6,33.1,34.5,0,0
B24_PE,D,20230529,000000,34.6,36,34.6,35.9,0,0
B24_PE,D,20230530,000000,36.2,38.2,36.2,37.7,0,0
B24_PE,D,20230531,000000,37.3,38.2,36.8,37.9,0,0
B24_PE,D,20230601,000000,37.6,38.2,36.8,37.9,0,0
B24_PE,D,20230602,000000,38.3,41.5,38.3,39.6,0,0
B24_PE,D,20230605,000000,39.8,40.9,39.1,40.3,0,0
B24_PE,D,20230606,000000,40.5,41,38.9,40,0,0
B24_PE,D,20230607,000000,40,41.1,39.4,39.4,0,0
B24_PE,D,20230609,000000,40.6,40.6,39.6,40.5,0,0
B24_PE,D,20230612,000000,40,40.5,39.4,39.6,0,0
B24_PE,D,20230613,000000,39.4,39.7,38.5,39.3,0,0
B24_PE,D,20230614,000000,39.1,40.5,39.1,40.5,0,0
B24_PE,D,20230615,000000,40,40.5,38.6,39.1,0,0
B24_PE,D,20230616,000000,39.1,40.2,38.6,39.4,0,0
B24_PE,D,20230619,000000,39.5,39.8,38,39.8,0,0
B24_PE,D,20230620,000000,38.8,38.8,37.5,37.9,0,0
B24_PE,D,20230621,000000,37.8,38.4,37.4,38.4,0,0
B24_PE,D,20230622,000000,37.3,38.8,37.3,38.8,0,0
B24_PE,D,20230623,000000,38.8,38.8,37.8,38.2,0,0
B24_PE,D,20230626,000000,38.7,38.8,37.6,38.8,0,0
B24_PE,D,20230627,000000,37.7,38.8,37.5,38.8,0,0
B24_PE,D,20230628,000000,38.4,38.8,37.8,38.5,0,0
B24_PE,D,20230629,000000,38.4,38.8,38.4,38.8,0,0
B24_PE,D,20230630,000000,38.8,40.5,38.8,40.5,0,0
B24_PE,D,20230703,000000,40.5,41.2,39.6,40.5,0,0
B24_PE,D,20230704,000000,40.7,40.7,39.4,40.5,0,0
B24_PE,D,20230705,000000,40.5,40.5,37.7,38.4,0,0
B24_PE,D,20230706,000000,37.5,37.8,36.2,36.2,0,0
B24_PE,D,20230707,000000,36.3,37.6,36,37.3,0,0
B24_PE,D,20230710,000000,37.3,38.8,36.8,37.8,0,0
B24_PE,D,20230711,000000,37.8,38.8,37.4,38.8,0,0
B24_PE,D,20230712,000000,38.4,39.8,38.4,38.7,0,0
B24_PE,D,20230713,000000,39.4,39.8,38.5,39.3,0,0
B24_PE,D,20230714,000000,39.2,39.3,38.4,39.3,0,0
B24_PE,D,20230717,000000,38.4,39.4,38.3,38.4,0,0
B24_PE,D,20230718,000000,38.2,38.8,38.2,38.8,0,0
B24_PE,D,20230719,000000,39.2,39.2,37.8,38.2,0,0
B24_PE,D,20230720,000000,38.4,40.3,38.4,40.3,0,0
B24_PE,D,20230721,000000,39.4,40.3,38.9,40.2,0,0
B24_PE,D,20230724,000000,39.9,40.9,39,39.4,0,0
B24_PE,D,20230725,000000,39.4,39.7,37.8,39.4,0,0
B24_PE,D,20230726,000000,39.3,39.3,38.1,38.2,0,0
B24_PE,D,20230727,000000,38.6,38.6,38,38.5,0,0
B24_PE,D,20230728,000000,38.5,39.5,38.5,39.1,0,0
B24_PE,D,20230731,000000,39.2,39.4,38.4,39.4,0,0
B24_PE,D,20230801,000000,39,39,37.3,38.6,0,0
B24_PE,D,20230802,000000,38.5,38.8,37.6,37.6,0,0
B24_PE,D,20230803,000000,38.2,38.2,36.6,37.6,0,0
B24_PE,D,20230804,000000,37.7,37.7,36.7,37.6,0,0
B24_PE,D,20230807,000000,37.601,37.601,36.536,36.8,0,0
B24_PE,D,20230808,000000,36.8,36.8,34.453,35.5,0,0
B24_PE,D,20230809,000000,35.288,39.019,35.288,36.8,0,0
B24_PE,D,20230810,000000,37.653,37.653,37.333,37.5,0,0
B24_PE,D,20230811,000000,37.605,37.605,36.646,37.3,0,0
B24_PE,D,20230814,000000,37.621,39.007,37.408,38.4,0,0
B24_PE,D,20230816,000000,38.4,38.827,36.2,36.2,0,0
B24_PE,D,20230817,000000,36.307,36.307,35.349,35.5,0,0
B24_PE,D,20230818,000000,36.034,37.1,34.861,35.2,0,0
B24_PE,D,20230821,000000,35.413,36.16,34.667,35.7,0,0
B24_PE,D,20230822,000000,35.699,35.806,34.953,35.8,0,0
B24_PE,D,20230823,000000,35.802,36.654,35.8,35.8,0,0
B24_PE,D,20230824,000000,36.867,36.867,36.228,36.5,0,0
B24_PE,D,20230825,000000,35.219,36.393,35.219,35.4,0,0
B24_PE,D,20230828,000000,36.038,36.145,35.398,35.4,0,0
B24_PE,D,20230829,000000,36.145,36.145,35.292,35.6,0,0
B24_PE,D,20230830,000000,36.133,36.133,34.428,35.7,0,0
B24_PE,D,20230831,000000,35.592,35.7,34.633,35.7,0,0
B24_PE,D,20230901,000000,35.379,35.379,33.887,35.1,0,0
B24_PE,D,20230904,000000,34.461,34.887,34.141,34.4,0,0
B24_PE,D,20230905,000000,34.398,34.931,34.398,34.6,0,0
B24_PE,D,20230906,000000,34.068,34.068,33.11,33.5,0,0
B24_PE,D,20230907,000000,33.394,33.394,32.007,32.5,0,0
B24_PE,D,20230908,000000,32.499,32.818,31.966,32.5,0,0
B24_PE,D,20230911,000000,32.499,32.605,31.966,32,0,0
B24_PE,D,20230912,000000,32.427,36.48,31.467,35.2,0,0
B24_PE,D,20230913,000000,36.267,37.333,36.2,36.2,0,0
B24_PE,D,20230914,000000,36.733,37.266,36.095,36.5,0,0
B24_PE,D,20230915,000000,37.353,37.887,36.286,37.8,0,0
B24_PE,D,20230918,000000,37.798,37.798,35.775,37.6,0,0
B24_PE,D,20230919,000000,37.282,37.708,37.282,37.4,0,0
B24_PE,D,20230920,000000,37.72,38.359,37.4,38,0,0
B24_PE,D,20230921,000000,37.467,37.573,37.147,37.3,0,0
B24_PE,D,20230922,000000,38.367,39.433,37.5,37.5,0,0
B24_PE,D,20230925,000000,37.499,38.457,37.286,37.3,0,0
B24_PE,D,20230926,000000,37.515,37.621,35.383,36.2,0,0
B24_PE,D,20230927,000000,36.095,38.33,35.456,36.7,0,0
B24_PE,D,20230928,000000,36.808,37.235,36.061,37.2,0,0
B24_PE,D,20230929,000000,37.305,39.011,36.24,37.2,0,0
B24_PE,D,20231002,000000,38.265,38.798,22.8,22.8,0,0
B24_PE,D,20231003,000000,22.991,23,22.608,23,0,0
B24_PE,D,20231004,000000,23.384,25.236,23.384,24.3,0,0
B24_PE,D,20231005,000000,24.492,24.492,23.916,24,0,0
B24_PE,D,20231006,000000,24.064,24.064,23.424,23.6,0,0
B24_PE,D,20231009,000000,23.599,23.855,23.344,23.8,0,0
B24_PE,D,20231010,000000,23.8,23.8,23.545,23.7,0,0
B24_PE,D,20231011,000000,23.7,23.7,23.444,23.6,0,0
B24_PE,D,20231012,000000,23.6,23.6,23.026,23.6,0,0
B24_PE,D,20231013,000000,23.6,23.6,22.962,23,0,0
B24_PE,D,20231016,000000,23,23.703,22.872,23,0,0
B24_PE,D,20231017,000000,23,23.511,22.745,23.2,0,0
B24_PE,D,20231018,000000,22.753,23.8,22.753,23.8,0,0
B24_PE,D,20231019,000000,23.225,23.928,23.225,23.4,0,0
B24_PE,D,20231020,000000,23.4,23.4,23,23,0,0
B24_PE,D,20231023,000000,23,24.278,22.872,23.4,0,0
B24_PE,D,20231024,000000,23.463,23.591,23.017,23.1,0,0
B24_PE,D,20231025,000000,23.1,23.547,23.1,23.5,0,0
B24_PE,D,20231026,000000,23.372,23.436,22.861,23.4,0,0
B24_PE,D,20231027,000000,23.08,23.4,23.016,23.3,0,0
B24_PE,D,20231030,000000,23.109,24.13,22.981,23.4,0,0
B24_PE,D,20231031,000000,23.144,23.464,22.633,23.4,0,0
B24_PE,D,20231102,000000,23.4,23.91,23.017,23.4,0,0
B24_PE,D,20231103,000000,23.4,23.4,22.826,23.1,0,0
B24_PE,D,20231106,000000,22.845,23.228,22.845,22.9,0,0
B24_PE,D,20231107,000000,22.772,22.9,22.581,22.9,0,0
B24_PE,D,20231108,000000,22.9,23.028,22.9,22.9,0,0
B24_PE,D,20231109,000000,22.9,23.028,22.5,22.5,0,0
B24_PE,D,20231110,000000,22.501,23.012,22.501,22.9,0,0
B24_PE,D,20231113,000000,22.9,22.964,22.644,22.8,0,0
B24_PE,D,20231114,000000,22.672,23.123,21.706,22.9,0,0
B24_PE,D,20231115,000000,22.771,22.771,21.935,22.5,0,0
B24_PE,D,20231116,000000,22.756,22.8,22.628,22.8,0,0
B24_PE,D,20231117,000000,22.543,22.865,21.899,22.4,0,0
B24_PE,D,20231120,000000,22.4,22.528,21.563,22.1,0,0
B24_PE,D,20231121,000000,22.101,22.101,21.585,21.9,0,0
B24_PE,D,20231122,000000,21.707,22.158,20.741,22,0,0
B24_PE,D,20231123,000000,21.486,23.609,21.357,21.7,0,0
B24_PE,D,20231124,000000,22.022,23.181,22.022,23.1,0,0
B24_PE,D,20231127,000000,23.1,23.293,22.521,23.2,0,0
B24_PE,D,20231128,000000,23.136,23.201,19.9,19.9,0,0
B24_PE,D,20231129,000000,19.9,20.1,19.505,20.1,0,0
B24_PE,D,20231130,000000,19.986,20.554,19.8,19.8,0,0
B24_PE,D,20231201,000000,19.969,20.422,19.8,20.4,0,0
B24_PE,D,20231204,000000,20.4,20.626,20.231,20.3,0,0
B24_PE,D,20231205,000000,20.357,20.641,20.187,20.5,0,0
B24_PE,D,20231206,000000,20.499,20.556,20.216,20.4,0,0
B24_PE,D,20231207,000000,20.4,20.91,20.287,20.9,0,0
B24_PE,D,20231208,000000,20.843,21.409,20.446,20.6,0,0
B24_PE,D,20231211,000000,20.6,20.827,20.487,20.5,0,0
B24_PE,D,20231212,000000,20.443,21.122,20.443,20.7,0,0
B24_PE,D,20231213,000000,20.757,21.04,20.757,21,0,0
B24_PE,D,20231214,000000,21,21.114,20.943,21,0,0
B24_PE,D,20231215,000000,21,21,20.6,20.6,0,0
B24_PE,D,20231218,000000,20.6,20.996,20.6,20.8,0,0
B24_PE,D,20231219,000000,20.405,20.8,20.405,20.7,0,0
B24_PE,D,20231220,000000,20.417,20.813,20.191,20.3,0,0
B24_PE,D,20231221,000000,20.3,20.356,20.017,20.3,0,0
B24_PE,D,20231222,000000,20.469,20.469,20.13,20.3,0,0
B24_PE,D,20231227,000000,20.187,20.696,20.13,20.2,0,0
B24_PE,D,20231228,000000,20.71,20.71,20.427,20.5,0,0
B24_PE,D,20231229,000000,20.386,20.4,20.273,20.4,0,0
B24_PE,D,20240102,000000,20.967,20.967,19.55,20.1,0,0
B24_PE,D,20240103,000000,20.383,20.439,20.156,20.3,0,0
B24_PE,D,20240104,000000,20.074,20.413,20.074,20.4,0,0
B24_PE,D,20240105,000000,20.4,21,20.344,21,0,0
B24_PE,D,20240108,000000,21,21.114,20.489,20.8,0,0
B24_PE,D,20240109,000000,20.631,21.139,20.631,20.9,0,0
B24_PE,D,20240110,000000,20.673,22.089,20.673,21.4,0,0
B24_PE,D,20240111,000000,21.57,21.57,21.059,21.5,0,0
B24_PE,D,20240112,000000,21.557,21.557,21.103,21.3,0,0
B24_PE,D,20240115,000000,21.923,23.339,21.923,22.7,0,0
B24_PE,D,20240116,000000,22.927,22.984,22.473,22.7,0,0
B24_PE,D,20240117,000000,22.7,22.927,22.473,22.6,0,0
B24_PE,D,20240118,000000,22.713,22.883,22.317,22.7,0,0
B24_PE,D,20240119,000000,22.7,24.005,22.7,23.6,0,0
B24_PE,D,20240122,000000,23.714,24.053,23.4,23.4,0,0
B24_PE,D,20240123,000000,23.4,23.909,23.287,23.6,0,0
B24_PE,D,20240124,000000,23.94,23.94,23.487,23.8,0,0
B24_PE,D,20240125,000000,23.8,23.8,23.29,23.3,0,0
B24_PE,D,20240126,000000,23.527,24,23.357,24,0,0
B24_PE,D,20240129,000000,24,24.965,23.943,24.9,0,0
B24_PE,D,20240130,000000,24.843,25.8,24.843,25.8,0,0
B24_PE,D,20240131,000000,25.516,25.743,25.119,25.6,0,0
B24_PE,D,20240201,000000,25.6,25.6,25.034,25.4,0,0
B24_PE,D,20240202,000000,25.626,25.626,25.173,25.5,0,0
B24_PE,D,20240205,000000,25.5,25.67,23.9,23.9,0,0
B24_PE,D,20240206,000000,23.843,24.296,23.843,23.9,0,0
B24_PE,D,20240207,000000,24.07,24.3,24.07,24.3,0,0
B24_PE,D,20240208,000000,24.357,24.8,24.357,24.8,0,0
B24_PE,D,20240209,000000,24.8,24.8,24.516,24.7,0,0
B24_PE,D,20240212,000000,24.756,24.756,24.19,24.7,0,0
B24_PE,D,20240213,000000,24.643,24.7,23.68,24,0,0
B24_PE,D,20240214,000000,23.773,25.1,23.773,25.1,0,0
B24_PE,D,20240215,000000,25.497,25.497,24.987,25.3,0,0
B24_PE,D,20240216,000000,25.357,25.811,24.28,24.8,0,0
B24_PE,D,20240219,000000,24.8,24.914,24.461,24.9,0,0
B24_PE,D,20240220,000000,24.9,24.9,24.334,24.5,0,0
B24_PE,D,20240221,000000,24.331,24.84,23.369,23.4,0,0
B24_PE,D,20240222,000000,23.229,23.626,22.72,23.6,0,0
B24_PE,D,20240223,000000,23.601,23.601,22.242,22.8,0,0
B24_PE,D,20240226,000000,22.631,22.914,22.235,22.7,0,0
B24_PE,D,20240227,000000,22.643,23.438,22.416,23.4,0,0
B24_PE,D,20240228,000000,23.286,23.286,21.983,22.1,0,0
B24_PE,D,20240229,000000,21.987,22.95,21.987,22.9,0,0
B24_PE,D,20240301,000000,22.673,22.899,22.278,22.5,0,0
B24_PE,D,20240304,000000,22.5,23.404,22.33,23.065,0,0
B24_PE,D,20240305,000000,23.065,23.178,22.556,23,0,0
B24_PE,D,20240306,000000,23,23.8,22.66,23.8,0,0
B24_PE,D,20240307,000000,23.8,23.8,23.29,23.8,0,0
B24_PE,D,20240308,000000,23.743,24.82,23.743,24.6,0,0
B24_PE,D,20240311,000000,24.6,25.335,24.317,25.3,0,0
B24_PE,D,20240312,000000,25.413,25.64,24.904,25.4,0,0
B24_PE,D,20240313,000000,25.4,25.626,24.606,25.4,0,0
B24_PE,D,20240314,000000,25.286,25.4,24.549,25.4,0,0
B24_PE,D,20240315,000000,25.4,25.456,24.096,24.833,0,0
B24_PE,D,20240318,000000,24.833,24.833,24.096,24.1,0,0
B24_PE,D,20240319,000000,23.93,24.383,22.852,24.3,0,0
B24_PE,D,20240320,000000,24.357,26.736,24.357,26.1,0,0
B24_PE,D,20240321,000000,25.816,25.986,25.248,25.8,0,0
B24_PE,D,20240322,000000,25.914,26.6,25.914,26.6,0,0
B24_PE,D,20240325,000000,26.827,26.883,26.374,26.7,0,0
B24_PE,D,20240326,000000,26.757,26.814,26.077,26.3,0,0
B24_PE,D,20240327,000000,26.299,27.6,26.299,27,0,0
B24_PE,D,20240328,000000,26.999,27.17,26.489,26.6,0,0
B24_PE,D,20240402,000000,26.6,27.166,26.6,26.9,0,0
B24_PE,D,20240403,000000,26.9,27.183,26.9,27.1,0,0
B24_PE,D,20240404,000000,26.76,29.9,25.91,29.9,0,0
B24_PE,D,20240405,000000,29.393,29.773,28.823,29.2,0,0
B24_PE,D,20240408,000000,29.264,30.851,29.264,30.8,0,0
B24_PE,D,20240409,000000,30.927,31.688,30.8,30.9,0,0
B24_PE,D,20240410,000000,31.09,33.053,31.09,33,0,0
B24_PE,D,20240411,000000,32.999,33.253,32.618,32.7,0,0
B24_PE,D,20240412,000000,32.573,33.207,32.319,32.4,0,0
B24_PE,D,20240415,000000,31.895,33.16,31.452,32.6,0,0
B24_PE,D,20240416,000000,32.473,32.727,31.5,31.5,0,0
B24_PE,D,20240417,000000,31.5,31.626,30.7,30.7,0,0
B24_PE,D,20240418,000000,31.396,31.586,30.067,30.5,0,0
B24_PE,D,20240419,000000,30.754,30.817,29.741,30.7,0,0
B24_PE,D,20240422,000000,30.764,30.764,29.496,30.4,0,0
B24_PE,D,20240423,000000,30.717,33.763,30.463,32.1,0,0
B24_PE,D,20240424,000000,32.608,32.608,30.324,31.1,0,0
B24_PE,D,20240425,000000,31.353,31.67,30.972,31.1,0,0
B24_PE,D,20240426,000000,31.543,31.606,30.783,31.6,0,0
B24_PE,D,20240429,000000,31.664,31.664,29.951,30.4,0,0
B24_PE,D,20240430,000000,30.399,30.399,28.051,28.9,0,0
B24_PE,D,20240502,000000,28.899,28.899,28.329,28.329,0,0
B24_PE,D,20240506,000000,28.392,28.519,28.1,28.1,0,0
B24_PE,D,20240507,000000,28.099,28.289,27.973,28,0,0
B24_PE,D,20240508,000000,28.063,28.57,27.999,28.2,0,0
B24_PE,D,20240509,000000,28.2,28.454,28.1,28.1,0,0
B24_PE,D,20240510,000000,28.226,28.226,28.036,28.1,0,0
B24_PE,D,20240513,000000,28.163,28.859,28.099,28.7,0,0
B24_PE,D,20240514,000000,28.7,28.763,28.5,28.5,0,0
B24_PE,D,20240515,000000,28.501,28.7,28.501,28.7,0,0
B24_PE,D,20240516,000000,28.51,28.7,28.447,28.6,0,0
B24_PE,D,20240517,000000,28.537,28.791,28.537,28.6,0,0
B24_PE,D,20240520,000000,28.537,28.727,28.537,28.6,0,0
B24_PE,D,20240521,000000,28.6,28.727,28.41,28.5,0,0
B24_PE,D,20240522,000000,28.501,28.628,28.501,28.6,0,0
B24_PE,D,20240523,000000,28.6,28.664,28.5,28.5,0,0
B24_PE,D,20240524,000000,28.564,28.6,28.501,28.6,0,0
B24_PE,D,20240527,000000,28.537,28.664,28.537,28.6,0,0
B24_PE,D,20240528,000000,28.537,28.6,28.537,28.6,0,0
B24_PE,D,20240529,000000,28.6,28.791,28.6,28.6,0,0
B24_PE,D,20240531,000000,28.537,28.727,28.537,28.7,0,0
B24_PE,D,20240603,000000,28.763,28.89,28.573,28.7,0,0
B24_PE,D,20240604,000000,28.7,28.827,28.573,28.6,0,0
B24_PE,D,20240605,000000,28.6,28.791,27.4,27.4,0,0
B24_PE,D,20240606,000000,27.339,27.5,27.279,27.5,0,0
B24_PE,D,20240607,000000,27.5,27.5,27.379,27.5,0,0
B24_PE,D,20240610,000000,27.44,27.561,27.379,27.5,0,0
B24_PE,D,20240611,000000,27.38,27.501,27.38,27.5,0,0
B24_PE,D,20240612,000000,27.5,27.561,27.44,27.5,0,0
B24_PE,D,20240613,000000,27.44,28.469,27.44,28.4,0,0
B24_PE,D,20240614,000000,28.28,28.28,27.555,28,0,0
B24_PE,D,20240617,000000,28.485,28.606,28.061,28.4,0,0
B24_PE,D,20240618,000000,28.158,28.158,27.492,27.613,0,0
B24_PE,D,20240619,000000,27.613,28.037,27.613,27.8,0,0
B24_PE,D,20240620,000000,27.8,28.162,27.316,27.7,0,0
B24_PE,D,20240621,000000,28.245,28.668,28.245,28.4,0,0
B24_PE,D,20240624,000000,28.461,28.521,28.34,28.4,0,0
B24_PE,D,20240625,000000,28.401,28.461,28.34,28.4,0,0
B24_PE,D,20240626,000000,28.4,28.4,28.34,28.4,0,0
B24_PE,D,20240627,000000,28.34,28.4,28.158,28.3,0,0
B24_PE,D,20240628,000000,28.3,28.3,27.816,28.2,0,0
B24_PE,D,20240701,000000,28.26,28.442,28.018,28.3,0,0
B24_PE,D,20240702,000000,28.3,28.481,28.3,28.3,0,0
B24_PE,D,20240703,000000,28.3,28.36,28.239,28.3,0,0
B24_PE,D,20240704,000000,28.179,29.026,28.179,29,0,0
B24_PE,D,20240705,000000,28.939,28.939,28.395,28.6,0,0
B24_PE,D,20240708,000000,28.601,28.601,28.4,28.4,0,0
B24_PE,D,20240709,000000,28.34,28.34,28.279,28.3,0,0
B24_PE,D,20240710,000000,28.24,28.361,27.877,28.1,0,0
B24_PE,D,20240711,000000,28.343,28.343,27.98,28,0,0
B24_PE,D,20240712,000000,28,28.727,27.879,28.4,0,0
B24_PE,D,20240715,000000,28.098,28.2,28.098,28.2,0,0
B24_PE,D,20240716,000000,28.381,28.563,28.139,28.4,0,0
B24_PE,D,20240717,000000,28.401,28.582,28.28,28.3,0,0
B24_PE,D,20240718,000000,28.482,28.723,28.3,28.4,0,0
B24_PE,D,20240719,000000,28.461,28.642,28.401,28.6,0,0
B24_PE,D,20240722,000000,28.601,28.601,28.4,28.4,0,0
B24_PE,D,20240723,000000,28.401,28.521,28.4,28.4,0,0
B24_PE,D,20240724,000000,28.401,28.6,28.401,28.6,0,0
B24_PE,D,20240725,000000,28.419,28.601,28.419,28.6,0,0
B24_PE,D,20240726,000000,28.54,28.661,28.48,28.6,0,0
B24_PE,D,20240729,000000,28.601,28.661,28.54,28.6,0,0
B24_PE,D,20240730,000000,28.48,28.6,28.4,28.4,0,0
B24_PE,D,20240731,000000,28.401,28.521,28.4,28.4,0,0
B24_PE,D,20240801,000000,28.461,28.5,28.401,28.5,0,0
B24_PE,D,20240802,000000,28.501,28.622,28.4,28.4,0,0
B24_PE,D,20240805,000000,28.401,28.401,27.615,28.4,0,0
B24_PE,D,20240806,000000,28.097,28.461,28.097,28.1,0,0
B24_PE,D,20240807,000000,28.1,28.1,28.04,28.1,0,0
B24_PE,D,20240808,000000,28.04,28.101,28,28,0,0
B24_PE,D,20240809,000000,28,28.302,28,28.3,0,0
B24_PE,D,20240812,000000,27.998,28,27.998,28,0,0
B24_PE,D,20240813,000000,28,28.423,28,28.4,0,0
B24_PE,D,20240814,000000,28.34,28.4,27.9,27.9,0,0
B24_PE,D,20240816,000000,27.9,28.444,27.9,28.4,0,0
B24_PE,D,20240819,000000,28.401,28.6,28.159,28.6,0,0
B24_PE,D,20240820,000000,28.48,28.601,28.4,28.4,0,0
B24_PE,D,20240821,000000,28.219,28.401,28.219,28.4,0,0
B24_PE,D,20240822,000000,28.461,28.582,28.401,28.5,0,0
B24_PE,D,20240823,000000,28.44,28.501,28.4,28.4,0,0
B24_PE,D,20240826,000000,28.401,28.521,28.4,28.4,0,0
B24_PE,D,20240827,000000,28.401,28.461,28.4,28.4,0,0
B24_PE,D,20240828,000000,28.461,28.461,28.4,28.4,0,0
B24_PE,D,20240829,000000,28.521,28.521,28.4,28.4,0,0
B24_PE,D,20240830,000000,28.521,28.521,28.461,28.5,0,0
B24_PE,D,20240902,000000,28.622,28.622,28.259,28.44,0,0
B24_PE,D,20240903,000000,28.44,28.44,28.198,28.3,0,0
B24_PE,D,20240904,000000,28.3,28.481,28.239,28.4,0,0
B24_PE,D,20240905,000000,28.401,28.401,28.159,28.2,0,0
B24_PE,D,20240906,000000,28.26,28.381,28.1,28.1,0,0
B24_PE,D,20240909,000000,28.1,28.161,27.798,28.1,0,0
B24_PE,D,20240910,000000,28.04,28.04,27.919,28,0,0
B24_PE,D,20240911,000000,27.939,27.939,27.879,27.9,0,0
B24_PE,D,20240912,000000,28.082,28.1,27.901,28.1,0,0
B24_PE,D,20240913,000000,27.98,28,27.919,28,0,0
B24_PE,D,20240916,000000,28.121,28.182,28.1,28.1,0,0
B24_PE,D,20240917,000000,27.858,28,27.858,28,0,0
B24_PE,D,20240918,000000,27.939,27.939,27.879,27.9,0,0
B24_PE,D,20240919,000000,27.84,28.2,27.477,28.2,0,0
B24_PE,D,20240920,000000,27.837,27.837,27.8,27.8,0,0
B24_PE,D,20240923,000000,28.162,28.2,28.162,28.2,0,0
B24_PE,D,20240924,000000,27.837,27.837,27.534,27.8,0,0
B24_PE,D,20240925,000000,27.8,27.8,27.739,27.8,0,0
B24_PE,D,20240926,000000,27.618,28.223,27.558,27.8,0,0
B24_PE,D,20240927,000000,27.618,28.102,27.558,27.6,0,0
B24_PE,D,20240930,000000,27.6,27.8,27.6,27.8,0,0
B24_PE,D,20241001,000000,27.8,27.981,27.8,27.8,0,0
B24_PE,D,20241002,000000,27.8,28.404,27.8,28,0,0
B24_PE,D,20241003,000000,28.303,28.485,28.303,28.4,0,0
B24_PE,D,20241004,000000,28.401,28.461,28.219,28.4,0,0
B24_PE,D,20250401,000000,154.2,154.2,154.2,154.2,0,0
B24_PE,D,20250402,000000,148.467,154.2,144.454,154.2,0,0
B24_PE,D,20250403,000000,154.211,154.211,148.28,151.246,0,0
B24_PE,D,20250404,000000,151.246,154.211,150.059,151.2,0,0
B24_PE,D,20250407,000000,150.015,151.201,148.236,151.201,0,0
B24_PE,D,20250408,000000,148.236,150.015,148.236,149.5,0,0
B24_PE,D,20250409,000000,148.917,154.257,148.324,148.9,0,0
B24_PE,D,20250410,000000,154.257,154.257,149.511,154.257,0,0
B24_PE,D,20250411,000000,154.257,159.597,152.477,157.2,0,0
B24_PE,D,20250414,000000,157.177,159.549,154.211,159.5,0,0
B24_PE,D,20250415,000000,158.909,159.502,154.165,154.8,0,0
B24_PE,D,20250416,000000,154.804,159.549,154.211,159.5,0,0
B24_PE,D,20250417,000000,159.502,159.502,151.794,154.2,0,0
B24_PE,D,20250422,000000,151.246,154.211,149.466,154.2,0,0
B24_PE,D,20250423,000000,153.025,153.618,150.059,151.2,0,0
B24_PE,D,20250424,000000,153.572,154.165,152.387,152.4,0,0
B24_PE,D,20250425,000000,152.387,154.2,150.608,154.2,0,0
B24_PE,D,20250428,000000,154.211,154.211,150.059,150.1,0,0
B24_PE,D,20250429,000000,150.697,150.697,149.511,150.1,0,0
B24_PE,D,20250430,000000,150.104,153.07,150.104,153,0,0
B24_PE,D,20250502,000000,150.608,168.9,150.608,168.9,0,0
B24_PE,D,20250505,000000,168.903,168.903,164.975,165,0,0
B24_PE,D,20250506,000000,164.975,168.903,163.666,168.3,0,0
B24_PE,D,20250507,000000,166.994,168.304,166.994,168.3,0,0
B24_PE,D,20250508,000000,168.304,173.543,166.994,173.5,0,0
B24_PE,D,20250509,000000,170.213,170.213,168.249,168.3,0,0
B24_PE,D,20250512,000000,167.649,169.614,166.994,169.6,0,0
B24_PE,D,20250513,000000,168.304,169.614,166.994,167,0,0
B24_PE,D,20250514,000000,166.994,167,166.994,167,0,0
B24_PE,D,20250515,000000,169.614,169.614,166.994,169.6,0,0
B24_PE,D,20250516,000000,169.614,170.269,168.959,170.2,0,0
B24_PE,D,20250519,000000,170.213,170.213,168.249,169.6,0,0
B24_PE,D,20250520,000000,170.269,170.269,166.994,170.2,0,0
B24_PE,D,20250521,000000,167.594,167.594,167.594,167.594,0,0
B24_PE,D,20250522,000000,170.213,170.213,166.939,167,0,0
B24_PE,D,20250523,000000,167.649,170.269,166.994,170.2,0,0
B24_PE,D,20250526,000000,167.594,169.558,166.939,167,0,0
B24_PE,D,20250527,000000,166.994,168.959,166.994,167,0,0
B24_PE,D,20250528,000000,168.959,169.614,168.3,168.3,0,0
B24_PE,D,20250529,000000,168.304,168.304,166.994,167,0,0
B24_PE,D,20250530,000000,168.304,168.304,166.994,167,0,0
B24_PE,D,20250602,000000,166.994,169.614,166.994,169.6,0,0
B24_PE,D,20250603,000000,169.614,169.614,169.6,169.6,0,0
B24_PE,D,20250604,000000,166.994,168.959,166.994,168.9,0,0
B24_PE,D,20250605,000000,166.939,168.903,166.939,167,0,0
B24_PE,D,20250606,000000,166.994,168.959,166.994,167.6,0,0
B24_PE,D,20250609,000000,166.939,168.903,166.939,168.9,0,0
B24_PE,D,20250610,000000,168.903,168.903,166.939,168.9,0,0
B24_PE,D,20250611,000000,168.903,168.903,168.9,168.9,0,0
B24_PE,D,20250612,000000,168.249,168.903,166.939,167,0,0
B24_PE,D,20250613,000000,168.304,168.959,166.994,167,0,0
B24_PE,D,20250616,000000,166.994,167,166.994,167,0,0
B24_PE,D,20250617,000000,166.994,167,166.994,167,0,0
B24_PE,D,20250618,000000,166.994,173.543,166.994,173.5,0,0
B24_PE,D,20250620,000000,172.831,172.831,172.177,172.2,0,0
B24_PE,D,20250623,000000,172.177,172.177,170.2,170.2,0,0
B24_PE,D,20250624,000000,173.486,176.105,170.213,176.1,0,0
B24_PE,D,20250625,000000,176.105,176.759,170.213,176.1,0,0
B24_PE,D,20250626,000000,172.831,173.5,170.213,173.5,0,0
B24_PE,D,20250627,000000,170.867,182.7,170.867,182.7,0,0
B24_PE,D,20250630,000000,180.092,182.056,176.817,182,0,0
B24_PE,D,20250701,000000,182.651,182.7,176.759,182.7,0,0
B24_PE,D,20250702,000000,182.711,182.711,177.472,182.7,0,0
B24_PE,D,20250703,000000,180.092,180.092,176.1,176.1,0,0
B24_PE,D,20250704,000000,176.759,176.759,174.795,176.1,0,0
B24_PE,D,20250707,000000,170.213,176.8,170.213,176.8,0,0
B24_PE,D,20250708,000000,176.817,176.817,176.1,176.1,0,0
B24_PE,D,20250709,000000,176.759,176.759,170.213,176.1,0,0
B24_PE,D,20250710,000000,176.105,184.7,176.105,184.7,0,0
B24_PE,D,20250711,000000,184.676,189.9,183.366,189.9,0,0
B24_PE,D,20250714,000000,195.286,195.286,188.552,189.9,0,0
B24_PE,D,20250715,000000,189.915,189.915,177.472,189.9,0,0
B24_PE,D,20250716,000000,196.464,196.464,183.366,195.8,0,0
B24_PE,D,20250717,000000,195.154,195.809,190.5,190.5,0,0
B24_PE,D,20250718,000000,189.853,191.817,189.853,189.9,0,0
B24_PE,D,20250721,000000,189.915,194.5,184.021,194.5,0,0
B24_PE,D,20250722,000000,189.915,193.189,182.711,188.6,0,0
B24_PE,D,20250723,000000,187.295,187.295,183.366,186.6,0,0
B24_PE,D,20250724,000000,185.27,195.745,185.27,194.5,0,0
B24_PE,D,20250725,000000,193.844,196.464,189.915,195.1,0,0
B24_PE,D,20250728,000000,195.09,195.745,190.507,195.1,0,0
B24_PE,D,20250729,000000,195.09,195.09,177.414,184.7,0,0
B24_PE,D,20250730,000000,183.366,187.95,183.366,187.9,0,0
B24_PE,D,20250731,000000,187.889,189.853,186.579,189.2,0,0
B24_PE,D,20250801,000000,189.853,189.853,183.306,189.2,0,0
B24_PE,D,20250804,000000,189.198,189.853,183.306,186.6,0,0
B24_PE,D,20250805,000000,189.853,189.9,189.198,189.9,0,0
B24_PE,D,20250806,000000,189.915,192.534,188.605,192.5,0,0
B24_PE,D,20250807,000000,191.817,191.817,189.853,189.9,0,0
B24_PE,D,20250808,000000,189.26,189.915,187.95,189.9,0,0
B24_PE,D,20250811,000000,189.915,189.915,187.95,188.6,0,0
B24_PE,D,20250812,000000,189.26,189.915,184.021,187.9,0,0
B24_PE,D,20250813,000000,189.198,189.198,186.579,186.6,0,0
B24_PE,D,20250814,000000,188.543,189.853,183.961,184,0,0
B24_PE,D,20250818,000000,187.295,187.295,184.021,186,0,0
B24_PE,D,20250819,000000,186.64,186.64,183.3,183.3,0,0
B24_PE,D,20250820,000000,183.306,189.2,183.306,189.2,0,0
B24_PE,D,20250821,000000,189.198,189.853,183.3,183.3,0,0
B24_PE,D,20250822,000000,187.889,187.889,177.414,182.7,0,0
B24_PE,D,20250825,000000,182.711,183.366,180.092,180.1,0,0
B24_PE,D,20250826,000000,180.092,181.401,176.817,181.4,0,0
B24_PE,D,20250827,000000,178.782,182.056,177.472,178.8,0,0
B24_PE,D,20250828,000000,178.782,179.437,178.782,179.4,0,0
B24_PE,D,20250829,000000,179.378,179.4,176.759,179.4,0,0
B24_PE,D,20250901,000000,178.723,178.723,173.486,175.5,0,0
B24_PE,D,20250902,000000,175.508,175.508,172.233,174.8,0,0
B24_PE,D,20250903,000000,173.486,175.45,173.486,173.5,0,0
B24_PE,D,20250904,000000,173.486,175.5,173.486,175.5,0,0
B24_PE,D,20250905,000000,175.508,175.508,173.5,173.5,0,0
B24_PE,D,20250908,000000,173.486,174.8,173.486,174.8,0,0
B24_PE,D,20250909,000000,173.486,175.5,173.486,175.5,0,0
B24_PE,D,20250910,000000,173.543,175.508,171.578,171.6,0,0
B24_PE,D,20250911,000000,172.888,176.817,172.888,175.5,0,0
B24_PE,D,20250912,000000,176.162,176.817,176.162,176.8,0,0
B24_PE,D,20250915,000000,176.817,179.437,170.269,176.8,0,0
B24_PE,D,20250916,000000,173.543,173.543,171.578,171.6,0,0
B24_PE,D,20250917,000000,176.817,176.817,172.233,173.5,0,0
B24_PE,D,20250918,000000,172.177,176.105,172.177,176.1,0,0
B24_PE,D,20250919,000000,172.831,176.105,172.831,176.1,0,0
B24_PE,D,20250922,000000,176.759,176.759,172.831,172.9,0,0
B24_PE,D,20250923,000000,176.162,176.162,176.1,176.1,0,0
B24_PE,D,20250924,000000,173.486,173.5,172.831,173.5,0,0
B24_PE,D,20250925,000000,175.45,175.45,172.831,172.9,0,0
B24_PE,D,20250926,000000,172.233,175.508,167.6,167.6,0,0
B24_PE,D,20250929,000000,170.213,170.213,168.249,170.2,0,0
B24_PE,D,20250930,000000,170.213,176.105,170.2,170.2,0,0
B24_PE,D,20251001,000000,170.213,176.105,170.213,171.6,0,0
B24_PE,D,20251002,000000,176.162,176.162,171.578,175.5,0,0
B24_PE,D,20251003,000000,176.162,176.162,175.508,176.1,0,0
B24_PE,D,20251006,000000,176.105,176.105,32.8,32.8,0,0
B24_PE,D,20251007,000000,32.923,32.923,31.947,32.6,0,0
B24_PE,D,20251008,000000,32.723,32.723,31.7,31.7,0,0
B24_PE,D,20251009,000000,32.309,32.675,31.578,31.7,0,0
B24_PE,D,20251010,000000,31.578,32.919,31.578,32.7,0,0
B24_PE,D,20251013,000000,32.701,32.701,31.6,31.6,0,0
B24_PE,D,20251014,000000,31.479,32.089,30.869,31.7,0,0
B24_PE,D,20251015,000000,31.7,32.065,31.09,31.7,0,0
B24_PE,D,20251016,000000,32.309,34.016,32.309,34,0,0
B24_PE,D,20251017,000000,34,34.853,32.903,34.3,0,0
B24_PE,D,20251020,000000,34.3,34.91,34.3,34.5,0,0
B24_PE,D,20251021,000000,34.743,34.9,34.256,34.9,0,0
B24_PE,D,20251022,000000,35.021,35.021,34.167,34.4,0,0
B24_PE,D,20251023,000000,34.279,34.3,34.279,34.3,0,0
B24_PE,D,20251024,000000,34.3,34.3,33.079,34.2,0,0
B24_PE,D,20251027,000000,34.201,34.811,34.201,34.8,0,0
B24_PE,D,20251028,000000,34.19,34.2,34.19,34.2,0,0
B24_PE,D,20251029,000000,34.689,34.689,33.346,33.8,0,0
B24_PE,D,20251030,000000,33.309,33.309,32.4,32.4,0,0
B24_PE,D,20251031,000000,32.887,34.714,32.4,34.105,0,0
B24_PE,D,20251103,000000,33.983,36.1,33.13,36.1,0,0
B24_PE,D,20251104,000000,36.499,37.162,36.499,37,0,0
B24_PE,D,20251105,000000,37,37.133,37,37,0,0
B24_PE,D,20251106,000000,37,37,36.868,37,0,0
B24_PE,D,20251107,000000,37,37,36.868,36.9,0,0
B24_PE,D,20251110,000000,36.899,37.165,35.838,36,0,0
B24_PE,D,20251112,000000,35.999,37.194,35.999,36.2,0,0
B24_PE,D,20251113,000000,36.995,37.128,36.73,36.8,0,0
B24_PE,D,20251114,000000,37.199,37.199,36.8,36.8,0,0
B24_PE,D,20251117,000000,37.199,37.199,36.2,36.2,0,0
B24_PE,D,20251118,000000,39.117,39.515,39.117,39.3,0,0
B24_PE,D,20251119,000000,39.432,39.432,39.299,39.4,0,0
B24_PE,D,20251120,000000,39.533,39.6,39.4,39.6,0,0
B24_PE,D,20251121,000000,39.732,39.732,39.4,39.4,0,0
B24_PE,D,20251124,000000,39.4,39.533,39.4,39.4,0,0
B24_PE,D,20251125,000000,39.4,39.666,39.4,39.6,0,0
B24_PE,D,20251126,000000,39.732,39.732,39.466,39.7,0,0
B24_PE,D,20251127,000000,39.169,39.7,39.036,39.7,0,0
B24_PE,D,20251128,000000,39.7,39.7,39.4,39.4,0,0
B24_PE,D,20251201,000000,39.135,39.135,38.472,38.5,0,0
B24_PE,D,20251202,000000,38.5,39.164,38.5,38.6,0,0
B24_PE,D,20251203,000000,39.13,39.13,38.467,38.5,0,0
B24_PE,D,20251204,000000,38.5,38.5,36.6,36.6,0,0
B24_PE,D,20251205,000000,36.6,37,36.335,37,0,0
B24_PE,D,20251208,000000,37.133,40.846,37.133,40.6,0,0
B24_PE,D,20251209,000000,39.804,40.334,39.008,39.8,0,0
B24_PE,D,20251210,000000,39.801,40.199,39.8,39.8,0,0
B24_PE,D,20251211,000000,39.801,40.066,39.8,39.8,0,0
B24_PE,D,20251212,000000,39.801,40.199,39.138,39.8,0,0
B24_PE,D,20251215,000000,39.801,39.801,39.8,39.8,0,0
B24_PE,D,20251216,000000,39.801,40.2,39.801,40.2,0,0
B24_PE,D,20251217,000000,40.199,40.199,39.8,39.8,0,0
B24_PE,D,20251218,000000,39.801,40.2,39.801,40.2,0,0
B24_PE,D,20251219,000000,40.066,40.066,39,39,0,0
B24_PE,D,20251222,000000,39.663,39.8,39.663,39.8,0,0
B24_PE,D,20251223,000000,39.801,40.199,39.801,39.801,0,0
B24_PE,D,20251229,000000,38.607,39.801,38.607,38.8,0,0
B24_PE,D,20251230,000000,38.799,40.26,38.799,39.8,0,0
B24_PE,D,20260102,000000,39.934,40.1,39.27,40.1,0,0
B24_PE,D,20260105,000000,39.968,40.101,39.8,39.8,0,0
B24_PE,D,20260107,000000,40.066,41.26,38.74,39,0,0
B24_PE,D,20260108,000000,39.796,40.061,39.796,39.8,0,0
B24_PE,D,20260109,000000,39.801,40.066,39.8,39.8,0,0
B24_PE,D,20260112,000000,39.801,41.128,39.8,39.8,0,0
B24_PE,D,20260113,000000,39.801,40.995,39.8,39.8,0,0
B24_PE,D,20260114,000000,39.801,39.801,39.8,39.8,0,0
B24_PE,D,20260115,000000,40.199,40.199,39.8,39.8,0,0
B24_PE,D,20260116,000000,39.934,41.128,39.8,39.8,0,0
B24_PE,D,20260119,000000,39.27,39.801,39.27,39.3,0,0
B24_PE,D,20260120,000000,39.697,39.697,39.166,39.2,0,0
B24_PE,D,20260121,000000,39.732,39.732,38.9,38.9,0,0
B24_PE,D,20260122,000000,39.697,39.697,39.565,39.6,0,0
B24_PE,D,20260123,000000,39.732,39.732,39.599,39.7,0,0
