<TICKER>,<PER>,<DATE>,<TIME>,<OPEN>,<HIGH>,<LOW>,<CLOSE>,<VOL>,<OPENINT>
BBD_PE,D,20070813,000000,85.3,85.3,85.3,85.3,0,0
BBD_PE,D,20070814,000000,83.1,83.1,83.1,83.1,0,0
BBD_PE,D,20070816,000000,69.1,69.1,69.1,69.1,0,0
BBD_PE,D,20070817,000000,70.8,70.8,70.8,70.8,0,0
BBD_PE,D,20070820,000000,78,78,78,78,0,0
BBD_PE,D,20070821,000000,82.5,82.5,82.5,82.5,0,0
BBD_PE,D,20070822,000000,100.3,100.3,100.3,100.3,0,0
BBD_PE,D,20070823,000000,105.9,105.9,105.9,105.9,0,0
BBD_PE,D,20070824,000000,114.3,114.3,114.3,114.3,0,0
BBD_PE,D,20070827,000000,109.3,109.3,109.3,109.3,0,0
BBD_PE,D,20070828,000000,105.4,105.4,105.4,105.4,0,0
BBD_PE,D,20070829,000000,106.5,106.5,106.5,106.5,0,0
BBD_PE,D,20070830,000000,63.2,63.2,63.2,63.2,0,0
BBD_PE,D,20070831,000000,64.5,64.5,64.5,64.5,0,0
BBD_PE,D,20070903,000000,65.5,65.5,65.5,65.5,0,0
BBD_PE,D,20070904,000000,65.5,65.5,65.5,65.5,0,0
BBD_PE,D,20070905,000000,63.8,63.8,63.8,63.8,0,0
BBD_PE,D,20070906,000000,61.5,61.5,61.5,61.5,0,0
BBD_PE,D,20070907,000000,58.8,58.8,58.8,58.8,0,0
BBD_PE,D,20070910,000000,56.4,56.4,56.4,56.4,0,0
BBD_PE,D,20070911,000000,57.8,57.8,57.8,57.8,0,0
BBD_PE,D,20070912,000000,56.1,56.1,56.1,56.1,0,0
BBD_PE,D,20070913,000000,58.8,58.8,58.8,58.8,0,0
BBD_PE,D,20070914,000000,57.8,57.8,57.8,57.8,0,0
BBD_PE,D,20070917,000000,56.4,56.4,56.4,56.4,0,0
BBD_PE,D,20070918,000000,57.1,57.1,57.1,57.1,0,0
BBD_PE,D,20070919,000000,60.1,60.1,60.1,60.1,0,0
BBD_PE,D,20070920,000000,59.8,59.8,59.8,59.8,0,0
BBD_PE,D,20070921,000000,64.2,64.2,64.2,64.2,0,0
BBD_PE,D,20070924,000000,64.2,64.2,64.2,64.2,0,0
BBD_PE,D,20070925,000000,63.5,63.5,63.5,63.5,0,0
BBD_PE,D,20070926,000000,63.5,63.5,63.5,63.5,0,0
BBD_PE,D,20070927,000000,60.5,60.5,60.5,60.5,0,0
BBD_PE,D,20070928,000000,58.8,58.8,58.8,58.8,0,0
BBD_PE,D,20071001,000000,58.8,58.8,58.8,58.8,0,0
BBD_PE,D,20071002,000000,58.8,58.8,58.8,58.8,0,0
BBD_PE,D,20071003,000000,57.4,57.4,57.4,57.4,0,0
BBD_PE,D,20071004,000000,58.1,58.1,58.1,58.1,0,0
BBD_PE,D,20071005,000000,59.8,59.8,59.8,59.8,0,0
BBD_PE,D,20071008,000000,61.1,61.1,61.1,61.1,0,0
BBD_PE,D,20071009,000000,61.8,61.8,61.8,61.8,0,0
BBD_PE,D,20071010,000000,61.5,61.5,61.5,61.5,0,0
BBD_PE,D,20071011,000000,61.8,61.8,61.8,61.8,0,0
BBD_PE,D,20071012,000000,63.2,63.2,63.2,63.2,0,0
BBD_PE,D,20071015,000000,70.2,70.2,70.2,70.2,0,0
BBD_PE,D,20071016,000000,68.6,68.6,68.6,68.6,0,0
BBD_PE,D,20071017,000000,72.6,72.6,72.6,72.6,0,0
BBD_PE,D,20071018,000000,72.3,72.3,72.3,72.3,0,0
BBD_PE,D,20071019,000000,70.2,70.2,70.2,70.2,0,0
BBD_PE,D,20071022,000000,66.2,66.2,66.2,66.2,0,0
BBD_PE,D,20071023,000000,68.2,68.2,68.2,68.2,0,0
BBD_PE,D,20071024,000000,66.9,66.9,66.9,66.9,0,0
BBD_PE,D,20071025,000000,64.8,64.8,64.8,64.8,0,0
BBD_PE,D,20071026,000000,64.5,64.5,64.5,64.5,0,0
BBD_PE,D,20071029,000000,62.1,62.1,62.1,62.1,0,0
BBD_PE,D,20071030,000000,60.8,60.8,60.8,60.8,0,0
BBD_PE,D,20071031,000000,60.8,60.8,60.8,60.8,0,0
BBD_PE,D,20071102,000000,61.1,61.1,61.1,61.1,0,0
BBD_PE,D,20071105,000000,60.8,60.8,60.8,60.8,0,0
BBD_PE,D,20071106,000000,59.1,59.1,59.1,59.1,0,0
BBD_PE,D,20071107,000000,54,54,54,54,0,0
BBD_PE,D,20071108,000000,54,54,54,54,0,0
BBD_PE,D,20071109,000000,55.1,55.1,51,51.7,0,0
BBD_PE,D,20071112,000000,51,52.4,50.7,51.7,0,0
BBD_PE,D,20071113,000000,51.7,54.4,50.7,54,0,0
BBD_PE,D,20071114,000000,55.7,55.7,52.7,53,0,0
BBD_PE,D,20071115,000000,52.4,53,49,49,0,0
BBD_PE,D,20071116,000000,47.3,50,44.3,48.6,0,0
BBD_PE,D,20071119,000000,49.7,49.7,45.9,45.9,0,0
BBD_PE,D,20071120,000000,44.2,44.2,44.2,44.2,0,0
BBD_PE,D,20071121,000000,42.9,42.9,37.5,38.5,0,0
BBD_PE,D,20071122,000000,37.5,44.6,36.1,44.6,0,0
BBD_PE,D,20071123,000000,47.3,47.3,45.9,46.3,0,0
BBD_PE,D,20071126,000000,47.6,48.3,43.9,45.6,0,0
BBD_PE,D,20071127,000000,43.9,44.9,43.6,44.6,0,0
BBD_PE,D,20071128,000000,45.6,47.6,43.9,47.3,0,0
BBD_PE,D,20071129,000000,50,50,46.6,46.6,0,0
BBD_PE,D,20071130,000000,47.3,49.7,46.6,49.3,0,0
BBD_PE,D,20071203,000000,49.7,50,47.6,48.6,0,0
BBD_PE,D,20071204,000000,48.3,49.7,46.9,46.9,0,0
BBD_PE,D,20071205,000000,48.3,49,47.3,49,0,0
BBD_PE,D,20071206,000000,49,49.3,47.6,48.3,0,0
BBD_PE,D,20071207,000000,49,49,47.6,48.6,0,0
BBD_PE,D,20071210,000000,47.6,48.6,47.3,47.3,0,0
BBD_PE,D,20071211,000000,47.6,47.6,45.6,45.6,0,0
BBD_PE,D,20071212,000000,43.6,47,43.6,46.9,0,0
BBD_PE,D,20071213,000000,45.6,45.9,43.9,44.6,0,0
BBD_PE,D,20071214,000000,44.3,44.9,43.2,43.9,0,0
BBD_PE,D,20071217,000000,43.2,43.2,41.9,41.9,0,0
BBD_PE,D,20071218,000000,41.6,42.6,39.9,42.2,0,0
BBD_PE,D,20071219,000000,42.9,42.9,40.2,40.9,0,0
BBD_PE,D,20071220,000000,41.6,41.6,39.9,39.9,0,0
BBD_PE,D,20071221,000000,40.2,40.9,39.2,40.2,0,0
BBD_PE,D,20071227,000000,41.2,41.9,40.9,41.9,0,0
BBD_PE,D,20071228,000000,41.6,42.6,40.9,42.2,0,0
BBD_PE,D,20080102,000000,42.9,45.6,42.2,44.9,0,0
BBD_PE,D,20080103,000000,43.9,49.3,43.9,49,0,0
BBD_PE,D,20080104,000000,48.6,51.7,46.9,46.9,0,0
BBD_PE,D,20080107,000000,45.9,47.3,45.3,46.3,0,0
BBD_PE,D,20080108,000000,46.6,47,44.9,46.3,0,0
BBD_PE,D,20080109,000000,44.6,44.6,42.9,43.6,0,0
BBD_PE,D,20080110,000000,43.9,43.9,41.2,41.9,0,0
BBD_PE,D,20080111,000000,41.2,43.2,40.9,40.9,0,0
BBD_PE,D,20080114,000000,41.2,41.2,41.2,41.2,0,0
BBD_PE,D,20080115,000000,40.9,42.9,39.2,39.2,0,0
BBD_PE,D,20080116,000000,36.1,38.2,35.1,37.5,0,0
BBD_PE,D,20080117,000000,39.2,39.2,37.2,38.8,0,0
BBD_PE,D,20080118,000000,37.8,41.6,37.8,40.5,0,0
BBD_PE,D,20080121,000000,38.5,40.5,37.8,38.2,0,0
BBD_PE,D,20080122,000000,36.5,39.5,36.5,39.5,0,0
BBD_PE,D,20080123,000000,40.5,40.5,37.8,39.5,0,0
BBD_PE,D,20080124,000000,40.9,42.6,40.5,42.2,0,0
BBD_PE,D,20080125,000000,43.2,45.8,41.6,45.8,0,0
BBD_PE,D,20080128,000000,44.4,44.7,42.9,42.9,0,0
BBD_PE,D,20080129,000000,44.4,45.1,43.6,43.6,0,0
BBD_PE,D,20080130,000000,44,44,42.9,43.6,0,0
BBD_PE,D,20080131,000000,43.6,43.6,42.5,42.5,0,0
BBD_PE,D,20080201,000000,43.6,43.6,42.9,43.2,0,0
BBD_PE,D,20080204,000000,43.6,45.5,43.6,43.6,0,0
BBD_PE,D,20080228,000000,897.7,897.7,897.7,897.7,0,0
BBD_PE,D,20080229,000000,900,923.1,874.9,874.9,0,0
BBD_PE,D,20080303,000000,876.9,876.9,846.2,852.1,0,0
BBD_PE,D,20080304,000000,869.2,915.4,852.1,867.3,0,0
BBD_PE,D,20080305,000000,892.3,907.7,882.5,882.5,0,0
BBD_PE,D,20080306,000000,892.3,892.3,867.3,867.3,0,0
BBD_PE,D,20080307,000000,861.5,869.2,852.1,852.1,0,0
BBD_PE,D,20080310,000000,861.5,884.6,861.5,867.3,0,0
BBD_PE,D,20080311,000000,884.6,900,874.9,874.9,0,0
BBD_PE,D,20080312,000000,900,907.7,874.9,882.5,0,0
BBD_PE,D,20080313,000000,884.6,884.6,859.7,859.7,0,0
BBD_PE,D,20080314,000000,876.9,884.6,852.1,852.1,0,0
BBD_PE,D,20080317,000000,853.8,853.8,836.9,836.9,0,0
BBD_PE,D,20080318,000000,853.8,869.2,852.1,852.1,0,0
BBD_PE,D,20080319,000000,869.2,884.6,859.7,859.7,0,0
BBD_PE,D,20080320,000000,861.5,861.5,852.1,852.1,0,0
BBD_PE,D,20080325,000000,884.6,884.6,859.7,859.7,0,0
BBD_PE,D,20080326,000000,869.2,869.2,852.1,852.1,0,0
BBD_PE,D,20080327,000000,869.2,900,852.1,882.5,0,0
BBD_PE,D,20080328,000000,900,961.5,900,928.2,0,0
BBD_PE,D,20080331,000000,912.9,912.9,912.9,912.9,0,0
BBD_PE,D,20080401,000000,915.4,930.8,900,905.3,0,0
BBD_PE,D,20080402,000000,930.8,946.2,905.3,905.3,0,0
BBD_PE,D,20080403,000000,915.4,930.8,900,905.3,0,0
BBD_PE,D,20080404,000000,915.4,930.8,915.4,920.6,0,0
BBD_PE,D,20080407,000000,930.8,930.8,912.9,912.9,0,0
BBD_PE,D,20080408,000000,923.1,923.1,905.3,905.3,0,0
BBD_PE,D,20080409,000000,900,907.7,890.1,890.1,0,0
BBD_PE,D,20080410,000000,900,915.4,890.1,897.7,0,0
BBD_PE,D,20080411,000000,915.4,915.4,890.1,890.1,0,0
BBD_PE,D,20080414,000000,892.3,892.3,867.3,867.3,0,0
BBD_PE,D,20080415,000000,884.6,892.3,874.9,874.9,0,0
BBD_PE,D,20080416,000000,900,900,874.9,874.9,0,0
BBD_PE,D,20080417,000000,892.3,892.3,859.7,859.7,0,0
BBD_PE,D,20080418,000000,876.9,892.3,869.2,882.5,0,0
BBD_PE,D,20080421,000000,884.6,884.6,853.8,859.7,0,0
BBD_PE,D,20080422,000000,861.5,861.5,823.1,829.3,0,0
BBD_PE,D,20080423,000000,846.2,846.2,776,776,0,0
BBD_PE,D,20080424,000000,784.6,792.3,760.8,760.8,0,0
BBD_PE,D,20080425,000000,784.6,792.3,760.8,760.8,0,0
BBD_PE,D,20080428,000000,784.6,792.3,738,738,0,0
BBD_PE,D,20080429,000000,746.2,746.2,722.8,722.8,0,0
BBD_PE,D,20080430,000000,738.5,738.5,707.7,715.1,0,0
BBD_PE,D,20080505,000000,715.4,730.8,699.9,699.9,0,0
BBD_PE,D,20080506,000000,715.4,715.4,684.6,692.3,0,0
BBD_PE,D,20080507,000000,692.3,707.7,684.6,692.3,0,0
BBD_PE,D,20080508,000000,692.3,723.1,692.3,715.1,0,0
BBD_PE,D,20080509,000000,730.8,769.2,730.8,760.8,0,0
BBD_PE,D,20080512,000000,776.9,776.9,753.2,753.2,0,0
BBD_PE,D,20080513,000000,761.5,769.2,753.2,753.2,0,0
BBD_PE,D,20080514,000000,753.8,769.2,738,738,0,0
BBD_PE,D,20080515,000000,753.8,753.8,707.5,707.5,0,0
BBD_PE,D,20080516,000000,700,715.4,692.3,707.7,0,0
BBD_PE,D,20090120,000000,8.8,8.8,8.8,8.8,0,0
BBD_PE,D,20090121,000000,8.6,8.6,8.1,8.4,0,0
BBD_PE,D,20090122,000000,8.4,8.4,8,8.4,0,0
BBD_PE,D,20090123,000000,8.2,8.4,7.7,8.4,0,0
BBD_PE,D,20090126,000000,8.2,8.4,8.2,8.4,0,0
BBD_PE,D,20090127,000000,8.6,8.6,7.9,7.9,0,0
BBD_PE,D,20090128,000000,8.1,8.8,7.9,8.6,0,0
BBD_PE,D,20090129,000000,8.6,8.6,8.1,8.4,0,0
BBD_PE,D,20090130,000000,8.2,8.4,8.2,8.4,0,0
BBD_PE,D,20090202,000000,8.2,8.6,8.2,8.2,0,0
BBD_PE,D,20090203,000000,8.2,8.4,7.5,7.9,0,0
BBD_PE,D,20090204,000000,7.7,7.9,7.4,7.9,0,0
BBD_PE,D,20090205,000000,7.4,7.9,7.4,7.9,0,0
BBD_PE,D,20090206,000000,7.9,7.9,7.7,7.9,0,0
BBD_PE,D,20090209,000000,7.9,7.9,7.7,7.9,0,0
BBD_PE,D,20090210,000000,7.9,7.9,7.7,7.9,0,0
BBD_PE,D,20090211,000000,7.7,8.1,7.7,7.9,0,0
BBD_PE,D,20090212,000000,7.9,7.9,7.7,7.7,0,0
BBD_PE,D,20090213,000000,7.7,7.7,7.2,7.5,0,0
BBD_PE,D,20090216,000000,7.3,7.5,6.8,6.8,0,0
BBD_PE,D,20090217,000000,6.6,6.6,5.7,5.9,0,0
BBD_PE,D,20090218,000000,5.9,6.1,5.4,5.9,0,0
BBD_PE,D,20090219,000000,5.9,6.7,5.9,6.7,0,0
BBD_PE,D,20090220,000000,6.7,6.7,6.5,6.7,0,0
BBD_PE,D,20090223,000000,6.7,6.7,6.5,6.7,0,0
BBD_PE,D,20090224,000000,6.5,6.7,6.2,6.2,0,0
BBD_PE,D,20090225,000000,6.7,6.7,6.5,6.7,0,0
BBD_PE,D,20090226,000000,6.5,6.5,6,6.5,0,0
BBD_PE,D,20090227,000000,6,6.3,5.8,6,0,0
BBD_PE,D,20090302,000000,6,7.5,5.8,7.5,0,0
BBD_PE,D,20090303,000000,7.5,7.5,6.9,7.1,0,0
BBD_PE,D,20090304,000000,6.8,7.5,6.8,7.5,0,0
BBD_PE,D,20090305,000000,7.2,7.5,6.9,7.5,0,0
BBD_PE,D,20090306,000000,7.2,7.5,6.9,7.5,0,0
BBD_PE,D,20090309,000000,7.5,7.5,7.2,7.5,0,0
BBD_PE,D,20090310,000000,7.5,8,6.9,8,0,0
BBD_PE,D,20090311,000000,8.3,9,8.3,8.7,0,0
BBD_PE,D,20090312,000000,8.7,9.1,8.4,8.4,0,0
BBD_PE,D,20090313,000000,9.1,9.1,8.4,8.7,0,0
BBD_PE,D,20090316,000000,8.7,8.7,8.4,8.4,0,0
BBD_PE,D,20090317,000000,8.4,8.7,8,8.4,0,0
BBD_PE,D,20090318,000000,8.4,8.4,8,8.4,0,0
BBD_PE,D,20090319,000000,8,8.4,8,8.4,0,0
BBD_PE,D,20090320,000000,8.4,10.1,8,10.1,0,0
BBD_PE,D,20090323,000000,10.5,10.5,10.1,10.5,0,0
BBD_PE,D,20090324,000000,10.8,10.8,9.8,9.8,0,0
BBD_PE,D,20090325,000000,9.8,10.8,9.8,10.5,0,0
BBD_PE,D,20090326,000000,10.5,10.8,10.1,10.1,0,0
BBD_PE,D,20090327,000000,10.5,13.9,9.8,13.9,0,0
BBD_PE,D,20090330,000000,14.2,14.2,13.2,13.2,0,0
BBD_PE,D,20090331,000000,13.2,13.9,12.8,12.9,0,0
BBD_PE,D,20090401,000000,12.9,12.9,12.2,12.2,0,0
BBD_PE,D,20090402,000000,13.6,13.6,13.6,13.6,0,0
BBD_PE,D,20090403,000000,13.6,13.9,13.2,13.2,0,0
BBD_PE,D,20090406,000000,13.5,13.9,12.8,13.2,0,0
BBD_PE,D,20090407,000000,13.5,13.5,12.8,12.9,0,0
BBD_PE,D,20090408,000000,12.9,15,12.9,14.6,0,0
BBD_PE,D,20090409,000000,14.9,14.9,14.2,14.6,0,0
BBD_PE,D,20090414,000000,14.2,16.3,14.2,15,0,0
BBD_PE,D,20090415,000000,15,15.7,15,15.3,0,0
BBD_PE,D,20090416,000000,15.3,15.3,14.2,14.3,0,0
BBD_PE,D,20090417,000000,14.6,14.6,13.6,13.6,0,0
BBD_PE,D,20090420,000000,13.6,13.9,13.2,13.2,0,0
BBD_PE,D,20090421,000000,13.2,13.5,12.8,13.2,0,0
BBD_PE,D,20090422,000000,13.2,13.2,12.5,13.2,0,0
BBD_PE,D,20090423,000000,12.8,13.2,12.8,12.9,0,0
BBD_PE,D,20090424,000000,12.9,13.6,12.9,13.6,0,0
BBD_PE,D,20090427,000000,13.6,13.6,12.9,12.9,0,0
BBD_PE,D,20090428,000000,12.9,12.9,12.5,12.6,0,0
BBD_PE,D,20090429,000000,12.9,13.3,12.9,13.2,0,0
BBD_PE,D,20090430,000000,13.2,13.2,12.8,12.9,0,0
BBD_PE,D,20090504,000000,13.2,13.2,12.9,12.9,0,0
BBD_PE,D,20090505,000000,13.2,13.2,12.5,12.9,0,0
BBD_PE,D,20090506,000000,12.9,13.2,12.5,13.2,0,0
BBD_PE,D,20090507,000000,13.2,14.2,12.8,12.9,0,0
BBD_PE,D,20090508,000000,13.2,13.6,12.9,12.9,0,0
BBD_PE,D,20090511,000000,13.6,53.8,13.2,53.8,0,0
BBD_PE,D,20090512,000000,53.5,57.7,53.5,55.3,0,0
BBD_PE,D,20090513,000000,56.3,56.3,53.5,53.8,0,0
BBD_PE,D,20090514,000000,53.5,54.9,52.1,53.8,0,0
BBD_PE,D,20090515,000000,53.5,53.5,50.7,52.4,0,0
BBD_PE,D,20090518,000000,52.1,52.1,39,39,0,0
BBD_PE,D,20090519,000000,40,41.1,38.9,40.1,0,0
BBD_PE,D,20090520,000000,40,41.1,40,40.1,0,0
BBD_PE,D,20090521,000000,40,41.2,40,41.2,0,0
BBD_PE,D,20090522,000000,40,41.1,38.9,40.1,0,0
BBD_PE,D,20090525,000000,40,41.1,37.8,39,0,0
BBD_PE,D,20090526,000000,37.8,39,37.8,39,0,0
BBD_PE,D,20090527,000000,38.9,39,37.8,39,0,0
BBD_PE,D,20090528,000000,38.9,38.9,36.7,37.9,0,0
BBD_PE,D,20090529,000000,37.8,37.9,36.7,37.9,0,0
BBD_PE,D,20090601,000000,37.8,38.9,36.7,37.9,0,0
BBD_PE,D,20090602,000000,38.9,41.1,37.8,39,0,0
BBD_PE,D,20090603,000000,40,43.3,39,41.2,0,0
BBD_PE,D,20090604,000000,42.2,44.4,41.2,43.4,0,0
BBD_PE,D,20090605,000000,44.4,44.4,42.2,42.3,0,0
BBD_PE,D,20090608,000000,43.3,43.3,41.1,42.3,0,0
BBD_PE,D,20090609,000000,42.2,42.2,41.1,41.2,0,0
BBD_PE,D,20090610,000000,42.2,42.2,40,41.2,0,0
BBD_PE,D,20090612,000000,41.1,41.1,40,40.1,0,0
BBD_PE,D,20090615,000000,40,40,38.9,39,0,0
BBD_PE,D,20090616,000000,38.9,42.3,38.9,42.3,0,0
BBD_PE,D,20090617,000000,42.2,42.2,40,41.2,0,0
BBD_PE,D,20090618,000000,40,41.2,40,41.2,0,0
BBD_PE,D,20090619,000000,40,41.2,40,41.2,0,0
BBD_PE,D,20090622,000000,41.1,41.1,37.9,37.9,0,0
BBD_PE,D,20090623,000000,37.8,39,37.8,39,0,0
BBD_PE,D,20090624,000000,40,40.1,38.9,40.1,0,0
BBD_PE,D,20090625,000000,40,40.1,38.9,40.1,0,0
BBD_PE,D,20090626,000000,40,40,38.9,39,0,0
BBD_PE,D,20090629,000000,38.9,40.1,38.9,40.1,0,0
BBD_PE,D,20090630,000000,40,64.5,37.8,64.5,0,0
BBD_PE,D,20090701,000000,64.2,66,64.2,64.5,0,0
BBD_PE,D,20090702,000000,66,66.4,64.2,66.4,0,0
BBD_PE,D,20090703,000000,64.2,66.4,64.2,64.5,0,0
BBD_PE,D,20090706,000000,66,67.9,64.2,66.4,0,0
BBD_PE,D,20090707,000000,66,67.9,66,66.4,0,0
BBD_PE,D,20090708,000000,66,68.3,64.2,68.3,0,0
BBD_PE,D,20090709,000000,69.8,74,69.8,74,0,0
BBD_PE,D,20090710,000000,81.1,81.1,69.8,70.2,0,0
BBD_PE,D,20090713,000000,69.8,71.7,69.8,70.2,0,0
BBD_PE,D,20090714,000000,69.8,73.6,69.8,72.1,0,0
BBD_PE,D,20090715,000000,71.7,75.5,71.7,72.1,0,0
BBD_PE,D,20090716,000000,73.6,73.6,69.8,70.2,0,0
BBD_PE,D,20090717,000000,71.7,74,69.8,74,0,0
BBD_PE,D,20090720,000000,73.6,75.5,71.7,72.1,0,0
BBD_PE,D,20090721,000000,75.5,77.4,73.6,74,0,0
BBD_PE,D,20090722,000000,75.5,75.5,71.7,74,0,0
BBD_PE,D,20090723,000000,73.6,73.6,71.7,72.1,0,0
BBD_PE,D,20090724,000000,73.6,75.9,71.7,75.9,0,0
BBD_PE,D,20090727,000000,75.5,75.5,71.7,74,0,0
BBD_PE,D,20090728,000000,73.6,74,71.7,74,0,0
BBD_PE,D,20090729,000000,71.7,73.6,71.7,72.1,0,0
BBD_PE,D,20090730,000000,71.7,73.6,69.8,72.1,0,0
BBD_PE,D,20090731,000000,73.6,73.6,71.7,72.1,0,0
BBD_PE,D,20090803,000000,73.6,74,71.7,74,0,0
BBD_PE,D,20090804,000000,71.7,74,71.7,72.1,0,0
BBD_PE,D,20090805,000000,71.7,75.5,71.7,72.1,0,0
BBD_PE,D,20090806,000000,71.7,74,71.7,74,0,0
BBD_PE,D,20090807,000000,73.6,74,71.7,72.1,0,0
BBD_PE,D,20090810,000000,71.7,74,71.7,74,0,0
BBD_PE,D,20090811,000000,73.6,73.6,71.7,72.1,0,0
BBD_PE,D,20090812,000000,71.7,74,71.7,74,0,0
BBD_PE,D,20090813,000000,75.5,86.8,75.5,81.6,0,0
BBD_PE,D,20090814,000000,84.9,84.9,77.4,79.7,0,0
BBD_PE,D,20090817,000000,75.5,77.8,75.5,77.8,0,0
BBD_PE,D,20090818,000000,77.4,77.8,75.5,75.9,0,0
BBD_PE,D,20090819,000000,75.5,77.8,75.5,77.8,0,0
BBD_PE,D,20090820,000000,79.2,81.6,77.4,81.6,0,0
BBD_PE,D,20090821,000000,81.1,83.5,79.2,83.5,0,0
BBD_PE,D,20090824,000000,84.9,90.6,84.9,87.2,0,0
BBD_PE,D,20090825,000000,84.9,88.7,84.9,87.2,0,0
BBD_PE,D,20090826,000000,86.8,86.8,83,85.3,0,0
BBD_PE,D,20090827,000000,84.9,101.9,84.9,98.6,0,0
BBD_PE,D,20090828,000000,101.9,101.9,98.1,100.5,0,0
BBD_PE,D,20090831,000000,98.1,100,96.2,98.1,0,0
BBD_PE,D,20090901,000000,98.1,98.1,86.8,91,0,0
BBD_PE,D,20090902,000000,86.8,91,83,85.3,0,0
BBD_PE,D,20090903,000000,84.9,224.9,84.9,224.9,0,0
BBD_PE,D,20090904,000000,225,230,220,224.9,0,0
BBD_PE,D,20090907,000000,230,230,224.9,224.9,0,0
BBD_PE,D,20090908,000000,225,230,215,219.9,0,0
BBD_PE,D,20090909,000000,220,220,214.9,214.9,0,0
BBD_PE,D,20090910,000000,215,215,205,209.9,0,0
BBD_PE,D,20090911,000000,215,230,215,219.9,0,0
BBD_PE,D,20090914,000000,220,220,214.9,214.9,0,0
BBD_PE,D,20090915,000000,225,225,214.9,219.9,0,0
BBD_PE,D,20090916,000000,220,225,214.9,214.9,0,0
BBD_PE,D,20090917,000000,220,220,209.9,209.9,0,0
BBD_PE,D,20090918,000000,215,215,209.9,209.9,0,0
BBD_PE,D,20090921,000000,215,215,209.9,214.9,0,0
BBD_PE,D,20090922,000000,220,225,215,219.9,0,0
BBD_PE,D,20090923,000000,230,230,220,224.9,0,0
BBD_PE,D,20090924,000000,220,225,220,224.9,0,0
BBD_PE,D,20090925,000000,220,220,214.9,214.9,0,0
BBD_PE,D,20090928,000000,220,220,215,219.9,0,0
BBD_PE,D,20090929,000000,220,220,209.9,209.9,0,0
BBD_PE,D,20090930,000000,220,220,209.9,209.9,0,0
BBD_PE,D,20091001,000000,210,210,205,209.9,0,0
BBD_PE,D,20091002,000000,205,205,199.9,199.9,0,0
BBD_PE,D,20091005,000000,205,210,199.9,209.9,0,0
BBD_PE,D,20091006,000000,210,215,209.9,209.9,0,0
BBD_PE,D,20091007,000000,210,210,205,209.9,0,0
BBD_PE,D,20091008,000000,210,215,205,214.9,0,0
BBD_PE,D,20091009,000000,210,214.9,204.9,204.9,0,0
BBD_PE,D,20091012,000000,205,215,205,209.9,0,0
BBD_PE,D,20091013,000000,210,210,200,204.9,0,0
BBD_PE,D,20091014,000000,205,210,204.9,204.9,0,0
BBD_PE,D,20091015,000000,205,205,200,204.9,0,0
BBD_PE,D,20091016,000000,205,210,200,204.9,0,0
BBD_PE,D,20091019,000000,205,210,199.9,199.9,0,0
BBD_PE,D,20091020,000000,205,205,195,199.9,0,0
BBD_PE,D,20091021,000000,195,200,190,199.9,0,0
BBD_PE,D,20091022,000000,195,200,195,199.9,0,0
BBD_PE,D,20091023,000000,200,200,195,199.9,0,0
BBD_PE,D,20091026,000000,200,200,194.9,194.9,0,0
BBD_PE,D,20091027,000000,195,200,190,194.9,0,0
BBD_PE,D,20091028,000000,200,200,190,194.9,0,0
BBD_PE,D,20091029,000000,190,195,185,189.9,0,0
BBD_PE,D,20091030,000000,195,195,190,194.9,0,0
BBD_PE,D,20091102,000000,190,200,190,199.9,0,0
BBD_PE,D,20091103,000000,200,210,200,209.9,0,0
BBD_PE,D,20091104,000000,210,210,204.9,204.9,0,0
BBD_PE,D,20091105,000000,210,210,204.9,204.9,0,0
BBD_PE,D,20091106,000000,210,210,200,204.9,0,0
BBD_PE,D,20091109,000000,205,210,200,209.9,0,0
BBD_PE,D,20091110,000000,210,210,200,204.9,0,0
BBD_PE,D,20091112,000000,205,205,199.9,199.9,0,0
BBD_PE,D,20091113,000000,200,205,200,204.9,0,0
BBD_PE,D,20091116,000000,205,205,195,200,0,0
BBD_PE,D,20100903,000000,15,15,15,15,0,0
BBD_PE,D,20100906,000000,15,15.4,14.7,15.4,0,0
BBD_PE,D,20100907,000000,15,15.4,14.6,14.6,0,0
BBD_PE,D,20100908,000000,15,15.7,14.6,15.7,0,0
BBD_PE,D,20100909,000000,15.7,16.1,15.3,16.1,0,0
BBD_PE,D,20100910,000000,16.1,16.1,15.4,15.4,0,0
BBD_PE,D,20100913,000000,15.8,16.1,15.4,15.7,0,0
BBD_PE,D,20100914,000000,15.7,15.7,15.3,15.4,0,0
BBD_PE,D,20100915,000000,15.8,15.8,15.4,15.7,0,0
BBD_PE,D,20100916,000000,15.3,15.4,15,15.4,0,0
BBD_PE,D,20100917,000000,15,15.8,15,15.7,0,0
BBD_PE,D,20100920,000000,15.7,15.7,15,15.4,0,0
BBD_PE,D,20100921,000000,15.4,15.8,15.4,15.7,0,0
BBD_PE,D,20100922,000000,15.3,15.4,15,15.4,0,0
BBD_PE,D,20100923,000000,15,15.4,15,15.4,0,0
BBD_PE,D,20100924,000000,15.4,15.4,15,15.4,0,0
BBD_PE,D,20100927,000000,15.4,15.4,14.7,15,0,0
BBD_PE,D,20100928,000000,15,15,14.7,15,0,0
BBD_PE,D,20100929,000000,15,15,14.7,15,0,0
BBD_PE,D,20100930,000000,15,15.4,15,15,0,0
BBD_PE,D,20101001,000000,15,16.1,15,15.7,0,0
BBD_PE,D,20101004,000000,15.7,15.7,15.3,15.7,0,0
BBD_PE,D,20101005,000000,16.1,16.1,15.3,15.4,0,0
BBD_PE,D,20101006,000000,15.8,15.8,15.4,15.4,0,0
BBD_PE,D,20101007,000000,15.8,15.8,15.4,15.4,0,0
BBD_PE,D,20101008,000000,15.8,16.1,15.4,16.1,0,0
BBD_PE,D,20101011,000000,15.8,16.1,15.4,15.7,0,0
BBD_PE,D,20101012,000000,15.7,16.1,15.7,15.7,0,0
BBD_PE,D,20101013,000000,16.1,16.1,15.7,16.1,0,0
BBD_PE,D,20101014,000000,16.1,16.5,15.8,16.1,0,0
BBD_PE,D,20101015,000000,16.1,16.1,15.7,15.7,0,0
BBD_PE,D,20101018,000000,15.7,16.1,15.7,15.7,0,0
BBD_PE,D,20101019,000000,15.7,16.1,15.3,15.7,0,0
BBD_PE,D,20101020,000000,15.3,15.7,15.3,15.4,0,0
BBD_PE,D,20101021,000000,15.8,16.1,15.4,15.4,0,0
BBD_PE,D,20101022,000000,15.8,15.8,15.4,15.7,0,0
BBD_PE,D,20101025,000000,15.3,15.7,15.3,15.4,0,0
BBD_PE,D,20101026,000000,15.4,15.8,15.4,15.4,0,0
BBD_PE,D,20101027,000000,15.4,15.8,15.4,15.7,0,0
BBD_PE,D,20101028,000000,15.7,15.7,15.3,15.7,0,0
BBD_PE,D,20101029,000000,15.7,16.1,15.3,15.7,0,0
BBD_PE,D,20101102,000000,15.7,16.4,15.7,16.1,0,0
BBD_PE,D,20101103,000000,16.1,16.1,15.7,15.7,0,0
BBD_PE,D,20101104,000000,15.7,16.1,15.7,16.1,0,0
BBD_PE,D,20101105,000000,16.5,16.5,15.8,16.5,0,0
BBD_PE,D,20101108,000000,16.5,16.5,15.8,16.1,0,0
BBD_PE,D,20101109,000000,16.5,16.8,16.1,16.5,0,0
BBD_PE,D,20101110,000000,16.5,17.2,16.5,16.8,0,0
BBD_PE,D,20101112,000000,16.8,17.5,16.4,17.2,0,0
BBD_PE,D,20101115,000000,17.2,17.9,17.2,17.9,0,0
BBD_PE,D,20101116,000000,17.9,17.9,16.8,17.6,0,0
BBD_PE,D,20101117,000000,17.2,17.6,16.8,17.2,0,0
BBD_PE,D,20101118,000000,17.6,23.1,17.2,23.1,0,0
BBD_PE,D,20101119,000000,23.2,23.6,22.7,23.1,0,0
BBD_PE,D,20101122,000000,23.2,23.6,23.2,23.6,0,0
BBD_PE,D,20101123,000000,23.6,23.6,22.7,23.1,0,0
BBD_PE,D,20101124,000000,23.2,23.6,22.7,23.6,0,0
BBD_PE,D,20101125,000000,23.2,23.6,23.1,23.1,0,0
BBD_PE,D,20101126,000000,23.6,23.6,22.1,22.1,0,0
BBD_PE,D,20101129,000000,22.5,22.5,21.6,22.1,0,0
BBD_PE,D,20101130,000000,21.6,22.1,21.6,22.1,0,0
BBD_PE,D,20101201,000000,22.1,22.1,21.6,22.1,0,0
BBD_PE,D,20101202,000000,22.1,23.1,22.1,23.1,0,0
BBD_PE,D,20101203,000000,22.7,23.2,22.2,23.2,0,0
BBD_PE,D,20101206,000000,22.7,23.2,22.7,22.7,0,0
BBD_PE,D,20101207,000000,23.2,23.6,22.7,23.2,0,0
BBD_PE,D,20101208,000000,22.7,23.2,22.7,23.2,0,0
BBD_PE,D,20101209,000000,23.2,23.2,22.2,22.7,0,0
BBD_PE,D,20101210,000000,22.7,22.7,22.2,22.7,0,0
BBD_PE,D,20101213,000000,22.7,23.2,22.2,22.7,0,0
BBD_PE,D,20101214,000000,22.2,22.7,22.2,22.2,0,0
BBD_PE,D,20101215,000000,22.2,22.2,21.7,22.1,0,0
BBD_PE,D,20101216,000000,22.1,22.1,21.6,22.1,0,0
BBD_PE,D,20101217,000000,22.1,22.1,21.6,21.6,0,0
BBD_PE,D,20101220,000000,21.6,22.5,21.6,22.1,0,0
BBD_PE,D,20101221,000000,22.1,22.6,21.6,22.6,0,0
BBD_PE,D,20101222,000000,22.5,22.6,22.1,22.1,0,0
BBD_PE,D,20101223,000000,22.1,22.5,22.1,22.1,0,0
BBD_PE,D,20101227,000000,22.5,22.5,21.6,22.1,0,0
BBD_PE,D,20101228,000000,21.6,23.1,21.6,23.1,0,0
BBD_PE,D,20101229,000000,22.7,23.2,22.2,22.6,0,0
BBD_PE,D,20101230,000000,22.5,23,22.1,22.6,0,0
BBD_PE,D,20101231,000000,22.5,23,22.1,22.6,0,0
BBD_PE,D,20110103,000000,22.1,23.1,22.1,23.1,0,0
BBD_PE,D,20110104,000000,23.2,23.2,22.6,22.6,0,0
BBD_PE,D,20110105,000000,22.5,22.6,22.1,22.6,0,0
BBD_PE,D,20110107,000000,22.1,22.6,21.6,22.6,0,0
BBD_PE,D,20110110,000000,22.1,22.6,22.1,22.6,0,0
BBD_PE,D,20110111,000000,22.1,22.6,22.1,22.6,0,0
BBD_PE,D,20110112,000000,22.5,22.6,22.1,22.6,0,0
BBD_PE,D,20110113,000000,22.5,23,22.1,22.6,0,0
BBD_PE,D,20110114,000000,22.5,23,22.5,22.6,0,0
BBD_PE,D,20110117,000000,22.5,22.6,22.5,22.6,0,0
BBD_PE,D,20110118,000000,22.5,23,22.5,22.6,0,0
BBD_PE,D,20110119,000000,22.5,23.5,22.5,23.1,0,0
BBD_PE,D,20110120,000000,22.7,23.2,22.7,23.1,0,0
BBD_PE,D,20110121,000000,23.2,23.2,22.6,22.6,0,0
BBD_PE,D,20110124,000000,23,23,22.5,22.6,0,0
BBD_PE,D,20110125,000000,22.5,22.5,22.1,22.1,0,0
BBD_PE,D,20110126,000000,22.1,22.6,22.1,22.6,0,0
BBD_PE,D,20110127,000000,22.5,22.6,22.1,22.6,0,0
BBD_PE,D,20110128,000000,22.6,22.6,22.6,22.6,0,0
BBD_PE,D,20110131,000000,22.6,23.1,22.1,22.6,0,0
BBD_PE,D,20110201,000000,22.1,22.5,21.6,22.1,0,0
BBD_PE,D,20110202,000000,21.6,22.1,21.1,21.6,0,0
BBD_PE,D,20110203,000000,21.6,22.1,20.1,21.6,0,0
BBD_PE,D,20110204,000000,21.6,22.1,21.1,21.6,0,0
BBD_PE,D,20110207,000000,21.6,21.6,21.1,21.1,0,0
BBD_PE,D,20110208,000000,21.6,21.6,20.6,21.1,0,0
BBD_PE,D,20110209,000000,21.1,21.1,20.6,21.1,0,0
BBD_PE,D,20110210,000000,20.6,21.1,20.1,21.1,0,0
BBD_PE,D,20110211,000000,20.6,21.6,20.1,21.1,0,0
BBD_PE,D,20110214,000000,21.1,21.1,20.6,20.6,0,0
BBD_PE,D,20110215,000000,20.6,20.6,20.1,20.6,0,0
BBD_PE,D,20110216,000000,20.6,20.6,20.1,20.6,0,0
BBD_PE,D,20110217,000000,20.6,21.1,20.1,20.6,0,0
BBD_PE,D,20110218,000000,20.6,21.1,20.1,20.1,0,0
BBD_PE,D,20110221,000000,19.6,20.6,19.6,20.6,0,0
BBD_PE,D,20110222,000000,20.6,21.1,20.1,21.1,0,0
BBD_PE,D,20110223,000000,20.6,21.1,20.1,21.1,0,0
BBD_PE,D,20110224,000000,20.6,21.1,20.6,21.1,0,0
BBD_PE,D,20110225,000000,20.6,21.6,20.6,20.6,0,0
BBD_PE,D,20110228,000000,20.6,21.1,20.6,21.1,0,0
BBD_PE,D,20110301,000000,21.1,21.6,20.6,21.1,0,0
BBD_PE,D,20110302,000000,21.1,21.6,21.1,21.6,0,0
BBD_PE,D,20110303,000000,21.6,21.6,17,17,0,0
BBD_PE,D,20110304,000000,17,17,16.2,17,0,0
BBD_PE,D,20110307,000000,17,17,16.6,17,0,0
BBD_PE,D,20110308,000000,16.6,17,16.6,17,0,0
BBD_PE,D,20110309,000000,17,17,16.6,17,0,0
BBD_PE,D,20110310,000000,16.6,17,16.2,16.6,0,0
BBD_PE,D,20110311,000000,16.6,17,16.6,17,0,0
BBD_PE,D,20110314,000000,16.6,17,16.2,17,0,0
BBD_PE,D,20110315,000000,16.6,16.6,15.8,16.2,0,0
BBD_PE,D,20110316,000000,16.2,16.6,16.2,16.2,0,0
BBD_PE,D,20110317,000000,16.2,16.6,15.8,16.2,0,0
BBD_PE,D,20110318,000000,15.8,16.2,15.8,15.8,0,0
BBD_PE,D,20110321,000000,16.2,16.2,15.8,16.2,0,0
BBD_PE,D,20110322,000000,15.8,16.2,15.8,16.2,0,0
BBD_PE,D,20110323,000000,16.2,16.6,15.8,16.2,0,0
BBD_PE,D,20110324,000000,16.2,16.6,15.8,16.2,0,0
BBD_PE,D,20110325,000000,16.2,16.6,15.8,16.2,0,0
BBD_PE,D,20110328,000000,16.2,16.2,15.8,16.2,0,0
BBD_PE,D,20110329,000000,16.2,16.6,16.2,16.6,0,0
BBD_PE,D,20110330,000000,16.2,16.6,15.8,15.8,0,0
BBD_PE,D,20110331,000000,16.2,16.2,15.8,16.2,0,0
BBD_PE,D,20110401,000000,16.2,16.6,15.8,16.2,0,0
BBD_PE,D,20110404,000000,16.2,16.6,16.2,16.6,0,0
BBD_PE,D,20110405,000000,16.2,16.6,16.2,16.6,0,0
BBD_PE,D,20110406,000000,16.6,17,16.2,16.6,0,0
BBD_PE,D,20110407,000000,17,17.4,16.6,16.6,0,0
BBD_PE,D,20110408,000000,16.6,16.6,16.2,16.6,0,0
BBD_PE,D,20110411,000000,16.2,16.6,16.2,16.6,0,0
BBD_PE,D,20110412,000000,16.6,16.6,16.2,16.2,0,0
BBD_PE,D,20110413,000000,16.2,17,16.2,17,0,0
BBD_PE,D,20110414,000000,17,17,16.6,16.6,0,0
BBD_PE,D,20110415,000000,17,17,16.6,16.6,0,0
BBD_PE,D,20110418,000000,17,17,16.6,16.6,0,0
BBD_PE,D,20110419,000000,16.6,17,16.6,16.6,0,0
BBD_PE,D,20110420,000000,16.6,17,16.6,16.6,0,0
BBD_PE,D,20110421,000000,16.2,16.6,16.2,16.6,0,0
BBD_PE,D,20110426,000000,16.6,17,16.6,16.6,0,0
BBD_PE,D,20110427,000000,17,17,16.6,16.6,0,0
BBD_PE,D,20110428,000000,16.6,17,16.6,16.6,0,0
BBD_PE,D,20110429,000000,16.6,17,16.6,17,0,0
BBD_PE,D,20110502,000000,17,17,16.6,16.6,0,0
BBD_PE,D,20110504,000000,16.6,19.2,16.6,19.2,0,0
BBD_PE,D,20110505,000000,19.2,19.2,18.8,19.2,0,0
BBD_PE,D,20110506,000000,18.8,18.8,18.8,18.8,0,0
BBD_PE,D,20110509,000000,18.8,19.2,18.8,18.8,0,0
BBD_PE,D,20110510,000000,18.8,19.2,18.8,18.8,0,0
BBD_PE,D,20110511,000000,18.8,19.2,18.8,19.2,0,0
BBD_PE,D,20110512,000000,18.8,18.8,18.3,18.8,0,0
BBD_PE,D,20110513,000000,18.3,18.8,18.3,18.8,0,0
BBD_PE,D,20110516,000000,18.8,18.8,18.3,18.8,0,0
BBD_PE,D,20110517,000000,18.8,18.8,17.9,18.4,0,0
BBD_PE,D,20110518,000000,18.4,18.9,7.5,7.5,0,0
BBD_PE,D,20110519,000000,7.5,7.7,7.3,7.6,0,0
BBD_PE,D,20110520,000000,7.4,7.6,7.2,7.5,0,0
BBD_PE,D,20110523,000000,7.5,7.5,7.3,7.5,0,0
BBD_PE,D,20110524,000000,7.5,7.7,7.5,7.6,0,0
BBD_PE,D,20110525,000000,7.6,7.6,7.4,7.5,0,0
BBD_PE,D,20110526,000000,7.5,7.5,7.3,7.5,0,0
BBD_PE,D,20110527,000000,7.5,7.7,7.5,7.5,0,0
BBD_PE,D,20110530,000000,7.5,7.5,7.3,7.3,0,0
BBD_PE,D,20110531,000000,7.3,7.5,7.3,7.3,0,0
BBD_PE,D,20110601,000000,7.5,7.7,7.3,7.3,0,0
BBD_PE,D,20110602,000000,7.5,7.5,7.3,7.3,0,0
BBD_PE,D,20110603,000000,7.5,7.5,7.3,7.5,0,0
BBD_PE,D,20110606,000000,7.5,7.5,7.3,7.3,0,0
BBD_PE,D,20110607,000000,7.3,7.3,7.1,7.3,0,0
BBD_PE,D,20110608,000000,7.3,7.3,7.1,7.3,0,0
BBD_PE,D,20110609,000000,7.1,7.3,7.1,7.3,0,0
BBD_PE,D,20110610,000000,7.1,7.3,7.1,7.1,0,0
BBD_PE,D,20110613,000000,7.1,7.3,7.1,7.1,0,0
BBD_PE,D,20110614,000000,7.1,7.3,7.1,7.3,0,0
BBD_PE,D,20110615,000000,7.1,7.3,7.1,7.3,0,0
BBD_PE,D,20110616,000000,7.1,7.3,7.1,7.3,0,0
BBD_PE,D,20110617,000000,7.1,7.3,7.1,7.3,0,0
BBD_PE,D,20110620,000000,7.1,7.3,6.8,7.1,0,0
BBD_PE,D,20110621,000000,7.1,7.1,6.6,6.9,0,0
BBD_PE,D,20110622,000000,6.9,7.1,6.7,6.9,0,0
BBD_PE,D,20110624,000000,6.9,6.9,6.7,6.8,0,0
BBD_PE,D,20110627,000000,7,7,6.6,6.6,0,0
BBD_PE,D,20110628,000000,6.8,7,6.6,6.9,0,0
BBD_PE,D,20110629,000000,6.7,6.9,6.7,6.8,0,0
BBD_PE,D,20110630,000000,6.8,6.8,6.6,6.8,0,0
BBD_PE,D,20110701,000000,6.6,7,6.6,6.9,0,0
BBD_PE,D,20110704,000000,6.7,6.9,6.5,6.9,0,0
BBD_PE,D,20110705,000000,6.7,6.9,6.6,6.6,0,0
BBD_PE,D,20110706,000000,6.6,6.8,6.4,6.6,0,0
BBD_PE,D,20110707,000000,6.8,6.8,6.6,6.8,0,0
BBD_PE,D,20110708,000000,6.6,6.8,6.6,6.6,0,0
BBD_PE,D,20110711,000000,6.6,6.6,6.4,6.6,0,0
BBD_PE,D,20110712,000000,6.4,6.4,6.2,6.4,0,0
BBD_PE,D,20110713,000000,6.4,6.4,6,6.4,0,0
BBD_PE,D,20110714,000000,6.4,6.4,6.2,6.4,0,0
BBD_PE,D,20110715,000000,6.2,6.4,6.2,6.2,0,0
BBD_PE,D,20110718,000000,6.2,6.4,6,6.2,0,0
BBD_PE,D,20110719,000000,6.2,6.5,6.2,6.2,0,0
BBD_PE,D,20110720,000000,6.2,6.4,5.8,6,0,0
BBD_PE,D,20110721,000000,6,6.2,5.5,6,0,0
BBD_PE,D,20110722,000000,6,6.2,6,6,0,0
BBD_PE,D,20110725,000000,6,6.2,6,6.2,0,0
BBD_PE,D,20110726,000000,6,6,5.7,6,0,0
BBD_PE,D,20110727,000000,6,6,5.5,5.7,0,0
BBD_PE,D,20110728,000000,5.7,5.9,5.5,5.7,0,0
BBD_PE,D,20110729,000000,5.7,5.9,5.7,5.7,0,0
BBD_PE,D,20110801,000000,5.9,5.9,5.7,5.7,0,0
BBD_PE,D,20110802,000000,5.7,5.7,5.5,5.7,0,0
BBD_PE,D,20110803,000000,5.5,5.7,5.3,5.5,0,0
BBD_PE,D,20110804,000000,5.3,5.5,5.3,5.3,0,0
BBD_PE,D,20110805,000000,5.3,5.7,5.1,5.5,0,0
BBD_PE,D,20110808,000000,5.1,5.3,5,5,0,0
BBD_PE,D,20110809,000000,4.8,4.8,4.1,4.6,0,0
BBD_PE,D,20110810,000000,4.8,5,4.4,4.6,0,0
BBD_PE,D,20110811,000000,4.6,5,4.4,4.8,0,0
BBD_PE,D,20110812,000000,5,5.5,4.8,5.2,0,0
BBD_PE,D,20110816,000000,5.4,5.7,5.4,5.7,0,0
BBD_PE,D,20110817,000000,5.5,5.7,5.5,5.5,0,0
BBD_PE,D,20110818,000000,5.5,5.5,5,5,0,0
BBD_PE,D,20110819,000000,5,5.2,4.8,5,0,0
BBD_PE,D,20110822,000000,5,5.2,4.8,5,0,0
BBD_PE,D,20110823,000000,5,5.2,4.8,5,0,0
BBD_PE,D,20110824,000000,5.2,5.2,4.8,4.8,0,0
BBD_PE,D,20110825,000000,5,5,4.8,5,0,0
BBD_PE,D,20110826,000000,4.8,5.2,4.8,5.2,0,0
BBD_PE,D,20110829,000000,5,5.2,5,5,0,0
BBD_PE,D,20110830,000000,5,5.2,5,5,0,0
BBD_PE,D,20110831,000000,5,5.2,5,5,0,0
BBD_PE,D,20110901,000000,5,5,4.8,4.8,0,0
BBD_PE,D,20110902,000000,4.8,24.6,4.6,24.6,0,0
BBD_PE,D,20110905,000000,23.6,24.6,22.7,23.7,0,0
BBD_PE,D,20110906,000000,23.6,23.6,21.8,22.8,0,0
BBD_PE,D,20110907,000000,22.7,23.6,22.7,22.8,0,0
BBD_PE,D,20110908,000000,22.7,22.8,21.8,22.8,0,0
BBD_PE,D,20110909,000000,21.8,22.8,21.8,22.8,0,0
BBD_PE,D,20110912,000000,21.8,22.8,20.9,22.8,0,0
BBD_PE,D,20110913,000000,20.9,21.9,20.9,21.9,0,0
BBD_PE,D,20110914,000000,21.8,21.9,20.9,21.9,0,0
BBD_PE,D,20110915,000000,21.8,21.9,20.9,21.9,0,0
BBD_PE,D,20110916,000000,21.8,21.9,20.9,21.9,0,0
BBD_PE,D,20110919,000000,21.8,21.9,20.9,21.9,0,0
BBD_PE,D,20110920,000000,21.8,22.8,20.9,22.8,0,0
BBD_PE,D,20110921,000000,22.7,23.6,21.8,22.8,0,0
BBD_PE,D,20110922,000000,21.8,21.8,20.9,20.9,0,0
BBD_PE,D,20110923,000000,20.9,21.9,20,21.9,0,0
BBD_PE,D,20110926,000000,20.9,21.9,20.9,21.9,0,0
BBD_PE,D,20110927,000000,21.8,22.7,20.9,21.9,0,0
BBD_PE,D,20110928,000000,20.9,21.9,20.9,21.9,0,0
BBD_PE,D,20110929,000000,20.9,21.9,20.9,20.9,0,0
BBD_PE,D,20110930,000000,20.9,21.9,20.9,21.9,0,0
BBD_PE,D,20111003,000000,20.9,20.9,20,20.9,0,0
BBD_PE,D,20111004,000000,20,21.9,20,21.9,0,0
BBD_PE,D,20111005,000000,21.8,21.9,20.9,21.9,0,0
BBD_PE,D,20111006,000000,20.9,22.8,20.9,22.8,0,0
BBD_PE,D,20111007,000000,21.8,21.8,20.9,20.9,0,0
BBD_PE,D,20111010,000000,20.9,22.8,20.9,22.8,0,0
BBD_PE,D,20111011,000000,21.8,22.8,21.8,22.8,0,0
BBD_PE,D,20111012,000000,21.8,22.8,20.9,22.8,0,0
BBD_PE,D,20111013,000000,23.6,24.5,22.7,23.7,0,0
BBD_PE,D,20111014,000000,23.6,23.7,22.7,23.7,0,0
BBD_PE,D,20111017,000000,24.5,26.4,24.5,25.5,0,0
BBD_PE,D,20111018,000000,24.5,26.4,24.5,25.5,0,0
BBD_PE,D,20111019,000000,25.5,27.3,25.5,27.3,0,0
BBD_PE,D,20111020,000000,27.3,27.3,26.4,26.4,0,0
BBD_PE,D,20111021,000000,26.4,28.2,26.4,28.2,0,0
BBD_PE,D,20111024,000000,28.2,28.2,26.4,27.3,0,0
BBD_PE,D,20111025,000000,27.3,27.3,26.4,26.4,0,0
BBD_PE,D,20111026,000000,26.4,27.3,25.5,25.5,0,0
BBD_PE,D,20111027,000000,26.4,27.3,25.5,26.4,0,0
BBD_PE,D,20111028,000000,26.4,26.4,25.5,25.5,0,0
BBD_PE,D,20111031,000000,25.5,27.3,25.5,26.4,0,0
BBD_PE,D,20111102,000000,25.5,26.4,25.5,26.4,0,0
BBD_PE,D,20111103,000000,27.3,28.2,26.4,27.3,0,0
BBD_PE,D,20111104,000000,28.2,30.9,28.2,30.1,0,0
BBD_PE,D,20111107,000000,30,30.9,29.1,30.1,0,0
BBD_PE,D,20111108,000000,30,30,28.2,28.2,0,0
BBD_PE,D,20111109,000000,28.2,29.1,27.3,28.2,0,0
BBD_PE,D,20111110,000000,27.3,30.1,26.4,30.1,0,0
BBD_PE,D,20111114,000000,30.9,30.9,29.1,30.1,0,0
BBD_PE,D,20111115,000000,29.1,30.1,29.1,30.1,0,0
BBD_PE,D,20111116,000000,30,30,14.5,14.5,0,0
BBD_PE,D,20111117,000000,14,14.5,14,14,0,0
BBD_PE,D,20111118,000000,14,14.5,14,14.5,0,0
BBD_PE,D,20111121,000000,14,14,13.6,14,0,0
BBD_PE,D,20111122,000000,13.5,14,13.5,14,0,0
BBD_PE,D,20111123,000000,13.5,14,13.5,14,0,0
BBD_PE,D,20111124,000000,13.5,13.6,13.1,13.6,0,0
BBD_PE,D,20111125,000000,13.6,13.6,13.2,13.2,0,0
BBD_PE,D,20111128,000000,13.7,14.1,13.2,13.2,0,0
BBD_PE,D,20111129,000000,13.7,13.7,13.2,13.6,0,0
BBD_PE,D,20111130,000000,13.2,14,12.7,14,0,0
BBD_PE,D,20111201,000000,13.5,14,13.1,14,0,0
BBD_PE,D,20111202,000000,13.5,14,13.5,14,0,0
BBD_PE,D,20111205,000000,13.5,13.5,13.1,13.2,0,0
BBD_PE,D,20111206,000000,13.2,13.7,13.2,13.2,0,0
BBD_PE,D,20111207,000000,13.2,13.6,13.2,13.6,0,0
BBD_PE,D,20111208,000000,13.2,13.6,12.7,13.6,0,0
BBD_PE,D,20111209,000000,12.7,13.2,12.3,12.7,0,0
BBD_PE,D,20111212,000000,12.7,12.7,11.8,12.3,0,0
BBD_PE,D,20111213,000000,11.8,12.3,11.8,12.3,0,0
BBD_PE,D,20111214,000000,11.8,12.3,11.8,12.3,0,0
BBD_PE,D,20111215,000000,11.8,12.3,11.8,11.8,0,0
BBD_PE,D,20111216,000000,12.2,12.2,11.4,11.4,0,0
BBD_PE,D,20111219,000000,11.4,11.8,11,11.4,0,0
BBD_PE,D,20111220,000000,11,11.8,11,11.8,0,0
BBD_PE,D,20111221,000000,11.8,12.2,11.4,11.8,0,0
BBD_PE,D,20111222,000000,11.8,12.3,11.4,12.3,0,0
BBD_PE,D,20111223,000000,11.8,12.3,11.8,12.3,0,0
BBD_PE,D,20111227,000000,11.8,12.3,11.4,11.8,0,0
BBD_PE,D,20111228,000000,11.8,11.8,11.4,11.4,0,0
BBD_PE,D,20111229,000000,11.4,12.7,11.4,11.8,0,0
BBD_PE,D,20111230,000000,11.8,11.8,11.8,11.8,0,0
BBD_PE,D,20120102,000000,11.8,12.3,11.8,12.3,0,0
BBD_PE,D,20120103,000000,11.8,12.3,11.8,12.3,0,0
BBD_PE,D,20120104,000000,12.3,12.3,11.8,12.3,0,0
BBD_PE,D,20120105,000000,12.3,12.7,11.8,12.7,0,0
BBD_PE,D,20120109,000000,12.7,12.7,11.8,12.3,0,0
BBD_PE,D,20120110,000000,12.7,12.7,12.3,12.7,0,0
BBD_PE,D,20120111,000000,12.7,13.2,12.3,12.3,0,0
BBD_PE,D,20120112,000000,12.3,13.6,12.3,13.6,0,0
BBD_PE,D,20120113,000000,13.6,14,13.2,13.6,0,0
BBD_PE,D,20120116,000000,13.2,13.6,12.7,13.2,0,0
BBD_PE,D,20120117,000000,13.2,13.7,13.2,13.2,0,0
BBD_PE,D,20120118,000000,13.7,14.5,13.7,14,0,0
BBD_PE,D,20120119,000000,14,14.4,13.5,14,0,0
BBD_PE,D,20120120,000000,14.4,14.4,13.5,14,0,0
BBD_PE,D,20120123,000000,13.5,14,13.1,13.6,0,0
BBD_PE,D,20120124,000000,13.6,13.6,12.7,12.7,0,0
BBD_PE,D,20120125,000000,12.7,13.2,12.7,13.2,0,0
BBD_PE,D,20120126,000000,13.7,14.1,13.6,13.6,0,0
BBD_PE,D,20120127,000000,13.6,14,13.6,13.6,0,0
BBD_PE,D,20120130,000000,14,14,13.6,13.6,0,0
BBD_PE,D,20120131,000000,14,14.5,13.6,14,0,0
BBD_PE,D,20120201,000000,14,14.4,14,14,0,0
BBD_PE,D,20120202,000000,14,14,13.5,13.6,0,0
BBD_PE,D,20120203,000000,13.6,13.6,13.2,13.6,0,0
BBD_PE,D,20120206,000000,13.6,14,13.6,13.6,0,0
BBD_PE,D,20120207,000000,13.6,14,13.2,13.6,0,0
BBD_PE,D,20120208,000000,13.6,14.5,13.6,14,0,0
BBD_PE,D,20120209,000000,14,14,13.5,14,0,0
BBD_PE,D,20120210,000000,14,14,13.1,14,0,0
BBD_PE,D,20120213,000000,13.5,14,13.1,14,0,0
BBD_PE,D,20120214,000000,13.5,13.6,13.1,13.6,0,0
BBD_PE,D,20120215,000000,14,14,13.6,14,0,0
BBD_PE,D,20120216,000000,13.5,14,13.5,13.6,0,0
BBD_PE,D,20120217,000000,13.6,14.9,13.6,14.5,0,0
BBD_PE,D,20120220,000000,14.5,14.9,14,14.5,0,0
BBD_PE,D,20120221,000000,14.5,14.9,14.5,14.9,0,0
BBD_PE,D,20120222,000000,14.5,15.8,14.5,15.3,0,0
BBD_PE,D,20120223,000000,15.3,15.3,14.8,15.3,0,0
BBD_PE,D,20120224,000000,14.8,15.3,14.4,15.3,0,0
BBD_PE,D,20120227,000000,15.3,15.3,14.4,14.9,0,0
BBD_PE,D,20120228,000000,14.9,15.4,14.5,14.9,0,0
BBD_PE,D,20120229,000000,14.5,14.9,14,14.5,0,0
BBD_PE,D,20120301,000000,14.5,14.5,14,14.5,0,0
BBD_PE,D,20120302,000000,14,14.9,14,14.5,0,0
BBD_PE,D,20120305,000000,14.5,14.9,14,14.5,0,0
BBD_PE,D,20120306,000000,14.5,14.5,14,14.5,0,0
BBD_PE,D,20120307,000000,14.5,14.5,14,14.5,0,0
BBD_PE,D,20120308,000000,14,14.9,14,14.9,0,0
BBD_PE,D,20120309,000000,14.5,14.9,14.5,14.9,0,0
BBD_PE,D,20120312,000000,14.5,14.5,14.5,14.5,0,0
BBD_PE,D,20120313,000000,14.5,14.9,14.5,14.5,0,0
BBD_PE,D,20120314,000000,14.5,15.4,14.5,14.9,0,0
BBD_PE,D,20120315,000000,15.4,15.8,14.9,15.3,0,0
BBD_PE,D,20120316,000000,15.7,16.2,15.3,15.8,0,0
BBD_PE,D,20120319,000000,15.8,16.2,15.8,15.8,0,0
BBD_PE,D,20120320,000000,15.8,16.2,15.8,15.8,0,0
BBD_PE,D,20120321,000000,15.8,15.8,14.9,15.3,0,0
BBD_PE,D,20120322,000000,14.8,15.3,11.9,11.9,0,0
BBD_PE,D,20120323,000000,11.6,11.9,11.6,11.9,0,0
BBD_PE,D,20120326,000000,11.9,11.9,11.6,11.6,0,0
BBD_PE,D,20120327,000000,11.6,11.9,11.6,11.9,0,0
BBD_PE,D,20120328,000000,11.9,11.9,11.6,11.9,0,0
BBD_PE,D,20120329,000000,11.9,11.9,11.6,11.9,0,0
BBD_PE,D,20120330,000000,11.6,11.9,11.6,11.9,0,0
BBD_PE,D,20120402,000000,11.6,11.6,11.2,11.6,0,0
BBD_PE,D,20120403,000000,11.6,11.6,11.3,11.6,0,0
BBD_PE,D,20120404,000000,11.3,11.6,11.2,11.2,0,0
BBD_PE,D,20120405,000000,11.2,11.2,11.2,11.2,0,0
BBD_PE,D,20120410,000000,11.2,11.2,10.9,11.2,0,0
BBD_PE,D,20120411,000000,10.9,11.2,10.9,11.2,0,0
BBD_PE,D,20120412,000000,10.9,11.2,10.9,11.2,0,0
BBD_PE,D,20120413,000000,10.9,11.2,10.9,11.2,0,0
BBD_PE,D,20120416,000000,11.2,11.2,10.9,10.9,0,0
BBD_PE,D,20120417,000000,10.9,11.2,10.6,10.9,0,0
BBD_PE,D,20120418,000000,10.6,11.2,10.6,10.9,0,0
BBD_PE,D,20120419,000000,10.9,10.9,10.6,10.9,0,0
BBD_PE,D,20120420,000000,10.6,10.9,10.6,10.6,0,0
BBD_PE,D,20120423,000000,10.6,10.6,9.9,10.3,0,0
BBD_PE,D,20120424,000000,10.3,10.3,10,10.3,0,0
BBD_PE,D,20120425,000000,10,10.6,10,10.6,0,0
BBD_PE,D,20120426,000000,10.3,10.9,10.3,10.9,0,0
BBD_PE,D,20120427,000000,10.2,10.9,10.2,10.6,0,0
BBD_PE,D,20120430,000000,10.6,10.6,10.3,10.3,0,0
BBD_PE,D,20120502,000000,10.3,10.6,10,10.3,0,0
BBD_PE,D,20120504,000000,10,10.6,10,10.6,0,0
BBD_PE,D,20120507,000000,10.3,10.6,9.9,10.6,0,0
BBD_PE,D,20120508,000000,10.3,10.6,10.3,10.6,0,0
BBD_PE,D,20120509,000000,10.6,10.6,10.3,10.6,0,0
BBD_PE,D,20120510,000000,10.3,10.6,10.3,10.6,0,0
BBD_PE,D,20120511,000000,10.6,10.6,10.3,10.6,0,0
BBD_PE,D,20120514,000000,10.3,10.6,9.9,10.3,0,0
BBD_PE,D,20120515,000000,10.3,10.3,10,10.3,0,0
BBD_PE,D,20120516,000000,10,10,9.6,9.9,0,0
BBD_PE,D,20120517,000000,9.9,10.2,9.2,9.6,0,0
BBD_PE,D,20120904,000000,36.4,36.4,36.4,36.4,0,0
BBD_PE,D,20120905,000000,35.4,36.4,35.2,35.2,0,0
BBD_PE,D,20120906,000000,35.4,36.6,35.2,35.2,0,0
BBD_PE,D,20120907,000000,35.4,35.4,35.2,35.2,0,0
BBD_PE,D,20120910,000000,35.4,36.4,35.2,36.4,0,0
BBD_PE,D,20120911,000000,36.6,36.6,35.2,35.2,0,0
BBD_PE,D,20120912,000000,35.4,35.4,35.2,35.2,0,0
BBD_PE,D,20120913,000000,36.6,36.6,35.2,35.2,0,0
BBD_PE,D,20120914,000000,36.6,40.2,36.6,38.8,0,0
BBD_PE,D,20120917,000000,39,40.2,37.8,40,0,0
BBD_PE,D,20120918,000000,38.6,40,38.6,38.8,0,0
BBD_PE,D,20120919,000000,39,40.2,39,40,0,0
BBD_PE,D,20120920,000000,38.6,39.8,38.6,38.8,0,0
BBD_PE,D,20120921,000000,40.2,42.7,40.2,41.2,0,0
BBD_PE,D,20120924,000000,41,41.2,39.8,41.2,0,0
BBD_PE,D,20120925,000000,41,42.5,41,42.5,0,0
BBD_PE,D,20120926,000000,41.5,42.7,41.2,41.2,0,0
BBD_PE,D,20120927,000000,41,42.2,41,41.2,0,0
BBD_PE,D,20120928,000000,42.2,43.4,41,42.5,0,0
BBD_PE,D,20121001,000000,42.7,43.9,42.7,43.7,0,0
BBD_PE,D,20121002,000000,43.9,47.6,42.7,44.9,0,0
BBD_PE,D,20121003,000000,45.1,46.3,43.9,46.1,0,0
BBD_PE,D,20121004,000000,46.3,47.6,45.1,46.1,0,0
BBD_PE,D,20121005,000000,45.1,46.3,43.9,44.9,0,0
BBD_PE,D,20121008,000000,45.1,47.6,45.1,46.1,0,0
BBD_PE,D,20121009,000000,46.3,47.6,44.9,44.9,0,0
BBD_PE,D,20121010,000000,45.1,46.3,44.9,44.9,0,0
BBD_PE,D,20121011,000000,45.1,47.6,44.9,46.1,0,0
BBD_PE,D,20121012,000000,46.3,46.3,45.1,46.1,0,0
BBD_PE,D,20121015,000000,46.3,47.6,45.1,46.1,0,0
BBD_PE,D,20121016,000000,46.3,48.8,46.1,47.3,0,0
BBD_PE,D,20121017,000000,47.6,47.6,46.3,47.3,0,0
BBD_PE,D,20121018,000000,47.6,47.6,46.3,47.3,0,0
BBD_PE,D,20121019,000000,46.3,47.6,44.9,44.9,0,0
BBD_PE,D,20121022,000000,45.1,46.3,44.9,44.9,0,0
BBD_PE,D,20121023,000000,45.1,46.3,44.9,44.9,0,0
BBD_PE,D,20121024,000000,43.5,44.9,43.5,44.9,0,0
BBD_PE,D,20121025,000000,46.3,46.3,45.1,46.1,0,0
BBD_PE,D,20121026,000000,45.1,46.3,45.1,46.1,0,0
BBD_PE,D,20121029,000000,46.3,46.3,45.1,46.1,0,0
BBD_PE,D,20121030,000000,46.3,46.3,44.9,44.9,0,0
BBD_PE,D,20121031,000000,45.1,47.6,45.1,47.3,0,0
BBD_PE,D,20121102,000000,47.6,47.6,46.1,46.1,0,0
BBD_PE,D,20121105,000000,46.3,47.6,46.3,47.3,0,0
BBD_PE,D,20121106,000000,47.6,48.8,46.1,46.1,0,0
BBD_PE,D,20121107,000000,47.6,47.6,46.1,46.1,0,0
BBD_PE,D,20121108,000000,47.6,47.6,46.1,46.1,0,0
BBD_PE,D,20121109,000000,47.6,47.6,45.1,47.3,0,0
BBD_PE,D,20121112,000000,46.3,47.6,46.3,47.3,0,0
BBD_PE,D,20121113,000000,46.3,47.6,46.1,46.1,0,0
BBD_PE,D,20121114,000000,46.3,47.6,46.1,46.1,0,0
BBD_PE,D,20121115,000000,46.3,46.3,46.1,46.1,0,0
BBD_PE,D,20121116,000000,46.3,46.3,45.1,46.1,0,0
BBD_PE,D,20121119,000000,45.1,83.7,45.1,83.7,0,0
BBD_PE,D,20121120,000000,82.2,84.4,82.2,83.7,0,0
BBD_PE,D,20121121,000000,82.2,86.7,82.2,85.9,0,0
BBD_PE,D,20121122,000000,86.7,86.7,84.4,85.9,0,0
BBD_PE,D,20121123,000000,84.4,86.7,82.2,85.9,0,0
BBD_PE,D,20121126,000000,84.4,86.7,84.4,85.9,0,0
BBD_PE,D,20121127,000000,86.7,88.9,85.9,85.9,0,0
BBD_PE,D,20121128,000000,86.7,86.7,84.4,85.9,0,0
BBD_PE,D,20121129,000000,84.4,86.7,84.4,85.9,0,0
BBD_PE,D,20121130,000000,84.4,86.7,84.4,85.9,0,0
BBD_PE,D,20121203,000000,84.4,86.7,84.4,85.9,0,0
BBD_PE,D,20121204,000000,84.4,86.7,84.4,85.9,0,0
BBD_PE,D,20121205,000000,84.4,86.7,82.2,83.7,0,0
BBD_PE,D,20121206,000000,82.2,84.4,82.2,83.7,0,0
BBD_PE,D,20121207,000000,86.7,86.7,82.2,85.9,0,0
BBD_PE,D,20121210,000000,86.7,86.7,83.7,83.7,0,0
BBD_PE,D,20121211,000000,86.7,86.7,83.7,83.7,0,0
BBD_PE,D,20121212,000000,84.4,86.7,84.4,85.9,0,0
BBD_PE,D,20121213,000000,84.4,85.9,83.7,83.7,0,0
BBD_PE,D,20121214,000000,84.4,86.7,82.2,83.7,0,0
BBD_PE,D,20121217,000000,84.4,86.7,83.7,83.7,0,0
BBD_PE,D,20121218,000000,86.7,86.7,83.7,83.7,0,0
BBD_PE,D,20121219,000000,84.4,84.4,82.2,83.7,0,0
BBD_PE,D,20121220,000000,82.2,84.4,80,83.7,0,0
BBD_PE,D,20121221,000000,82.2,84.4,82.2,83.7,0,0
BBD_PE,D,20121227,000000,84.4,84.4,82.2,83.7,0,0
BBD_PE,D,20121228,000000,82.2,84.4,82.2,83.7,0,0
BBD_PE,D,20130102,000000,84.4,86.7,84.4,85.9,0,0
BBD_PE,D,20130103,000000,86.7,86.7,84.4,85.9,0,0
BBD_PE,D,20130104,000000,84.4,85.9,84.4,85.9,0,0
BBD_PE,D,20130107,000000,86.7,86.7,82.2,83.7,0,0
BBD_PE,D,20130108,000000,82.2,84.4,82.2,83.7,0,0
BBD_PE,D,20130109,000000,82.2,84.4,81.5,81.5,0,0
BBD_PE,D,20130110,000000,82.2,86.7,82.2,83.7,0,0
BBD_PE,D,20130111,000000,84.4,86.7,83.7,83.7,0,0
BBD_PE,D,20130114,000000,84.4,86.7,83.7,83.7,0,0
BBD_PE,D,20130115,000000,84.4,84.4,82.2,83.7,0,0
BBD_PE,D,20130116,000000,84.4,84.4,83.7,83.7,0,0
BBD_PE,D,20130117,000000,84.4,84.4,83.7,83.7,0,0
BBD_PE,D,20130118,000000,84.4,88.9,84.4,88.9,0,0
BBD_PE,D,20130121,000000,88.9,88.9,86.7,88.1,0,0
BBD_PE,D,20130122,000000,86.7,86.7,84.4,85.9,0,0
BBD_PE,D,20130123,000000,86.7,86.7,84.4,85.9,0,0
BBD_PE,D,20130124,000000,86.7,88.9,84.4,85.9,0,0
BBD_PE,D,20130125,000000,86.7,88.9,84.4,85.9,0,0
BBD_PE,D,20130128,000000,84.4,86.7,84.4,85.9,0,0
BBD_PE,D,20130129,000000,84.4,86.7,84.4,85.9,0,0
BBD_PE,D,20130130,000000,84.4,86.7,83.7,83.7,0,0
BBD_PE,D,20130131,000000,82.2,86.7,82.2,85.9,0,0
BBD_PE,D,20130201,000000,86.7,86.7,84.4,85.9,0,0
BBD_PE,D,20130204,000000,84.4,86.7,84.4,85.9,0,0
BBD_PE,D,20130205,000000,86.7,86.7,83.7,83.7,0,0
BBD_PE,D,20130206,000000,84.4,88.9,83.7,83.7,0,0
BBD_PE,D,20130207,000000,84.4,86.7,83.7,85.9,0,0
BBD_PE,D,20130208,000000,86.7,86.7,84.4,85.9,0,0
BBD_PE,D,20130211,000000,86.7,86.7,83.7,83.7,0,0
BBD_PE,D,20130212,000000,84.4,86.7,84.4,85.9,0,0
BBD_PE,D,20130213,000000,84.4,85.9,83.7,83.7,0,0
BBD_PE,D,20130214,000000,84.4,86.7,84.4,85.9,0,0
BBD_PE,D,20130215,000000,84.4,84.4,82.2,83.7,0,0
BBD_PE,D,20130218,000000,84.4,84.4,82.2,83.7,0,0
BBD_PE,D,20130219,000000,82.2,84.4,82.2,83.7,0,0
BBD_PE,D,20130220,000000,82.2,84.4,81.5,81.5,0,0
BBD_PE,D,20130221,000000,82.2,82.2,80,81.5,0,0
BBD_PE,D,20130222,000000,80,82.2,80,81.5,0,0
BBD_PE,D,20130225,000000,80,82.2,79.3,79.3,0,0
BBD_PE,D,20130226,000000,80,80,77.1,77.1,0,0
BBD_PE,D,20130227,000000,80,82.2,77.1,77.1,0,0
BBD_PE,D,20130228,000000,80,80,75.6,77.1,0,0
BBD_PE,D,20130301,000000,77.8,77.8,75.6,77.1,0,0
BBD_PE,D,20130304,000000,75.6,80,75.6,79.3,0,0
BBD_PE,D,20130305,000000,77.8,84.4,77.8,81.5,0,0
BBD_PE,D,20130306,000000,80,84.4,80,83.7,0,0
BBD_PE,D,20130307,000000,84.4,86.7,82.2,85.9,0,0
BBD_PE,D,20130308,000000,86.7,86.7,82.2,85.9,0,0
BBD_PE,D,20130311,000000,84.4,86.7,84.4,85.9,0,0
BBD_PE,D,20130312,000000,86.7,86.7,83.7,83.7,0,0
BBD_PE,D,20130313,000000,84.4,88.9,84.4,85.9,0,0
BBD_PE,D,20130314,000000,84.4,86.7,84.4,86.7,0,0
BBD_PE,D,20130315,000000,84.4,88.9,84.4,88.1,0,0
BBD_PE,D,20130318,000000,86.7,88.1,86.7,88.1,0,0
BBD_PE,D,20130319,000000,88.9,88.9,82.2,85.9,0,0
BBD_PE,D,20130320,000000,84.4,86.7,84.4,85.9,0,0
BBD_PE,D,20130321,000000,84.4,86.7,84.4,85.9,0,0
BBD_PE,D,20130322,000000,84.4,86.7,82.2,83.7,0,0
BBD_PE,D,20130325,000000,84.4,90.1,83.7,90.1,0,0
BBD_PE,D,20130326,000000,90.5,90.5,88.1,90.1,0,0
BBD_PE,D,20130327,000000,88.1,92.9,88.1,90.1,0,0
BBD_PE,D,20130328,000000,88.4,92.4,88.4,92.4,0,0
BBD_PE,D,20130402,000000,90.5,92.9,90.1,90.1,0,0
BBD_PE,D,20130403,000000,90.5,92.9,90.5,92.4,0,0
BBD_PE,D,20130404,000000,90.5,92.9,90.1,90.1,0,0
BBD_PE,D,20130405,000000,90.5,92.9,90.5,92.4,0,0
BBD_PE,D,20130408,000000,92.9,92.9,90.5,92.4,0,0
BBD_PE,D,20130409,000000,90.5,90.5,90.1,90.1,0,0
BBD_PE,D,20130410,000000,90.5,92.4,90.1,92.4,0,0
BBD_PE,D,20130411,000000,90.5,92.9,90.5,92.4,0,0
BBD_PE,D,20130412,000000,90.5,90.5,90.1,90.1,0,0
BBD_PE,D,20130415,000000,90.5,92.9,90.5,92.4,0,0
BBD_PE,D,20130417,000000,90.5,90.5,88.1,90.5,0,0
BBD_PE,D,20130418,000000,88.1,92.9,88.1,92.4,0,0
BBD_PE,D,20130419,000000,90.5,90.5,88.1,90.1,0,0
BBD_PE,D,20130422,000000,90.5,90.5,85.7,87.7,0,0
BBD_PE,D,20130423,000000,85.7,85.7,83.3,85.3,0,0
BBD_PE,D,20130424,000000,85.7,88.1,83.3,85.3,0,0
BBD_PE,D,20130425,000000,83.3,85.7,83.3,85.3,0,0
BBD_PE,D,20130426,000000,85.7,88.1,85.7,87.7,0,0
BBD_PE,D,20130429,000000,85.7,88.1,85.7,87.7,0,0
BBD_PE,D,20130430,000000,88.1,88.1,85.7,87.7,0,0
BBD_PE,D,20130502,000000,88.1,88.1,85.7,87.7,0,0
BBD_PE,D,20130506,000000,85.7,88.1,85.7,87.7,0,0
BBD_PE,D,20130507,000000,85.7,85.7,83.3,85.3,0,0
BBD_PE,D,20130508,000000,85.7,88.1,83.3,85.3,0,0
BBD_PE,D,20130509,000000,83.3,85.7,83.3,85.3,0,0
BBD_PE,D,20130510,000000,83.3,85.7,83.3,85.3,0,0
BBD_PE,D,20130513,000000,85.7,85.7,83.3,85.3,0,0
BBD_PE,D,20130514,000000,83.3,85.7,83.3,85.3,0,0
BBD_PE,D,20130515,000000,83.3,85.7,83.3,85.3,0,0
BBD_PE,D,20130516,000000,83.3,85.7,83.3,85.3,0,0
BBD_PE,D,20130517,000000,83.3,85.7,83.3,85.3,0,0
BBD_PE,D,20130520,000000,85.7,85.7,83,83,0,0
BBD_PE,D,20130521,000000,83.3,85.7,83.3,85.3,0,0
BBD_PE,D,20130522,000000,83.3,90.5,83.3,90.1,0,0
BBD_PE,D,20130523,000000,92.9,92.9,48.2,48.2,0,0
BBD_PE,D,20130524,000000,46.8,48.2,46.8,48.2,0,0
BBD_PE,D,20130527,000000,48.1,51.9,48.1,48.2,0,0
BBD_PE,D,20130528,000000,49.4,50.6,48.1,49.5,0,0
BBD_PE,D,20130529,000000,49.4,49.4,48.1,48.2,0,0
BBD_PE,D,20130531,000000,46.8,49.5,46.8,49.5,0,0
BBD_PE,D,20130603,000000,49.4,50.8,49.4,50.8,0,0
BBD_PE,D,20130604,000000,50.6,53.3,50.6,53.3,0,0
BBD_PE,D,20130605,000000,53.2,53.3,50.6,52,0,0
BBD_PE,D,20130606,000000,51.9,53.2,50.6,52,0,0
BBD_PE,D,20130607,000000,50.6,53.2,50.6,52,0,0
BBD_PE,D,20130610,000000,51.9,54.4,51.9,53.3,0,0
BBD_PE,D,20130611,000000,53.2,54.6,51.9,54.6,0,0
BBD_PE,D,20130612,000000,54.4,55.7,54.4,54.6,0,0
BBD_PE,D,20130613,000000,54.4,55.7,53.2,54.6,0,0
BBD_PE,D,20130614,000000,54.4,55.8,53.2,55.8,0,0
BBD_PE,D,20130617,000000,54.4,54.6,53.2,54.6,0,0
BBD_PE,D,20130618,000000,54.4,55.8,54.4,55.8,0,0
BBD_PE,D,20130619,000000,54.4,55.8,54.4,55.8,0,0
BBD_PE,D,20130620,000000,54.4,55.7,51.9,54.6,0,0
BBD_PE,D,20130621,000000,54.4,54.6,53.2,54.6,0,0
BBD_PE,D,20130624,000000,54.4,54.6,53.2,54.6,0,0
BBD_PE,D,20130625,000000,54.4,54.6,51.9,54.6,0,0
BBD_PE,D,20130626,000000,53.2,53.3,51.9,53.3,0,0
BBD_PE,D,20130627,000000,51.9,54.6,51.9,54.6,0,0
BBD_PE,D,20130628,000000,51.9,54.6,51.9,54.6,0,0
BBD_PE,D,20130701,000000,53.2,54.4,53.2,53.3,0,0
BBD_PE,D,20130702,000000,51.9,54.4,51.9,53.3,0,0
BBD_PE,D,20130703,000000,51.9,53.3,51.9,53.3,0,0
BBD_PE,D,20130704,000000,51.9,53.3,51.9,53.3,0,0
BBD_PE,D,20130705,000000,53.2,53.3,51.9,53.3,0,0
BBD_PE,D,20130708,000000,51.9,53.3,51.9,53.3,0,0
BBD_PE,D,20130709,000000,51.9,53.3,51.9,53.3,0,0
BBD_PE,D,20130710,000000,51.9,52,50.6,52,0,0
BBD_PE,D,20130711,000000,50.6,53.2,50.6,52,0,0
BBD_PE,D,20130712,000000,50.6,53.3,50.6,53.3,0,0
BBD_PE,D,20130715,000000,51.9,52,50.6,52,0,0
BBD_PE,D,20130716,000000,50.6,52,50.6,52,0,0
BBD_PE,D,20130717,000000,50.6,52,50.6,52,0,0
BBD_PE,D,20130718,000000,50.6,52,50.6,52,0,0
BBD_PE,D,20130719,000000,50.6,52,50.6,52,0,0
BBD_PE,D,20130722,000000,50.6,52,50.6,52,0,0
BBD_PE,D,20130723,000000,50.6,52,50.6,52,0,0
BBD_PE,D,20130724,000000,51.9,52,50.6,52,0,0
BBD_PE,D,20130725,000000,50.6,52,50.6,52,0,0
BBD_PE,D,20130726,000000,50.6,52,50.6,52,0,0
BBD_PE,D,20130729,000000,50.6,52,50.6,52,0,0
BBD_PE,D,20130730,000000,50.6,52,50.6,52,0,0
BBD_PE,D,20130731,000000,50.6,52,50.6,52,0,0
BBD_PE,D,20130801,000000,50.6,52,50.6,52,0,0
BBD_PE,D,20130802,000000,50.6,51.9,50.6,50.8,0,0
BBD_PE,D,20130805,000000,50.6,50.8,50.6,50.8,0,0
BBD_PE,D,20130806,000000,50.6,52,49.4,52,0,0
BBD_PE,D,20130807,000000,50.6,52,50.6,52,0,0
BBD_PE,D,20130808,000000,50.6,52,50.6,52,0,0
BBD_PE,D,20130809,000000,51.9,52,50.6,50.8,0,0
BBD_PE,D,20130812,000000,50.6,50.8,50.6,50.8,0,0
BBD_PE,D,20130813,000000,50.8,50.8,50.8,50.8,0,0
BBD_PE,D,20130814,000000,50.6,51.9,49.4,50.8,0,0
BBD_PE,D,20130816,000000,50.6,50.8,50.6,50.8,0,0
BBD_PE,D,20130819,000000,50.6,52,50.6,52,0,0
BBD_PE,D,20130820,000000,50.6,52,50.6,52,0,0
BBD_PE,D,20130821,000000,50.6,52,50.6,52,0,0
BBD_PE,D,20130822,000000,50.6,52,50.6,52,0,0
BBD_PE,D,20130823,000000,50.6,52,50.6,52,0,0
BBD_PE,D,20130826,000000,50.6,53.3,50.6,53.3,0,0
BBD_PE,D,20130827,000000,53.2,53.3,51.9,53.3,0,0
BBD_PE,D,20130828,000000,51.9,53.3,51.9,53.3,0,0
BBD_PE,D,20130829,000000,51.9,54.6,51.9,54.6,0,0
BBD_PE,D,20130830,000000,53.2,54.6,51.9,54.6,0,0
BBD_PE,D,20130902,000000,53.2,53.2,51.9,52,0,0
BBD_PE,D,20130903,000000,51.9,53.3,51.9,53.3,0,0
BBD_PE,D,20130904,000000,51.9,53.2,49.4,50.8,0,0
BBD_PE,D,20130905,000000,50.6,982.3,49.4,982.3,0,0
BBD_PE,D,20130906,000000,1000,1000,975,982.3,0,0
BBD_PE,D,20130909,000000,1000,1000,950,957.7,0,0
BBD_PE,D,20130910,000000,975,975,925,957.7,0,0
BBD_PE,D,20130911,000000,950,1000,933.2,933.2,0,0
BBD_PE,D,20130912,000000,950,1000,933.2,982.3,0,0
BBD_PE,D,20130913,000000,975,1000,950,957.7,0,0
BBD_PE,D,20130916,000000,950,1000,950,957.7,0,0
BBD_PE,D,20130917,000000,1000,1000,933.2,933.2,0,0
BBD_PE,D,20130918,000000,950,950,900,908.6,0,0
BBD_PE,D,20130919,000000,950,975,925,933.2,0,0
BBD_PE,D,20130920,000000,950,950,925,933.2,0,0
BBD_PE,D,20130923,000000,925,975,925,933.2,0,0
BBD_PE,D,20130924,000000,925,975,925,933.2,0,0
BBD_PE,D,20130925,000000,925,975,925,957.7,0,0
BBD_PE,D,20130926,000000,975,975,950,957.7,0,0
BBD_PE,D,20130927,000000,950,975,950,957.7,0,0
BBD_PE,D,20130930,000000,950,975,908.6,908.6,0,0
BBD_PE,D,20131001,000000,900,925,900,908.6,0,0
BBD_PE,D,20131002,000000,925,925,884.1,884.1,0,0
BBD_PE,D,20131003,000000,900,925,884.1,884.1,0,0
BBD_PE,D,20131004,000000,925,950,900,908.6,0,0
BBD_PE,D,20131007,000000,900,925,900,908.6,0,0
BBD_PE,D,20131008,000000,925,950,900,933.2,0,0
BBD_PE,D,20131009,000000,950,975,925,933.2,0,0
BBD_PE,D,20131010,000000,950,950,925,933.2,0,0
BBD_PE,D,20131011,000000,950,1000,925,933.2,0,0
BBD_PE,D,20131014,000000,975,1050,975,1006.9,0,0
BBD_PE,D,20131015,000000,1000,1000,975,982.3,0,0
BBD_PE,D,20131016,000000,1000,1000,975,982.3,0,0
BBD_PE,D,20131017,000000,1000,1050,975,1031.4,0,0
BBD_PE,D,20131018,000000,1025,1050,1000,1031.4,0,0
BBD_PE,D,20131021,000000,1025,1025,982.3,982.3,0,0
BBD_PE,D,20131022,000000,1000,1025,982.3,982.3,0,0
BBD_PE,D,20131023,000000,1000,1025,1000,1006.9,0,0
BBD_PE,D,20131024,000000,1025,1025,982.3,982.3,0,0
BBD_PE,D,20131025,000000,1000,1050,1000,1006.9,0,0
BBD_PE,D,20131028,000000,1025,1025,1000,1006.9,0,0
BBD_PE,D,20131029,000000,1000,1050,1000,1006.9,0,0
BBD_PE,D,20131030,000000,1025,1025,975,982.3,0,0
BBD_PE,D,20131031,000000,1000,1025,975,1006.9,0,0
BBD_PE,D,20131104,000000,1025,1025,1000,1006.9,0,0
BBD_PE,D,20131105,000000,1050,1050,1006.9,1006.9,0,0
BBD_PE,D,20131106,000000,1050,1050,1006.9,1006.9,0,0
BBD_PE,D,20131107,000000,1025,1050,1006.9,1006.9,0,0
BBD_PE,D,20131108,000000,1025,1025,1006.9,1006.9,0,0
BBD_PE,D,20131112,000000,1025,1050,1006.9,1006.9,0,0
BBD_PE,D,20131113,000000,1000,1025,982.3,982.3,0,0
BBD_PE,D,20131114,000000,1000,1025,982.3,982.3,0,0
BBD_PE,D,20131115,000000,1000,1025,1000,1006.9,0,0
BBD_PE,D,20131118,000000,1025,1050,1025,1031.4,0,0
BBD_PE,D,20131119,000000,1025,1050,1000,1031.4,0,0
BBD_PE,D,20131120,000000,1025,1050,1000,1006.9,0,0
BBD_PE,D,20131121,000000,1000,1025,975,1025,0,0
BBD_PE,D,20131122,000000,1000,1000,957.7,957.7,0,0
BBD_PE,D,20131125,000000,1000,1025,957.7,1006.9,0,0
BBD_PE,D,20131126,000000,1000,1025,975,982.3,0,0
BBD_PE,D,20131127,000000,1000,1025,975,1025,0,0
BBD_PE,D,20140131,000000,108.7,108.7,108.7,108.7,0,0
BBD_PE,D,20140203,000000,108.8,108.8,105.9,108.7,0,0
BBD_PE,D,20140204,000000,108.8,108.8,105.9,108.7,0,0
BBD_PE,D,20140205,000000,105.9,108.8,105.9,108.7,0,0
BBD_PE,D,20140206,000000,108.8,111.8,105.9,108.7,0,0
BBD_PE,D,20140207,000000,108.8,108.8,105.9,108.7,0,0
BBD_PE,D,20140210,000000,105.9,108.8,105.9,108.7,0,0
BBD_PE,D,20140211,000000,108.8,108.8,105.9,108.7,0,0
BBD_PE,D,20140212,000000,108.8,108.8,105.9,108.7,0,0
BBD_PE,D,20140213,000000,105.9,108.7,102.9,105.7,0,0
BBD_PE,D,20140214,000000,105.9,108.8,102.9,108.7,0,0
BBD_PE,D,20140217,000000,108.8,108.8,105.9,108.7,0,0
BBD_PE,D,20140218,000000,108.8,111.8,105.9,111.6,0,0
BBD_PE,D,20140219,000000,111.8,111.8,108.7,108.7,0,0
BBD_PE,D,20140220,000000,108.8,111.8,108.7,108.7,0,0
BBD_PE,D,20140221,000000,111.8,111.8,108.8,111.6,0,0
BBD_PE,D,20140224,000000,111.8,114.7,108.7,108.7,0,0
BBD_PE,D,20140225,000000,108.8,111.8,108.7,108.7,0,0
BBD_PE,D,20140226,000000,111.8,111.8,105.9,111.6,0,0
BBD_PE,D,20140227,000000,105.9,111.8,105.9,111.6,0,0
BBD_PE,D,20140228,000000,108.8,111.8,108.8,111.6,0,0
BBD_PE,D,20140303,000000,105.9,108.8,105.9,108.7,0,0
BBD_PE,D,20140304,000000,105.9,108.8,105.9,108.7,0,0
BBD_PE,D,20140305,000000,105.9,108.8,102.9,108.7,0,0
BBD_PE,D,20140306,000000,105.9,105.9,100,102.8,0,0
BBD_PE,D,20140307,000000,105.9,105.9,100,102.8,0,0
BBD_PE,D,20140310,000000,102.9,105.9,102.8,102.8,0,0
BBD_PE,D,20140327,000000,98.2,105.9,10.3,10.3,0,0
BBD_PE,D,20140328,000000,10.3,10.5,10.1,10.3,0,0
BBD_PE,D,20140331,000000,10.2,10.3,10.1,10.1,0,0
BBD_PE,D,20140401,000000,9.6,10.2,9.6,10.1,0,0
BBD_PE,D,20140402,000000,9.9,10.5,9.9,10.5,0,0
BBD_PE,D,20140403,000000,10.6,10.6,10.3,10.3,0,0
BBD_PE,D,20140404,000000,10.2,10.5,10.2,10.4,0,0
BBD_PE,D,20140407,000000,10.3,10.3,10.2,10.3,0,0
BBD_PE,D,20140408,000000,10.3,10.3,10.2,10.3,0,0
BBD_PE,D,20140409,000000,10.2,10.3,10.2,10.2,0,0
BBD_PE,D,20140410,000000,10.2,10.3,10,10.1,0,0
BBD_PE,D,20140411,000000,10.2,10.2,9.9,10.2,0,0
BBD_PE,D,20140414,000000,9.8,10,9.8,10,0,0
BBD_PE,D,20140415,000000,9.9,10.2,9.9,10.1,0,0
BBD_PE,D,20140416,000000,10.1,10.1,9.9,10,0,0
BBD_PE,D,20140417,000000,9.9,9.9,9.9,9.9,0,0
BBD_PE,D,20140422,000000,10,10,9.7,9.8,0,0
BBD_PE,D,20140423,000000,9.7,10,9.6,9.7,0,0
BBD_PE,D,20140424,000000,9.7,10.1,9.6,10,0,0
BBD_PE,D,20140425,000000,9.8,10,9.5,10,0,0
BBD_PE,D,20140428,000000,9.9,9.9,9.6,9.6,0,0
BBD_PE,D,20140429,000000,9.5,9.7,9.5,9.6,0,0
BBD_PE,D,20140430,000000,9.4,9.7,9.4,9.6,0,0
BBD_PE,D,20140502,000000,9.4,9.8,9.4,9.5,0,0
BBD_PE,D,20140505,000000,9.6,9.8,9.6,9.7,0,0
BBD_PE,D,20140506,000000,9.5,9.8,9.5,9.7,0,0
BBD_PE,D,20140507,000000,9.9,9.9,9.4,9.7,0,0
BBD_PE,D,20140508,000000,9.6,9.8,9.6,9.8,0,0
BBD_PE,D,20140509,000000,9.6,9.7,9.5,9.5,0,0
BBD_PE,D,20140512,000000,9.5,9.7,9.5,9.5,0,0
BBD_PE,D,20140513,000000,9.4,9.5,9.4,9.4,0,0
BBD_PE,D,20140514,000000,9.4,9.5,9.3,9.3,0,0
BBD_PE,D,20140515,000000,9.2,9.4,9.2,9.2,0,0
BBD_PE,D,20140516,000000,9.1,9.1,8.8,8.8,0,0
BBD_PE,D,20140519,000000,8.8,9,8.6,8.8,0,0
BBD_PE,D,20140520,000000,8.6,9.5,8.4,9.3,0,0
BBD_PE,D,20140521,000000,9.1,10,9.1,9.7,0,0
BBD_PE,D,20140522,000000,9.9,10.1,9.8,9.8,0,0
BBD_PE,D,20140523,000000,9.9,10,9.8,9.9,0,0
BBD_PE,D,20140526,000000,9.7,10.1,9.4,9.4,0,0
BBD_PE,D,20140527,000000,9.5,9.7,9.3,9.4,0,0
BBD_PE,D,20140528,000000,9.4,9.6,9.3,9.3,0,0
BBD_PE,D,20140529,000000,9.3,9.4,9.2,9.3,0,0
BBD_PE,D,20140530,000000,9.2,9.9,9.2,9.9,0,0
BBD_PE,D,20140602,000000,9.7,9.8,9.4,9.6,0,0
BBD_PE,D,20140603,000000,9.5,9.5,9.3,9.4,0,0
BBD_PE,D,20140604,000000,9.2,9.4,9.2,9.2,0,0
BBD_PE,D,20140605,000000,9.2,9.4,9.1,9.2,0,0
BBD_PE,D,20140606,000000,9.2,9.3,9.2,9.2,0,0
BBD_PE,D,20140609,000000,9.3,9.4,9.2,9.3,0,0
BBD_PE,D,20140610,000000,10.5,10.5,10.5,10.5,0,0
BBD_PE,D,20140611,000000,10.5,10.8,10.4,10.5,0,0
BBD_PE,D,20140612,000000,10.5,10.9,10.5,10.9,0,0
BBD_PE,D,20140613,000000,10.6,10.7,10.6,10.6,0,0
BBD_PE,D,20140616,000000,10.5,10.5,10.4,10.4,0,0
BBD_PE,D,20140617,000000,10.4,10.4,10.4,10.4,0,0
BBD_PE,D,20140618,000000,10.3,10.4,10.3,10.4,0,0
BBD_PE,D,20140620,000000,10.3,10.5,10.3,10.4,0,0
BBD_PE,D,20140623,000000,10.4,10.5,10.3,10.4,0,0
BBD_PE,D,20140624,000000,10.4,10.7,10.4,10.4,0,0
BBD_PE,D,20140625,000000,10.4,10.5,10.3,10.3,0,0
BBD_PE,D,20140626,000000,10.2,10.6,10.2,10.3,0,0
BBD_PE,D,20140627,000000,10.4,10.4,10.4,10.4,0,0
BBD_PE,D,20140630,000000,10.5,10.5,10.2,10.2,0,0
BBD_PE,D,20140701,000000,10.2,10.3,9.9,10.2,0,0
BBD_PE,D,20140702,000000,9.9,10.1,9.9,9.9,0,0
BBD_PE,D,20140703,000000,9.9,10.1,9.6,9.8,0,0
BBD_PE,D,20140704,000000,10.2,10.3,9.7,10.3,0,0
BBD_PE,D,20140707,000000,10.3,10.3,9.7,9.8,0,0
BBD_PE,D,20140708,000000,9.8,9.8,9.7,9.7,0,0
BBD_PE,D,20140709,000000,9.6,9.9,9.6,9.6,0,0
BBD_PE,D,20140710,000000,9.6,10,9.4,9.5,0,0
BBD_PE,D,20140711,000000,9.2,9.8,9.2,9.6,0,0
BBD_PE,D,20140714,000000,9.3,9.7,9.2,9.3,0,0
BBD_PE,D,20140715,000000,9.5,9.7,8.9,9,0,0
BBD_PE,D,20140716,000000,8.9,9.4,8.8,9.4,0,0
BBD_PE,D,20140717,000000,9.5,9.5,9.1,9.4,0,0
BBD_PE,D,20140718,000000,9.2,9.4,8.8,9.1,0,0
BBD_PE,D,20140721,000000,9,9.1,9,9,0,0
BBD_PE,D,20140722,000000,9,9,8.5,9,0,0
BBD_PE,D,20140723,000000,8.8,9.4,8.8,8.8,0,0
BBD_PE,D,20140724,000000,8.7,8.9,8.6,8.6,0,0
BBD_PE,D,20140725,000000,8.5,8.7,8.5,8.7,0,0
BBD_PE,D,20140728,000000,8.6,8.7,8.6,8.7,0,0
BBD_PE,D,20140729,000000,8.7,8.7,8.6,8.6,0,0
BBD_PE,D,20140730,000000,8.5,8.6,8.4,8.6,0,0
BBD_PE,D,20140731,000000,8.5,8.5,8.4,8.4,0,0
BBD_PE,D,20140801,000000,8.4,8.5,8.3,8.3,0,0
BBD_PE,D,20140804,000000,8.3,8.4,8.2,8.3,0,0
BBD_PE,D,20140805,000000,8.4,8.6,8.3,8.5,0,0
BBD_PE,D,20140806,000000,8.6,8.6,8.3,8.3,0,0
BBD_PE,D,20140807,000000,8.3,8.5,8.3,8.3,0,0
BBD_PE,D,20140808,000000,8.4,8.4,8.3,8.3,0,0
BBD_PE,D,20140811,000000,8.3,8.4,8.3,8.4,0,0
BBD_PE,D,20140812,000000,8.3,8.4,8.2,8.3,0,0
BBD_PE,D,20140813,000000,8.3,8.4,8.3,8.3,0,0
BBD_PE,D,20140814,000000,8.3,8.3,8.3,8.3,0,0
BBD_PE,D,20140818,000000,8.3,8.3,8.3,8.3,0,0
BBD_PE,D,20140819,000000,8.2,8.5,8.2,8.5,0,0
BBD_PE,D,20140820,000000,8.4,8.6,8.3,8.3,0,0
BBD_PE,D,20140821,000000,8.3,8.6,8.3,8.5,0,0
BBD_PE,D,20140822,000000,8.4,8.7,8.4,8.6,0,0
BBD_PE,D,20140825,000000,8.7,9.1,8.7,8.9,0,0
BBD_PE,D,20140826,000000,9.4,9.4,9,9.1,0,0
BBD_PE,D,20140827,000000,9.3,9.4,9,9.4,0,0
BBD_PE,D,20140828,000000,9.5,10,9.2,9.2,0,0
BBD_PE,D,20140829,000000,9.1,9.6,9.1,9.5,0,0
BBD_PE,D,20140901,000000,9.6,9.6,9.3,9.4,0,0
BBD_PE,D,20140902,000000,9.3,9.5,8.8,9.3,0,0
BBD_PE,D,20140903,000000,9,9.4,9,9.4,0,0
BBD_PE,D,20140904,000000,9.1,9.6,9.1,9.1,0,0
BBD_PE,D,20140905,000000,9.1,9.2,8.7,9.1,0,0
BBD_PE,D,20140908,000000,9.4,9.4,9,9.1,0,0
BBD_PE,D,20140909,000000,9.1,9.3,9,9.1,0,0
BBD_PE,D,20140910,000000,9.3,9.3,9.1,9.1,0,0
BBD_PE,D,20140911,000000,9.1,9.3,9.1,9.3,0,0
BBD_PE,D,20140912,000000,9.1,9.3,9.1,9.3,0,0
BBD_PE,D,20140915,000000,9.1,9.3,9,9,0,0
BBD_PE,D,20140916,000000,8.8,8.8,8.6,8.7,0,0
BBD_PE,D,20140917,000000,8.7,9.1,8.7,8.8,0,0
BBD_PE,D,20140918,000000,8.7,9.1,8.7,9,0,0
BBD_PE,D,20140919,000000,9.1,9.2,8.7,9.2,0,0
BBD_PE,D,20140922,000000,9.1,9.5,9.1,9.5,0,0
BBD_PE,D,20140923,000000,9.3,9.5,9.2,9.4,0,0
BBD_PE,D,20140924,000000,9.3,9.3,9.1,9.1,0,0
BBD_PE,D,20140925,000000,9,9.1,8.9,8.9,0,0
BBD_PE,D,20140926,000000,9,9.1,8.9,9.1,0,0
BBD_PE,D,20140929,000000,9,9.2,9,9.2,0,0
BBD_PE,D,20140930,000000,9,9.1,8.9,9.1,0,0
BBD_PE,D,20141001,000000,9,9.2,8.8,9.1,0,0
BBD_PE,D,20141002,000000,8.7,9.1,8.7,9.1,0,0
BBD_PE,D,20141003,000000,8.9,9,8.7,8.9,0,0
BBD_PE,D,20141006,000000,8.8,8.8,8.8,8.8,0,0
BBD_PE,D,20141007,000000,8.7,8.9,8.7,8.9,0,0
BBD_PE,D,20141008,000000,8.7,9,8.4,8.4,0,0
BBD_PE,D,20141009,000000,8.5,8.5,8.1,8.2,0,0
BBD_PE,D,20141010,000000,8.1,8.4,8.1,8.3,0,0
BBD_PE,D,20141013,000000,8.1,8.2,8.1,8.2,0,0
BBD_PE,D,20141014,000000,8.2,8.2,8.1,8.1,0,0
BBD_PE,D,20141015,000000,8.1,8.5,8.1,8.2,0,0
BBD_PE,D,20141016,000000,8.2,8.3,8.1,8.1,0,0
BBD_PE,D,20141017,000000,8.4,8.5,8.2,8.5,0,0
BBD_PE,D,20141020,000000,8.2,8.6,8.2,8.3,0,0
BBD_PE,D,20141021,000000,8.2,8.2,8.1,8.2,0,0
BBD_PE,D,20141022,000000,8.1,8.1,8.1,8.1,0,0
BBD_PE,D,20141023,000000,8.1,8.4,8.1,8.2,0,0
BBD_PE,D,20141024,000000,8.2,8.2,8.2,8.2,0,0
BBD_PE,D,20141027,000000,8.2,8.2,8.2,8.2,0,0
BBD_PE,D,20141028,000000,8.2,8.5,8.1,8.5,0,0
BBD_PE,D,20141029,000000,8.5,8.5,8,8,0,0
BBD_PE,D,20141030,000000,8,8.1,8,8.1,0,0
BBD_PE,D,20141031,000000,8,8.6,8,8.3,0,0
BBD_PE,D,20141103,000000,8.2,8.2,8.2,8.2,0,0
BBD_PE,D,20141104,000000,8.1,8.3,7.7,7.7,0,0
BBD_PE,D,20141105,000000,7.8,7.8,7.5,7.5,0,0
BBD_PE,D,20141106,000000,7.6,7.6,7,7.1,0,0
BBD_PE,D,20141107,000000,7.2,7.2,7,7.1,0,0
BBD_PE,D,20141110,000000,7,7.1,6.9,7.1,0,0
BBD_PE,D,20141112,000000,7.2,7.2,7,7.1,0,0
BBD_PE,D,20141113,000000,7,7,6.6,6.6,0,0
BBD_PE,D,20141114,000000,6.7,7.1,6.5,7.1,0,0
BBD_PE,D,20141117,000000,6.4,7,6.4,6.9,0,0
BBD_PE,D,20141118,000000,6.8,6.8,6.8,6.8,0,0
BBD_PE,D,20141119,000000,6.8,6.9,6.7,6.7,0,0
BBD_PE,D,20141120,000000,7,7.1,6.7,6.7,0,0
BBD_PE,D,20141121,000000,6.8,6.8,6.6,6.7,0,0
BBD_PE,D,20141124,000000,6.9,11.7,6.8,11.7,0,0
BBD_PE,D,20141125,000000,11.9,12.1,11.9,12.1,0,0
BBD_PE,D,20141126,000000,12.1,12.1,11.9,12.1,0,0
BBD_PE,D,20141127,000000,12,12.1,11.9,12,0,0
BBD_PE,D,20141128,000000,11.9,12.9,11.8,12.6,0,0
BBD_PE,D,20141201,000000,12.4,12.8,12.2,12.2,0,0
BBD_PE,D,20141202,000000,12.1,13.3,12.1,13.2,0,0
BBD_PE,D,20141203,000000,13,13.4,13,13.4,0,0
BBD_PE,D,20141204,000000,13.4,13.6,13.4,13.4,0,0
BBD_PE,D,20141205,000000,13.4,13.6,13.2,13.4,0,0
BBD_PE,D,20141208,000000,13.4,13.5,13.2,13.4,0,0
BBD_PE,D,20141209,000000,13.3,13.4,13.1,13.2,0,0
BBD_PE,D,20141210,000000,13.2,13.3,12.6,12.6,0,0
BBD_PE,D,20141211,000000,12.4,12.6,11.6,12.1,0,0
BBD_PE,D,20141212,000000,12.2,12.6,12.1,12.6,0,0
BBD_PE,D,20141215,000000,12.4,12.4,12.2,12.2,0,0
BBD_PE,D,20141216,000000,12.2,12.6,11.7,12.4,0,0
BBD_PE,D,20141217,000000,12.1,12.2,12.1,12.2,0,0
BBD_PE,D,20141218,000000,12.2,12.6,12.2,12.3,0,0
BBD_PE,D,20141219,000000,13,13.8,12.8,13.4,0,0
BBD_PE,D,20141222,000000,13.7,13.7,12.9,13.3,0,0
BBD_PE,D,20141223,000000,13.1,13.1,12.8,12.8,0,0
BBD_PE,D,20141229,000000,12.7,12.7,12,12.3,0,0
BBD_PE,D,20141230,000000,12.1,13.2,12.1,12.3,0,0
BBD_PE,D,20150102,000000,12,13.2,12,13,0,0
BBD_PE,D,20150105,000000,13,13.1,12.6,12.6,0,0
BBD_PE,D,20150107,000000,12.6,12.6,12.2,12.6,0,0
BBD_PE,D,20150108,000000,12.2,12.4,12.1,12.4,0,0
BBD_PE,D,20150109,000000,12.2,12.8,12.2,12.8,0,0
BBD_PE,D,20150112,000000,12.8,13.7,12.8,13.1,0,0
BBD_PE,D,20150113,000000,12.9,13.1,12.6,12.6,0,0
BBD_PE,D,20150114,000000,12.6,12.7,12.5,12.6,0,0
BBD_PE,D,20150115,000000,12.6,13,12.3,12.3,0,0
BBD_PE,D,20150116,000000,12.4,12.5,12.2,12.3,0,0
BBD_PE,D,20150119,000000,12.3,12.3,12.1,12.2,0,0
BBD_PE,D,20150120,000000,12.1,12.1,11.8,11.8,0,0
BBD_PE,D,20150121,000000,11.8,12.4,11.8,12.2,0,0
BBD_PE,D,20150122,000000,12.1,12.2,11.9,12.2,0,0
BBD_PE,D,20150123,000000,12.2,12.3,11.8,12,0,0
BBD_PE,D,20150126,000000,11.9,12.1,11.9,12.1,0,0
BBD_PE,D,20150127,000000,12.1,12.1,11.9,11.9,0,0
BBD_PE,D,20150128,000000,11.9,12.1,11.9,12,0,0
BBD_PE,D,20150129,000000,12.1,12.1,11.9,12,0,0
BBD_PE,D,20150130,000000,11.9,12.1,11.9,12.1,0,0
BBD_PE,D,20150202,000000,12,12.1,11.9,12.1,0,0
BBD_PE,D,20150203,000000,11.9,12,11.9,12,0,0
BBD_PE,D,20150204,000000,11.9,12.1,11.5,11.7,0,0
BBD_PE,D,20150205,000000,11.7,11.8,11.5,11.6,0,0
BBD_PE,D,20150206,000000,11.4,11.6,11.4,11.6,0,0
BBD_PE,D,20150209,000000,11.6,12,11.1,11.8,0,0
BBD_PE,D,20150210,000000,11.9,11.9,11.5,11.6,0,0
BBD_PE,D,20150211,000000,11.6,11.6,11.5,11.5,0,0
BBD_PE,D,20150212,000000,11.4,11.6,11.4,11.6,0,0
BBD_PE,D,20150213,000000,11.6,11.6,11.4,11.6,0,0
BBD_PE,D,20150216,000000,11.6,11.6,11.3,11.3,0,0
BBD_PE,D,20150217,000000,11.3,11.3,11.1,11.3,0,0
BBD_PE,D,20150218,000000,11.2,11.6,11.2,11.4,0,0
BBD_PE,D,20150219,000000,11.3,11.7,11.3,11.7,0,0
BBD_PE,D,20150220,000000,11.5,11.6,11.3,11.6,0,0
BBD_PE,D,20150223,000000,11.5,11.5,11.3,11.3,0,0
BBD_PE,D,20150224,000000,11.2,11.5,11.2,11.3,0,0
BBD_PE,D,20150225,000000,11.3,11.6,11.2,11.6,0,0
BBD_PE,D,20150226,000000,11.5,11.6,11,11,0,0
BBD_PE,D,20150227,000000,11,11.4,11,11.4,0,0
BBD_PE,D,20150302,000000,11.4,11.4,11.2,11.4,0,0
BBD_PE,D,20150303,000000,11.3,11.5,11.3,11.3,0,0
BBD_PE,D,20150304,000000,11.3,11.6,11.3,11.5,0,0
BBD_PE,D,20150305,000000,11.4,12.2,11.4,12.1,0,0
BBD_PE,D,20150306,000000,12.3,12.3,12.1,12.2,0,0
BBD_PE,D,20150309,000000,12,12.8,12,12.6,0,0
BBD_PE,D,20150310,000000,12.6,12.6,12.3,12.6,0,0
BBD_PE,D,20150311,000000,12.5,13,12.5,12.9,0,0
BBD_PE,D,20150312,000000,12.9,12.9,12.4,12.4,0,0
BBD_PE,D,20150313,000000,12.4,12.5,12.4,12.5,0,0
BBD_PE,D,20150316,000000,12.5,12.5,12.4,12.4,0,0
BBD_PE,D,20150317,000000,12.4,13.3,12.4,13.2,0,0
BBD_PE,D,20150318,000000,12.9,13.5,12.9,13.4,0,0
BBD_PE,D,20150319,000000,13.4,13.6,13.2,13.3,0,0
BBD_PE,D,20150320,000000,13.2,13.3,13.1,13.2,0,0
BBD_PE,D,20150323,000000,13.2,13.2,12.7,12.9,0,0
BBD_PE,D,20150324,000000,12.6,12.8,12.3,12.5,0,0
BBD_PE,D,20150325,000000,12.5,12.7,12.5,12.5,0,0
BBD_PE,D,20170928,000000,12.5,12.5,12.5,12.5,0,0
BBD_PE,D,20210504,000000,12,12,12,12,0,0
BBD_PE,D,20210505,000000,11.6,11.9,11.6,11.8,0,0
BBD_PE,D,20210506,000000,11.6,12.1,11.6,11.9,0,0
BBD_PE,D,20210507,000000,12,12,11.4,11.9,0,0
BBD_PE,D,20210510,000000,11.7,11.7,11.4,11.4,0,0
BBD_PE,D,20210511,000000,11.3,11.9,11.3,11.9,0,0
BBD_PE,D,20210512,000000,11.5,12,11.5,11.6,0,0
BBD_PE,D,20210513,000000,11.4,11.4,11.4,11.4,0,0
BBD_PE,D,20210514,000000,11.4,11.9,11.4,11.9,0,0
BBD_PE,D,20210517,000000,11.4,11.9,11.4,11.6,0,0
BBD_PE,D,20210518,000000,11.7,12,11.5,12,0,0
BBD_PE,D,20210519,000000,12,12.1,11.6,12,0,0
BBD_PE,D,20210520,000000,12.1,13.5,11.9,13.3,0,0
BBD_PE,D,20210521,000000,13.3,14.1,13.3,14,0,0
BBD_PE,D,20210524,000000,14.1,14.1,13.4,13.8,0,0
BBD_PE,D,20210525,000000,13.7,13.7,13.2,13.5,0,0
BBD_PE,D,20210526,000000,13.2,13.7,13.1,13.7,0,0
BBD_PE,D,20210527,000000,13.4,13.8,13.4,13.8,0,0
BBD_PE,D,20210528,000000,13.8,14.7,13.8,14.7,0,0
BBD_PE,D,20210531,000000,14.7,16.1,14.4,16.1,0,0
BBD_PE,D,20210601,000000,15.9,16.6,15.2,16.6,0,0
BBD_PE,D,20210602,000000,16.6,17.4,16.3,17.3,0,0
BBD_PE,D,20210604,000000,17.3,1337.3,16.9,1337.3,0,0
BBD_PE,D,20210607,000000,1336.2,1336.2,1246.8,1290.6,0,0
BBD_PE,D,20210608,000000,1289.4,1297.9,1246.8,1297.9,0,0
BBD_PE,D,20210609,000000,1263.8,1285.1,1238.3,1269.4,0,0
BBD_PE,D,20210610,000000,1285.1,1285.1,1217,1265.2,0,0
BBD_PE,D,20210611,000000,1263.8,1263.8,1225.5,1252.4,0,0
BBD_PE,D,20210614,000000,1221.3,1251.1,1204.3,1231.2,0,0
BBD_PE,D,20210615,000000,1221.3,1302.1,1221.3,1299.1,0,0
BBD_PE,D,20210616,000000,1302.1,1327.7,1272.3,1311.9,0,0
BBD_PE,D,20210617,000000,1314.9,1314.9,1234,1286.4,0,0
BBD_PE,D,20210618,000000,1246.8,1319.1,1246.8,1316.1,0,0
BBD_PE,D,20210621,000000,1319.1,1319.1,1263.8,1307.6,0,0
BBD_PE,D,20210622,000000,1310.6,1314.9,1268.1,1311.9,0,0
BBD_PE,D,20210623,000000,1310.6,1310.6,1276.6,1307.6,0,0
BBD_PE,D,20210624,000000,1280.9,1310.6,1276.6,1307.6,0,0
BBD_PE,D,20210625,000000,1276.6,1314.9,1265.2,1265.2,0,0
BBD_PE,D,20210628,000000,1263.8,1285.1,1234,1235.4,0,0
BBD_PE,D,20210629,000000,1238.3,1289.4,1238.3,1286.4,0,0
BBD_PE,D,20210630,000000,1306.4,1306.4,1255.3,1265.2,0,0
BBD_PE,D,20210701,000000,1263.8,1310.6,1263.8,1307.6,0,0
BBD_PE,D,20210702,000000,1310.6,1310.6,1277.9,1277.9,0,0
BBD_PE,D,20210705,000000,1310.6,1310.6,1277.9,1277.9,0,0
BBD_PE,D,20210706,000000,1280.9,1310.6,1276.6,1307.6,0,0
BBD_PE,D,20210707,000000,1310.6,1310.6,1272.3,1273.6,0,0
BBD_PE,D,20210708,000000,1310.6,1310.6,1256.7,1256.7,0,0
BBD_PE,D,20210709,000000,1259.6,1302.1,1259.6,1299.1,0,0
BBD_PE,D,20210712,000000,1280.9,1310.6,1263.8,1303.4,0,0
BBD_PE,D,20210713,000000,1280.9,1303.4,1259.6,1299.1,0,0
BBD_PE,D,20210714,000000,1272.3,1276.6,1269.4,1269.4,0,0
BBD_PE,D,20210715,000000,1268.1,1293.6,1268.1,1290.6,0,0
BBD_PE,D,20210716,000000,1268.1,1293.6,1268.1,1290.6,0,0
BBD_PE,D,20210719,000000,1272.3,1272.3,1212.8,1252.4,0,0
BBD_PE,D,20210720,000000,1251.1,1259.6,1229.8,1252.4,0,0
BBD_PE,D,20210721,000000,1225.5,1268.1,1225.5,1265.2,0,0
BBD_PE,D,20210722,000000,1268.1,1268.1,1234,1265.2,0,0
BBD_PE,D,20210723,000000,1276.6,1297.9,1263.8,1290.6,0,0
BBD_PE,D,20210726,000000,1285.1,1310.6,1285.1,1303.4,0,0
BBD_PE,D,20210727,000000,1297.9,1306.4,1280.9,1303.4,0,0
BBD_PE,D,20210728,000000,1259.6,1297.9,1251.1,1286.4,0,0
BBD_PE,D,20210729,000000,1259.6,1286.4,1251.1,1256.7,0,0
BBD_PE,D,20210730,000000,1263.8,1268.1,1248.2,1248.2,0,0
BBD_PE,D,20210802,000000,1289.4,1289.4,1248.2,1248.2,0,0
BBD_PE,D,20210803,000000,1255.3,1285.1,1246.8,1282.1,0,0
BBD_PE,D,20210804,000000,1251.1,1280.9,1221.3,1226.9,0,0
BBD_PE,D,20210805,000000,1272.3,1276.6,1229.8,1273.6,0,0
BBD_PE,D,20210806,000000,1285.1,1289.4,1256.7,1256.7,0,0
BBD_PE,D,20210809,000000,1246.8,1251.1,1246.8,1248.2,0,0
BBD_PE,D,20210810,000000,1289.4,1289.4,1251.1,1282.1,0,0
BBD_PE,D,20210811,000000,1259.6,1297.9,1259.6,1294.9,0,0
BBD_PE,D,20210812,000000,1297.9,1417,1272.3,1413.7,0,0
BBD_PE,D,20210813,000000,1408.5,1459.6,1387.2,1456.2,0,0
BBD_PE,D,20210816,000000,1489.4,1489.4,1408.5,1464.7,0,0
BBD_PE,D,20210817,000000,1455.3,1455.3,1361.7,1426.5,0,0
BBD_PE,D,20210818,000000,1395.7,1429.8,1370.2,1379.8,0,0
BBD_PE,D,20210819,000000,1425.5,1425.5,1378.7,1413.7,0,0
BBD_PE,D,20210820,000000,1412.8,1412.8,1401,1401,0,0
BBD_PE,D,20210823,000000,1378.7,1400,1375.5,1375.5,0,0
BBD_PE,D,20210824,000000,1378.7,1395.7,1366,1388.3,0,0
BBD_PE,D,20210825,000000,1366,1383,1340.4,1379.8,0,0
BBD_PE,D,20210826,000000,1383,1383,1319.1,1362.8,0,0
BBD_PE,D,20210827,000000,1331.9,1374.5,1327.7,1358.6,0,0
BBD_PE,D,20210830,000000,1361.7,1400,1336.2,1392.5,0,0
BBD_PE,D,20210831,000000,1340.4,1395.7,1340.4,1367,0,0
BBD_PE,D,20210901,000000,1344.7,1370.2,1324.6,1324.6,0,0
BBD_PE,D,20210902,000000,1344.7,1366,1336.2,1362.8,0,0
BBD_PE,D,20210903,000000,1366,1383,1340.4,1379.8,0,0
BBD_PE,D,20210906,000000,1340.4,1340.4,1323.4,1337.3,0,0
BBD_PE,D,20210907,000000,1370.2,1370.2,1302.1,1337.3,0,0
BBD_PE,D,20210908,000000,1297.9,1353.2,1293.6,1337.3,0,0
BBD_PE,D,20210909,000000,1289.4,1374.5,1289.4,1371.3,0,0
BBD_PE,D,20210910,000000,1370.2,1442.6,1348.9,1392.5,0,0
BBD_PE,D,20210913,000000,1378.7,1438.3,1378.7,1422.2,0,0
BBD_PE,D,20210914,000000,1429.8,1434,1348.9,1396.8,0,0
BBD_PE,D,20210915,000000,1348.9,1374.5,1299.1,1299.1,0,0
BBD_PE,D,20210916,000000,1319.1,1348.9,1299.1,1299.1,0,0
BBD_PE,D,20210917,000000,1310.6,1310.6,1299.1,1299.1,0,0
BBD_PE,D,20210920,000000,1302.1,1323.4,1276.6,1320.3,0,0
BBD_PE,D,20210921,000000,1272.3,1323.4,1272.3,1320.3,0,0
BBD_PE,D,20210922,000000,1289.4,1319.1,1263.8,1316.1,0,0
BBD_PE,D,20210923,000000,1285.1,1314.9,1272.3,1273.6,0,0
BBD_PE,D,20210924,000000,1272.3,1319.1,1268.1,1316.1,0,0
BBD_PE,D,20210928,000000,1268.1,1268.1,1265.2,1265.2,0,0
BBD_PE,D,20210929,000000,1272.3,1272.3,1269.4,1269.4,0,0
BBD_PE,D,20210930,000000,1268.1,1331.9,1268.1,1323.4,0,0
BBD_PE,D,20231003,000000,11,11,11,11,0,0
BBD_PE,D,20231004,000000,10.781,11.045,10.671,10.9,0,0
BBD_PE,D,20231005,000000,11.011,11.2,11.011,11.2,0,0
BBD_PE,D,20231006,000000,11.086,11.312,11.086,11.3,0,0
BBD_PE,D,20231009,000000,11.277,11.3,11.028,11.2,0,0
BBD_PE,D,20231010,000000,11.201,11.223,10.976,11,0,0
BBD_PE,D,20231011,000000,11.001,11.001,10.619,10.8,0,0
BBD_PE,D,20231012,000000,10.666,11.206,10.666,11.2,0,0
BBD_PE,D,20231013,000000,10.661,11.201,10.661,11.2,0,0
BBD_PE,D,20231016,000000,10.769,11.29,10.769,11.2,0,0
BBD_PE,D,20231017,000000,10.752,10.909,10.73,10.8,0,0
BBD_PE,D,20231018,000000,10.8,11.229,10.8,10.8,0,0
BBD_PE,D,20231019,000000,10.8,10.845,10.8,10.8,0,0
BBD_PE,D,20231020,000000,11.229,11.229,11.2,11.2,0,0
BBD_PE,D,20231023,000000,10.838,11.2,10.838,11.2,0,0
BBD_PE,D,20231024,000000,11.041,11.2,10.816,11.2,0,0
BBD_PE,D,20231025,000000,10.882,11.086,10.882,11,0,0
BBD_PE,D,20231026,000000,10.999,10.999,10.572,10.8,0,0
BBD_PE,D,20231027,000000,10.801,11.026,10.621,11,0,0
BBD_PE,D,20231030,000000,11.114,11.429,10.731,11.2,0,0
BBD_PE,D,20231031,000000,11.111,11.111,10.73,11,0,0
BBD_PE,D,20231102,000000,10.774,11.268,10.752,11.2,0,0
BBD_PE,D,20231103,000000,11.178,11.201,10.797,11.2,0,0
BBD_PE,D,20231106,000000,10.797,11,10.797,11,0,0
BBD_PE,D,20231107,000000,10.999,10.999,10.819,10.9,0,0
BBD_PE,D,20231108,000000,10.923,11.013,10.9,10.9,0,0
BBD_PE,D,20231109,000000,10.9,10.9,10.8,10.8,0,0
BBD_PE,D,20231110,000000,10.396,10.4,10.374,10.4,0,0
BBD_PE,D,20231113,000000,10.4,11.191,10.4,11,0,0
BBD_PE,D,20231114,000000,11.089,11.089,10.55,10.6,0,0
BBD_PE,D,20231115,000000,10.601,11.119,10.578,11.1,0,0
BBD_PE,D,20231116,000000,10.562,10.6,10.562,10.6,0,0
BBD_PE,D,20231117,000000,10.601,10.916,10.578,10.9,0,0
BBD_PE,D,20231120,000000,10.674,10.787,10.6,10.6,0,0
BBD_PE,D,20231121,000000,10.6,10.8,10.465,10.8,0,0
BBD_PE,D,20231122,000000,10.8,10.845,10.5,10.5,0,0
BBD_PE,D,20231123,000000,10.771,10.771,10.5,10.5,0,0
BBD_PE,D,20231124,000000,10.477,10.746,10.252,10.4,0,0
BBD_PE,D,20231127,000000,11.078,11.169,10.423,10.8,0,0
BBD_PE,D,20231128,000000,10.689,10.801,10.689,10.8,0,0
BBD_PE,D,20231129,000000,11.251,11.251,10.711,11.1,0,0
BBD_PE,D,20231130,000000,11.124,11.124,10.448,11.1,0,0
BBD_PE,D,20231201,000000,10.695,11.1,2,2,0,0
BBD_PE,D,20231204,000000,2.008,2.008,2,2,0,0
BBD_PE,D,20231205,000000,1.996,2.008,1.996,2,0,0
BBD_PE,D,20231206,000000,1.992,2.004,1.958,2,0,0
BBD_PE,D,20231207,000000,1.962,1.962,1.9,1.9,0,0
BBD_PE,D,20231208,000000,1.9,2,1.892,2,0,0
BBD_PE,D,20231211,000000,2.004,2.004,1.934,2,0,0
BBD_PE,D,20231212,000000,1.955,2.008,1.9,1.9,0,0
BBD_PE,D,20231213,000000,1.904,1.948,1.892,1.9,0,0
BBD_PE,D,20231214,000000,1.904,1.94,1.9,1.9,0,0
BBD_PE,D,20231215,000000,1.932,1.932,1.9,1.9,0,0
BBD_PE,D,20231218,000000,1.904,1.92,1.847,1.9,0,0
BBD_PE,D,20231219,000000,1.9,1.958,1.892,1.9,0,0
BBD_PE,D,20231220,000000,1.888,1.888,1.796,1.8,0,0
BBD_PE,D,20231221,000000,1.755,2,1.751,2,0,0
BBD_PE,D,20231222,000000,2,2,1.887,1.9,0,0
BBD_PE,D,20231227,000000,1.9,1.979,1.9,1.9,0,0
BBD_PE,D,20231228,000000,1.86,1.9,1.827,1.9,0,0
BBD_PE,D,20231229,000000,1.896,1.963,1.896,1.9,0,0
BBD_PE,D,20240102,000000,1.896,1.958,1.896,1.9,0,0
BBD_PE,D,20240103,000000,1.95,1.95,1.9,1.9,0,0
BBD_PE,D,20240104,000000,1.9,1.996,1.896,1.9,0,0
BBD_PE,D,20240105,000000,1.925,1.925,1.875,1.9,0,0
BBD_PE,D,20240108,000000,1.941,1.941,1.892,1.9,0,0
BBD_PE,D,20240109,000000,1.9,1.9,1.859,1.9,0,0
BBD_PE,D,20240110,000000,1.9,1.942,1.9,1.9,0,0
BBD_PE,D,20240111,000000,1.863,1.9,1.851,1.9,0,0
BBD_PE,D,20240112,000000,1.9,1.9,1.896,1.9,0,0
BBD_PE,D,20240115,000000,1.9,1.904,1.879,1.9,0,0
BBD_PE,D,20240116,000000,1.904,1.904,1.9,1.9,0,0
BBD_PE,D,20240117,000000,1.9,1.9,1.8,1.8,0,0
BBD_PE,D,20240118,000000,1.764,1.9,1.764,1.9,0,0
BBD_PE,D,20240119,000000,1.858,1.879,1.8,1.8,0,0
BBD_PE,D,20240122,000000,1.82,1.82,1.8,1.8,0,0
BBD_PE,D,20240123,000000,1.836,1.836,1.796,1.8,0,0
BBD_PE,D,20240124,000000,1.78,1.832,1.78,1.8,0,0
BBD_PE,D,20240125,000000,1.8,1.8,1.792,1.8,0,0
BBD_PE,D,20240126,000000,1.78,1.9,1.776,1.9,0,0
BBD_PE,D,20240129,000000,1.9,1.921,1.841,1.9,0,0
BBD_PE,D,20240130,000000,1.83,1.9,1.83,1.9,0,0
BBD_PE,D,20240202,000000,1.871,1.904,1.8,1.8,0,0
BBD_PE,D,20240205,000000,1.804,1.9,1.804,1.9,0,0
BBD_PE,D,20240206,000000,1.834,1.846,1.8,1.8,0,0
BBD_PE,D,20240207,000000,1.796,1.9,1.792,1.9,0,0
BBD_PE,D,20240208,000000,1.846,1.904,1.842,1.9,0,0
BBD_PE,D,20240209,000000,1.842,1.846,1.8,1.8,0,0
BBD_PE,D,20240212,000000,1.8,1.9,1.771,1.9,0,0
BBD_PE,D,20240213,000000,1.808,1.904,1.808,1.9,0,0
BBD_PE,D,20240214,000000,1.817,1.842,1.8,1.8,0,0
BBD_PE,D,20240215,000000,1.825,1.825,1.8,1.8,0,0
BBD_PE,D,20240216,000000,1.857,1.9,1.808,1.9,0,0
BBD_PE,D,20240219,000000,1.8,1.9,1.8,1.9,0,0
BBD_PE,D,20240220,000000,1.833,1.904,1.816,1.9,0,0
BBD_PE,D,20240221,000000,1.82,1.925,1.82,1.9,0,0
BBD_PE,D,20240222,000000,1.892,1.9,1.892,1.9,0,0
BBD_PE,D,20240223,000000,1.805,1.9,1.805,1.9,0,0
BBD_PE,D,20240226,000000,1.854,1.9,1.854,1.9,0,0
BBD_PE,D,20240227,000000,1.854,1.9,1.854,1.9,0,0
BBD_PE,D,20240228,000000,1.863,1.904,1.796,1.9,0,0
BBD_PE,D,20240229,000000,1.834,1.896,1.8,1.8,0,0
BBD_PE,D,20240301,000000,1.788,1.9,1.788,1.9,0,0
BBD_PE,D,20240304,000000,1.812,1.879,1.808,1.879,0,0
BBD_PE,D,20240305,000000,1.804,1.825,1.8,1.8,0,0
BBD_PE,D,20240306,000000,1.775,1.9,1.775,1.9,0,0
BBD_PE,D,20240307,000000,1.812,1.858,1.8,1.8,0,0
BBD_PE,D,20240308,000000,1.756,1.8,1.756,1.8,0,0
BBD_PE,D,20240311,000000,1.772,1.804,1.772,1.8,0,0
BBD_PE,D,20240312,000000,1.788,1.8,1.784,1.8,0,0
BBD_PE,D,20240313,000000,1.8,1.8,1.7,1.7,0,0
BBD_PE,D,20240314,000000,1.704,1.8,1.704,1.8,0,0
BBD_PE,D,20240315,000000,1.741,1.8,1.729,1.796,0,0
BBD_PE,D,20240318,000000,1.754,1.754,1.7,1.7,0,0
BBD_PE,D,20240319,000000,1.704,1.749,1.68,1.7,0,0
BBD_PE,D,20240320,000000,1.704,1.8,1.704,1.8,0,0
BBD_PE,D,20240321,000000,1.737,1.8,1.737,1.8,0,0
BBD_PE,D,20240322,000000,1.749,1.796,1.7,1.7,0,0
BBD_PE,D,20240325,000000,1.636,1.7,1.636,1.7,0,0
BBD_PE,D,20240326,000000,1.7,1.7,1.652,1.7,0,0
BBD_PE,D,20240327,000000,1.656,1.7,1.568,1.7,0,0
BBD_PE,D,20240328,000000,1.692,1.72,1.692,1.7,0,0
BBD_PE,D,20240402,000000,1.624,1.7,1.624,1.7,0,0
BBD_PE,D,20240403,000000,1.671,1.7,1.639,1.7,0,0
BBD_PE,D,20240404,000000,1.7,1.712,1.675,1.7,0,0
BBD_PE,D,20240405,000000,1.692,1.717,1.692,1.7,0,0
BBD_PE,D,20240408,000000,1.704,1.737,1.7,1.7,0,0
BBD_PE,D,20240409,000000,1.7,1.708,1.676,1.7,0,0
BBD_PE,D,20240410,000000,1.68,1.7,1.668,1.7,0,0
BBD_PE,D,20240411,000000,1.676,1.7,1.676,1.7,0,0
BBD_PE,D,20240412,000000,1.696,1.7,1.68,1.7,0,0
BBD_PE,D,20240415,000000,1.7,1.794,1.688,1.7,0,0
BBD_PE,D,20240416,000000,1.68,1.708,1.672,1.7,0,0
BBD_PE,D,20240417,000000,1.668,1.7,1.668,1.7,0,0
BBD_PE,D,20240418,000000,1.7,1.7,1.639,1.7,0,0
BBD_PE,D,20240419,000000,1.671,1.7,1.671,1.7,0,0
BBD_PE,D,20240422,000000,1.675,1.7,1.675,1.7,0,0
BBD_PE,D,20240423,000000,1.671,1.683,1.6,1.6,0,0
BBD_PE,D,20240424,000000,1.6,1.608,1.6,1.6,0,0
BBD_PE,D,20240425,000000,1.644,1.7,1.572,1.7,0,0
BBD_PE,D,20240426,000000,1.629,1.704,1.629,1.7,0,0
BBD_PE,D,20240429,000000,1.7,1.845,1.7,1.8,0,0
BBD_PE,D,20240430,000000,1.796,1.8,1.783,1.8,0,0
BBD_PE,D,20240502,000000,1.754,1.804,1.749,1.8,0,0
BBD_PE,D,20240506,000000,1.796,1.889,0.9,0.9,0,0
BBD_PE,D,20240507,000000,0.904,0.904,0.884,0.9,0,0
BBD_PE,D,20240508,000000,0.906,0.906,0.894,0.9,0,0
BBD_PE,D,20240509,000000,0.9,0.9,0.871,0.9,0,0
BBD_PE,D,20240510,000000,0.871,0.9,0.871,0.9,0,0
BBD_PE,D,20240513,000000,0.879,0.9,0.865,0.9,0,0
BBD_PE,D,20240514,000000,0.896,0.9,0.869,0.9,0,0
BBD_PE,D,20240515,000000,0.902,0.902,0.8,0.8,0,0
BBD_PE,D,20240516,000000,0.831,0.835,0.8,0.8,0,0
BBD_PE,D,20240517,000000,0.817,0.9,0.817,0.9,0,0
BBD_PE,D,20240520,000000,0.879,0.914,0.879,0.9,0,0
BBD_PE,D,20240521,000000,0.896,0.9,0.879,0.9,0,0
BBD_PE,D,20240522,000000,0.89,0.9,0.89,0.9,0,0
BBD_PE,D,20240523,000000,0.9,0.9,0.892,0.9,0,0
BBD_PE,D,20240524,000000,0.89,0.9,0.89,0.9,0,0
BBD_PE,D,20240527,000000,0.892,0.946,0.892,0.9,0,0
BBD_PE,D,20240528,000000,0.892,0.9,0.866,0.9,0,0
BBD_PE,D,20240529,000000,0.902,0.957,0.9,0.9,0,0
BBD_PE,D,20240531,000000,0.87,0.9,0.847,0.9,0,0
BBD_PE,D,20240603,000000,0.88,0.88,0.8,0.8,0,0
BBD_PE,D,20240604,000000,0.824,0.916,0.802,0.9,0,0
BBD_PE,D,20240605,000000,0.9,1,0.876,1,0,0
BBD_PE,D,20240606,000000,0.996,1.002,0.96,1,0,0
BBD_PE,D,20240607,000000,1,1,0.955,1,0,0
BBD_PE,D,20240610,000000,0.968,1.007,0.968,1,0,0
BBD_PE,D,20240611,000000,0.986,1,0.97,1,0,0
BBD_PE,D,20240612,000000,0.973,0.973,0.9,0.9,0,0
BBD_PE,D,20240613,000000,0.9,0.917,0.9,0.9,0,0
BBD_PE,D,20240614,000000,0.906,0.906,0.875,0.9,0,0
BBD_PE,D,20240617,000000,0.889,0.911,0.889,0.9,0,0
BBD_PE,D,20240618,000000,0.875,0.9,0.875,0.898,0,0
BBD_PE,D,20240619,000000,0.871,0.9,0.871,0.9,0,0
BBD_PE,D,20240620,000000,0.93,0.93,0.9,0.9,0,0
BBD_PE,D,20240621,000000,0.9,0.9,0.873,0.9,0,0
BBD_PE,D,20240624,000000,0.875,0.9,0.875,0.9,0,0
BBD_PE,D,20240625,000000,0.896,0.919,0.885,0.9,0,0
BBD_PE,D,20240626,000000,0.875,0.9,0.875,0.9,0,0
BBD_PE,D,20240627,000000,0.91,0.91,0.9,0.9,0,0
BBD_PE,D,20240628,000000,0.865,0.9,0.865,0.9,0,0
BBD_PE,D,20240701,000000,0.875,1,0.869,1,0,0
BBD_PE,D,20240702,000000,0.979,0.979,0.9,0.9,0,0
BBD_PE,D,20240703,000000,0.9,0.937,0.9,0.9,0,0
BBD_PE,D,20240704,000000,0.902,0.926,0.9,0.9,0,0
BBD_PE,D,20240705,000000,0.887,0.911,0.887,0.9,0,0
BBD_PE,D,20240708,000000,0.9,0.9,0.898,0.9,0,0
BBD_PE,D,20240709,000000,0.902,0.902,0.881,0.9,0,0
BBD_PE,D,20240710,000000,0.902,0.919,0.894,0.9,0,0
BBD_PE,D,20240711,000000,0.919,0.919,0.9,0.9,0,0
BBD_PE,D,20240712,000000,0.879,0.902,0.879,0.9,0,0
BBD_PE,D,20240715,000000,0.898,0.906,0.877,0.9,0,0
BBD_PE,D,20240716,000000,0.9,0.9,0.875,0.9,0,0
BBD_PE,D,20240717,000000,0.902,0.919,0.9,0.9,0,0
BBD_PE,D,20240718,000000,0.902,0.902,0.885,0.9,0,0
BBD_PE,D,20240719,000000,0.913,0.913,0.9,0.9,0,0
BBD_PE,D,20240722,000000,0.887,0.906,0.887,0.9,0,0
BBD_PE,D,20240723,000000,0.9,0.9,0.888,0.9,0,0
BBD_PE,D,20240724,000000,0.9,0.908,0.9,0.9,0,0
BBD_PE,D,20240725,000000,0.896,0.9,0.875,0.9,0,0
BBD_PE,D,20240726,000000,0.913,0.913,0.9,0.9,0,0
BBD_PE,D,20240729,000000,0.9,0.9,0.881,0.9,0,0
BBD_PE,D,20240730,000000,0.9,0.917,0.9,0.9,0,0
BBD_PE,D,20240731,000000,0.881,0.9,0.881,0.9,0,0
BBD_PE,D,20240801,000000,0.9,0.9,0.9,0.9,0,0
BBD_PE,D,20240802,000000,0.9,0.907,0.893,0.9,0,0
BBD_PE,D,20240805,000000,0.9,0.906,0.857,0.9,0,0
BBD_PE,D,20240806,000000,0.916,0.95,0.9,0.9,0,0
BBD_PE,D,20240807,000000,0.872,0.9,0.872,0.9,0,0
BBD_PE,D,20240808,000000,0.863,0.9,0.863,0.9,0,0
BBD_PE,D,20240809,000000,0.874,0.9,0.874,0.9,0,0
BBD_PE,D,20240812,000000,0.883,0.9,0.883,0.9,0,0
BBD_PE,D,20240813,000000,0.882,0.915,0.882,0.9,0,0
BBD_PE,D,20240814,000000,0.904,0.904,0.9,0.9,0,0
BBD_PE,D,20240816,000000,0.9,0.9,0.87,0.9,0,0
BBD_PE,D,20240819,000000,0.907,0.958,0.9,0.9,0,0
BBD_PE,D,20240820,000000,0.856,0.9,0.856,0.9,0,0
BBD_PE,D,20240821,000000,0.87,0.9,0.87,0.9,0,0
BBD_PE,D,20240822,000000,0.873,0.9,0.873,0.9,0,0
BBD_PE,D,20240823,000000,0.898,0.906,0.879,0.9,0,0
BBD_PE,D,20240826,000000,0.9,0.9,0.862,0.9,0,0
BBD_PE,D,20240827,000000,0.9,0.935,0.9,0.9,0,0
BBD_PE,D,20240828,000000,0.866,0.9,0.864,0.9,0,0
BBD_PE,D,20240829,000000,0.9,0.937,0.9,0.9,0,0
BBD_PE,D,20240830,000000,0.866,0.9,0.866,0.9,0,0
BBD_PE,D,20240902,000000,0.902,0.902,0.877,0.879,0,0
BBD_PE,D,20240903,000000,0.902,0.902,0.885,0.9,0,0
BBD_PE,D,20240904,000000,0.902,0.902,0.873,0.9,0,0
BBD_PE,D,20240905,000000,0.868,0.9,0.868,0.9,0,0
BBD_PE,D,20240906,000000,0.881,0.9,0.881,0.9,0,0
BBD_PE,D,20240909,000000,0.879,0.9,0.87,0.9,0,0
BBD_PE,D,20240910,000000,0.857,0.9,0.853,0.9,0,0
BBD_PE,D,20240911,000000,0.947,0.947,0.9,0.9,0,0
BBD_PE,D,20240912,000000,0.861,0.9,0.861,0.9,0,0
BBD_PE,D,20240913,000000,0.898,0.9,0.861,0.9,0,0
BBD_PE,D,20240917,000000,0.866,0.9,0.866,0.9,0,0
BBD_PE,D,20240918,000000,0.866,0.9,0.866,0.9,0,0
BBD_PE,D,20240919,000000,0.9,0.9,0.9,0.9,0,0
BBD_PE,D,20240920,000000,0.925,0.925,0.9,0.9,0,0
BBD_PE,D,20240923,000000,0.902,0.927,0.9,0.9,0,0
BBD_PE,D,20240924,000000,0.876,0.9,0.874,0.9,0,0
BBD_PE,D,20240925,000000,0.878,0.9,0.878,0.9,0,0
BBD_PE,D,20240926,000000,0.878,0.9,0.878,0.9,0,0
BBD_PE,D,20240927,000000,0.883,1.2,0.878,1.2,0,0
BBD_PE,D,20240930,000000,1.229,1.229,1.168,1.2,0,0
BBD_PE,D,20241001,000000,1.2,1.233,1.197,1.2,0,0
BBD_PE,D,20241002,000000,1.191,1.2,1.133,1.2,0,0
BBD_PE,D,20241003,000000,1.126,1.191,1.1,1.1,0,0
BBD_PE,D,20241004,000000,1.1,1.12,1.094,1.1,0,0
BBD_PE,D,20241007,000000,1.108,1.2,1.077,1.2,0,0
BBD_PE,D,20241008,000000,1.2,1.212,1.155,1.2,0,0
BBD_PE,D,20241009,000000,1.149,1.203,1.149,1.2,0,0
BBD_PE,D,20241010,000000,1.179,1.224,1.179,1.2,0,0
BBD_PE,D,20241011,000000,1.212,1.212,1.167,1.2,0,0
BBD_PE,D,20241014,000000,1.2,1.2,1.1,1.1,0,0
BBD_PE,D,20241015,000000,1.122,1.2,1.122,1.2,0,0
BBD_PE,D,20241016,000000,1.197,1.2,1.173,1.2,0,0
BBD_PE,D,20241017,000000,1.191,1.191,1.1,1.1,0,0
BBD_PE,D,20241018,000000,1.072,1.103,1.072,1.1,0,0
BBD_PE,D,20241021,000000,1.1,1.1,1.072,1.1,0,0
BBD_PE,D,20241022,000000,1.1,1.2,1.1,1.2,0,0
BBD_PE,D,20241023,000000,1.155,1.2,1.155,1.2,0,0
BBD_PE,D,20241024,000000,1.188,1.209,1.173,1.2,0,0
BBD_PE,D,20241025,000000,1.17,1.206,1.155,1.2,0,0
BBD_PE,D,20241028,000000,1.164,1.164,1.1,1.1,0,0
BBD_PE,D,20241029,000000,1.1,1.2,1.1,1.2,0,0
BBD_PE,D,20241030,000000,1.161,1.2,1.161,1.2,0,0
BBD_PE,D,20241031,000000,1.173,1.203,1.173,1.2,0,0
BBD_PE,D,20241104,000000,1.2,1.2,1.1,1.1,0,0
BBD_PE,D,20241105,000000,1.123,1.123,1.097,1.1,0,0
BBD_PE,D,20241106,000000,1.083,1.1,1.064,1.1,0,0
BBD_PE,D,20241107,000000,1.072,1.1,1.072,1.1,0,0
BBD_PE,D,20241108,000000,1.1,1.1,1.08,1.1,0,0
BBD_PE,D,20241112,000000,1.094,1.1,1.086,1.1,0,0
BBD_PE,D,20241113,000000,1.103,1.103,1.091,1.1,0,0
BBD_PE,D,20241114,000000,1.1,1.1,1.083,1.1,0,0
BBD_PE,D,20241115,000000,1.1,1.1,1.085,1.1,0,0
BBD_PE,D,20241118,000000,1.1,1.1,1.076,1.1,0,0
BBD_PE,D,20241119,000000,1.082,1.1,1.076,1.1,0,0
BBD_PE,D,20241120,000000,1.076,1.1,1.076,1.1,0,0
BBD_PE,D,20241121,000000,1.1,1.1,1.076,1.1,0,0
BBD_PE,D,20241122,000000,1.076,1.103,1.076,1.1,0,0
BBD_PE,D,20241125,000000,1.1,1.118,1,1,0,0
BBD_PE,D,20241126,000000,1.025,1.1,1.003,1.1,0,0
BBD_PE,D,20241127,000000,1.097,1.1,1.089,1.1,0,0
BBD_PE,D,20241128,000000,1.106,1.106,1.094,1.1,0,0
BBD_PE,D,20241129,000000,1.103,1.103,1.048,1.1,0,0
BBD_PE,D,20241202,000000,1.106,1.106,1.057,1.1,0,0
BBD_PE,D,20241203,000000,1.1,1.1,1.077,1.1,0,0
BBD_PE,D,20241204,000000,1.1,1.12,1.1,1.1,0,0
BBD_PE,D,20241205,000000,1.109,1.109,1.06,1.1,0,0
BBD_PE,D,20241206,000000,1.1,1.138,1.094,1.1,0,0
BBD_PE,D,20241209,000000,1.1,1.1,1.097,1.1,0,0
BBD_PE,D,20241210,000000,1.112,1.123,1.1,1.1,0,0
BBD_PE,D,20241211,000000,1.1,3,1.066,3,0,0
BBD_PE,D,20241212,000000,2.992,3.016,2.922,3,0,0
BBD_PE,D,20241213,000000,3,3,2.899,2.9,0,0
BBD_PE,D,20241216,000000,2.838,2.9,2.8,2.8,0,0
BBD_PE,D,20241217,000000,2.854,3,2.792,3,0,0
BBD_PE,D,20241218,000000,2.929,2.96,2.9,2.9,0,0
BBD_PE,D,20241219,000000,2.884,2.993,2.845,2.9,0,0
BBD_PE,D,20241220,000000,2.892,3.035,2.892,3,0,0
BBD_PE,D,20241223,000000,2.781,2.9,2.679,2.9,0,0
BBD_PE,D,20241227,000000,2.892,3.011,2.892,3,0,0
BBD_PE,D,20241230,000000,2.929,3,2.9,2.9,0,0
BBD_PE,D,20250102,000000,2.853,2.9,2.853,2.9,0,0
BBD_PE,D,20250103,000000,2.9,3.017,2.9,3,0,0
BBD_PE,D,20250107,000000,2.891,3,2.782,3,0,0
BBD_PE,D,20250108,000000,3,3.268,3,3.2,0,0
BBD_PE,D,20250109,000000,3.385,3.5,3.092,3.5,0,0
BBD_PE,D,20250110,000000,3.5,3.616,3.461,3.6,0,0
BBD_PE,D,20250113,000000,3.485,3.7,3.485,3.7,0,0
BBD_PE,D,20250114,000000,3.629,3.771,3.629,3.7,0,0
BBD_PE,D,20250115,000000,3.661,3.7,3.614,3.7,0,0
BBD_PE,D,20250116,000000,3.708,3.919,3.708,3.9,0,0
BBD_PE,D,20250117,000000,3.9,4.002,3.9,4,0,0
BBD_PE,D,20250120,000000,3.796,3.984,3.796,3.9,0,0
BBD_PE,D,20250121,000000,3.995,4.263,3.963,4.2,0,0
BBD_PE,D,20250122,000000,4.029,4.231,3.998,4.2,0,0
BBD_PE,D,20250123,000000,4.2,4.263,4.121,4.2,0,0
BBD_PE,D,20250124,000000,4.169,4.2,4.029,4.1,0,0
BBD_PE,D,20250127,000000,4.054,4.2,4.054,4.2,0,0
BBD_PE,D,20250128,000000,4.215,4.231,4.2,4.2,0,0
BBD_PE,D,20250129,000000,4.122,4.3,4.107,4.3,0,0
BBD_PE,D,20250130,000000,4.206,4.316,4.143,4.3,0,0
BBD_PE,D,20250131,000000,4.3,4.316,4.222,4.3,0,0
BBD_PE,D,20250203,000000,4.3,4.3,4.2,4.2,0,0
BBD_PE,D,20250204,000000,4.169,4.2,4.123,4.2,0,0
BBD_PE,D,20250205,000000,4.138,4.2,4.107,4.2,0,0
BBD_PE,D,20250206,000000,4.138,4.2,4.138,4.2,0,0
BBD_PE,D,20250207,000000,4.184,4.184,4.1,4.1,0,0
BBD_PE,D,20250210,000000,4.069,4.084,4,4,0,0
BBD_PE,D,20250211,000000,3.954,4.1,3.954,4.1,0,0
BBD_PE,D,20250212,000000,4.1,4.1,4.084,4.1,0,0
BBD_PE,D,20250213,000000,4.038,4.1,4.038,4.1,0,0
BBD_PE,D,20250214,000000,4.084,4.1,4.054,4.1,0,0
BBD_PE,D,20250217,000000,4.084,4.2,4.084,4.2,0,0
BBD_PE,D,20250218,000000,4.216,4.263,4.2,4.2,0,0
BBD_PE,D,20250219,000000,4.2,4.263,4.2,4.2,0,0
BBD_PE,D,20250220,000000,4.2,4.2,4.138,4.2,0,0
BBD_PE,D,20250221,000000,4.2,4.215,4.153,4.2,0,0
BBD_PE,D,20250224,000000,4.169,4.2,4.169,4.2,0,0
BBD_PE,D,20250225,000000,4.153,4.153,4.044,4.1,0,0
BBD_PE,D,20250226,000000,4.147,4.21,4.1,4.1,0,0
BBD_PE,D,20250227,000000,4.1,4.2,4.1,4.2,0,0
BBD_PE,D,20250228,000000,4.137,4.3,4.091,4.3,0,0
BBD_PE,D,20250303,000000,4.284,4.3,4.175,4.2,0,0
BBD_PE,D,20250304,000000,4.123,4.2,4.107,4.2,0,0
BBD_PE,D,20250305,000000,4.184,4.184,4.1,4.1,0,0
BBD_PE,D,20250306,000000,4.178,4.209,4.178,4.2,0,0
BBD_PE,D,20250307,000000,4.153,4.2,4.153,4.2,0,0
BBD_PE,D,20250310,000000,4.169,4.2,4.123,4.2,0,0
BBD_PE,D,20250311,000000,4.2,4.2,4.154,4.2,0,0
BBD_PE,D,20250312,000000,4.215,4.215,4.169,4.2,0,0
BBD_PE,D,20250313,000000,4.216,4.216,4.184,4.2,0,0
BBD_PE,D,20250314,000000,4.2,4.247,4.2,4.2,0,0
BBD_PE,D,20250317,000000,4.2,4.3,4.2,4.3,0,0
BBD_PE,D,20250318,000000,4.207,4.4,4.207,4.4,0,0
BBD_PE,D,20250319,000000,4.4,4.5,4.338,4.5,0,0
BBD_PE,D,20250320,000000,4.5,4.72,4.453,4.7,0,0
BBD_PE,D,20250321,000000,4.481,4.684,4.481,4.6,0,0
BBD_PE,D,20250324,000000,4.522,4.818,4.522,4.8,0,0
BBD_PE,D,20250325,000000,4.629,4.8,4.614,4.8,0,0
BBD_PE,D,20250326,000000,4.8,4.847,4.612,4.8,0,0
BBD_PE,D,20250327,000000,4.645,4.753,4.583,4.6,0,0
BBD_PE,D,20250328,000000,4.709,4.709,4.6,4.7,0,0
BBD_PE,D,20250331,000000,4.559,4.637,4.401,4.5,0,0
BBD_PE,D,20250401,000000,4.19,4.6,4.19,4.6,0,0
BBD_PE,D,20250402,000000,4.6,4.6,4.483,4.6,0,0
BBD_PE,D,20250403,000000,4.405,4.6,4.405,4.6,0,0
BBD_PE,D,20250404,000000,4.405,4.5,4.21,4.5,0,0
BBD_PE,D,20250407,000000,4.226,4.5,4.226,4.5,0,0
BBD_PE,D,20250408,000000,4.422,4.5,4.422,4.5,0,0
BBD_PE,D,20250409,000000,4.384,4.4,4.267,4.4,0,0
BBD_PE,D,20250410,000000,4.439,4.439,4.361,4.439,0,0
BBD_PE,D,20250411,000000,4.439,4.439,4.4,4.4,0,0
BBD_PE,D,20250414,000000,4.361,4.479,4.322,4.4,0,0
BBD_PE,D,20250415,000000,4.361,4.4,4.282,4.4,0,0
BBD_PE,D,20250416,000000,4.282,4.361,4.086,4.3,0,0
BBD_PE,D,20250417,000000,4.3,4.3,4.145,4.3,0,0
BBD_PE,D,20250422,000000,4.3,4.3,4.184,4.3,0,0
BBD_PE,D,20250423,000000,4.261,4.377,4.2,4.2,0,0
BBD_PE,D,20250424,000000,4.2,4.2,4.2,4.2,0,0
BBD_PE,D,20250425,000000,4.316,4.4,4.162,4.4,0,0
BBD_PE,D,20250428,000000,4.164,4.322,4.164,4.3,0,0
BBD_PE,D,20250429,000000,4.183,4.339,4.183,4.2,0,0
BBD_PE,D,20250430,000000,4.2,4.279,4.2,4.2,0,0
BBD_PE,D,20250502,000000,4.277,4.316,4.084,4.3,0,0
BBD_PE,D,20250505,000000,4.261,4.3,4.065,4.3,0,0
BBD_PE,D,20250605,000000,21.3,21.3,21.3,21.3,0,0
BBD_PE,D,20250606,000000,22.122,22.532,21.3,21.3,0,0
BBD_PE,D,20250609,000000,21.301,21.5,21.108,21.5,0,0
BBD_PE,D,20250610,000000,21.503,21.503,20.922,21.3,0,0
BBD_PE,D,20250611,000000,21.495,21.5,20.914,21.5,0,0
BBD_PE,D,20250612,000000,20.922,20.922,20.341,20.7,0,0
BBD_PE,D,20250613,000000,21.083,21.5,20.696,21.5,0,0
BBD_PE,D,20250616,000000,21.31,21.697,21.116,21.5,0,0
BBD_PE,D,20250617,000000,21.503,21.503,21.116,21.5,0,0
BBD_PE,D,20250618,000000,21.116,21.116,20.9,20.9,0,0
BBD_PE,D,20250620,000000,20.317,21.1,20.317,21.1,0,0
BBD_PE,D,20250623,000000,20.712,20.906,20.325,20.9,0,0
BBD_PE,D,20250624,000000,21.091,21.091,20.317,20.5,0,0
BBD_PE,D,20250625,000000,21.083,21.083,20.3,20.3,0,0
BBD_PE,D,20250626,000000,20.108,20.108,20.1,20.1,0,0
BBD_PE,D,20250627,000000,19.714,20.5,19.714,20.5,0,0
BBD_PE,D,20250630,000000,19.923,19.923,19.9,19.9,0,0
BBD_PE,D,20250701,000000,20.093,20.479,19.9,19.9,0,0
BBD_PE,D,20250702,000000,20.093,21.1,20.093,21.1,0,0
BBD_PE,D,20250703,000000,20.325,21.1,20.325,21.1,0,0
BBD_PE,D,20250704,000000,21.099,21.099,20.9,20.9,0,0
BBD_PE,D,20250707,000000,20.898,21.1,20.898,21.1,0,0
BBD_PE,D,20250708,000000,21.099,21.293,20.3,20.3,0,0
BBD_PE,D,20250709,000000,20.108,20.5,19.722,20.5,0,0
BBD_PE,D,20250710,000000,20.503,20.503,20.5,20.5,0,0
BBD_PE,D,20250711,000000,19.729,20.116,19.729,20.1,0,0
BBD_PE,D,20250714,000000,21.088,21.088,20.5,20.5,0,0
BBD_PE,D,20250715,000000,20.89,20.89,20.5,20.5,0,0
BBD_PE,D,20250716,000000,20.696,20.696,20.309,20.5,0,0
BBD_PE,D,20250717,000000,20.309,21.47,20.309,21.3,0,0
BBD_PE,D,20250718,000000,21.301,21.5,21.301,21.5,0,0
BBD_PE,D,20250721,000000,21.116,21.116,20.535,21.1,0,0
BBD_PE,D,20250722,000000,20.906,21.3,20.906,21.3,0,0
BBD_PE,D,20250723,000000,21.301,21.301,21.1,21.1,0,0
BBD_PE,D,20250724,000000,21.099,21.1,21.099,21.1,0,0
BBD_PE,D,20250725,000000,21.293,21.5,20.712,21.5,0,0
BBD_PE,D,20250728,000000,21.503,21.503,20.7,20.7,0,0
BBD_PE,D,20250729,000000,20.696,21.3,20.696,21.3,0,0
BBD_PE,D,20250730,000000,20.72,21.301,20.72,21.3,0,0
BBD_PE,D,20250731,000000,21.301,21.301,20.7,20.7,0,0
BBD_PE,D,20250801,000000,20.696,20.696,20.5,20.5,0,0
BBD_PE,D,20250804,000000,20.116,20.9,20.116,20.9,0,0
BBD_PE,D,20250805,000000,20.124,20.317,20.1,20.1,0,0
BBD_PE,D,20250806,000000,20.101,21.1,20.101,21.1,0,0
BBD_PE,D,20250807,000000,21.099,21.1,20.519,21.1,0,0
BBD_PE,D,20250808,000000,20.712,21.1,20.519,21.1,0,0
BBD_PE,D,20250811,000000,21.099,21.099,20.7,20.7,0,0
BBD_PE,D,20250812,000000,20.696,20.9,20.696,20.9,0,0
BBD_PE,D,20250813,000000,20.704,21.091,20.5,20.5,0,0
BBD_PE,D,20250814,000000,20.309,20.9,20.309,20.9,0,0
BBD_PE,D,20250818,000000,20.704,20.704,20.511,20.7,0,0
BBD_PE,D,20250819,000000,20.503,20.9,20.503,20.9,0,0
BBD_PE,D,20250820,000000,20.898,20.898,20.3,20.3,0,0
BBD_PE,D,20250821,000000,20.302,20.7,20.302,20.7,0,0
BBD_PE,D,20250822,000000,20.89,20.9,20.503,20.9,0,0
BBD_PE,D,20250825,000000,20.898,20.898,20.3,20.3,0,0
BBD_PE,D,20250826,000000,20.302,20.5,20.302,20.5,0,0
BBD_PE,D,20250827,000000,20.503,20.503,20.5,20.5,0,0
BBD_PE,D,20250828,000000,20.309,20.503,20.1,20.1,0,0
BBD_PE,D,20250829,000000,20.294,20.294,20.1,20.1,0,0
BBD_PE,D,20250901,000000,20.101,20.101,20.1,20.1,0,0
BBD_PE,D,20250902,000000,20.101,20.3,20.101,20.3,0,0
BBD_PE,D,20250903,000000,20.108,20.7,20.108,20.7,0,0
BBD_PE,D,20250904,000000,20.696,20.696,20.1,20.1,0,0
BBD_PE,D,20250905,000000,20.487,20.487,20.1,20.1,0,0
BBD_PE,D,20250908,000000,20.101,20.7,20.101,20.7,0,0
BBD_PE,D,20250909,000000,20.309,20.309,20.1,20.1,0,0
BBD_PE,D,20250910,000000,20.101,20.101,20.1,20.1,0,0
BBD_PE,D,20250911,000000,20.294,20.294,20.1,20.1,0,0
BBD_PE,D,20250915,000000,20.101,20.101,20.1,20.1,0,0
BBD_PE,D,20250917,000000,20.294,20.294,19.9,19.9,0,0
BBD_PE,D,20250918,000000,20.093,20.7,19.9,20.7,0,0
BBD_PE,D,20250919,000000,20.116,20.116,19.923,20.1,0,0
BBD_PE,D,20250922,000000,19.907,20.5,19.907,20.5,0,0
BBD_PE,D,20250923,000000,20.309,20.503,19.923,20.5,0,0
BBD_PE,D,20250924,000000,20.116,20.116,19.9,19.9,0,0
BBD_PE,D,20250925,000000,19.9,20.3,19.9,20.3,0,0
BBD_PE,D,20250926,000000,20.108,20.302,19.915,20.3,0,0
BBD_PE,D,20250929,000000,19.915,20.302,19.915,20.1,0,0
BBD_PE,D,20250930,000000,20.101,20.101,19.714,20.1,0,0
BBD_PE,D,20251001,000000,19.714,19.907,19.714,19.9,0,0
BBD_PE,D,20251002,000000,19.706,53.6,17.774,53.6,0,0
BBD_PE,D,20251003,000000,53.376,53.6,51.018,53.6,0,0
BBD_PE,D,20251006,000000,51.661,51.661,51.447,51.5,0,0
BBD_PE,D,20251007,000000,53.433,54.2,51.931,54.2,0,0
BBD_PE,D,20251008,000000,52.79,55.258,52.79,55.2,0,0
BBD_PE,D,20251009,000000,53.591,55.2,53.591,55.2,0,0
BBD_PE,D,20251010,000000,54.126,55.198,54.126,54.2,0,0
BBD_PE,D,20251013,000000,54.721,54.721,53.648,54.2,0,0
BBD_PE,D,20251014,000000,53.004,55.258,53.004,53.2,0,0
BBD_PE,D,20251015,000000,53.219,53.648,53.219,53.6,0,0
BBD_PE,D,20251016,000000,54.662,54.662,52.733,53.6,0,0
BBD_PE,D,20251017,000000,53.591,54.7,53.591,54.7,0,0
BBD_PE,D,20251020,000000,54.185,55.258,53.648,55.2,0,0
BBD_PE,D,20251021,000000,55.198,55.2,54.126,55.2,0,0
BBD_PE,D,20251022,000000,54.126,54.7,54.126,54.7,0,0
BBD_PE,D,20251023,000000,53.648,55.258,53.648,55.2,0,0
BBD_PE,D,20251024,000000,54.126,55.2,53.591,55.2,0,0
BBD_PE,D,20251027,000000,54.126,54.7,53.591,54.7,0,0
BBD_PE,D,20251028,000000,53.648,53.648,52.3,52.3,0,0
BBD_PE,D,20251029,000000,53.591,55.8,53.591,55.8,0,0
BBD_PE,D,20251030,000000,55.794,55.794,52.575,54.7,0,0
BBD_PE,D,20251031,000000,53.004,54.721,52.79,54.721,0,0
BBD_PE,D,20251103,000000,53.433,54.2,53.004,54.2,0,0
BBD_PE,D,20251104,000000,53.219,53.219,53,53,0,0
BBD_PE,D,20251105,000000,53.648,54.721,53.2,53.2,0,0
BBD_PE,D,20251106,000000,53.433,58.476,53.219,57.9,0,0
BBD_PE,D,20251107,000000,57.878,60.1,57.878,60.1,0,0
BBD_PE,D,20251110,000000,61.159,62.232,57.94,61.7,0,0
BBD_PE,D,20251112,000000,60.086,61.695,59.549,61.1,0,0
BBD_PE,D,20251113,000000,61.093,61.629,60.557,60.6,0,0
BBD_PE,D,20251114,000000,60.622,60.622,57.403,59.5,0,0
BBD_PE,D,20251118,000000,58.95,59.486,57.342,57.4,0,0
BBD_PE,D,20251119,000000,57.403,59.013,57.403,59,0,0
BBD_PE,D,20251120,000000,57.403,59.013,57.403,59,0,0
BBD_PE,D,20251121,000000,56.867,59.013,55.794,59,0,0
BBD_PE,D,20251124,000000,56.867,57.94,56.867,57.9,0,0
BBD_PE,D,20251125,000000,57.878,58.414,56.806,57.9,0,0
BBD_PE,D,20251126,000000,57.878,57.9,56.27,57.9,0,0
BBD_PE,D,20251127,000000,57.878,57.878,56.8,56.8,0,0
BBD_PE,D,20251128,000000,57.342,57.4,56.806,57.4,0,0
BBD_PE,D,20251201,000000,57.403,57.403,55.794,56.8,0,0
BBD_PE,D,20251202,000000,55.734,56.8,55.734,56.8,0,0
BBD_PE,D,20251203,000000,56.27,56.806,55.734,56.8,0,0
BBD_PE,D,20251204,000000,55.734,55.734,52.733,54.2,0,0
BBD_PE,D,20251205,000000,54.185,57.403,53.648,56.8,0,0
BBD_PE,D,20251208,000000,55.198,55.2,54.662,55.2,0,0
BBD_PE,D,20251209,000000,54.662,55.198,39.3,39.3,0,0
BBD_PE,D,20251210,000000,38.911,39.3,38.2,38.2,0,0
BBD_PE,D,20251211,000000,38.504,39.361,38.504,39.3,0,0
BBD_PE,D,20251212,000000,38.755,38.911,38.755,38.9,0,0
BBD_PE,D,20251215,000000,38.911,39.7,38.599,39.7,0,0
BBD_PE,D,20251216,000000,39.689,40.5,38.755,40.5,0,0
BBD_PE,D,20251217,000000,39.72,41.277,39.7,39.7,0,0
BBD_PE,D,20251218,000000,39.689,41.3,39.689,41.3,0,0
BBD_PE,D,20251219,000000,41.309,41.7,40.53,41.7,0,0
BBD_PE,D,20251222,000000,41.699,42.479,38.971,42.1,0,0
BBD_PE,D,20251223,000000,41.309,42.089,40.53,42.089,0,0
BBD_PE,D,20251229,000000,40.53,40.53,40.14,40.5,0,0
BBD_PE,D,20251230,000000,39.72,42.056,39.72,41.7,0,0
BBD_PE,D,20260102,000000,41.309,41.7,40.53,41.7,0,0
BBD_PE,D,20260105,000000,42.089,42.479,40.53,42.1,0,0
BBD_PE,D,20260107,000000,42.089,42.089,41.699,41.7,0,0
BBD_PE,D,20260108,000000,42.089,42.1,40.92,42.1,0,0
BBD_PE,D,20260109,000000,42.089,42.1,40.92,42.1,0,0
BBD_PE,D,20260112,000000,42.089,42.1,40.92,42.1,0,0
BBD_PE,D,20260113,000000,41.309,42.1,41.309,42.1,0,0
BBD_PE,D,20260114,000000,42.089,42.1,41.309,42.1,0,0
BBD_PE,D,20260115,000000,42.089,42.479,41.309,42.1,0,0
BBD_PE,D,20260116,000000,42.089,42.089,40.9,40.9,0,0
BBD_PE,D,20260119,000000,41.277,42.056,40.888,40.9,0,0
BBD_PE,D,20260120,000000,40.109,41.3,40.109,41.3,0,0
BBD_PE,D,20260121,000000,41.309,41.309,40.92,41.3,0,0
BBD_PE,D,20260122,000000,40.92,41.309,40.53,41.3,0,0
BBD_PE,D,20260123,000000,41.309,41.309,41.3,41.3,0,0
