<TICKER>,<PER>,<DATE>,<TIME>,<OPEN>,<HIGH>,<LOW>,<CLOSE>,<VOL>,<OPENINT>
BBT_PB,D,20190611,000000,6.12709,6.12709,6.12709,6.12709,0,0
BBT_PB,D,20190612,000000,6.10203,6.25251,5.60045,5.65066,0,0
BBT_PB,D,20190613,000000,5.65066,6.09364,5.58377,5.58377,0,0
BBT_PB,D,20190614,000000,5.75093,5.90141,5.54202,5.85128,0,0
BBT_PB,D,20190617,000000,5.93486,5.93486,5.61722,5.80945,0,0
BBT_PB,D,20190618,000000,5.90141,5.90141,5.61722,5.65066,0,0
BBT_PB,D,20190619,000000,5.65066,5.65066,5.19922,5.23268,0,0
BBT_PB,D,20190621,000000,5.25774,5.60045,5.25774,5.45835,0,0
BBT_PB,D,20190624,000000,5.45835,5.45835,5.17416,5.31626,0,0
BBT_PB,D,20190625,000000,5.31626,5.63389,4.88997,5.51686,0,0
BBT_PB,D,20190626,000000,5.42499,5.59214,5.26612,5.53363,0,0
BBT_PB,D,20190627,000000,5.63389,5.74263,5.47512,5.53363,0,0
BBT_PB,D,20190628,000000,5.61722,5.73425,5.42499,5.67573,0,0
BBT_PB,D,20190701,000000,5.90141,5.96831,5.67573,5.93486,0,0
BBT_PB,D,20190702,000000,5.9181,6.57853,5.9181,6.47819,0,0
BBT_PB,D,20190703,000000,6.47819,6.47819,6.20237,6.38622,0,0
BBT_PB,D,20190704,000000,6.3946,6.3946,5.97661,6.09364,0,0
BBT_PB,D,20190705,000000,6.03513,6.09364,5.81782,5.9181,0,0
BBT_PB,D,20190708,000000,6.05189,6.09364,5.84289,5.96831,0,0
BBT_PB,D,20190709,000000,6.03513,6.16893,5.96831,6.09364,0,0
BBT_PB,D,20190710,000000,6.18561,6.21906,6.03513,6.11872,0,0
BBT_PB,D,20190711,000000,6.194,6.194,5.99337,6.17722,0,0
BBT_PB,D,20190712,000000,6.16893,6.16893,6.09364,6.09364,0,0
BBT_PB,D,20190715,000000,6.17722,6.49486,6.16055,6.26919,0,0
BBT_PB,D,20190716,000000,6.35277,6.57853,6.25251,6.31941,0,0
BBT_PB,D,20190717,000000,6.47819,6.51164,6.38622,6.41967,0,0
BBT_PB,D,20190718,000000,6.54508,6.54508,6.31941,6.46151,0,0
BBT_PB,D,20190719,000000,6.41967,6.54508,6.33608,6.50325,0,0
BBT_PB,D,20190722,000000,6.50325,6.52832,6.28596,6.41967,0,0
BBT_PB,D,20190723,000000,6.48657,6.48657,6.25251,6.35277,0,0
BBT_PB,D,20190724,000000,6.35277,6.35277,6.25251,6.25251,0,0
BBT_PB,D,20190725,000000,6.31941,6.31941,5.96831,5.985,0,0
BBT_PB,D,20190726,000000,5.985,6.00175,5.88473,5.985,0,0
BBT_PB,D,20190729,000000,5.985,6.01845,5.86797,5.95155,0,0
BBT_PB,D,20190730,000000,5.985,6.09364,5.86797,5.93486,0,0
BBT_PB,D,20190731,000000,6.07697,6.07697,5.74263,5.93486,0,0
BBT_PB,D,20190801,000000,5.96831,5.96831,5.90141,5.93486,0,0
BBT_PB,D,20190802,000000,5.96831,5.96831,5.80945,5.93486,0,0
BBT_PB,D,20190805,000000,5.93486,5.93486,5.61722,5.70919,0,0
BBT_PB,D,20190806,000000,5.6256,6.63697,5.6256,5.92648,0,0
BBT_PB,D,20190807,000000,6.03513,6.56176,6.03513,6.40299,0,0
BBT_PB,D,20190808,000000,6.54508,7.15521,6.54508,7.02989,0,0
BBT_PB,D,20190809,000000,7.13015,7.19704,6.89608,7.0215,0,0
BBT_PB,D,20190812,000000,6.99644,7.0215,6.6119,6.89608,0,0
BBT_PB,D,20190813,000000,6.73731,6.86272,6.57853,6.73731,0,0
BBT_PB,D,20190814,000000,6.8209,6.8209,6.41967,6.64534,0,0
BBT_PB,D,20190816,000000,6.48657,6.79583,6.48657,6.79583,0,0
BBT_PB,D,20190819,000000,6.80421,7.12186,6.80421,7.02989,0,0
BBT_PB,D,20190820,000000,7.02989,7.05495,6.92124,7.05495,0,0
BBT_PB,D,20190821,000000,7.02989,7.04657,6.80421,6.92953,0,0
BBT_PB,D,20190822,000000,6.80421,6.87941,6.57853,6.77915,0,0
BBT_PB,D,20190823,000000,6.77915,6.9463,6.77915,6.84596,0,0
BBT_PB,D,20190826,000000,6.83766,7.59827,6.83766,7.57321,0,0
BBT_PB,D,20190827,000000,7.48963,7.69862,7.38097,7.5063,0,0
BBT_PB,D,20190828,000000,7.60665,7.60665,7.2974,7.31408,0,0
BBT_PB,D,20190829,000000,7.3726,7.57321,7.31408,7.47286,0,0
BBT_PB,D,20190830,000000,7.53975,7.60665,7.38097,7.53137,0,0
BBT_PB,D,20190902,000000,7.53137,7.53975,7.38927,7.38927,0,0
BBT_PB,D,20190903,000000,7.43949,7.43949,7.05495,7.33076,0,0
BBT_PB,D,20190904,000000,7.3726,7.5063,7.2974,7.43111,0,0
BBT_PB,D,20190905,000000,7.53975,7.53975,7.23889,7.23889,0,0
BBT_PB,D,20190906,000000,7.32247,7.3726,7.17198,7.20544,0,0
BBT_PB,D,20190909,000000,7.22211,7.31408,6.92953,6.9463,0,0
BBT_PB,D,20190910,000000,6.92953,7.05495,6.6119,6.85434,0,0
BBT_PB,D,20190911,000000,6.73731,7.02989,6.66212,6.99644,0,0
BBT_PB,D,20190912,000000,6.99644,7.05495,6.80421,6.99644,0,0
BBT_PB,D,20190913,000000,7.02989,7.22211,7.02989,7.15521,0,0
BBT_PB,D,20190916,000000,7.23889,7.23889,6.92953,7.05495,0,0
BBT_PB,D,20190917,000000,7.05495,7.15521,6.76238,6.92953,0,0
BBT_PB,D,20190918,000000,6.89608,6.89608,6.35277,6.5367,0,0
BBT_PB,D,20190919,000000,6.51164,6.67042,6.36954,6.64534,0,0
BBT_PB,D,20190920,000000,6.67042,6.70386,6.47819,6.51164,0,0
BBT_PB,D,20190923,000000,6.5367,6.65373,6.46151,6.48657,0,0
BBT_PB,D,20190924,000000,6.41967,6.54508,6.14385,6.18561,0,0
BBT_PB,D,20190925,000000,6.13548,6.63697,6.12709,6.63697,0,0
BBT_PB,D,20190926,000000,6.73731,7.02989,6.73731,6.86272,0,0
BBT_PB,D,20190927,000000,6.25251,6.40299,3.42717,3.42717,0,0
BBT_PB,D,20190930,000000,3.35197,3.35197,2.71669,2.76682,0,0
BBT_PB,D,20191001,000000,2.71669,2.79188,2.49931,2.74176,0,0
BBT_PB,D,20191002,000000,2.73336,2.81695,2.54943,2.62473,0,0
BBT_PB,D,20191003,000000,2.68324,2.71669,2.52437,2.66648,0,0
BBT_PB,D,20191004,000000,2.7083,2.94236,2.66648,2.7752,0,0
BBT_PB,D,20191007,000000,2.74176,2.7752,2.64979,2.64979,0,0
BBT_PB,D,20191008,000000,2.71669,2.71669,2.59966,2.67485,0,0
BBT_PB,D,20191009,000000,2.66648,2.68324,2.46586,2.46586,0,0
BBT_PB,D,20191010,000000,2.35722,2.36559,1.91424,1.91424,0,0
BBT_PB,D,20191011,000000,1.85573,2.14821,1.85573,1.97267,0,0
BBT_PB,D,20191014,000000,1.99782,1.99782,1.93931,1.98944,0,0
BBT_PB,D,20191015,000000,1.98944,1.98944,1.91424,1.98944,0,0
BBT_PB,D,20191016,000000,1.94761,1.98944,1.93092,1.93092,0,0
BBT_PB,D,20191017,000000,1.93092,1.98944,1.93092,1.94761,0,0
BBT_PB,D,20191018,000000,1.94761,1.94761,1.83895,1.90586,0,0
BBT_PB,D,20191021,000000,1.86403,1.97267,1.86403,1.95599,0,0
BBT_PB,D,20191022,000000,1.95599,2.04795,1.94761,1.97267,0,0
BBT_PB,D,20191023,000000,1.99782,2.03957,1.95599,1.98944,0,0
BBT_PB,D,20191024,000000,1.98944,2.01451,1.93092,1.93092,0,0
BBT_PB,D,20191025,000000,1.91424,1.96438,1.91424,1.91424,0,0
BBT_PB,D,20191028,000000,1.91424,1.96438,1.72193,1.84734,0,0
BBT_PB,D,20191029,000000,1.78883,1.78883,1.61329,1.66341,0,0
BBT_PB,D,20191030,000000,1.62996,1.64673,1.55477,1.55477,0,0
BBT_PB,D,20191031,000000,1.50463,1.55477,1.41267,1.52132,0,0
BBT_PB,D,20191104,000000,1.5297,1.64673,1.5297,1.57144,0,0
BBT_PB,D,20191105,000000,1.63835,1.63835,1.47119,1.57984,0,0
BBT_PB,D,20191106,000000,1.57984,1.5966,1.51293,1.51293,0,0
BBT_PB,D,20191107,000000,1.49625,1.53809,1.46281,1.51293,0,0
BBT_PB,D,20191108,000000,1.49625,1.5297,1.49625,1.5297,0,0
BBT_PB,D,20191112,000000,1.5297,1.5297,1.46281,1.50463,0,0
BBT_PB,D,20191113,000000,1.49625,1.50463,1.45442,1.45442,0,0
BBT_PB,D,20191114,000000,1.47119,1.47119,1.42105,1.47119,0,0
BBT_PB,D,20191115,000000,1.50463,1.50463,1.43773,1.48787,0,0
BBT_PB,D,20191118,000000,1.50463,1.52132,1.47957,1.51293,0,0
BBT_PB,D,20191119,000000,1.51293,1.51293,1.48787,1.50463,0,0
BBT_PB,D,20191120,000000,1.50463,1.50463,1.47119,1.49625,0,0
BBT_PB,D,20191121,000000,1.46281,1.5297,1.46281,1.52132,0,0
BBT_PB,D,20191122,000000,1.52132,1.52132,1.44612,1.47119,0,0
BBT_PB,D,20191125,000000,1.46281,1.5966,1.46281,1.53809,0,0
BBT_PB,D,20191126,000000,1.48787,1.54638,1.48787,1.54638,0,0
BBT_PB,D,20191127,000000,1.50463,1.50463,1.47119,1.50463,0,0
BBT_PB,D,20191128,000000,1.42935,1.50463,1.17861,1.22044,0,0
BBT_PB,D,20191129,000000,1.25381,1.25381,1.22874,1.22874,0,0
BBT_PB,D,20191202,000000,1.22874,1.22874,1.17861,1.21205,0,0
BBT_PB,D,20191203,000000,1.19529,1.19529,1.13686,1.13686,0,0
BBT_PB,D,20191204,000000,1.12847,1.12847,1.0365,1.10341,0,0
BBT_PB,D,20191205,000000,1.15354,1.44612,1.15354,1.44612,0,0
BBT_PB,D,20191206,000000,1.40429,1.54638,1.3207,1.37084,0,0
BBT_PB,D,20191209,000000,1.37084,1.42935,1.34576,1.36253,0,0
BBT_PB,D,20191210,000000,1.36253,1.37084,1.28726,1.33746,0,0
BBT_PB,D,20191211,000000,1.34576,1.36253,1.26219,1.30402,0,0
BBT_PB,D,20191212,000000,1.28726,1.32909,1.23713,1.29564,0,0
BBT_PB,D,20191213,000000,1.29564,1.31233,1.21205,1.2455,0,0
BBT_PB,D,20191216,000000,1.27057,1.27057,1.17861,1.21205,0,0
BBT_PB,D,20191217,000000,1.21205,1.23713,1.14517,1.17023,0,0
BBT_PB,D,20191218,000000,1.13686,1.20367,1.11171,1.14517,0,0
BBT_PB,D,20191219,000000,1.15354,1.25381,1.15354,1.19529,0,0
BBT_PB,D,20191220,000000,1.20367,1.20367,1.15354,1.17023,0,0
BBT_PB,D,20191223,000000,1.17023,1.18698,1.11171,1.17861,0,0
BBT_PB,D,20191227,000000,1.18698,1.25381,1.13686,1.23713,0,0
BBT_PB,D,20191230,000000,1.22874,1.30402,1.21205,1.25381,0,0
BBT_PB,D,20200102,000000,1.31233,1.35416,1.27057,1.32909,0,0
BBT_PB,D,20200103,000000,1.34576,1.47957,1.34576,1.44612,0,0
BBT_PB,D,20200107,000000,1.44612,1.5297,1.44612,1.52132,0,0
BBT_PB,D,20200108,000000,1.63835,2.01451,1.63835,2.01451,0,0
BBT_PB,D,20200109,000000,2.2235,2.62473,2.2235,2.47424,0,0
BBT_PB,D,20200110,000000,2.54114,2.54114,2.13154,2.34053,0,0
BBT_PB,D,20200113,000000,2.34053,2.34053,2.0897,2.11485,0,0
BBT_PB,D,20200114,000000,2.13154,2.16498,2.03119,2.16498,0,0
BBT_PB,D,20200115,000000,2.17337,2.17337,2.04795,2.05634,0,0
BBT_PB,D,20200116,000000,2.05634,2.10648,2.03119,2.09808,0,0
BBT_PB,D,20200117,000000,2.09808,2.09808,1.95599,1.98105,0,0
BBT_PB,D,20200120,000000,1.98105,2.03119,1.93092,1.99782,0,0
BBT_PB,D,20200121,000000,2.03119,2.03119,1.95599,1.98944,0,0
BBT_PB,D,20200122,000000,2.03119,2.39905,2.03119,2.38228,0,0
BBT_PB,D,20200123,000000,2.34053,2.40734,2.16498,2.19005,0,0
BBT_PB,D,20200124,000000,2.24856,2.28202,2.16498,2.19005,0,0
BBT_PB,D,20200127,000000,2.2235,2.2235,2.04795,2.11485,0,0
BBT_PB,D,20200128,000000,2.10648,2.17337,2.0814,2.16498,0,0
BBT_PB,D,20200129,000000,2.16498,2.19843,2.14821,2.17337,0,0
BBT_PB,D,20200130,000000,2.18166,2.33215,2.0897,2.0897,0,0
BBT_PB,D,20200131,000000,2.0897,2.14821,2.0897,2.10648,0,0
BBT_PB,D,20200203,000000,2.16498,2.34053,2.14821,2.26525,0,0
BBT_PB,D,20200204,000000,3.01756,3.20987,2.71669,3.20149,0,0
BBT_PB,D,20200205,000000,3.14297,3.78656,3.14297,3.15966,0,0
BBT_PB,D,20200206,000000,3.12621,3.32683,3.10952,3.25162,0,0
BBT_PB,D,20200207,000000,3.3352,3.35197,3.20987,3.27668,0,0
BBT_PB,D,20200210,000000,3.27668,3.37704,3.27668,3.29345,0,0
BBT_PB,D,20200211,000000,3.3352,3.3352,3.14297,3.23494,0,0
BBT_PB,D,20200212,000000,3.31014,3.39372,3.21818,3.29345,0,0
BBT_PB,D,20200213,000000,3.31852,3.34358,3.21818,3.27668,0,0
BBT_PB,D,20200214,000000,3.27668,3.31852,3.22655,3.31852,0,0
BBT_PB,D,20200217,000000,3.36027,3.36027,3.23494,3.31014,0,0
BBT_PB,D,20200218,000000,3.31014,3.3352,3.28507,3.31852,0,0
BBT_PB,D,20200219,000000,3.31852,3.31852,3.1931,3.21818,0,0
BBT_PB,D,20200220,000000,3.26831,3.30176,3.24324,3.25162,0,0
BBT_PB,D,20200221,000000,3.30176,3.30176,3.20149,3.29345,0,0
BBT_PB,D,20200224,000000,3.30176,3.30176,3.0594,3.26001,0,0
BBT_PB,D,20200225,000000,3.21818,3.26001,2.95075,3.02594,0,0
BBT_PB,D,20200226,000000,2.97581,3.12621,2.73336,3.10114,0,0
BBT_PB,D,20200227,000000,3.10114,3.10114,2.88384,2.92559,0,0
BBT_PB,D,20200228,000000,2.69162,2.86707,2.58289,2.80856,0,0
BBT_PB,D,20200302,000000,2.86707,3.3352,2.86707,3.31852,0,0
BBT_PB,D,20200303,000000,3.41879,3.41879,3.31852,3.36027,0,0
BBT_PB,D,20200304,000000,3.37704,3.60271,3.21818,3.51075,0,0
BBT_PB,D,20200305,000000,4.04569,4.04569,3.43554,3.45223,0,0
BBT_PB,D,20200306,000000,3.29345,3.45223,3.12621,3.35197,0,0
BBT_PB,D,20200309,000000,2.89223,3.08446,2.67485,2.87547,0,0
BBT_PB,D,20200310,000000,3.02594,3.18472,2.83372,2.83372,0,0
BBT_PB,D,20200311,000000,2.98411,2.98411,2.48262,2.51608,0,0
BBT_PB,D,20200312,000000,2.34053,2.34053,1.93092,1.93931,0,0
BBT_PB,D,20200313,000000,2.13991,2.34053,1.93092,2.05634,0,0
BBT_PB,D,20200316,000000,1.95599,2.57459,1.95599,2.57459,0,0
BBT_PB,D,20200317,000000,2.7752,3.12621,2.7752,3.10952,0,0
BBT_PB,D,20200318,000000,3.12621,3.21818,2.86707,3.02594,0,0
BBT_PB,D,20200319,000000,2.92559,3.20149,2.92559,3.11791,0,0
BBT_PB,D,20200320,000000,3.12621,3.36027,3.11791,3.20987,0,0
BBT_PB,D,20200323,000000,3.21818,3.42717,3.18472,3.27668,0,0
BBT_PB,D,20200324,000000,3.43554,3.74481,3.41048,3.71138,0,0
BBT_PB,D,20200325,000000,3.88691,3.99555,3.49406,3.5442,0,0
BBT_PB,D,20200326,000000,3.53582,3.64447,3.36865,3.49406,0,0
BBT_PB,D,20200327,000000,3.51075,3.79495,3.44385,3.74481,0,0
BBT_PB,D,20200330,000000,3.74481,3.94543,3.67792,3.94543,0,0
BBT_PB,D,20200331,000000,4.02063,4.07914,3.90359,3.94543,0,0
BBT_PB,D,20200401,000000,3.87023,4.22123,3.87023,4.22123,0,0
BBT_PB,D,20200402,000000,4.238,4.78133,4.238,4.78133,0,0
BBT_PB,D,20200403,000000,4.33826,4.39678,3.90359,4.06246,0,0
BBT_PB,D,20200406,000000,4.10421,4.19617,3.8284,3.96212,0,0
BBT_PB,D,20200407,000000,3.97049,4.12098,3.82001,3.82001,0,0
BBT_PB,D,20200408,000000,3.8284,3.93705,3.61941,3.76988,0,0
BBT_PB,D,20200409,000000,3.87023,3.87023,3.73644,3.73644,0,0
BBT_PB,D,20200414,000000,3.8284,3.8284,3.51075,3.74481,0,0
BBT_PB,D,20200415,000000,3.76988,3.76988,3.59433,3.6111,0,0
BBT_PB,D,20200416,000000,3.62779,3.8953,3.62779,3.81171,0,0
BBT_PB,D,20200417,000000,3.91197,4.07914,3.82001,3.8284,0,0
BBT_PB,D,20200420,000000,3.84508,4.06246,3.84508,3.94543,0,0
BBT_PB,D,20200421,000000,4.05407,4.05407,3.51075,3.62779,0,0
BBT_PB,D,20200422,000000,3.6111,3.70298,3.59433,3.59433,0,0
BBT_PB,D,20200423,000000,3.63616,3.76988,3.51075,3.6111,0,0
BBT_PB,D,20200424,000000,3.43554,4.35503,3.43554,4.35503,0,0
BBT_PB,D,20200427,000000,4.46368,5.02377,4.36333,4.83145,0,0
BBT_PB,D,20200428,000000,4.81477,4.92342,4.54725,4.61416,0,0
BBT_PB,D,20200429,000000,4.50552,4.5974,4.37172,4.57233,0,0
BBT_PB,D,20200430,000000,4.60578,4.60578,4.26308,4.35503,0,0
BBT_PB,D,20200504,000000,4.36333,4.50552,4.30482,4.49713,0,0
BBT_PB,D,20200505,000000,4.58071,4.72281,4.48037,4.48037,0,0
BBT_PB,D,20200506,000000,4.39678,4.57233,4.36333,4.50552,0,0
BBT_PB,D,20200507,000000,4.6559,4.6559,4.40516,4.53059,0,0
BBT_PB,D,20200508,000000,4.60578,4.60578,4.46368,4.47207,0,0
BBT_PB,D,20200511,000000,4.56394,4.60578,4.33826,4.39678,0,0
BBT_PB,D,20200512,000000,4.43862,4.47207,4.39678,4.47207,0,0
BBT_PB,D,20200513,000000,4.39678,4.50552,4.39678,4.447,0,0
BBT_PB,D,20200514,000000,4.447,4.447,4.17949,4.24639,0,0
BBT_PB,D,20200515,000000,4.24639,4.43862,4.238,4.29651,0,0
BBT_PB,D,20200518,000000,4.18787,4.46368,4.18787,4.43862,0,0
BBT_PB,D,20200519,000000,4.49713,4.5974,4.43862,4.58071,0,0
BBT_PB,D,20200520,000000,4.5974,4.74787,4.53059,4.68936,0,0
BBT_PB,D,20200521,000000,4.72281,4.7897,4.6559,4.6559,0,0
BBT_PB,D,20200522,000000,4.61416,4.71442,4.53059,4.64761,0,0
BBT_PB,D,20200525,000000,4.62246,4.88997,4.58071,4.88997,0,0
BBT_PB,D,20200526,000000,4.89835,5.27451,4.89835,5.19922,0,0
BBT_PB,D,20200527,000000,5.27451,5.34133,4.61416,4.72281,0,0
BBT_PB,D,20200528,000000,4.82308,4.94848,4.74787,4.88997,0,0
BBT_PB,D,20200529,000000,5.29958,5.34133,4.49713,4.49713,0,0
BBT_PB,D,20200601,000000,4.5891,4.5891,4.35503,4.4553,0,0
BBT_PB,D,20200602,000000,4.4553,4.4553,4.35503,4.4553,0,0
BBT_PB,D,20200603,000000,4.4553,4.47207,4.35503,4.4553,0,0
BBT_PB,D,20200604,000000,4.3801,4.41355,4.20455,4.28814,0,0
BBT_PB,D,20200605,000000,4.16272,4.17949,4.07084,4.12936,0,0
BBT_PB,D,20200608,000000,4.16272,4.17111,3.92874,4.14604,0,0
BBT_PB,D,20200609,000000,4.10421,4.29651,4.02901,4.29651,0,0
BBT_PB,D,20200610,000000,4.33826,4.33826,4.07084,4.14604,0,0
BBT_PB,D,20200612,000000,3.95381,4.05407,3.91197,3.99555,0,0
BBT_PB,D,20200615,000000,3.91197,3.97049,3.88691,3.91197,0,0
BBT_PB,D,20200616,000000,3.97049,4.07084,3.97049,4.04569,0,0
BBT_PB,D,20200617,000000,4.07084,4.07084,3.97888,4.02901,0,0
BBT_PB,D,20200618,000000,4.04569,4.04569,3.92874,3.95381,0,0
BBT_PB,D,20200619,000000,3.92037,4.02901,3.84508,4.02901,0,0
BBT_PB,D,20200622,000000,4.02901,4.16272,4.01233,4.04569,0,0
BBT_PB,D,20200623,000000,4.07914,4.41355,4.01233,4.32158,0,0
BBT_PB,D,20200624,000000,4.32158,4.32158,4.22123,4.22123,0,0
BBT_PB,D,20200625,000000,4.21294,4.22123,4.14604,4.16272,0,0
BBT_PB,D,20200626,000000,4.25469,4.32158,4.16272,4.25469,0,0
BBT_PB,D,20200629,000000,4.25469,4.29651,4.25469,4.27145,0,0
BBT_PB,D,20200630,000000,4.29651,4.29651,4.10421,4.10421,0,0
BBT_PB,D,20200701,000000,4.07914,4.22962,4.07914,4.21294,0,0
BBT_PB,D,20200702,000000,4.238,4.27975,4.16272,4.238,0,0
BBT_PB,D,20200703,000000,4.26308,4.49713,4.22123,4.40516,0,0
BBT_PB,D,20200706,000000,4.4553,4.4553,4.21294,4.22123,0,0
BBT_PB,D,20200707,000000,4.22123,4.3801,4.14604,4.15442,0,0
BBT_PB,D,20200708,000000,4.25469,4.4553,4.0959,4.447,0,0
BBT_PB,D,20200709,000000,4.54725,4.60578,4.26308,4.35503,0,0
BBT_PB,D,20200710,000000,4.4553,4.4553,4.26308,4.32158,0,0
BBT_PB,D,20200713,000000,4.43862,4.43862,4.238,4.29651,0,0
BBT_PB,D,20200714,000000,4.29651,4.29651,4.11259,4.16272,0,0
BBT_PB,D,20200715,000000,4.17111,4.33826,4.16272,4.26308,0,0
BBT_PB,D,20200716,000000,4.26308,4.26308,4.16272,4.25469,0,0
BBT_PB,D,20200717,000000,4.20455,4.35503,4.13765,4.29651,0,0
BBT_PB,D,20200720,000000,4.26308,4.33826,4.22123,4.22123,0,0
BBT_PB,D,20200721,000000,4.22123,4.25469,4.17949,4.17949,0,0
BBT_PB,D,20200722,000000,4.238,4.238,4.11259,4.15442,0,0
BBT_PB,D,20200723,000000,4.21294,4.22123,4.12936,4.13765,0,0
BBT_PB,D,20200724,000000,4.11259,4.17949,4.02901,4.08752,0,0
BBT_PB,D,20200727,000000,4.08752,4.08752,3.98726,4.01233,0,0
BBT_PB,D,20200728,000000,4.01233,4.20455,3.97049,3.97049,0,0
BBT_PB,D,20200729,000000,4.07084,4.07084,3.77826,4.02063,0,0
BBT_PB,D,20200730,000000,4.10421,4.10421,3.469,3.64447,0,0
BBT_PB,D,20200731,000000,3.77826,3.97049,3.67792,3.97049,0,0
BBT_PB,D,20200803,000000,4.01233,4.32158,4.01233,4.3132,0,0
BBT_PB,D,20200804,000000,4.35503,4.3801,4.07914,4.22123,0,0
BBT_PB,D,20200805,000000,4.08752,4.22962,4.07084,4.10421,0,0
BBT_PB,D,20200806,000000,4.12936,4.15442,3.91197,3.97049,0,0
BBT_PB,D,20200807,000000,3.97049,3.97049,3.87023,3.91197,0,0
BBT_PB,D,20200810,000000,4.07084,4.07084,3.87023,3.95381,0,0
BBT_PB,D,20200811,000000,4.02901,4.02901,3.87023,3.91197,0,0
BBT_PB,D,20200812,000000,3.94543,3.94543,3.76988,3.85346,0,0
BBT_PB,D,20200813,000000,3.8284,3.85346,3.77826,3.84508,0,0
BBT_PB,D,20200814,000000,3.83678,3.85346,3.8284,3.85346,0,0
BBT_PB,D,20200817,000000,3.77826,3.85346,3.77826,3.85346,0,0
BBT_PB,D,20200818,000000,3.85346,3.85346,3.83678,3.83678,0,0
BBT_PB,D,20200819,000000,3.85346,3.85346,3.78656,3.79495,0,0
BBT_PB,D,20200820,000000,3.77826,3.84508,3.56089,3.73644,0,0
BBT_PB,D,20200821,000000,3.66123,3.75319,3.64447,3.70298,0,0
BBT_PB,D,20200824,000000,3.67792,3.77826,3.67792,3.71975,0,0
BBT_PB,D,20200825,000000,3.73644,3.73644,3.58595,3.64447,0,0
BBT_PB,D,20200826,000000,3.58595,3.67792,3.58595,3.64447,0,0
BBT_PB,D,20200827,000000,3.67792,3.81171,3.58595,3.71975,0,0
BBT_PB,D,20200828,000000,3.77826,3.84508,3.67792,3.84508,0,0
BBT_PB,D,20200831,000000,3.84508,3.84508,3.71975,3.84508,0,0
BBT_PB,D,20200901,000000,3.71975,3.83678,3.60271,3.83678,0,0
BBT_PB,D,20200902,000000,3.81171,3.85346,3.77826,3.79495,0,0
BBT_PB,D,20200903,000000,3.87023,3.97049,3.83678,3.8953,0,0
BBT_PB,D,20200904,000000,3.97049,4.12936,3.95381,3.97888,0,0
BBT_PB,D,20200907,000000,3.98726,4.11259,3.91197,4.04569,0,0
BBT_PB,D,20200908,000000,4.05407,4.05407,3.67792,3.91197,0,0
BBT_PB,D,20200909,000000,3.79495,3.97049,3.79495,3.92874,0,0
BBT_PB,D,20200910,000000,4.07084,4.11259,3.92874,4.07914,0,0
BBT_PB,D,20200911,000000,4.0959,4.238,4.0959,4.12936,0,0
BBT_PB,D,20200914,000000,4.22962,4.25469,4.14604,4.19617,0,0
BBT_PB,D,20200915,000000,4.26308,4.26308,4.08752,4.17111,0,0
BBT_PB,D,20200916,000000,4.19617,4.22123,4.07084,4.12936,0,0
BBT_PB,D,20200917,000000,4.12936,4.12936,3.97049,4.05407,0,0
BBT_PB,D,20200918,000000,3.99555,4.14604,3.97888,4.08752,0,0
BBT_PB,D,20200921,000000,4.12936,4.22962,4.07084,4.11259,0,0
BBT_PB,D,20200922,000000,4.17111,4.29651,4.17111,4.238,0,0
BBT_PB,D,20200923,000000,4.32158,4.32158,3.85346,3.85346,0,0
BBT_PB,D,20200924,000000,3.77826,3.77826,3.57765,3.66962,0,0
BBT_PB,D,20200925,000000,3.74481,3.7615,3.66962,3.72813,0,0
BBT_PB,D,20200928,000000,3.7615,3.80333,3.66962,3.66962,0,0
BBT_PB,D,20200929,000000,3.75319,3.75319,3.55258,3.72813,0,0
BBT_PB,D,20200930,000000,3.72813,3.7615,3.59433,3.7615,0,0
BBT_PB,D,20201001,000000,3.70298,3.70298,3.6111,3.6111,0,0
BBT_PB,D,20201002,000000,3.58595,3.65285,3.57765,3.65285,0,0
BBT_PB,D,20201005,000000,3.65285,3.65285,3.59433,3.64447,0,0
BBT_PB,D,20201006,000000,3.66962,3.69468,3.57765,3.6111,0,0
BBT_PB,D,20201007,000000,3.72813,3.91197,3.72813,3.82001,0,0
BBT_PB,D,20201008,000000,3.95381,3.97049,3.85346,3.85346,0,0
BBT_PB,D,20201009,000000,3.87853,3.87853,3.72813,3.8284,0,0
BBT_PB,D,20201012,000000,3.95381,4.00394,3.8953,3.92874,0,0
BBT_PB,D,20201013,000000,3.97888,3.98726,3.82001,3.92037,0,0
BBT_PB,D,20201014,000000,3.92037,3.92037,3.77826,3.77826,0,0
BBT_PB,D,20201015,000000,3.80333,3.80333,3.42717,3.57765,0,0
BBT_PB,D,20201016,000000,3.57765,3.66123,3.57765,3.66123,0,0
BBT_PB,D,20201019,000000,3.70298,3.80333,3.68629,3.74481,0,0
BBT_PB,D,20201020,000000,3.74481,3.80333,3.6111,3.69468,0,0
BBT_PB,D,20201021,000000,3.69468,3.70298,3.59433,3.70298,0,0
BBT_PB,D,20201022,000000,3.66962,3.77826,3.66962,3.77826,0,0
BBT_PB,D,20201023,000000,3.80333,3.83678,3.72813,3.81171,0,0
BBT_PB,D,20201026,000000,3.87853,4.04569,3.83678,3.98726,0,0
BBT_PB,D,20201027,000000,3.95381,4.13765,3.95381,3.95381,0,0
BBT_PB,D,20201028,000000,3.98726,3.98726,3.58595,3.66962,0,0
BBT_PB,D,20201029,000000,3.66962,3.80333,3.66962,3.77826,0,0
BBT_PB,D,20201030,000000,3.72813,3.78656,3.65285,3.68629,0,0
BBT_PB,D,20201102,000000,3.7615,3.85346,3.68629,3.77826,0,0
BBT_PB,D,20201103,000000,3.83678,3.85346,3.7615,3.8284,0,0
BBT_PB,D,20201104,000000,3.7615,3.92874,3.7615,3.90359,0,0
BBT_PB,D,20201105,000000,3.84508,3.85346,3.72813,3.85346,0,0
BBT_PB,D,20201106,000000,3.85346,3.85346,3.7615,3.77826,0,0
BBT_PB,D,20201109,000000,3.7615,3.7615,3.6111,3.70298,0,0
BBT_PB,D,20201110,000000,3.70298,3.70298,3.55258,3.62779,0,0
BBT_PB,D,20201112,000000,3.6111,3.63616,3.56089,3.62779,0,0
BBT_PB,D,20201113,000000,3.69468,3.69468,3.57765,3.65285,0,0
BBT_PB,D,20201116,000000,3.65285,3.65285,3.57765,3.6111,0,0
BBT_PB,D,20201117,000000,3.59433,3.59433,3.53582,3.56927,0,0
BBT_PB,D,20201118,000000,3.56927,3.6111,3.52744,3.60271,0,0
BBT_PB,D,20201119,000000,3.61941,3.62779,3.53582,3.62779,0,0
BBT_PB,D,20201120,000000,3.62779,3.67792,3.56927,3.57765,0,0
BBT_PB,D,20201123,000000,3.59433,3.59433,3.44385,3.44385,0,0
BBT_PB,D,20201124,000000,3.45223,3.48569,3.44385,3.44385,0,0
BBT_PB,D,20201125,000000,3.44385,3.44385,3.35197,3.36865,0,0
BBT_PB,D,20201126,000000,3.41879,3.41879,3.24324,3.30176,0,0
BBT_PB,D,20201127,000000,3.30176,3.31014,3.28507,3.29345,0,0
BBT_PB,D,20201130,000000,3.23494,3.23494,3.10952,3.12621,0,0
BBT_PB,D,20201201,000000,3.12621,3.29345,3.02594,3.26001,0,0
BBT_PB,D,20201202,000000,3.29345,3.29345,3.20149,3.20987,0,0
BBT_PB,D,20201203,000000,3.20987,3.31014,3.20987,3.29345,0,0
BBT_PB,D,20201204,000000,3.31014,3.31014,3.21818,3.29345,0,0
BBT_PB,D,20201207,000000,3.10114,3.18472,3.09284,3.16804,0,0
BBT_PB,D,20201208,000000,3.16804,3.16804,3.09284,3.13459,0,0
BBT_PB,D,20201209,000000,3.16804,3.16804,3.10114,3.14297,0,0
BBT_PB,D,20201210,000000,3.10952,3.15136,3.09284,3.13459,0,0
BBT_PB,D,20201211,000000,3.14297,3.15966,3.051,3.09284,0,0
BBT_PB,D,20201214,000000,3.09284,3.12621,2.86707,2.9173,0,0
BBT_PB,D,20201215,000000,2.94236,3.00087,2.9173,2.98411,0,0
BBT_PB,D,20201216,000000,2.98411,3.10952,2.98411,3.10952,0,0
BBT_PB,D,20201217,000000,3.14297,3.28507,3.14297,3.28507,0,0
BBT_PB,D,20201218,000000,3.28507,3.28507,3.07608,3.21818,0,0
BBT_PB,D,20201221,000000,3.20987,3.20987,2.98411,2.98411,0,0
BBT_PB,D,20201222,000000,2.98411,3.12621,2.98411,3.01756,0,0
BBT_PB,D,20201223,000000,3.051,3.051,2.98411,3.051,0,0
BBT_PB,D,20201228,000000,2.98411,3.03433,2.96743,3.02594,0,0
BBT_PB,D,20201229,000000,3.03433,3.21818,3.03433,3.20149,0,0
BBT_PB,D,20201230,000000,3.20149,3.20149,3.12621,3.12621,0,0
BBT_PB,D,20210104,000000,3.32683,3.32683,3.16804,3.16804,0,0
BBT_PB,D,20210105,000000,3.26831,3.38534,3.26831,3.38534,0,0
BBT_PB,D,20210107,000000,3.42717,3.56089,3.42717,3.53582,0,0
BBT_PB,D,20210108,000000,3.53582,3.55258,3.45223,3.50237,0,0
BBT_PB,D,20210111,000000,3.52744,3.56927,3.4773,3.49406,0,0
BBT_PB,D,20210112,000000,3.55258,3.56927,3.36027,3.37704,0,0
BBT_PB,D,20210113,000000,3.36865,3.42717,3.36865,3.36865,0,0
BBT_PB,D,20210114,000000,3.38534,3.38534,3.27668,3.30176,0,0
BBT_PB,D,20210115,000000,3.26001,3.35197,3.22655,3.34358,0,0
BBT_PB,D,20210118,000000,3.4021,3.53582,3.36027,3.4021,0,0
BBT_PB,D,20210119,000000,3.44385,3.4773,3.36865,3.39372,0,0
BBT_PB,D,20210120,000000,3.4021,3.4021,3.36865,3.4021,0,0
BBT_PB,D,20210121,000000,3.37704,3.44385,3.37704,3.4021,0,0
BBT_PB,D,20210122,000000,3.45223,3.45223,3.36865,3.38534,0,0
BBT_PB,D,20210125,000000,3.27668,3.38534,3.27668,3.31014,0,0
BBT_PB,D,20210126,000000,3.29345,3.29345,3.18472,3.21818,0,0
BBT_PB,D,20210127,000000,3.26831,3.36027,3.22655,3.22655,0,0
BBT_PB,D,20210128,000000,3.18472,3.38534,3.18472,3.31014,0,0
BBT_PB,D,20210129,000000,3.31014,3.35197,3.23494,3.35197,0,0
BBT_PB,D,20210201,000000,3.37704,3.38534,3.24324,3.31852,0,0
BBT_PB,D,20210202,000000,3.36027,3.36027,3.27668,3.34358,0,0
BBT_PB,D,20210203,000000,3.32683,3.34358,3.27668,3.34358,0,0
BBT_PB,D,20210204,000000,3.30176,3.34358,3.15966,3.16804,0,0
BBT_PB,D,20210205,000000,3.13459,3.26831,3.13459,3.21818,0,0
BBT_PB,D,20210208,000000,3.26831,3.38534,3.26831,3.34358,0,0
BBT_PB,D,20210209,000000,3.35197,3.51075,3.35197,3.51075,0,0
BBT_PB,D,20210210,000000,3.51913,3.55258,3.48569,3.52744,0,0
BBT_PB,D,20210211,000000,3.52744,3.52744,3.45223,3.48569,0,0
BBT_PB,D,20210212,000000,3.49406,3.51075,3.44385,3.50237,0,0
BBT_PB,D,20210215,000000,3.55258,3.64447,3.5442,3.56927,0,0
BBT_PB,D,20210216,000000,3.58595,3.59433,3.52744,3.5442,0,0
BBT_PB,D,20210217,000000,3.5442,3.58595,3.51075,3.51075,0,0
BBT_PB,D,20210218,000000,3.56927,3.56927,3.41879,3.4773,0,0
BBT_PB,D,20210219,000000,3.49406,3.51075,3.42717,3.42717,0,0
BBT_PB,D,20210222,000000,3.4773,3.48569,3.4021,3.4021,0,0
BBT_PB,D,20210223,000000,3.41048,3.45223,3.21818,3.29345,0,0
BBT_PB,D,20210224,000000,3.22655,3.36027,3.22655,3.31014,0,0
BBT_PB,D,20210225,000000,3.35197,3.36865,3.24324,3.27668,0,0
BBT_PB,D,20210226,000000,3.22655,3.29345,3.22655,3.22655,0,0
BBT_PB,D,20210301,000000,3.30176,3.30176,3.24324,3.30176,0,0
BBT_PB,D,20210302,000000,3.24324,3.31014,3.24324,3.31014,0,0
BBT_PB,D,20210303,000000,3.31014,3.36865,3.22655,3.27668,0,0
BBT_PB,D,20210304,000000,3.37704,3.37704,3.26001,3.29345,0,0
BBT_PB,D,20210305,000000,3.32683,3.39372,3.29345,3.37704,0,0
BBT_PB,D,20210308,000000,3.41048,3.52744,3.37704,3.49406,0,0
BBT_PB,D,20210309,000000,3.51075,3.53582,3.41879,3.49406,0,0
BBT_PB,D,20210310,000000,3.49406,3.51075,3.46062,3.49406,0,0
BBT_PB,D,20210311,000000,3.41879,3.49406,3.41879,3.42717,0,0
BBT_PB,D,20210312,000000,3.44385,3.46062,3.41879,3.45223,0,0
BBT_PB,D,20210315,000000,3.45223,3.45223,3.23494,3.4021,0,0
BBT_PB,D,20210316,000000,3.36865,3.36865,3.25162,3.31014,0,0
BBT_PB,D,20210317,000000,3.31014,3.38534,3.03433,3.20987,0,0
BBT_PB,D,20210318,000000,3.23494,3.4021,3.23494,3.32683,0,0
BBT_PB,D,20210319,000000,3.32683,3.97888,3.23494,3.97888,0,0
BBT_PB,D,20210322,000000,4.08752,4.08752,3.76988,3.86185,0,0
BBT_PB,D,20210323,000000,3.77826,3.84508,3.66123,3.74481,0,0
BBT_PB,D,20210324,000000,3.68629,3.69468,3.51913,3.58595,0,0
BBT_PB,D,20210325,000000,3.58595,3.58595,3.48569,3.56089,0,0
BBT_PB,D,20210326,000000,3.51075,3.75319,3.51075,3.75319,0,0
BBT_PB,D,20210329,000000,3.76988,4.04569,3.76988,3.97888,0,0
BBT_PB,D,20210330,000000,3.94543,4.12098,3.8284,3.8284,0,0
BBT_PB,D,20210331,000000,3.99555,4.01233,3.84508,4.01233,0,0
BBT_PB,D,20210401,000000,3.95381,4.12098,3.95381,4.02901,0,0
BBT_PB,D,20210406,000000,4.29651,4.4553,4.27975,4.43862,0,0
BBT_PB,D,20210407,000000,4.46368,4.6643,4.46368,4.63922,0,0
BBT_PB,D,20210408,000000,4.64761,4.64761,4.447,4.58071,0,0
BBT_PB,D,20210409,000000,4.58071,4.58071,4.46368,4.54725,0,0
BBT_PB,D,20210412,000000,4.5974,4.5974,4.48874,4.56394,0,0
BBT_PB,D,20210413,000000,4.58071,5.007,4.58071,5.007,0,0
BBT_PB,D,20210414,000000,4.96526,5.03207,4.83984,4.96526,0,0
BBT_PB,D,20210415,000000,4.9318,4.9401,4.82308,4.92342,0,0
BBT_PB,D,20210416,000000,4.85652,4.91504,4.85652,4.90674,0,0
BBT_PB,D,20210419,000000,4.94848,5.1491,4.77293,4.77293,0,0
BBT_PB,D,20210420,000000,4.78133,4.78133,4.58071,4.78133,0,0
BBT_PB,D,20210421,000000,4.73949,4.90674,4.56394,4.73949,0,0
BBT_PB,D,20210422,000000,4.74787,4.94848,4.74787,4.87329,0,0
BBT_PB,D,20210423,000000,4.94848,4.96526,4.72281,4.85652,0,0
BBT_PB,D,20210426,000000,5.007,5.40822,5.007,5.40822,0,0
BBT_PB,D,20210427,000000,5.40822,5.40822,5.02377,5.02377,0,0
BBT_PB,D,20210428,000000,5.05713,5.12403,4.97355,5.02377,0,0
BBT_PB,D,20210429,000000,5.02377,5.06552,4.9401,4.99861,0,0
BBT_PB,D,20210430,000000,5.02377,5.26612,4.99032,5.09058,0,0
BBT_PB,D,20210504,000000,5.31626,5.68411,5.31626,5.65066,0,0
BBT_PB,D,20210505,000000,5.65897,5.65897,5.40822,5.50857,0,0
BBT_PB,D,20210506,000000,5.14071,5.14071,4.50552,4.57233,0,0
BBT_PB,D,20210507,000000,4.57233,4.73118,4.3801,4.70612,0,0
BBT_PB,D,20210510,000000,4.5891,4.5891,4.17111,4.17111,0,0
BBT_PB,D,20210511,000000,4.21294,4.22123,4.04569,4.15442,0,0
BBT_PB,D,20210512,000000,4.15442,4.24639,4.06246,4.06246,0,0
BBT_PB,D,20210513,000000,4.06246,4.24639,3.94543,4.22962,0,0
BBT_PB,D,20210514,000000,4.33826,4.33826,4.10421,4.16272,0,0
BBT_PB,D,20210517,000000,4.17949,4.34666,4.17949,4.18787,0,0
BBT_PB,D,20210518,000000,4.15442,4.18787,4.07084,4.15442,0,0
BBT_PB,D,20210519,000000,4.07914,4.238,4.00394,4.15442,0,0
BBT_PB,D,20210520,000000,4.15442,4.35503,4.15442,4.35503,0,0
BBT_PB,D,20210521,000000,4.38848,4.68097,4.29651,4.63084,0,0
BBT_PB,D,20210524,000000,4.68097,4.68097,4.55565,4.62246,0,0
BBT_PB,D,20210525,000000,4.62246,4.69774,4.57233,4.5891,0,0
BBT_PB,D,20210526,000000,4.5891,4.6643,4.55565,4.6643,0,0
BBT_PB,D,20210527,000000,4.62246,4.62246,4.13765,4.13765,0,0
BBT_PB,D,20210528,000000,4.14604,4.17949,4.06246,4.07084,0,0
BBT_PB,D,20210531,000000,4.08752,4.3132,4.08752,4.24639,0,0
BBT_PB,D,20210601,000000,4.3132,4.49713,4.24639,4.37172,0,0
BBT_PB,D,20210602,000000,4.447,4.447,4.37172,4.41355,0,0
BBT_PB,D,20210604,000000,4.40516,4.40516,4.15442,4.29651,0,0
BBT_PB,D,20210607,000000,4.73949,4.73949,4.52219,4.56394,0,0
BBT_PB,D,20210608,000000,4.57233,4.57233,4.47207,4.51382,0,0
BBT_PB,D,20210609,000000,4.52219,4.69774,4.52219,4.6559,0,0
BBT_PB,D,20210610,000000,4.6559,4.72281,4.54725,4.54725,0,0
BBT_PB,D,20210611,000000,4.55565,4.60578,4.49713,4.54725,0,0
BBT_PB,D,20210614,000000,4.53059,4.53059,4.27975,4.36333,0,0
BBT_PB,D,20210615,000000,4.4553,4.4553,4.17111,4.22962,0,0
BBT_PB,D,20210616,000000,4.28814,4.3132,4.18787,4.22962,0,0
BBT_PB,D,20210617,000000,4.18787,4.27145,4.12098,4.238,0,0
BBT_PB,D,20210618,000000,4.24639,4.29651,4.18787,4.19617,0,0
BBT_PB,D,20210621,000000,4.27975,4.27975,4.13765,4.21294,0,0
BBT_PB,D,20210622,000000,4.12098,4.238,4.12098,4.18787,0,0
BBT_PB,D,20210623,000000,4.18787,4.20455,4.14604,4.17949,0,0
BBT_PB,D,20210624,000000,4.12936,4.3132,4.12098,4.13765,0,0
BBT_PB,D,20210625,000000,4.15442,4.18787,4.11259,4.17949,0,0
BBT_PB,D,20210628,000000,4.16272,4.16272,3.97049,4.01233,0,0
BBT_PB,D,20210629,000000,4.02063,4.04569,3.95381,3.96212,0,0
BBT_PB,D,20210630,000000,4.04569,4.05407,3.96212,4.04569,0,0
BBT_PB,D,20210701,000000,3.92037,4.04569,3.92037,3.96212,0,0
BBT_PB,D,20210702,000000,3.95381,3.99555,3.93705,3.93705,0,0
BBT_PB,D,20210705,000000,3.97049,3.97049,3.8284,3.86185,0,0
BBT_PB,D,20210706,000000,3.86185,3.88691,3.8284,3.86185,0,0
BBT_PB,D,20210707,000000,3.87853,4.0374,3.87853,4.01233,0,0
BBT_PB,D,20210708,000000,4.00394,4.05407,3.96212,3.97049,0,0
BBT_PB,D,20210709,000000,3.99555,3.99555,3.90359,3.90359,0,0
BBT_PB,D,20210712,000000,3.92037,3.97049,3.90359,3.90359,0,0
BBT_PB,D,20210713,000000,3.92037,3.92037,3.83678,3.90359,0,0
BBT_PB,D,20210714,000000,3.86185,3.8953,3.76988,3.87853,0,0
BBT_PB,D,20210715,000000,3.8284,3.87853,3.81171,3.8284,0,0
BBT_PB,D,20210716,000000,3.8284,3.87023,3.78656,3.8284,0,0
BBT_PB,D,20210719,000000,3.82001,3.82001,3.63616,3.71975,0,0
BBT_PB,D,20210720,000000,3.71138,3.71138,3.57765,3.62779,0,0
BBT_PB,D,20210721,000000,3.66123,3.72813,3.59433,3.61941,0,0
BBT_PB,D,20210722,000000,3.62779,3.67792,3.62779,3.63616,0,0
BBT_PB,D,20210723,000000,3.63616,3.7615,3.59433,3.7615,0,0
BBT_PB,D,20210726,000000,3.67792,3.82001,3.67792,3.7615,0,0
BBT_PB,D,20210727,000000,3.85346,3.93705,3.7615,3.93705,0,0
BBT_PB,D,20210728,000000,3.92874,3.96212,3.83678,3.96212,0,0
BBT_PB,D,20210729,000000,3.92037,3.96212,3.72813,3.83678,0,0
BBT_PB,D,20210730,000000,3.83678,3.83678,3.62779,3.7615,0,0
BBT_PB,D,20210802,000000,3.71138,3.7615,3.71138,3.75319,0,0
BBT_PB,D,20210803,000000,3.75319,3.7615,3.71138,3.73644,0,0
BBT_PB,D,20210804,000000,3.77826,3.77826,3.70298,3.73644,0,0
BBT_PB,D,20210805,000000,3.7615,3.92874,3.72813,3.92874,0,0
BBT_PB,D,20210806,000000,3.90359,3.91197,3.71138,3.7615,0,0
BBT_PB,D,20210809,000000,3.81171,3.88691,3.65285,3.76988,0,0
BBT_PB,D,20210810,000000,3.76988,3.92037,3.76988,3.85346,0,0
BBT_PB,D,20210811,000000,3.85346,3.85346,3.7615,3.82001,0,0
BBT_PB,D,20210812,000000,3.95381,3.95381,3.81171,3.88691,0,0
BBT_PB,D,20210813,000000,3.87853,3.88691,3.67792,3.79495,0,0
BBT_PB,D,20210816,000000,3.81171,3.83678,3.46062,3.64447,0,0
BBT_PB,D,20210817,000000,3.61941,3.66123,3.5442,3.64447,0,0
BBT_PB,D,20210818,000000,3.63616,3.66123,3.56089,3.65285,0,0
BBT_PB,D,20210819,000000,3.59433,3.66123,3.51075,3.55258,0,0
BBT_PB,D,20210820,000000,3.51075,3.63616,3.51075,3.57765,0,0
BBT_PB,D,20210823,000000,3.56927,3.64447,3.56927,3.59433,0,0
BBT_PB,D,20210824,000000,3.57765,3.72813,3.57765,3.69468,0,0
BBT_PB,D,20210825,000000,3.69468,3.73644,3.59433,3.73644,0,0
BBT_PB,D,20210826,000000,3.72813,3.84508,3.69468,3.75319,0,0
BBT_PB,D,20210827,000000,3.71975,3.79495,3.71138,3.72813,0,0
BBT_PB,D,20210830,000000,3.72813,3.78656,3.56927,3.58595,0,0
BBT_PB,D,20210831,000000,3.59433,3.65285,3.56927,3.65285,0,0
BBT_PB,D,20210901,000000,3.59433,3.71975,3.56927,3.69468,0,0
BBT_PB,D,20210902,000000,3.62779,3.67792,3.6111,3.64447,0,0
BBT_PB,D,20210903,000000,3.63616,3.67792,3.60271,3.67792,0,0
BBT_PB,D,20210906,000000,3.72813,3.72813,3.64447,3.69468,0,0
BBT_PB,D,20210907,000000,3.66123,3.71138,3.57765,3.66123,0,0
BBT_PB,D,20210908,000000,3.69468,3.69468,3.57765,3.68629,0,0
BBT_PB,D,20210909,000000,3.64447,3.68629,3.59433,3.66123,0,0
BBT_PB,D,20210910,000000,3.66123,3.66123,3.5442,3.59433,0,0
BBT_PB,D,20210913,000000,3.57765,3.62779,3.57765,3.57765,0,0
BBT_PB,D,20210914,000000,3.62779,3.62779,3.56927,3.59433,0,0
BBT_PB,D,20210915,000000,3.62779,3.66962,3.57765,3.59433,0,0
BBT_PB,D,20210916,000000,3.65285,3.65285,3.55258,3.6111,0,0
BBT_PB,D,20210917,000000,3.59433,3.67792,3.59433,3.66962,0,0
BBT_PB,D,20210920,000000,3.60271,3.65285,3.50237,3.52744,0,0
BBT_PB,D,20210921,000000,3.52744,3.6111,3.46062,3.57765,0,0
BBT_PB,D,20210922,000000,3.53582,3.57765,3.46062,3.55258,0,0
BBT_PB,D,20210923,000000,3.5442,3.62779,3.5442,3.6111,0,0
BBT_PB,D,20210924,000000,3.59433,3.65285,3.17643,3.17643,0,0
BBT_PB,D,20210927,000000,3.15966,3.26831,3.12621,3.26831,0,0
BBT_PB,D,20210928,000000,3.23494,3.36865,3.14297,3.14297,0,0
BBT_PB,D,20210929,000000,3.12621,3.22655,3.11791,3.20149,0,0
BBT_PB,D,20210930,000000,3.15966,3.15966,3.07608,3.12621,0,0
BBT_PB,D,20211001,000000,3.14297,3.14297,3.11791,3.14297,0,0
BBT_PB,D,20211004,000000,3.20987,3.20987,3.10952,3.12621,0,0
BBT_PB,D,20211005,000000,3.14297,3.20149,3.12621,3.12621,0,0
BBT_PB,D,20211006,000000,3.15966,3.20987,3.10952,3.12621,0,0
BBT_PB,D,20211007,000000,3.15966,3.18472,3.10114,3.17643,0,0
BBT_PB,D,20211008,000000,3.15966,3.17643,3.06769,3.07608,0,0
BBT_PB,D,20211011,000000,3.10114,3.20149,3.10114,3.20149,0,0
BBT_PB,D,20211012,000000,3.1931,3.20149,3.15136,3.20149,0,0
BBT_PB,D,20211013,000000,3.20149,3.20149,3.14297,3.15966,0,0
BBT_PB,D,20211014,000000,3.20149,3.20149,3.08446,3.15136,0,0
BBT_PB,D,20211015,000000,3.15136,3.16804,3.12621,3.15966,0,0
BBT_PB,D,20211018,000000,3.14297,3.14297,3.051,3.07608,0,0
BBT_PB,D,20211019,000000,3.051,3.0594,2.90892,2.98411,0,0
BBT_PB,D,20211020,000000,2.96743,2.98411,2.87547,2.89223,0,0
BBT_PB,D,20211021,000000,2.98411,3.00087,2.89223,3.00087,0,0
BBT_PB,D,20211022,000000,3.00087,3.07608,3.00087,3.07608,0,0
BBT_PB,D,20211025,000000,3.07608,3.07608,2.95904,3.00087,0,0
BBT_PB,D,20211026,000000,2.98411,3.00087,2.90892,2.98411,0,0
BBT_PB,D,20211027,000000,3.00087,3.00087,2.80026,2.95075,0,0
BBT_PB,D,20211028,000000,2.93398,2.95075,2.89223,2.95075,0,0
BBT_PB,D,20211029,000000,2.93398,2.95075,2.90892,2.93398,0,0
BBT_PB,D,20211102,000000,2.98928,3.04009,2.98928,3.00621,0,0
BBT_PB,D,20211103,000000,3.03162,3.09936,3.03162,3.09936,0,0
BBT_PB,D,20211104,000000,3.04009,3.08243,3.04009,3.0655,0,0
BBT_PB,D,20211105,000000,3.13324,3.13324,3.00621,3.07396,0,0
BBT_PB,D,20211108,000000,3.04009,3.07396,2.96388,3.04009,0,0
BBT_PB,D,20211109,000000,3.04009,3.04009,2.94694,2.95541,0,0
BBT_PB,D,20211110,000000,2.94694,2.95541,2.84532,2.84532,0,0
BBT_PB,D,20211112,000000,2.8792,2.92154,2.85379,2.9046,0,0
BBT_PB,D,20211115,000000,2.9046,2.9046,2.77757,2.9046,0,0
BBT_PB,D,20211116,000000,2.86226,2.86226,2.7437,2.80297,0,0
BBT_PB,D,20211117,000000,2.80297,2.80297,2.73523,2.73523,0,0
BBT_PB,D,20211118,000000,2.59974,2.73523,2.57434,2.66749,0,0
BBT_PB,D,20211119,000000,2.70982,2.80297,2.64208,2.70982,0,0
BBT_PB,D,20211122,000000,2.81144,2.81144,2.62515,2.62515,0,0
BBT_PB,D,20211123,000000,2.71829,2.72676,2.55741,2.70982,0,0
BBT_PB,D,20211124,000000,2.71829,2.71829,2.59974,2.65902,0,0
BBT_PB,D,20211125,000000,2.69289,2.77757,2.63361,2.64208,0,0
BBT_PB,D,20211126,000000,2.6082,2.68442,2.54046,2.59127,0,0
BBT_PB,D,20211129,000000,2.64208,2.64208,2.54046,2.59974,0,0
BBT_PB,D,20211130,000000,2.57434,2.63361,2.57434,2.62515,0,0
BBT_PB,D,20211201,000000,2.62515,2.70982,2.62515,2.70135,0,0
BBT_PB,D,20211202,000000,2.70982,2.83686,2.70982,2.77757,0,0
BBT_PB,D,20211203,000000,2.78604,2.85379,2.72676,2.85379,0,0
BBT_PB,D,20211206,000000,2.88766,2.93847,2.85379,2.88766,0,0
BBT_PB,D,20211207,000000,2.88766,2.9046,2.87073,2.87073,0,0
BBT_PB,D,20211208,000000,2.9046,2.9046,2.77757,2.83686,0,0
BBT_PB,D,20211209,000000,2.80297,2.85379,2.80297,2.85379,0,0
BBT_PB,D,20211210,000000,2.81144,2.81144,2.76064,2.81144,0,0
BBT_PB,D,20211213,000000,2.81144,2.81144,2.70982,2.72676,0,0
BBT_PB,D,20211214,000000,2.7691,2.7691,2.65055,2.65055,0,0
BBT_PB,D,20211215,000000,2.73523,2.81144,2.73523,2.7691,0,0
BBT_PB,D,20211216,000000,2.71829,2.7945,2.71829,2.7945,0,0
BBT_PB,D,20211217,000000,2.7945,2.7945,2.75217,2.7945,0,0
BBT_PB,D,20211220,000000,2.76064,2.7945,2.70982,2.76064,0,0
BBT_PB,D,20211221,000000,2.72676,2.7691,2.71829,2.7691,0,0
BBT_PB,D,20211222,000000,2.7945,2.89613,2.7945,2.88766,0,0
BBT_PB,D,20211223,000000,2.89613,3.09936,2.89613,3.07396,0,0
BBT_PB,D,20211227,000000,3.07396,3.07396,2.97235,3.04009,0,0
BBT_PB,D,20211228,000000,3.01468,3.16711,2.99775,3.09936,0,0
BBT_PB,D,20211229,000000,3.16711,3.26026,3.07396,3.20945,0,0
BBT_PB,D,20211230,000000,3.26873,3.2772,3.19251,3.25179,0,0
BBT_PB,D,20220103,000000,3.24332,3.37035,3.16711,3.24332,0,0
BBT_PB,D,20220104,000000,3.35341,3.35341,3.19251,3.26873,0,0
BBT_PB,D,20220105,000000,3.26873,3.26873,3.19251,3.25179,0,0
BBT_PB,D,20220107,000000,3.25179,3.32801,3.24332,3.24332,0,0
BBT_PB,D,20220110,000000,3.26873,3.26873,3.13324,3.17558,0,0
BBT_PB,D,20220111,000000,3.17558,3.24332,3.10783,3.24332,0,0
BBT_PB,D,20220112,000000,3.20945,3.31954,3.17558,3.28566,0,0
BBT_PB,D,20220113,000000,3.29413,3.29413,3.16711,3.24332,0,0
BBT_PB,D,20220114,000000,3.20945,3.20945,3.16711,3.20945,0,0
BBT_PB,D,20220117,000000,3.20945,3.20945,3.17558,3.20945,0,0
BBT_PB,D,20220118,000000,3.18405,3.20945,3.17558,3.19251,0,0
BBT_PB,D,20220119,000000,3.15017,3.20945,3.13324,3.20945,0,0
BBT_PB,D,20220120,000000,3.26026,3.26026,3.08243,3.16711,0,0
BBT_PB,D,20220121,000000,3.11631,3.16711,2.98928,3.12477,0,0
BBT_PB,D,20220124,000000,3.12477,3.12477,2.82839,3.01468,0,0
BBT_PB,D,20220125,000000,2.88766,3.00621,2.88766,2.96388,0,0
BBT_PB,D,20220126,000000,2.96388,2.98928,2.92154,2.98928,0,0
BBT_PB,D,20220127,000000,2.98928,3.00621,2.95541,2.95541,0,0
BBT_PB,D,20220128,000000,2.95541,2.95541,2.82839,2.82839,0,0
BBT_PB,D,20220131,000000,2.88766,2.98928,2.82839,2.92154,0,0
BBT_PB,D,20220201,000000,2.85379,2.94694,2.85379,2.94694,0,0
BBT_PB,D,20220202,000000,2.87073,2.94694,2.87073,2.94694,0,0
BBT_PB,D,20220203,000000,2.89613,2.94694,2.85379,2.93847,0,0
BBT_PB,D,20220204,000000,2.93847,2.97235,2.9046,2.9046,0,0
BBT_PB,D,20220207,000000,2.96388,2.96388,2.88766,2.95541,0,0
BBT_PB,D,20220208,000000,2.92154,2.98081,2.85379,2.85379,0,0
BBT_PB,D,20220209,000000,2.9046,2.95541,2.88766,2.88766,0,0
BBT_PB,D,20220210,000000,2.89613,2.92154,2.8792,2.92154,0,0
BBT_PB,D,20220211,000000,2.88766,2.95541,2.87073,2.94694,0,0
BBT_PB,D,20220214,000000,2.89613,2.89613,2.81144,2.88766,0,0
BBT_PB,D,20220215,000000,2.87073,2.89613,2.82839,2.89613,0,0
BBT_PB,D,20220216,000000,2.9046,2.9046,2.85379,2.88766,0,0
BBT_PB,D,20220217,000000,2.84532,2.88766,2.81144,2.85379,0,0
BBT_PB,D,20220218,000000,2.81144,2.85379,2.77757,2.7945,0,0
BBT_PB,D,20220221,000000,2.7437,2.7437,2.65055,2.7437,0,0
BBT_PB,D,20220222,000000,2.65902,2.7437,2.64208,2.7437,0,0
BBT_PB,D,20220223,000000,2.7437,2.7437,2.66749,2.67595,0,0
BBT_PB,D,20220224,000000,2.56587,2.63361,2.32876,2.52353,0,0
BBT_PB,D,20220225,000000,2.36264,2.80297,2.36264,2.80297,0,0
BBT_PB,D,20220228,000000,2.70982,2.82839,2.70982,2.76064,0,0
BBT_PB,D,20220301,000000,2.76064,2.81991,2.65902,2.7437,0,0
BBT_PB,D,20220302,000000,2.65902,2.75217,2.65902,2.70135,0,0
BBT_PB,D,20220303,000000,2.66749,2.70135,2.57434,2.61667,0,0
BBT_PB,D,20220304,000000,2.57434,2.66749,2.57434,2.66749,0,0
BBT_PB,D,20220307,000000,2.59127,2.59127,2.24408,2.40497,0,0
BBT_PB,D,20220308,000000,2.44731,2.52353,2.29489,2.45579,0,0
BBT_PB,D,20220309,000000,2.38804,2.52353,2.38804,2.52353,0,0
BBT_PB,D,20220310,000000,2.56587,2.56587,2.41344,2.54046,0,0
BBT_PB,D,20220311,000000,2.47272,2.52353,2.3457,2.52353,0,0
BBT_PB,D,20220314,000000,2.52353,2.52353,2.40497,2.4219,0,0
BBT_PB,D,20220315,000000,2.4219,2.48965,2.40497,2.44731,0,0
BBT_PB,D,20220316,000000,2.43038,2.48119,2.40497,2.48119,0,0
BBT_PB,D,20220317,000000,2.48119,2.48119,2.40497,2.43885,0,0
BBT_PB,D,20220318,000000,2.45579,2.45579,2.37957,2.3965,0,0
BBT_PB,D,20220321,000000,2.3965,2.43038,2.37957,2.40497,0,0
BBT_PB,D,20220322,000000,2.37957,2.40497,2.36264,2.3965,0,0
BBT_PB,D,20220323,000000,2.40497,2.43038,2.36264,2.3711,0,0
BBT_PB,D,20220324,000000,2.4219,2.43885,2.3965,2.4219,0,0
BBT_PB,D,20220325,000000,2.44731,2.45579,2.4219,2.4219,0,0
BBT_PB,D,20220328,000000,2.4219,2.45579,2.4219,2.43038,0,0
BBT_PB,D,20220329,000000,2.47272,2.47272,2.44731,2.47272,0,0
BBT_PB,D,20220330,000000,2.48119,2.48119,2.44731,2.47272,0,0
BBT_PB,D,20220331,000000,2.48119,2.48119,2.43885,2.43885,0,0
BBT_PB,D,20220401,000000,2.43885,2.43885,2.37957,2.3965,0,0
BBT_PB,D,20220404,000000,2.3965,2.47272,2.31182,2.4219,0,0
BBT_PB,D,20220405,000000,2.40497,2.532,2.40497,2.48965,0,0
BBT_PB,D,20220406,000000,2.48965,2.48965,2.37957,2.4219,0,0
BBT_PB,D,20220407,000000,2.40497,2.40497,2.37957,2.40497,0,0
BBT_PB,D,20220408,000000,2.37957,2.40497,2.35416,2.40497,0,0
BBT_PB,D,20220411,000000,2.36264,2.40497,2.36264,2.36264,0,0
BBT_PB,D,20220412,000000,2.33723,2.3965,2.32876,2.32876,0,0
BBT_PB,D,20220413,000000,2.32876,2.3457,2.27795,2.3457,0,0
BBT_PB,D,20220414,000000,2.3457,2.47272,2.3457,2.47272,0,0
BBT_PB,D,20220419,000000,2.50659,2.50659,2.36264,2.45579,0,0
BBT_PB,D,20220420,000000,2.4219,2.4219,2.37957,2.3965,0,0
BBT_PB,D,20220421,000000,2.40497,2.46426,2.38804,2.40497,0,0
BBT_PB,D,20220422,000000,2.38804,2.38804,2.36264,2.36264,0,0
BBT_PB,D,20220425,000000,2.4219,2.4219,2.40497,2.41344,0,0
BBT_PB,D,20220426,000000,2.41344,2.43885,2.38804,2.4219,0,0
BBT_PB,D,20220427,000000,2.4219,2.4219,2.36264,2.41344,0,0
BBT_PB,D,20220428,000000,2.4219,2.4219,2.26102,2.26102,0,0
BBT_PB,D,20220429,000000,2.26949,2.26949,2.12552,2.22715,0,0
BBT_PB,D,20220502,000000,2.22715,2.26949,2.22715,2.26949,0,0
BBT_PB,D,20220504,000000,2.26949,2.30335,2.22715,2.30335,0,0
BBT_PB,D,20220505,000000,2.30335,2.30335,2.26102,2.26949,0,0
BBT_PB,D,20220506,000000,2.26949,2.28642,2.2102,2.22715,0,0
BBT_PB,D,20220509,000000,2.25255,2.29489,2.2102,2.25255,0,0
BBT_PB,D,20220510,000000,2.25255,2.25255,2.19326,2.24408,0,0
BBT_PB,D,20220511,000000,2.25255,2.26102,2.20174,2.25255,0,0
BBT_PB,D,20220512,000000,2.25255,2.25255,2.1848,2.1848,0,0
BBT_PB,D,20220513,000000,2.1848,2.22715,2.1848,2.22715,0,0
BBT_PB,D,20220516,000000,2.22715,2.24408,2.22715,2.24408,0,0
BBT_PB,D,20220517,000000,2.24408,2.24408,2.24408,2.24408,0,0
BBT_PB,D,20220518,000000,2.24408,2.24408,2.21867,2.24408,0,0
BBT_PB,D,20220519,000000,2.21867,2.22715,2.17633,2.22715,0,0
BBT_PB,D,20220520,000000,2.22715,2.23561,2.17633,2.23561,0,0
BBT_PB,D,20220523,000000,2.23561,2.23561,2.20174,2.21867,0,0
BBT_PB,D,20220524,000000,2.20174,2.22715,2.1848,2.21867,0,0
BBT_PB,D,20220525,000000,2.1848,2.1848,2.15092,2.16786,0,0
BBT_PB,D,20220526,000000,2.2102,2.2102,2.20174,2.20174,0,0
BBT_PB,D,20220527,000000,2.1848,2.1848,2.14245,2.15092,0,0
BBT_PB,D,20220530,000000,2.1848,2.1848,2.12552,2.12552,0,0
BBT_PB,D,20220531,000000,2.12552,2.14245,2.10011,2.10011,0,0
BBT_PB,D,20220601,000000,2.02389,2.10011,2.02389,2.05778,0,0
BBT_PB,D,20220602,000000,2.02389,2.03237,1.96463,2.02389,0,0
BBT_PB,D,20220603,000000,1.98156,1.98156,1.87995,1.91381,0,0
BBT_PB,D,20220606,000000,1.93922,2.02389,1.89688,1.93922,0,0
BBT_PB,D,20220607,000000,1.93922,1.93922,1.85455,1.90534,0,0
BBT_PB,D,20220608,000000,1.86301,1.90534,1.84607,1.84607,0,0
BBT_PB,D,20220609,000000,1.82913,1.87148,1.77833,1.84607,0,0
BBT_PB,D,20220610,000000,1.79526,1.82066,1.79526,1.79526,0,0
BBT_PB,D,20220613,000000,1.79526,1.79526,1.61743,1.7614,0,0
BBT_PB,D,20220614,000000,1.68518,1.7614,1.63437,1.74445,0,0
BBT_PB,D,20220615,000000,1.66825,1.74445,1.60896,1.74445,0,0
BBT_PB,D,20220617,000000,1.73599,1.73599,1.62589,1.68518,0,0
BBT_PB,D,20220620,000000,1.74445,1.74445,1.52427,1.56662,0,0
BBT_PB,D,20220621,000000,1.53274,1.60049,1.49887,1.5158,0,0
BBT_PB,D,20220622,000000,1.55815,1.55815,1.465,1.465,0,0
BBT_PB,D,20220623,000000,1.465,1.52427,1.465,1.52427,0,0
BBT_PB,D,20220624,000000,1.54697,1.61851,1.5112,1.59168,0,0
BBT_PB,D,20220627,000000,1.60062,1.66321,1.60062,1.60062,0,0
BBT_PB,D,20220628,000000,1.59168,1.64533,1.59168,1.63638,0,0
BBT_PB,D,20220629,000000,1.63638,1.69004,1.61851,1.69004,0,0
BBT_PB,D,20220630,000000,1.62744,1.67216,1.62744,1.63638,0,0
BBT_PB,D,20220701,000000,1.68111,1.84205,1.68111,1.82417,0,0
BBT_PB,D,20220704,000000,1.84205,2.15502,1.84205,2.1282,0,0
BBT_PB,D,20220705,000000,2.11032,2.11032,1.85995,1.90465,0,0
BBT_PB,D,20220706,000000,1.89571,1.97618,1.89571,1.89571,0,0
BBT_PB,D,20220707,000000,1.89571,1.89571,1.75263,1.89571,0,0
BBT_PB,D,20220708,000000,1.85995,1.88677,1.83311,1.86889,0,0
BBT_PB,D,20220711,000000,1.86889,1.86889,1.83311,1.86889,0,0
BBT_PB,D,20220712,000000,1.85099,1.85099,1.75263,1.82417,0,0
BBT_PB,D,20220713,000000,1.7884,1.81522,1.70793,1.79735,0,0
BBT_PB,D,20220714,000000,1.77052,1.77052,1.70793,1.75263,0,0
BBT_PB,D,20220715,000000,1.70793,1.76157,1.70793,1.76157,0,0
BBT_PB,D,20220718,000000,1.77052,1.81522,1.71687,1.79735,0,0
BBT_PB,D,20220719,000000,1.77052,1.77052,1.70793,1.75263,0,0
BBT_PB,D,20220720,000000,1.76157,1.76157,1.73476,1.7437,0,0
BBT_PB,D,20220721,000000,1.7437,1.75263,1.72581,1.75263,0,0
BBT_PB,D,20220722,000000,1.76157,1.77052,1.71687,1.77052,0,0
BBT_PB,D,20220725,000000,1.75263,1.80629,1.75263,1.80629,0,0
BBT_PB,D,20220726,000000,1.80629,1.81522,1.77052,1.77052,0,0
BBT_PB,D,20220727,000000,1.77052,1.79735,1.76157,1.76157,0,0
BBT_PB,D,20220728,000000,1.77946,1.84205,1.77946,1.84205,0,0
BBT_PB,D,20220729,000000,1.79735,1.88677,1.79735,1.87782,0,0
BBT_PB,D,20220801,000000,1.89571,1.94936,1.86889,1.94936,0,0
BBT_PB,D,20220802,000000,1.94936,1.94936,1.94042,1.94936,0,0
BBT_PB,D,20220803,000000,1.94042,2.06561,1.94042,2.05667,0,0
BBT_PB,D,20220804,000000,2.09243,2.09243,2.01195,2.06561,0,0
BBT_PB,D,20220805,000000,2.06561,2.06561,1.89571,1.99407,0,0
BBT_PB,D,20220808,000000,1.98513,2.02984,1.91359,2.01195,0,0
BBT_PB,D,20220809,000000,2.01195,2.01195,1.94042,1.97618,0,0
BBT_PB,D,20220810,000000,1.97618,1.97618,1.92254,1.96724,0,0
BBT_PB,D,20220811,000000,1.96724,2.02984,1.94042,2.01195,0,0
BBT_PB,D,20220812,000000,2.01195,2.04773,2.01195,2.01195,0,0
BBT_PB,D,20220816,000000,1.9583,2.01195,1.93148,2.00301,0,0
BBT_PB,D,20220817,000000,2.01195,2.01195,1.94936,1.98513,0,0
BBT_PB,D,20220818,000000,1.98513,2.01195,1.94936,2.01195,0,0
BBT_PB,D,20220819,000000,2.02984,2.02984,1.94936,1.96724,0,0
BBT_PB,D,20220822,000000,1.96724,1.97618,1.90465,1.97618,0,0
BBT_PB,D,20220823,000000,1.97618,1.98513,1.86889,1.94936,0,0
BBT_PB,D,20220824,000000,1.94936,1.94936,1.85995,1.92254,0,0
BBT_PB,D,20220825,000000,1.92254,1.92254,1.89571,1.91359,0,0
BBT_PB,D,20220826,000000,1.89571,1.92254,1.86889,1.92254,0,0
BBT_PB,D,20220829,000000,1.86889,1.92254,1.7437,1.92254,0,0
BBT_PB,D,20220830,000000,1.77946,1.93148,1.77052,1.91359,0,0
BBT_PB,D,20220831,000000,1.94042,2.01195,1.94042,1.98513,0,0
BBT_PB,D,20220901,000000,1.94936,1.9583,1.92254,1.94042,0,0
BBT_PB,D,20220902,000000,1.92254,1.94936,1.92254,1.94936,0,0
BBT_PB,D,20220905,000000,1.86889,1.94936,1.86889,1.94042,0,0
BBT_PB,D,20220906,000000,1.94936,1.94936,1.86889,1.86889,0,0
BBT_PB,D,20220907,000000,1.85995,1.94042,1.85995,1.93148,0,0
BBT_PB,D,20220908,000000,1.92254,1.92254,1.85995,1.89571,0,0
BBT_PB,D,20220909,000000,1.86889,1.91359,1.85995,1.91359,0,0
BBT_PB,D,20220912,000000,1.91359,1.91359,1.85995,1.86889,0,0
BBT_PB,D,20220913,000000,1.85995,1.87782,1.7884,1.85099,0,0
BBT_PB,D,20220914,000000,1.81522,1.85099,1.81522,1.82417,0,0
BBT_PB,D,20220915,000000,1.79735,1.85099,1.7437,1.7437,0,0
BBT_PB,D,20220916,000000,1.70793,1.73476,1.65427,1.65427,0,0
BBT_PB,D,20220919,000000,1.69898,1.69898,1.62744,1.64533,0,0
BBT_PB,D,20220920,000000,1.69004,1.69004,1.64533,1.64533,0,0
BBT_PB,D,20220921,000000,1.60062,1.68111,1.55592,1.68111,0,0
BBT_PB,D,20220922,000000,1.61851,1.67216,1.61851,1.67216,0,0
BBT_PB,D,20220923,000000,1.61851,1.69004,1.61851,1.68111,0,0
BBT_PB,D,20220926,000000,1.62744,1.64533,1.57379,1.60062,0,0
BBT_PB,D,20220927,000000,1.63638,1.63638,1.54697,1.54697,0,0
BBT_PB,D,20220928,000000,1.58274,1.58274,1.48437,1.5112,0,0
BBT_PB,D,20220929,000000,1.60957,1.62744,1.5112,1.52015,0,0
BBT_PB,D,20220930,000000,1.52015,1.59168,1.45755,1.53803,0,0
BBT_PB,D,20221003,000000,1.49332,1.50226,1.45755,1.47543,0,0
BBT_PB,D,20221004,000000,1.52909,1.52909,1.46649,1.48437,0,0
BBT_PB,D,20221005,000000,1.50226,1.50226,1.48437,1.48437,0,0
BBT_PB,D,20221006,000000,1.48437,1.61851,1.48437,1.61851,0,0
BBT_PB,D,20221007,000000,1.64533,1.69004,1.61851,1.66321,0,0
BBT_PB,D,20221010,000000,1.66321,1.81522,1.66321,1.77946,0,0
BBT_PB,D,20221011,000000,1.77946,1.79735,1.69898,1.71687,0,0
BBT_PB,D,20221012,000000,1.75263,1.7884,1.72581,1.72581,0,0
BBT_PB,D,20221013,000000,1.76157,1.76157,1.68111,1.69004,0,0
BBT_PB,D,20221014,000000,1.69004,1.73476,1.65427,1.69004,0,0
BBT_PB,D,20221017,000000,1.66321,1.71687,1.61851,1.71687,0,0
BBT_PB,D,20221018,000000,1.71687,1.71687,1.66321,1.68111,0,0
BBT_PB,D,20221019,000000,1.68111,1.68111,1.68111,1.68111,0,0
BBT_PB,D,20221020,000000,1.73476,1.73476,1.56485,1.68111,0,0
BBT_PB,D,20221021,000000,1.60062,1.66321,1.60062,1.64533,0,0
BBT_PB,D,20221024,000000,1.64533,1.66321,1.62744,1.66321,0,0
BBT_PB,D,20221025,000000,1.62744,1.64533,1.62744,1.62744,0,0
BBT_PB,D,20221026,000000,1.58274,1.64533,1.58274,1.64533,0,0
BBT_PB,D,20221027,000000,1.64533,1.64533,1.64533,1.64533,0,0
BBT_PB,D,20221028,000000,1.63638,1.72581,1.60062,1.72581,0,0
BBT_PB,D,20221031,000000,1.80629,1.93148,1.77946,1.89571,0,0
BBT_PB,D,20221102,000000,1.89571,1.89571,1.87782,1.88677,0,0
BBT_PB,D,20221103,000000,1.88677,1.88677,1.84205,1.84205,0,0
BBT_PB,D,20221104,000000,1.85995,1.88677,1.84205,1.88677,0,0
BBT_PB,D,20221107,000000,1.85099,1.93148,1.82417,1.85099,0,0
BBT_PB,D,20221108,000000,1.85099,1.94042,1.85099,1.89571,0,0
BBT_PB,D,20221109,000000,1.86889,1.93148,1.84205,1.92254,0,0
BBT_PB,D,20221110,000000,1.87782,1.94042,1.87782,1.94042,0,0
BBT_PB,D,20221114,000000,1.94042,1.94936,1.94042,1.94042,0,0
BBT_PB,D,20221115,000000,1.89571,1.91359,1.88677,1.90465,0,0
BBT_PB,D,20221116,000000,1.88677,1.92254,1.84205,1.92254,0,0
BBT_PB,D,20221117,000000,1.85995,1.91359,1.85995,1.91359,0,0
BBT_PB,D,20221118,000000,1.86889,1.93148,1.86889,1.93148,0,0
BBT_PB,D,20221121,000000,1.89571,1.92254,1.89571,1.89571,0,0
BBT_PB,D,20221122,000000,1.85099,1.90465,1.85099,1.86889,0,0
BBT_PB,D,20221123,000000,1.86889,1.90465,1.86889,1.89571,0,0
BBT_PB,D,20221124,000000,1.87782,1.88677,1.85995,1.85995,0,0
BBT_PB,D,20221125,000000,1.85995,1.89571,1.84205,1.88677,0,0
BBT_PB,D,20221128,000000,1.88677,1.88677,1.85099,1.85995,0,0
BBT_PB,D,20221129,000000,1.88677,1.93148,1.85995,1.90465,0,0
BBT_PB,D,20221130,000000,1.89571,2.01195,1.88677,2.01195,0,0
BBT_PB,D,20221201,000000,2.03879,2.03879,1.97618,2.02089,0,0
BBT_PB,D,20221202,000000,2.02984,2.02984,1.99407,1.99407,0,0
BBT_PB,D,20221205,000000,2.02089,2.03879,1.98513,2.01195,0,0
BBT_PB,D,20221206,000000,2.02089,2.07455,1.96724,2.07455,0,0
BBT_PB,D,20221207,000000,2.07455,2.07455,1.98513,2.01195,0,0
BBT_PB,D,20221208,000000,1.97618,2.02984,1.96724,1.97618,0,0
BBT_PB,D,20221209,000000,1.97618,2.00301,1.97618,2.00301,0,0
BBT_PB,D,20221212,000000,1.99407,1.99407,1.97618,1.99407,0,0
BBT_PB,D,20221213,000000,2.023,2.04131,1.89485,1.89485,0,0
BBT_PB,D,20221214,000000,1.91315,1.92231,1.89485,1.91315,0,0
BBT_PB,D,20221215,000000,1.89485,1.89485,1.76669,1.83993,0,0
BBT_PB,D,20221216,000000,1.83993,1.87654,1.80331,1.82162,0,0
BBT_PB,D,20221219,000000,1.82162,1.82162,1.81247,1.82162,0,0
BBT_PB,D,20221220,000000,1.82162,1.84908,1.82162,1.82162,0,0
BBT_PB,D,20221221,000000,1.83993,1.85823,1.82162,1.83993,0,0
BBT_PB,D,20221222,000000,1.83993,1.84908,1.81247,1.83077,0,0
BBT_PB,D,20221223,000000,1.82162,1.82162,1.80331,1.81247,0,0
BBT_PB,D,20221227,000000,1.76669,1.81247,1.76669,1.80331,0,0
BBT_PB,D,20221228,000000,1.80331,1.83993,1.79415,1.81247,0,0
BBT_PB,D,20221229,000000,1.81247,1.86739,1.81247,1.86739,0,0
BBT_PB,D,20221230,000000,1.86739,1.92231,1.86739,1.88569,0,0
BBT_PB,D,20230102,000000,1.92231,1.92231,1.88569,1.904,0,0
BBT_PB,D,20230103,000000,1.92231,1.97723,1.904,1.93146,0,0
BBT_PB,D,20230104,000000,1.93146,1.97723,1.83077,1.92231,0,0
BBT_PB,D,20230105,000000,1.94061,2.13284,1.94061,2.08708,0,0
BBT_PB,D,20230109,000000,2.12369,2.12369,2.05962,2.05962,0,0
BBT_PB,D,20230110,000000,2.06877,2.08708,2.04131,2.06877,0,0
BBT_PB,D,20230111,000000,2.08708,2.16031,2.06877,2.11454,0,0
BBT_PB,D,20230112,000000,2.11454,2.11454,2.05962,2.05962,0,0
BBT_PB,D,20230113,000000,2.06877,2.10538,2.04131,2.08708,0,0
BBT_PB,D,20230116,000000,2.08708,2.09623,2.05046,2.08708,0,0
BBT_PB,D,20230117,000000,2.08708,2.08708,2.05046,2.07792,0,0
BBT_PB,D,20230118,000000,2.07792,2.10538,2.07792,2.08708,0,0
BBT_PB,D,20230119,000000,2.08708,2.10538,2.06877,2.08708,0,0
BBT_PB,D,20230120,000000,2.12369,2.16031,2.12369,2.16031,0,0
BBT_PB,D,20230123,000000,2.16946,2.27931,2.16946,2.25185,0,0
BBT_PB,D,20230124,000000,2.28846,2.30677,2.25185,2.25185,0,0
BBT_PB,D,20230125,000000,2.35254,2.35254,2.23354,2.2427,0,0
BBT_PB,D,20230126,000000,2.2427,2.2427,2.23354,2.23354,0,0
BBT_PB,D,20230127,000000,2.21523,2.29762,2.21523,2.2427,0,0
BBT_PB,D,20230130,000000,2.3983,2.3983,2.29762,2.32508,0,0
BBT_PB,D,20230131,000000,2.29762,2.36169,2.29762,2.30677,0,0
BBT_PB,D,20230201,000000,2.30677,2.30677,2.25185,2.27931,0,0
BBT_PB,D,20230202,000000,2.27931,2.43492,2.27931,2.34338,0,0
BBT_PB,D,20230203,000000,2.3983,2.40746,2.34338,2.38,0,0
BBT_PB,D,20230206,000000,2.38,2.38,2.30677,2.30677,0,0
BBT_PB,D,20230207,000000,2.34338,2.34338,2.27931,2.29762,0,0
BBT_PB,D,20230208,000000,2.25185,2.31592,2.22438,2.31592,0,0
BBT_PB,D,20230209,000000,2.25185,2.34338,2.25185,2.33423,0,0
BBT_PB,D,20230210,000000,2.33423,2.34338,2.27931,2.29762,0,0
BBT_PB,D,20230213,000000,2.32508,2.32508,2.261,2.32508,0,0
BBT_PB,D,20230214,000000,2.27931,2.31592,2.261,2.27016,0,0
BBT_PB,D,20230215,000000,2.27016,2.27931,2.25185,2.27016,0,0
BBT_PB,D,20230216,000000,2.25185,2.25185,2.08708,2.17861,0,0
BBT_PB,D,20230217,000000,2.17861,2.43492,2.13284,2.3983,0,0
BBT_PB,D,20230220,000000,2.3983,2.3983,2.35254,2.36169,0,0
BBT_PB,D,20230221,000000,2.36169,2.38,2.36169,2.36169,0,0
BBT_PB,D,20230222,000000,2.36169,2.3983,2.34338,2.37084,0,0
BBT_PB,D,20230223,000000,2.38915,2.46239,2.38,2.45323,0,0
BBT_PB,D,20230224,000000,2.48985,2.55392,2.47154,2.47154,0,0
BBT_PB,D,20230227,000000,2.50815,2.59054,2.43492,2.59054,0,0
BBT_PB,D,20230228,000000,2.59054,2.72785,2.59054,2.70954,0,0
BBT_PB,D,20230301,000000,2.71869,2.79192,2.50815,2.64546,0,0
BBT_PB,D,20230302,000000,2.65462,2.70039,2.65462,2.66377,0,0
BBT_PB,D,20230303,000000,2.66377,2.71869,2.62715,2.62715,0,0
BBT_PB,D,20230306,000000,2.65462,2.65462,2.50815,2.57223,0,0
BBT_PB,D,20230307,000000,2.59054,2.59054,2.51731,2.52646,0,0
BBT_PB,D,20230308,000000,2.52646,2.52646,2.46239,2.48069,0,0
BBT_PB,D,20230309,000000,2.48069,2.53562,2.42576,2.52646,0,0
BBT_PB,D,20230310,000000,2.55392,2.55392,2.42576,2.42576,0,0
BBT_PB,D,20230313,000000,2.40746,2.40746,2.25185,2.25185,0,0
BBT_PB,D,20230314,000000,2.27931,2.38915,2.27931,2.36169,0,0
BBT_PB,D,20230315,000000,2.36169,2.37084,2.27931,2.28846,0,0
BBT_PB,D,20230316,000000,2.27016,2.36169,2.261,2.34338,0,0
BBT_PB,D,20230317,000000,2.31592,2.37084,2.31592,2.33423,0,0
BBT_PB,D,20230320,000000,2.33423,2.33423,2.23354,2.33423,0,0
BBT_PB,D,20230321,000000,2.34338,2.35254,2.29762,2.31592,0,0
BBT_PB,D,20230322,000000,2.35254,2.42576,2.29762,2.34338,0,0
BBT_PB,D,20230323,000000,2.34338,2.40746,2.34338,2.37084,0,0
BBT_PB,D,20230324,000000,2.32508,2.32508,2.29762,2.31592,0,0
BBT_PB,D,20230327,000000,2.29762,2.34338,2.27016,2.34338,0,0
BBT_PB,D,20230328,000000,2.31592,2.34338,2.2427,2.27016,0,0
BBT_PB,D,20230329,000000,2.27016,2.27016,2.2427,2.2427,0,0
BBT_PB,D,20230330,000000,2.2427,2.27016,2.2427,2.25185,0,0
BBT_PB,D,20230331,000000,2.25185,2.261,2.23354,2.2427,0,0
BBT_PB,D,20230403,000000,2.2427,2.34338,2.2427,2.29762,0,0
BBT_PB,D,20230404,000000,2.32508,2.38,2.31592,2.31592,0,0
BBT_PB,D,20230405,000000,2.31592,2.32508,2.27931,2.27931,0,0
BBT_PB,D,20230406,000000,2.37084,2.37084,2.28846,2.28846,0,0
BBT_PB,D,20230411,000000,2.32508,2.36169,2.32508,2.36169,0,0
BBT_PB,D,20230412,000000,2.36169,2.36169,2.261,2.36169,0,0
BBT_PB,D,20230413,000000,2.36169,2.38,2.31592,2.33423,0,0
BBT_PB,D,20230414,000000,2.33423,2.38,2.33423,2.38,0,0
BBT_PB,D,20230417,000000,2.38,2.3983,2.34338,2.3983,0,0
BBT_PB,D,20230418,000000,2.38,2.3983,2.34338,2.36169,0,0
BBT_PB,D,20230419,000000,2.38,2.38915,2.34338,2.36169,0,0
BBT_PB,D,20230420,000000,2.36169,2.36169,2.32508,2.36169,0,0
BBT_PB,D,20230421,000000,2.3983,2.51731,2.3983,2.44408,0,0
BBT_PB,D,20230424,000000,2.44408,2.499,2.44408,2.45323,0,0
BBT_PB,D,20230425,000000,2.499,2.499,2.3983,2.3983,0,0
BBT_PB,D,20230426,000000,2.38915,2.45323,2.38,2.38,0,0
BBT_PB,D,20230427,000000,2.44408,2.44408,2.261,2.37084,0,0
BBT_PB,D,20230428,000000,2.35254,2.35254,2.29762,2.33423,0,0
BBT_PB,D,20230502,000000,2.33423,2.34338,2.29762,2.33423,0,0
BBT_PB,D,20230504,000000,2.30677,2.30677,2.16946,2.23354,0,0
BBT_PB,D,20230505,000000,2.23354,2.29762,2.20607,2.23354,0,0
BBT_PB,D,20230508,000000,2.23354,2.29762,2.23354,2.261,0,0
BBT_PB,D,20230509,000000,2.27931,2.27931,2.25185,2.27931,0,0
BBT_PB,D,20230510,000000,2.27931,2.28846,2.25185,2.25185,0,0
BBT_PB,D,20230511,000000,2.25185,2.25185,2.21523,2.21523,0,0
BBT_PB,D,20230512,000000,2.21523,2.261,2.21523,2.261,0,0
BBT_PB,D,20230515,000000,2.261,2.31592,2.25185,2.30677,0,0
BBT_PB,D,20230516,000000,2.31592,2.38,2.31592,2.38,0,0
BBT_PB,D,20230517,000000,2.36169,2.37084,2.27016,2.37084,0,0
BBT_PB,D,20230518,000000,2.35254,2.35254,2.27016,2.29762,0,0
BBT_PB,D,20230519,000000,2.261,2.33423,2.261,2.33423,0,0
BBT_PB,D,20230522,000000,2.36169,2.36169,2.2427,2.28846,0,0
BBT_PB,D,20230523,000000,2.27016,2.31592,2.261,2.31592,0,0
BBT_PB,D,20230524,000000,2.27016,2.36169,2.27016,2.32508,0,0
BBT_PB,D,20230525,000000,2.32508,2.33423,2.27931,2.33423,0,0
BBT_PB,D,20230526,000000,2.29762,2.29762,2.09623,2.09623,0,0
BBT_PB,D,20230529,000000,2.09623,2.09623,2.03216,2.06877,0,0
BBT_PB,D,20230530,000000,2.05962,2.05962,1.99553,2.03216,0,0
BBT_PB,D,20230531,000000,2.04131,2.08708,2.04131,2.07792,0,0
BBT_PB,D,20230601,000000,2.06877,2.06877,1.94061,2.023,0,0
BBT_PB,D,20230602,000000,2.023,2.023,1.94977,1.99553,0,0
BBT_PB,D,20230605,000000,1.96807,1.99553,1.94977,1.98638,0,0
BBT_PB,D,20230606,000000,1.96807,1.99553,1.94061,1.99553,0,0
BBT_PB,D,20230607,000000,1.99553,2.03216,1.96807,1.99553,0,0
BBT_PB,D,20230609,000000,1.99553,1.99553,1.96807,1.98638,0,0
BBT_PB,D,20230612,000000,1.98638,1.99553,1.96807,1.97723,0,0
BBT_PB,D,20230613,000000,1.99553,2.023,1.95892,1.99553,0,0
BBT_PB,D,20230614,000000,1.99553,1.99553,1.97723,1.99553,0,0
BBT_PB,D,20230615,000000,1.99553,1.99553,1.93146,1.98638,0,0
BBT_PB,D,20230616,000000,1.97723,2.03216,1.94977,2.03216,0,0
BBT_PB,D,20230619,000000,2.07792,2.07792,2.03216,2.06877,0,0
BBT_PB,D,20230620,000000,2.06877,2.08708,2.05046,2.05962,0,0
BBT_PB,D,20230621,000000,2.09623,2.10538,2.04131,2.04131,0,0
BBT_PB,D,20230622,000000,2.09623,2.09623,2.05046,2.09623,0,0
BBT_PB,D,20230623,000000,2.09623,2.10538,2.08708,2.10538,0,0
BBT_PB,D,20230626,000000,2.10538,2.15115,2.10538,2.142,0,0
BBT_PB,D,20230627,000000,2.09968,2.15773,2.09968,2.15773,0,0
BBT_PB,D,20230628,000000,2.15773,2.20611,2.15773,2.15773,0,0
BBT_PB,D,20230629,000000,2.10935,2.1287,2.10935,2.10935,0,0
BBT_PB,D,20230630,000000,2.11903,2.11903,2.09,2.09,0,0
BBT_PB,D,20230703,000000,2.09968,2.14806,2.09968,2.10935,0,0
BBT_PB,D,20230704,000000,2.09,2.13838,2.0513,2.10935,0,0
BBT_PB,D,20230705,000000,2.10935,2.10935,2.06097,2.09968,0,0
BBT_PB,D,20230706,000000,2.09968,2.11903,2.09968,2.09968,0,0
BBT_PB,D,20230707,000000,2.09968,2.09968,2.01259,2.09968,0,0
BBT_PB,D,20230710,000000,2.09968,2.09968,2.03194,2.09968,0,0
BBT_PB,D,20230711,000000,2.09968,2.09968,2.03194,2.03194,0,0
BBT_PB,D,20230712,000000,2.03194,2.09,2.03194,2.08032,0,0
BBT_PB,D,20230713,000000,2.07065,2.08032,2.06097,2.06097,0,0
BBT_PB,D,20230714,000000,2.06097,2.06097,2.0513,2.0513,0,0
BBT_PB,D,20230717,000000,2.0513,2.06097,1.99324,2.06097,0,0
BBT_PB,D,20230718,000000,2.06097,2.06097,1.99324,2.02227,0,0
BBT_PB,D,20230719,000000,2.01259,2.03194,1.94486,1.95454,0,0
BBT_PB,D,20230720,000000,2.00292,2.00292,1.95454,1.95454,0,0
BBT_PB,D,20230721,000000,1.98356,2.03194,1.98356,1.98356,0,0
BBT_PB,D,20230724,000000,1.98356,2.0513,1.93519,1.97389,0,0
BBT_PB,D,20230725,000000,1.99324,1.99324,1.98356,1.99324,0,0
BBT_PB,D,20230726,000000,2.04162,2.04162,1.97389,1.98356,0,0
BBT_PB,D,20230727,000000,1.99324,1.99324,1.95454,1.98356,0,0
BBT_PB,D,20230728,000000,1.98356,1.98356,1.95454,1.97389,0,0
BBT_PB,D,20230731,000000,1.98356,1.98356,1.92551,1.95454,0,0
BBT_PB,D,20230801,000000,1.95454,1.97389,1.93519,1.96421,0,0
BBT_PB,D,20230802,000000,1.94486,1.96421,1.90616,1.95454,0,0
BBT_PB,D,20230803,000000,1.94486,1.95454,1.92551,1.95454,0,0
BBT_PB,D,20230804,000000,1.94486,1.94486,1.91583,1.94293,0,0
BBT_PB,D,20230807,000000,1.93519,1.93519,1.91874,1.91874,0,0
BBT_PB,D,20230808,000000,1.92648,1.93519,1.91003,1.91003,0,0
BBT_PB,D,20230809,000000,1.91874,1.93519,1.89455,1.89455,0,0
BBT_PB,D,20230810,000000,1.92648,1.92648,1.89455,1.92648,0,0
BBT_PB,D,20230811,000000,1.93519,2.0242,1.90229,1.95067,0,0
BBT_PB,D,20230814,000000,1.96712,1.98356,1.94293,1.94293,0,0
BBT_PB,D,20230816,000000,1.95067,1.95937,1.93519,1.93519,0,0
BBT_PB,D,20230817,000000,1.93519,1.95937,1.91003,1.91003,0,0
BBT_PB,D,20230818,000000,1.91003,1.91003,1.90229,1.90229,0,0
BBT_PB,D,20230821,000000,1.90229,1.95067,1.90229,1.90229,0,0
BBT_PB,D,20230822,000000,1.91874,1.95067,1.91874,1.95067,0,0
BBT_PB,D,20230823,000000,1.95937,1.95937,1.90229,1.90229,0,0
BBT_PB,D,20230824,000000,1.91003,1.94293,1.90229,1.91003,0,0
BBT_PB,D,20230825,000000,1.91003,1.94293,1.91003,1.91874,0,0
BBT_PB,D,20230828,000000,1.94293,1.95067,1.93519,1.93519,0,0
BBT_PB,D,20230829,000000,1.93519,1.98356,1.91874,1.98356,0,0
BBT_PB,D,20230830,000000,1.96712,2.03194,1.96712,2.03194,0,0
BBT_PB,D,20230831,000000,1.99131,2.03194,1.99131,2.00001,0,0
BBT_PB,D,20230901,000000,2.01646,2.01646,2.00001,2.01646,0,0
BBT_PB,D,20230904,000000,2.01646,2.03194,1.97582,2.03194,0,0
BBT_PB,D,20230905,000000,2.03194,2.04065,1.98356,2.01646,0,0
BBT_PB,D,20230906,000000,1.98356,2.00001,1.96712,1.96712,0,0
BBT_PB,D,20230907,000000,1.96712,1.98356,1.93519,1.93519,0,0
BBT_PB,D,20230908,000000,1.92648,2.00775,1.92648,1.98356,0,0
BBT_PB,D,20230911,000000,2.00775,2.00775,1.91003,1.93519,0,0
BBT_PB,D,20230912,000000,1.93519,1.95067,1.90229,1.95067,0,0
BBT_PB,D,20230913,000000,1.91003,1.91003,1.88584,1.88584,0,0
BBT_PB,D,20230914,000000,1.88584,1.91874,1.86939,1.88584,0,0
BBT_PB,D,20230915,000000,1.86939,1.8781,1.85391,1.85391,0,0
BBT_PB,D,20230918,000000,1.89455,1.89455,1.8781,1.88584,0,0
BBT_PB,D,20230919,000000,1.86165,1.99131,1.85391,1.91874,0,0
BBT_PB,D,20230920,000000,1.8781,1.95067,1.86165,1.8781,0,0
BBT_PB,D,20230921,000000,1.93519,1.94293,1.8781,1.94293,0,0
BBT_PB,D,20230922,000000,1.93519,1.94293,1.8781,1.8781,0,0
BBT_PB,D,20230925,000000,1.91874,1.91874,1.88584,1.88584,0,0
BBT_PB,D,20230926,000000,1.85391,1.91003,1.85391,1.89455,0,0
BBT_PB,D,20230927,000000,1.92744,1.93519,1.89455,1.89455,0,0
BBT_PB,D,20230928,000000,1.89455,1.89455,1.86165,1.8781,0,0
BBT_PB,D,20230929,000000,1.8781,1.89455,1.8452,1.8452,0,0
BBT_PB,D,20231002,000000,1.89455,1.92744,1.8452,1.8781,0,0
BBT_PB,D,20231003,000000,1.82778,1.93519,1.82778,1.8452,0,0
BBT_PB,D,20231004,000000,1.8781,1.88584,1.82778,1.8452,0,0
BBT_PB,D,20231005,000000,1.86939,1.8781,1.86939,1.8781,0,0
BBT_PB,D,20231006,000000,1.8452,1.8452,1.83649,1.83649,0,0
BBT_PB,D,20231009,000000,1.8781,1.92744,1.82778,1.8452,0,0
BBT_PB,D,20231010,000000,1.89455,1.92744,1.85294,1.91874,0,0
BBT_PB,D,20231011,000000,1.91874,1.93519,1.91874,1.93519,0,0
BBT_PB,D,20231012,000000,1.93519,1.93519,1.92744,1.92744,0,0
BBT_PB,D,20231013,000000,1.92744,1.92744,1.86165,1.86165,0,0
BBT_PB,D,20231016,000000,1.86165,1.911,1.86165,1.911,0,0
BBT_PB,D,20231017,000000,1.911,1.911,1.8781,1.88584,0,0
BBT_PB,D,20231018,000000,1.88584,1.91874,1.88584,1.91874,0,0
BBT_PB,D,20231019,000000,1.911,1.911,1.8781,1.8781,0,0
BBT_PB,D,20231020,000000,1.911,1.911,1.86165,1.89455,0,0
BBT_PB,D,20231023,000000,1.8781,1.89455,1.85294,1.89455,0,0
BBT_PB,D,20231024,000000,1.8452,1.8781,1.82778,1.85294,0,0
BBT_PB,D,20231025,000000,1.85294,1.85294,1.8123,1.82004,0,0
BBT_PB,D,20231026,000000,1.8123,1.85294,1.8123,1.85294,0,0
BBT_PB,D,20231027,000000,1.8452,1.8452,1.79585,1.8452,0,0
BBT_PB,D,20231030,000000,1.82778,1.86165,1.82778,1.85294,0,0
BBT_PB,D,20231031,000000,1.85294,1.86165,1.82778,1.85294,0,0
BBT_PB,D,20231102,000000,1.82778,1.85294,1.82778,1.82778,0,0
BBT_PB,D,20231103,000000,1.82778,1.86165,1.76199,1.78714,0,0
BBT_PB,D,20231106,000000,1.83649,1.86165,1.82778,1.82778,0,0
BBT_PB,D,20231107,000000,1.82778,1.86939,1.82778,1.86165,0,0
BBT_PB,D,20231108,000000,1.91874,2.05904,1.91874,2.03388,0,0
BBT_PB,D,20231109,000000,2.06678,2.11612,2.06678,2.09194,0,0
BBT_PB,D,20231110,000000,2.10838,2.10838,2.01743,2.01743,0,0
BBT_PB,D,20231113,000000,2.04259,2.07549,1.99324,2.02614,0,0
BBT_PB,D,20231114,000000,2.02614,2.05904,2.00969,2.05904,0,0
BBT_PB,D,20231115,000000,2.05904,2.05904,2.05033,2.05033,0,0
BBT_PB,D,20231116,000000,2.05904,2.05904,1.94389,2.00098,0,0
BBT_PB,D,20231117,000000,1.98453,2.05033,1.97679,2.05033,0,0
BBT_PB,D,20231120,000000,2.04259,2.09968,2.04259,2.09968,0,0
BBT_PB,D,20231121,000000,2.07549,2.07549,2.01743,2.02614,0,0
BBT_PB,D,20231122,000000,2.00969,2.01743,1.99324,1.99324,0,0
BBT_PB,D,20231123,000000,2.00098,2.05904,2.00098,2.00098,0,0
BBT_PB,D,20231124,000000,2.02614,2.05904,1.96034,2.05033,0,0
BBT_PB,D,20231127,000000,2.05033,2.15773,2.05033,2.07549,0,0
BBT_PB,D,20231128,000000,2.14128,2.14999,2.03775,2.03775,0,0
BBT_PB,D,20231129,000000,2.02227,2.02227,1.95841,1.9826,0,0
BBT_PB,D,20231130,000000,1.9826,1.9826,1.90325,1.91874,0,0
BBT_PB,D,20231201,000000,1.96615,1.99034,1.91874,1.9826,0,0
BBT_PB,D,20231204,000000,1.9826,1.99034,1.95841,1.9826,0,0
BBT_PB,D,20231205,000000,1.9826,1.9826,1.91874,1.9826,0,0
BBT_PB,D,20231206,000000,1.96615,1.9826,1.95067,1.9826,0,0
BBT_PB,D,20231207,000000,1.94293,1.94293,1.88003,1.92744,0,0
BBT_PB,D,20231208,000000,1.88003,1.88777,1.83262,1.88777,0,0
BBT_PB,D,20231211,000000,1.88777,1.92744,1.83262,1.89551,0,0
BBT_PB,D,20231212,000000,1.89551,1.89551,1.84036,1.86358,0,0
BBT_PB,D,20231213,000000,1.8481,1.88777,1.8481,1.88003,0,0
BBT_PB,D,20231214,000000,1.86358,1.89551,1.8481,1.88777,0,0
BBT_PB,D,20231215,000000,1.86358,1.89551,1.85584,1.89551,0,0
BBT_PB,D,20231218,000000,1.86358,1.88777,1.84036,1.8481,0,0
BBT_PB,D,20231219,000000,1.88003,1.88003,1.83262,1.85584,0,0
BBT_PB,D,20231220,000000,1.85584,1.85584,1.74554,1.76102,0,0
BBT_PB,D,20231221,000000,1.76102,1.80069,1.7378,1.78521,0,0
BBT_PB,D,20231222,000000,1.78521,1.79295,1.7378,1.7378,0,0
BBT_PB,D,20231227,000000,1.7378,1.7378,1.65845,1.67394,0,0
BBT_PB,D,20231228,000000,1.69038,1.72135,1.69038,1.70587,0,0
BBT_PB,D,20231229,000000,1.70587,1.7378,1.70587,1.73006,0,0
BBT_PB,D,20240102,000000,1.71361,1.78521,1.71361,1.77747,0,0
BBT_PB,D,20240103,000000,1.76876,1.77747,1.74554,1.76876,0,0
BBT_PB,D,20240104,000000,1.77747,1.77747,1.7378,1.77747,0,0
BBT_PB,D,20240105,000000,1.74554,1.8481,1.74554,1.8481,0,0
BBT_PB,D,20240108,000000,1.84036,1.911,1.84036,1.88777,0,0
BBT_PB,D,20240109,000000,1.88777,1.88777,1.86358,1.87229,0,0
BBT_PB,D,20240110,000000,1.86358,1.88003,1.86358,1.87229,0,0
BBT_PB,D,20240111,000000,1.87229,1.88003,1.82488,1.84036,0,0
BBT_PB,D,20240112,000000,1.84036,1.8481,1.80843,1.80843,0,0
BBT_PB,D,20240115,000000,1.80069,1.80069,1.67394,1.7378,0,0
BBT_PB,D,20240116,000000,1.73006,1.7378,1.67394,1.73006,0,0
BBT_PB,D,20240117,000000,1.69812,1.72135,1.66619,1.69038,0,0
BBT_PB,D,20240118,000000,1.68264,1.68264,1.62652,1.66619,0,0
BBT_PB,D,20240119,000000,1.69038,1.69038,1.65845,1.65845,0,0
BBT_PB,D,20240122,000000,1.65845,1.72135,1.65071,1.65845,0,0
BBT_PB,D,20240123,000000,1.65845,1.70587,1.64297,1.70587,0,0
BBT_PB,D,20240124,000000,1.70587,1.72135,1.68264,1.71361,0,0
BBT_PB,D,20240125,000000,1.73006,1.7378,1.72135,1.7378,0,0
BBT_PB,D,20240126,000000,1.7378,1.76102,1.68264,1.69038,0,0
BBT_PB,D,20240129,000000,1.73006,1.73006,1.69038,1.72135,0,0
BBT_PB,D,20240130,000000,1.72135,1.72135,1.69038,1.70587,0,0
BBT_PB,D,20240131,000000,1.72135,1.75328,1.72135,1.75328,0,0
BBT_PB,D,20240201,000000,1.75328,1.79295,1.75328,1.76876,0,0
BBT_PB,D,20240202,000000,1.79295,1.85584,1.76876,1.82488,0,0
BBT_PB,D,20240205,000000,1.8481,1.88003,1.83262,1.8481,0,0
BBT_PB,D,20240206,000000,1.8481,1.86358,1.82488,1.83262,0,0
BBT_PB,D,20240207,000000,1.89551,1.89551,1.84036,1.88003,0,0
BBT_PB,D,20240208,000000,1.88003,1.88003,1.8481,1.88003,0,0
BBT_PB,D,20240209,000000,1.87229,1.88003,1.85584,1.85584,0,0
BBT_PB,D,20240212,000000,1.85584,1.95067,1.85584,1.94293,0,0
BBT_PB,D,20240213,000000,1.93519,2.03001,1.93519,2.00582,0,0
BBT_PB,D,20240214,000000,2.02227,2.02227,1.94293,1.97486,0,0
BBT_PB,D,20240215,000000,1.96615,2.02227,1.93519,1.95841,0,0
BBT_PB,D,20240216,000000,1.95841,1.99034,1.89551,1.92744,0,0
BBT_PB,D,20240219,000000,1.99034,2.02227,1.93519,1.99808,0,0
BBT_PB,D,20240220,000000,1.95067,1.97486,1.92744,1.97486,0,0
BBT_PB,D,20240221,000000,1.93519,1.96615,1.89551,1.91874,0,0
BBT_PB,D,20240222,000000,1.91874,1.94293,1.89551,1.94293,0,0
BBT_PB,D,20240223,000000,1.93519,2.00582,1.92744,2.00582,0,0
BBT_PB,D,20240226,000000,2.00582,2.00582,1.94293,1.97486,0,0
BBT_PB,D,20240227,000000,1.9826,1.9826,1.911,1.911,0,0
BBT_PB,D,20240228,000000,1.911,1.95841,1.89551,1.90325,0,0
BBT_PB,D,20240229,000000,1.90325,1.90325,1.82488,1.88003,0,0
BBT_PB,D,20240301,000000,1.88003,1.911,1.83262,1.90325,0,0
BBT_PB,D,20240304,000000,1.86358,1.911,1.8481,1.89551,0,0
BBT_PB,D,20240305,000000,1.90325,1.911,1.8481,1.86358,0,0
BBT_PB,D,20240306,000000,1.88003,1.88777,1.87229,1.88777,0,0
BBT_PB,D,20240307,000000,1.87229,1.87229,1.81617,1.8481,0,0
BBT_PB,D,20240308,000000,1.83262,1.83262,1.78521,1.81617,0,0
BBT_PB,D,20240311,000000,1.80069,1.80069,1.75328,1.75328,0,0
BBT_PB,D,20240312,000000,1.75328,1.75328,1.7378,1.7378,0,0
BBT_PB,D,20240313,000000,1.78521,1.78521,1.74554,1.75328,0,0
BBT_PB,D,20240314,000000,1.77747,1.78521,1.77747,1.77747,0,0
BBT_PB,D,20240315,000000,1.75328,1.78521,1.72135,1.73006,0,0
BBT_PB,D,20240318,000000,1.73006,1.76876,1.73006,1.73006,0,0
BBT_PB,D,20240319,000000,1.73006,1.78521,1.73006,1.77747,0,0
BBT_PB,D,20240320,000000,1.77747,1.77747,1.73006,1.73006,0,0
BBT_PB,D,20240321,000000,1.73006,1.76102,1.71361,1.7378,0,0
BBT_PB,D,20240322,000000,1.73006,1.76102,1.71361,1.72135,0,0
BBT_PB,D,20240325,000000,1.73006,1.73006,1.73006,1.73006,0,0
BBT_PB,D,20240326,000000,1.7378,1.7378,1.71361,1.7378,0,0
BBT_PB,D,20240327,000000,1.7378,1.7378,1.69812,1.73006,0,0
BBT_PB,D,20240328,000000,1.70587,1.73006,1.69038,1.71361,0,0
BBT_PB,D,20240402,000000,1.71361,1.77747,1.71361,1.76102,0,0
BBT_PB,D,20240403,000000,1.72135,1.74554,1.71361,1.72135,0,0
BBT_PB,D,20240404,000000,1.71361,1.7378,1.70587,1.7378,0,0
BBT_PB,D,20240405,000000,1.7378,1.77747,1.72135,1.77747,0,0
BBT_PB,D,20240408,000000,1.78521,1.78521,1.75328,1.78521,0,0
BBT_PB,D,20240409,000000,1.77747,1.78521,1.73006,1.75328,0,0
BBT_PB,D,20240410,000000,1.74554,1.75328,1.72135,1.75328,0,0
BBT_PB,D,20240411,000000,1.76876,1.81617,1.75328,1.80843,0,0
BBT_PB,D,20240412,000000,1.81617,1.85584,1.81617,1.81617,0,0
BBT_PB,D,20240415,000000,1.81617,1.8481,1.81617,1.81617,0,0
BBT_PB,D,20240416,000000,1.78521,1.78521,1.74554,1.74554,0,0
BBT_PB,D,20240417,000000,1.74554,1.84036,1.74554,1.79295,0,0
BBT_PB,D,20240418,000000,1.79295,1.79295,1.7378,1.77747,0,0
BBT_PB,D,20240419,000000,1.74554,1.99034,1.7378,1.99034,0,0
BBT_PB,D,20240422,000000,1.99034,1.99034,1.9555,1.99034,0,0
BBT_PB,D,20240423,000000,1.99034,1.99034,1.92938,1.92938,0,0
BBT_PB,D,20240424,000000,1.92938,1.92938,1.91196,1.92067,0,0
BBT_PB,D,20240425,000000,1.92067,1.96421,1.91196,1.9468,0,0
BBT_PB,D,20240426,000000,1.9468,1.97292,1.92067,1.9468,0,0
BBT_PB,D,20240429,000000,1.9468,1.9468,1.90325,1.93809,0,0
BBT_PB,D,20240430,000000,1.93809,1.9468,1.88584,1.92067,0,0
BBT_PB,D,20240502,000000,1.89455,1.9555,1.88584,1.93809,0,0
BBT_PB,D,20240506,000000,1.93809,1.9468,1.90325,1.90325,0,0
BBT_PB,D,20240507,000000,1.88584,1.96421,1.88584,1.92938,0,0
BBT_PB,D,20240508,000000,1.87713,1.92067,1.87713,1.92067,0,0
BBT_PB,D,20240509,000000,1.92067,1.92938,1.87713,1.91196,0,0
BBT_PB,D,20240510,000000,1.92938,1.9555,1.90325,1.9555,0,0
BBT_PB,D,20240513,000000,1.9555,1.97292,1.89455,1.96421,0,0
BBT_PB,D,20240514,000000,1.93809,1.9555,1.92938,1.93809,0,0
BBT_PB,D,20240515,000000,1.93809,1.97292,1.92067,1.96421,0,0
BBT_PB,D,20240516,000000,1.96421,2.00775,1.92938,2.00775,0,0
BBT_PB,D,20240517,000000,2.00775,2.03388,1.98163,2.00775,0,0
BBT_PB,D,20240520,000000,1.98163,2.06,1.98163,2.0513,0,0
BBT_PB,D,20240521,000000,2.02517,2.0513,2.00775,2.0513,0,0
BBT_PB,D,20240522,000000,2.01646,2.0513,2.01646,2.0513,0,0
BBT_PB,D,20240523,000000,2.06,2.06871,2.01646,2.01646,0,0
BBT_PB,D,20240524,000000,2.06,2.06871,1.97486,1.97486,0,0
BBT_PB,D,20240527,000000,2.00098,2.02614,1.97486,2.00098,0,0
BBT_PB,D,20240528,000000,1.98356,2.00098,1.98356,1.98356,0,0
BBT_PB,D,20240529,000000,1.98356,2.02614,1.98356,1.98356,0,0
BBT_PB,D,20240531,000000,1.98356,1.99227,1.98356,1.98356,0,0
BBT_PB,D,20240603,000000,2.00098,2.00098,1.99227,1.99227,0,0
BBT_PB,D,20240604,000000,1.98356,1.98356,1.9497,1.9497,0,0
BBT_PB,D,20240605,000000,1.95744,2.00098,1.90616,1.90616,0,0
BBT_PB,D,20240606,000000,1.91487,1.97486,1.91487,1.91487,0,0
BBT_PB,D,20240607,000000,1.91487,1.92357,1.89745,1.92357,0,0
BBT_PB,D,20240610,000000,1.93228,1.93228,1.881,1.89745,0,0
BBT_PB,D,20240611,000000,1.88971,1.92357,1.83843,1.92357,0,0
BBT_PB,D,20240612,000000,1.87229,1.91583,1.86358,1.91583,0,0
BBT_PB,D,20240613,000000,1.87229,1.87229,1.85487,1.86358,0,0
BBT_PB,D,20240614,000000,1.89842,1.92357,1.84713,1.92357,0,0
BBT_PB,D,20240617,000000,1.92357,1.94099,1.92357,1.94099,0,0
BBT_PB,D,20240618,000000,1.94099,1.94099,1.88971,1.93228,0,0
BBT_PB,D,20240619,000000,1.88971,1.92357,1.87229,1.92357,0,0
BBT_PB,D,20240620,000000,1.92357,1.93228,1.86358,1.86358,0,0
BBT_PB,D,20240621,000000,1.86358,1.87229,1.85487,1.85487,0,0
BBT_PB,D,20240624,000000,1.85487,1.881,1.82101,1.85487,0,0
BBT_PB,D,20240625,000000,1.85487,1.85487,1.8123,1.8123,0,0
BBT_PB,D,20240626,000000,1.83843,1.84713,1.80359,1.82972,0,0
BBT_PB,D,20240627,000000,1.82972,1.84713,1.8123,1.84713,0,0
BBT_PB,D,20240628,000000,1.85487,1.85487,1.8123,1.8123,0,0
BBT_PB,D,20240701,000000,1.84713,1.92357,1.83843,1.88971,0,0
BBT_PB,D,20240702,000000,1.85487,1.881,1.8123,1.81714,0,0
BBT_PB,D,20240703,000000,1.86842,1.88584,1.81714,1.86068,0,0
BBT_PB,D,20240704,000000,1.887,1.931,1.887,1.931,0,0
BBT_PB,D,20240705,000000,1.931,1.994,1.887,1.958,0,0
BBT_PB,D,20240708,000000,1.958,1.985,1.905,1.923,0,0
BBT_PB,D,20240709,000000,1.958,1.958,1.905,1.94,0,0
BBT_PB,D,20240710,000000,1.931,1.94,1.914,1.94,0,0
BBT_PB,D,20240711,000000,1.94,1.949,1.923,1.931,0,0
BBT_PB,D,20240712,000000,1.931,1.958,1.923,1.949,0,0
BBT_PB,D,20240715,000000,1.958,1.958,1.94,1.94,0,0
BBT_PB,D,20240716,000000,1.958,1.958,1.825,1.887,0,0
BBT_PB,D,20240717,000000,1.887,1.887,1.869,1.869,0,0
BBT_PB,D,20240718,000000,1.905,2.012,1.869,2.012,0,0
BBT_PB,D,20240719,000000,2.012,2.02,1.985,2.012,0,0
BBT_PB,D,20240722,000000,2.012,2.02,1.958,1.976,0,0
BBT_PB,D,20240723,000000,1.976,1.985,1.958,1.985,0,0
BBT_PB,D,20240724,000000,1.976,1.985,1.976,1.985,0,0
BBT_PB,D,20240725,000000,1.949,1.949,1.923,1.931,0,0
BBT_PB,D,20240726,000000,1.949,2.012,1.949,1.985,0,0
BBT_PB,D,20240729,000000,1.985,2.012,1.949,2.012,0,0
BBT_PB,D,20240730,000000,2.012,2.029,1.994,2.012,0,0
BBT_PB,D,20240731,000000,1.994,2.047,1.994,2.047,0,0
BBT_PB,D,20240801,000000,2.047,2.047,1.958,2.02,0,0
BBT_PB,D,20240802,000000,1.976,1.985,1.94,1.949,0,0
BBT_PB,D,20240805,000000,1.931,1.931,1.748,1.851,0,0
BBT_PB,D,20240806,000000,1.851,1.86,1.816,1.834,0,0
BBT_PB,D,20240807,000000,1.834,1.905,1.816,1.887,0,0
BBT_PB,D,20240808,000000,1.887,1.923,1.851,1.905,0,0
BBT_PB,D,20240809,000000,1.878,1.896,1.816,1.869,0,0
BBT_PB,D,20240812,000000,1.834,1.869,1.825,1.842,0,0
BBT_PB,D,20240813,000000,1.869,1.878,1.834,1.842,0,0
BBT_PB,D,20240814,000000,1.842,1.878,1.842,1.842,0,0
BBT_PB,D,20240816,000000,1.842,1.86,1.842,1.851,0,0
BBT_PB,D,20240819,000000,1.834,1.834,1.825,1.825,0,0
BBT_PB,D,20240820,000000,1.825,1.86,1.825,1.86,0,0
BBT_PB,D,20240821,000000,1.878,1.878,1.834,1.869,0,0
BBT_PB,D,20240822,000000,1.851,1.869,1.842,1.86,0,0
BBT_PB,D,20240823,000000,1.86,1.86,1.816,1.851,0,0
BBT_PB,D,20240826,000000,1.851,1.869,1.842,1.869,0,0
BBT_PB,D,20240827,000000,1.834,1.869,1.834,1.842,0,0
BBT_PB,D,20240828,000000,1.851,1.86,1.816,1.842,0,0
BBT_PB,D,20240829,000000,1.816,1.842,1.816,1.842,0,0
BBT_PB,D,20240830,000000,1.834,1.842,1.834,1.834,0,0
BBT_PB,D,20240902,000000,1.869,1.914,1.825,1.905,0,0
BBT_PB,D,20240903,000000,1.905,1.905,1.86,1.869,0,0
BBT_PB,D,20240904,000000,1.869,1.869,1.834,1.834,0,0
BBT_PB,D,20240905,000000,1.834,1.86,1.825,1.825,0,0
BBT_PB,D,20240906,000000,1.842,1.914,1.807,1.905,0,0
BBT_PB,D,20240909,000000,1.825,1.949,1.825,1.949,0,0
BBT_PB,D,20240910,000000,1.914,1.949,1.86,1.949,0,0
BBT_PB,D,20240911,000000,1.94,1.958,1.878,1.896,0,0
BBT_PB,D,20240912,000000,1.949,1.958,1.896,1.958,0,0
BBT_PB,D,20240913,000000,1.976,1.976,1.878,1.958,0,0
BBT_PB,D,20240916,000000,1.949,1.994,1.914,1.976,0,0
BBT_PB,D,20240917,000000,1.887,1.94,1.869,1.94,0,0
BBT_PB,D,20240918,000000,1.94,1.94,1.878,1.931,0,0
BBT_PB,D,20240919,000000,2.02,2.02,1.923,1.923,0,0
BBT_PB,D,20240920,000000,1.949,1.949,1.896,1.896,0,0
BBT_PB,D,20240923,000000,1.896,1.896,1.878,1.878,0,0
BBT_PB,D,20240924,000000,1.887,1.914,1.832,1.832,0,0
BBT_PB,D,20240925,000000,1.832,1.832,1.762,1.788,0,0
BBT_PB,D,20240926,000000,1.815,1.815,1.771,1.797,0,0
BBT_PB,D,20240927,000000,1.78,1.797,1.762,1.797,0,0
BBT_PB,D,20240930,000000,1.771,1.806,1.771,1.806,0,0
BBT_PB,D,20241001,000000,1.806,1.815,1.78,1.78,0,0
BBT_PB,D,20241002,000000,1.771,1.78,1.753,1.753,0,0
BBT_PB,D,20241003,000000,1.753,1.806,1.745,1.806,0,0
BBT_PB,D,20241004,000000,1.771,1.806,1.745,1.753,0,0
BBT_PB,D,20241007,000000,1.78,1.788,1.753,1.753,0,0
BBT_PB,D,20241008,000000,1.771,1.788,1.753,1.78,0,0
BBT_PB,D,20241009,000000,1.78,1.78,1.682,1.71,0,0
BBT_PB,D,20241010,000000,1.717,1.745,1.717,1.724,0,0
BBT_PB,D,20241011,000000,1.72,1.762,1.72,1.762,0,0
BBT_PB,D,20241014,000000,1.753,1.753,1.745,1.753,0,0
BBT_PB,D,20241015,000000,1.745,1.762,1.745,1.745,0,0
BBT_PB,D,20241016,000000,1.71,1.745,1.71,1.745,0,0
BBT_PB,D,20241017,000000,1.734,1.745,1.71,1.71,0,0
BBT_PB,D,20241018,000000,1.706,1.72,1.706,1.72,0,0
BBT_PB,D,20241021,000000,1.724,1.745,1.724,1.734,0,0
BBT_PB,D,20241022,000000,1.731,1.731,1.72,1.72,0,0
BBT_PB,D,20241023,000000,1.71,1.724,1.703,1.724,0,0
BBT_PB,D,20241024,000000,1.703,1.71,1.703,1.71,0,0
BBT_PB,D,20241025,000000,1.692,1.717,1.692,1.717,0,0
BBT_PB,D,20241028,000000,1.692,1.727,1.692,1.699,0,0
BBT_PB,D,20241029,000000,1.699,1.745,1.699,1.745,0,0
BBT_PB,D,20241030,000000,1.745,1.753,1.692,1.717,0,0
BBT_PB,D,20241031,000000,1.696,1.753,1.692,1.72,0,0
BBT_PB,D,20241104,000000,1.71,1.71,1.703,1.703,0,0
BBT_PB,D,20241105,000000,1.692,1.692,1.692,1.692,0,0
BBT_PB,D,20241106,000000,1.731,1.741,1.685,1.741,0,0
BBT_PB,D,20241107,000000,1.703,1.734,1.685,1.734,0,0
BBT_PB,D,20241108,000000,1.734,1.762,1.72,1.762,0,0
BBT_PB,D,20241112,000000,1.731,1.731,1.692,1.692,0,0
BBT_PB,D,20241113,000000,1.689,1.699,1.685,1.689,0,0
BBT_PB,D,20241114,000000,1.696,1.696,1.685,1.696,0,0
BBT_PB,D,20241115,000000,1.692,1.696,1.692,1.692,0,0
BBT_PB,D,20241118,000000,1.689,1.689,1.675,1.675,0,0
BBT_PB,D,20241119,000000,1.675,1.682,1.591,1.633,0,0
BBT_PB,D,20241120,000000,1.605,1.64,1.605,1.64,0,0
BBT_PB,D,20241121,000000,1.616,1.668,1.588,1.668,0,0
BBT_PB,D,20241122,000000,1.668,1.668,1.616,1.664,0,0
BBT_PB,D,20241125,000000,1.657,1.671,1.657,1.657,0,0
BBT_PB,D,20241126,000000,1.675,1.734,1.63,1.696,0,0
BBT_PB,D,20241127,000000,1.696,1.731,1.696,1.713,0,0
BBT_PB,D,20241128,000000,1.745,1.745,1.657,1.661,0,0
BBT_PB,D,20241129,000000,1.692,1.71,1.692,1.692,0,0
BBT_PB,D,20241202,000000,1.661,1.661,1.584,1.598,0,0
BBT_PB,D,20241203,000000,1.598,1.598,1.574,1.577,0,0
BBT_PB,D,20241204,000000,1.57,1.598,1.57,1.57,0,0
BBT_PB,D,20241205,000000,1.57,1.605,1.54,1.54,0,0
BBT_PB,D,20241206,000000,1.523,1.54,1.513,1.513,0,0
BBT_PB,D,20241209,000000,1.497,1.554,1.497,1.507,0,0
BBT_PB,D,20241210,000000,1.507,1.507,1.486,1.493,0,0
BBT_PB,D,20241211,000000,1.507,1.507,1.47,1.48,0,0
BBT_PB,D,20241212,000000,1.456,1.466,1.376,1.453,0,0
BBT_PB,D,20241213,000000,1.416,1.443,1.406,1.406,0,0
BBT_PB,D,20241216,000000,1.41,1.42,1.346,1.373,0,0
BBT_PB,D,20241217,000000,1.363,1.363,1.272,1.309,0,0
BBT_PB,D,20241218,000000,1.309,1.319,1.299,1.306,0,0
BBT_PB,D,20241219,000000,1.306,1.306,1.269,1.269,0,0
BBT_PB,D,20241220,000000,1.286,1.286,1.172,1.286,0,0
BBT_PB,D,20241223,000000,1.252,1.282,1.222,1.282,0,0
BBT_PB,D,20241227,000000,1.232,1.339,1.222,1.319,0,0
BBT_PB,D,20241230,000000,1.319,1.336,1.296,1.332,0,0
BBT_PB,D,20250102,000000,1.383,1.486,1.366,1.423,0,0
BBT_PB,D,20250103,000000,1.436,1.466,1.423,1.423,0,0
BBT_PB,D,20250107,000000,1.463,1.463,1.373,1.376,0,0
BBT_PB,D,20250108,000000,1.373,1.373,1.336,1.369,0,0
BBT_PB,D,20250109,000000,1.326,1.393,1.326,1.376,0,0
BBT_PB,D,20250110,000000,1.389,1.423,1.343,1.396,0,0
BBT_PB,D,20250113,000000,1.396,1.42,1.396,1.406,0,0
BBT_PB,D,20250114,000000,1.406,1.433,1.323,1.323,0,0
BBT_PB,D,20250115,000000,1.323,1.406,1.323,1.383,0,0
BBT_PB,D,20250116,000000,1.373,1.403,1.323,1.359,0,0
BBT_PB,D,20250117,000000,1.359,1.359,1.323,1.326,0,0
BBT_PB,D,20250120,000000,1.349,1.349,1.326,1.329,0,0
BBT_PB,D,20250121,000000,1.336,1.336,1.316,1.329,0,0
BBT_PB,D,20250122,000000,1.332,1.339,1.316,1.316,0,0
BBT_PB,D,20250123,000000,1.339,1.339,1.323,1.323,0,0
BBT_PB,D,20250124,000000,1.323,1.339,1.312,1.339,0,0
BBT_PB,D,20250127,000000,1.323,1.343,1.319,1.323,0,0
BBT_PB,D,20250128,000000,1.339,1.349,1.339,1.349,0,0
BBT_PB,D,20250129,000000,1.349,1.349,1.339,1.339,0,0
BBT_PB,D,20250130,000000,1.339,1.339,1.323,1.326,0,0
BBT_PB,D,20250131,000000,1.339,1.339,1.312,1.312,0,0
BBT_PB,D,20250203,000000,1.332,1.349,1.319,1.349,0,0
BBT_PB,D,20250204,000000,1.349,1.403,1.349,1.403,0,0
BBT_PB,D,20250205,000000,1.389,1.403,1.386,1.389,0,0
BBT_PB,D,20250206,000000,1.389,1.393,1.339,1.339,0,0
BBT_PB,D,20250207,000000,1.356,1.373,1.323,1.373,0,0
BBT_PB,D,20250210,000000,1.339,1.383,1.339,1.379,0,0
BBT_PB,D,20250211,000000,1.363,1.386,1.353,1.373,0,0
BBT_PB,D,20250212,000000,1.386,1.45,1.376,1.45,0,0
BBT_PB,D,20250213,000000,1.446,1.446,1.379,1.406,0,0
BBT_PB,D,20250214,000000,1.406,1.406,1.379,1.406,0,0
BBT_PB,D,20250217,000000,1.406,1.406,1.389,1.389,0,0
BBT_PB,D,20250218,000000,1.389,1.389,1.383,1.389,0,0
BBT_PB,D,20250219,000000,1.373,1.389,1.373,1.373,0,0
BBT_PB,D,20250220,000000,1.373,1.403,1.373,1.403,0,0
BBT_PB,D,20250221,000000,1.403,1.406,1.373,1.373,0,0
BBT_PB,D,20250224,000000,1.373,1.386,1.323,1.386,0,0
BBT_PB,D,20250225,000000,1.389,1.406,1.389,1.406,0,0
BBT_PB,D,20250226,000000,1.399,1.399,1.373,1.396,0,0
BBT_PB,D,20250227,000000,1.396,1.403,1.363,1.373,0,0
BBT_PB,D,20250228,000000,1.373,1.389,1.343,1.389,0,0
BBT_PB,D,20250303,000000,1.356,1.399,1.356,1.399,0,0
BBT_PB,D,20250304,000000,1.399,1.399,1.369,1.369,0,0
BBT_PB,D,20250305,000000,1.359,1.373,1.359,1.373,0,0
BBT_PB,D,20250306,000000,1.373,1.393,1.369,1.389,0,0
BBT_PB,D,20250307,000000,1.339,1.363,1.332,1.356,0,0
BBT_PB,D,20250310,000000,1.339,1.359,1.339,1.359,0,0
BBT_PB,D,20250311,000000,1.306,1.356,1.306,1.336,0,0
BBT_PB,D,20250312,000000,1.336,1.356,1.329,1.332,0,0
BBT_PB,D,20250313,000000,1.336,1.336,1.289,1.302,0,0
BBT_PB,D,20250314,000000,1.302,1.336,1.296,1.306,0,0
BBT_PB,D,20250317,000000,1.312,1.319,1.306,1.306,0,0
BBT_PB,D,20250318,000000,1.332,1.336,1.299,1.299,0,0
BBT_PB,D,20250319,000000,1.323,1.323,1.306,1.306,0,0
BBT_PB,D,20250320,000000,1.323,1.323,1.316,1.323,0,0
BBT_PB,D,20250321,000000,1.316,1.363,1.316,1.346,0,0
BBT_PB,D,20250324,000000,1.346,1.356,1.296,1.312,0,0
BBT_PB,D,20250325,000000,1.309,1.336,1.299,1.326,0,0
BBT_PB,D,20250326,000000,1.316,1.316,1.249,1.289,0,0
BBT_PB,D,20250327,000000,1.235,1.286,1.225,1.286,0,0
BBT_PB,D,20250328,000000,1.296,1.316,1.256,1.279,0,0
BBT_PB,D,20250331,000000,1.289,1.299,1.252,1.289,0,0
BBT_PB,D,20250401,000000,1.299,1.299,1.245,1.245,0,0
BBT_PB,D,20250402,000000,1.286,1.286,1.276,1.276,0,0
BBT_PB,D,20250403,000000,1.256,1.256,1.256,1.256,0,0
BBT_PB,D,20250404,000000,1.252,1.252,1.175,1.205,0,0
BBT_PB,D,20250407,000000,1.172,1.172,1.088,1.088,0,0
BBT_PB,D,20250408,000000,1.098,1.168,1.098,1.155,0,0
BBT_PB,D,20250409,000000,1.105,1.142,1.105,1.138,0,0
BBT_PB,D,20250410,000000,1.172,1.172,1.155,1.172,0,0
BBT_PB,D,20250411,000000,1.168,1.168,1.158,1.158,0,0
BBT_PB,D,20250414,000000,1.158,1.168,1.142,1.142,0,0
BBT_PB,D,20250415,000000,1.125,1.132,1.108,1.132,0,0
BBT_PB,D,20250416,000000,1.115,1.155,1.105,1.125,0,0
BBT_PB,D,20250417,000000,1.125,1.148,1.122,1.145,0,0
BBT_PB,D,20250422,000000,1.142,1.142,1.118,1.138,0,0
BBT_PB,D,20250423,000000,1.138,1.142,1.125,1.132,0,0
BBT_PB,D,20250424,000000,1.155,1.155,1.118,1.118,0,0
BBT_PB,D,20250425,000000,1.145,1.155,1.115,1.155,0,0
BBT_PB,D,20250428,000000,1.142,1.315,1.142,1.315,0,0
BBT_PB,D,20250429,000000,1.334,1.334,1.308,1.334,0,0
BBT_PB,D,20250430,000000,1.345,1.345,1.345,1.345,0,0
BBT_PB,D,20250502,000000,1.352,1.36,1.341,1.341,0,0
BBT_PB,D,20250505,000000,1.338,1.352,1.33,1.352,0,0
BBT_PB,D,20250506,000000,1.345,1.345,1.319,1.319,0,0
BBT_PB,D,20250507,000000,1.323,1.334,1.312,1.334,0,0
BBT_PB,D,20250508,000000,1.308,1.334,1.304,1.334,0,0
BBT_PB,D,20250509,000000,1.304,1.341,1.304,1.315,0,0
BBT_PB,D,20250512,000000,1.315,1.334,1.304,1.33,0,0
BBT_PB,D,20250513,000000,1.315,1.323,1.315,1.315,0,0
BBT_PB,D,20250514,000000,1.315,1.33,1.315,1.315,0,0
BBT_PB,D,20250515,000000,1.315,1.315,1.308,1.308,0,0
BBT_PB,D,20250516,000000,1.315,1.323,1.308,1.308,0,0
BBT_PB,D,20250519,000000,1.319,1.334,1.308,1.334,0,0
BBT_PB,D,20250520,000000,1.33,1.33,1.315,1.326,0,0
BBT_PB,D,20250521,000000,1.323,1.323,1.323,1.323,0,0
BBT_PB,D,20250522,000000,1.308,1.308,1.308,1.308,0,0
BBT_PB,D,20250523,000000,1.315,1.315,1.304,1.304,0,0
BBT_PB,D,20250526,000000,1.315,1.315,1.282,1.297,0,0
BBT_PB,D,20250527,000000,1.297,1.308,1.286,1.297,0,0
BBT_PB,D,20250528,000000,1.289,1.289,1.249,1.278,0,0
BBT_PB,D,20250529,000000,1.259,1.293,1.259,1.293,0,0
BBT_PB,D,20250530,000000,1.289,1.289,1.278,1.278,0,0
BBT_PB,D,20250602,000000,1.27,1.285,1.27,1.282,0,0
BBT_PB,D,20250603,000000,1.27,1.285,1.267,1.267,0,0
BBT_PB,D,20250604,000000,1.285,1.285,1.259,1.259,0,0
BBT_PB,D,20250605,000000,1.256,1.296,1.248,1.289,0,0
BBT_PB,D,20250606,000000,1.289,1.293,1.289,1.289,0,0
BBT_PB,D,20250609,000000,1.285,1.285,1.241,1.241,0,0
BBT_PB,D,20250610,000000,1.245,1.274,1.241,1.248,0,0
BBT_PB,D,20250611,000000,1.289,1.289,1.259,1.27,0,0
BBT_PB,D,20250612,000000,1.274,1.285,1.274,1.285,0,0
BBT_PB,D,20250613,000000,1.263,1.263,1.245,1.259,0,0
BBT_PB,D,20250616,000000,1.27,1.278,1.27,1.278,0,0
BBT_PB,D,20250617,000000,1.263,1.263,1.259,1.259,0,0
BBT_PB,D,20250618,000000,1.285,1.285,1.248,1.252,0,0
BBT_PB,D,20250620,000000,1.241,1.285,1.241,1.248,0,0
BBT_PB,D,20250623,000000,1.248,1.267,1.241,1.267,0,0
BBT_PB,D,20250624,000000,1.267,1.267,1.233,1.241,0,0
BBT_PB,D,20250625,000000,1.245,1.252,1.222,1.233,0,0
BBT_PB,D,20250626,000000,1.233,1.256,1.222,1.256,0,0
BBT_PB,D,20250627,000000,1.226,1.282,1.215,1.282,0,0
BBT_PB,D,20250630,000000,1.278,1.278,1.259,1.274,0,0
BBT_PB,D,20250701,000000,1.27,1.27,1.248,1.248,0,0
BBT_PB,D,20250702,000000,1.252,1.278,1.252,1.274,0,0
BBT_PB,D,20250703,000000,1.263,1.263,1.256,1.256,0,0
BBT_PB,D,20250704,000000,1.267,1.267,1.256,1.267,0,0
BBT_PB,D,20250707,000000,1.267,1.282,1.252,1.252,0,0
BBT_PB,D,20250708,000000,1.256,1.33,1.256,1.3,0,0
BBT_PB,D,20250709,000000,1.311,1.315,1.259,1.308,0,0
BBT_PB,D,20250710,000000,1.33,1.385,1.33,1.367,0,0
BBT_PB,D,20250711,000000,1.385,1.385,1.352,1.352,0,0
BBT_PB,D,20250714,000000,1.371,1.385,1.341,1.356,0,0
BBT_PB,D,20250715,000000,1.356,1.356,1.296,1.3,0,0
BBT_PB,D,20250716,000000,1.308,1.326,1.296,1.315,0,0
BBT_PB,D,20250717,000000,1.315,1.33,1.304,1.33,0,0
BBT_PB,D,20250718,000000,1.337,1.341,1.259,1.311,0,0
BBT_PB,D,20250721,000000,1.282,1.311,1.27,1.285,0,0
BBT_PB,D,20250722,000000,1.296,1.311,1.263,1.304,0,0
BBT_PB,D,20250723,000000,1.274,1.293,1.274,1.293,0,0
BBT_PB,D,20250724,000000,1.296,1.296,1.267,1.267,0,0
BBT_PB,D,20250725,000000,1.285,1.285,1.23,1.27,0,0
BBT_PB,D,20250728,000000,1.285,1.285,1.267,1.267,0,0
BBT_PB,D,20250729,000000,1.267,1.27,1.245,1.252,0,0
BBT_PB,D,20250730,000000,1.256,1.278,1.256,1.278,0,0
BBT_PB,D,20250731,000000,1.27,1.278,1.241,1.263,0,0
BBT_PB,D,20250801,000000,1.263,1.278,1.23,1.23,0,0
BBT_PB,D,20250804,000000,1.267,1.267,1.241,1.263,0,0
BBT_PB,D,20250805,000000,1.259,1.263,1.241,1.245,0,0
BBT_PB,D,20250806,000000,1.245,1.259,1.241,1.259,0,0
BBT_PB,D,20250807,000000,1.263,1.263,1.222,1.233,0,0
BBT_PB,D,20250808,000000,1.263,1.27,1.237,1.27,0,0
BBT_PB,D,20250811,000000,1.267,1.267,1.267,1.267,0,0
BBT_PB,D,20250812,000000,1.245,1.245,1.237,1.237,0,0
BBT_PB,D,20250813,000000,1.226,1.259,1.222,1.259,0,0
BBT_PB,D,20250814,000000,1.259,1.259,1.23,1.241,0,0
BBT_PB,D,20250818,000000,1.241,1.259,1.226,1.226,0,0
BBT_PB,D,20250819,000000,1.256,1.263,1.226,1.252,0,0
BBT_PB,D,20250820,000000,1.241,1.241,1.23,1.23,0,0
BBT_PB,D,20250822,000000,1.256,1.263,1.222,1.222,0,0
BBT_PB,D,20250825,000000,1.226,1.263,1.226,1.256,0,0
BBT_PB,D,20250826,000000,1.237,1.241,1.215,1.23,0,0
BBT_PB,D,20250827,000000,1.248,1.248,1.237,1.241,0,0
BBT_PB,D,20250828,000000,1.241,1.252,1.23,1.23,0,0
BBT_PB,D,20250829,000000,1.23,1.252,1.222,1.222,0,0
BBT_PB,D,20250901,000000,1.237,1.252,1.23,1.252,0,0
BBT_PB,D,20250902,000000,1.252,1.252,1.241,1.252,0,0
BBT_PB,D,20250903,000000,1.256,1.285,1.241,1.285,0,0
BBT_PB,D,20250904,000000,1.282,1.282,1.233,1.267,0,0
BBT_PB,D,20250905,000000,1.278,1.278,1.259,1.259,0,0
BBT_PB,D,20250908,000000,1.241,1.259,1.233,1.259,0,0
BBT_PB,D,20250909,000000,1.237,1.256,1.226,1.241,0,0
BBT_PB,D,20250910,000000,1.237,1.237,1.222,1.222,0,0
BBT_PB,D,20250911,000000,1.248,1.259,1.237,1.248,0,0
BBT_PB,D,20250912,000000,1.237,1.278,1.233,1.274,0,0
BBT_PB,D,20250915,000000,1.274,1.296,1.248,1.296,0,0
BBT_PB,D,20250916,000000,1.263,1.296,1.259,1.259,0,0
BBT_PB,D,20250917,000000,1.293,1.293,1.245,1.245,0,0
BBT_PB,D,20250918,000000,1.245,1.245,1.237,1.237,0,0
BBT_PB,D,20250919,000000,1.241,1.27,1.241,1.27,0,0
BBT_PB,D,20250922,000000,1.27,1.293,1.237,1.237,0,0
BBT_PB,D,20250923,000000,1.237,1.27,1.237,1.241,0,0
BBT_PB,D,20250924,000000,1.263,1.267,1.204,1.233,0,0
BBT_PB,D,20250925,000000,1.23,1.23,1.2,1.226,0,0
BBT_PB,D,20250926,000000,1.208,1.23,1.196,1.229,0,0
BBT_PB,D,20250929,000000,1.229,1.233,1.218,1.233,0,0
BBT_PB,D,20250930,000000,1.229,1.285,1.229,1.285,0,0
BBT_PB,D,20251001,000000,1.251,1.251,1.248,1.248,0,0
BBT_PB,D,20251002,000000,1.251,1.251,1.222,1.24,0,0
BBT_PB,D,20251003,000000,1.248,1.281,1.233,1.233,0,0
BBT_PB,D,20251006,000000,1.259,1.259,1.233,1.233,0,0
BBT_PB,D,20251007,000000,1.233,1.233,1.21,1.214,0,0
BBT_PB,D,20251008,000000,1.214,1.214,1.184,1.192,0,0
BBT_PB,D,20251009,000000,1.184,1.218,1.184,1.21,0,0
BBT_PB,D,20251010,000000,1.203,1.203,1.162,1.173,0,0
BBT_PB,D,20251013,000000,1.203,1.207,1.169,1.199,0,0
BBT_PB,D,20251014,000000,1.181,1.199,1.177,1.199,0,0
BBT_PB,D,20251015,000000,1.199,1.21,1.199,1.207,0,0
BBT_PB,D,20251016,000000,1.207,1.218,1.192,1.214,0,0
BBT_PB,D,20251017,000000,1.218,1.229,1.192,1.225,0,0
BBT_PB,D,20251020,000000,1.21,1.229,1.177,1.225,0,0
BBT_PB,D,20251021,000000,1.207,1.207,1.181,1.207,0,0
BBT_PB,D,20251022,000000,1.192,1.21,1.173,1.181,0,0
BBT_PB,D,20251023,000000,1.184,1.248,1.184,1.248,0,0
BBT_PB,D,20251024,000000,1.259,1.259,1.199,1.244,0,0
BBT_PB,D,20251027,000000,1.207,1.218,1.203,1.21,0,0
BBT_PB,D,20251028,000000,1.199,1.21,1.173,1.181,0,0
BBT_PB,D,20251029,000000,1.207,1.218,1.181,1.181,0,0
BBT_PB,D,20251030,000000,1.21,1.21,1.173,1.203,0,0
BBT_PB,D,20251031,000000,1.173,1.207,1.173,1.207,0,0
BBT_PB,D,20251103,000000,1.181,1.181,1.181,1.181,0,0
BBT_PB,D,20251104,000000,1.181,1.203,1.181,1.192,0,0
BBT_PB,D,20251105,000000,1.192,1.218,1.184,1.195,0,0
BBT_PB,D,20251106,000000,1.21,1.236,1.199,1.233,0,0
BBT_PB,D,20251107,000000,1.236,1.244,1.233,1.24,0,0
BBT_PB,D,20251110,000000,1.244,1.244,1.24,1.244,0,0
BBT_PB,D,20251112,000000,1.229,1.229,1.229,1.229,0,0
BBT_PB,D,20251113,000000,1.225,1.225,1.21,1.21,0,0
BBT_PB,D,20251114,000000,1.222,1.222,1.21,1.21,0,0
BBT_PB,D,20251117,000000,1.218,1.218,1.21,1.21,0,0
BBT_PB,D,20251118,000000,1.218,1.218,1.195,1.195,0,0
BBT_PB,D,20251119,000000,1.195,1.21,1.162,1.162,0,0
BBT_PB,D,20251120,000000,1.207,1.207,1.207,1.207,0,0
BBT_PB,D,20251121,000000,1.207,1.207,1.166,1.199,0,0
BBT_PB,D,20251124,000000,1.199,1.203,1.199,1.203,0,0
BBT_PB,D,20251125,000000,1.195,1.203,1.195,1.203,0,0
BBT_PB,D,20251126,000000,1.192,1.192,1.166,1.169,0,0
BBT_PB,D,20251127,000000,1.166,1.21,1.166,1.207,0,0
BBT_PB,D,20251128,000000,1.207,1.214,1.181,1.21,0,0
BBT_PB,D,20251201,000000,1.21,1.218,1.192,1.192,0,0
BBT_PB,D,20251202,000000,1.192,1.192,1.188,1.192,0,0
BBT_PB,D,20251203,000000,1.188,1.192,1.169,1.177,0,0
BBT_PB,D,20251204,000000,1.173,1.188,1.173,1.177,0,0
BBT_PB,D,20251205,000000,1.177,1.207,1.166,1.166,0,0
BBT_PB,D,20251208,000000,1.166,1.199,1.166,1.196,0,0
BBT_PB,D,20251209,000000,1.196,1.203,1.159,1.174,0,0
BBT_PB,D,20251210,000000,1.174,1.196,1.174,1.174,0,0
BBT_PB,D,20251211,000000,1.174,1.196,1.148,1.166,0,0
BBT_PB,D,20251212,000000,1.181,1.181,1.155,1.166,0,0
BBT_PB,D,20251215,000000,1.152,1.166,1.118,1.122,0,0
BBT_PB,D,20251216,000000,1.122,1.14,1.104,1.111,0,0
BBT_PB,D,20251217,000000,1.115,1.115,1.026,1.085,0,0
BBT_PB,D,20251218,000000,1.063,1.1,1.034,1.079,0,0
BBT_PB,D,20251219,000000,1.079,1.079,1.05,1.061,0,0
BBT_PB,D,20251222,000000,1.061,1.087,1.016,1.027,0,0
BBT_PB,D,20251223,000000,1.046,1.079,1.027,1.079,0,0
BBT_PB,D,20251229,000000,1.098,1.098,1.038,1.038,0,0
BBT_PB,D,20251230,000000,1.042,1.146,1.042,1.131,0,0
BBT_PB,D,20260102,000000,1.135,1.173,1.132,1.169,0,0
BBT_PB,D,20260105,000000,1.165,1.18,1.15,1.18,0,0
BBT_PB,D,20260107,000000,1.206,1.206,1.15,1.184,0,0
BBT_PB,D,20260108,000000,1.18,1.184,1.161,1.172,0,0
BBT_PB,D,20260109,000000,1.258,1.466,1.258,1.422,0,0
BBT_PB,D,20260112,000000,1.444,1.463,1.347,1.347,0,0
BBT_PB,D,20260113,000000,1.37,1.37,1.31,1.325,0,0
BBT_PB,D,20260114,000000,1.325,1.336,1.307,1.325,0,0
BBT_PB,D,20260115,000000,1.321,1.333,1.284,1.307,0,0
BBT_PB,D,20260116,000000,1.321,1.34,1.307,1.325,0,0
BBT_PB,D,20260119,000000,1.325,1.325,1.288,1.292,0,0
BBT_PB,D,20260120,000000,1.288,1.333,1.288,1.292,0,0
BBT_PB,D,20260121,000000,1.314,1.318,1.303,1.31,0,0
BBT_PB,D,20260122,000000,1.303,1.325,1.292,1.307,0,0
BBT_PB,D,20260123,000000,1.303,1.336,1.303,1.336,0,0
