<TICKER>,<PER>,<DATE>,<TIME>,<OPEN>,<HIGH>,<LOW>,<CLOSE>,<VOL>,<OPENINT>
BBT_PE,D,20200424,000000,22.4856,22.4856,22.4856,22.4856,0,0
BBT_PE,D,20200427,000000,25.9966,29.2559,24.9931,24.9931,0,0
BBT_PE,D,20200428,000000,24.9092,25.4114,23.4883,23.8228,0,0
BBT_PE,D,20200429,000000,23.2376,23.7399,22.5695,23.5722,0,0
BBT_PE,D,20200430,000000,23.7399,23.7399,21.9843,22.4856,0,0
BBT_PE,D,20200504,000000,22.5695,23.2376,22.235,23.2376,0,0
BBT_PE,D,20200505,000000,23.6559,24.408,23.1547,23.1547,0,0
BBT_PE,D,20200506,000000,22.7363,23.5722,22.4856,23.2376,0,0
BBT_PE,D,20200507,000000,23.9905,23.9905,22.7363,23.4053,0,0
BBT_PE,D,20200508,000000,23.8228,23.8228,23.0708,23.0708,0,0
BBT_PE,D,20200511,000000,23.4883,23.7399,22.4018,22.7363,0,0
BBT_PE,D,20200512,000000,22.9869,23.1547,22.7363,23.0708,0,0
BBT_PE,D,20200513,000000,22.6525,23.2376,22.6525,22.9869,0,0
BBT_PE,D,20200514,000000,22.9869,22.9869,21.566,21.9005,0,0
BBT_PE,D,20200515,000000,21.9005,22.9031,21.9005,22.235,0,0
BBT_PE,D,20200518,000000,21.6498,23.0708,21.6498,22.9031,0,0
BBT_PE,D,20200519,000000,23.1547,23.7399,22.9031,23.6559,0,0
BBT_PE,D,20200520,000000,23.7399,24.4917,23.4053,24.2411,0,0
BBT_PE,D,20200521,000000,24.408,24.7424,24.0734,24.0734,0,0
BBT_PE,D,20200522,000000,23.8228,24.325,23.4053,23.9905,0,0
BBT_PE,D,20200525,000000,23.9065,25.2437,23.6559,25.2437,0,0
BBT_PE,D,20200526,000000,25.3276,27.2498,25.3276,26.8324,0,0
BBT_PE,D,20200527,000000,27.2498,27.5844,23.8228,24.408,0,0
BBT_PE,D,20200528,000000,24.9092,25.5782,24.4917,25.2437,0,0
BBT_PE,D,20200529,000000,27.3336,27.5844,15.4638,15.4638,0,0
BBT_PE,D,20200601,000000,15.7984,15.7984,14.9625,15.3809,0,0
BBT_PE,D,20200602,000000,15.3809,15.3809,15.0463,15.3809,0,0
BBT_PE,D,20200603,000000,15.3809,15.4638,15.0463,15.3809,0,0
BBT_PE,D,20200604,000000,15.1293,15.2132,14.5442,14.7957,0,0
BBT_PE,D,20200605,000000,14.3773,14.4612,14.0429,14.2105,0,0
BBT_PE,D,20200608,000000,14.3773,14.3773,13.5416,14.2935,0,0
BBT_PE,D,20200609,000000,14.1267,14.7957,13.8761,14.7957,0,0
BBT_PE,D,20200610,000000,14.9625,14.9625,13.9597,14.2935,0,0
BBT_PE,D,20200612,000000,13.6253,13.9597,13.4576,13.7922,0,0
BBT_PE,D,20200615,000000,13.4576,13.7084,13.3746,13.4576,0,0
BBT_PE,D,20200616,000000,13.6253,13.9597,13.6253,13.9597,0,0
BBT_PE,D,20200617,000000,14.0429,14.0429,13.7084,13.8761,0,0
BBT_PE,D,20200618,000000,13.9597,13.9597,13.5416,13.6253,0,0
BBT_PE,D,20200619,000000,13.5416,13.8761,13.207,13.8761,0,0
BBT_PE,D,20200622,000000,13.8761,14.3773,13.7922,13.9597,0,0
BBT_PE,D,20200623,000000,14.0429,15.2132,13.7922,14.8787,0,0
BBT_PE,D,20200624,000000,14.8787,14.8787,14.5442,14.5442,0,0
BBT_PE,D,20200625,000000,14.5442,14.5442,14.2935,14.3773,0,0
BBT_PE,D,20200626,000000,14.7119,14.8787,14.3773,14.6281,0,0
BBT_PE,D,20200629,000000,14.6281,14.7957,14.6281,14.7119,0,0
BBT_PE,D,20200630,000000,14.7957,14.7957,14.1267,14.1267,0,0
BBT_PE,D,20200701,000000,14.0429,14.5442,14.0429,14.5442,0,0
BBT_PE,D,20200702,000000,14.6281,14.7957,14.3773,14.6281,0,0
BBT_PE,D,20200703,000000,14.7119,15.4638,14.5442,15.2132,0,0
BBT_PE,D,20200706,000000,15.3809,15.3809,14.5442,14.5442,0,0
BBT_PE,D,20200707,000000,14.5442,15.0463,14.2935,14.2935,0,0
BBT_PE,D,20200708,000000,14.6281,15.297,14.1267,15.297,0,0
BBT_PE,D,20200709,000000,15.6315,15.8821,14.6281,15.0463,0,0
BBT_PE,D,20200710,000000,15.3809,15.3809,14.7119,14.8787,0,0
BBT_PE,D,20200713,000000,15.297,15.297,14.6281,14.7957,0,0
BBT_PE,D,20200714,000000,14.7957,14.7957,14.1267,14.3773,0,0
BBT_PE,D,20200715,000000,14.3773,14.9625,14.3773,14.7119,0,0
BBT_PE,D,20200716,000000,14.7119,14.7119,14.3773,14.6281,0,0
BBT_PE,D,20200717,000000,14.4612,14.9625,14.2105,14.7957,0,0
BBT_PE,D,20200720,000000,14.6281,14.9625,14.5442,14.5442,0,0
BBT_PE,D,20200721,000000,14.5442,14.6281,14.3773,14.4612,0,0
BBT_PE,D,20200722,000000,14.6281,14.6281,14.2105,14.2935,0,0
BBT_PE,D,20200723,000000,14.4612,14.5442,14.2105,14.2935,0,0
BBT_PE,D,20200724,000000,14.2105,14.4612,13.9597,14.1267,0,0
BBT_PE,D,20200727,000000,14.1267,14.1267,13.7922,13.7922,0,0
BBT_PE,D,20200728,000000,13.7922,14.4612,13.6253,13.7084,0,0
BBT_PE,D,20200729,000000,14.0429,14.0429,13.0402,13.8761,0,0
BBT_PE,D,20200730,000000,14.2105,14.2105,11.9529,12.5381,0,0
BBT_PE,D,20200731,000000,13.0402,13.7084,12.7057,13.7084,0,0
BBT_PE,D,20200803,000000,13.8761,14.8787,13.8761,14.8787,0,0
BBT_PE,D,20200804,000000,15.0463,15.1293,14.0429,14.5442,0,0
BBT_PE,D,20200805,000000,14.0429,14.5442,14.0429,14.1267,0,0
BBT_PE,D,20200806,000000,14.2105,14.2935,13.4576,13.7084,0,0
BBT_PE,D,20200807,000000,13.7084,13.7084,13.3746,13.4576,0,0
BBT_PE,D,20200810,000000,13.9597,13.9597,13.2909,13.6253,0,0
BBT_PE,D,20200811,000000,13.8761,13.8761,13.3746,13.4576,0,0
BBT_PE,D,20200812,000000,13.5416,13.5416,12.9564,13.2909,0,0
BBT_PE,D,20200813,000000,13.207,13.2909,13.0402,13.2909,0,0
BBT_PE,D,20200814,000000,13.2909,13.2909,13.207,13.2909,0,0
BBT_PE,D,20200817,000000,13.0402,13.2909,13.0402,13.2909,0,0
BBT_PE,D,20200818,000000,13.2909,13.2909,13.207,13.207,0,0
BBT_PE,D,20200819,000000,13.207,13.207,13.0402,13.1233,0,0
BBT_PE,D,20200820,000000,13.0402,13.2909,12.2874,12.8726,0,0
BBT_PE,D,20200821,000000,12.6219,12.8726,12.5381,12.7894,0,0
BBT_PE,D,20200824,000000,12.7057,13.0402,12.7057,12.7894,0,0
BBT_PE,D,20200825,000000,12.8726,12.8726,12.2874,12.5381,0,0
BBT_PE,D,20200826,000000,12.3713,12.7057,12.3713,12.5381,0,0
BBT_PE,D,20200827,000000,12.7057,13.1233,12.3713,12.7894,0,0
BBT_PE,D,20200828,000000,12.9564,13.2909,12.6219,13.2909,0,0
BBT_PE,D,20200831,000000,13.2909,13.2909,12.8726,13.2909,0,0
BBT_PE,D,20200901,000000,12.8726,13.2909,12.455,13.207,0,0
BBT_PE,D,20200902,000000,13.1233,13.2909,13.0402,13.0402,0,0
BBT_PE,D,20200903,000000,13.2909,13.6253,13.207,13.4576,0,0
BBT_PE,D,20200904,000000,13.7084,14.2935,13.6253,13.7084,0,0
BBT_PE,D,20200907,000000,13.7084,14.2105,13.4576,13.9597,0,0
BBT_PE,D,20200908,000000,13.9597,13.9597,12.7057,13.4576,0,0
BBT_PE,D,20200909,000000,13.0402,13.6253,13.0402,13.5416,0,0
BBT_PE,D,20200910,000000,14.0429,14.2105,13.5416,14.0429,0,0
BBT_PE,D,20200911,000000,14.1267,14.6281,14.1267,14.2105,0,0
BBT_PE,D,20200914,000000,14.5442,14.6281,14.2935,14.4612,0,0
BBT_PE,D,20200915,000000,14.7119,14.7119,14.1267,14.3773,0,0
BBT_PE,D,20200916,000000,14.4612,14.5442,14.0429,14.2105,0,0
BBT_PE,D,20200917,000000,14.2105,14.2105,13.7084,13.9597,0,0
BBT_PE,D,20200918,000000,13.7922,14.2935,13.7084,14.1267,0,0
BBT_PE,D,20200921,000000,14.2935,14.6281,14.0429,14.2105,0,0
BBT_PE,D,20200922,000000,14.3773,14.8787,14.3773,14.6281,0,0
BBT_PE,D,20200923,000000,14.8787,14.8787,11.7023,11.7023,0,0
BBT_PE,D,20200924,000000,11.4517,11.4517,10.8665,11.1171,0,0
BBT_PE,D,20200925,000000,11.3686,11.3686,11.1171,11.2847,0,0
BBT_PE,D,20200928,000000,11.3686,11.5354,11.1171,11.1171,0,0
BBT_PE,D,20200929,000000,11.3686,11.3686,10.7834,11.2847,0,0
BBT_PE,D,20200930,000000,11.2847,11.3686,10.8665,11.3686,0,0
BBT_PE,D,20201001,000000,11.4517,11.4517,10.9501,10.9501,0,0
BBT_PE,D,20201002,000000,10.8665,11.0341,10.8665,11.0341,0,0
BBT_PE,D,20201005,000000,11.0341,11.0341,10.8665,11.0341,0,0
BBT_PE,D,20201006,000000,11.1171,11.2009,10.8665,10.9501,0,0
BBT_PE,D,20201007,000000,11.2847,11.8698,11.2847,11.5354,0,0
BBT_PE,D,20201008,000000,11.9529,11.9529,11.6192,11.7023,0,0
BBT_PE,D,20201009,000000,11.7861,11.7861,11.2847,11.6192,0,0
BBT_PE,D,20201012,000000,11.9529,12.1205,11.7861,11.8698,0,0
BBT_PE,D,20201013,000000,12.0367,12.0367,11.5354,11.8698,0,0
BBT_PE,D,20201014,000000,11.8698,11.8698,11.4517,11.4517,0,0
BBT_PE,D,20201015,000000,11.5354,11.5354,10.365,10.8665,0,0
BBT_PE,D,20201016,000000,10.8665,11.1171,10.8665,11.1171,0,0
BBT_PE,D,20201019,000000,11.2009,11.5354,11.2009,11.3686,0,0
BBT_PE,D,20201020,000000,11.3686,11.5354,10.9501,11.2009,0,0
BBT_PE,D,20201021,000000,11.2009,11.2009,10.8665,11.2009,0,0
BBT_PE,D,20201022,000000,11.1171,11.4517,11.1171,11.4517,0,0
BBT_PE,D,20201023,000000,11.5354,11.6192,11.2847,11.5354,0,0
BBT_PE,D,20201026,000000,11.7023,12.2874,11.6192,12.1205,0,0
BBT_PE,D,20201027,000000,12.0367,12.5381,11.9529,11.9529,0,0
BBT_PE,D,20201028,000000,12.0367,12.0367,10.8665,11.1171,0,0
BBT_PE,D,20201029,000000,11.1171,11.5354,11.1171,11.4517,0,0
BBT_PE,D,20201030,000000,11.2847,11.4517,11.0341,11.2009,0,0
BBT_PE,D,20201102,000000,11.4517,11.7023,11.2009,11.4517,0,0
BBT_PE,D,20201103,000000,11.6192,11.7023,11.3686,11.6192,0,0
BBT_PE,D,20201104,000000,11.4517,11.9529,11.4517,11.7861,0,0
BBT_PE,D,20201105,000000,11.6192,11.7023,11.2847,11.7023,0,0
BBT_PE,D,20201106,000000,11.7023,11.7023,11.4517,11.4517,0,0
BBT_PE,D,20201109,000000,11.3686,11.3686,10.9501,11.2009,0,0
BBT_PE,D,20201110,000000,11.2009,11.2009,10.7834,11.0341,0,0
BBT_PE,D,20201112,000000,10.9501,11.0341,10.7834,11.0341,0,0
BBT_PE,D,20201113,000000,11.2009,11.2009,10.8665,11.1171,0,0
BBT_PE,D,20201116,000000,11.1171,11.1171,10.8665,10.9501,0,0
BBT_PE,D,20201117,000000,10.8665,10.8665,10.6995,10.7834,0,0
BBT_PE,D,20201118,000000,10.7834,10.9501,10.6995,10.8665,0,0
BBT_PE,D,20201119,000000,10.9501,11.0341,10.6995,11.0341,0,0
BBT_PE,D,20201120,000000,11.0341,11.2009,10.8665,10.8665,0,0
BBT_PE,D,20201123,000000,10.9501,10.9501,9.44548,9.44548,0,0
BBT_PE,D,20201124,000000,9.44548,9.52924,9.44548,9.44548,0,0
BBT_PE,D,20201125,000000,9.44548,9.44548,9.19485,9.19485,0,0
BBT_PE,D,20201126,000000,9.36155,9.36155,8.86029,9.02795,0,0
BBT_PE,D,20201127,000000,9.02795,9.02795,9.02795,9.02795,0,0
BBT_PE,D,20201130,000000,8.86029,8.86029,8.5258,8.5258,0,0
BBT_PE,D,20201201,000000,8.5258,9.02795,8.27514,8.94416,0,0
BBT_PE,D,20201202,000000,9.02795,9.02795,8.7773,8.7773,0,0
BBT_PE,D,20201203,000000,8.7773,9.02795,8.7773,9.02795,0,0
BBT_PE,D,20201204,000000,9.11093,9.11093,8.86029,9.02795,0,0
BBT_PE,D,20201207,000000,8.5258,8.69347,8.4428,8.69347,0,0
BBT_PE,D,20201208,000000,8.69347,8.69347,8.5258,8.60964,0,0
BBT_PE,D,20201209,000000,8.69347,8.69347,8.5258,8.60964,0,0
BBT_PE,D,20201210,000000,8.5258,8.60964,8.4428,8.60964,0,0
BBT_PE,D,20201211,000000,8.60964,8.69347,8.35897,8.4428,0,0
BBT_PE,D,20201214,000000,8.4428,8.5258,7.85739,8.02456,0,0
BBT_PE,D,20201215,000000,8.10831,8.27514,8.02456,8.19215,0,0
BBT_PE,D,20201216,000000,8.19215,8.5258,8.19215,8.5258,0,0
BBT_PE,D,20201217,000000,8.60964,9.02795,8.60964,9.02795,0,0
BBT_PE,D,20201218,000000,9.02795,9.02795,8.4428,8.7773,0,0
BBT_PE,D,20201221,000000,8.7773,8.7773,8.10831,8.19215,0,0
BBT_PE,D,20201222,000000,8.19215,8.60964,8.19215,8.27514,0,0
BBT_PE,D,20201223,000000,8.35897,8.35897,8.19215,8.35897,0,0
BBT_PE,D,20201228,000000,8.19215,8.27514,8.10831,8.27514,0,0
BBT_PE,D,20201229,000000,8.27514,8.7773,8.27514,8.7773,0,0
BBT_PE,D,20201230,000000,8.7773,8.7773,8.5258,8.5258,0,0
BBT_PE,D,20210104,000000,9.11093,9.11093,8.69347,8.69347,0,0
BBT_PE,D,20210105,000000,8.94416,9.27861,8.94416,9.27861,0,0
BBT_PE,D,20210107,000000,9.36155,9.77994,9.36155,9.69615,0,0
BBT_PE,D,20210108,000000,9.69615,9.69615,9.44548,9.61309,0,0
BBT_PE,D,20210111,000000,9.69615,9.77994,9.52924,9.52924,0,0
BBT_PE,D,20210112,000000,9.69615,9.69615,9.11093,9.27861,0,0
BBT_PE,D,20210113,000000,9.27861,9.44548,9.19485,9.19485,0,0
BBT_PE,D,20210114,000000,9.19485,9.19485,8.94416,9.02795,0,0
BBT_PE,D,20210115,000000,8.94416,9.19485,8.86029,9.11093,0,0
BBT_PE,D,20210118,000000,9.27861,9.61309,9.11093,9.27861,0,0
BBT_PE,D,20210119,000000,9.36155,9.44548,9.19485,9.27861,0,0
BBT_PE,D,20210120,000000,9.27861,9.27861,9.19485,9.27861,0,0
BBT_PE,D,20210121,000000,9.19485,9.36155,9.19485,9.27861,0,0
BBT_PE,D,20210122,000000,9.44548,9.44548,9.19485,9.27861,0,0
BBT_PE,D,20210125,000000,8.94416,9.27861,8.94416,9.02795,0,0
BBT_PE,D,20210126,000000,8.94416,8.94416,8.69347,8.7773,0,0
BBT_PE,D,20210127,000000,8.94416,9.19485,8.7773,8.86029,0,0
BBT_PE,D,20210128,000000,8.7773,9.27861,8.7773,9.02795,0,0
BBT_PE,D,20210129,000000,9.02795,9.19485,8.7773,9.19485,0,0
BBT_PE,D,20210201,000000,9.27861,9.27861,8.86029,9.11093,0,0
BBT_PE,D,20210202,000000,9.19485,9.19485,9.02795,9.11093,0,0
BBT_PE,D,20210203,000000,9.11093,9.11093,8.94416,9.11093,0,0
BBT_PE,D,20210204,000000,8.94416,9.11093,8.60964,8.69347,0,0
BBT_PE,D,20210205,000000,8.60964,9.02795,8.60964,8.7773,0,0
BBT_PE,D,20210208,000000,8.94416,9.27861,8.94416,9.11093,0,0
BBT_PE,D,20210209,000000,9.11093,9.61309,9.11093,9.61309,0,0
BBT_PE,D,20210210,000000,9.61309,9.69615,9.52924,9.61309,0,0
BBT_PE,D,20210211,000000,9.69615,9.69615,9.44548,9.52924,0,0
BBT_PE,D,20210212,000000,9.52924,9.61309,9.44548,9.61309,0,0
BBT_PE,D,20210215,000000,9.77994,10.0306,9.69615,9.77994,0,0
BBT_PE,D,20210216,000000,9.86374,9.86374,9.69615,9.69615,0,0
BBT_PE,D,20210217,000000,9.69615,9.77994,9.61309,9.61309,0,0
BBT_PE,D,20210218,000000,9.77994,9.77994,9.36155,9.52924,0,0
BBT_PE,D,20210219,000000,9.61309,9.61309,9.36155,9.36155,0,0
BBT_PE,D,20210222,000000,9.52924,9.52924,9.27861,9.27861,0,0
BBT_PE,D,20210223,000000,9.27861,9.36155,8.7773,9.02795,0,0
BBT_PE,D,20210224,000000,9.02795,9.36155,9.02795,9.02795,0,0
BBT_PE,D,20210225,000000,9.11093,9.19485,8.86029,8.94416,0,0
BBT_PE,D,20210226,000000,8.7773,9.02795,8.7773,8.86029,0,0
BBT_PE,D,20210301,000000,9.11093,9.11093,8.94416,9.02795,0,0
BBT_PE,D,20210302,000000,8.86029,9.02795,8.86029,9.02795,0,0
BBT_PE,D,20210303,000000,9.02795,9.19485,8.7773,8.94416,0,0
BBT_PE,D,20210304,000000,9.02795,9.02795,8.69347,9.02795,0,0
BBT_PE,D,20210305,000000,9.11093,9.27861,9.02795,9.27861,0,0
BBT_PE,D,20210308,000000,9.36155,9.69615,9.27861,9.52924,0,0
BBT_PE,D,20210309,000000,9.61309,9.61309,9.36155,9.52924,0,0
BBT_PE,D,20210310,000000,9.52924,9.52924,9.44548,9.52924,0,0
BBT_PE,D,20210311,000000,9.36155,9.52924,9.36155,9.36155,0,0
BBT_PE,D,20210312,000000,9.36155,9.44548,9.36155,9.44548,0,0
BBT_PE,D,20210315,000000,9.44548,9.44548,8.86029,9.27861,0,0
BBT_PE,D,20210316,000000,9.19485,9.19485,8.86029,9.02795,0,0
BBT_PE,D,20210317,000000,9.02795,9.19485,8.27514,8.7773,0,0
BBT_PE,D,20210318,000000,8.86029,9.27861,8.86029,9.11093,0,0
BBT_PE,D,20210319,000000,9.11093,10.8665,8.86029,10.8665,0,0
BBT_PE,D,20210322,000000,11.2009,11.2009,10.2813,10.532,0,0
BBT_PE,D,20210323,000000,10.365,10.532,10.0306,10.2813,0,0
BBT_PE,D,20210324,000000,10.1144,10.1144,9.69615,9.77994,0,0
BBT_PE,D,20210325,000000,9.77994,9.77994,9.52924,9.69615,0,0
BBT_PE,D,20210326,000000,9.61309,10.2813,9.61309,10.2813,0,0
BBT_PE,D,20210329,000000,10.365,11.1171,10.365,10.8665,0,0
BBT_PE,D,20210330,000000,10.7834,11.2847,10.4489,10.4489,0,0
BBT_PE,D,20210331,000000,10.8665,10.9501,10.532,10.9501,0,0
BBT_PE,D,20210401,000000,10.7834,11.2847,10.7834,11.0341,0,0
BBT_PE,D,20210406,000000,11.7861,12.2044,11.7023,12.1205,0,0
BBT_PE,D,20210407,000000,12.2044,12.7894,12.2044,12.7057,0,0
BBT_PE,D,20210408,000000,12.7057,12.7057,12.2044,12.5381,0,0
BBT_PE,D,20210409,000000,12.5381,12.5381,12.2044,12.455,0,0
BBT_PE,D,20210412,000000,12.6219,12.6219,12.2874,12.5381,0,0
BBT_PE,D,20210413,000000,12.5381,13.7084,12.5381,13.7084,0,0
BBT_PE,D,20210414,000000,13.6253,13.7922,13.2909,13.6253,0,0
BBT_PE,D,20210415,000000,13.5416,13.5416,13.207,13.4576,0,0
BBT_PE,D,20210416,000000,13.2909,13.4576,13.2909,13.4576,0,0
BBT_PE,D,20210419,000000,13.6253,14.1267,13.0402,13.0402,0,0
BBT_PE,D,20210420,000000,13.0402,13.1233,12.5381,13.1233,0,0
BBT_PE,D,20210421,000000,12.9564,13.4576,12.5381,12.9564,0,0
BBT_PE,D,20210422,000000,12.9564,13.5416,12.9564,13.3746,0,0
BBT_PE,D,20210423,000000,13.5416,13.6253,12.9564,13.2909,0,0
BBT_PE,D,20210426,000000,13.7084,14.7957,13.7084,14.7957,0,0
BBT_PE,D,20210427,000000,14.7957,25.9966,14.3773,25.9966,0,0
BBT_PE,D,20210428,000000,26.1633,26.4979,25.7459,25.9966,0,0
BBT_PE,D,20210429,000000,25.9966,26.2473,25.5782,25.8289,0,0
BBT_PE,D,20210430,000000,25.9966,27.2498,25.7459,26.331,0,0
BBT_PE,D,20210504,000000,27.5005,29.3398,27.5005,29.173,0,0
BBT_PE,D,20210505,000000,29.2559,29.2559,27.9188,28.504,0,0
BBT_PE,D,20210506,000000,26.5818,26.5818,23.3215,23.6559,0,0
BBT_PE,D,20210507,000000,23.6559,24.4917,22.6525,24.325,0,0
BBT_PE,D,20210510,000000,23.7399,23.7399,21.566,21.566,0,0
BBT_PE,D,20210511,000000,21.7337,21.8166,20.897,21.4821,0,0
BBT_PE,D,20210512,000000,21.4821,21.9005,20.9808,20.9808,0,0
BBT_PE,D,20210513,000000,20.9808,21.9005,20.3957,21.8166,0,0
BBT_PE,D,20210514,000000,22.4018,22.4018,21.2315,21.566,0,0
BBT_PE,D,20210517,000000,21.6498,22.4856,21.6498,21.6498,0,0
BBT_PE,D,20210518,000000,21.4821,21.6498,20.9808,21.4821,0,0
BBT_PE,D,20210519,000000,21.0648,21.9005,20.6463,21.4821,0,0
BBT_PE,D,20210520,000000,21.4821,22.4856,21.4821,22.4856,0,0
BBT_PE,D,20210521,000000,22.6525,24.1573,22.1512,23.9905,0,0
BBT_PE,D,20210524,000000,24.2411,24.2411,23.5722,23.9065,0,0
BBT_PE,D,20210525,000000,23.9065,24.2411,23.6559,23.7399,0,0
BBT_PE,D,20210526,000000,23.7399,24.1573,23.5722,24.1573,0,0
BBT_PE,D,20210527,000000,23.9065,31.5136,22.4018,31.5136,0,0
BBT_PE,D,20210528,000000,31.5966,31.8472,30.9284,31.0114,0,0
BBT_PE,D,20210531,000000,31.0952,32.8507,31.0952,32.4324,0,0
BBT_PE,D,20210601,000000,32.9345,34.2717,32.4324,33.352,0,0
BBT_PE,D,20210602,000000,33.9372,33.9372,33.352,33.6865,0,0
BBT_PE,D,20210604,000000,33.6027,33.6027,31.6804,32.7668,0,0
BBT_PE,D,20210607,000000,36.111,36.111,34.4385,34.8569,0,0
BBT_PE,D,20210608,000000,34.9406,34.9406,34.1048,34.4385,0,0
BBT_PE,D,20210609,000000,34.5223,35.8595,34.5223,35.5258,0,0
BBT_PE,D,20210610,000000,35.5258,36.0271,34.69,34.69,0,0
BBT_PE,D,20210611,000000,34.773,35.1913,34.3554,34.69,0,0
BBT_PE,D,20210614,000000,34.5223,34.5223,32.6831,33.2683,0,0
BBT_PE,D,20210615,000000,33.9372,33.9372,31.7643,32.2655,0,0
BBT_PE,D,20210616,000000,32.6831,32.8507,31.931,32.2655,0,0
BBT_PE,D,20210617,000000,31.931,32.6001,31.4297,32.3494,0,0
BBT_PE,D,20210618,000000,32.4324,32.7668,31.931,32.0149,0,0
BBT_PE,D,20210621,000000,32.6001,32.6001,31.5136,32.1818,0,0
BBT_PE,D,20210622,000000,31.4297,32.3494,31.4297,31.931,0,0
BBT_PE,D,20210623,000000,31.931,32.0987,31.5966,31.8472,0,0
BBT_PE,D,20210624,000000,31.5136,32.9345,31.4297,31.5136,0,0
BBT_PE,D,20210625,000000,31.5966,31.8472,31.3459,31.8472,0,0
BBT_PE,D,20210628,000000,31.7643,31.7643,30.2594,30.594,0,0
BBT_PE,D,20210629,000000,30.6769,30.8446,30.1756,30.2594,0,0
BBT_PE,D,20210630,000000,30.8446,30.9284,30.2594,30.8446,0,0
BBT_PE,D,20210701,000000,29.925,30.8446,29.925,30.2594,0,0
BBT_PE,D,20210702,000000,30.1756,30.51,30.0918,30.0918,0,0
BBT_PE,D,20210705,000000,30.3433,30.3433,29.2559,29.5075,0,0
BBT_PE,D,20210706,000000,29.5075,29.6743,29.2559,29.5075,0,0
BBT_PE,D,20210707,000000,29.5904,30.8446,29.5904,30.594,0,0
BBT_PE,D,20210708,000000,30.51,30.9284,30.2594,30.3433,0,0
BBT_PE,D,20210709,000000,30.51,30.51,29.8411,29.8411,0,0
BBT_PE,D,20210712,000000,29.925,30.3433,29.8411,29.8411,0,0
BBT_PE,D,20210713,000000,29.925,29.925,29.3398,29.8411,0,0
BBT_PE,D,20210714,000000,29.5075,29.7581,28.7547,29.5904,0,0
BBT_PE,D,20210715,000000,29.173,29.5904,29.0053,29.2559,0,0
BBT_PE,D,20210716,000000,29.173,29.5904,28.9223,29.173,0,0
BBT_PE,D,20210719,000000,29.0892,29.0892,27.752,28.3372,0,0
BBT_PE,D,20210720,000000,28.2533,28.2533,27.2498,27.6682,0,0
BBT_PE,D,20210721,000000,27.9188,28.4201,27.4176,27.5844,0,0
BBT_PE,D,20210722,000000,27.6682,28.0026,27.6682,27.752,0,0
BBT_PE,D,20210723,000000,27.752,28.6707,27.4176,28.6707,0,0
BBT_PE,D,20210726,000000,28.0856,29.0892,28.0856,28.6707,0,0
BBT_PE,D,20210727,000000,29.4236,30.0918,28.6707,30.0918,0,0
BBT_PE,D,20210728,000000,30.0087,30.2594,29.3398,30.2594,0,0
BBT_PE,D,20210729,000000,29.925,30.2594,28.4201,29.3398,0,0
BBT_PE,D,20210730,000000,29.3398,29.3398,27.752,28.6707,0,0
BBT_PE,D,20210802,000000,28.3372,28.6707,28.3372,28.5878,0,0
BBT_PE,D,20210803,000000,28.5878,28.6707,28.2533,28.504,0,0
BBT_PE,D,20210804,000000,28.8384,28.8384,28.2533,28.504,0,0
BBT_PE,D,20210805,000000,28.6707,30.0087,28.4201,30.0087,0,0
BBT_PE,D,20210806,000000,29.8411,29.925,28.3372,28.6707,0,0
BBT_PE,D,20210809,000000,29.0053,29.6743,27.835,28.7547,0,0
BBT_PE,D,20210810,000000,28.7547,29.925,28.7547,29.4236,0,0
BBT_PE,D,20210811,000000,29.4236,29.4236,28.6707,29.0892,0,0
BBT_PE,D,20210812,000000,30.1756,30.1756,29.0053,29.6743,0,0
BBT_PE,D,20210813,000000,29.5904,29.6743,28.0856,28.9223,0,0
BBT_PE,D,20210816,000000,29.0892,29.2559,26.4139,27.835,0,0
BBT_PE,D,20210817,000000,27.6682,27.9188,27.083,27.835,0,0
BBT_PE,D,20210818,000000,27.752,27.9188,27.2498,27.835,0,0
BBT_PE,D,20210819,000000,27.4176,27.9188,26.7485,27.083,0,0
BBT_PE,D,20210820,000000,26.7485,27.6682,26.7485,27.3336,0,0
BBT_PE,D,20210823,000000,27.2498,27.835,27.2498,27.4176,0,0
BBT_PE,D,20210824,000000,27.3336,28.4201,27.3336,28.1695,0,0
BBT_PE,D,20210825,000000,28.1695,28.504,27.4176,28.504,0,0
BBT_PE,D,20210826,000000,28.4201,29.3398,28.1695,28.5878,0,0
BBT_PE,D,20210827,000000,28.3372,28.9223,28.2533,28.4201,0,0
BBT_PE,D,20210830,000000,28.4201,28.8384,27.2498,27.3336,0,0
BBT_PE,D,20210831,000000,27.4176,27.835,27.1669,27.835,0,0
BBT_PE,D,20210901,000000,27.4176,28.3372,27.2498,28.1695,0,0
BBT_PE,D,20210902,000000,27.6682,28.0856,27.5844,27.835,0,0
BBT_PE,D,20210903,000000,27.752,28.0856,27.5005,28.0856,0,0
BBT_PE,D,20210906,000000,28.504,28.504,27.835,28.1695,0,0
BBT_PE,D,20210907,000000,27.9188,28.3372,27.3336,27.9188,0,0
BBT_PE,D,20210908,000000,28.1695,28.1695,27.3336,28.0856,0,0
BBT_PE,D,20210909,000000,27.752,28.0856,27.4176,27.9188,0,0
BBT_PE,D,20210910,000000,27.9188,27.9188,27.083,27.4176,0,0
BBT_PE,D,20210913,000000,27.3336,27.6682,27.3336,27.3336,0,0
BBT_PE,D,20210914,000000,27.6682,27.6682,27.2498,27.4176,0,0
BBT_PE,D,20210915,000000,27.6682,28.0026,27.3336,27.4176,0,0
BBT_PE,D,20210916,000000,27.835,27.835,27.083,27.5844,0,0
BBT_PE,D,20210917,000000,27.5005,28.0856,27.5005,28.0026,0,0
BBT_PE,D,20210920,000000,27.5005,27.9188,26.7485,26.9162,0,0
BBT_PE,D,20210921,000000,26.9162,27.5005,26.4139,27.3336,0,0
BBT_PE,D,20210922,000000,26.9991,27.3336,26.4979,27.083,0,0
BBT_PE,D,20210923,000000,26.9991,27.6682,26.9991,27.5844,0,0
BBT_PE,D,20210924,000000,27.5005,27.9188,21.7337,21.7337,0,0
BBT_PE,D,20210927,000000,21.6498,24.9092,21.3991,24.9092,0,0
BBT_PE,D,20210928,000000,24.6586,25.6621,21.566,21.566,0,0
BBT_PE,D,20210929,000000,21.4821,22.1512,21.3991,21.9005,0,0
BBT_PE,D,20210930,000000,21.6498,21.6498,21.0648,21.3991,0,0
BBT_PE,D,20211001,000000,21.4821,21.566,21.3154,21.566,0,0
BBT_PE,D,20211004,000000,22.0673,22.0673,21.3154,21.3991,0,0
BBT_PE,D,20211005,000000,21.566,21.9843,21.3991,21.3991,0,0
BBT_PE,D,20211006,000000,21.6498,21.9843,21.3154,21.3991,0,0
BBT_PE,D,20211007,000000,21.6498,21.8166,21.2315,21.7337,0,0
BBT_PE,D,20211008,000000,21.6498,21.7337,20.9808,21.0648,0,0
BBT_PE,D,20211011,000000,21.2315,21.9843,21.2315,21.9843,0,0
BBT_PE,D,20211012,000000,21.9005,21.9843,21.6498,21.9843,0,0
BBT_PE,D,20211013,000000,21.9005,21.9005,21.566,21.6498,0,0
BBT_PE,D,20211014,000000,21.9005,21.9843,21.1485,21.566,0,0
BBT_PE,D,20211015,000000,21.566,21.6498,21.3991,21.6498,0,0
BBT_PE,D,20211018,000000,21.566,21.566,20.897,21.0648,0,0
BBT_PE,D,20211019,000000,20.897,20.9808,19.8944,20.4795,0,0
BBT_PE,D,20211020,000000,20.3957,20.4795,19.7267,19.8105,0,0
BBT_PE,D,20211021,000000,20.3957,20.5634,19.8105,20.5634,0,0
BBT_PE,D,20211022,000000,20.5634,21.0648,20.5634,21.0648,0,0
BBT_PE,D,20211025,000000,21.0648,21.0648,20.2289,20.5634,0,0
BBT_PE,D,20211026,000000,20.4795,20.5634,19.9782,20.4795,0,0
BBT_PE,D,20211027,000000,20.5634,20.5634,19.2254,20.2289,0,0
BBT_PE,D,20211028,000000,20.1451,20.2289,19.8105,20.2289,0,0
BBT_PE,D,20211029,000000,20.1451,20.3119,19.9782,20.1451,0,0
BBT_PE,D,20211102,000000,20.493,20.8318,20.493,20.5778,0,0
BBT_PE,D,20211103,000000,21.0011,21.5092,21.0011,21.2552,0,0
BBT_PE,D,20211104,000000,20.8318,21.0858,20.8318,21.0011,0,0
BBT_PE,D,20211105,000000,21.4245,21.4245,20.5778,21.0858,0,0
BBT_PE,D,20211108,000000,20.8318,21.0858,20.3237,20.8318,0,0
BBT_PE,D,20211109,000000,20.8318,20.8318,20.1543,20.3237,0,0
BBT_PE,D,20211110,000000,20.2389,20.3237,19.4769,19.4769,0,0
BBT_PE,D,20211112,000000,19.731,19.9849,19.5616,19.9003,0,0
BBT_PE,D,20211115,000000,19.9003,19.9003,19.0534,19.9003,0,0
BBT_PE,D,20211116,000000,20.4084,20.4084,19.2228,19.2228,0,0
BBT_PE,D,20211117,000000,19.2228,19.2228,18.7148,18.7148,0,0
BBT_PE,D,20211118,000000,17.7833,18.7148,17.614,18.2913,0,0
BBT_PE,D,20211119,000000,18.6301,19.2228,18.1219,18.5455,0,0
BBT_PE,D,20211122,000000,19.2228,19.2228,17.9526,17.9526,0,0
BBT_PE,D,20211123,000000,18.6301,18.6301,17.5292,18.5455,0,0
BBT_PE,D,20211124,000000,18.5455,18.6301,17.7833,18.2066,0,0
BBT_PE,D,20211125,000000,18.4607,19.0534,16.0896,16.0896,0,0
BBT_PE,D,20211126,000000,15.8356,16.3437,15.4968,15.751,0,0
BBT_PE,D,20211129,000000,16.0896,16.0896,15.4121,15.8356,0,0
BBT_PE,D,20211130,000000,15.6662,16.0049,15.6662,16.0049,0,0
BBT_PE,D,20211201,000000,16.0049,16.513,16.0049,16.4284,0,0
BBT_PE,D,20211202,000000,16.4284,17.1904,16.4284,16.9365,0,0
BBT_PE,D,20211203,000000,16.9365,17.4445,16.6825,17.3599,0,0
BBT_PE,D,20211206,000000,17.5292,17.868,17.3599,17.614,0,0
BBT_PE,D,20211207,000000,17.614,17.6986,17.4445,17.4445,0,0
BBT_PE,D,20211208,000000,17.6986,17.6986,16.9365,17.2751,0,0
BBT_PE,D,20211209,000000,17.1058,17.3599,17.1058,17.3599,0,0
BBT_PE,D,20211210,000000,17.1058,17.1058,16.8518,17.1058,0,0
BBT_PE,D,20211213,000000,17.1058,17.1058,16.513,16.5978,0,0
BBT_PE,D,20211214,000000,16.8518,16.8518,16.0896,16.0896,0,0
BBT_PE,D,20211215,000000,16.5978,17.1058,16.5978,16.8518,0,0
BBT_PE,D,20211216,000000,16.513,17.0211,16.513,17.0211,0,0
BBT_PE,D,20211217,000000,17.0211,17.0211,16.7671,17.0211,0,0
BBT_PE,D,20211220,000000,16.8518,17.0211,16.513,16.7671,0,0
BBT_PE,D,20211221,000000,16.5978,16.8518,16.513,16.8518,0,0
BBT_PE,D,20211222,000000,17.0211,17.614,17.0211,17.614,0,0
BBT_PE,D,20211223,000000,17.614,18.8841,17.614,18.7148,0,0
BBT_PE,D,20211227,000000,18.7148,18.7148,18.1219,18.5455,0,0
BBT_PE,D,20211228,000000,18.376,19.3075,18.2913,18.8841,0,0
BBT_PE,D,20211229,000000,19.3075,19.9003,18.7148,19.5616,0,0
BBT_PE,D,20211230,000000,19.9003,19.9849,19.4769,19.8156,0,0
BBT_PE,D,20220103,000000,19.731,20.5778,19.3075,19.731,0,0
BBT_PE,D,20220104,000000,20.4084,20.4084,19.4769,19.9003,0,0
BBT_PE,D,20220105,000000,19.9003,19.9003,19.4769,19.8156,0,0
BBT_PE,D,20220107,000000,19.8156,20.3237,19.731,19.731,0,0
BBT_PE,D,20220110,000000,19.9003,19.9003,19.0534,19.3075,0,0
BBT_PE,D,20220111,000000,19.3075,19.731,18.8841,19.731,0,0
BBT_PE,D,20220112,000000,19.5616,20.2389,19.3075,19.9849,0,0
BBT_PE,D,20220113,000000,20.0696,20.0696,19.3075,19.731,0,0
BBT_PE,D,20220114,000000,19.5616,19.5616,19.3075,19.5616,0,0
BBT_PE,D,20220117,000000,19.5616,19.5616,19.3922,19.5616,0,0
BBT_PE,D,20220118,000000,19.3922,19.5616,19.3075,19.4769,0,0
BBT_PE,D,20220119,000000,19.2228,19.5616,19.0534,19.5616,0,0
BBT_PE,D,20220120,000000,19.8156,19.8156,18.7995,19.2228,0,0
BBT_PE,D,20220121,000000,18.9688,19.2228,18.2066,19.0534,0,0
BBT_PE,D,20220124,000000,19.0534,19.0534,17.1904,18.376,0,0
BBT_PE,D,20220125,000000,17.614,18.2913,17.614,18.0373,0,0
BBT_PE,D,20220126,000000,18.0373,18.2066,17.7833,18.2066,0,0
BBT_PE,D,20220127,000000,18.2066,18.2913,18.0373,18.0373,0,0
BBT_PE,D,20220128,000000,18.0373,18.0373,17.1904,17.1904,0,0
BBT_PE,D,20220131,000000,17.5292,18.2066,17.1904,17.7833,0,0
BBT_PE,D,20220201,000000,17.3599,17.9526,17.3599,17.9526,0,0
BBT_PE,D,20220202,000000,17.4445,17.9526,17.4445,17.9526,0,0
BBT_PE,D,20220203,000000,17.614,17.9526,17.3599,17.868,0,0
BBT_PE,D,20220204,000000,17.868,18.0373,17.6986,17.6986,0,0
BBT_PE,D,20220207,000000,18.0373,18.0373,17.5292,17.9526,0,0
BBT_PE,D,20220208,000000,17.7833,18.1219,17.3599,17.3599,0,0
BBT_PE,D,20220209,000000,17.614,17.9526,17.5292,17.5292,0,0
BBT_PE,D,20220210,000000,17.614,17.7833,17.5292,17.7833,0,0
BBT_PE,D,20220211,000000,17.614,18.0373,17.5292,17.9526,0,0
BBT_PE,D,20220214,000000,17.614,17.614,17.1058,17.5292,0,0
BBT_PE,D,20220215,000000,17.4445,17.614,17.1904,17.614,0,0
BBT_PE,D,20220216,000000,17.6986,17.6986,17.3599,17.614,0,0
BBT_PE,D,20220217,000000,17.3599,17.614,17.1058,17.3599,0,0
BBT_PE,D,20220218,000000,17.1058,17.3599,16.8518,17.0211,0,0
BBT_PE,D,20220221,000000,16.7671,16.7671,16.1743,16.6825,0,0
BBT_PE,D,20220222,000000,16.1743,16.6825,16.0049,16.6825,0,0
BBT_PE,D,20220223,000000,16.6825,16.6825,16.2589,16.2589,0,0
BBT_PE,D,20220224,000000,15.5815,16.0049,14.1418,15.3274,0,0
BBT_PE,D,20220225,000000,14.3959,17.0211,14.3959,17.0211,0,0
BBT_PE,D,20220228,000000,16.513,17.1904,16.513,16.7671,0,0
BBT_PE,D,20220301,000000,16.7671,17.1058,16.1743,16.6825,0,0
BBT_PE,D,20220302,000000,16.1743,16.7671,16.1743,16.4284,0,0
BBT_PE,D,20220303,000000,16.2589,16.4284,15.6662,15.9203,0,0
BBT_PE,D,20220304,000000,15.6662,16.2589,15.6662,16.2589,0,0
BBT_PE,D,20220307,000000,15.8356,15.8356,13.6339,14.65,0,0
BBT_PE,D,20220308,000000,14.904,15.3274,13.9725,14.9887,0,0
BBT_PE,D,20220309,000000,14.5654,15.3274,14.5654,15.3274,0,0
BBT_PE,D,20220310,000000,15.5815,15.5815,14.65,15.4121,0,0
BBT_PE,D,20220311,000000,14.9887,15.3274,14.2265,15.3274,0,0
BBT_PE,D,20220314,000000,15.3274,15.3274,14.65,14.7347,0,0
BBT_PE,D,20220315,000000,14.7347,15.0734,14.65,14.904,0,0
BBT_PE,D,20220316,000000,14.8194,15.0734,14.65,15.0734,0,0
BBT_PE,D,20220317,000000,15.0734,15.0734,14.65,14.8194,0,0
BBT_PE,D,20220318,000000,14.904,14.904,14.3959,14.5654,0,0
BBT_PE,D,20220321,000000,14.5654,14.7347,14.3959,14.65,0,0
BBT_PE,D,20220322,000000,14.4806,14.65,14.3959,14.5654,0,0
BBT_PE,D,20220323,000000,14.65,14.8194,14.3959,14.3959,0,0
BBT_PE,D,20220324,000000,14.7347,14.8194,14.5654,14.7347,0,0
BBT_PE,D,20220325,000000,14.904,14.904,14.7347,14.7347,0,0
BBT_PE,D,20220328,000000,14.7347,14.9887,14.7347,14.8194,0,0
BBT_PE,D,20220329,000000,15.0734,15.0734,14.904,15.0734,0,0
BBT_PE,D,20220330,000000,15.0734,15.0734,14.904,14.9887,0,0
BBT_PE,D,20220331,000000,15.0734,15.0734,14.8194,14.8194,0,0
BBT_PE,D,20220401,000000,14.8194,14.8194,14.4806,14.5654,0,0
BBT_PE,D,20220404,000000,14.65,15.158,14.1418,14.7347,0,0
BBT_PE,D,20220405,000000,14.65,15.4121,14.65,15.158,0,0
BBT_PE,D,20220406,000000,15.158,15.158,14.4806,14.7347,0,0
BBT_PE,D,20220407,000000,14.65,14.65,14.4806,14.65,0,0
BBT_PE,D,20220408,000000,14.4806,14.65,14.3112,14.65,0,0
BBT_PE,D,20220411,000000,14.3959,14.65,14.3959,14.3959,0,0
BBT_PE,D,20220412,000000,14.2265,14.5654,14.2265,14.2265,0,0
BBT_PE,D,20220413,000000,14.2265,14.2265,13.8879,14.2265,0,0
BBT_PE,D,20220414,000000,14.2265,15.0734,14.2265,15.0734,0,0
BBT_PE,D,20220419,000000,15.2427,15.2427,14.3959,14.904,0,0
BBT_PE,D,20220420,000000,14.7347,14.7347,14.3959,14.5654,0,0
BBT_PE,D,20220421,000000,14.65,14.9887,14.5654,14.65,0,0
BBT_PE,D,20220422,000000,14.5654,14.5654,14.3959,14.3959,0,0
BBT_PE,D,20220425,000000,14.7347,14.7347,14.65,14.65,0,0
BBT_PE,D,20220426,000000,14.65,14.8194,14.5654,14.7347,0,0
BBT_PE,D,20220427,000000,14.7347,14.7347,14.3959,14.65,0,0
BBT_PE,D,20220428,000000,14.65,14.7347,12.8717,12.8717,0,0
BBT_PE,D,20220429,000000,12.9564,12.9564,12.1095,12.7024,0,0
BBT_PE,D,20220502,000000,12.7024,12.9564,12.7024,12.9564,0,0
BBT_PE,D,20220504,000000,13.1257,13.295,12.8717,13.1257,0,0
BBT_PE,D,20220505,000000,13.1257,13.1257,12.8717,12.9564,0,0
BBT_PE,D,20220506,000000,12.9564,13.041,12.6177,12.7024,0,0
BBT_PE,D,20220509,000000,12.8717,13.041,12.6177,12.8717,0,0
BBT_PE,D,20220510,000000,12.8717,12.8717,12.533,12.787,0,0
BBT_PE,D,20220511,000000,12.8717,12.8717,12.533,12.8717,0,0
BBT_PE,D,20220512,000000,12.8717,12.8717,12.4483,12.4483,0,0
BBT_PE,D,20220513,000000,12.4483,12.7024,12.4483,12.7024,0,0
BBT_PE,D,20220516,000000,12.7024,12.787,12.7024,12.787,0,0
BBT_PE,D,20220517,000000,12.787,12.787,12.787,12.787,0,0
BBT_PE,D,20220518,000000,12.787,12.787,12.6177,12.787,0,0
BBT_PE,D,20220519,000000,12.6177,12.7024,12.3636,12.7024,0,0
BBT_PE,D,20220520,000000,12.7024,12.7024,12.3636,12.7024,0,0
BBT_PE,D,20220523,000000,12.7024,12.7024,12.533,12.6177,0,0
BBT_PE,D,20220524,000000,12.533,12.7024,12.4483,12.6177,0,0
BBT_PE,D,20220525,000000,12.4483,12.4483,12.2788,12.3636,0,0
BBT_PE,D,20220526,000000,12.6177,12.6177,12.533,12.533,0,0
BBT_PE,D,20220527,000000,12.4483,12.4483,12.1942,12.2788,0,0
BBT_PE,D,20220530,000000,12.4483,13.041,12.3636,13.041,0,0
BBT_PE,D,20220531,000000,13.041,13.1257,12.8717,12.8717,0,0
BBT_PE,D,20220601,000000,12.3636,12.8717,12.3636,12.6177,0,0
BBT_PE,D,20220602,000000,12.4483,12.4483,12.1095,12.3636,0,0
BBT_PE,D,20220603,000000,12.1095,12.1095,11.5168,11.6862,0,0
BBT_PE,D,20220606,000000,11.8555,12.3636,11.6015,11.8555,0,0
BBT_PE,D,20220607,000000,11.8555,11.8555,11.3473,11.6862,0,0
BBT_PE,D,20220608,000000,11.4321,11.6862,11.3473,11.3473,0,0
BBT_PE,D,20220609,000000,11.178,11.5168,10.924,11.3473,0,0
BBT_PE,D,20220610,000000,11.0087,11.178,11.0087,11.0087,0,0
BBT_PE,D,20220613,000000,11.0087,11.0087,9.99252,10.7547,0,0
BBT_PE,D,20220614,000000,10.3312,10.7547,9.99252,10.67,0,0
BBT_PE,D,20220615,000000,10.1619,10.67,9.82319,10.67,0,0
BBT_PE,D,20220617,000000,10.5854,10.5854,9.99252,10.3312,0,0
BBT_PE,D,20220620,000000,10.67,10.67,9.31496,9.56915,0,0
BBT_PE,D,20220621,000000,9.31496,9.82319,9.14564,9.23028,0,0
BBT_PE,D,20220622,000000,9.48448,9.48448,8.89162,8.97627,0,0
BBT_PE,D,20220623,000000,8.97627,9.31496,8.97627,9.31496,0,0
BBT_PE,D,20220624,000000,10.0151,10.4622,9.74685,9.74685,0,0
BBT_PE,D,20220627,000000,9.74685,10.1939,9.74685,9.74685,0,0
BBT_PE,D,20220628,000000,9.74685,10.0151,9.74685,10.0151,0,0
BBT_PE,D,20220629,000000,10.0151,10.3728,9.92556,10.2834,0,0
BBT_PE,D,20220630,000000,9.92556,10.1939,9.92556,10.0151,0,0
BBT_PE,D,20220701,000000,10.2834,11.2669,10.2834,11.1774,0,0
BBT_PE,D,20220704,000000,11.2669,13.2342,11.2669,12.9659,0,0
BBT_PE,D,20220705,000000,12.8765,12.8765,11.3563,11.7141,0,0
BBT_PE,D,20220706,000000,11.6247,12.1612,11.6247,11.6247,0,0
BBT_PE,D,20220707,000000,11.6247,11.6247,10.7304,11.6247,0,0
BBT_PE,D,20220708,000000,11.4457,11.6247,11.2669,11.4457,0,0
BBT_PE,D,20220711,000000,11.4457,11.4457,11.1774,11.4457,0,0
BBT_PE,D,20220712,000000,11.3563,11.3563,10.7304,11.1774,0,0
BBT_PE,D,20220713,000000,10.9987,11.1774,10.4622,10.9987,0,0
BBT_PE,D,20220714,000000,10.8198,10.8198,10.4622,10.7304,0,0
BBT_PE,D,20220715,000000,10.4622,10.8198,10.4622,10.7304,0,0
BBT_PE,D,20220718,000000,10.8198,11.0881,10.4622,10.9987,0,0
BBT_PE,D,20220719,000000,10.9093,10.9093,10.4622,10.7304,0,0
BBT_PE,D,20220720,000000,10.7304,10.7304,10.641,10.7304,0,0
BBT_PE,D,20220721,000000,10.7304,10.7304,10.641,10.7304,0,0
BBT_PE,D,20220722,000000,10.7304,10.8198,10.5515,10.8198,0,0
BBT_PE,D,20220725,000000,10.7304,11.0881,10.7304,11.0881,0,0
BBT_PE,D,20220726,000000,11.0881,11.0881,10.8198,10.8198,0,0
BBT_PE,D,20220727,000000,10.8198,10.9987,10.7304,10.8198,0,0
BBT_PE,D,20220728,000000,10.9093,11.3563,10.9093,11.2669,0,0
BBT_PE,D,20220729,000000,10.9987,11.5353,10.9987,11.4457,0,0
BBT_PE,D,20220801,000000,11.5353,11.9823,11.4457,11.9823,0,0
BBT_PE,D,20220802,000000,11.9823,11.9823,11.8929,11.8929,0,0
BBT_PE,D,20220803,000000,11.8035,12.6082,11.8035,12.6082,0,0
BBT_PE,D,20220804,000000,12.7871,12.7871,12.34,12.6082,0,0
BBT_PE,D,20220805,000000,12.6082,12.6082,11.5353,12.1612,0,0
BBT_PE,D,20220808,000000,12.1612,12.4294,11.7141,12.34,0,0
BBT_PE,D,20220809,000000,12.34,12.34,11.8929,12.0717,0,0
BBT_PE,D,20220810,000000,12.0717,12.0717,11.8035,12.0717,0,0
BBT_PE,D,20220811,000000,12.0717,12.4294,11.8929,12.34,0,0
BBT_PE,D,20220812,000000,12.34,12.5188,12.34,12.34,0,0
BBT_PE,D,20220816,000000,11.9823,12.34,11.8035,12.2506,0,0
BBT_PE,D,20220817,000000,12.2506,12.2506,11.8929,12.1612,0,0
BBT_PE,D,20220818,000000,12.1612,12.34,11.9823,12.34,0,0
BBT_PE,D,20220819,000000,12.4294,12.4294,11.9823,12.0717,0,0
BBT_PE,D,20220822,000000,12.0717,12.1612,11.6247,12.0717,0,0
BBT_PE,D,20220823,000000,12.0717,12.1612,11.4457,11.9823,0,0
BBT_PE,D,20220824,000000,11.9823,11.9823,11.4457,11.8035,0,0
BBT_PE,D,20220825,000000,11.8035,11.8035,11.6247,11.7141,0,0
BBT_PE,D,20220826,000000,11.5353,11.8035,11.4457,11.8035,0,0
BBT_PE,D,20220829,000000,11.4457,11.8035,10.7304,11.8035,0,0
BBT_PE,D,20220830,000000,10.9093,11.8929,10.9093,11.7141,0,0
BBT_PE,D,20220831,000000,11.8035,12.34,11.8035,12.1612,0,0
BBT_PE,D,20220901,000000,11.9823,11.9823,11.8035,11.8929,0,0
BBT_PE,D,20220902,000000,11.8035,11.9823,11.8035,11.8929,0,0
BBT_PE,D,20220905,000000,11.4457,11.8929,11.4457,11.8929,0,0
BBT_PE,D,20220906,000000,11.8929,11.8929,11.4457,11.4457,0,0
BBT_PE,D,20220907,000000,11.4457,11.8929,11.4457,11.8035,0,0
BBT_PE,D,20220908,000000,11.8035,11.8035,11.4457,11.6247,0,0
BBT_PE,D,20220909,000000,11.4457,11.7141,11.3563,11.7141,0,0
BBT_PE,D,20220912,000000,11.7141,11.7141,11.3563,11.4457,0,0
BBT_PE,D,20220913,000000,11.4457,11.4457,10.9093,11.3563,0,0
BBT_PE,D,20220914,000000,11.0881,11.3563,11.0881,11.1774,0,0
BBT_PE,D,20220915,000000,10.9987,11.3563,10.641,10.641,0,0
BBT_PE,D,20220916,000000,10.4622,10.641,10.1045,10.1045,0,0
BBT_PE,D,20220919,000000,10.3728,10.3728,9.92556,10.1045,0,0
BBT_PE,D,20220920,000000,10.3728,10.3728,10.1045,10.1045,0,0
BBT_PE,D,20220921,000000,9.83626,10.3728,9.56796,10.2834,0,0
BBT_PE,D,20220922,000000,9.92556,10.1939,9.92556,10.1939,0,0
BBT_PE,D,20220923,000000,9.92556,10.2834,9.92556,10.2834,0,0
BBT_PE,D,20220926,000000,9.92556,10.0151,9.6574,9.74685,0,0
BBT_PE,D,20220927,000000,10.0151,10.0151,9.47853,9.47853,0,0
BBT_PE,D,20220928,000000,9.6574,9.6574,9.03144,9.21032,0,0
BBT_PE,D,20220929,000000,9.83626,9.92556,9.21032,9.29967,0,0
BBT_PE,D,20220930,000000,9.29967,9.74685,8.94203,9.38909,0,0
BBT_PE,D,20221003,000000,9.12087,9.21032,8.94203,9.03144,0,0
BBT_PE,D,20221004,000000,9.38909,9.38909,8.94203,9.12087,0,0
BBT_PE,D,20221005,000000,9.21032,9.21032,9.03144,9.03144,0,0
BBT_PE,D,20221006,000000,9.12087,10.1939,9.12087,10.1939,0,0
BBT_PE,D,20221007,000000,10.3728,10.641,10.1939,10.5515,0,0
BBT_PE,D,20221010,000000,10.5515,11.5353,10.5515,11.2669,0,0
BBT_PE,D,20221011,000000,11.2669,11.3563,10.8198,10.8198,0,0
BBT_PE,D,20221012,000000,11.0881,11.3563,10.9093,10.9093,0,0
BBT_PE,D,20221013,000000,11.0881,11.0881,10.641,10.641,0,0
BBT_PE,D,20221014,000000,10.641,10.9093,10.4622,10.641,0,0
BBT_PE,D,20221017,000000,10.4622,10.8198,10.1939,10.8198,0,0
BBT_PE,D,20221018,000000,10.8198,10.8198,10.5515,10.641,0,0
BBT_PE,D,20221019,000000,10.641,10.641,10.641,10.641,0,0
BBT_PE,D,20221020,000000,10.9987,10.9987,9.92556,10.641,0,0
BBT_PE,D,20221021,000000,10.1045,10.5515,10.1045,10.3728,0,0
BBT_PE,D,20221024,000000,10.3728,10.4622,10.2834,10.4622,0,0
BBT_PE,D,20221025,000000,10.1939,10.3728,10.1939,10.2834,0,0
BBT_PE,D,20221026,000000,10.0151,10.3728,10.0151,10.3728,0,0
BBT_PE,D,20221027,000000,10.3728,10.3728,10.3728,10.3728,0,0
BBT_PE,D,20221028,000000,10.3728,10.9093,10.1045,10.9093,0,0
BBT_PE,D,20221031,000000,11.4457,12.2506,11.2669,11.9823,0,0
BBT_PE,D,20221102,000000,11.9823,11.9823,11.8929,11.8929,0,0
BBT_PE,D,20221103,000000,11.8929,11.8929,11.6247,11.6247,0,0
BBT_PE,D,20221104,000000,11.7141,11.8929,11.6247,11.8929,0,0
BBT_PE,D,20221107,000000,11.6247,12.1612,11.5353,11.7141,0,0
BBT_PE,D,20221108,000000,11.7141,12.2506,11.7141,11.9823,0,0
BBT_PE,D,20221109,000000,11.8035,12.2506,11.7141,12.1612,0,0
BBT_PE,D,20221110,000000,11.8929,12.2506,11.8929,12.2506,0,0
BBT_PE,D,20221114,000000,12.2506,12.34,12.2506,12.2506,0,0
BBT_PE,D,20221115,000000,11.9823,12.0717,11.9823,12.0717,0,0
BBT_PE,D,20221116,000000,11.9823,12.1612,11.6247,12.1612,0,0
BBT_PE,D,20221117,000000,11.8035,12.1612,11.8035,12.1612,0,0
BBT_PE,D,20221118,000000,11.8035,12.2506,11.8035,12.1612,0,0
BBT_PE,D,20221121,000000,11.9823,12.1612,11.9823,11.9823,0,0
BBT_PE,D,20221122,000000,11.7141,12.0717,11.7141,11.8035,0,0
BBT_PE,D,20221123,000000,11.8035,12.0717,11.8035,11.9823,0,0
BBT_PE,D,20221124,000000,11.8929,11.8929,11.8035,11.8035,0,0
BBT_PE,D,20221125,000000,11.8035,11.9823,11.7141,11.8929,0,0
BBT_PE,D,20221128,000000,11.8929,11.8929,11.6247,11.8035,0,0
BBT_PE,D,20221129,000000,11.9823,12.2506,11.8035,12.0717,0,0
BBT_PE,D,20221130,000000,11.9823,12.7871,11.8929,12.6976,0,0
BBT_PE,D,20221201,000000,12.8765,12.8765,12.5188,12.7871,0,0
BBT_PE,D,20221202,000000,12.8765,12.8765,12.6082,12.6082,0,0
BBT_PE,D,20221205,000000,12.7871,12.8765,12.5188,12.6976,0,0
BBT_PE,D,20221206,000000,12.7871,13.1447,12.4294,13.1447,0,0
BBT_PE,D,20221207,000000,13.1447,13.1447,12.6082,12.6976,0,0
BBT_PE,D,20221208,000000,12.4294,12.7871,12.4294,12.4294,0,0
BBT_PE,D,20221209,000000,12.4294,12.6082,12.4294,12.6082,0,0
BBT_PE,D,20221212,000000,12.6082,12.6082,12.5188,12.6082,0,0
BBT_PE,D,20221213,000000,12.8154,12.9069,10.8931,10.8931,0,0
BBT_PE,D,20221214,000000,10.9846,11.0761,10.8931,10.9846,0,0
BBT_PE,D,20221215,000000,11.1677,11.1677,10.3439,10.5269,0,0
BBT_PE,D,20221216,000000,10.5269,10.71,10.3439,10.4354,0,0
BBT_PE,D,20221219,000000,10.4354,10.4354,10.3439,10.4354,0,0
BBT_PE,D,20221220,000000,10.4354,10.6185,10.4354,10.4354,0,0
BBT_PE,D,20221221,000000,10.5269,10.6185,10.4354,10.5269,0,0
BBT_PE,D,20221222,000000,10.5269,10.6185,10.3439,10.4354,0,0
BBT_PE,D,20221223,000000,10.4354,10.4354,10.2523,10.4354,0,0
BBT_PE,D,20221227,000000,10.1608,10.4354,10.1608,10.3439,0,0
BBT_PE,D,20221228,000000,10.3439,10.5269,10.2523,10.3439,0,0
BBT_PE,D,20221229,000000,10.3439,10.71,10.3439,10.71,0,0
BBT_PE,D,20221230,000000,10.71,10.9846,10.71,10.8015,0,0
BBT_PE,D,20230102,000000,10.9846,10.9846,10.8015,10.8931,0,0
BBT_PE,D,20230103,000000,10.9846,11.3507,10.8931,11.0761,0,0
BBT_PE,D,20230104,000000,11.0761,11.3507,10.5269,10.9846,0,0
BBT_PE,D,20230105,000000,11.0761,12.1746,11.0761,11.9916,0,0
BBT_PE,D,20230109,000000,12.1746,12.1746,11.8085,11.8085,0,0
BBT_PE,D,20230110,000000,11.9,11.9916,11.717,11.9,0,0
BBT_PE,D,20230111,000000,11.9916,12.3577,11.9,12.0831,0,0
BBT_PE,D,20230112,000000,12.0831,12.0831,11.717,11.8085,0,0
BBT_PE,D,20230113,000000,11.9,12.0831,11.717,11.9916,0,0
BBT_PE,D,20230116,000000,11.9916,12.0831,11.8085,11.9916,0,0
BBT_PE,D,20230117,000000,11.9916,11.9916,11.717,11.9,0,0
BBT_PE,D,20230118,000000,11.9,12.0831,11.9,11.9916,0,0
BBT_PE,D,20230119,000000,11.9916,12.0831,11.9,11.9916,0,0
BBT_PE,D,20230120,000000,12.1746,12.3577,12.1746,12.3577,0,0
BBT_PE,D,20230123,000000,12.4492,13.09,12.4492,12.9069,0,0
BBT_PE,D,20230124,000000,13.09,13.1815,12.9069,12.9069,0,0
BBT_PE,D,20230125,000000,13.4561,13.4561,12.8154,12.8154,0,0
BBT_PE,D,20230126,000000,12.8154,12.8154,12.8154,12.8154,0,0
BBT_PE,D,20230127,000000,12.7238,13.1815,12.7238,12.8154,0,0
BBT_PE,D,20230130,000000,13.7307,13.7307,13.09,13.273,0,0
BBT_PE,D,20230131,000000,13.09,13.4561,13.09,13.1815,0,0
BBT_PE,D,20230201,000000,13.1815,13.1815,12.9069,12.9984,0,0
BBT_PE,D,20230202,000000,12.9984,13.9139,12.9984,13.4561,0,0
BBT_PE,D,20230203,000000,13.7307,13.8224,13.4561,13.6392,0,0
BBT_PE,D,20230206,000000,13.6392,13.6392,13.1815,13.1815,0,0
BBT_PE,D,20230207,000000,13.4561,13.4561,12.9984,13.09,0,0
BBT_PE,D,20230208,000000,12.8154,13.273,12.7238,13.273,0,0
BBT_PE,D,20230209,000000,12.9069,13.4561,12.9069,13.3646,0,0
BBT_PE,D,20230210,000000,13.3646,13.3646,13.09,13.1815,0,0
BBT_PE,D,20230213,000000,13.3646,13.3646,12.9984,13.273,0,0
BBT_PE,D,20230214,000000,12.9984,13.273,12.9069,12.9984,0,0
BBT_PE,D,20230215,000000,12.9984,12.9984,12.9069,12.9984,0,0
BBT_PE,D,20230216,000000,12.9069,12.9069,11.9916,12.4492,0,0
BBT_PE,D,20230217,000000,12.4492,13.9139,12.1746,13.7307,0,0
BBT_PE,D,20230220,000000,13.7307,13.7307,13.4561,13.5477,0,0
BBT_PE,D,20230221,000000,13.5477,13.6392,13.5477,13.5477,0,0
BBT_PE,D,20230222,000000,13.5477,13.7307,13.4561,13.5477,0,0
BBT_PE,D,20230223,000000,13.6392,14.097,13.6392,14.097,0,0
BBT_PE,D,20230224,000000,14.28,14.6462,14.1885,14.1885,0,0
BBT_PE,D,20230227,000000,14.3716,14.8292,13.9139,14.8292,0,0
BBT_PE,D,20230228,000000,14.8292,15.653,14.8292,15.47,0,0
BBT_PE,D,20230301,000000,15.47,15.9277,14.28,15.1038,0,0
BBT_PE,D,20230302,000000,15.1038,15.3784,15.1038,15.2869,0,0
BBT_PE,D,20230303,000000,15.2869,15.5615,15.0123,15.0123,0,0
BBT_PE,D,20230306,000000,15.1038,15.1038,14.3716,14.7377,0,0
BBT_PE,D,20230307,000000,14.8292,14.8292,14.4631,14.4631,0,0
BBT_PE,D,20230308,000000,14.4631,14.4631,14.097,14.1885,0,0
BBT_PE,D,20230309,000000,14.1885,14.4631,13.8224,14.4631,0,0
BBT_PE,D,20230310,000000,14.6462,14.6462,13.9139,13.9139,0,0
BBT_PE,D,20230313,000000,13.8224,13.8224,12.9069,12.9069,0,0
BBT_PE,D,20230314,000000,13.09,13.7307,13.09,13.5477,0,0
BBT_PE,D,20230315,000000,13.5477,13.5477,13.09,13.09,0,0
BBT_PE,D,20230316,000000,12.9984,13.4561,12.9069,13.4561,0,0
BBT_PE,D,20230317,000000,13.273,13.6392,13.273,13.3646,0,0
BBT_PE,D,20230320,000000,13.3646,13.3646,12.8154,13.3646,0,0
BBT_PE,D,20230321,000000,13.3646,13.4561,13.1815,13.273,0,0
BBT_PE,D,20230322,000000,13.5477,13.9139,13.1815,13.4561,0,0
BBT_PE,D,20230323,000000,13.4561,13.8224,13.4561,13.5477,0,0
BBT_PE,D,20230324,000000,13.3646,13.3646,13.1815,13.273,0,0
BBT_PE,D,20230327,000000,13.1815,13.4561,12.9984,13.3646,0,0
BBT_PE,D,20230328,000000,13.1815,13.3646,12.8154,12.9984,0,0
BBT_PE,D,20230329,000000,12.9984,12.9984,12.8154,12.8154,0,0
BBT_PE,D,20230330,000000,12.8154,12.9984,12.8154,12.9069,0,0
BBT_PE,D,20230331,000000,12.9069,12.9984,12.8154,12.8154,0,0
BBT_PE,D,20230403,000000,12.8154,13.3646,12.8154,13.1815,0,0
BBT_PE,D,20230404,000000,13.3646,13.6392,13.273,13.273,0,0
BBT_PE,D,20230405,000000,13.273,13.3646,12.9984,13.09,0,0
BBT_PE,D,20230406,000000,13.6392,13.6392,13.09,13.09,0,0
BBT_PE,D,20230411,000000,13.3646,13.5477,13.3646,13.5477,0,0
BBT_PE,D,20230412,000000,13.5477,13.5477,12.9984,13.4561,0,0
BBT_PE,D,20230413,000000,13.4561,13.6392,13.1815,13.3646,0,0
BBT_PE,D,20230414,000000,13.3646,13.6392,13.3646,13.6392,0,0
BBT_PE,D,20230417,000000,13.6392,13.7307,13.3646,13.7307,0,0
BBT_PE,D,20230418,000000,13.6392,13.7307,13.4561,13.4561,0,0
BBT_PE,D,20230419,000000,13.5477,13.6392,13.3646,13.5477,0,0
BBT_PE,D,20230420,000000,13.5477,13.5477,13.3646,13.5477,0,0
BBT_PE,D,20230421,000000,13.7307,14.4631,13.7307,14.3716,0,0
BBT_PE,D,20230424,000000,14.3716,14.7377,14.3716,14.4631,0,0
BBT_PE,D,20230425,000000,14.7377,14.7377,14.097,14.097,0,0
BBT_PE,D,20230426,000000,14.0054,14.4631,13.9139,13.9139,0,0
BBT_PE,D,20230427,000000,14.28,14.28,13.273,13.9139,0,0
BBT_PE,D,20230428,000000,13.8224,13.8224,13.4561,13.7307,0,0
BBT_PE,D,20230502,000000,13.7307,13.8224,13.4561,13.7307,0,0
BBT_PE,D,20230504,000000,13.5477,13.5477,12.7238,13.09,0,0
BBT_PE,D,20230505,000000,13.09,13.4561,12.9069,13.09,0,0
BBT_PE,D,20230508,000000,13.09,13.4561,13.09,13.273,0,0
BBT_PE,D,20230509,000000,13.3646,13.3646,13.1815,13.3646,0,0
BBT_PE,D,20230510,000000,13.3646,13.4561,13.1815,13.1815,0,0
BBT_PE,D,20230511,000000,13.273,13.273,12.9984,12.9984,0,0
BBT_PE,D,20230512,000000,12.9984,13.273,12.9984,13.273,0,0
BBT_PE,D,20230515,000000,13.273,13.5477,13.1815,13.5477,0,0
BBT_PE,D,20230516,000000,13.6392,14.0054,13.6392,13.9139,0,0
BBT_PE,D,20230517,000000,13.8224,13.9139,13.273,13.9139,0,0
BBT_PE,D,20230518,000000,13.8224,13.8224,13.3646,13.4561,0,0
BBT_PE,D,20230519,000000,13.273,13.7307,13.273,13.7307,0,0
BBT_PE,D,20230522,000000,13.9139,13.9139,13.1815,13.4561,0,0
BBT_PE,D,20230523,000000,13.3646,13.6392,13.273,13.6392,0,0
BBT_PE,D,20230524,000000,13.3646,13.9139,13.3646,13.6392,0,0
BBT_PE,D,20230525,000000,13.6392,13.7307,13.3646,13.7307,0,0
BBT_PE,D,20230526,000000,13.4561,13.4561,12.5408,12.6323,0,0
BBT_PE,D,20230529,000000,12.6323,12.6323,12.2662,12.5408,0,0
BBT_PE,D,20230530,000000,12.4492,12.4492,12.0831,12.2662,0,0
BBT_PE,D,20230531,000000,12.3577,12.6323,12.3577,12.5408,0,0
BBT_PE,D,20230601,000000,12.4492,12.4492,11.717,12.2662,0,0
BBT_PE,D,20230602,000000,12.2662,12.2662,11.8085,12.0831,0,0
BBT_PE,D,20230605,000000,11.9,12.1746,11.8085,11.9916,0,0
BBT_PE,D,20230606,000000,11.9,12.0831,11.717,12.0831,0,0
BBT_PE,D,20230607,000000,12.0831,12.2662,11.9,12.0831,0,0
BBT_PE,D,20230609,000000,12.0831,12.0831,11.9,11.9916,0,0
BBT_PE,D,20230612,000000,11.9916,12.0831,11.9,11.9916,0,0
BBT_PE,D,20230613,000000,12.0831,12.2662,11.9,12.0831,0,0
BBT_PE,D,20230614,000000,12.0831,12.0831,11.9,12.0831,0,0
BBT_PE,D,20230615,000000,12.0831,12.0831,11.717,11.9916,0,0
BBT_PE,D,20230616,000000,11.9,12.2662,11.8085,12.2662,0,0
BBT_PE,D,20230619,000000,12.5408,12.5408,12.2662,12.5408,0,0
BBT_PE,D,20230620,000000,12.5408,12.6323,12.4492,12.4492,0,0
BBT_PE,D,20230621,000000,12.7238,12.7238,12.3577,12.3577,0,0
BBT_PE,D,20230622,000000,12.6323,12.7238,12.4492,12.7238,0,0
BBT_PE,D,20230623,000000,12.7238,12.8154,12.6323,12.7238,0,0
BBT_PE,D,20230626,000000,12.7238,12.9984,12.7238,12.9069,0,0
BBT_PE,D,20230627,000000,13.3528,13.7398,13.0625,13.0625,0,0
BBT_PE,D,20230628,000000,13.1593,13.3528,13.0625,13.0625,0,0
BBT_PE,D,20230629,000000,12.7722,12.869,12.7722,12.7722,0,0
BBT_PE,D,20230630,000000,12.869,12.869,12.5787,12.6755,0,0
BBT_PE,D,20230703,000000,12.7722,13.0625,12.7722,12.7722,0,0
BBT_PE,D,20230704,000000,12.6755,12.9657,12.3852,12.7722,0,0
BBT_PE,D,20230705,000000,12.7722,12.869,12.4819,12.6755,0,0
BBT_PE,D,20230706,000000,12.6755,12.869,12.6755,12.6755,0,0
BBT_PE,D,20230707,000000,12.6755,12.6755,12.1917,12.6755,0,0
BBT_PE,D,20230710,000000,12.6755,12.6755,12.2884,12.6755,0,0
BBT_PE,D,20230711,000000,12.6755,12.6755,12.2884,12.2884,0,0
BBT_PE,D,20230712,000000,12.2884,12.6755,12.2884,12.5787,0,0
BBT_PE,D,20230713,000000,12.4819,12.5787,12.3852,12.4819,0,0
BBT_PE,D,20230714,000000,12.4819,12.5787,12.3852,12.3852,0,0
BBT_PE,D,20230717,000000,12.3852,12.4819,11.9981,12.4819,0,0
BBT_PE,D,20230718,000000,12.3852,12.3852,11.9981,12.1917,0,0
BBT_PE,D,20230719,000000,12.0949,12.2884,11.7079,11.8046,0,0
BBT_PE,D,20230720,000000,12.0949,12.0949,11.8046,11.8046,0,0
BBT_PE,D,20230721,000000,11.9981,12.2884,11.9981,11.9981,0,0
BBT_PE,D,20230724,000000,11.9981,12.3852,11.7079,11.9014,0,0
BBT_PE,D,20230725,000000,11.9981,11.9981,11.9981,11.9981,0,0
BBT_PE,D,20230726,000000,12.2884,12.2884,11.9014,11.9981,0,0
BBT_PE,D,20230727,000000,12.0949,12.0949,11.8046,11.9981,0,0
BBT_PE,D,20230728,000000,11.9981,11.9981,11.8046,11.9014,0,0
BBT_PE,D,20230731,000000,11.9981,11.9981,11.6111,11.8046,0,0
BBT_PE,D,20230801,000000,11.7079,11.9014,11.6111,11.9014,0,0
BBT_PE,D,20230802,000000,11.7079,11.9014,11.5144,11.8046,0,0
BBT_PE,D,20230803,000000,11.7079,11.8046,11.6111,11.8046,0,0
BBT_PE,D,20230804,000000,11.7079,11.7553,11.6082,11.7079,0,0
BBT_PE,D,20230807,000000,11.6585,11.6585,11.5608,11.6111,0,0
BBT_PE,D,20230808,000000,11.6605,11.7098,11.5144,11.5144,0,0
BBT_PE,D,20230809,000000,11.5637,11.6614,11.4166,11.4176,0,0
BBT_PE,D,20230810,000000,11.613,11.613,11.4176,11.6111,0,0
BBT_PE,D,20230811,000000,11.6605,12.1994,11.464,11.8046,0,0
BBT_PE,D,20230814,000000,11.9033,12.0011,11.7079,11.7079,0,0
BBT_PE,D,20230816,000000,11.7572,11.8056,11.6585,11.7079,0,0
BBT_PE,D,20230817,000000,11.7079,11.8549,11.5144,11.5144,0,0
BBT_PE,D,20230818,000000,11.5144,11.5144,11.465,11.5144,0,0
BBT_PE,D,20230821,000000,11.5144,11.8095,11.5144,11.5144,0,0
BBT_PE,D,20230822,000000,11.613,11.8095,11.613,11.8046,0,0
BBT_PE,D,20230823,000000,11.854,11.854,11.5095,11.5144,0,0
BBT_PE,D,20230824,000000,11.5637,11.7601,11.5144,11.5144,0,0
BBT_PE,D,20230825,000000,11.5144,11.7098,11.5144,11.6111,0,0
BBT_PE,D,20230828,000000,11.7592,11.8085,11.7079,11.7079,0,0
BBT_PE,D,20230829,000000,11.7079,12.003,11.6092,11.9981,0,0
BBT_PE,D,20230830,000000,11.8995,12.2933,11.8995,12.2884,0,0
BBT_PE,D,20230831,000000,12.0417,12.2875,12.0417,12.0949,0,0
BBT_PE,D,20230901,000000,12.1936,12.1936,12.0949,12.1917,0,0
BBT_PE,D,20230904,000000,12.1917,12.2904,11.9459,12.2884,0,0
BBT_PE,D,20230905,000000,12.2875,12.3368,11.9933,12.1917,0,0
BBT_PE,D,20230906,000000,11.9952,12.0939,11.8966,11.9014,0,0
BBT_PE,D,20230907,000000,11.9014,12.0001,11.705,11.7079,0,0
BBT_PE,D,20230908,000000,11.6585,12.1501,11.6585,11.9981,0,0
BBT_PE,D,20230911,000000,12.1452,12.1452,11.555,11.7079,0,0
BBT_PE,D,20230912,000000,11.7079,11.8056,11.5105,11.8046,0,0
BBT_PE,D,20230913,000000,11.5589,11.5589,11.4108,11.4176,0,0
BBT_PE,D,20230914,000000,11.4166,11.614,11.3189,11.4176,0,0
BBT_PE,D,20230915,000000,11.3189,11.3682,11.2202,11.2241,0,0
BBT_PE,D,20230918,000000,11.4698,11.4698,11.3711,11.4176,0,0
BBT_PE,D,20230919,000000,11.2696,12.0572,11.2202,11.6111,0,0
BBT_PE,D,20230920,000000,11.3653,11.8085,11.2666,11.3208,0,0
BBT_PE,D,20230921,000000,11.6634,11.7127,11.3208,11.7079,0,0
BBT_PE,D,20230922,000000,11.6585,11.7079,11.316,11.3208,0,0
BBT_PE,D,20230925,000000,11.5656,11.5656,11.3692,11.4176,0,0
BBT_PE,D,20230926,000000,11.2202,11.5647,7.25694,7.25694,0,0
BBT_PE,D,20230927,000000,7.3837,7.41466,7.25694,7.25694,0,0
BBT_PE,D,20230928,000000,7.25694,7.25694,7.13116,7.16019,0,0
BBT_PE,D,20230929,000000,7.16019,7.22308,7.0344,7.06343,0,0
BBT_PE,D,20231002,000000,7.25307,7.37886,7.06343,7.16019,0,0
BBT_PE,D,20231003,000000,6.9715,7.37983,6.9715,7.06343,0,0
BBT_PE,D,20231004,000000,7.19018,7.22114,7.00053,7.06343,0,0
BBT_PE,D,20231005,000000,7.15825,7.19018,7.15825,7.16019,0,0
BBT_PE,D,20231006,000000,7.0344,7.0344,6.96667,6.96667,0,0
BBT_PE,D,20231009,000000,7.12245,7.31016,6.9357,7.06343,0,0
BBT_PE,D,20231010,000000,7.25307,7.37886,7.09536,7.3537,0,0
BBT_PE,D,20231011,000000,7.3537,7.4166,7.3537,7.3537,0,0
BBT_PE,D,20231012,000000,7.3537,7.3537,7.32177,7.3537,0,0
BBT_PE,D,20231013,000000,7.3537,7.3537,7.06343,7.06343,0,0
BBT_PE,D,20231016,000000,7.06343,7.25694,7.06343,7.25694,0,0
BBT_PE,D,20231017,000000,7.25694,7.25694,7.13212,7.16019,0,0
BBT_PE,D,20231018,000000,7.16019,7.3537,7.16019,7.3537,0,0
BBT_PE,D,20231019,000000,7.32177,7.32177,7.16019,7.16019,0,0
BBT_PE,D,20231020,000000,7.28597,7.28597,7.09729,7.25694,0,0
BBT_PE,D,20231023,000000,7.19405,7.25694,7.09923,7.25694,0,0
BBT_PE,D,20231024,000000,7.06826,7.19405,7.0044,7.06343,0,0
BBT_PE,D,20231025,000000,7.06343,7.06343,6.90668,6.96667,0,0
BBT_PE,D,20231026,000000,6.9357,7.09245,6.9357,7.06343,0,0
BBT_PE,D,20231027,000000,7.03246,7.06343,6.84378,7.06343,0,0
BBT_PE,D,20231030,000000,7.00053,7.12632,7.00053,7.06343,0,0
BBT_PE,D,20231031,000000,7.06343,7.09439,6.96957,7.06343,0,0
BBT_PE,D,20231102,000000,6.96957,7.06343,6.96667,6.96667,0,0
BBT_PE,D,20231103,000000,6.96667,7.09245,6.71509,6.77315,0,0
BBT_PE,D,20231106,000000,6.96086,7.05375,6.92893,6.96667,0,0
BBT_PE,D,20231107,000000,6.96667,7.12342,6.96667,7.06343,0,0
BBT_PE,D,20231108,000000,7.2821,7.81331,7.2821,7.74074,0,0
BBT_PE,D,20231109,000000,7.86556,8.05424,7.86556,7.93426,0,0
BBT_PE,D,20231110,000000,7.99619,7.99619,7.65269,7.74074,0,0
BBT_PE,D,20231113,000000,7.83556,7.96135,7.64592,7.74074,0,0
BBT_PE,D,20231114,000000,7.74074,7.86653,7.67785,7.8375,0,0
BBT_PE,D,20231115,000000,7.8375,7.8375,7.80654,7.8375,0,0
BBT_PE,D,20231116,000000,7.86943,7.86943,7.42821,7.64398,0,0
BBT_PE,D,20231117,000000,7.58109,7.8375,7.54916,7.8375,0,0
BBT_PE,D,20231120,000000,7.80654,8.03102,7.80654,8.03102,0,0
BBT_PE,D,20231121,000000,7.93716,7.93716,7.71655,7.74074,0,0
BBT_PE,D,20231122,000000,7.67785,7.70881,7.61495,7.64398,0,0
BBT_PE,D,20231123,000000,7.67591,7.89652,7.64398,7.64398,0,0
BBT_PE,D,20231124,000000,7.73784,7.86362,7.48626,7.8375,0,0
BBT_PE,D,20231127,000000,7.8375,8.24679,7.8375,7.93426,0,0
BBT_PE,D,20231128,000000,8.18583,8.70833,8.12294,8.70833,0,0
BBT_PE,D,20231129,000000,8.6406,8.6406,8.37064,8.51481,0,0
BBT_PE,D,20231130,000000,8.51481,8.51481,8.17616,8.22454,0,0
BBT_PE,D,20231201,000000,8.42773,8.52933,8.22454,8.51481,0,0
BBT_PE,D,20231204,000000,8.51481,8.54868,8.41322,8.51481,0,0
BBT_PE,D,20231205,000000,8.51481,8.51481,8.24389,8.51481,0,0
BBT_PE,D,20231206,000000,8.44708,8.51481,8.37935,8.51481,0,0
BBT_PE,D,20231207,000000,8.34549,8.34549,8.07359,8.22454,0,0
BBT_PE,D,20231208,000000,8.02231,8.05618,7.82008,8.03102,0,0
BBT_PE,D,20231211,000000,8.03102,8.19841,7.79589,8.12778,0,0
BBT_PE,D,20231212,000000,8.12778,8.12778,7.89072,7.93426,0,0
BBT_PE,D,20231213,000000,7.8675,8.03489,7.8675,8.03102,0,0
BBT_PE,D,20231214,000000,7.96329,8.09875,7.89652,8.03102,0,0
BBT_PE,D,20231215,000000,7.93039,8.12778,7.89652,8.12778,0,0
BBT_PE,D,20231218,000000,7.99231,8.09391,7.89072,7.93426,0,0
BBT_PE,D,20231219,000000,8.06972,8.06972,7.86653,7.93426,0,0
BBT_PE,D,20231220,000000,7.93426,7.93426,7.46207,7.54722,0,0
BBT_PE,D,20231221,000000,7.54722,7.71655,7.44562,7.64398,0,0
BBT_PE,D,20231222,000000,7.64398,7.67785,7.44079,7.45046,0,0
BBT_PE,D,20231227,000000,7.45046,7.45046,7.11181,7.16019,0,0
BBT_PE,D,20231228,000000,7.22792,7.36338,7.22792,7.25694,0,0
BBT_PE,D,20231229,000000,7.25694,7.39144,7.25694,7.3537,0,0
BBT_PE,D,20240102,000000,7.28694,7.58883,7.28694,7.54722,0,0
BBT_PE,D,20240103,000000,7.51336,7.54722,7.41273,7.54722,0,0
BBT_PE,D,20240104,000000,7.58109,7.58109,7.41273,7.54722,0,0
BBT_PE,D,20240105,000000,7.41273,7.93426,7.41273,7.93426,0,0
BBT_PE,D,20240108,000000,7.90039,8.20615,7.90039,8.03102,0,0
BBT_PE,D,20240109,000000,8.03102,8.03102,7.93039,8.03102,0,0
BBT_PE,D,20240110,000000,7.99715,8.06488,7.99715,8.03102,0,0
BBT_PE,D,20240111,000000,8.03102,8.06488,7.82782,7.8375,0,0
BBT_PE,D,20240112,000000,7.8375,7.87137,7.703,7.74074,0,0
BBT_PE,D,20240115,000000,7.70687,7.70687,7.16599,7.45046,0,0
BBT_PE,D,20240116,000000,7.4166,7.45046,7.17954,7.3537,0,0
BBT_PE,D,20240117,000000,7.21921,7.31984,7.08471,7.25694,0,0
BBT_PE,D,20240118,000000,7.22308,7.22308,6.98505,7.16019,0,0
BBT_PE,D,20240119,000000,7.26178,7.26178,7.06343,7.06343,0,0
BBT_PE,D,20240122,000000,7.06343,7.33242,7.02956,7.06343,0,0
BBT_PE,D,20240123,000000,7.06343,7.26469,6.99569,7.25694,0,0
BBT_PE,D,20240124,000000,7.25694,7.3537,7.15631,7.3537,0,0
BBT_PE,D,20240125,000000,7.42144,7.4553,7.38757,7.45046,0,0
BBT_PE,D,20240126,000000,7.45046,7.55206,7.2134,7.25694,0,0
BBT_PE,D,20240129,000000,7.42627,7.42627,7.25694,7.3537,0,0
BBT_PE,D,20240130,000000,7.3537,7.3537,7.21921,7.25694,0,0
BBT_PE,D,20240131,000000,7.32371,7.4582,7.32371,7.45046,0,0
BBT_PE,D,20240201,000000,7.45046,7.61786,7.45046,7.54722,0,0
BBT_PE,D,20240202,000000,7.64785,7.91781,7.54722,7.8375,0,0
BBT_PE,D,20240205,000000,7.9391,8.07553,7.87137,7.93426,0,0
BBT_PE,D,20240206,000000,7.93426,8.00199,7.83266,7.8375,0,0
BBT_PE,D,20240207,000000,8.10746,8.10746,7.87137,8.03102,0,0
BBT_PE,D,20240208,000000,8.03102,8.03102,7.89652,8.03102,0,0
BBT_PE,D,20240209,000000,7.99715,8.03102,7.93039,7.93426,0,0
BBT_PE,D,20240212,000000,7.93426,8.33968,7.93426,8.3213,0,0
BBT_PE,D,20240213,000000,8.28743,8.69382,8.28743,8.61157,0,0
BBT_PE,D,20240214,000000,8.67931,8.67931,8.33968,8.41806,0,0
BBT_PE,D,20240215,000000,8.38419,8.62028,8.24969,8.3213,0,0
BBT_PE,D,20240216,000000,8.3213,8.45482,8.05231,8.22454,0,0
BBT_PE,D,20240219,000000,8.4945,8.62899,8.2584,8.51481,0,0
BBT_PE,D,20240220,000000,8.31259,8.41806,8.21196,8.41806,0,0
BBT_PE,D,20240221,000000,8.24969,8.38419,8.08133,8.22454,0,0
BBT_PE,D,20240222,000000,8.22454,8.32613,8.12294,8.3213,0,0
BBT_PE,D,20240223,000000,8.28743,8.61157,8.25356,8.61157,0,0
BBT_PE,D,20240226,000000,8.61157,8.61157,8.33968,8.41806,0,0
BBT_PE,D,20240227,000000,8.45192,8.45192,8.12778,8.12778,0,0
BBT_PE,D,20240228,000000,8.12778,8.32904,8.06005,8.12778,0,0
BBT_PE,D,20240229,000000,8.12778,8.12778,7.79106,8.03102,0,0
BBT_PE,D,20240301,000000,8.03102,8.16648,7.82879,8.12778,0,0
BBT_PE,D,20240304,000000,7.95942,8.16164,7.89169,8.09391,0,0
BBT_PE,D,20240305,000000,8.12778,8.16164,7.89169,7.93426,0,0
BBT_PE,D,20240306,000000,8.00199,8.03489,7.96812,8.03102,0,0
BBT_PE,D,20240307,000000,7.96329,7.96329,7.72816,7.93426,0,0
BBT_PE,D,20240308,000000,7.86653,7.86653,7.66333,7.74074,0,0
BBT_PE,D,20240311,000000,7.67301,7.67301,7.45046,7.45046,0,0
BBT_PE,D,20240312,000000,7.45046,7.45046,7.38273,7.45046,0,0
BBT_PE,D,20240313,000000,7.65366,7.65366,7.45046,7.45046,0,0
BBT_PE,D,20240314,000000,7.55109,7.58496,7.54722,7.54722,0,0
BBT_PE,D,20240315,000000,7.44659,7.58109,7.3121,7.34596,0,0
BBT_PE,D,20240318,000000,7.34596,7.51336,7.34596,7.3537,0,0
BBT_PE,D,20240319,000000,7.3537,7.58883,7.3537,7.54722,0,0
BBT_PE,D,20240320,000000,7.54722,7.54722,7.34596,7.3537,0,0
BBT_PE,D,20240321,000000,7.3537,7.4882,7.28694,7.45046,0,0
BBT_PE,D,20240322,000000,7.4166,7.55206,7.34887,7.3537,0,0
BBT_PE,D,20240325,000000,7.38757,7.38757,7.3537,7.3537,0,0
BBT_PE,D,20240326,000000,7.38757,7.45046,7.28694,7.45046,0,0
BBT_PE,D,20240327,000000,7.45046,7.45046,7.28113,7.3537,0,0
BBT_PE,D,20240328,000000,7.25307,7.3537,7.18534,7.3537,0,0
BBT_PE,D,20240402,000000,7.3537,7.62463,7.3537,7.54722,0,0
BBT_PE,D,20240403,000000,7.37789,7.47949,7.34403,7.3537,0,0
BBT_PE,D,20240404,000000,7.31984,7.45046,7.28597,7.45046,0,0
BBT_PE,D,20240405,000000,7.45046,7.61979,7.38273,7.54722,0,0
BBT_PE,D,20240408,000000,7.58109,7.64398,7.44659,7.64398,0,0
BBT_PE,D,20240409,000000,7.61012,7.64398,7.40692,7.45046,0,0
BBT_PE,D,20240410,000000,7.4166,7.45046,7.31597,7.45046,0,0
BBT_PE,D,20240411,000000,7.51723,7.74074,7.45046,7.74074,0,0
BBT_PE,D,20240412,000000,7.77461,7.94297,7.74074,7.74074,0,0
BBT_PE,D,20240415,000000,7.74074,7.87524,7.74074,7.74074,0,0
BBT_PE,D,20240416,000000,7.60625,7.60625,7.43788,7.45046,0,0
BBT_PE,D,20240417,000000,7.45046,7.85492,7.45046,7.64398,0,0
BBT_PE,D,20240418,000000,7.64398,7.64398,7.40789,7.54722,0,0
BBT_PE,D,20240419,000000,7.41273,9.48241,7.37983,9.48241,0,0
BBT_PE,D,20240422,000000,9.48241,9.48241,9.31598,9.48241,0,0
BBT_PE,D,20240423,000000,9.48241,9.48241,9.19116,9.19213,0,0
BBT_PE,D,20240424,000000,9.19213,9.19213,9.09537,9.09537,0,0
BBT_PE,D,20240425,000000,9.09537,9.30244,9.05376,9.19213,0,0
BBT_PE,D,20240426,000000,9.19213,9.31598,9.06828,9.19213,0,0
BBT_PE,D,20240429,000000,9.19213,9.19213,8.98603,9.19213,0,0
BBT_PE,D,20240430,000000,9.19213,9.23374,8.94346,9.09537,0,0
BBT_PE,D,20240502,000000,8.97152,9.26083,8.92991,9.17858,0,0
BBT_PE,D,20240506,000000,9.17858,9.21922,8.99861,8.99861,0,0
BBT_PE,D,20240507,000000,8.91637,9.28792,8.91637,9.19213,0,0
BBT_PE,D,20240508,000000,8.94249,9.15052,8.94249,9.09537,0,0
BBT_PE,D,20240509,000000,9.09537,9.13698,8.88831,9.09537,0,0
BBT_PE,D,20240510,000000,9.17858,9.3034,9.05376,9.28889,0,0
BBT_PE,D,20240513,000000,9.28889,9.37113,8.99861,9.28889,0,0
BBT_PE,D,20240514,000000,9.16504,9.24728,9.12343,9.19213,0,0
BBT_PE,D,20240515,000000,9.19213,9.35759,9.10988,9.28889,0,0
BBT_PE,D,20240516,000000,9.28889,9.49499,9.12343,9.48241,0,0
BBT_PE,D,20240517,000000,9.48241,9.60626,9.35856,9.48241,0,0
BBT_PE,D,20240520,000000,9.35856,9.77269,9.35856,9.77269,0,0
BBT_PE,D,20240521,000000,9.64787,9.77269,9.56465,9.77269,0,0
BBT_PE,D,20240522,000000,9.60626,9.77269,9.60626,9.77269,0,0
BBT_PE,D,20240523,000000,9.81429,9.8559,9.57917,9.57917,0,0
BBT_PE,D,20240524,000000,9.78623,10.063,9.57917,10.063,0,0
BBT_PE,D,20240527,000000,10.1936,10.3242,10.063,10.1597,0,0
BBT_PE,D,20240528,000000,10.0726,10.1597,10.063,10.063,0,0
BBT_PE,D,20240529,000000,10.063,10.2797,10.063,10.063,0,0
BBT_PE,D,20240531,000000,10.063,10.1065,10.063,10.063,0,0
BBT_PE,D,20240603,000000,10.15,10.1597,10.1065,10.1597,0,0
BBT_PE,D,20240604,000000,10.1162,10.1162,9.94201,9.9662,0,0
BBT_PE,D,20240605,000000,10.0097,10.2284,9.67593,9.67593,0,0
BBT_PE,D,20240606,000000,9.71947,10.0233,9.71947,9.77269,0,0
BBT_PE,D,20240607,000000,9.77269,9.81623,9.6856,9.77269,0,0
BBT_PE,D,20240610,000000,9.81623,9.81623,9.55498,9.67593,0,0
BBT_PE,D,20240611,000000,9.63238,9.77269,9.37113,9.77269,0,0
BBT_PE,D,20240612,000000,9.51144,9.77269,9.46693,9.77269,0,0
BBT_PE,D,20240613,000000,9.55304,9.55304,9.46596,9.48241,0,0
BBT_PE,D,20240614,000000,9.65754,9.78913,9.39532,9.77269,0,0
BBT_PE,D,20240617,000000,9.77269,9.86944,9.77269,9.86944,0,0
BBT_PE,D,20240618,000000,9.86944,9.86944,9.60819,9.8259,0,0
BBT_PE,D,20240619,000000,9.60819,9.78236,9.52014,9.77269,0,0
BBT_PE,D,20240620,000000,9.77269,9.81623,9.46693,9.48241,0,0
BBT_PE,D,20240621,000000,9.48241,9.52692,9.43887,9.48241,0,0
BBT_PE,D,20240624,000000,9.48241,9.614,9.30727,9.48241,0,0
BBT_PE,D,20240625,000000,9.48241,9.48241,9.19213,9.19213,0,0
BBT_PE,D,20240626,000000,9.32275,9.3663,9.14859,9.28889,0,0
BBT_PE,D,20240627,000000,9.28889,9.38565,9.20181,9.38565,0,0
BBT_PE,D,20240628,000000,9.43016,9.43016,9.19213,9.19213,0,0
BBT_PE,D,20240701,000000,9.3663,9.75914,9.32275,9.57917,0,0
BBT_PE,D,20240702,000000,9.405,9.53562,9.18729,9.28889,0,0
BBT_PE,D,20240703,000000,9.55304,9.64109,9.28889,9.48241,0,0
BBT_PE,D,20240704,000000,9.619,9.846,9.619,9.8,0,0
BBT_PE,D,20240705,000000,9.8,10.117,9.575,10,0,0
BBT_PE,D,20240708,000000,10,10.136,9.727,9.8,0,0
BBT_PE,D,20240709,000000,9.982,9.982,9.71,9.9,0,0
BBT_PE,D,20240710,000000,9.855,9.9,9.764,9.9,0,0
BBT_PE,D,20240711,000000,9.9,9.946,9.8,9.8,0,0
BBT_PE,D,20240712,000000,9.8,9.936,9.755,9.9,0,0
BBT_PE,D,20240715,000000,9.945,9.945,9.854,9.9,0,0
BBT_PE,D,20240716,000000,9.991,9.991,9.31,9.6,0,0
BBT_PE,D,20240717,000000,9.921,9.921,9.5,9.5,0,0
BBT_PE,D,20240718,000000,9.681,10.223,9.5,10.2,0,0
BBT_PE,D,20240719,000000,10.2,10.246,10.065,10.2,0,0
BBT_PE,D,20240722,000000,10.2,10.246,9.93,10.1,0,0
BBT_PE,D,20240723,000000,10.1,10.146,10.009,10.1,0,0
BBT_PE,D,20240724,000000,10.054,10.1,10.054,10.1,0,0
BBT_PE,D,20240725,000000,9.918,9.918,9.783,9.8,0,0
BBT_PE,D,20240726,000000,9.891,10.207,9.891,10.1,0,0
BBT_PE,D,20240729,000000,10.1,10.236,9.918,10.2,0,0
BBT_PE,D,20240730,000000,10.2,10.291,10.11,10.2,0,0
BBT_PE,D,20240731,000000,10.11,10.4,10.11,10.4,0,0
BBT_PE,D,20240801,000000,10.4,10.4,9.948,10.3,0,0
BBT_PE,D,20240802,000000,10.074,10.119,9.892,9.9,0,0
BBT_PE,D,20240805,000000,9.809,9.809,8.878,9.4,0,0
BBT_PE,D,20240806,000000,9.4,9.445,9.219,9.3,0,0
BBT_PE,D,20240807,000000,9.3,9.661,9.21,9.6,0,0
BBT_PE,D,20240808,000000,9.976,10.165,9.7,9.7,0,0
BBT_PE,D,20240809,000000,9.564,9.655,9.247,9.5,0,0
BBT_PE,D,20240812,000000,9.319,9.5,9.274,9.4,0,0
BBT_PE,D,20240813,000000,9.536,9.581,9.354,9.4,0,0
BBT_PE,D,20240814,000000,9.4,9.581,9.4,9.4,0,0
BBT_PE,D,20240816,000000,9.4,9.491,9.4,9.4,0,0
BBT_PE,D,20240819,000000,9.309,9.309,9.264,9.3,0,0
BBT_PE,D,20240820,000000,9.3,9.5,9.3,9.5,0,0
BBT_PE,D,20240821,000000,9.591,9.591,9.364,9.5,0,0
BBT_PE,D,20240822,000000,9.409,9.5,9.364,9.5,0,0
BBT_PE,D,20240823,000000,9.5,9.5,9.273,9.4,0,0
BBT_PE,D,20240826,000000,9.4,9.5,9.355,9.5,0,0
BBT_PE,D,20240827,000000,9.319,9.5,9.319,9.4,0,0
BBT_PE,D,20240828,000000,9.445,9.491,9.263,9.4,0,0
BBT_PE,D,20240829,000000,9.263,9.4,9.263,9.4,0,0
BBT_PE,D,20240830,000000,9.354,9.4,9.3,9.3,0,0
BBT_PE,D,20240902,000000,9.481,9.707,9.255,9.661,0,0
BBT_PE,D,20240903,000000,9.661,9.661,9.436,9.5,0,0
BBT_PE,D,20240904,000000,9.5,9.5,9.3,9.3,0,0
BBT_PE,D,20240905,000000,9.3,9.436,9.255,9.3,0,0
BBT_PE,D,20240906,000000,9.39,9.753,9.209,9.7,0,0
BBT_PE,D,20240909,000000,9.292,9.927,9.292,9.9,0,0
BBT_PE,D,20240910,000000,9.719,9.9,9.448,9.9,0,0
BBT_PE,D,20240911,000000,9.854,9.945,9.538,9.7,0,0
BBT_PE,D,20240912,000000,9.974,10.019,9.7,10,0,0
BBT_PE,D,20240913,000000,10.091,10.091,9.591,10,0,0
BBT_PE,D,20240916,000000,9.955,10.182,9.773,10.1,0,0
BBT_PE,D,20240917,000000,9.645,9.918,9.554,9.9,0,0
BBT_PE,D,20240918,000000,9.9,9.9,9.582,9.8,0,0
BBT_PE,D,20240919,000000,10.252,10.252,9.755,9.8,0,0
BBT_PE,D,20240920,000000,9.936,9.936,9.664,9.7,0,0
BBT_PE,D,20240923,000000,9.7,9.7,9.6,9.6,0,0
BBT_PE,D,20240924,000000,9.645,11.3,9.463,11.3,0,0
BBT_PE,D,20240925,000000,11.3,11.3,10.87,11,0,0
BBT_PE,D,20240926,000000,11.161,11.161,10.893,11.1,0,0
BBT_PE,D,20240927,000000,10.993,11.1,10.885,11.1,0,0
BBT_PE,D,20240930,000000,10.939,11.154,10.939,11.1,0,0
BBT_PE,D,20241001,000000,11.1,11.154,10.94,11,0,0
BBT_PE,D,20241002,000000,10.946,11,10.8,10.8,0,0
BBT_PE,D,20241003,000000,10.799,11.122,10.746,11.1,0,0
BBT_PE,D,20241004,000000,10.886,11.1,10.725,10.8,0,0
BBT_PE,D,20241007,000000,10.961,11.014,10.799,10.8,0,0
BBT_PE,D,20241008,000000,10.907,11.014,10.799,11,0,0
BBT_PE,D,20241009,000000,11,11,10.396,10.5,0,0
BBT_PE,D,20241010,000000,10.543,10.715,10.543,10.6,0,0
BBT_PE,D,20241011,000000,10.578,10.9,10.578,10.9,0,0
BBT_PE,D,20241014,000000,10.846,10.846,10.792,10.8,0,0
BBT_PE,D,20241015,000000,10.746,10.853,10.746,10.8,0,0
BBT_PE,D,20241016,000000,10.584,10.8,10.584,10.8,0,0
BBT_PE,D,20241017,000000,10.736,10.8,10.5,10.5,0,0
BBT_PE,D,20241018,000000,10.479,10.6,10.479,10.6,0,0
BBT_PE,D,20241021,000000,10.621,10.75,10.621,10.7,0,0
BBT_PE,D,20241022,000000,10.678,10.678,10.6,10.6,0,0
BBT_PE,D,20241023,000000,10.535,10.621,10.492,10.6,0,0
BBT_PE,D,20241024,000000,10.471,10.514,10.471,10.5,0,0
BBT_PE,D,20241025,000000,10.393,10.6,10.393,10.6,0,0
BBT_PE,D,20241028,000000,10.449,10.665,10.449,10.5,0,0
BBT_PE,D,20241029,000000,10.5,10.8,10.5,10.8,0,0
BBT_PE,D,20241030,000000,10.8,10.854,10.476,10.6,0,0
BBT_PE,D,20241031,000000,10.471,10.826,10.449,10.6,0,0
BBT_PE,D,20241104,000000,10.336,10.5,10.294,10.5,0,0
BBT_PE,D,20241105,000000,10.436,10.436,10.4,10.4,0,0
BBT_PE,D,20241106,000000,10.636,10.7,10.357,10.7,0,0
BBT_PE,D,20241107,000000,10.464,10.7,10.357,10.7,0,0
BBT_PE,D,20241108,000000,10.7,10.9,10.614,10.9,0,0
BBT_PE,D,20241112,000000,10.706,10.706,10.4,10.4,0,0
BBT_PE,D,20241113,000000,10.378,10.443,10.357,10.4,0,0
BBT_PE,D,20241114,000000,10.443,10.5,10.378,10.5,0,0
BBT_PE,D,20241115,000000,10.479,10.5,10.4,10.4,0,0
BBT_PE,D,20241118,000000,10.378,10.378,10.293,10.3,0,0
BBT_PE,D,20241119,000000,10.3,10.343,9.785,10.1,0,0
BBT_PE,D,20241120,000000,9.928,10.144,9.928,10.1,0,0
BBT_PE,D,20241121,000000,9.95,10.3,9.778,10.3,0,0
BBT_PE,D,20241122,000000,10.3,10.3,9.976,10.3,0,0
BBT_PE,D,20241125,000000,10.257,10.343,10.2,10.2,0,0
BBT_PE,D,20241126,000000,10.307,10.672,10.028,10.5,0,0
BBT_PE,D,20241127,000000,10.5,10.716,10.5,10.6,0,0
BBT_PE,D,20241128,000000,10.794,10.794,10.2,10.2,0,0
BBT_PE,D,20241129,000000,10.393,10.5,10.393,10.4,0,0
BBT_PE,D,20241202,000000,10.207,10.207,9.735,9.9,0,0
BBT_PE,D,20241203,000000,9.899,9.899,9.7,9.7,0,0
BBT_PE,D,20241204,000000,9.657,9.828,9.657,9.7,0,0
BBT_PE,D,20241205,000000,9.7,9.916,9.657,9.9,0,0
BBT_PE,D,20241206,000000,9.792,9.9,9.728,9.8,0,0
BBT_PE,D,20241209,000000,9.692,10.061,9.692,9.7,0,0
BBT_PE,D,20241210,000000,9.7,9.7,9.571,9.6,0,0
BBT_PE,D,20241211,000000,9.686,9.686,9.449,9.6,0,0
BBT_PE,D,20241212,000000,9.448,9.513,8.927,9.4,0,0
BBT_PE,D,20241213,000000,9.162,9.335,9.097,9.1,0,0
BBT_PE,D,20241216,000000,9.121,9.186,8.71,8.9,0,0
BBT_PE,D,20241217,000000,8.835,8.835,8.249,8.5,0,0
BBT_PE,D,20241218,000000,8.5,8.565,8.4,8.4,0,0
BBT_PE,D,20241219,000000,8.4,8.4,8.163,8.2,0,0
BBT_PE,D,20241220,000000,8.308,8.308,7.572,8.3,0,0
BBT_PE,D,20241223,000000,8.084,8.3,7.889,8.3,0,0
BBT_PE,D,20241227,000000,7.975,8.668,7.91,8.5,0,0
BBT_PE,D,20241230,000000,8.5,8.607,8.349,8.6,0,0
BBT_PE,D,20250102,000000,8.924,9.594,8.816,9.2,0,0
BBT_PE,D,20250103,000000,9.287,9.482,9.2,9.2,0,0
BBT_PE,D,20250107,000000,9.46,9.46,8.875,8.9,0,0
BBT_PE,D,20250108,000000,8.878,8.878,8.64,8.8,0,0
BBT_PE,D,20250109,000000,8.521,8.951,8.521,8.9,0,0
BBT_PE,D,20250110,000000,8.987,9.203,8.683,9,0,0
BBT_PE,D,20250113,000000,9,9.151,9,9.1,0,0
BBT_PE,D,20250114,000000,9.1,9.273,8.5,8.5,0,0
BBT_PE,D,20250115,000000,8.5,9.038,8.5,8.9,0,0
BBT_PE,D,20250116,000000,8.835,9.029,8.512,8.8,0,0
BBT_PE,D,20250117,000000,8.8,8.8,8.562,8.6,0,0
BBT_PE,D,20250120,000000,8.752,8.752,8.6,8.6,0,0
BBT_PE,D,20250121,000000,8.643,8.643,8.513,8.6,0,0
BBT_PE,D,20250122,000000,8.621,8.665,8.5,8.5,0,0
BBT_PE,D,20250123,000000,8.651,8.651,8.5,8.5,0,0
BBT_PE,D,20250124,000000,8.5,8.608,8.436,8.6,0,0
BBT_PE,D,20250127,000000,8.493,8.622,8.471,8.5,0,0
BBT_PE,D,20250128,000000,8.608,8.7,8.608,8.7,0,0
BBT_PE,D,20250129,000000,8.7,8.7,8.6,8.6,0,0
BBT_PE,D,20250130,000000,8.6,8.6,8.493,8.6,0,0
BBT_PE,D,20250131,000000,8.687,8.687,8.5,8.5,0,0
BBT_PE,D,20250203,000000,8.63,8.738,8.543,8.7,0,0
BBT_PE,D,20250204,000000,8.7,9.1,8.7,9.1,0,0
BBT_PE,D,20250205,000000,9.013,9.1,8.991,9,0,0
BBT_PE,D,20250206,000000,9,9.022,8.6,8.6,0,0
BBT_PE,D,20250207,000000,8.708,8.9,8.493,8.9,0,0
BBT_PE,D,20250210,000000,8.683,8.966,8.683,8.9,0,0
BBT_PE,D,20250211,000000,8.792,8.944,8.728,8.9,0,0
BBT_PE,D,20250212,000000,8.987,9.4,8.922,9.4,0,0
BBT_PE,D,20250213,000000,9.378,9.378,8.944,9.1,0,0
BBT_PE,D,20250214,000000,9.1,9.1,8.926,9.1,0,0
BBT_PE,D,20250217,000000,9.1,9.1,8.991,9,0,0
BBT_PE,D,20250218,000000,9,9,8.957,9,0,0
BBT_PE,D,20250219,000000,8.892,9,8.892,8.9,0,0
BBT_PE,D,20250220,000000,8.9,9.1,8.9,9.1,0,0
BBT_PE,D,20250221,000000,9.1,9.122,8.9,8.9,0,0
BBT_PE,D,20250224,000000,8.9,9,8.575,9,0,0
BBT_PE,D,20250225,000000,9.022,9.13,9.022,9.1,0,0
BBT_PE,D,20250226,000000,9.056,9.056,8.883,9,0,0
BBT_PE,D,20250227,000000,9,9.043,8.784,8.9,0,0
BBT_PE,D,20250228,000000,8.9,9.009,8.705,9,0,0
BBT_PE,D,20250303,000000,8.783,9.065,8.783,9,0,0
BBT_PE,D,20250304,000000,9,9,8.8,8.8,0,0
BBT_PE,D,20250305,000000,8.736,8.9,8.736,8.9,0,0
BBT_PE,D,20250306,000000,8.9,9.031,8.879,9,0,0
BBT_PE,D,20250307,000000,8.675,8.827,8.632,8.8,0,0
BBT_PE,D,20250310,000000,8.691,8.821,8.691,8.8,0,0
BBT_PE,D,20250311,000000,8.453,8.779,8.453,8.6,0,0
BBT_PE,D,20250312,000000,8.6,8.729,8.557,8.6,0,0
BBT_PE,D,20250313,000000,8.621,8.621,8.319,8.4,0,0
BBT_PE,D,20250314,000000,8.4,8.616,8.357,8.4,0,0
BBT_PE,D,20250317,000000,8.443,8.486,8.4,8.4,0,0
BBT_PE,D,20250318,000000,8.572,8.594,8.357,8.4,0,0
BBT_PE,D,20250319,000000,8.552,8.552,8.4,8.4,0,0
BBT_PE,D,20250320,000000,8.507,8.507,8.464,8.5,0,0
BBT_PE,D,20250321,000000,8.457,8.758,8.457,8.7,0,0
BBT_PE,D,20250324,000000,8.7,8.765,8.376,8.5,0,0
BBT_PE,D,20250325,000000,8.478,8.651,8.413,8.6,0,0
BBT_PE,D,20250326,000000,8.535,8.535,8.101,8.3,0,0
BBT_PE,D,20250327,000000,7.955,8.3,7.89,8.3,0,0
BBT_PE,D,20250328,000000,8.365,8.495,8.105,8.3,0,0
BBT_PE,D,20250331,000000,8.365,8.43,8.126,8.3,0,0
BBT_PE,D,20250401,000000,8.365,8.365,8,8,0,0
BBT_PE,D,20250402,000000,8.258,8.258,8.194,8.2,0,0
BBT_PE,D,20250403,000000,8.071,8.071,8.071,8.071,0,0
BBT_PE,D,20250404,000000,8.049,8.049,7.554,7.8,0,0
BBT_PE,D,20250407,000000,7.583,7.583,7.041,7.041,0,0
BBT_PE,D,20250408,000000,7.106,7.561,7.106,7.5,0,0
BBT_PE,D,20250409,000000,7.174,7.413,7.174,7.4,0,0
BBT_PE,D,20250410,000000,7.618,7.618,7.509,7.618,0,0
BBT_PE,D,20250411,000000,7.596,7.596,7.5,7.5,0,0
BBT_PE,D,20250414,000000,7.5,7.565,7.391,7.4,0,0
BBT_PE,D,20250415,000000,7.292,7.335,7.183,7.3,0,0
BBT_PE,D,20250416,000000,7.192,7.451,7.127,7.3,0,0
BBT_PE,D,20250417,000000,7.3,7.452,7.279,7.4,0,0
BBT_PE,D,20250422,000000,7.379,7.4,7.227,7.4,0,0
BBT_PE,D,20250423,000000,7.4,7.422,7.3,7.3,0,0
BBT_PE,D,20250424,000000,7.451,7.451,7.2,7.2,0,0
BBT_PE,D,20250425,000000,7.372,7.5,7.178,7.5,0,0
BBT_PE,D,20250428,000000,7.413,19.2,7.413,19.2,0,0
BBT_PE,D,20250429,000000,19.47,19.5,19.091,19.5,0,0
BBT_PE,D,20250430,000000,19.664,19.7,19.664,19.7,0,0
BBT_PE,D,20250502,000000,19.81,19.919,19.6,19.6,0,0
BBT_PE,D,20250505,000000,19.545,19.8,19.437,19.8,0,0
BBT_PE,D,20250506,000000,19.691,19.691,19.3,19.3,0,0
BBT_PE,D,20250507,000000,19.355,19.517,19.192,19.5,0,0
BBT_PE,D,20250508,000000,19.122,19.502,19.068,19.5,0,0
BBT_PE,D,20250509,000000,19.068,19.61,19.068,19.2,0,0
BBT_PE,D,20250512,000000,19.2,19.5,19.037,19.5,0,0
BBT_PE,D,20250513,000000,19.283,19.392,19.2,19.2,0,0
BBT_PE,D,20250514,000000,19.2,19.416,19.2,19.2,0,0
BBT_PE,D,20250515,000000,19.2,19.2,19.091,19.1,0,0
BBT_PE,D,20250516,000000,19.21,19.318,19.1,19.1,0,0
BBT_PE,D,20250519,000000,19.264,19.5,19.102,19.5,0,0
BBT_PE,D,20250520,000000,19.447,19.447,19.231,19.4,0,0
BBT_PE,D,20250521,000000,19.344,19.344,19.344,19.344,0,0
BBT_PE,D,20250522,000000,19.128,19.128,19.1,19.1,0,0
BBT_PE,D,20250523,000000,19.21,19.21,19.048,19.1,0,0
BBT_PE,D,20250526,000000,19.262,19.262,18.774,19,0,0
BBT_PE,D,20250527,000000,19.001,19.164,18.838,19,0,0
BBT_PE,D,20250528,000000,18.893,27,18.295,27,0,0
BBT_PE,D,20250529,000000,26.604,27.308,26.604,27.3,0,0
BBT_PE,D,20250530,000000,27.219,27.219,26.985,27,0,0
BBT_PE,D,20250602,000000,26.839,27.152,26.839,27.1,0,0
BBT_PE,D,20250603,000000,26.86,27.173,26.782,26.8,0,0
BBT_PE,D,20250604,000000,27.194,27.194,26.6,26.6,0,0
BBT_PE,D,20250605,000000,26.526,27.387,26.369,27.3,0,0
BBT_PE,D,20250606,000000,27.305,27.383,27.3,27.3,0,0
BBT_PE,D,20250609,000000,27.226,27.226,26.2,26.2,0,0
BBT_PE,D,20250610,000000,26.281,26.907,26.203,26.4,0,0
BBT_PE,D,20250611,000000,27.262,27.262,26.635,26.9,0,0
BBT_PE,D,20250612,000000,26.98,27.216,26.98,27.2,0,0
BBT_PE,D,20250613,000000,26.735,26.735,26.343,26.6,0,0
BBT_PE,D,20250616,000000,26.839,27,26.839,27,0,0
BBT_PE,D,20250617,000000,26.682,26.682,26.6,26.6,0,0
BBT_PE,D,20250618,000000,27.152,27.152,26.369,26.5,0,0
BBT_PE,D,20250620,000000,26.264,27.205,26.264,26.4,0,0
BBT_PE,D,20250623,000000,26.4,26.8,26.244,26.8,0,0
BBT_PE,D,20250624,000000,26.803,26.803,26.097,26.2,0,0
BBT_PE,D,20250625,000000,26.281,26.437,25.811,26.1,0,0
BBT_PE,D,20250626,000000,26.097,26.6,25.862,26.6,0,0
BBT_PE,D,20250627,000000,25.971,27.148,25.736,27.1,0,0
BBT_PE,D,20250630,000000,27.016,27.016,26.625,27,0,0
BBT_PE,D,20250701,000000,26.923,26.923,26.4,26.4,0,0
BBT_PE,D,20250702,000000,26.479,27.027,26.479,27,0,0
BBT_PE,D,20250703,000000,26.766,26.766,26.6,26.6,0,0
BBT_PE,D,20250704,000000,26.834,26.834,26.599,26.8,0,0
BBT_PE,D,20250707,000000,26.803,27.116,26.489,26.5,0,0
BBT_PE,D,20250708,000000,26.578,28.146,26.578,27.5,0,0
BBT_PE,D,20250709,000000,27.732,27.81,26.635,27.7,0,0
BBT_PE,D,20250710,000000,28.168,29.345,28.168,28.9,0,0
BBT_PE,D,20250711,000000,29.287,29.287,28.583,28.6,0,0
BBT_PE,D,20250714,000000,28.298,28.7,27.686,28.7,0,0
BBT_PE,D,20250715,000000,28.695,28.695,27.44,27.5,0,0
BBT_PE,D,20250716,000000,27.654,28.045,27.419,27.8,0,0
BBT_PE,D,20250717,000000,27.8,28.113,27.565,28.1,0,0
BBT_PE,D,20250718,000000,28.258,28.337,26.614,27.7,0,0
BBT_PE,D,20250721,000000,27.074,27.7,26.839,27.2,0,0
BBT_PE,D,20250722,000000,27.44,27.754,26.735,27.6,0,0
BBT_PE,D,20250723,000000,26.97,27.362,26.97,27.3,0,0
BBT_PE,D,20250724,000000,27.376,27.376,26.75,26.8,0,0
BBT_PE,D,20250725,000000,27.194,27.194,26.019,26.9,0,0
BBT_PE,D,20250728,000000,27.216,27.216,26.8,26.8,0,0
BBT_PE,D,20250729,000000,26.803,26.881,26.332,26.5,0,0
BBT_PE,D,20250730,000000,26.578,27.048,26.578,27,0,0
BBT_PE,D,20250731,000000,26.839,26.995,26.213,26.7,0,0
BBT_PE,D,20250801,000000,26.703,27.016,25.998,26,0,0
BBT_PE,D,20250804,000000,26.782,26.782,26.233,26.7,0,0
BBT_PE,D,20250805,000000,26.625,26.703,26.233,26.3,0,0
BBT_PE,D,20250806,000000,26.301,26.614,26.223,26.6,0,0
BBT_PE,D,20250807,000000,26.682,26.682,25.822,26.1,0,0
BBT_PE,D,20250808,000000,26.724,26.9,26.176,26.9,0,0
BBT_PE,D,20250811,000000,26.824,26.824,26.8,26.8,0,0
BBT_PE,D,20250812,000000,26.332,26.332,26.176,26.2,0,0
BBT_PE,D,20250813,000000,25.961,26.667,25.882,26.6,0,0
BBT_PE,D,20250814,000000,26.604,26.604,25.978,26.2,0,0
BBT_PE,D,20250818,000000,26.203,26.594,25.89,25.9,0,0
BBT_PE,D,20250819,000000,26.526,26.682,25.9,26.5,0,0
BBT_PE,D,20250820,000000,26.264,26.264,26,26,0,0
BBT_PE,D,20250822,000000,26.547,26.703,25.842,25.9,0,0
BBT_PE,D,20250825,000000,25.981,26.766,25.981,26.6,0,0
BBT_PE,D,20250826,000000,26.206,26.285,25.736,26,0,0
BBT_PE,D,20250827,000000,26.39,26.39,26.155,26.2,0,0
BBT_PE,D,20250828,000000,26.203,26.437,25.968,26,0,0
BBT_PE,D,20250829,000000,25.998,26.468,25.842,25.9,0,0
BBT_PE,D,20250901,000000,26.217,26.531,26.06,26.5,0,0
BBT_PE,D,20250902,000000,26.499,26.5,26.264,26.5,0,0
BBT_PE,D,20250903,000000,26.578,27.205,26.264,27.2,0,0
BBT_PE,D,20250904,000000,27.127,27.127,26.107,26.8,0,0
BBT_PE,D,20250905,000000,27.038,27.038,26.6,26.6,0,0
BBT_PE,D,20250908,000000,26.213,26.604,26.056,26.6,0,0
BBT_PE,D,20250909,000000,26.135,26.526,25.9,26.2,0,0
BBT_PE,D,20250910,000000,26.124,26.124,25.811,25.9,0,0
BBT_PE,D,20250911,000000,26.452,26.688,26.217,26.4,0,0
BBT_PE,D,20250912,000000,26.165,27.027,26.087,27,0,0
BBT_PE,D,20250915,000000,27.002,27.473,26.452,27.4,0,0
BBT_PE,D,20250916,000000,26.693,27.397,26.6,26.6,0,0
BBT_PE,D,20250917,000000,27.308,27.308,26.291,26.3,0,0
BBT_PE,D,20250918,000000,26.301,26.301,26.2,26.2,0,0
BBT_PE,D,20250919,000000,26.275,26.902,26.275,26.9,0,0
BBT_PE,D,20250922,000000,26.902,27.373,26.196,26.2,0,0
BBT_PE,D,20250923,000000,26.196,26.902,26.196,26.2,0,0
BBT_PE,D,20250924,000000,26.672,26.75,25.42,26.1,0,0
BBT_PE,D,20250925,000000,26.019,26.019,25.392,25.9,0,0
BBT_PE,D,20250926,000000,25.509,25.978,25.274,25.822,0,0
