<TICKER>,<PER>,<DATE>,<TIME>,<OPEN>,<HIGH>,<LOW>,<CLOSE>,<VOL>,<OPENINT>
BCS_PB,D,20211207,000000,12.3024,12.3024,12.3024,12.3024,0,0
BCS_PB,D,20211208,000000,12.3024,12.3024,11.8918,12.118,0,0
BCS_PB,D,20211209,000000,11.8079,12.118,11.0956,12.1096,0,0
BCS_PB,D,20211210,000000,11.8414,12.1264,11.6571,12.0174,0,0
BCS_PB,D,20211213,000000,11.5229,12.0342,11.4475,12.0342,0,0
BCS_PB,D,20211214,000000,12.0342,12.0342,11.3973,11.9085,0,0
BCS_PB,D,20211215,000000,11.5732,11.9085,11.4224,11.9085,0,0
BCS_PB,D,20211216,000000,11.4895,11.9085,11.4895,11.9085,0,0
BCS_PB,D,20211217,000000,11.875,12.0928,11.4979,12.0928,0,0
BCS_PB,D,20211220,000000,11.6068,11.9671,11.59,11.9588,0,0
BCS_PB,D,20211221,000000,11.6152,12.1264,11.6068,12.1264,0,0
BCS_PB,D,20211222,000000,12.118,12.1264,11.8414,12.0845,0,0
BCS_PB,D,20211223,000000,11.9504,11.9504,11.7073,11.9504,0,0
BCS_PB,D,20211227,000000,11.7661,12.0342,11.7157,12.0342,0,0
BCS_PB,D,20211228,000000,11.8414,12.0845,11.7661,12.0845,0,0
BCS_PB,D,20211229,000000,11.9001,12.5873,11.8414,12.5873,0,0
BCS_PB,D,20211230,000000,12.4783,12.8303,12.2437,12.8303,0,0
BCS_PB,D,20220103,000000,12.8303,13.0147,12.6962,12.9057,0,0
BCS_PB,D,20220104,000000,12.9142,14.1795,12.9142,14.1209,0,0
BCS_PB,D,20220105,000000,14.1377,14.7997,13.9114,14.3891,0,0
BCS_PB,D,20220107,000000,14.4393,14.4393,14.0288,14.1125,0,0
BCS_PB,D,20220110,000000,14.2634,14.4058,14.0539,14.1377,0,0
BCS_PB,D,20220111,000000,14.1963,14.2634,13.7439,13.9448,0,0
BCS_PB,D,20220112,000000,14.0874,14.1544,13.8695,14.0874,0,0
BCS_PB,D,20220113,000000,14.0874,14.0874,13.7271,13.9114,0,0
BCS_PB,D,20220114,000000,13.7271,14.0539,13.551,14.0539,0,0
BCS_PB,D,20220117,000000,14.0874,14.8668,14.0874,14.7997,0,0
BCS_PB,D,20220118,000000,14.7997,14.9254,14.3724,14.3724,0,0
BCS_PB,D,20220119,000000,14.3724,14.3724,13.9114,13.9114,0,0
BCS_PB,D,20220120,000000,14.2299,14.8668,13.9114,14.5818,0,0
BCS_PB,D,20220121,000000,14.607,14.7076,13.9448,14.7076,0,0
BCS_PB,D,20220124,000000,14.3807,14.3807,13.3163,13.97,0,0
BCS_PB,D,20220125,000000,13.4924,13.8192,13.4756,13.5678,0,0
BCS_PB,D,20220126,000000,13.5846,13.8611,13.2745,13.8611,0,0
BCS_PB,D,20220127,000000,13.3667,14.1125,13.3667,14.1125,0,0
BCS_PB,D,20220128,000000,14.012,14.2299,13.6013,14.2299,0,0
BCS_PB,D,20220131,000000,14.2299,14.2299,13.7689,14.1963,0,0
BCS_PB,D,20220201,000000,14.0455,14.1963,13.8946,14.1963,0,0
BCS_PB,D,20220202,000000,14.1963,14.1963,13.8695,14.1544,0,0
BCS_PB,D,20220203,000000,14.1544,14.1963,14.012,14.1712,0,0
BCS_PB,D,20220204,000000,14.1712,14.1712,13.9365,14.012,0,0
BCS_PB,D,20220207,000000,14.079,14.079,13.8359,13.9365,0,0
BCS_PB,D,20220208,000000,13.9365,13.9365,13.5846,13.9365,0,0
BCS_PB,D,20220209,000000,13.7522,14.3724,13.7522,14.1209,0,0
BCS_PB,D,20220210,000000,14.0874,14.2299,14.012,14.0455,0,0
BCS_PB,D,20220211,000000,14.079,14.1963,14.012,14.1963,0,0
BCS_PB,D,20220214,000000,14.188,14.188,13.4588,13.7941,0,0
BCS_PB,D,20220215,000000,13.6432,14.1209,13.6432,14.1125,0,0
BCS_PB,D,20220216,000000,14.012,14.2634,13.6935,14.2634,0,0
BCS_PB,D,20220217,000000,14.2132,14.2132,13.6935,13.97,0,0
BCS_PB,D,20220218,000000,13.8611,13.8611,13.6432,13.8528,0,0
BCS_PB,D,20220221,000000,13.3331,13.7856,13.0147,13.0147,0,0
BCS_PB,D,20220222,000000,12.5706,13.7856,12.5706,13.2745,0,0
BCS_PB,D,20220223,000000,13.1823,13.4588,12.9057,13.2661,0,0
BCS_PB,D,20220224,000000,11.942,12.8974,11.2213,12.0174,0,0
BCS_PB,D,20220225,000000,11.5397,13.0314,11.5397,13.0314,0,0
BCS_PB,D,20220228,000000,12.0174,13.0482,12.0174,12.7213,0,0
BCS_PB,D,20220301,000000,12.7213,12.7213,12.1766,12.4029,0,0
BCS_PB,D,20220302,000000,12.0928,12.4951,11.4308,12.1599,0,0
BCS_PB,D,20220303,000000,12.1682,12.1682,11.7996,12.1682,0,0
BCS_PB,D,20220304,000000,11.6152,12.1264,11.6152,12.1264,0,0
BCS_PB,D,20220307,000000,11.6152,12.6795,11.4308,12.6795,0,0
BCS_PB,D,20220308,000000,11.8414,12.755,11.8414,12.1682,0,0
BCS_PB,D,20220309,000000,11.7996,12.6459,11.7996,12.537,0,0
BCS_PB,D,20220310,000000,12.1682,12.8974,12.1682,12.8555,0,0
BCS_PB,D,20220311,000000,12.0928,12.9057,12.0928,12.9057,0,0
BCS_PB,D,20220314,000000,13.065,13.0902,12.9057,13.0902,0,0
BCS_PB,D,20220315,000000,12.5706,13.0147,12.4951,13.0147,0,0
BCS_PB,D,20220316,000000,13.0147,13.1991,12.6293,13.1403,0,0
BCS_PB,D,20220317,000000,13.2326,13.3415,13.0902,13.3415,0,0
BCS_PB,D,20220318,000000,13.2745,13.5007,13.0482,13.484,0,0
BCS_PB,D,20220321,000000,13.4924,13.4924,12.9057,12.9477,0,0
BCS_PB,D,20220322,000000,12.9728,13.4504,12.9728,13.4504,0,0
BCS_PB,D,20220323,000000,13.4588,13.4588,13.0902,13.4588,0,0
BCS_PB,D,20220324,000000,13.1236,13.4504,13.1236,13.4504,0,0
BCS_PB,D,20220325,000000,13.1991,13.4588,13.0482,13.417,0,0
BCS_PB,D,20220328,000000,13.2745,13.2745,13.0902,13.2745,0,0
BCS_PB,D,20220329,000000,13.1488,13.6348,13.0147,13.6348,0,0
BCS_PB,D,20220330,000000,13.6181,13.6348,13.2745,13.6348,0,0
BCS_PB,D,20220331,000000,13.2745,13.4504,13.1236,13.4504,0,0
BCS_PB,D,20220401,000000,13.1236,13.4086,13.1236,13.4086,0,0
BCS_PB,D,20220404,000000,13.1236,13.3667,13.1236,13.3667,0,0
BCS_PB,D,20220405,000000,13.1739,13.8611,13.1739,13.8611,0,0
BCS_PB,D,20220406,000000,13.4588,13.6432,13.4588,13.6013,0,0
BCS_PB,D,20220407,000000,13.8276,14.012,13.6013,14.012,0,0
BCS_PB,D,20220408,000000,14.7494,15.1098,14.012,15.1098,0,0
BCS_PB,D,20220411,000000,14.7494,15.1098,14.3975,15.0344,0,0
BCS_PB,D,20220412,000000,14.7076,15.1181,14.4896,14.9674,0,0
BCS_PB,D,20220413,000000,15.1181,15.1181,14.7494,15.1181,0,0
BCS_PB,D,20220414,000000,15.1181,15.1181,14.7662,14.9254,0,0
BCS_PB,D,20220419,000000,14.783,14.9254,6.67076,6.67076,0,0
BCS_PB,D,20220420,000000,6.74619,6.80484,6.6121,6.77133,0,0
BCS_PB,D,20220421,000000,6.77133,6.80484,6.67076,6.67076,0,0
BCS_PB,D,20220422,000000,6.67076,6.67076,6.25174,6.33554,0,0
BCS_PB,D,20220425,000000,6.48639,6.48639,6.33554,6.33554,0,0
BCS_PB,D,20220426,000000,6.47801,6.67076,6.27689,6.66239,0,0
BCS_PB,D,20220427,000000,6.46964,6.66239,6.25174,6.58697,0,0
BCS_PB,D,20220428,000000,6.58697,6.58697,6.46964,6.5702,0,0
BCS_PB,D,20220429,000000,6.46964,6.5702,6.46964,6.55344,0,0
BCS_PB,D,20220502,000000,6.55344,6.82999,6.33554,6.82999,0,0
BCS_PB,D,20220504,000000,6.82161,6.82999,6.67076,6.82999,0,0
BCS_PB,D,20220505,000000,6.82161,6.82161,6.51154,6.55344,0,0
BCS_PB,D,20220506,000000,6.50316,6.654,6.35231,6.654,0,0
BCS_PB,D,20220509,000000,6.654,6.72104,6.62049,6.62049,0,0
BCS_PB,D,20220510,000000,6.67076,6.67076,6.41935,6.5702,0,0
BCS_PB,D,20220511,000000,6.56182,6.5702,6.40259,6.56182,0,0
BCS_PB,D,20220512,000000,6.40259,6.56182,6.2685,6.42774,0,0
BCS_PB,D,20220513,000000,6.33554,6.41097,6.21823,6.37745,0,0
BCS_PB,D,20220516,000000,6.37745,6.67076,6.37745,6.654,0,0
BCS_PB,D,20220517,000000,6.63724,6.63724,6.37745,6.43611,0,0
BCS_PB,D,20220518,000000,6.43611,6.62049,6.43611,6.58697,0,0
BCS_PB,D,20220519,000000,6.57858,6.57858,6.57858,6.57858,0,0
BCS_PB,D,20220520,000000,6.51992,6.58697,6.51992,6.58697,0,0
BCS_PB,D,20220523,000000,6.52829,6.67076,6.50316,6.66239,0,0
BCS_PB,D,20220524,000000,6.654,6.66239,6.51992,6.58697,0,0
BCS_PB,D,20220525,000000,6.51992,6.58697,6.51992,6.58697,0,0
BCS_PB,D,20220526,000000,6.53668,6.66239,6.53668,6.62886,0,0
BCS_PB,D,20220527,000000,6.5702,6.75456,6.5702,6.70428,0,0
BCS_PB,D,20220530,000000,6.70428,6.74619,6.67076,6.73781,0,0
BCS_PB,D,20220531,000000,6.72942,6.75456,6.70428,6.73781,0,0
BCS_PB,D,20220601,000000,6.73781,6.75456,6.67076,6.74619,0,0
BCS_PB,D,20220602,000000,6.71267,6.75456,6.67076,6.75456,0,0
BCS_PB,D,20220603,000000,6.72104,6.75456,6.67076,6.67076,0,0
BCS_PB,D,20220606,000000,6.75456,6.75456,5.6316,5.6316,0,0
BCS_PB,D,20220607,000000,5.6316,5.68188,5.6316,5.68188,0,0
BCS_PB,D,20220608,000000,5.68188,5.69865,5.6316,5.69026,0,0
BCS_PB,D,20220609,000000,5.68188,5.69865,5.63997,5.6735,0,0
BCS_PB,D,20220610,000000,5.63997,5.68188,5.6316,5.6735,0,0
BCS_PB,D,20220613,000000,5.6735,5.6735,5.31315,5.31315,0,0
BCS_PB,D,20220614,000000,5.53103,5.5478,5.32152,5.46399,0,0
BCS_PB,D,20220615,000000,5.47237,5.47237,5.31315,5.46399,0,0
BCS_PB,D,20220617,000000,5.31315,5.46399,5.31315,5.42209,0,0
BCS_PB,D,20220620,000000,5.36343,5.42209,5.36343,5.42209,0,0
BCS_PB,D,20220621,000000,5.42209,5.42209,5.36343,5.36343,0,0
BCS_PB,D,20220622,000000,5.29638,5.42209,5.29638,5.42209,0,0
BCS_PB,D,20220623,000000,5.27963,5.41371,5.27963,5.41371,0,0
BCS_PB,D,20220624,000000,5.25448,5.38857,5.13716,5.36343,0,0
BCS_PB,D,20220627,000000,5.18744,5.36343,5.18744,5.36343,0,0
BCS_PB,D,20220628,000000,5.35505,5.36343,5.35505,5.36343,0,0
BCS_PB,D,20220629,000000,5.35505,5.36343,5.27963,5.36343,0,0
BCS_PB,D,20220630,000000,5.36343,5.36343,5.27963,5.36343,0,0
BCS_PB,D,20220701,000000,5.36343,5.36343,5.27963,5.36343,0,0
BCS_PB,D,20220704,000000,5.27963,5.36343,5.27963,5.36343,0,0
BCS_PB,D,20220705,000000,5.48075,5.48075,5.27124,5.33828,0,0
BCS_PB,D,20220706,000000,5.33828,5.33828,5.33828,5.33828,0,0
BCS_PB,D,20220707,000000,5.26928,5.33106,5.26928,5.29576,0,0
BCS_PB,D,20220708,000000,5.26928,5.73707,5.19867,5.73707,0,0
BCS_PB,D,20220711,000000,5.56054,5.7106,5.56054,5.7106,0,0
BCS_PB,D,20220712,000000,5.56938,5.70177,5.41932,5.70177,0,0
BCS_PB,D,20220713,000000,5.42815,5.70177,5.41932,5.64881,0,0
BCS_PB,D,20220715,000000,5.41932,5.84299,5.41932,5.7106,0,0
BCS_PB,D,20220718,000000,5.7106,5.7106,5.60467,5.70177,0,0
BCS_PB,D,20220719,000000,5.59585,5.7106,5.56938,5.7106,0,0
BCS_PB,D,20220720,000000,5.7106,5.7106,5.5782,5.7106,0,0
BCS_PB,D,20220721,000000,5.7106,5.7106,5.63116,5.64881,0,0
BCS_PB,D,20220722,000000,5.7106,5.7106,5.64881,5.7106,0,0
BCS_PB,D,20220725,000000,5.7106,5.7106,5.66647,5.66647,0,0
BCS_PB,D,20220726,000000,5.62233,5.63998,5.62233,5.63998,0,0
BCS_PB,D,20220727,000000,5.7106,6.13425,5.7106,6.13425,0,0
BCS_PB,D,20220728,000000,6.04599,6.249,6.04599,6.10778,0,0
BCS_PB,D,20220729,000000,6.13425,6.38139,6.10778,6.36374,0,0
BCS_PB,D,20220801,000000,6.36374,6.36374,6.17838,6.26665,0,0
BCS_PB,D,20220802,000000,6.30196,6.38139,6.19604,6.2843,0,0
BCS_PB,D,20220803,000000,6.39904,6.39904,6.17838,6.18721,0,0
BCS_PB,D,20220804,000000,6.29313,6.29313,6.07247,6.18721,0,0
BCS_PB,D,20220805,000000,6.27547,6.46966,6.27547,6.33726,0,0
BCS_PB,D,20220808,000000,6.42553,6.43435,6.2843,6.33726,0,0
BCS_PB,D,20220809,000000,6.36374,6.36374,6.24017,6.31078,0,0
BCS_PB,D,20220810,000000,6.32843,6.32843,6.24017,6.29313,0,0
BCS_PB,D,20220811,000000,6.29313,6.37256,6.22252,6.33726,0,0
BCS_PB,D,20220812,000000,6.33726,6.42553,6.32843,6.37256,0,0
BCS_PB,D,20220816,000000,6.35491,6.37256,6.1166,6.16074,0,0
BCS_PB,D,20220817,000000,6.29313,6.29313,6.02834,6.15191,0,0
BCS_PB,D,20220818,000000,6.15191,6.15191,5.95773,5.96655,0,0
BCS_PB,D,20220819,000000,6.07247,6.24017,6.07247,6.10778,0,0
BCS_PB,D,20220822,000000,6.10778,6.10778,5.9136,6.00186,0,0
BCS_PB,D,20220823,000000,5.93125,6.00186,5.86064,5.95773,0,0
BCS_PB,D,20220824,000000,5.95773,5.95773,5.7106,5.84299,0,0
BCS_PB,D,20220825,000000,5.85182,5.85182,5.77238,5.85182,0,0
BCS_PB,D,20220826,000000,5.85182,5.93125,5.82533,5.89595,0,0
BCS_PB,D,20220829,000000,5.9136,6.00186,5.80768,6.00186,0,0
BCS_PB,D,20220830,000000,6.00186,6.00186,5.79886,5.85182,0,0
BCS_PB,D,20220831,000000,5.9489,5.9489,5.7106,5.77238,0,0
BCS_PB,D,20220901,000000,5.73707,5.73707,5.37519,5.56054,0,0
BCS_PB,D,20220902,000000,5.44581,5.53407,5.21633,5.44581,0,0
BCS_PB,D,20220905,000000,5.47228,5.53407,5.46346,5.53407,0,0
BCS_PB,D,20220906,000000,5.53407,5.53407,5.35754,5.47228,0,0
BCS_PB,D,20220907,000000,5.41932,5.48994,5.33989,5.34872,0,0
BCS_PB,D,20220908,000000,5.46346,5.47228,5.38402,5.47228,0,0
BCS_PB,D,20220909,000000,5.48994,5.53407,5.4105,5.53407,0,0
BCS_PB,D,20220912,000000,5.53407,5.53407,5.42815,5.44581,0,0
BCS_PB,D,20220913,000000,5.49876,5.49876,5.30459,5.41932,0,0
BCS_PB,D,20220914,000000,5.33989,5.48994,5.33106,5.47228,0,0
BCS_PB,D,20220915,000000,5.49876,5.49876,5.33989,5.4105,0,0
BCS_PB,D,20220916,000000,5.4105,5.4105,5.28693,5.40168,0,0
BCS_PB,D,20220919,000000,5.33989,5.35754,5.21633,5.35754,0,0
BCS_PB,D,20220920,000000,5.26928,5.41932,5.18102,5.29576,0,0
BCS_PB,D,20220921,000000,5.21633,5.26928,5.12806,5.25163,0,0
BCS_PB,D,20220922,000000,5.17219,5.25163,5.12806,5.21633,0,0
BCS_PB,D,20220923,000000,5.1104,5.19867,5.00449,5.06627,0,0
BCS_PB,D,20220926,000000,4.97801,4.97801,4.80149,4.88975,0,0
BCS_PB,D,20220927,000000,4.8721,5.12806,4.8721,4.97801,0,0
BCS_PB,D,20220928,000000,5.01332,5.36637,5.01332,5.36637,0,0
BCS_PB,D,20220929,000000,5.26928,5.33989,5.13689,5.33989,0,0
BCS_PB,D,20220930,000000,5.2428,5.56054,5.15454,5.56054,0,0
BCS_PB,D,20221003,000000,5.49876,5.49876,5.25163,5.28693,0,0
BCS_PB,D,20221004,000000,5.38402,5.38402,5.2075,5.26928,0,0
BCS_PB,D,20221005,000000,5.26928,5.42815,5.2075,5.42815,0,0
BCS_PB,D,20221006,000000,5.33989,5.51641,4.95154,4.95154,0,0
BCS_PB,D,20221007,000000,4.93388,4.95154,4.81032,4.91623,0,0
BCS_PB,D,20221010,000000,4.96918,4.96918,4.85445,4.85445,0,0
BCS_PB,D,20221011,000000,4.81914,4.81914,4.6691,4.6691,0,0
BCS_PB,D,20221012,000000,4.6691,4.72205,4.59848,4.66026,0,0
BCS_PB,D,20221013,000000,4.66026,4.66026,4.572,4.63379,0,0
BCS_PB,D,20221014,000000,4.63379,4.63379,4.56318,4.62497,0,0
BCS_PB,D,20221017,000000,4.62497,4.63379,4.55435,4.61613,0,0
BCS_PB,D,20221018,000000,4.58966,4.62497,4.46609,4.58084,0,0
BCS_PB,D,20221019,000000,4.5367,4.58966,4.47491,4.52787,0,0
BCS_PB,D,20221020,000000,4.52787,4.58966,4.51905,4.58966,0,0
BCS_PB,D,20221021,000000,4.52787,4.6691,4.51022,4.6691,0,0
BCS_PB,D,20221024,000000,4.58966,4.58966,4.54553,4.58966,0,0
BCS_PB,D,20221025,000000,4.58966,4.58966,4.49257,4.58084,0,0
BCS_PB,D,20221026,000000,4.58084,4.80149,4.58084,4.76619,0,0
BCS_PB,D,20221027,000000,4.75736,4.80149,4.63379,4.80149,0,0
BCS_PB,D,20221028,000000,4.80149,4.91623,4.67792,4.76619,0,0
BCS_PB,D,20221031,000000,4.76619,4.83679,4.66026,4.83679,0,0
BCS_PB,D,20221102,000000,4.79266,4.93388,4.71323,4.93388,0,0
BCS_PB,D,20221103,000000,4.79266,4.91623,4.79266,4.91623,0,0
BCS_PB,D,20221104,000000,4.85445,4.93388,4.81914,4.9074,0,0
BCS_PB,D,20221107,000000,4.89858,4.89858,4.76619,4.83679,0,0
BCS_PB,D,20221108,000000,4.80149,5.28693,4.80149,5.22515,0,0
BCS_PB,D,20221109,000000,5.25163,5.25163,5.11924,5.13689,0,0
BCS_PB,D,20221110,000000,5.12806,5.2075,5.07511,5.14571,0,0
BCS_PB,D,20221114,000000,5.14571,5.38402,5.14571,5.33106,0,0
BCS_PB,D,20221115,000000,5.33106,5.38402,5.25163,5.31341,0,0
BCS_PB,D,20221116,000000,5.28693,5.28693,5.22515,5.25163,0,0
BCS_PB,D,20221117,000000,5.22515,5.22515,5.09276,5.19867,0,0
BCS_PB,D,20221118,000000,5.19867,5.19867,5.02214,5.11924,0,0
BCS_PB,D,20221121,000000,5.17219,5.25163,5.11924,5.11924,0,0
BCS_PB,D,20221122,000000,5.17219,5.25163,5.17219,5.23397,0,0
BCS_PB,D,20221123,000000,5.23397,5.23397,5.17219,5.22515,0,0
BCS_PB,D,20221124,000000,5.26928,5.26928,5.18102,5.25163,0,0
BCS_PB,D,20221125,000000,5.22515,5.22515,5.06627,5.07511,0,0
BCS_PB,D,20221128,000000,5.11924,5.11924,5.0398,5.04862,0,0
BCS_PB,D,20221129,000000,5.10158,5.11924,4.99567,5.1104,0,0
BCS_PB,D,20221130,000000,5.05745,5.21633,5.05745,5.11924,0,0
BCS_PB,D,20221201,000000,5.17219,5.17219,5.05745,5.09276,0,0
BCS_PB,D,20221202,000000,5.05745,5.14571,5.04862,5.04862,0,0
BCS_PB,D,20221205,000000,5.04862,5.28693,5.04862,5.18102,0,0
BCS_PB,D,20221206,000000,5.18102,5.23397,5.08393,5.11924,0,0
BCS_PB,D,20221207,000000,5.11924,5.17219,5.05745,5.11924,0,0
BCS_PB,D,20221208,000000,5.07511,5.46346,5.01332,5.46346,0,0
BCS_PB,D,20221209,000000,5.44581,5.54289,5.40168,5.45463,0,0
BCS_PB,D,20221212,000000,5.45463,5.67529,5.45463,5.51641,0,0
BCS_PB,D,20221213,000000,5.51641,5.69294,5.51641,5.69294,0,0
BCS_PB,D,20221214,000000,5.69294,5.90477,5.69294,5.90477,0,0
BCS_PB,D,20221215,000000,5.90477,5.90477,5.7106,5.7106,0,0
BCS_PB,D,20221216,000000,5.69294,5.9489,5.60467,5.89595,0,0
BCS_PB,D,20221219,000000,5.89595,5.94008,5.79886,5.90477,0,0
BCS_PB,D,20221220,000000,5.87829,5.90477,5.82533,5.90477,0,0
BCS_PB,D,20221221,000000,5.90477,6.15191,5.88712,6.10778,0,0
BCS_PB,D,20221222,000000,6.06365,6.17838,6.03717,6.12543,0,0
BCS_PB,D,20221223,000000,6.17838,6.17838,6.09012,6.09012,0,0
BCS_PB,D,20221227,000000,6.09012,6.10778,5.96655,6.01952,0,0
BCS_PB,D,20221228,000000,6.00186,6.2843,6.00186,6.2843,0,0
BCS_PB,D,20221229,000000,6.38139,6.56674,6.2843,6.54909,0,0
BCS_PB,D,20221230,000000,6.55792,6.55792,6.39904,6.452,0,0
BCS_PB,D,20230102,000000,6.46082,6.46082,6.32843,6.43435,0,0
BCS_PB,D,20230103,000000,6.43435,6.8227,6.39022,6.7874,0,0
BCS_PB,D,20230104,000000,6.86683,6.9198,6.67266,6.79623,0,0
BCS_PB,D,20230105,000000,6.79623,6.84918,6.62852,6.72561,0,0
BCS_PB,D,20230109,000000,6.84918,6.84918,6.67266,6.72561,0,0
BCS_PB,D,20230110,000000,6.72561,6.74327,6.65501,6.72561,0,0
BCS_PB,D,20230111,000000,6.72561,6.75209,6.6197,6.71679,0,0
BCS_PB,D,20230112,000000,6.71679,6.72561,6.64618,6.68148,0,0
BCS_PB,D,20230113,000000,6.71679,6.71679,6.6197,6.70796,0,0
BCS_PB,D,20230116,000000,6.70796,6.71679,6.49613,6.57557,0,0
BCS_PB,D,20230117,000000,6.57557,6.58439,6.44317,6.44317,0,0
BCS_PB,D,20230118,000000,6.39904,6.57557,6.34609,6.57557,0,0
BCS_PB,D,20230119,000000,6.58439,6.64618,6.452,6.64618,0,0
BCS_PB,D,20230120,000000,6.55792,6.70796,6.53144,6.6197,0,0
BCS_PB,D,20230123,000000,6.6197,6.6197,6.39904,6.47848,0,0
BCS_PB,D,20230124,000000,6.452,6.46082,6.31078,6.452,0,0
BCS_PB,D,20230125,000000,6.38139,6.452,6.23134,6.30196,0,0
BCS_PB,D,20230126,000000,6.33726,6.39904,6.249,6.38139,0,0
BCS_PB,D,20230127,000000,6.31078,6.38139,6.30196,6.31078,0,0
BCS_PB,D,20230130,000000,6.38139,6.38139,6.23134,6.23134,0,0
BCS_PB,D,20230131,000000,6.18721,6.31078,6.18721,6.249,0,0
BCS_PB,D,20230201,000000,6.31078,6.452,6.249,6.452,0,0
BCS_PB,D,20230202,000000,6.52261,6.58439,6.452,6.50495,0,0
BCS_PB,D,20230203,000000,6.53144,6.55792,6.452,6.452,0,0
BCS_PB,D,20230206,000000,6.54909,6.55792,6.37256,6.452,0,0
BCS_PB,D,20230207,000000,6.452,6.452,6.32843,6.37256,0,0
BCS_PB,D,20230208,000000,6.452,6.57557,6.42553,6.50495,0,0
BCS_PB,D,20230209,000000,6.46082,6.53144,6.39904,6.452,0,0
BCS_PB,D,20230210,000000,6.452,6.452,6.32843,6.40787,0,0
BCS_PB,D,20230213,000000,6.40787,6.40787,6.23134,6.38139,0,0
BCS_PB,D,20230214,000000,6.38139,6.38139,6.2843,6.31078,0,0
BCS_PB,D,20230215,000000,6.2843,6.39904,6.2843,6.39904,0,0
BCS_PB,D,20230216,000000,6.38139,6.50495,6.31078,6.49613,0,0
BCS_PB,D,20230217,000000,6.49613,6.72561,6.49613,6.65501,0,0
BCS_PB,D,20230220,000000,6.65501,6.72561,6.50495,6.53144,0,0
BCS_PB,D,20230221,000000,6.54909,6.57557,6.42553,6.452,0,0
BCS_PB,D,20230222,000000,6.452,6.52261,6.32843,6.40787,0,0
BCS_PB,D,20230223,000000,6.35491,6.50495,6.35491,6.37256,0,0
BCS_PB,D,20230224,000000,6.35491,6.38139,6.2843,6.35491,0,0
BCS_PB,D,20230227,000000,6.35491,6.35491,6.27547,6.2843,0,0
BCS_PB,D,20230228,000000,6.31078,6.33726,6.2843,6.31078,0,0
BCS_PB,D,20230301,000000,6.43435,6.43435,6.249,6.31078,0,0
BCS_PB,D,20230302,000000,6.32843,6.38139,6.27547,6.30196,0,0
BCS_PB,D,20230303,000000,6.31078,6.35491,6.2843,6.33726,0,0
BCS_PB,D,20230306,000000,6.33726,6.33726,6.27547,6.2843,0,0
BCS_PB,D,20230307,000000,6.32843,6.32843,6.27547,6.27547,0,0
BCS_PB,D,20230308,000000,6.30196,6.33726,6.25782,6.31078,0,0
BCS_PB,D,20230309,000000,6.33726,6.75209,6.2843,6.75209,0,0
BCS_PB,D,20230310,000000,6.65501,6.69914,6.60205,6.65501,0,0
BCS_PB,D,20230313,000000,6.72561,6.9198,6.47848,6.68148,0,0
BCS_PB,D,20230314,000000,6.72561,6.72561,6.6197,6.72561,0,0
BCS_PB,D,20230315,000000,6.72561,6.72561,6.53144,6.53144,0,0
BCS_PB,D,20230316,000000,6.53144,6.68148,6.37256,6.68148,0,0
BCS_PB,D,20230317,000000,6.72561,6.72561,6.52261,6.60205,0,0
BCS_PB,D,20230320,000000,6.6197,6.6197,6.40787,6.54909,0,0
BCS_PB,D,20230321,000000,6.52261,6.62852,6.50495,6.57557,0,0
BCS_PB,D,20230322,000000,6.49613,6.58439,6.47848,6.58439,0,0
BCS_PB,D,20230323,000000,6.57557,6.58439,6.47848,6.57557,0,0
BCS_PB,D,20230324,000000,6.53144,6.58439,6.35491,6.43435,0,0
BCS_PB,D,20230327,000000,6.452,6.54909,6.33726,6.43435,0,0
BCS_PB,D,20230328,000000,6.42553,6.54909,6.42553,6.53144,0,0
BCS_PB,D,20230329,000000,6.53144,6.65501,6.50495,6.62852,0,0
BCS_PB,D,20230330,000000,6.64618,6.65501,6.54909,6.65501,0,0
BCS_PB,D,20230331,000000,6.64618,6.83153,6.6197,6.69914,0,0
BCS_PB,D,20230403,000000,6.69914,6.89331,6.69914,6.86683,0,0
BCS_PB,D,20230404,000000,6.86683,6.86683,6.72561,6.84918,0,0
BCS_PB,D,20230405,000000,6.84918,6.89331,6.76974,6.8227,0,0
BCS_PB,D,20230406,000000,6.86683,6.86683,6.80505,6.84918,0,0
BCS_PB,D,20230411,000000,6.89331,7.27284,6.89331,7.27284,0,0
BCS_PB,D,20230412,000000,7.44054,7.54645,7.3258,7.51998,0,0
BCS_PB,D,20230413,000000,7.51998,7.51998,7.3611,7.44054,0,0
BCS_PB,D,20230414,000000,7.38758,7.44054,7.21988,7.44054,0,0
BCS_PB,D,20230417,000000,7.41407,7.41407,7.21988,7.38758,0,0
BCS_PB,D,20230418,000000,7.3258,7.38758,7.24637,7.27284,0,0
BCS_PB,D,20230419,000000,7.27284,7.27284,7.02571,7.16693,0,0
BCS_PB,D,20230420,000000,7.27284,7.3611,7.16693,7.27284,0,0
BCS_PB,D,20230421,000000,7.16693,7.21988,7.02571,7.14044,0,0
BCS_PB,D,20230424,000000,7.14044,7.21988,7.02571,7.14044,0,0
BCS_PB,D,20230425,000000,7.14044,7.14044,6.99923,6.99923,0,0
BCS_PB,D,20230426,000000,6.94627,7.14044,6.94627,7.07866,0,0
BCS_PB,D,20230427,000000,7.07866,7.38758,7.07866,7.3611,0,0
BCS_PB,D,20230428,000000,7.3611,7.46702,7.05219,7.14044,0,0
BCS_PB,D,20230502,000000,6.58439,6.76974,5.85182,5.85182,0,0
BCS_PB,D,20230504,000000,5.73707,5.85182,5.67529,5.76355,0,0
BCS_PB,D,20230505,000000,5.76355,5.85182,5.7106,5.85182,0,0
BCS_PB,D,20230508,000000,5.85182,6.03717,5.79886,6.03717,0,0
BCS_PB,D,20230509,000000,6.04599,6.12543,6.01952,6.01952,0,0
BCS_PB,D,20230510,000000,6.12543,6.12543,5.89595,5.97539,0,0
BCS_PB,D,20230511,000000,5.92242,5.98421,5.86064,5.92242,0,0
BCS_PB,D,20230512,000000,5.92242,6.01952,5.83416,6.00186,0,0
BCS_PB,D,20230515,000000,5.94008,6.37256,5.94008,6.26665,0,0
BCS_PB,D,20230516,000000,6.3196,6.3196,6.19604,6.29313,0,0
BCS_PB,D,20230517,000000,6.29313,6.46966,6.29313,6.41669,0,0
BCS_PB,D,20230518,000000,6.37256,6.44317,5.87829,6.01068,0,0
BCS_PB,D,20230519,000000,6.01068,6.01068,5.73707,6.01068,0,0
BCS_PB,D,20230522,000000,5.79886,5.97539,5.76355,5.95773,0,0
BCS_PB,D,20230523,000000,5.92242,6.0813,5.81651,6.0813,0,0
BCS_PB,D,20230524,000000,6.04599,6.04599,5.88712,6.00186,0,0
BCS_PB,D,20230525,000000,5.98421,6.04599,5.86064,5.92242,0,0
BCS_PB,D,20230526,000000,5.92242,5.92242,5.79886,5.88712,0,0
BCS_PB,D,20230529,000000,5.83416,5.83416,5.70177,5.76355,0,0
BCS_PB,D,20230530,000000,5.7106,5.73707,5.48111,5.61351,0,0
BCS_PB,D,20230531,000000,5.52525,5.92242,5.48111,5.92242,0,0
BCS_PB,D,20230601,000000,5.9136,5.95773,5.67529,5.95773,0,0
BCS_PB,D,20230602,000000,5.9489,6.01068,5.64881,5.64881,0,0
BCS_PB,D,20230605,000000,5.60467,5.64881,5.45463,5.45463,0,0
BCS_PB,D,20230606,000000,5.45463,5.45463,5.39285,5.45463,0,0
BCS_PB,D,20230607,000000,5.31341,5.42815,5.31341,5.38402,0,0
BCS_PB,D,20230609,000000,5.38402,5.38402,5.31341,5.33989,0,0
BCS_PB,D,20230612,000000,5.33989,5.34872,5.26928,5.31341,0,0
BCS_PB,D,20230613,000000,5.31341,5.31341,5.2075,5.22515,0,0
BCS_PB,D,20230614,000000,5.2075,5.22515,5.00449,5.07511,0,0
BCS_PB,D,20230615,000000,5.08393,5.33989,5.0398,5.29576,0,0
BCS_PB,D,20230616,000000,5.33989,5.48994,5.33989,5.48994,0,0
BCS_PB,D,20230619,000000,5.51641,5.60467,5.45463,5.56938,0,0
BCS_PB,D,20230620,000000,5.56938,5.56938,5.48111,5.56938,0,0
BCS_PB,D,20230621,000000,5.53407,5.54289,5.48111,5.54289,0,0
BCS_PB,D,20230622,000000,5.52525,5.52525,5.42815,5.51641,0,0
BCS_PB,D,20230623,000000,5.44581,5.52525,5.44581,5.52525,0,0
BCS_PB,D,20230626,000000,5.52525,5.52525,5.39285,5.4105,0,0
BCS_PB,D,20230627,000000,5.38402,5.52525,5.38402,5.41932,0,0
BCS_PB,D,20230628,000000,5.41932,5.51641,5.38402,5.41932,0,0
BCS_PB,D,20230629,000000,5.41932,5.51641,5.38402,5.4105,0,0
BCS_PB,D,20230630,000000,5.41932,5.49876,5.41932,5.45463,0,0
BCS_PB,D,20230703,000000,5.42815,5.48994,5.42815,5.42815,0,0
BCS_PB,D,20230704,000000,5.46346,5.46346,5.4105,5.41932,0,0
BCS_PB,D,20230705,000000,5.44581,5.44581,5.35754,5.44581,0,0
BCS_PB,D,20230706,000000,5.5256,5.5256,5.36639,5.5256,0,0
BCS_PB,D,20230707,000000,5.5256,5.5537,5.42258,5.5537,0,0
BCS_PB,D,20230710,000000,5.5537,5.60053,5.54433,5.60053,0,0
BCS_PB,D,20230711,000000,5.63799,5.63799,5.51624,5.54433,0,0
BCS_PB,D,20230712,000000,5.59116,5.63799,5.56306,5.61926,0,0
BCS_PB,D,20230713,000000,5.61926,5.64735,5.61926,5.64735,0,0
BCS_PB,D,20230714,000000,5.64735,5.70354,5.56306,5.66608,0,0
BCS_PB,D,20230717,000000,5.68481,5.68481,5.51624,5.58179,0,0
BCS_PB,D,20230718,000000,5.54433,5.71291,5.40385,5.71291,0,0
BCS_PB,D,20230719,000000,5.78783,5.88149,5.68481,5.78783,0,0
BCS_PB,D,20230720,000000,5.81593,6.14372,5.81593,6.14372,0,0
BCS_PB,D,20230721,000000,6.15309,6.33103,6.15309,6.2842,0,0
BCS_PB,D,20230724,000000,6.34976,6.42468,5.95641,6.03133,0,0
BCS_PB,D,20230725,000000,6.08753,6.13435,5.98451,6.03133,0,0
BCS_PB,D,20230726,000000,5.85339,5.86276,5.68481,5.77847,0,0
BCS_PB,D,20230727,000000,5.83466,5.83466,5.66608,5.66608,0,0
BCS_PB,D,20230728,000000,5.63799,5.63799,5.47877,5.47877,0,0
BCS_PB,D,20230731,000000,5.47877,5.47877,5.36639,5.39449,0,0
BCS_PB,D,20230801,000000,5.39449,5.47877,5.39449,5.45068,0,0
BCS_PB,D,20230802,000000,5.48814,5.48814,5.39449,5.47877,0,0
BCS_PB,D,20230803,000000,5.42258,5.50687,5.40385,5.48814,0,0
BCS_PB,D,20230804,000000,5.48814,5.59116,5.35609,5.54152,0,0
BCS_PB,D,20230807,000000,5.38137,5.52841,5.38137,5.49189,0,0
BCS_PB,D,20230808,000000,5.50406,5.52841,5.44225,5.52841,0,0
BCS_PB,D,20230809,000000,5.52841,5.52841,5.29521,5.29521,0,0
BCS_PB,D,20230810,000000,5.26993,5.45442,5.17159,5.45442,0,0
BCS_PB,D,20230811,000000,5.46754,5.52841,5.43007,5.43007,0,0
BCS_PB,D,20230814,000000,5.0489,5.0489,4.85129,4.88875,0,0
BCS_PB,D,20230816,000000,4.88875,4.88875,4.63027,4.67897,0,0
BCS_PB,D,20230817,000000,4.67897,4.74078,4.65462,4.67897,0,0
BCS_PB,D,20230818,000000,4.67897,4.67897,4.43266,4.47012,0,0
BCS_PB,D,20230821,000000,4.47012,4.61716,4.44483,4.59281,0,0
BCS_PB,D,20230822,000000,4.59281,4.78948,4.59281,4.74078,0,0
BCS_PB,D,20230823,000000,4.7286,4.74078,4.56846,4.69114,0,0
BCS_PB,D,20230824,000000,4.71643,4.85129,4.71643,4.83912,0,0
BCS_PB,D,20230825,000000,4.81477,4.96274,4.76513,4.83912,0,0
BCS_PB,D,20230828,000000,4.88875,4.92528,4.83912,4.88875,0,0
BCS_PB,D,20230829,000000,4.86347,4.88875,4.81477,4.83912,0,0
BCS_PB,D,20230830,000000,4.82694,4.83912,4.65462,4.80259,0,0
BCS_PB,D,20230831,000000,4.83912,4.9131,4.65462,4.9131,0,0
BCS_PB,D,20230901,000000,4.9131,4.95056,4.83912,4.95056,0,0
BCS_PB,D,20230904,000000,4.96274,4.96274,4.83912,4.96274,0,0
BCS_PB,D,20230905,000000,4.96274,4.98709,4.83912,4.87658,0,0
BCS_PB,D,20230906,000000,4.88875,4.88875,4.63027,4.66679,0,0
BCS_PB,D,20230907,000000,4.69114,4.71643,4.56846,4.60498,0,0
BCS_PB,D,20230908,000000,4.7286,4.7286,4.51882,4.60498,0,0
BCS_PB,D,20230911,000000,4.60498,4.61716,4.55628,4.59281,0,0
BCS_PB,D,20230912,000000,4.12453,4.13765,3.81735,3.82952,0,0
BCS_PB,D,20230913,000000,3.75554,3.89133,3.74336,3.87822,0,0
BCS_PB,D,20230914,000000,3.89133,3.95221,3.81735,3.86605,0,0
BCS_PB,D,20230915,000000,3.86605,3.86605,3.793,3.85387,0,0
BCS_PB,D,20230918,000000,3.75554,3.81735,3.71901,3.73119,0,0
BCS_PB,D,20230919,000000,3.73119,3.86605,3.73119,3.85387,0,0
BCS_PB,D,20230920,000000,3.86605,3.89133,3.73119,3.82952,0,0
BCS_PB,D,20230921,000000,3.793,3.8417,3.793,3.8417,0,0
BCS_PB,D,20230922,000000,3.82952,3.82952,3.74336,3.76771,0,0
BCS_PB,D,20230925,000000,3.81735,3.81735,3.69372,3.69372,0,0
BCS_PB,D,20230926,000000,3.69372,3.75554,3.48488,3.59539,0,0
BCS_PB,D,20230927,000000,3.57104,3.76771,3.57104,3.75554,0,0
BCS_PB,D,20230928,000000,3.7059,3.75554,3.38654,3.4727,0,0
BCS_PB,D,20230929,000000,3.4727,5.69793,3.28726,5.69793,0,0
BCS_PB,D,20231002,000000,5.73445,5.73445,5.3486,5.60614,0,0
BCS_PB,D,20231003,000000,5.51436,5.6614,5.3308,5.6614,0,0
BCS_PB,D,20231004,000000,5.55089,5.58741,5.42165,5.58741,0,0
BCS_PB,D,20231005,000000,5.56868,5.58741,5.45911,5.56868,0,0
BCS_PB,D,20231006,000000,5.56868,5.64267,5.51436,5.58741,0,0
BCS_PB,D,20231009,000000,5.51436,5.62394,5.42165,5.45911,0,0
BCS_PB,D,20231010,000000,5.51436,5.64267,5.18283,5.27461,0,0
BCS_PB,D,20231011,000000,5.27461,5.3308,5.18283,5.21935,0,0
BCS_PB,D,20231012,000000,5.1641,5.27461,5.10978,5.10978,0,0
BCS_PB,D,20231013,000000,5.09105,5.10978,4.92621,4.96274,0,0
BCS_PB,D,20231016,000000,4.92621,4.96274,4.74172,4.88875,0,0
BCS_PB,D,20231017,000000,4.79697,4.96274,4.77918,4.87096,0,0
BCS_PB,D,20231018,000000,4.87096,4.96274,4.74172,4.76045,0,0
BCS_PB,D,20231019,000000,4.68646,4.79697,4.59561,4.77918,0,0
BCS_PB,D,20231020,000000,4.76045,4.8335,4.76045,4.8335,0,0
BCS_PB,D,20231023,000000,4.85223,4.92621,4.85223,4.92621,0,0
BCS_PB,D,20231024,000000,4.92621,4.96274,4.72392,4.72392,0,0
BCS_PB,D,20231025,000000,4.76045,4.77918,4.68646,4.74172,0,0
BCS_PB,D,20231026,000000,4.74172,4.74172,4.61341,4.72392,0,0
BCS_PB,D,20231027,000000,4.59561,4.74172,4.44764,4.57688,0,0
BCS_PB,D,20231030,000000,4.44764,4.59561,4.44764,4.5029,0,0
BCS_PB,D,20231031,000000,4.42985,4.72392,4.41112,4.61341,0,0
BCS_PB,D,20231102,000000,4.64993,4.90748,4.61341,4.8157,0,0
BCS_PB,D,20231103,000000,4.92621,5.29334,4.8157,5.29334,0,0
BCS_PB,D,20231106,000000,5.23808,5.25681,5.1641,5.23808,0,0
BCS_PB,D,20231107,000000,5.3308,5.3308,5.18283,5.21935,0,0
BCS_PB,D,20231108,000000,5.23808,5.3308,5.18283,5.23808,0,0
BCS_PB,D,20231109,000000,5.31207,5.3308,5.23808,5.31207,0,0
BCS_PB,D,20231110,000000,5.27461,5.27461,5.25681,5.25681,0,0
BCS_PB,D,20231113,000000,5.31207,5.31207,5.25681,5.25681,0,0
BCS_PB,D,20231114,000000,5.25681,5.25681,5.018,5.12851,0,0
BCS_PB,D,20231115,000000,5.12851,5.12851,4.85223,4.94401,0,0
BCS_PB,D,20231116,000000,4.92621,4.92621,4.8335,4.90748,0,0
BCS_PB,D,20231117,000000,4.90748,4.90748,4.79697,4.79697,0,0
BCS_PB,D,20231120,000000,4.44764,4.68646,4.44764,4.66867,0,0
BCS_PB,D,20231121,000000,4.64993,4.66867,4.55815,4.55815,0,0
BCS_PB,D,20231122,000000,4.59561,4.59561,4.41112,4.42891,0,0
BCS_PB,D,20231123,000000,4.41112,4.44764,4.3006,4.3006,0,0
BCS_PB,D,20231124,000000,4.24535,4.24535,4.02526,4.08052,0,0
BCS_PB,D,20231127,000000,4.04399,4.04399,3.85949,3.91475,0,0
BCS_PB,D,20231128,000000,3.85949,3.97,3.73119,3.78644,0,0
BCS_PB,D,20231129,000000,3.76771,4.39145,3.76771,4.39145,0,0
BCS_PB,D,20231130,000000,4.28,4.39145,4.16949,4.26221,0,0
BCS_PB,D,20231201,000000,4.26127,4.4467,4.26127,4.4467,0,0
BCS_PB,D,20231204,000000,4.26127,4.26127,4.09456,4.20601,0,0
BCS_PB,D,20231205,000000,4.22474,4.22474,4.07677,4.22474,0,0
BCS_PB,D,20231206,000000,4.13203,4.15076,4.07677,4.09456,0,0
BCS_PB,D,20231207,000000,4.07677,4.1133,3.96532,3.98405,0,0
BCS_PB,D,20231208,000000,4.03931,4.05804,3.96532,4.02058,0,0
BCS_PB,D,20231211,000000,3.81735,4.07677,3.69653,4.07677,0,0
BCS_PB,D,20231212,000000,4.07677,4.07677,3.89133,3.94659,0,0
BCS_PB,D,20231213,000000,3.94659,3.94659,3.76116,3.77989,0,0
BCS_PB,D,20231214,000000,3.85387,3.85387,3.76116,3.79862,0,0
BCS_PB,D,20231215,000000,3.8726,4.16949,3.8726,4.1133,0,0
BCS_PB,D,20231218,000000,4.22474,4.22474,3.91007,3.96532,0,0
BCS_PB,D,20231219,000000,3.96532,3.98405,3.92786,3.98405,0,0
BCS_PB,D,20231220,000000,3.96532,3.96532,3.89133,3.89133,0,0
BCS_PB,D,20231221,000000,3.85387,3.94659,3.85387,3.91007,0,0
BCS_PB,D,20231222,000000,3.91007,3.91007,3.76116,3.81735,0,0
BCS_PB,D,20231227,000000,3.83514,4.02058,3.83514,3.94659,0,0
BCS_PB,D,20231228,000000,3.98405,4.22474,3.92786,4.20601,0,0
BCS_PB,D,20231229,000000,4.16949,4.35399,4.15076,4.35399,0,0
BCS_PB,D,20240102,000000,4.37272,4.79884,4.37272,4.78011,0,0
BCS_PB,D,20240103,000000,4.78011,4.81758,4.46544,4.59561,0,0
BCS_PB,D,20240104,000000,4.52069,4.57688,4.4467,4.55815,0,0
BCS_PB,D,20240105,000000,4.55815,4.55815,4.31746,4.42891,0,0
BCS_PB,D,20240108,000000,4.42891,4.5029,4.26127,4.41018,0,0
BCS_PB,D,20240109,000000,4.41018,4.41018,4.24347,4.26221,0,0
BCS_PB,D,20240110,000000,4.26127,4.26127,4.00185,4.02058,0,0
BCS_PB,D,20240111,000000,4.05804,4.05804,3.83514,3.91007,0,0
BCS_PB,D,20240112,000000,3.91007,4.00185,3.76116,3.81735,0,0
BCS_PB,D,20240115,000000,3.81735,3.8726,3.76116,3.85387,0,0
BCS_PB,D,20240116,000000,3.8726,3.8726,3.74336,3.83514,0,0
BCS_PB,D,20240117,000000,3.77989,3.8726,3.77989,3.8726,0,0
BCS_PB,D,20240118,000000,3.85387,4.07677,3.85387,4.03931,0,0
BCS_PB,D,20240119,000000,4.07677,4.13203,3.94659,4.05804,0,0
BCS_PB,D,20240122,000000,4.1133,4.18728,4.02058,4.07677,0,0
BCS_PB,D,20240123,000000,4.15076,4.15076,4.09456,4.09456,0,0
BCS_PB,D,20240124,000000,4.13203,4.15076,4.05804,4.15076,0,0
BCS_PB,D,20240125,000000,4.16949,4.18728,3.98405,4.16949,0,0
BCS_PB,D,20240126,000000,3.98405,4.07677,3.98405,4.07677,0,0
BCS_PB,D,20240129,000000,4.05804,4.18728,4.05804,4.15076,0,0
BCS_PB,D,20240130,000000,4.22474,4.22474,4.1133,4.22474,0,0
BCS_PB,D,20240131,000000,4.20601,4.22474,4.13203,4.15076,0,0
BCS_PB,D,20240201,000000,4.22474,4.22474,4.07677,4.13203,0,0
BCS_PB,D,20240202,000000,4.20601,4.28,4.13203,4.22474,0,0
BCS_PB,D,20240205,000000,4.28,4.33619,4.22474,4.22474,0,0
BCS_PB,D,20240206,000000,4.26127,4.26127,4.18728,4.24347,0,0
BCS_PB,D,20240207,000000,4.24347,4.26127,4.20601,4.22474,0,0
BCS_PB,D,20240208,000000,4.22474,4.33619,4.20601,4.33619,0,0
BCS_PB,D,20240209,000000,4.31746,4.31746,4.26127,4.31746,0,0
BCS_PB,D,20240212,000000,4.26127,4.33619,4.1133,4.24347,0,0
BCS_PB,D,20240213,000000,4.24347,4.24347,4.07677,4.07677,0,0
BCS_PB,D,20240214,000000,4.07677,4.22474,4.07677,4.18728,0,0
BCS_PB,D,20240215,000000,4.18728,4.18728,4.07677,4.16949,0,0
BCS_PB,D,20240216,000000,4.16949,4.16949,4.07677,4.1133,0,0
BCS_PB,D,20240219,000000,4.07677,4.15076,4.07677,4.15076,0,0
BCS_PB,D,20240220,000000,4.20601,4.20601,4.1133,4.20601,0,0
BCS_PB,D,20240221,000000,4.13203,4.18728,4.13203,4.18728,0,0
BCS_PB,D,20240222,000000,4.15076,4.26221,4.15076,4.26221,0,0
BCS_PB,D,20240223,000000,4.15076,4.29873,4.15076,4.26221,0,0
BCS_PB,D,20240226,000000,4.26127,4.26221,4.16949,4.26221,0,0
BCS_PB,D,20240227,000000,4.24347,4.24347,4.13203,4.22474,0,0
BCS_PB,D,20240228,000000,4.13203,4.22474,4.1133,4.22474,0,0
BCS_PB,D,20240229,000000,4.22474,4.22474,4.07677,4.07677,0,0
BCS_PB,D,20240301,000000,4.09456,4.1133,3.92786,4.03931,0,0
BCS_PB,D,20240304,000000,4.03931,4.07677,3.98405,4.03931,0,0
BCS_PB,D,20240305,000000,3.89133,3.96532,3.83514,3.89133,0,0
BCS_PB,D,20240306,000000,3.89133,3.98405,3.83514,3.92786,0,0
BCS_PB,D,20240307,000000,3.94659,3.94659,3.85387,3.92786,0,0
BCS_PB,D,20240308,000000,3.89133,3.92786,3.89133,3.89133,0,0
BCS_PB,D,20240311,000000,3.85387,3.89133,3.7059,3.79862,0,0
BCS_PB,D,20240312,000000,3.81735,3.81735,3.7059,3.77989,0,0
BCS_PB,D,20240313,000000,3.81735,3.89133,3.74336,3.74336,0,0
BCS_PB,D,20240314,000000,3.74336,3.89133,3.72463,3.89133,0,0
BCS_PB,D,20240315,000000,3.83514,3.8726,3.7059,3.81735,0,0
BCS_PB,D,20240318,000000,3.7059,3.7059,3.54856,3.63191,0,0
BCS_PB,D,20240319,000000,3.63191,3.66844,3.36312,3.52046,0,0
BCS_PB,D,20240320,000000,3.52046,3.61318,3.48394,3.57666,0,0
BCS_PB,D,20240321,000000,3.57572,3.61318,3.48394,3.59445,0,0
BCS_PB,D,20240322,000000,3.58509,3.58509,3.42775,3.48394,0,0
BCS_PB,D,20240325,000000,3.40902,3.40902,3.14959,3.26104,0,0
BCS_PB,D,20240326,000000,3.24231,3.2985,3.22452,3.22452,0,0
BCS_PB,D,20240327,000000,3.2985,3.39965,3.22452,3.35376,0,0
BCS_PB,D,20240328,000000,3.35376,3.59445,3.35376,3.44648,0,0
BCS_PB,D,20240402,000000,3.44648,3.57197,3.44648,3.55793,0,0
BCS_PB,D,20240403,000000,3.56916,3.69841,3.56916,3.62442,0,0
BCS_PB,D,20240404,000000,3.62442,4.00185,3.59445,3.89133,0,0
BCS_PB,D,20240405,000000,3.89133,4.15076,3.77989,4.14139,0,0
BCS_PB,D,20240408,000000,4.14139,4.22474,3.96532,4.22474,0,0
BCS_PB,D,20240409,000000,4.22474,4.22474,4.02058,4.02058,0,0
BCS_PB,D,20240410,000000,4.0674,4.31746,4.0674,4.24347,0,0
BCS_PB,D,20240411,000000,4.26127,4.42891,4.25284,4.41018,0,0
BCS_PB,D,20240412,000000,4.4467,4.53942,4.4467,4.53006,0,0
BCS_PB,D,20240415,000000,4.53942,4.61341,4.52069,4.59561,0,0
BCS_PB,D,20240416,000000,4.59561,4.59561,4.35399,4.53942,0,0
BCS_PB,D,20240417,000000,4.4467,4.52069,4.28,4.43734,0,0
BCS_PB,D,20240418,000000,4.4467,4.56752,4.17792,4.33619,0,0
BCS_PB,D,20240419,000000,4.41954,4.53942,4.26127,4.36335,0,0
BCS_PB,D,20240422,000000,4.27063,4.35399,4.24347,4.26221,0,0
BCS_PB,D,20240423,000000,4.25284,4.25284,4.1133,4.21538,0,0
BCS_PB,D,20240424,000000,4.21538,4.26127,4.07677,4.07677,0,0
BCS_PB,D,20240425,000000,3.93723,3.99342,3.79862,3.8726,0,0
BCS_PB,D,20240426,000000,3.89133,3.89133,3.79862,3.89133,0,0
BCS_PB,D,20240429,000000,3.89133,3.89133,3.65064,3.67312,0,0
BCS_PB,D,20240430,000000,3.66469,3.76677,3.66469,3.76677,0,0
BCS_PB,D,20240502,000000,3.78176,3.78176,3.65252,3.65252,0,0
BCS_PB,D,20240506,000000,3.73961,4.10487,3.73961,4.06647,0,0
BCS_PB,D,20240507,000000,4.0852,4.14233,3.89508,3.92411,0,0
BCS_PB,D,20240508,000000,3.93348,4.04774,3.91475,3.96158,0,0
BCS_PB,D,20240509,000000,3.96158,4.06647,3.95221,4.06647,0,0
BCS_PB,D,20240510,000000,4.07583,4.10487,3.96158,3.96158,0,0
BCS_PB,D,20240513,000000,3.99061,4.11423,3.99061,4.11423,0,0
BCS_PB,D,20240514,000000,4.09456,4.16106,4.04774,4.0852,0,0
BCS_PB,D,20240515,000000,4.0852,4.18073,4.0571,4.18073,0,0
BCS_PB,D,20240516,000000,4.18073,4.18073,4.06647,4.11423,0,0
BCS_PB,D,20240517,000000,4.17136,4.27532,4.15169,4.27532,0,0
BCS_PB,D,20240520,000000,4.19009,4.27532,4.18073,4.22755,0,0
BCS_PB,D,20240521,000000,4.24722,4.32308,4.22755,4.29405,0,0
BCS_PB,D,20240522,000000,4.23786,4.25659,4.19946,4.20882,0,0
BCS_PB,D,20240523,000000,4.25659,4.25659,4.0852,4.0852,0,0
BCS_PB,D,20240524,000000,4.0852,4.09456,3.90445,3.93348,0,0
BCS_PB,D,20240527,000000,3.95221,3.99061,3.90445,3.91475,0,0
BCS_PB,D,20240528,000000,3.99061,4.18073,3.99061,4.0187,0,0
BCS_PB,D,20240529,000000,4.0187,4.0852,4.0187,4.02807,0,0
BCS_PB,D,20240531,000000,4.07583,4.15169,4.07583,4.13296,0,0
BCS_PB,D,20240603,000000,4.38958,4.56003,4.38958,4.46544,0,0
BCS_PB,D,20240604,000000,4.48417,4.48417,4.4467,4.46544,0,0
BCS_PB,D,20240605,000000,4.45607,4.75108,4.10112,4.10112,0,0
BCS_PB,D,20240606,000000,4.10112,4.54317,4.10112,4.54317,0,0
BCS_PB,D,20240607,000000,4.53474,4.59281,4.34649,4.59281,0,0
BCS_PB,D,20240610,000000,4.7567,4.7567,4.69114,4.7567,0,0
BCS_PB,D,20240611,000000,4.9206,4.9206,4.80634,4.9206,0,0
BCS_PB,D,20240612,000000,4.98615,4.98615,4.5516,4.74827,0,0
BCS_PB,D,20240613,000000,4.60123,4.7567,4.54317,4.54317,0,0
BCS_PB,D,20240614,000000,4.54317,4.54317,3.73961,3.73961,0,0
BCS_PB,D,20240617,000000,3.70684,3.70684,3.37905,3.38747,0,0
BCS_PB,D,20240618,000000,3.43618,3.43618,3.36219,3.4034,0,0
BCS_PB,D,20240619,000000,3.42775,3.72369,3.42775,3.72276,0,0
BCS_PB,D,20240620,000000,3.64971,3.85481,3.57572,3.57572,0,0
BCS_PB,D,20240621,000000,3.6085,3.68249,3.57572,3.68249,0,0
BCS_PB,D,20240624,000000,3.68249,3.70684,3.5598,3.69091,0,0
BCS_PB,D,20240625,000000,3.69091,3.72369,3.6085,3.66563,0,0
BCS_PB,D,20240626,000000,3.62536,3.66563,3.52608,3.60007,0,0
BCS_PB,D,20240627,000000,3.56729,3.6085,3.53451,3.58415,0,0
BCS_PB,D,20240628,000000,3.6085,3.73119,3.52608,3.73119,0,0
BCS_PB,D,20240701,000000,3.73119,3.73119,3.56729,3.6085,0,0
BCS_PB,D,20240702,000000,3.57572,3.71526,3.57572,3.71526,0,0
BCS_PB,D,20240703,000000,3.62536,3.71526,3.6085,3.65814,0,0
BCS_PB,D,20240704,000000,3.62536,3.69091,3.62536,3.66563,0,0
BCS_PB,D,20240705,000000,3.66563,3.73961,3.66563,3.69091,0,0
BCS_PB,D,20240708,000000,3.72369,3.76396,3.66563,3.75647,0,0
BCS_PB,D,20240709,000000,3.75647,3.75647,3.64128,3.69841,0,0
BCS_PB,D,20240710,000000,3.69841,3.75647,3.64971,3.73961,0,0
BCS_PB,D,20240711,000000,3.75647,3.75647,3.69841,3.74804,0,0
BCS_PB,D,20240712,000000,3.827,3.836,3.748,3.818,0,0
BCS_PB,D,20240715,000000,3.827,3.853,3.678,3.678,0,0
BCS_PB,D,20240716,000000,3.836,3.836,3.582,3.748,0,0
BCS_PB,D,20240717,000000,3.678,3.73,3.582,3.582,0,0
BCS_PB,D,20240718,000000,3.582,3.731,3.582,3.731,0,0
BCS_PB,D,20240719,000000,3.678,3.765,3.669,3.678,0,0
BCS_PB,D,20240722,000000,3.678,3.678,3.625,3.678,0,0
BCS_PB,D,20240723,000000,3.73,3.73,3.678,3.678,0,0
BCS_PB,D,20240724,000000,3.643,3.678,3.625,3.678,0,0
BCS_PB,D,20240725,000000,3.625,3.669,3.59,3.669,0,0
BCS_PB,D,20240726,000000,3.328,3.328,2.855,2.855,0,0
BCS_PB,D,20240729,000000,2.872,2.939,2.872,2.89,0,0
BCS_PB,D,20240730,000000,2.96,2.974,2.89,2.893,0,0
BCS_PB,D,20240731,000000,2.953,2.963,2.925,2.96,0,0
BCS_PB,D,20240801,000000,2.96,3.054,2.893,2.925,0,0
BCS_PB,D,20240802,000000,2.932,2.932,2.757,2.774,0,0
BCS_PB,D,20240805,000000,2.627,2.627,2.452,2.574,0,0
BCS_PB,D,20240806,000000,2.645,2.711,2.645,2.711,0,0
BCS_PB,D,20240807,000000,2.666,2.708,2.497,2.617,0,0
BCS_PB,D,20240808,000000,2.617,2.624,2.547,2.613,0,0
BCS_PB,D,20240809,000000,2.62,2.62,2.522,2.574,0,0
BCS_PB,D,20240812,000000,2.55,2.662,2.55,2.659,0,0
BCS_PB,D,20240813,000000,2.662,2.662,2.596,2.627,0,0
BCS_PB,D,20240814,000000,2.592,2.627,2.574,2.574,0,0
BCS_PB,D,20240816,000000,2.575,2.627,2.557,2.574,0,0
BCS_PB,D,20240819,000000,2.561,2.617,2.515,2.55,0,0
BCS_PB,D,20240820,000000,2.54,2.54,2.487,2.504,0,0
BCS_PB,D,20240821,000000,2.487,2.494,2.466,2.473,0,0
BCS_PB,D,20240822,000000,2.469,2.487,2.462,2.473,0,0
BCS_PB,D,20240823,000000,2.469,2.54,2.469,2.518,0,0
BCS_PB,D,20240826,000000,2.476,2.518,2.452,2.487,0,0
BCS_PB,D,20240827,000000,2.487,2.487,2.448,2.455,0,0
BCS_PB,D,20240828,000000,2.455,2.48,2.438,2.459,0,0
BCS_PB,D,20240829,000000,2.469,2.48,2.35,2.361,0,0
BCS_PB,D,20240830,000000,2.361,2.364,2.357,2.361,0,0
BCS_PB,D,20240902,000000,2.361,2.364,2.347,2.364,0,0
BCS_PB,D,20240903,000000,2.382,2.515,2.382,2.483,0,0
BCS_PB,D,20240904,000000,2.469,2.518,2.392,2.452,0,0
BCS_PB,D,20240905,000000,2.452,2.557,2.399,2.536,0,0
BCS_PB,D,20240906,000000,2.575,2.575,2.448,2.452,0,0
BCS_PB,D,20240909,000000,2.452,2.452,2.417,2.435,0,0
BCS_PB,D,20240910,000000,2.417,2.452,2.396,2.435,0,0
BCS_PB,D,20240911,000000,2.452,2.452,2.399,2.417,0,0
BCS_PB,D,20240912,000000,2.445,2.445,2.382,2.41,0,0
BCS_PB,D,20240913,000000,2.41,2.434,2.35,2.406,0,0
BCS_PB,D,20240916,000000,2.417,2.515,2.406,2.463,0,0
BCS_PB,D,20240917,000000,2.452,2.452,2.403,2.435,0,0
BCS_PB,D,20240918,000000,2.452,2.452,2.41,2.445,0,0
BCS_PB,D,20240919,000000,2.448,2.515,2.41,2.449,0,0
BCS_PB,D,20240920,000000,2.427,2.452,2.427,2.441,0,0
BCS_PB,D,20240923,000000,2.434,2.438,2.399,2.399,0,0
BCS_PB,D,20240924,000000,2.392,2.434,2.392,2.431,0,0
BCS_PB,D,20240925,000000,2.417,2.435,2.417,2.435,0,0
BCS_PB,D,20240926,000000,2.424,2.452,2.42,2.445,0,0
BCS_PB,D,20240927,000000,2.431,2.48,2.399,2.48,0,0
BCS_PB,D,20240930,000000,2.48,2.613,2.399,2.526,0,0
BCS_PB,D,20241001,000000,2.568,2.673,2.568,2.651,0,0
BCS_PB,D,20241002,000000,2.68,3.555,2.68,3.555,0,0
BCS_PB,D,20241003,000000,3.546,3.59,3.192,3.367,0,0
BCS_PB,D,20241004,000000,3.327,3.367,3.24,3.319,0,0
BCS_PB,D,20241007,000000,3.336,3.476,3.314,3.375,0,0
BCS_PB,D,20241008,000000,3.305,3.349,3.152,3.152,0,0
BCS_PB,D,20241009,000000,3.253,3.262,3.108,3.109,0,0
BCS_PB,D,20241010,000000,3.104,3.152,3.091,3.143,0,0
BCS_PB,D,20241011,000000,3.13,3.152,3.073,3.152,0,0
BCS_PB,D,20241014,000000,3.152,3.262,3.13,3.174,0,0
BCS_PB,D,20241015,000000,3.174,3.174,3.117,3.143,0,0
BCS_PB,D,20241016,000000,3.187,3.187,3.174,3.183,0,0
BCS_PB,D,20241017,000000,3.183,3.196,3.108,3.169,0,0
BCS_PB,D,20241018,000000,3.152,3.174,3.091,3.174,0,0
BCS_PB,D,20241021,000000,3.165,3.165,3.091,3.104,0,0
BCS_PB,D,20241022,000000,3.152,3.157,3.108,3.152,0,0
BCS_PB,D,20241023,000000,3.104,3.187,3.091,3.091,0,0
BCS_PB,D,20241024,000000,3.091,3.148,3.043,3.043,0,0
BCS_PB,D,20241025,000000,3.043,3.043,2.964,3.034,0,0
BCS_PB,D,20241028,000000,2.981,2.986,2.955,2.972,0,0
BCS_PB,D,20241029,000000,2.973,3.025,2.859,2.907,0,0
BCS_PB,D,20241030,000000,2.868,2.907,2.758,2.815,0,0
BCS_PB,D,20241031,000000,2.841,2.841,2.758,2.819,0,0
BCS_PB,D,20241104,000000,2.736,2.819,2.736,2.741,0,0
BCS_PB,D,20241105,000000,2.741,2.868,2.741,2.841,0,0
BCS_PB,D,20241106,000000,2.846,2.846,2.763,2.841,0,0
BCS_PB,D,20241107,000000,2.763,2.837,2.736,2.837,0,0
BCS_PB,D,20241108,000000,2.828,2.841,2.736,2.833,0,0
BCS_PB,D,20241112,000000,2.819,2.841,2.758,2.841,0,0
BCS_PB,D,20241113,000000,2.763,2.802,2.723,2.798,0,0
BCS_PB,D,20241114,000000,2.798,2.798,2.741,2.798,0,0
BCS_PB,D,20241115,000000,2.798,2.798,2.736,2.771,0,0
BCS_PB,D,20241118,000000,2.714,2.846,2.714,2.776,0,0
BCS_PB,D,20241119,000000,2.758,2.776,2.692,2.771,0,0
BCS_PB,D,20241120,000000,2.771,2.776,2.666,2.727,0,0
BCS_PB,D,20241121,000000,2.671,2.736,2.649,2.736,0,0
BCS_PB,D,20241122,000000,2.736,2.758,2.64,2.692,0,0
BCS_PB,D,20241125,000000,2.657,2.732,2.627,2.732,0,0
BCS_PB,D,20241126,000000,2.732,2.736,2.631,2.736,0,0
BCS_PB,D,20241127,000000,2.671,2.723,2.671,2.723,0,0
BCS_PB,D,20241128,000000,2.719,2.719,2.631,2.692,0,0
BCS_PB,D,20241129,000000,2.649,2.719,2.631,2.719,0,0
BCS_PB,D,20241202,000000,2.78,2.951,2.78,2.846,0,0
BCS_PB,D,20241203,000000,2.846,2.868,2.749,2.758,0,0
BCS_PB,D,20241204,000000,2.741,2.771,2.671,2.671,0,0
BCS_PB,D,20241205,000000,2.732,2.732,2.631,2.71,0,0
BCS_PB,D,20241206,000000,2.653,2.697,2.622,2.692,0,0
BCS_PB,D,20241209,000000,2.701,2.723,2.692,2.692,0,0
BCS_PB,D,20241210,000000,2.692,2.771,2.644,2.644,0,0
BCS_PB,D,20241211,000000,2.648,2.648,2.547,2.593,0,0
BCS_PB,D,20241212,000000,2.559,2.58,2.39,2.479,0,0
BCS_PB,D,20241213,000000,2.479,2.5,2.369,2.386,0,0
BCS_PB,D,20241216,000000,2.386,2.386,2.284,2.305,0,0
BCS_PB,D,20241217,000000,2.305,2.314,2.166,2.212,0,0
BCS_PB,D,20241218,000000,2.208,2.28,2.1,2.28,0,0
BCS_PB,D,20241219,000000,2.187,2.289,2.157,2.216,0,0
BCS_PB,D,20241220,000000,2.242,2.432,2.179,2.428,0,0
BCS_PB,D,20241223,000000,2.428,2.496,2.331,2.348,0,0
BCS_PB,D,20241227,000000,2.348,2.415,2.335,2.415,0,0
BCS_PB,D,20241230,000000,2.432,2.644,2.327,2.644,0,0
BCS_PB,D,20250102,000000,2.644,2.792,2.589,2.745,0,0
BCS_PB,D,20250103,000000,2.75,2.91,2.75,2.855,0,0
BCS_PB,D,20250107,000000,2.877,2.987,2.877,2.987,0,0
BCS_PB,D,20250108,000000,2.995,3.063,2.91,2.965,0,0
BCS_PB,D,20250109,000000,3.003,3.046,2.91,2.957,0,0
BCS_PB,D,20250110,000000,2.948,2.948,2.821,2.821,0,0
BCS_PB,D,20250113,000000,2.805,2.86,2.75,2.838,0,0
BCS_PB,D,20250114,000000,2.834,2.877,2.75,2.851,0,0
BCS_PB,D,20250115,000000,2.855,2.877,2.771,2.872,0,0
BCS_PB,D,20250116,000000,2.872,2.961,2.754,2.826,0,0
BCS_PB,D,20250117,000000,2.826,2.872,2.762,2.834,0,0
BCS_PB,D,20250120,000000,2.864,2.877,2.788,2.872,0,0
BCS_PB,D,20250121,000000,2.872,2.872,2.792,2.792,0,0
BCS_PB,D,20250122,000000,2.834,2.872,2.779,2.864,0,0
BCS_PB,D,20250123,000000,2.771,2.851,2.75,2.826,0,0
BCS_PB,D,20250124,000000,2.834,2.834,2.534,2.678,0,0
BCS_PB,D,20250127,000000,2.665,2.75,2.61,2.75,0,0
BCS_PB,D,20250128,000000,2.75,2.75,2.547,2.623,0,0
BCS_PB,D,20250129,000000,2.644,2.657,2.559,2.581,0,0
BCS_PB,D,20250130,000000,2.58,2.644,2.559,2.644,0,0
BCS_PB,D,20250131,000000,2.665,2.703,2.648,2.648,0,0
BCS_PB,D,20250203,000000,2.644,2.644,2.551,2.635,0,0
BCS_PB,D,20250204,000000,2.593,2.686,2.593,2.686,0,0
BCS_PB,D,20250205,000000,2.686,2.686,2.618,2.631,0,0
BCS_PB,D,20250206,000000,2.631,2.665,2.631,2.631,0,0
BCS_PB,D,20250207,000000,2.64,2.686,2.623,2.665,0,0
BCS_PB,D,20250210,000000,2.665,2.686,2.644,2.686,0,0
BCS_PB,D,20250211,000000,2.707,2.792,2.686,2.745,0,0
BCS_PB,D,20250212,000000,2.792,3.067,2.792,2.961,0,0
BCS_PB,D,20250213,000000,2.961,2.965,2.872,2.872,0,0
BCS_PB,D,20250214,000000,2.872,2.889,2.8,2.855,0,0
BCS_PB,D,20250217,000000,2.855,2.855,2.8,2.838,0,0
BCS_PB,D,20250218,000000,2.838,2.995,2.805,2.936,0,0
BCS_PB,D,20250219,000000,2.919,2.919,2.834,2.842,0,0
BCS_PB,D,20250220,000000,2.872,2.877,2.813,2.813,0,0
BCS_PB,D,20250221,000000,2.817,2.834,2.813,2.834,0,0
BCS_PB,D,20250224,000000,2.855,2.855,2.792,2.805,0,0
BCS_PB,D,20250225,000000,2.805,2.843,2.779,2.83,0,0
BCS_PB,D,20250226,000000,2.834,2.877,2.822,2.868,0,0
BCS_PB,D,20250227,000000,2.855,2.987,2.851,2.987,0,0
BCS_PB,D,20250228,000000,3.008,3.046,2.961,2.991,0,0
BCS_PB,D,20250303,000000,2.991,3.029,2.923,2.999,0,0
BCS_PB,D,20250304,000000,2.991,2.999,2.822,2.898,0,0
BCS_PB,D,20250305,000000,2.932,2.94,2.906,2.931,0,0
BCS_PB,D,20250306,000000,2.94,3.003,2.75,2.83,0,0
BCS_PB,D,20250307,000000,2.792,2.826,2.745,2.771,0,0
BCS_PB,D,20250310,000000,2.762,2.834,2.762,2.775,0,0
BCS_PB,D,20250311,000000,2.771,2.792,2.644,2.745,0,0
BCS_PB,D,20250312,000000,2.741,2.75,2.707,2.75,0,0
BCS_PB,D,20250313,000000,2.75,2.851,2.733,2.826,0,0
BCS_PB,D,20250314,000000,2.826,2.847,2.767,2.847,0,0
BCS_PB,D,20250317,000000,2.855,2.855,2.75,2.813,0,0
BCS_PB,D,20250318,000000,2.813,2.83,2.75,2.809,0,0
BCS_PB,D,20250319,000000,2.779,2.788,2.733,2.779,0,0
BCS_PB,D,20250320,000000,2.75,2.775,2.716,2.775,0,0
BCS_PB,D,20250321,000000,2.775,2.779,2.72,2.745,0,0
BCS_PB,D,20250324,000000,2.745,2.775,2.745,2.771,0,0
BCS_PB,D,20250325,000000,2.775,2.784,2.728,2.784,0,0
BCS_PB,D,20250326,000000,2.783,2.783,2.775,2.775,0,0
BCS_PB,D,20250327,000000,2.754,2.775,2.733,2.754,0,0
BCS_PB,D,20250328,000000,2.754,2.758,2.737,2.758,0,0
BCS_PB,D,20250331,000000,2.75,2.767,2.712,2.758,0,0
BCS_PB,D,20250401,000000,2.728,2.767,2.728,2.767,0,0
BCS_PB,D,20250402,000000,2.771,2.771,2.728,2.75,0,0
BCS_PB,D,20250403,000000,2.72,2.745,2.686,2.728,0,0
BCS_PB,D,20250404,000000,2.737,2.762,2.665,2.686,0,0
BCS_PB,D,20250407,000000,2.665,2.728,2.538,2.644,0,0
BCS_PB,D,20250408,000000,2.724,2.724,2.648,2.72,0,0
BCS_PB,D,20250409,000000,2.712,2.712,2.623,2.678,0,0
BCS_PB,D,20250410,000000,2.69,2.728,2.635,2.635,0,0
BCS_PB,D,20250411,000000,2.682,2.707,2.648,2.682,0,0
BCS_PB,D,20250414,000000,2.623,2.703,2.593,2.623,0,0
BCS_PB,D,20250415,000000,2.623,2.623,2.58,2.606,0,0
BCS_PB,D,20250416,000000,2.597,2.597,2.555,2.564,0,0
BCS_PB,D,20250417,000000,2.602,2.602,2.563,2.602,0,0
BCS_PB,D,20250422,000000,2.593,2.597,2.58,2.593,0,0
BCS_PB,D,20250423,000000,2.58,2.602,2.58,2.581,0,0
BCS_PB,D,20250424,000000,2.585,2.602,2.572,2.593,0,0
BCS_PB,D,20250425,000000,2.593,2.593,2.568,2.585,0,0
BCS_PB,D,20250428,000000,2.593,2.75,2.593,2.72,0,0
BCS_PB,D,20250429,000000,2.72,2.75,2.707,2.741,0,0
BCS_PB,D,20250430,000000,2.75,2.771,2.561,2.561,0,0
BCS_PB,D,20250502,000000,2.565,2.608,2.565,2.581,0,0
BCS_PB,D,20250505,000000,2.576,2.62,2.446,2.505,0,0
BCS_PB,D,20250506,000000,2.505,2.565,2.505,2.565,0,0
BCS_PB,D,20250507,000000,2.529,2.561,2.419,2.462,0,0
BCS_PB,D,20250508,000000,2.45,2.45,2.427,2.43,0,0
BCS_PB,D,20250509,000000,2.446,2.462,2.43,2.458,0,0
BCS_PB,D,20250512,000000,2.446,2.454,2.419,2.427,0,0
BCS_PB,D,20250513,000000,2.454,2.454,2.411,2.442,0,0
BCS_PB,D,20250514,000000,2.454,2.454,2.411,2.415,0,0
BCS_PB,D,20250515,000000,2.419,2.446,2.411,2.415,0,0
BCS_PB,D,20250516,000000,2.442,2.446,2.442,2.446,0,0
BCS_PB,D,20250519,000000,2.466,2.576,2.466,2.545,0,0
BCS_PB,D,20250520,000000,2.545,2.565,2.513,2.565,0,0
BCS_PB,D,20250521,000000,2.545,2.596,2.545,2.588,0,0
BCS_PB,D,20250522,000000,2.588,2.616,2.561,2.616,0,0
BCS_PB,D,20250523,000000,2.612,2.616,2.545,2.565,0,0
BCS_PB,D,20250526,000000,2.557,2.604,2.549,2.592,0,0
BCS_PB,D,20250527,000000,2.592,2.608,2.576,2.608,0,0
BCS_PB,D,20250528,000000,2.576,2.604,2.576,2.604,0,0
BCS_PB,D,20250529,000000,2.604,2.604,2.395,2.498,0,0
BCS_PB,D,20250530,000000,2.446,2.49,2.446,2.466,0,0
BCS_PB,D,20250602,000000,2.419,2.47,2.419,2.442,0,0
BCS_PB,D,20250603,000000,2.446,2.466,2.446,2.446,0,0
BCS_PB,D,20250604,000000,2.462,2.462,2.412,2.412,0,0
BCS_PB,D,20250605,000000,2.431,2.447,2.392,2.447,0,0
BCS_PB,D,20250606,000000,2.451,2.451,2.404,2.447,0,0
BCS_PB,D,20250609,000000,2.451,2.451,2.392,2.447,0,0
BCS_PB,D,20250610,000000,2.447,2.447,2.404,2.408,0,0
BCS_PB,D,20250611,000000,2.396,2.416,2.373,2.373,0,0
BCS_PB,D,20250612,000000,2.404,2.439,2.377,2.439,0,0
BCS_PB,D,20250613,000000,2.435,2.447,2.373,2.42,0,0
BCS_PB,D,20250616,000000,2.423,2.567,2.423,2.567,0,0
BCS_PB,D,20250617,000000,2.563,2.758,2.528,2.746,0,0
BCS_PB,D,20250618,000000,2.742,2.758,2.649,2.68,0,0
BCS_PB,D,20250620,000000,2.618,2.618,2.536,2.544,0,0
BCS_PB,D,20250623,000000,2.567,2.567,2.381,2.427,0,0
BCS_PB,D,20250624,000000,2.427,2.486,2.427,2.47,0,0
BCS_PB,D,20250625,000000,2.47,2.525,2.416,2.517,0,0
BCS_PB,D,20250626,000000,2.509,2.633,2.462,2.563,0,0
BCS_PB,D,20250627,000000,2.497,2.563,2.493,2.497,0,0
BCS_PB,D,20250630,000000,2.54,2.614,2.478,2.583,0,0
BCS_PB,D,20250701,000000,2.583,2.583,2.435,2.517,0,0
BCS_PB,D,20250702,000000,2.517,2.525,2.482,2.521,0,0
BCS_PB,D,20250703,000000,2.521,2.525,2.513,2.513,0,0
BCS_PB,D,20250704,000000,2.513,2.528,2.451,2.517,0,0
BCS_PB,D,20250707,000000,2.521,2.704,2.521,2.68,0,0
BCS_PB,D,20250708,000000,2.68,2.754,2.645,2.645,0,0
BCS_PB,D,20250709,000000,2.665,2.7,2.645,2.645,0,0
BCS_PB,D,20250710,000000,2.595,2.641,2.571,2.571,0,0
BCS_PB,D,20250711,000000,2.602,2.676,2.602,2.649,0,0
BCS_PB,D,20250714,000000,2.672,2.75,2.672,2.731,0,0
BCS_PB,D,20250715,000000,2.735,2.739,2.704,2.735,0,0
BCS_PB,D,20250716,000000,2.735,2.735,2.645,2.719,0,0
BCS_PB,D,20250717,000000,2.665,2.707,2.657,2.684,0,0
BCS_PB,D,20250718,000000,2.704,2.739,2.684,2.684,0,0
BCS_PB,D,20250721,000000,2.668,2.723,2.668,2.668,0,0
BCS_PB,D,20250722,000000,2.672,2.711,2.672,2.68,0,0
BCS_PB,D,20250723,000000,2.719,2.719,2.68,2.692,0,0
BCS_PB,D,20250724,000000,2.692,2.739,2.676,2.676,0,0
BCS_PB,D,20250725,000000,2.739,2.739,2.7,2.727,0,0
BCS_PB,D,20250728,000000,2.727,2.917,2.727,2.898,0,0
BCS_PB,D,20250729,000000,2.914,2.917,2.855,2.871,0,0
BCS_PB,D,20250730,000000,2.871,2.917,2.871,2.886,0,0
BCS_PB,D,20250731,000000,2.917,2.917,2.832,2.913,0,0
BCS_PB,D,20250801,000000,2.917,2.917,2.762,2.797,0,0
BCS_PB,D,20250804,000000,2.793,2.793,2.746,2.77,0,0
BCS_PB,D,20250805,000000,2.812,2.812,2.723,2.762,0,0
BCS_PB,D,20250806,000000,2.777,2.793,2.746,2.762,0,0
BCS_PB,D,20250807,000000,2.777,2.801,2.766,2.789,0,0
BCS_PB,D,20250808,000000,2.766,2.809,2.762,2.809,0,0
BCS_PB,D,20250811,000000,2.812,2.82,2.774,2.812,0,0
BCS_PB,D,20250812,000000,2.774,2.777,2.735,2.774,0,0
BCS_PB,D,20250813,000000,2.797,2.797,2.548,2.622,0,0
BCS_PB,D,20250814,000000,2.563,2.595,2.509,2.567,0,0
BCS_PB,D,20250818,000000,2.567,2.622,2.567,2.618,0,0
BCS_PB,D,20250819,000000,2.626,2.676,2.598,2.672,0,0
BCS_PB,D,20250820,000000,2.665,2.665,2.587,2.603,0,0
BCS_PB,D,20250821,000000,2.587,2.606,2.567,2.606,0,0
BCS_PB,D,20250822,000000,2.583,2.606,2.509,2.54,0,0
BCS_PB,D,20250825,000000,2.548,2.653,2.548,2.645,0,0
BCS_PB,D,20250826,000000,2.61,2.645,2.606,2.61,0,0
BCS_PB,D,20250827,000000,2.606,2.641,2.606,2.606,0,0
BCS_PB,D,20250828,000000,2.645,2.645,2.61,2.645,0,0
BCS_PB,D,20250829,000000,2.606,2.657,2.606,2.61,0,0
BCS_PB,D,20250901,000000,2.61,2.665,2.567,2.606,0,0
BCS_PB,D,20250902,000000,2.61,2.61,2.54,2.587,0,0
BCS_PB,D,20250903,000000,2.587,2.618,2.548,2.548,0,0
BCS_PB,D,20250904,000000,2.587,2.606,2.579,2.598,0,0
BCS_PB,D,20250905,000000,2.602,2.606,2.544,2.587,0,0
BCS_PB,D,20250908,000000,2.587,2.606,2.532,2.552,0,0
BCS_PB,D,20250909,000000,2.575,2.583,2.552,2.571,0,0
BCS_PB,D,20250910,000000,2.548,2.563,2.532,2.536,0,0
BCS_PB,D,20250911,000000,2.536,2.567,2.536,2.548,0,0
BCS_PB,D,20250912,000000,2.536,2.548,2.536,2.54,0,0
BCS_PB,D,20250915,000000,2.552,2.56,2.521,2.56,0,0
BCS_PB,D,20250916,000000,2.528,2.528,2.509,2.513,0,0
BCS_PB,D,20250917,000000,2.513,2.517,2.49,2.513,0,0
BCS_PB,D,20250918,000000,2.509,2.552,2.493,2.552,0,0
BCS_PB,D,20250919,000000,2.552,2.563,2.532,2.536,0,0
BCS_PB,D,20250922,000000,2.536,2.587,2.513,2.529,0,0
BCS_PB,D,20250923,000000,2.528,2.575,2.528,2.56,0,0
BCS_PB,D,20250924,000000,2.567,2.567,2.544,2.548,0,0
BCS_PB,D,20250925,000000,2.544,2.56,2.528,2.529,0,0
BCS_PB,D,20250926,000000,2.552,2.571,2.528,2.567,0,0
BCS_PB,D,20250929,000000,2.567,2.61,2.521,2.61,0,0
BCS_PB,D,20250930,000000,2.528,2.816,2.528,2.762,0,0
BCS_PB,D,20251001,000000,2.723,2.75,2.575,2.681,0,0
BCS_PB,D,20251002,000000,2.681,2.681,2.59,2.681,0,0
BCS_PB,D,20251003,000000,2.677,2.677,2.622,2.673,0,0
BCS_PB,D,20251006,000000,2.661,2.661,2.622,2.625,0,0
BCS_PB,D,20251007,000000,2.653,2.653,2.542,2.578,0,0
BCS_PB,D,20251008,000000,2.578,2.582,2.546,2.574,0,0
BCS_PB,D,20251009,000000,2.582,2.649,2.562,2.649,0,0
BCS_PB,D,20251010,000000,2.641,2.645,2.582,2.606,0,0
BCS_PB,D,20251013,000000,2.586,2.646,2.582,2.646,0,0
BCS_PB,D,20251014,000000,2.657,2.665,2.582,2.582,0,0
BCS_PB,D,20251015,000000,2.59,2.709,2.59,2.693,0,0
BCS_PB,D,20251016,000000,2.626,2.689,2.55,2.634,0,0
BCS_PB,D,20251017,000000,2.641,2.641,2.578,2.602,0,0
BCS_PB,D,20251020,000000,2.586,2.602,2.574,2.582,0,0
BCS_PB,D,20251021,000000,2.582,2.63,2.562,2.578,0,0
BCS_PB,D,20251022,000000,2.582,2.622,2.582,2.582,0,0
BCS_PB,D,20251023,000000,2.582,2.582,2.534,2.542,0,0
BCS_PB,D,20251024,000000,2.578,2.578,2.522,2.538,0,0
BCS_PB,D,20251027,000000,2.538,2.538,2.463,2.483,0,0
BCS_PB,D,20251028,000000,2.467,2.479,2.387,2.443,0,0
BCS_PB,D,20251029,000000,2.463,2.463,2.403,2.415,0,0
BCS_PB,D,20251030,000000,2.391,2.542,2.379,2.443,0,0
BCS_PB,D,20251031,000000,2.483,2.502,2.483,2.483,0,0
BCS_PB,D,20251103,000000,2.459,2.526,2.399,2.502,0,0
BCS_PB,D,20251104,000000,2.502,2.542,2.467,2.471,0,0
BCS_PB,D,20251105,000000,2.495,2.495,2.471,2.471,0,0
BCS_PB,D,20251106,000000,2.471,2.502,2.471,2.487,0,0
BCS_PB,D,20251107,000000,2.487,2.502,2.467,2.467,0,0
BCS_PB,D,20251110,000000,2.502,2.502,2.403,2.499,0,0
BCS_PB,D,20251112,000000,2.498,2.499,2.391,2.499,0,0
BCS_PB,D,20251113,000000,2.423,2.483,2.371,2.379,0,0
BCS_PB,D,20251114,000000,2.379,2.383,2.304,2.379,0,0
BCS_PB,D,20251117,000000,2.375,2.379,2.344,2.379,0,0
BCS_PB,D,20251118,000000,2.344,2.423,2.332,2.383,0,0
BCS_PB,D,20251119,000000,2.332,2.423,2.332,2.423,0,0
BCS_PB,D,20251120,000000,2.383,2.383,2.324,2.383,0,0
BCS_PB,D,20251121,000000,2.379,2.379,2.284,2.371,0,0
BCS_PB,D,20251124,000000,2.296,2.363,2.288,2.336,0,0
BCS_PB,D,20251125,000000,2.371,2.383,2.332,2.379,0,0
BCS_PB,D,20251126,000000,2.383,2.419,2.344,2.419,0,0
BCS_PB,D,20251127,000000,2.419,2.574,2.419,2.554,0,0
BCS_PB,D,20251128,000000,2.55,2.669,2.53,2.658,0,0
BCS_PB,D,20251201,000000,2.657,2.657,2.542,2.582,0,0
BCS_PB,D,20251202,000000,2.55,2.582,2.542,2.582,0,0
BCS_PB,D,20251203,000000,2.546,2.586,2.546,2.582,0,0
BCS_PB,D,20251204,000000,2.582,2.582,2.487,2.582,0,0
BCS_PB,D,20251205,000000,2.495,2.562,2.495,2.554,0,0
BCS_PB,D,20251208,000000,2.502,2.542,2.443,2.443,0,0
BCS_PB,D,20251209,000000,2.393,2.478,2.39,2.478,0,0
BCS_PB,D,20251210,000000,2.47,2.47,2.382,2.459,0,0
BCS_PB,D,20251211,000000,2.409,2.451,2.39,2.432,0,0
BCS_PB,D,20251212,000000,2.39,2.436,2.355,2.367,0,0
BCS_PB,D,20251215,000000,2.367,2.39,2.313,2.382,0,0
BCS_PB,D,20251216,000000,2.382,2.436,2.382,2.409,0,0
BCS_PB,D,20251217,000000,2.367,2.409,2.294,2.401,0,0
BCS_PB,D,20251218,000000,2.313,2.348,2.271,2.325,0,0
BCS_PB,D,20251219,000000,2.294,2.325,2.218,2.282,0,0
BCS_PB,D,20251222,000000,2.283,2.283,2.206,2.256,0,0
BCS_PB,D,20251223,000000,2.283,2.283,2.206,2.256,0,0
BCS_PB,D,20251229,000000,2.214,2.263,2.198,2.256,0,0
BCS_PB,D,20251230,000000,2.198,2.29,2.198,2.29,0,0
BCS_PB,D,20260102,000000,2.294,2.367,2.279,2.348,0,0
BCS_PB,D,20260105,000000,2.348,2.386,2.302,2.382,0,0
BCS_PB,D,20260107,000000,2.294,2.367,2.29,2.363,0,0
BCS_PB,D,20260108,000000,2.302,2.359,2.294,2.355,0,0
BCS_PB,D,20260109,000000,2.359,2.378,2.332,2.332,0,0
BCS_PB,D,20260112,000000,2.382,2.382,2.313,2.332,0,0
BCS_PB,D,20260113,000000,2.371,2.378,2.332,2.378,0,0
BCS_PB,D,20260114,000000,2.371,2.39,2.332,2.382,0,0
BCS_PB,D,20260115,000000,2.382,2.485,2.382,2.485,0,0
BCS_PB,D,20260116,000000,2.447,2.474,2.409,2.462,0,0
BCS_PB,D,20260119,000000,2.458,2.458,2.409,2.447,0,0
BCS_PB,D,20260120,000000,2.447,2.447,2.424,2.447,0,0
BCS_PB,D,20260121,000000,2.409,2.428,2.348,2.37,0,0
BCS_PB,D,20260122,000000,2.371,2.397,2.313,2.397,0,0
BCS_PB,D,20260123,000000,2.397,2.397,2.313,2.374,0,0
