<TICKER>,<PER>,<DATE>,<TIME>,<OPEN>,<HIGH>,<LOW>,<CLOSE>,<VOL>,<OPENINT>
CAP_PB,D,20170721,000000,3.5,3.5,3.5,3.5,0,0
CAP_PB,D,20170724,000000,3.52,3.53,3.46,3.47,0,0
CAP_PB,D,20170725,000000,3.49,3.49,3.44,3.47,0,0
CAP_PB,D,20170726,000000,3.48,3.48,3.42,3.43,0,0
CAP_PB,D,20170727,000000,3.43,3.46,3.38,3.43,0,0
CAP_PB,D,20170728,000000,3.43,3.43,3.38,3.42,0,0
CAP_PB,D,20170731,000000,3.43,3.43,3.33,3.35,0,0
CAP_PB,D,20170801,000000,3.34,3.37,3.34,3.34,0,0
CAP_PB,D,20170802,000000,3.34,3.34,3.33,3.33,0,0
CAP_PB,D,20170803,000000,3.34,3.43,3.33,3.39,0,0
CAP_PB,D,20170804,000000,3.39,3.4,3.35,3.38,0,0
CAP_PB,D,20170807,000000,3.37,3.38,3.37,3.38,0,0
CAP_PB,D,20170808,000000,3.38,3.43,3.36,3.37,0,0
CAP_PB,D,20170809,000000,3.38,3.42,3.35,3.4,0,0
CAP_PB,D,20170810,000000,3.39,3.39,3.34,3.39,0,0
CAP_PB,D,20170811,000000,3.37,3.42,3.37,3.41,0,0
CAP_PB,D,20170814,000000,3.41,3.47,3.41,3.45,0,0
CAP_PB,D,20170816,000000,3.45,3.49,3.45,3.47,0,0
CAP_PB,D,20170817,000000,3.48,3.52,3.47,3.49,0,0
CAP_PB,D,20170818,000000,3.52,3.54,3.45,3.54,0,0
CAP_PB,D,20170821,000000,3.54,3.98,3.54,3.74,0,0
CAP_PB,D,20170822,000000,3.98,3.98,3.85,3.92,0,0
CAP_PB,D,20170823,000000,3.94,4.12,3.94,4.06,0,0
CAP_PB,D,20170824,000000,4.12,4.12,3.89,3.94,0,0
CAP_PB,D,20170825,000000,4.04,4.08,4.03,4.06,0,0
CAP_PB,D,20170828,000000,4.08,4.12,4.06,4.07,0,0
CAP_PB,D,20170829,000000,4.07,4.13,4.07,4.08,0,0
CAP_PB,D,20170830,000000,4.13,4.13,4.07,4.1,0,0
CAP_PB,D,20170831,000000,4.13,4.25,4.11,4.23,0,0
CAP_PB,D,20170901,000000,4.27,4.56,4.24,4.37,0,0
CAP_PB,D,20170904,000000,4.52,4.68,4.39,4.64,0,0
CAP_PB,D,20170905,000000,4.7,5.15,4.7,4.9,0,0
CAP_PB,D,20170906,000000,4.99,4.99,4.7,4.74,0,0
CAP_PB,D,20170907,000000,4.7,4.84,4.48,4.57,0,0
CAP_PB,D,20170908,000000,4.55,4.75,4.52,4.63,0,0
CAP_PB,D,20170911,000000,4.89,4.89,4.68,4.7,0,0
CAP_PB,D,20170912,000000,4.74,4.74,4.63,4.63,0,0
CAP_PB,D,20170913,000000,4.64,4.71,4.61,4.61,0,0
CAP_PB,D,20170914,000000,4.69,4.69,4.57,4.62,0,0
CAP_PB,D,20170915,000000,4.66,4.7,4.59,4.63,0,0
CAP_PB,D,20170918,000000,4.7,4.81,4.7,4.74,0,0
CAP_PB,D,20170919,000000,4.75,4.75,4.6,4.72,0,0
CAP_PB,D,20170920,000000,4.7,4.7,4.19,4.19,0,0
CAP_PB,D,20170921,000000,4.19,4.19,4.1,4.11,0,0
CAP_PB,D,20170922,000000,4.07,4.12,4.02,4.1,0,0
CAP_PB,D,20170925,000000,4.1,4.18,4.1,4.11,0,0
CAP_PB,D,20170926,000000,4.11,4.15,4.1,4.13,0,0
CAP_PB,D,20170927,000000,4.11,4.15,4.1,4.1,0,0
CAP_PB,D,20170928,000000,4.1,4.1,4.1,4.1,0,0
CAP_PB,D,20170929,000000,4.14,4.14,4.14,4.14,0,0
CAP_PB,D,20171002,000000,4.18,4.34,4.18,4.34,0,0
CAP_PB,D,20171003,000000,4.35,4.46,4.35,4.46,0,0
CAP_PB,D,20171004,000000,4.51,4.58,4.46,4.48,0,0
CAP_PB,D,20171005,000000,4.49,4.49,4.35,4.42,0,0
CAP_PB,D,20171006,000000,4.44,4.47,4.35,4.43,0,0
CAP_PB,D,20171009,000000,4.43,4.43,4.33,4.33,0,0
CAP_PB,D,20171010,000000,4.28,4.29,4.21,4.25,0,0
CAP_PB,D,20171011,000000,4.21,4.35,4.14,4.28,0,0
CAP_PB,D,20171012,000000,4.27,4.31,4.21,4.25,0,0
CAP_PB,D,20171013,000000,4.23,4.28,4.18,4.19,0,0
CAP_PB,D,20171016,000000,4.27,4.27,4.13,4.15,0,0
CAP_PB,D,20171017,000000,4.23,4.23,4.1,4.11,0,0
CAP_PB,D,20171018,000000,4.1,4.18,4.1,4.13,0,0
CAP_PB,D,20171019,000000,4.15,4.15,3.89,3.96,0,0
CAP_PB,D,20171020,000000,4,4.05,3.79,3.86,0,0
CAP_PB,D,20171023,000000,4.01,4.01,3.26,3.26,0,0
CAP_PB,D,20171024,000000,3.25,3.25,2.93,3.09,0,0
CAP_PB,D,20171025,000000,3.09,3.25,3.09,3.18,0,0
CAP_PB,D,20171026,000000,3.25,3.25,3.21,3.22,0,0
CAP_PB,D,20171027,000000,3.29,3.29,3.21,3.23,0,0
CAP_PB,D,20171030,000000,3.29,4.19,3.23,4.19,0,0
CAP_PB,D,20171031,000000,4.2,4.24,4.18,4.24,0,0
CAP_PB,D,20171102,000000,4.37,4.37,4.27,4.27,0,0
CAP_PB,D,20171103,000000,4.33,4.33,4.3,4.31,0,0
CAP_PB,D,20171106,000000,4.35,4.43,4.35,4.4,0,0
CAP_PB,D,20171107,000000,4.43,4.46,4.4,4.41,0,0
CAP_PB,D,20171108,000000,4.41,4.41,4.32,4.37,0,0
CAP_PB,D,20171109,000000,4.41,4.41,4.36,4.37,0,0
CAP_PB,D,20171110,000000,4.31,4.35,4.24,4.29,0,0
CAP_PB,D,20171113,000000,4.24,4.24,4.1,4.17,0,0
CAP_PB,D,20171114,000000,4.17,4.17,4.08,4.17,0,0
CAP_PB,D,20171115,000000,4.13,4.17,4.09,4.13,0,0
CAP_PB,D,20171116,000000,4.15,4.24,4.09,4.18,0,0
CAP_PB,D,20171117,000000,4.29,4.29,4.18,4.22,0,0
CAP_PB,D,20171120,000000,4.23,4.23,4.16,4.2,0,0
CAP_PB,D,20171121,000000,4.19,4.2,4.13,4.15,0,0
CAP_PB,D,20171122,000000,4.22,4.22,4.07,4.13,0,0
CAP_PB,D,20171123,000000,4.15,4.15,4.1,4.12,0,0
CAP_PB,D,20171124,000000,4.11,4.11,4.07,4.1,0,0
CAP_PB,D,20171127,000000,4.1,4.11,4.02,4.06,0,0
CAP_PB,D,20171128,000000,4.06,4.06,3.98,4.01,0,0
CAP_PB,D,20171129,000000,4.05,4.11,4.04,4.06,0,0
CAP_PB,D,20171130,000000,4.07,4.18,4.01,4.11,0,0
CAP_PB,D,20171201,000000,4.13,4.13,4.02,4.06,0,0
CAP_PB,D,20171204,000000,4.04,4.06,4.02,4.05,0,0
CAP_PB,D,20171205,000000,4.02,4.02,3.99,4.01,0,0
CAP_PB,D,20171206,000000,4.02,4.02,3.84,3.97,0,0
CAP_PB,D,20171207,000000,4.01,4.04,4.01,4.03,0,0
CAP_PB,D,20171208,000000,4.04,4.04,4.01,4.02,0,0
CAP_PB,D,20171211,000000,4.04,4.04,3.94,4.01,0,0
CAP_PB,D,20171212,000000,4.04,4.04,3.96,3.97,0,0
CAP_PB,D,20171213,000000,4.01,4.01,3.87,3.87,0,0
CAP_PB,D,20171214,000000,3.83,3.92,3.83,3.83,0,0
CAP_PB,D,20171215,000000,3.88,3.88,3.55,3.59,0,0
CAP_PB,D,20171218,000000,3.67,3.67,3.41,3.46,0,0
CAP_PB,D,20171219,000000,3.48,3.48,3.32,3.32,0,0
CAP_PB,D,20171220,000000,3.35,3.35,3.19,3.27,0,0
CAP_PB,D,20171221,000000,3.23,3.48,3.2,3.3,0,0
CAP_PB,D,20171222,000000,3.32,3.39,3.3,3.35,0,0
CAP_PB,D,20171227,000000,3.35,3.4,3.27,3.3,0,0
CAP_PB,D,20171228,000000,3.3,3.33,3.27,3.27,0,0
CAP_PB,D,20171229,000000,3.33,3.33,3.25,3.25,0,0
CAP_PB,D,20180103,000000,3.28,3.28,3.25,3.27,0,0
CAP_PB,D,20180104,000000,3.32,3.33,3.3,3.31,0,0
CAP_PB,D,20180105,000000,3.32,3.48,3.31,3.45,0,0
CAP_PB,D,20180108,000000,3.51,3.62,3.51,3.54,0,0
CAP_PB,D,20180109,000000,3.59,3.59,3.4,3.4,0,0
CAP_PB,D,20180110,000000,3.41,3.41,3.3,3.3,0,0
CAP_PB,D,20180111,000000,3.35,3.35,3.14,3.18,0,0
CAP_PB,D,20180112,000000,3.18,3.26,3.16,3.23,0,0
CAP_PB,D,20180115,000000,3.27,3.38,3.25,3.35,0,0
CAP_PB,D,20180116,000000,3.45,3.55,3.37,3.39,0,0
CAP_PB,D,20180117,000000,3.44,3.44,3.34,3.4,0,0
CAP_PB,D,20180118,000000,3.4,3.42,3.36,3.42,0,0
CAP_PB,D,20180119,000000,3.42,3.42,3.36,3.37,0,0
CAP_PB,D,20180122,000000,3.38,3.41,3.3,3.36,0,0
CAP_PB,D,20180123,000000,3.35,3.35,3.29,3.31,0,0
CAP_PB,D,20180124,000000,3.31,3.42,3.3,3.37,0,0
CAP_PB,D,20180125,000000,3.41,3.42,3.35,3.35,0,0
CAP_PB,D,20180126,000000,3.39,3.39,3.32,3.35,0,0
CAP_PB,D,20180129,000000,3.36,3.37,3.32,3.33,0,0
CAP_PB,D,20180130,000000,3.32,3.32,3.27,3.27,0,0
CAP_PB,D,20180131,000000,3.24,3.25,3.23,3.25,0,0
CAP_PB,D,20180201,000000,3.27,3.27,3.19,3.19,0,0
CAP_PB,D,20180202,000000,3.2,3.22,3.17,3.2,0,0
CAP_PB,D,20180205,000000,3.16,3.16,3.05,3.09,0,0
CAP_PB,D,20180206,000000,2.95,3,2.83,3,0,0
CAP_PB,D,20180207,000000,3.09,3.09,2.97,3.02,0,0
CAP_PB,D,20180208,000000,3.02,3.05,2.79,2.79,0,0
CAP_PB,D,20180209,000000,2.72,2.79,2.68,2.75,0,0
CAP_PB,D,20180212,000000,2.81,3.08,2.81,3.08,0,0
CAP_PB,D,20180213,000000,3.09,3.22,3.02,3.07,0,0
CAP_PB,D,20180214,000000,3.04,3.1,2.93,2.97,0,0
CAP_PB,D,20180215,000000,2.98,2.98,2.9,2.9,0,0
CAP_PB,D,20180216,000000,2.95,2.96,2.9,2.91,0,0
CAP_PB,D,20180219,000000,2.91,2.97,2.85,2.93,0,0
CAP_PB,D,20180220,000000,2.96,2.96,2.86,2.89,0,0
CAP_PB,D,20180221,000000,2.88,2.89,2.76,2.82,0,0
CAP_PB,D,20180222,000000,2.79,2.79,2.74,2.77,0,0
CAP_PB,D,20180223,000000,2.81,2.88,2.74,2.86,0,0
CAP_PB,D,20180226,000000,2.9,2.94,2.77,2.78,0,0
CAP_PB,D,20180227,000000,2.78,2.83,2.75,2.82,0,0
CAP_PB,D,20180228,000000,2.8,2.82,2.74,2.74,0,0
CAP_PB,D,20180301,000000,2.75,2.87,2.75,2.87,0,0
CAP_PB,D,20180302,000000,2.61,2.61,2.29,2.29,0,0
CAP_PB,D,20180305,000000,2.26,2.26,2.01,2.08,0,0
CAP_PB,D,20180306,000000,2.11,2.15,2.05,2.07,0,0
CAP_PB,D,20180307,000000,2.11,2.15,2.07,2.08,0,0
CAP_PB,D,20180308,000000,2.08,2.08,2,2.01,0,0
CAP_PB,D,20180309,000000,1.99,1.99,1.92,1.97,0,0
CAP_PB,D,20180312,000000,1.99,2.02,1.91,1.92,0,0
CAP_PB,D,20180313,000000,2.03,2.03,1.86,1.87,0,0
CAP_PB,D,20180314,000000,1.91,1.99,1.81,1.94,0,0
CAP_PB,D,20180315,000000,1.94,1.96,1.84,1.85,0,0
CAP_PB,D,20180316,000000,1.84,1.84,1.77,1.77,0,0
CAP_PB,D,20180319,000000,1.8,1.8,1.66,1.66,0,0
CAP_PB,D,20180320,000000,1.66,1.66,1.57,1.57,0,0
CAP_PB,D,20180321,000000,1.6,1.6,1.54,1.57,0,0
CAP_PB,D,20180322,000000,1.61,1.76,1.55,1.55,0,0
CAP_PB,D,20180323,000000,1.54,1.75,1.54,1.75,0,0
CAP_PB,D,20180326,000000,1.79,1.89,1.77,1.77,0,0
CAP_PB,D,20180327,000000,1.79,1.79,1.54,1.66,0,0
CAP_PB,D,20180328,000000,1.66,1.66,1.3,1.31,0,0
CAP_PB,D,20180329,000000,1.32,1.49,1.11,1.29,0,0
CAP_PB,D,20180403,000000,1.27,1.29,1.03,1.03,0,0
CAP_PB,D,20180404,000000,1.02,1.19,0.94,1.07,0,0
CAP_PB,D,20180405,000000,1.13,1.13,1.07,1.11,0,0
CAP_PB,D,20180406,000000,1.11,1.12,1.03,1.05,0,0
CAP_PB,D,20180409,000000,1.03,1.07,1,1,0,0
CAP_PB,D,20180410,000000,1.01,1.12,1.01,1.06,0,0
CAP_PB,D,20180411,000000,1.08,1.1,1.02,1.02,0,0
CAP_PB,D,20180412,000000,1.01,1.01,0.93,0.94,0,0
CAP_PB,D,20180413,000000,0.95,0.95,0.79,0.8,0,0
CAP_PB,D,20180416,000000,0.73,0.73,0.66,0.66,0,0
CAP_PB,D,20231002,000000,1.263,1.263,1.135,1.135,0,0
CAP_PB,D,20231003,000000,0.815,1.135,0.815,0.911,0,0
CAP_PB,D,20231004,000000,0.889,0.889,0.889,0.889,0,0
CAP_PB,D,20231005,000000,0.889,1.018,0.889,1.018,0,0
CAP_PB,D,20231006,000000,1.429,1.429,1.429,1.429,0,0
CAP_PB,D,20231009,000000,1.75,1.75,1.429,1.75,0,0
CAP_PB,D,20231010,000000,1.482,1.572,1.482,1.572,0,0
CAP_PB,D,20231011,000000,1.456,1.572,1.456,1.572,0,0
CAP_PB,D,20231012,000000,1.572,1.572,1.572,1.572,0,0
CAP_PB,D,20231013,000000,1.509,1.509,1.429,1.429,0,0
CAP_PB,D,20231016,000000,1.313,1.313,1.286,1.286,0,0
CAP_PB,D,20231017,000000,1.215,1.215,1.215,1.215,0,0
CAP_PB,D,20231018,000000,1.17,1.17,1.098,1.098,0,0
CAP_PB,D,20231019,000000,1.036,1.036,0.973,0.973,0,0
CAP_PB,D,20231020,000000,1.009,1.036,1.009,1.036,0,0
CAP_PB,D,20231023,000000,1.036,1.036,0.938,0.938,0,0
CAP_PB,D,20231024,000000,0.982,0.982,0.982,0.982,0,0
CAP_PB,D,20231025,000000,0.982,0.982,0.911,0.911,0,0
CAP_PB,D,20231026,000000,0.947,0.982,0.947,0.982,0,0
CAP_PB,D,20231027,000000,1,1.018,1,1.018,0,0
CAP_PB,D,20231030,000000,1.045,1.045,1,1,0,0
CAP_PB,D,20231031,000000,1,1,1,1,0,0
CAP_PB,D,20231102,000000,0.982,1,0.982,0.982,0,0
CAP_PB,D,20231103,000000,1,1,0.964,0.964,0,0
CAP_PB,D,20231106,000000,0.938,0.938,0.938,0.938,0,0
CAP_PB,D,20231107,000000,0.956,0.982,0.956,0.982,0,0
CAP_PB,D,20231108,000000,1,1.036,1,1.036,0,0
CAP_PB,D,20231109,000000,1.045,1.045,1.027,1.027,0,0
CAP_PB,D,20231110,000000,1,1,0.982,0.982,0,0
CAP_PB,D,20231113,000000,0.938,0.938,0.929,0.929,0,0
CAP_PB,D,20231114,000000,0.893,0.92,0.893,0.92,0,0
CAP_PB,D,20231115,000000,0.929,0.929,0.929,0.929,0,0
CAP_PB,D,20231116,000000,0.947,0.947,0.947,0.947,0,0
CAP_PB,D,20231117,000000,0.911,0.92,0.911,0.92,0,0
CAP_PB,D,20231120,000000,0.902,0.902,0.902,0.902,0,0
CAP_PB,D,20231121,000000,0.893,0.893,0.889,0.889,0,0
CAP_PB,D,20231122,000000,0.893,0.893,0.893,0.893,0,0
CAP_PB,D,20231123,000000,0.893,0.893,0.893,0.893,0,0
CAP_PB,D,20231124,000000,0.893,0.893,0.886,0.886,0,0
CAP_PB,D,20231127,000000,0.886,0.886,0.886,0.886,0,0
CAP_PB,D,20231128,000000,0.882,0.886,0.882,0.886,0,0
CAP_PB,D,20231129,000000,0.875,0.875,0.875,0.875,0,0
CAP_PB,D,20231130,000000,0.875,0.875,0.875,0.875,0,0
CAP_PB,D,20231201,000000,0.861,0.875,0.643,0.643,0,0
CAP_PB,D,20231204,000000,0.632,0.632,0.632,0.632,0,0
CAP_PB,D,20231205,000000,0.632,0.632,0.629,0.629,0,0
CAP_PB,D,20231206,000000,0.632,0.632,0.632,0.632,0,0
CAP_PB,D,20231207,000000,0.632,0.632,0.629,0.629,0,0
CAP_PB,D,20231208,000000,0.619,0.619,0.619,0.619,0,0
CAP_PB,D,20231211,000000,0.603,0.603,0.587,0.587,0,0
CAP_PB,D,20231212,000000,0.579,0.579,0.571,0.571,0,0
CAP_PB,D,20231213,000000,0.571,0.592,0.571,0.592,0,0
CAP_PB,D,20231214,000000,0.606,0.606,0.606,0.606,0,0
CAP_PB,D,20231215,000000,0.606,0.606,0.606,0.606,0,0
CAP_PB,D,20231218,000000,0.606,0.606,0.598,0.598,0,0
CAP_PB,D,20231219,000000,0.587,0.603,0.587,0.603,0,0
CAP_PB,D,20231220,000000,0.603,0.603,0.587,0.587,0,0
CAP_PB,D,20231221,000000,0.598,0.608,0.598,0.608,0,0
CAP_PB,D,20231222,000000,0.685,0.704,0.608,0.704,0,0
CAP_PB,D,20231227,000000,0.882,0.882,0.869,0.869,0,0
CAP_PB,D,20231228,000000,0.948,1.014,0.948,1.014,0,0
CAP_PB,D,20231229,000000,1.053,1.053,1.053,1.053,0,0
CAP_PB,D,20240102,000000,1.04,1.053,0.974,0.994,0,0
CAP_PB,D,20240103,000000,0.968,0.981,0.876,0.915,0,0
CAP_PB,D,20240104,000000,0.935,0.955,0.882,0.955,0,0
CAP_PB,D,20240105,000000,0.955,0.955,0.902,0.928,0,0
CAP_PB,D,20240108,000000,0.935,0.974,0.895,0.961,0,0
CAP_PB,D,20240109,000000,0.961,0.974,0.922,0.941,0,0
CAP_PB,D,20240110,000000,0.922,0.922,0.889,0.902,0,0
CAP_PB,D,20240111,000000,0.922,0.974,0.922,0.968,0,0
CAP_PB,D,20240112,000000,0.961,0.968,0.908,0.922,0,0
CAP_PB,D,20240115,000000,0.908,0.908,0.849,0.849,0,0
CAP_PB,D,20240116,000000,0.843,0.849,0.829,0.849,0,0
CAP_PB,D,20240117,000000,0.829,0.849,0.816,0.829,0,0
CAP_PB,D,20240118,000000,0.816,0.836,0.79,0.816,0,0
CAP_PB,D,20240119,000000,0.81,0.829,0.757,0.777,0,0
CAP_PB,D,20240122,000000,0.79,0.803,0.764,0.79,0,0
CAP_PB,D,20240123,000000,0.777,0.803,0.777,0.797,0,0
CAP_PB,D,20240124,000000,0.79,0.803,0.764,0.77,0,0
CAP_PB,D,20240125,000000,0.79,0.829,0.764,0.81,0,0
CAP_PB,D,20240126,000000,0.79,0.829,0.79,0.829,0,0
CAP_PB,D,20240129,000000,0.81,0.829,0.803,0.829,0,0
CAP_PB,D,20240130,000000,0.829,0.836,0.803,0.836,0,0
CAP_PB,D,20240131,000000,0.816,0.882,0.816,0.869,0,0
CAP_PB,D,20240201,000000,0.869,0.876,0.843,0.856,0,0
CAP_PB,D,20240202,000000,0.843,0.862,0.816,0.836,0,0
CAP_PB,D,20240205,000000,0.849,0.849,0.79,0.803,0,0
CAP_PB,D,20240206,000000,0.79,0.803,0.777,0.797,0,0
CAP_PB,D,20240207,000000,0.803,0.81,0.797,0.803,0,0
CAP_PB,D,20240208,000000,0.79,0.79,0.764,0.783,0,0
CAP_PB,D,20240209,000000,0.783,0.783,0.744,0.75,0,0
CAP_PB,D,20240212,000000,0.75,0.75,0.724,0.737,0,0
CAP_PB,D,20240213,000000,0.724,0.829,0.724,0.81,0,0
CAP_PB,D,20240214,000000,0.816,0.816,0.744,0.764,0,0
CAP_PB,D,20240215,000000,0.75,0.77,0.744,0.764,0,0
CAP_PB,D,20240216,000000,0.75,0.77,0.75,0.77,0,0
CAP_PB,D,20240219,000000,0.764,0.764,0.737,0.75,0,0
CAP_PB,D,20240220,000000,0.764,0.797,0.75,0.777,0,0
CAP_PB,D,20240221,000000,0.79,0.79,0.764,0.764,0,0
CAP_PB,D,20240222,000000,0.783,0.816,0.764,0.81,0,0
CAP_PB,D,20240223,000000,0.797,0.829,0.79,0.816,0,0
CAP_PB,D,20240226,000000,0.829,0.829,0.797,0.81,0,0
CAP_PB,D,20240227,000000,0.81,0.81,0.79,0.81,0,0
CAP_PB,D,20240228,000000,0.81,0.81,0.797,0.803,0,0
CAP_PB,D,20240229,000000,0.797,0.803,0.777,0.79,0,0
CAP_PB,D,20240301,000000,0.777,0.797,0.764,0.783,0,0
CAP_PB,D,20240304,000000,0.757,0.777,0.737,0.744,0,0
CAP_PB,D,20240305,000000,0.744,0.75,0.737,0.75,0,0
CAP_PB,D,20240306,000000,0.75,0.75,0.731,0.75,0,0
CAP_PB,D,20240307,000000,0.731,0.75,0.731,0.75,0,0
CAP_PB,D,20240308,000000,0.75,0.75,0.724,0.737,0,0
CAP_PB,D,20240311,000000,0.737,0.744,0.711,0.731,0,0
CAP_PB,D,20240312,000000,0.731,0.843,0.724,0.843,0,0
CAP_PB,D,20240313,000000,0.843,1.119,0.843,1.08,0,0
CAP_PB,D,20240314,000000,1.08,1.132,0.948,0.948,0,0
CAP_PB,D,20240315,000000,0.941,0.974,0.902,0.935,0,0
CAP_PB,D,20240318,000000,0.928,0.948,0.902,0.915,0,0
CAP_PB,D,20240319,000000,0.915,0.922,0.862,0.876,0,0
CAP_PB,D,20240320,000000,0.876,0.915,0.862,0.895,0,0
CAP_PB,D,20240321,000000,0.895,0.908,0.876,0.908,0,0
CAP_PB,D,20240322,000000,0.889,0.928,0.869,0.895,0,0
CAP_PB,D,20240325,000000,0.895,0.895,0.869,0.882,0,0
CAP_PB,D,20240326,000000,0.882,0.922,0.882,0.895,0,0
CAP_PB,D,20240327,000000,0.876,0.895,0.869,0.876,0,0
CAP_PB,D,20240328,000000,0.876,0.935,0.876,0.922,0,0
CAP_PB,D,20240402,000000,0.922,0.945,0.895,0.908,0,0
CAP_PB,D,20240403,000000,0.916,0.919,0.832,0.856,0,0
CAP_PB,D,20240404,000000,0.856,0.858,0.84,0.848,0,0
CAP_PB,D,20240405,000000,0.848,0.848,0.829,0.843,0,0
CAP_PB,D,20240408,000000,0.845,0.851,0.829,0.843,0,0
CAP_PB,D,20240409,000000,0.845,0.845,0.829,0.843,0,0
CAP_PB,D,20240410,000000,0.843,0.843,0.816,0.816,0,0
CAP_PB,D,20240411,000000,0.816,0.824,0.766,0.803,0,0
CAP_PB,D,20240412,000000,0.803,0.803,0.787,0.79,0,0
CAP_PB,D,20240415,000000,0.787,0.803,0.777,0.79,0,0
CAP_PB,D,20240416,000000,0.779,0.787,0.761,0.764,0,0
CAP_PB,D,20240417,000000,0.74,0.782,0.74,0.764,0,0
CAP_PB,D,20240418,000000,0.764,0.793,0.764,0.777,0,0
CAP_PB,D,20240419,000000,0.777,0.777,0.753,0.769,0,0
CAP_PB,D,20240422,000000,0.764,0.769,0.753,0.764,0,0
CAP_PB,D,20240423,000000,0.761,0.787,0.758,0.764,0,0
CAP_PB,D,20240424,000000,0.766,0.772,0.761,0.764,0,0
CAP_PB,D,20240425,000000,0.772,0.772,0.753,0.758,0,0
CAP_PB,D,20240426,000000,0.761,0.761,0.748,0.748,0,0
CAP_PB,D,20240429,000000,0.75,0.772,0.75,0.772,0,0
CAP_PB,D,20240430,000000,0.772,0.772,0.748,0.758,0,0
CAP_PB,D,20240502,000000,0.764,0.766,0.748,0.75,0,0
CAP_PB,D,20240506,000000,0.75,0.75,0.493,0.493,0,0
CAP_PB,D,20240507,000000,0.489,0.493,0.488,0.493,0,0
CAP_PB,D,20240508,000000,0.488,0.489,0.474,0.476,0,0
CAP_PB,D,20240509,000000,0.476,0.477,0.472,0.474,0,0
CAP_PB,D,20240510,000000,0.474,0.477,0.47,0.476,0,0
CAP_PB,D,20240513,000000,0.476,0.476,0.47,0.476,0,0
CAP_PB,D,20240514,000000,0.47,0.476,0.47,0.47,0,0
CAP_PB,D,20240515,000000,0.476,0.476,0.472,0.474,0,0
CAP_PB,D,20240516,000000,0.474,0.483,0.47,0.476,0,0
CAP_PB,D,20240517,000000,0.474,0.481,0.474,0.476,0,0
CAP_PB,D,20240520,000000,0.477,0.479,0.472,0.476,0,0
CAP_PB,D,20240521,000000,0.476,0.481,0.474,0.476,0,0
CAP_PB,D,20240522,000000,0.472,0.479,0.472,0.476,0,0
CAP_PB,D,20240523,000000,0.474,0.477,0.47,0.477,0,0
CAP_PB,D,20240524,000000,0.476,0.514,0.476,0.512,0,0
CAP_PB,D,20240527,000000,0.515,0.54,0.515,0.534,0,0
CAP_PB,D,20240528,000000,0.526,0.526,0.461,0.461,0,0
CAP_PB,D,20240529,000000,0.456,0.456,0.443,0.453,0,0
CAP_PB,D,20240531,000000,0.448,0.453,0.439,0.446,0,0
CAP_PB,D,20240603,000000,0.448,0.451,0.44,0.446,0,0
CAP_PB,D,20240604,000000,0.45,0.45,0.439,0.445,0,0
CAP_PB,D,20240605,000000,0.446,0.45,0.443,0.445,0,0
CAP_PB,D,20240606,000000,0.446,0.448,0.434,0.442,0,0
CAP_PB,D,20240607,000000,0.431,0.442,0.423,0.423,0,0
CAP_PB,D,20240610,000000,0.423,0.429,0.417,0.421,0,0
CAP_PB,D,20240611,000000,0.421,0.426,0.413,0.426,0,0
CAP_PB,D,20240612,000000,0.426,0.426,0.417,0.423,0,0
CAP_PB,D,20240613,000000,0.418,0.421,0.413,0.417,0,0
CAP_PB,D,20240614,000000,0.417,0.424,0.41,0.418,0,0
CAP_PB,D,20240617,000000,0.417,0.417,0.398,0.41,0,0
CAP_PB,D,20240618,000000,0.41,0.417,0.404,0.412,0,0
CAP_PB,D,20240619,000000,0.412,0.412,0.399,0.41,0,0
CAP_PB,D,20240620,000000,0.412,0.415,0.402,0.415,0,0
CAP_PB,D,20240621,000000,0.41,0.415,0.405,0.415,0,0
CAP_PB,D,20240624,000000,0.42,0.432,0.41,0.432,0,0
CAP_PB,D,20240625,000000,0.432,0.454,0.432,0.445,0,0
CAP_PB,D,20240626,000000,0.446,0.448,0.426,0.432,0,0
CAP_PB,D,20240627,000000,0.434,0.434,0.41,0.418,0,0
CAP_PB,D,20240628,000000,0.428,0.434,0.426,0.432,0,0
CAP_PB,D,20240701,000000,0.431,0.431,0.413,0.424,0,0
CAP_PB,D,20240702,000000,0.424,0.426,0.41,0.418,0,0
CAP_PB,D,20240703,000000,0.415,0.431,0.412,0.426,0,0
CAP_PB,D,20240704,000000,0.426,0.431,0.418,0.428,0,0
CAP_PB,D,20240705,000000,0.423,0.44,0.42,0.44,0,0
CAP_PB,D,20240708,000000,0.44,0.443,0.424,0.431,0,0
CAP_PB,D,20240709,000000,0.432,0.432,0.423,0.426,0,0
CAP_PB,D,20240710,000000,0.42,0.434,0.42,0.431,0,0
CAP_PB,D,20240711,000000,0.426,0.434,0.41,0.418,0,0
CAP_PB,D,20240712,000000,0.418,0.424,0.41,0.418,0,0
CAP_PB,D,20240715,000000,0.418,0.418,0.405,0.413,0,0
CAP_PB,D,20240716,000000,0.413,0.415,0.394,0.398,0,0
CAP_PB,D,20240717,000000,0.398,0.402,0.39,0.394,0,0
CAP_PB,D,20240718,000000,0.402,0.405,0.394,0.399,0,0
CAP_PB,D,20240719,000000,0.399,0.401,0.394,0.401,0,0
CAP_PB,D,20240722,000000,0.405,0.405,0.387,0.399,0,0
CAP_PB,D,20240723,000000,0.391,0.398,0.391,0.398,0,0
CAP_PB,D,20240724,000000,0.398,0.398,0.39,0.396,0,0
CAP_PB,D,20240725,000000,0.394,0.396,0.39,0.396,0,0
CAP_PB,D,20240726,000000,0.394,0.394,0.388,0.392,0,0
CAP_PB,D,20240729,000000,0.392,0.41,0.392,0.404,0,0
CAP_PB,D,20240730,000000,0.405,0.409,0.393,0.399,0,0
CAP_PB,D,20240731,000000,0.394,0.402,0.39,0.398,0,0
CAP_PB,D,20240801,000000,0.394,0.401,0.391,0.399,0,0
CAP_PB,D,20240802,000000,0.392,0.399,0.392,0.398,0,0
CAP_PB,D,20240805,000000,0.387,0.387,0.364,0.373,0,0
CAP_PB,D,20240806,000000,0.388,0.388,0.372,0.375,0,0
CAP_PB,D,20240807,000000,0.379,0.379,0.371,0.371,0,0
CAP_PB,D,20240808,000000,0.38,0.38,0.355,0.371,0,0
CAP_PB,D,20240809,000000,0.368,0.377,0.363,0.368,0,0
CAP_PB,D,20240812,000000,0.365,0.365,0.36,0.361,0,0
CAP_PB,D,20240813,000000,0.361,0.368,0.355,0.355,0,0
CAP_PB,D,20240814,000000,0.362,0.362,0.35,0.353,0,0
CAP_PB,D,20240816,000000,0.353,0.358,0.352,0.352,0,0
CAP_PB,D,20240819,000000,0.355,0.361,0.353,0.355,0,0
CAP_PB,D,20240820,000000,0.352,0.362,0.352,0.36,0,0
CAP_PB,D,20240821,000000,0.36,0.36,0.353,0.355,0,0
CAP_PB,D,20240822,000000,0.356,0.356,0.349,0.355,0,0
CAP_PB,D,20240823,000000,0.356,0.36,0.352,0.36,0,0
CAP_PB,D,20240826,000000,0.357,0.361,0.353,0.355,0,0
CAP_PB,D,20240827,000000,0.36,0.36,0.351,0.359,0,0
CAP_PB,D,20240828,000000,0.359,0.383,0.357,0.371,0,0
CAP_PB,D,20240829,000000,0.376,0.387,0.375,0.387,0,0
CAP_PB,D,20240830,000000,0.394,0.431,0.394,0.424,0,0
CAP_PB,D,20240902,000000,0.424,0.426,0.41,0.426,0,0
CAP_PB,D,20240903,000000,0.42,0.424,0.409,0.417,0,0
CAP_PB,D,20240904,000000,0.41,0.418,0.396,0.41,0,0
CAP_PB,D,20240905,000000,0.41,0.418,0.399,0.41,0,0
CAP_PB,D,20240906,000000,0.41,0.413,0.398,0.413,0,0
CAP_PB,D,20240909,000000,0.409,0.409,0.38,0.402,0,0
CAP_PB,D,20240910,000000,0.394,0.402,0.388,0.399,0,0
CAP_PB,D,20240911,000000,0.399,0.401,0.387,0.393,0,0
CAP_PB,D,20240912,000000,0.393,0.404,0.387,0.404,0,0
CAP_PB,D,20240913,000000,0.405,0.405,0.394,0.405,0,0
CAP_PB,D,20240916,000000,0.404,0.409,0.398,0.407,0,0
CAP_PB,D,20240917,000000,0.409,0.409,0.394,0.405,0,0
CAP_PB,D,20240918,000000,0.398,0.404,0.39,0.394,0,0
CAP_PB,D,20240919,000000,0.394,0.399,0.384,0.39,0,0
CAP_PB,D,20240920,000000,0.39,0.394,0.39,0.394,0,0
CAP_PB,D,20240923,000000,0.39,0.394,0.39,0.394,0,0
CAP_PB,D,20240924,000000,0.394,0.394,0.371,0.371,0,0
CAP_PB,D,20240925,000000,0.383,0.384,0.375,0.383,0,0
CAP_PB,D,20240926,000000,0.383,0.383,0.366,0.376,0,0
CAP_PB,D,20240927,000000,0.367,0.382,0.365,0.378,0,0
CAP_PB,D,20240930,000000,0.378,0.381,0.321,0.321,0,0
CAP_PB,D,20241001,000000,0.321,0.322,0.316,0.322,0,0
CAP_PB,D,20241002,000000,0.314,0.322,0.314,0.321,0,0
CAP_PB,D,20241003,000000,0.322,0.322,0.315,0.322,0,0
CAP_PB,D,20241004,000000,0.317,0.322,0.315,0.322,0,0
CAP_PB,D,20241007,000000,0.313,0.322,0.311,0.315,0,0
CAP_PB,D,20241008,000000,0.315,0.322,0.311,0.32,0,0
CAP_PB,D,20241009,000000,0.311,0.322,0.31,0.322,0,0
CAP_PB,D,20241010,000000,0.321,0.321,0.309,0.309,0,0
CAP_PB,D,20241011,000000,0.308,0.309,0.303,0.309,0,0
CAP_PB,D,20241014,000000,0.309,0.313,0.304,0.309,0,0
CAP_PB,D,20241015,000000,0.309,0.336,0.308,0.335,0,0
CAP_PB,D,20241016,000000,0.332,0.335,0.31,0.315,0,0
CAP_PB,D,20241017,000000,0.309,0.315,0.302,0.309,0,0
CAP_PB,D,20241018,000000,0.312,0.314,0.305,0.314,0,0
CAP_PB,D,20241021,000000,0.309,0.314,0.309,0.313,0,0
CAP_PB,D,20241022,000000,0.313,0.315,0.309,0.315,0,0
CAP_PB,D,20241023,000000,0.315,0.315,0.305,0.313,0,0
CAP_PB,D,20241024,000000,0.313,0.314,0.309,0.311,0,0
CAP_PB,D,20241025,000000,0.311,0.313,0.306,0.312,0,0
CAP_PB,D,20241028,000000,0.312,0.313,0.307,0.307,0,0
CAP_PB,D,20241029,000000,0.307,0.313,0.305,0.309,0,0
CAP_PB,D,20241030,000000,0.309,0.309,0.306,0.307,0,0
CAP_PB,D,20241031,000000,0.306,0.308,0.305,0.307,0,0
CAP_PB,D,20241104,000000,0.309,0.309,0.302,0.307,0,0
CAP_PB,D,20241105,000000,0.307,0.309,0.303,0.308,0,0
CAP_PB,D,20241106,000000,0.309,0.309,0.303,0.303,0,0
CAP_PB,D,20241107,000000,0.303,0.309,0.303,0.307,0,0
CAP_PB,D,20241108,000000,0.302,0.307,0.302,0.307,0,0
CAP_PB,D,20241112,000000,0.303,0.307,0.3,0.307,0,0
CAP_PB,D,20241113,000000,0.301,0.309,0.301,0.308,0,0
CAP_PB,D,20241114,000000,0.308,0.308,0.3,0.306,0,0
CAP_PB,D,20241115,000000,0.307,0.309,0.302,0.308,0,0
CAP_PB,D,20241118,000000,0.308,0.308,0.299,0.305,0,0
CAP_PB,D,20241119,000000,0.3,0.305,0.297,0.302,0,0
CAP_PB,D,20241120,000000,0.301,0.307,0.294,0.301,0,0
CAP_PB,D,20241121,000000,0.296,0.305,0.296,0.305,0,0
CAP_PB,D,20241122,000000,0.302,0.305,0.296,0.304,0,0
CAP_PB,D,20241125,000000,0.302,0.312,0.302,0.312,0,0
CAP_PB,D,20241126,000000,0.307,0.311,0.303,0.311,0,0
CAP_PB,D,20241127,000000,0.305,0.319,0.303,0.315,0,0
CAP_PB,D,20241128,000000,0.319,0.322,0.302,0.31,0,0
CAP_PB,D,20241129,000000,0.306,0.315,0.306,0.314,0,0
CAP_PB,D,20241202,000000,0.313,0.313,0.303,0.309,0,0
CAP_PB,D,20241203,000000,0.309,0.311,0.282,0.294,0,0
CAP_PB,D,20241204,000000,0.294,0.297,0.285,0.297,0,0
CAP_PB,D,20241205,000000,0.297,0.297,0.289,0.29,0,0
CAP_PB,D,20241206,000000,0.29,0.295,0.254,0.254,0,0
CAP_PB,D,20241209,000000,0.251,0.263,0.243,0.261,0,0
CAP_PB,D,20241210,000000,0.261,0.261,0.244,0.254,0,0
CAP_PB,D,20241211,000000,0.251,0.254,0.243,0.25,0,0
CAP_PB,D,20241212,000000,0.249,0.25,0.24,0.248,0,0
CAP_PB,D,20241213,000000,0.237,0.245,0.235,0.245,0,0
CAP_PB,D,20241216,000000,0.245,0.249,0.238,0.242,0,0
CAP_PB,D,20241217,000000,0.238,0.247,0.233,0.237,0,0
CAP_PB,D,20241218,000000,0.237,0.243,0.226,0.242,0,0
CAP_PB,D,20241219,000000,0.237,0.237,0.231,0.236,0,0
CAP_PB,D,20241220,000000,0.232,0.243,0.231,0.234,0,0
CAP_PB,D,20241223,000000,0.233,0.241,0.231,0.24,0,0
CAP_PB,D,20241227,000000,0.239,0.248,0.234,0.247,0,0
CAP_PB,D,20241230,000000,0.242,0.257,0.242,0.255,0,0
CAP_PB,D,20250102,000000,0.255,0.256,0.244,0.256,0,0
CAP_PB,D,20250103,000000,0.255,0.26,0.255,0.259,0,0
CAP_PB,D,20250107,000000,0.26,0.264,0.255,0.263,0,0
CAP_PB,D,20250108,000000,0.258,0.262,0.254,0.255,0,0
CAP_PB,D,20250109,000000,0.255,0.26,0.254,0.258,0,0
CAP_PB,D,20250110,000000,0.255,0.258,0.254,0.258,0,0
CAP_PB,D,20250113,000000,0.258,0.258,0.252,0.258,0,0
CAP_PB,D,20250114,000000,0.258,0.258,0.249,0.257,0,0
CAP_PB,D,20250115,000000,0.256,0.261,0.25,0.261,0,0
CAP_PB,D,20250116,000000,0.254,0.262,0.249,0.258,0,0
CAP_PB,D,20250117,000000,0.258,0.262,0.254,0.261,0,0
CAP_PB,D,20250120,000000,0.264,0.267,0.261,0.266,0,0
CAP_PB,D,20250121,000000,0.266,0.266,0.258,0.26,0,0
CAP_PB,D,20250122,000000,0.261,0.261,0.254,0.258,0,0
CAP_PB,D,20250123,000000,0.254,0.255,0.251,0.255,0,0
CAP_PB,D,20250124,000000,0.252,0.257,0.249,0.257,0,0
CAP_PB,D,20250127,000000,0.257,0.263,0.257,0.262,0,0
CAP_PB,D,20250128,000000,0.261,0.261,0.258,0.258,0,0
CAP_PB,D,20250129,000000,0.257,0.262,0.255,0.261,0,0
CAP_PB,D,20250130,000000,0.258,0.261,0.258,0.261,0,0
CAP_PB,D,20250131,000000,0.261,0.262,0.259,0.259,0,0
CAP_PB,D,20250203,000000,0.259,0.261,0.258,0.261,0,0
CAP_PB,D,20250204,000000,0.261,0.261,0.254,0.261,0,0
CAP_PB,D,20250205,000000,0.258,0.26,0.258,0.26,0,0
CAP_PB,D,20250206,000000,0.26,0.268,0.258,0.264,0,0
CAP_PB,D,20250207,000000,0.265,0.267,0.261,0.267,0,0
CAP_PB,D,20250210,000000,0.267,0.272,0.263,0.271,0,0
CAP_PB,D,20250211,000000,0.272,0.272,0.267,0.272,0,0
CAP_PB,D,20250212,000000,0.272,0.272,0.267,0.271,0,0
CAP_PB,D,20250213,000000,0.267,0.271,0.26,0.267,0,0
CAP_PB,D,20250214,000000,0.267,0.274,0.261,0.274,0,0
CAP_PB,D,20250217,000000,0.274,0.277,0.273,0.277,0,0
CAP_PB,D,20250218,000000,0.277,0.281,0.274,0.28,0,0
CAP_PB,D,20250219,000000,0.279,0.28,0.258,0.26,0,0
CAP_PB,D,20250220,000000,0.259,0.265,0.255,0.262,0,0
CAP_PB,D,20250221,000000,0.257,0.27,0.257,0.269,0,0
CAP_PB,D,20250224,000000,0.264,0.267,0.261,0.267,0,0
CAP_PB,D,20250225,000000,0.266,0.274,0.265,0.274,0,0
CAP_PB,D,20250226,000000,0.268,0.275,0.267,0.275,0,0
CAP_PB,D,20250227,000000,0.271,0.281,0.271,0.274,0,0
CAP_PB,D,20250228,000000,0.273,0.281,0.273,0.281,0,0
CAP_PB,D,20250303,000000,0.281,0.281,0.275,0.281,0,0
CAP_PB,D,20250304,000000,0.281,0.281,0.273,0.279,0,0
CAP_PB,D,20250305,000000,0.271,0.277,0.268,0.276,0,0
CAP_PB,D,20250306,000000,0.276,0.276,0.267,0.267,0,0
CAP_PB,D,20250307,000000,0.276,0.281,0.261,0.28,0,0
CAP_PB,D,20250310,000000,0.28,0.281,0.267,0.269,0,0
CAP_PB,D,20250311,000000,0.267,0.274,0.264,0.272,0,0
CAP_PB,D,20250312,000000,0.265,0.274,0.264,0.274,0,0
CAP_PB,D,20250313,000000,0.274,0.274,0.267,0.273,0,0
CAP_PB,D,20250314,000000,0.273,0.273,0.268,0.273,0,0
CAP_PB,D,20250317,000000,0.273,0.273,0.268,0.273,0,0
CAP_PB,D,20250318,000000,0.272,0.274,0.268,0.274,0,0
CAP_PB,D,20250319,000000,0.274,0.274,0.267,0.267,0,0
CAP_PB,D,20250320,000000,0.271,0.273,0.267,0.271,0,0
CAP_PB,D,20250321,000000,0.271,0.273,0.267,0.27,0,0
CAP_PB,D,20250324,000000,0.27,0.273,0.267,0.273,0,0
CAP_PB,D,20250325,000000,0.274,0.274,0.267,0.271,0,0
CAP_PB,D,20250326,000000,0.271,0.271,0.267,0.271,0,0
CAP_PB,D,20250327,000000,0.271,0.271,0.267,0.271,0,0
CAP_PB,D,20250328,000000,0.267,0.273,0.267,0.271,0,0
CAP_PB,D,20250331,000000,0.271,0.271,0.268,0.271,0,0
CAP_PB,D,20250401,000000,0.271,0.276,0.268,0.273,0,0
CAP_PB,D,20250402,000000,0.273,0.273,0.267,0.271,0,0
CAP_PB,D,20250403,000000,0.271,0.271,0.264,0.266,0,0
CAP_PB,D,20250404,000000,0.269,0.269,0.251,0.265,0,0
CAP_PB,D,20250407,000000,0.26,0.26,0.237,0.26,0,0
CAP_PB,D,20250408,000000,0.26,0.265,0.256,0.265,0,0
CAP_PB,D,20250409,000000,0.258,0.269,0.258,0.264,0,0
CAP_PB,D,20250410,000000,0.265,0.269,0.263,0.268,0,0
CAP_PB,D,20250411,000000,0.268,0.268,0.26,0.265,0,0
CAP_PB,D,20250414,000000,0.265,0.27,0.261,0.27,0,0
CAP_PB,D,20250415,000000,0.268,0.27,0.26,0.263,0,0
CAP_PB,D,20250416,000000,0.267,0.273,0.267,0.272,0,0
CAP_PB,D,20250417,000000,0.268,0.271,0.263,0.268,0,0
CAP_PB,D,20250422,000000,0.268,0.268,0.261,0.266,0,0
CAP_PB,D,20250423,000000,0.265,0.265,0.258,0.263,0,0
CAP_PB,D,20250424,000000,0.259,0.263,0.259,0.263,0,0
CAP_PB,D,20250425,000000,0.263,0.263,0.258,0.261,0,0
CAP_PB,D,20250428,000000,0.261,0.262,0.256,0.257,0,0
CAP_PB,D,20250429,000000,0.261,0.263,0.258,0.263,0,0
CAP_PB,D,20250430,000000,0.261,0.269,0.261,0.269,0,0
CAP_PB,D,20250502,000000,0.269,0.269,0.261,0.268,0,0
CAP_PB,D,20250505,000000,0.268,0.268,0.263,0.268,0,0
CAP_PB,D,20250506,000000,0.267,0.268,0.257,0.257,0,0
CAP_PB,D,20250507,000000,0.257,0.262,0.254,0.262,0,0
CAP_PB,D,20250508,000000,0.258,0.262,0.258,0.261,0,0
CAP_PB,D,20250509,000000,0.261,0.262,0.257,0.261,0,0
CAP_PB,D,20250512,000000,0.261,0.261,0.256,0.26,0,0
CAP_PB,D,20250513,000000,0.26,0.26,0.257,0.26,0,0
CAP_PB,D,20250514,000000,0.261,0.378,0.261,0.378,0,0
CAP_PB,D,20250515,000000,0.383,0.383,0.32,0.325,0,0
CAP_PB,D,20250516,000000,0.317,0.324,0.293,0.304,0,0
CAP_PB,D,20250519,000000,0.303,0.303,0.277,0.285,0,0
CAP_PB,D,20250520,000000,0.292,0.296,0.28,0.286,0,0
CAP_PB,D,20250521,000000,0.297,0.297,0.277,0.281,0,0
CAP_PB,D,20250522,000000,0.276,0.285,0.276,0.285,0,0
CAP_PB,D,20250523,000000,0.285,0.285,0.275,0.277,0,0
CAP_PB,D,20250526,000000,0.275,0.275,0.263,0.272,0,0
CAP_PB,D,20250527,000000,0.272,0.278,0.267,0.275,0,0
CAP_PB,D,20250528,000000,0.274,0.28,0.27,0.278,0,0
CAP_PB,D,20250529,000000,0.279,0.279,0.264,0.273,0,0
CAP_PB,D,20250530,000000,0.268,0.279,0.261,0.261,0,0
CAP_PB,D,20250602,000000,0.261,0.263,0.248,0.258,0,0
CAP_PB,D,20250603,000000,0.261,0.268,0.26,0.26,0,0
CAP_PB,D,20250604,000000,0.264,0.266,0.255,0.259,0,0
CAP_PB,D,20250605,000000,0.266,0.266,0.251,0.258,0,0
CAP_PB,D,20250606,000000,0.258,0.262,0.251,0.259,0,0
CAP_PB,D,20250609,000000,0.259,0.259,0.252,0.256,0,0
CAP_PB,D,20250610,000000,0.252,0.26,0.252,0.254,0,0
CAP_PB,D,20250611,000000,0.252,0.252,0.248,0.252,0,0
CAP_PB,D,20250612,000000,0.252,0.252,0.248,0.252,0,0
CAP_PB,D,20250613,000000,0.249,0.254,0.248,0.254,0,0
CAP_PB,D,20250616,000000,0.249,0.26,0.249,0.259,0,0
CAP_PB,D,20250617,000000,0.259,0.26,0.255,0.259,0,0
CAP_PB,D,20250618,000000,0.255,0.259,0.254,0.259,0,0
CAP_PB,D,20250620,000000,0.253,0.258,0.253,0.257,0,0
CAP_PB,D,20250623,000000,0.257,0.26,0.253,0.26,0,0
CAP_PB,D,20250624,000000,0.256,0.258,0.253,0.258,0,0
CAP_PB,D,20250625,000000,0.255,0.257,0.254,0.257,0,0
CAP_PB,D,20250626,000000,0.255,0.257,0.248,0.253,0,0
CAP_PB,D,20250627,000000,0.253,0.253,0.249,0.249,0,0
CAP_PB,D,20250630,000000,0.252,0.253,0.247,0.25,0,0
CAP_PB,D,20250701,000000,0.25,0.251,0.245,0.25,0,0
CAP_PB,D,20250702,000000,0.248,0.25,0.244,0.25,0,0
CAP_PB,D,20250703,000000,0.246,0.251,0.245,0.251,0,0
CAP_PB,D,20250704,000000,0.251,0.256,0.251,0.255,0,0
CAP_PB,D,20250707,000000,0.255,0.256,0.255,0.256,0,0
CAP_PB,D,20250708,000000,0.251,0.257,0.251,0.257,0,0
CAP_PB,D,20250709,000000,0.257,0.257,0.252,0.256,0,0
CAP_PB,D,20250710,000000,0.256,0.256,0.252,0.255,0,0
CAP_PB,D,20250711,000000,0.252,0.256,0.249,0.255,0,0
CAP_PB,D,20250714,000000,0.253,0.255,0.25,0.255,0,0
CAP_PB,D,20250715,000000,0.251,0.254,0.247,0.252,0,0
CAP_PB,D,20250716,000000,0.248,0.254,0.247,0.252,0,0
CAP_PB,D,20250717,000000,0.252,0.254,0.247,0.247,0,0
CAP_PB,D,20250718,000000,0.251,0.251,0.242,0.249,0,0
CAP_PB,D,20250721,000000,0.249,0.25,0.247,0.249,0,0
CAP_PB,D,20250722,000000,0.248,0.25,0.246,0.249,0,0
CAP_PB,D,20250723,000000,0.247,0.247,0.243,0.247,0,0
CAP_PB,D,20250724,000000,0.244,0.247,0.237,0.245,0,0
CAP_PB,D,20250725,000000,0.244,0.247,0.238,0.247,0,0
CAP_PB,D,20250728,000000,0.244,0.247,0.241,0.244,0,0
CAP_PB,D,20250729,000000,0.245,0.245,0.242,0.245,0,0
CAP_PB,D,20250730,000000,0.242,0.244,0.241,0.244,0,0
CAP_PB,D,20250731,000000,0.241,0.242,0.235,0.242,0,0
CAP_PB,D,20250801,000000,0.242,0.242,0.239,0.241,0,0
CAP_PB,D,20250804,000000,0.241,0.243,0.239,0.243,0,0
CAP_PB,D,20250805,000000,0.239,0.243,0.236,0.24,0,0
CAP_PB,D,20250806,000000,0.241,0.241,0.232,0.241,0,0
CAP_PB,D,20250807,000000,0.236,0.243,0.235,0.241,0,0
CAP_PB,D,20250808,000000,0.241,0.242,0.238,0.242,0,0
CAP_PB,D,20250811,000000,0.242,0.242,0.236,0.241,0,0
CAP_PB,D,20250812,000000,0.238,0.241,0.236,0.241,0,0
CAP_PB,D,20250813,000000,0.241,0.242,0.24,0.242,0,0
CAP_PB,D,20250814,000000,0.237,0.242,0.237,0.242,0,0
CAP_PB,D,20250818,000000,0.242,0.242,0.239,0.242,0,0
CAP_PB,D,20250819,000000,0.239,0.243,0.237,0.242,0,0
CAP_PB,D,20250820,000000,0.242,0.242,0.238,0.242,0,0
CAP_PB,D,20250821,000000,0.239,0.243,0.238,0.242,0,0
CAP_PB,D,20250822,000000,0.239,0.243,0.239,0.242,0,0
CAP_PB,D,20250825,000000,0.232,0.241,0.232,0.241,0,0
CAP_PB,D,20250826,000000,0.237,0.237,0.23,0.232,0,0
CAP_PB,D,20250827,000000,0.236,0.237,0.231,0.236,0,0
CAP_PB,D,20250828,000000,0.235,0.237,0.231,0.236,0,0
CAP_PB,D,20250829,000000,0.236,0.24,0.233,0.236,0,0
CAP_PB,D,20250901,000000,0.236,0.236,0.227,0.236,0,0
CAP_PB,D,20250902,000000,0.236,0.236,0.234,0.236,0,0
CAP_PB,D,20250903,000000,0.236,0.236,0.231,0.235,0,0
CAP_PB,D,20250904,000000,0.233,0.236,0.231,0.234,0,0
CAP_PB,D,20250905,000000,0.235,0.237,0.231,0.237,0,0
CAP_PB,D,20250908,000000,0.232,0.236,0.231,0.236,0,0
CAP_PB,D,20250909,000000,0.231,0.236,0.221,0.231,0,0
CAP_PB,D,20250910,000000,0.228,0.234,0.227,0.234,0,0
CAP_PB,D,20250911,000000,0.231,0.235,0.231,0.231,0,0
CAP_PB,D,20250912,000000,0.234,0.236,0.231,0.235,0,0
CAP_PB,D,20250915,000000,0.235,0.235,0.226,0.234,0,0
CAP_PB,D,20250916,000000,0.231,0.234,0.227,0.233,0,0
CAP_PB,D,20250917,000000,0.231,0.231,0.226,0.23,0,0
CAP_PB,D,20250918,000000,0.227,0.231,0.226,0.23,0,0
CAP_PB,D,20250919,000000,0.23,0.23,0.226,0.23,0,0
CAP_PB,D,20250922,000000,0.23,0.231,0.226,0.23,0,0
CAP_PB,D,20250923,000000,0.226,0.231,0.225,0.225,0,0
CAP_PB,D,20250924,000000,0.226,0.229,0.226,0.228,0,0
CAP_PB,D,20250925,000000,0.226,0.229,0.226,0.229,0,0
CAP_PB,D,20250926,000000,0.228,0.229,0.226,0.229,0,0
CAP_PB,D,20250929,000000,0.228,0.228,0.223,0.227,0,0
CAP_PB,D,20250930,000000,0.223,0.225,0.216,0.218,0,0
CAP_PB,D,20251001,000000,0.213,0.218,0.213,0.216,0,0
CAP_PB,D,20251002,000000,0.216,0.22,0.215,0.219,0,0
CAP_PB,D,20251003,000000,0.219,0.219,0.219,0.219,0,0
CAP_PB,D,20251006,000000,0.217,0.219,0.217,0.219,0,0
CAP_PB,D,20251007,000000,0.217,0.219,0.215,0.219,0,0
CAP_PB,D,20251008,000000,0.215,0.218,0.213,0.217,0,0
CAP_PB,D,20251009,000000,0.217,0.217,0.213,0.216,0,0
CAP_PB,D,20251010,000000,0.216,0.216,0.214,0.216,0,0
CAP_PB,D,20251013,000000,0.212,0.216,0.212,0.216,0,0
CAP_PB,D,20251014,000000,0.216,0.216,0.212,0.212,0,0
CAP_PB,D,20251015,000000,0.211,0.215,0.211,0.215,0,0
CAP_PB,D,20251016,000000,0.215,0.215,0.213,0.215,0,0
CAP_PB,D,20251017,000000,0.215,0.215,0.211,0.214,0,0
CAP_PB,D,20251020,000000,0.215,0.215,0.212,0.214,0,0
CAP_PB,D,20251021,000000,0.212,0.214,0.21,0.212,0,0
CAP_PB,D,20251022,000000,0.21,0.212,0.207,0.21,0,0
CAP_PB,D,20251023,000000,0.21,0.212,0.209,0.212,0,0
CAP_PB,D,20251024,000000,0.212,0.213,0.208,0.209,0,0
CAP_PB,D,20251027,000000,0.209,0.211,0.207,0.209,0,0
CAP_PB,D,20251028,000000,0.209,0.209,0.205,0.209,0,0
CAP_PB,D,20251029,000000,0.205,0.209,0.204,0.208,0,0
CAP_PB,D,20251030,000000,0.203,0.222,0.203,0.222,0,0
CAP_PB,D,20251031,000000,0.216,0.225,0.216,0.222,0,0
CAP_PB,D,20251103,000000,0.222,0.225,0.216,0.225,0,0
CAP_PB,D,20251104,000000,0.224,0.225,0.218,0.224,0,0
CAP_PB,D,20251105,000000,0.223,0.225,0.218,0.222,0,0
CAP_PB,D,20251106,000000,0.222,0.225,0.221,0.225,0,0
CAP_PB,D,20251107,000000,0.225,0.225,0.219,0.22,0,0
CAP_PB,D,20251110,000000,0.22,0.222,0.215,0.22,0,0
CAP_PB,D,20251112,000000,0.22,0.22,0.205,0.214,0,0
CAP_PB,D,20251113,000000,0.214,0.214,0.199,0.201,0,0
CAP_PB,D,20251114,000000,0.204,0.209,0.201,0.206,0,0
CAP_PB,D,20251117,000000,0.205,0.206,0.2,0.206,0,0
CAP_PB,D,20251118,000000,0.207,0.207,0.2,0.202,0,0
CAP_PB,D,20251119,000000,0.205,0.205,0.198,0.202,0,0
CAP_PB,D,20251120,000000,0.202,0.204,0.197,0.204,0,0
CAP_PB,D,20251121,000000,0.204,0.204,0.198,0.201,0,0
CAP_PB,D,20251124,000000,0.202,0.202,0.197,0.202,0,0
CAP_PB,D,20251125,000000,0.202,0.202,0.197,0.201,0,0
CAP_PB,D,20251126,000000,0.201,0.201,0.194,0.199,0,0
CAP_PB,D,20251127,000000,0.199,0.202,0.194,0.199,0,0
CAP_PB,D,20251128,000000,0.197,0.197,0.19,0.194,0,0
CAP_PB,D,20251201,000000,0.195,0.196,0.189,0.189,0,0
CAP_PB,D,20251202,000000,0.191,0.195,0.188,0.193,0,0
CAP_PB,D,20251203,000000,0.193,0.195,0.19,0.194,0,0
CAP_PB,D,20251204,000000,0.195,0.195,0.189,0.194,0,0
CAP_PB,D,20251205,000000,0.194,0.194,0.185,0.185,0,0
CAP_PB,D,20251208,000000,0.185,0.185,0.18,0.185,0,0
CAP_PB,D,20251209,000000,0.184,0.184,0.18,0.184,0,0
CAP_PB,D,20251210,000000,0.184,0.184,0.179,0.179,0,0
CAP_PB,D,20251211,000000,0.181,0.182,0.178,0.18,0,0
CAP_PB,D,20251212,000000,0.18,0.18,0.178,0.178,0,0
CAP_PB,D,20251215,000000,0.18,0.18,0.178,0.18,0,0
CAP_PB,D,20251216,000000,0.179,0.179,0.176,0.177,0,0
CAP_PB,D,20251217,000000,0.166,0.175,0.166,0.171,0,0
CAP_PB,D,20251218,000000,0.171,0.175,0.171,0.174,0,0
CAP_PB,D,20251219,000000,0.174,0.175,0.17,0.174,0,0
CAP_PB,D,20251222,000000,0.174,0.175,0.17,0.174,0,0
CAP_PB,D,20251223,000000,0.171,0.174,0.169,0.169,0,0
CAP_PB,D,20251229,000000,0.17,0.172,0.169,0.169,0,0
CAP_PB,D,20251230,000000,0.17,0.172,0.161,0.161,0,0
CAP_PB,D,20260102,000000,0.159,0.168,0.159,0.163,0,0
CAP_PB,D,20260105,000000,0.165,0.167,0.16,0.161,0,0
CAP_PB,D,20260107,000000,0.161,0.163,0.158,0.158,0,0
CAP_PB,D,20260108,000000,0.159,0.161,0.156,0.161,0,0
CAP_PB,D,20260109,000000,0.161,0.161,0.158,0.16,0,0
CAP_PB,D,20260112,000000,0.16,0.163,0.158,0.162,0,0
CAP_PB,D,20260113,000000,0.164,0.169,0.164,0.165,0,0
CAP_PB,D,20260114,000000,0.163,0.164,0.159,0.164,0,0
CAP_PB,D,20260115,000000,0.165,0.167,0.163,0.167,0,0
CAP_PB,D,20260116,000000,0.165,0.166,0.163,0.166,0,0
CAP_PB,D,20260119,000000,0.166,0.166,0.15,0.153,0,0
CAP_PB,D,20260120,000000,0.154,0.159,0.15,0.154,0,0
CAP_PB,D,20260121,000000,0.157,0.157,0.152,0.154,0,0
CAP_PB,D,20260122,000000,0.155,0.157,0.154,0.157,0,0
CAP_PB,D,20260123,000000,0.158,0.161,0.158,0.16,0,0
