<TICKER>,<PER>,<DATE>,<TIME>,<OPEN>,<HIGH>,<LOW>,<CLOSE>,<VOL>,<OPENINT>
CAV_PE,D,20210811,000000,3.6,3.6,3.6,3.6,0,0
CAV_PE,D,20210812,000000,3.6,3.6,3.6,3.6,0,0
CAV_PE,D,20210813,000000,3.6,3.6,3.5,3.6,0,0
CAV_PE,D,20210816,000000,3.6,3.6,3.6,3.6,0,0
CAV_PE,D,20210817,000000,3.6,3.6,3.6,3.6,0,0
CAV_PE,D,20210818,000000,3.6,3.6,3.6,3.6,0,0
CAV_PE,D,20210819,000000,3.6,3.6,3.6,3.6,0,0
CAV_PE,D,20210820,000000,3.6,3.6,3.6,3.6,0,0
CAV_PE,D,20210823,000000,3.6,3.6,3.6,3.6,0,0
CAV_PE,D,20210824,000000,3.6,3.6,3.6,3.6,0,0
CAV_PE,D,20210825,000000,3.6,3.6,3.6,3.6,0,0
CAV_PE,D,20210826,000000,3.6,3.6,3.6,3.6,0,0
CAV_PE,D,20210827,000000,3.6,3.6,3.6,3.6,0,0
CAV_PE,D,20210830,000000,3.6,3.6,3.6,3.6,0,0
CAV_PE,D,20210831,000000,3.6,3.7,3.6,3.6,0,0
CAV_PE,D,20210901,000000,3.6,3.6,3.6,3.6,0,0
CAV_PE,D,20210902,000000,3.6,3.6,3.6,3.6,0,0
CAV_PE,D,20210903,000000,3.6,3.6,3.6,3.6,0,0
CAV_PE,D,20210906,000000,3.6,3.7,3.6,3.6,0,0
CAV_PE,D,20210907,000000,3.6,3.7,3.6,3.7,0,0
CAV_PE,D,20210908,000000,3.7,3.7,3.7,3.7,0,0
CAV_PE,D,20210909,000000,3.7,3.7,3.6,3.7,0,0
CAV_PE,D,20210910,000000,3.7,3.7,3.6,3.7,0,0
CAV_PE,D,20210913,000000,3.7,3.7,3.6,3.6,0,0
CAV_PE,D,20210914,000000,3.6,3.6,3.5,3.6,0,0
CAV_PE,D,20210915,000000,3.6,3.7,3.6,3.6,0,0
CAV_PE,D,20210916,000000,3.6,3.6,3.6,3.6,0,0
CAV_PE,D,20210917,000000,3.7,3.7,3.6,3.6,0,0
CAV_PE,D,20210920,000000,3.5,3.6,3.5,3.6,0,0
CAV_PE,D,20210921,000000,3.5,3.6,3.5,3.5,0,0
CAV_PE,D,20210922,000000,3.5,3.5,3.5,3.5,0,0
CAV_PE,D,20210923,000000,3.5,3.6,3.5,3.6,0,0
CAV_PE,D,20210924,000000,3.6,3.6,3.6,3.6,0,0
CAV_PE,D,20210927,000000,3.5,3.6,3.5,3.6,0,0
CAV_PE,D,20210928,000000,3.5,3.6,3.5,3.6,0,0
CAV_PE,D,20210929,000000,3.5,3.6,3.5,3.6,0,0
CAV_PE,D,20210930,000000,3.5,3.6,2.7,2.7,0,0
CAV_PE,D,20211001,000000,2.7,2.7,2.7,2.7,0,0
CAV_PE,D,20211004,000000,2.7,2.7,2.7,2.7,0,0
CAV_PE,D,20211005,000000,2.7,2.7,2.7,2.7,0,0
CAV_PE,D,20211006,000000,2.7,2.7,2.7,2.7,0,0
CAV_PE,D,20211007,000000,2.7,2.8,2.7,2.7,0,0
CAV_PE,D,20211008,000000,2.6,2.7,2.6,2.7,0,0
CAV_PE,D,20211011,000000,2.7,2.7,2.6,2.7,0,0
CAV_PE,D,20211012,000000,2.7,2.8,2.7,2.8,0,0
CAV_PE,D,20211013,000000,2.8,2.9,2.8,2.8,0,0
CAV_PE,D,20211014,000000,2.8,2.8,2.8,2.8,0,0
CAV_PE,D,20211015,000000,2.8,2.8,2.7,2.8,0,0
CAV_PE,D,20211018,000000,2.8,2.8,2.8,2.8,0,0
CAV_PE,D,20211019,000000,2.8,2.8,2.7,2.7,0,0
CAV_PE,D,20211020,000000,2.7,2.8,2.7,2.8,0,0
CAV_PE,D,20211021,000000,2.8,2.8,2.7,2.7,0,0
CAV_PE,D,20211022,000000,2.7,2.8,2.7,2.8,0,0
CAV_PE,D,20211025,000000,2.8,2.8,2.7,2.7,0,0
CAV_PE,D,20211026,000000,2.7,2.8,2.7,2.8,0,0
CAV_PE,D,20211027,000000,2.8,2.8,2.8,2.8,0,0
CAV_PE,D,20211028,000000,2.8,2.8,2.8,2.8,0,0
CAV_PE,D,20211029,000000,2.7,2.8,2.7,2.8,0,0
CAV_PE,D,20211102,000000,2.8,2.8,2.7,2.8,0,0
CAV_PE,D,20211103,000000,2.7,2.8,2.7,2.8,0,0
CAV_PE,D,20211104,000000,2.7,2.8,2.7,2.8,0,0
CAV_PE,D,20211105,000000,2.8,2.8,2.8,2.8,0,0
CAV_PE,D,20211108,000000,2.8,2.8,2.8,2.8,0,0
CAV_PE,D,20211109,000000,2.8,2.8,2.8,2.8,0,0
CAV_PE,D,20211110,000000,2.8,2.8,2.8,2.8,0,0
CAV_PE,D,20211112,000000,2.8,2.8,2.8,2.8,0,0
CAV_PE,D,20211115,000000,2.8,2.8,2.8,2.8,0,0
CAV_PE,D,20211116,000000,2.8,2.8,2.8,2.8,0,0
CAV_PE,D,20211117,000000,2.8,2.8,2.8,2.8,0,0
CAV_PE,D,20211118,000000,2.8,2.8,2.8,2.8,0,0
CAV_PE,D,20211119,000000,2.8,2.8,2.7,2.8,0,0
CAV_PE,D,20211122,000000,2.7,2.7,2.7,2.7,0,0
CAV_PE,D,20211123,000000,2.7,2.7,2.7,2.7,0,0
CAV_PE,D,20211124,000000,2.6,2.7,2.6,2.7,0,0
CAV_PE,D,20211125,000000,2.7,2.7,2.5,2.6,0,0
CAV_PE,D,20211126,000000,2.5,2.7,2.4,2.7,0,0
CAV_PE,D,20211129,000000,2.5,2.8,2.5,2.8,0,0
CAV_PE,D,20211130,000000,2.8,2.8,2.6,2.7,0,0
CAV_PE,D,20211201,000000,2.7,2.8,2.6,2.7,0,0
CAV_PE,D,20211202,000000,2.6,2.7,2.5,2.7,0,0
CAV_PE,D,20211203,000000,2.7,2.7,2.7,2.7,0,0
CAV_PE,D,20211206,000000,2.7,2.7,2.5,2.5,0,0
CAV_PE,D,20211207,000000,2.6,2.6,2.6,2.6,0,0
CAV_PE,D,20211208,000000,2.5,2.6,2.5,2.6,0,0
CAV_PE,D,20211209,000000,2.6,2.6,2.5,2.6,0,0
CAV_PE,D,20211210,000000,2.5,2.6,2.5,2.6,0,0
CAV_PE,D,20211213,000000,2.6,2.6,2.6,2.6,0,0
CAV_PE,D,20211214,000000,2.6,2.6,2.5,2.5,0,0
CAV_PE,D,20211215,000000,2.5,2.5,2.4,2.5,0,0
CAV_PE,D,20211216,000000,2.4,2.5,2.4,2.4,0,0
CAV_PE,D,20211217,000000,2.4,2.5,2.4,2.4,0,0
CAV_PE,D,20211220,000000,2.4,2.4,2.4,2.4,0,0
CAV_PE,D,20211221,000000,2.4,2.4,2.4,2.4,0,0
CAV_PE,D,20211222,000000,2.4,2.5,2.4,2.5,0,0
CAV_PE,D,20211223,000000,2.5,2.6,2.5,2.5,0,0
CAV_PE,D,20211227,000000,2.4,2.5,2.3,2.4,0,0
CAV_PE,D,20211228,000000,2.4,2.5,2.4,2.4,0,0
CAV_PE,D,20211229,000000,2.5,2.5,2.5,2.5,0,0
CAV_PE,D,20211230,000000,2.5,2.5,2.5,2.5,0,0
CAV_PE,D,20220103,000000,2.4,2.5,2.4,2.4,0,0
CAV_PE,D,20220104,000000,2.5,2.5,2.5,2.5,0,0
CAV_PE,D,20220107,000000,2.4,2.5,2.4,2.5,0,0
CAV_PE,D,20220110,000000,2.5,2.5,2.4,2.4,0,0
CAV_PE,D,20220111,000000,2.5,2.5,2.4,2.5,0,0
CAV_PE,D,20220112,000000,2.5,2.5,2.5,2.5,0,0
CAV_PE,D,20220113,000000,2.5,2.5,2.5,2.5,0,0
CAV_PE,D,20220114,000000,2.4,2.8,2.4,2.7,0,0
CAV_PE,D,20220117,000000,2.6,2.7,2.6,2.7,0,0
CAV_PE,D,20220118,000000,2.7,2.8,2.7,2.8,0,0
CAV_PE,D,20220119,000000,2.7,2.7,2.7,2.7,0,0
CAV_PE,D,20220120,000000,2.7,2.7,2.7,2.7,0,0
CAV_PE,D,20220121,000000,2.7,2.7,2.6,2.6,0,0
CAV_PE,D,20220124,000000,2.7,2.7,2.4,2.7,0,0
CAV_PE,D,20220125,000000,2.7,2.8,2.7,2.7,0,0
CAV_PE,D,20220126,000000,2.8,2.8,2.8,2.8,0,0
CAV_PE,D,20220127,000000,2.8,2.8,2.7,2.8,0,0
CAV_PE,D,20220128,000000,2.8,2.8,2.7,2.8,0,0
CAV_PE,D,20220131,000000,2.8,2.8,2.8,2.8,0,0
CAV_PE,D,20220202,000000,2.7,2.8,2.7,2.8,0,0
CAV_PE,D,20220203,000000,2.7,2.8,2.7,2.8,0,0
CAV_PE,D,20220204,000000,2.8,2.8,2.7,2.8,0,0
CAV_PE,D,20220207,000000,2.7,2.8,2.7,2.8,0,0
CAV_PE,D,20220209,000000,2.7,2.8,2.7,2.8,0,0
CAV_PE,D,20220210,000000,2.7,2.8,2.7,2.8,0,0
CAV_PE,D,20220211,000000,2.8,2.8,2.8,2.8,0,0
CAV_PE,D,20220214,000000,2.7,2.8,2.7,2.8,0,0
CAV_PE,D,20220215,000000,2.7,2.8,2.7,2.8,0,0
CAV_PE,D,20220216,000000,2.9,2.9,2.8,2.8,0,0
CAV_PE,D,20220217,000000,2.7,2.8,2.7,2.8,0,0
CAV_PE,D,20220218,000000,2.6,2.8,2.6,2.8,0,0
CAV_PE,D,20220221,000000,2.8,2.8,2.6,2.6,0,0
CAV_PE,D,20220222,000000,2.6,2.6,2.6,2.6,0,0
CAV_PE,D,20220223,000000,2.6,2.6,2.6,2.6,0,0
CAV_PE,D,20220224,000000,2.5,2.5,2.2,2.3,0,0
CAV_PE,D,20220225,000000,2.3,2.4,2.2,2.3,0,0
CAV_PE,D,20220228,000000,2.2,2.4,2.2,2.3,0,0
CAV_PE,D,20220301,000000,2.3,2.5,2.3,2.3,0,0
CAV_PE,D,20220302,000000,2.5,2.5,2.2,2.3,0,0
CAV_PE,D,20220303,000000,2.3,2.3,2.1,2.3,0,0
CAV_PE,D,20220304,000000,2.3,2.3,2.2,2.2,0,0
CAV_PE,D,20220307,000000,2.1,2.1,2.1,2.1,0,0
CAV_PE,D,20220308,000000,2.2,2.2,2.1,2.1,0,0
CAV_PE,D,20220309,000000,2.1,2.1,2.1,2.1,0,0
CAV_PE,D,20220310,000000,2.1,2.1,2.1,2.1,0,0
CAV_PE,D,20220311,000000,2.1,2.2,2.1,2.2,0,0
CAV_PE,D,20220314,000000,2.2,2.3,2.1,2.1,0,0
CAV_PE,D,20220315,000000,2,2.1,2,2.1,0,0
CAV_PE,D,20220316,000000,2.1,2.1,2.1,2.1,0,0
CAV_PE,D,20220317,000000,2.1,2.1,2.1,2.1,0,0
CAV_PE,D,20220318,000000,2.2,2.2,2.1,2.2,0,0
CAV_PE,D,20220321,000000,2.2,2.3,2.2,2.3,0,0
CAV_PE,D,20220322,000000,2.3,2.4,2.3,2.4,0,0
CAV_PE,D,20220323,000000,2.4,2.5,2.4,2.4,0,0
CAV_PE,D,20220324,000000,2.2,2.4,2.2,2.4,0,0
CAV_PE,D,20220325,000000,2.4,2.4,2.4,2.4,0,0
CAV_PE,D,20220328,000000,2.4,2.5,2.3,2.4,0,0
CAV_PE,D,20220329,000000,2.4,2.4,2.3,2.4,0,0
CAV_PE,D,20220330,000000,2.4,2.4,2.4,2.4,0,0
CAV_PE,D,20220331,000000,2.4,2.4,2.4,2.4,0,0
CAV_PE,D,20220401,000000,2.5,2.5,2.4,2.4,0,0
CAV_PE,D,20220404,000000,2.4,2.6,2.4,2.6,0,0
CAV_PE,D,20220405,000000,2.6,2.7,2.5,2.7,0,0
CAV_PE,D,20220406,000000,2.5,2.7,2.5,2.7,0,0
CAV_PE,D,20220407,000000,2.6,2.7,2.6,2.7,0,0
CAV_PE,D,20220408,000000,2.6,2.7,2.6,2.6,0,0
CAV_PE,D,20220411,000000,2.6,2.6,2.6,2.6,0,0
CAV_PE,D,20220412,000000,2.5,2.6,2.5,2.6,0,0
CAV_PE,D,20220413,000000,2.7,2.7,2.6,2.6,0,0
CAV_PE,D,20220414,000000,2.5,2.6,2.4,2.5,0,0
CAV_PE,D,20220419,000000,2.5,2.5,2.5,2.5,0,0
CAV_PE,D,20220420,000000,2.4,2.6,2.4,2.6,0,0
CAV_PE,D,20220421,000000,2.4,2.6,2.4,2.6,0,0
CAV_PE,D,20220425,000000,2.5,2.9,2.5,2.9,0,0
CAV_PE,D,20220426,000000,2.9,3,2.8,3,0,0
CAV_PE,D,20220427,000000,3,3,3,3,0,0
CAV_PE,D,20220428,000000,2.8,2.9,2.8,2.9,0,0
CAV_PE,D,20220429,000000,2.9,2.9,2.8,2.8,0,0
CAV_PE,D,20220502,000000,2.8,2.9,2.8,2.8,0,0
CAV_PE,D,20220504,000000,2.8,2.9,2.8,2.8,0,0
CAV_PE,D,20220505,000000,2.8,2.9,2.8,2.9,0,0
CAV_PE,D,20220506,000000,3,3,2.9,2.9,0,0
CAV_PE,D,20220509,000000,2.8,2.8,2.7,2.8,0,0
CAV_PE,D,20220510,000000,2.9,2.9,2.8,2.8,0,0
CAV_PE,D,20220511,000000,2.8,2.8,2.7,2.7,0,0
CAV_PE,D,20220512,000000,2.6,2.8,2.5,2.7,0,0
CAV_PE,D,20220513,000000,2.8,2.8,2.8,2.8,0,0
CAV_PE,D,20220516,000000,2.7,2.8,2.7,2.7,0,0
CAV_PE,D,20220517,000000,2.6,2.8,2.6,2.8,0,0
CAV_PE,D,20220518,000000,2.7,2.8,2.7,2.8,0,0
CAV_PE,D,20220519,000000,2.7,2.9,2.7,2.8,0,0
CAV_PE,D,20220523,000000,2.7,2.7,2.7,2.7,0,0
CAV_PE,D,20220525,000000,2.6,2.7,2.6,2.7,0,0
CAV_PE,D,20220526,000000,2.6,2.8,2.6,2.8,0,0
CAV_PE,D,20220527,000000,2.7,2.8,2.7,2.8,0,0
CAV_PE,D,20220530,000000,2.7,2.8,2.7,2.7,0,0
CAV_PE,D,20220531,000000,2.8,2.8,2.7,2.7,0,0
CAV_PE,D,20220601,000000,2.8,2.8,2.7,2.8,0,0
CAV_PE,D,20220602,000000,2.8,3.2,2.8,3.2,0,0
CAV_PE,D,20220603,000000,3.1,3.2,3.1,3.2,0,0
CAV_PE,D,20220607,000000,3.1,3.2,3.1,3.1,0,0
CAV_PE,D,20220608,000000,3.1,3.2,3.1,3.2,0,0
CAV_PE,D,20220609,000000,3.2,3.2,3.2,3.2,0,0
CAV_PE,D,20220610,000000,3.2,3.2,3.2,3.2,0,0
CAV_PE,D,20220613,000000,3.2,3.3,3.2,3.2,0,0
CAV_PE,D,20220614,000000,3.1,3.2,3.1,3.2,0,0
CAV_PE,D,20220615,000000,3.2,3.2,3.2,3.2,0,0
CAV_PE,D,20220617,000000,3,3.1,3,3.1,0,0
CAV_PE,D,20220620,000000,3.2,3.2,3.2,3.2,0,0
CAV_PE,D,20220624,000000,3.2,3.2,3.1,3.2,0,0
CAV_PE,D,20220627,000000,3.2,3.3,3.2,3.3,0,0
CAV_PE,D,20220628,000000,3.3,3.3,3.3,3.3,0,0
CAV_PE,D,20220629,000000,3.3,3.4,3.3,3.4,0,0
CAV_PE,D,20220630,000000,3.4,3.4,3.3,3.3,0,0
CAV_PE,D,20220701,000000,3.4,3.5,3.4,3.4,0,0
CAV_PE,D,20220704,000000,3.4,3.6,3.4,3.6,0,0
CAV_PE,D,20220705,000000,3.5,3.5,3.5,3.5,0,0
CAV_PE,D,20220706,000000,3.5,3.6,3.4,3.5,0,0
CAV_PE,D,20220707,000000,3.5,3.6,3.4,3.4,0,0
CAV_PE,D,20220708,000000,3.6,3.6,3.5,3.5,0,0
CAV_PE,D,20220712,000000,3.3,3.4,3.3,3.4,0,0
CAV_PE,D,20220713,000000,3.2,3.2,3.2,3.2,0,0
CAV_PE,D,20220714,000000,3.4,3.4,3.1,3.3,0,0
CAV_PE,D,20220715,000000,3.3,3.4,3.3,3.4,0,0
CAV_PE,D,20220718,000000,3.4,3.4,3.1,3.4,0,0
CAV_PE,D,20220719,000000,3.2,3.4,3.2,3.3,0,0
CAV_PE,D,20220720,000000,3.3,3.3,3.1,3.3,0,0
CAV_PE,D,20220721,000000,3.3,3.4,3.3,3.4,0,0
CAV_PE,D,20220722,000000,3.4,3.4,3.3,3.3,0,0
CAV_PE,D,20220725,000000,3.3,3.3,3.2,3.3,0,0
CAV_PE,D,20220726,000000,3.3,3.3,3.2,3.2,0,0
CAV_PE,D,20220727,000000,3.2,3.3,3.2,3.3,0,0
CAV_PE,D,20220728,000000,3.3,3.3,3.3,3.3,0,0
CAV_PE,D,20220729,000000,3.2,3.3,3.2,3.2,0,0
CAV_PE,D,20220801,000000,3.2,3.2,3.2,3.2,0,0
CAV_PE,D,20220802,000000,3.2,3.2,3.2,3.2,0,0
CAV_PE,D,20220803,000000,3.2,3.3,3.2,3.3,0,0
CAV_PE,D,20220804,000000,3.3,3.4,3.3,3.3,0,0
CAV_PE,D,20220805,000000,3.3,3.4,3.2,3.4,0,0
CAV_PE,D,20220808,000000,3.4,3.4,3.4,3.4,0,0
CAV_PE,D,20220809,000000,3.3,3.4,3.3,3.3,0,0
CAV_PE,D,20220810,000000,3.3,3.3,3.2,3.3,0,0
CAV_PE,D,20220811,000000,3.3,3.3,3.1,3.3,0,0
CAV_PE,D,20220812,000000,3.3,3.3,3.3,3.3,0,0
CAV_PE,D,20220816,000000,3.3,3.3,3.1,3.2,0,0
CAV_PE,D,20220817,000000,3.2,3.3,3.1,3.3,0,0
CAV_PE,D,20220818,000000,3.3,3.3,3.2,3.2,0,0
CAV_PE,D,20220819,000000,3.3,3.3,3.1,3.2,0,0
CAV_PE,D,20220822,000000,3.2,3.2,3.2,3.2,0,0
CAV_PE,D,20220823,000000,3.2,3.2,3.2,3.2,0,0
CAV_PE,D,20220824,000000,3.2,3.2,3.2,3.2,0,0
CAV_PE,D,20220825,000000,3.2,3.2,3.2,3.2,0,0
CAV_PE,D,20220826,000000,3.2,3.4,3.2,3.3,0,0
CAV_PE,D,20220829,000000,3.2,3.2,3.1,3.2,0,0
CAV_PE,D,20220830,000000,3.2,3.2,3.1,3.2,0,0
CAV_PE,D,20220831,000000,3.2,3.2,3.1,3.2,0,0
CAV_PE,D,20220901,000000,3.2,3.2,3.1,3.1,0,0
CAV_PE,D,20220902,000000,3.1,3.1,3.1,3.1,0,0
CAV_PE,D,20220905,000000,3.1,3.2,3.1,3.2,0,0
CAV_PE,D,20220906,000000,3.1,3.2,3.1,3.1,0,0
CAV_PE,D,20220907,000000,3.1,3.2,3.1,3.2,0,0
CAV_PE,D,20220908,000000,3.1,3.2,3.1,3.2,0,0
CAV_PE,D,20220909,000000,3.1,3.2,3.1,3.2,0,0
CAV_PE,D,20220912,000000,3.2,3.2,3.2,3.2,0,0
CAV_PE,D,20220913,000000,3.2,3.2,3.2,3.2,0,0
CAV_PE,D,20220914,000000,3.1,3.2,3.1,3.2,0,0
CAV_PE,D,20220916,000000,3.1,3.3,3.1,3.3,0,0
CAV_PE,D,20220919,000000,3.2,3.2,3.1,3.2,0,0
CAV_PE,D,20220920,000000,3.1,3.2,3.1,3.2,0,0
CAV_PE,D,20220921,000000,3.2,3.2,3.2,3.2,0,0
CAV_PE,D,20220922,000000,3.1,3.2,3.1,3.1,0,0
CAV_PE,D,20220923,000000,3.1,3.1,3.1,3.1,0,0
CAV_PE,D,20220926,000000,3.1,3.1,3.1,3.1,0,0
CAV_PE,D,20220927,000000,3,3.1,3,3,0,0
CAV_PE,D,20220928,000000,2.9,2.9,2.8,2.9,0,0
CAV_PE,D,20220929,000000,2.8,3.1,2.7,3.1,0,0
CAV_PE,D,20220930,000000,3.1,3.2,3,3,0,0
CAV_PE,D,20221003,000000,3,3.2,2.9,3.2,0,0
CAV_PE,D,20221004,000000,3,3.2,3,3.2,0,0
CAV_PE,D,20221005,000000,3.1,3.1,3.1,3.1,0,0
CAV_PE,D,20221006,000000,3.1,3.7,3.1,3.7,0,0
CAV_PE,D,20221007,000000,3.6,3.7,3.6,3.7,0,0
CAV_PE,D,20221010,000000,3.6,3.6,3.6,3.6,0,0
CAV_PE,D,20221011,000000,3.7,3.7,3.5,3.5,0,0
CAV_PE,D,20221012,000000,3.5,3.5,3.4,3.5,0,0
CAV_PE,D,20221013,000000,3.5,3.5,3.5,3.5,0,0
CAV_PE,D,20221014,000000,3.5,3.5,3.4,3.4,0,0
CAV_PE,D,20221017,000000,3.4,3.5,3.4,3.5,0,0
CAV_PE,D,20221018,000000,3.5,3.5,3.4,3.4,0,0
CAV_PE,D,20221019,000000,3.4,3.4,3.4,3.4,0,0
CAV_PE,D,20221020,000000,3.3,3.4,3.3,3.4,0,0
CAV_PE,D,20221021,000000,3.4,3.4,3.4,3.4,0,0
CAV_PE,D,20221024,000000,3.4,3.4,3.4,3.4,0,0
CAV_PE,D,20221025,000000,3.3,3.3,3.3,3.3,0,0
CAV_PE,D,20221026,000000,3.4,3.4,3.4,3.4,0,0
CAV_PE,D,20221027,000000,3.4,3.4,3.4,3.4,0,0
CAV_PE,D,20221028,000000,3.4,3.4,3.3,3.3,0,0
CAV_PE,D,20221031,000000,3.4,3.4,3.4,3.4,0,0
CAV_PE,D,20221102,000000,3.5,3.5,3.3,3.4,0,0
CAV_PE,D,20221104,000000,3.4,3.5,3.4,3.5,0,0
CAV_PE,D,20221107,000000,3.5,3.5,3.5,3.5,0,0
CAV_PE,D,20221108,000000,3.5,3.5,3.5,3.5,0,0
CAV_PE,D,20221109,000000,3.4,3.5,3.4,3.5,0,0
CAV_PE,D,20221110,000000,3.5,3.5,3.4,3.5,0,0
CAV_PE,D,20221114,000000,3.5,3.6,3.5,3.6,0,0
CAV_PE,D,20221115,000000,3.6,3.7,3.5,3.6,0,0
CAV_PE,D,20221116,000000,3.5,3.6,3.5,3.6,0,0
CAV_PE,D,20221117,000000,3.5,3.8,3.5,3.8,0,0
CAV_PE,D,20221118,000000,3.7,3.8,3.7,3.7,0,0
CAV_PE,D,20221121,000000,3.7,3.7,3.7,3.7,0,0
CAV_PE,D,20221122,000000,3.7,3.7,3.6,3.7,0,0
CAV_PE,D,20221123,000000,3.7,3.7,3.7,3.7,0,0
CAV_PE,D,20221124,000000,3.7,3.7,3.7,3.7,0,0
CAV_PE,D,20221125,000000,3.7,3.7,3.7,3.7,0,0
CAV_PE,D,20221128,000000,3.8,3.8,3.8,3.8,0,0
CAV_PE,D,20221129,000000,3.7,4.2,3.7,4.2,0,0
CAV_PE,D,20221130,000000,4.2,4.2,4.2,4.2,0,0
CAV_PE,D,20221201,000000,4.2,4.2,4.2,4.2,0,0
CAV_PE,D,20221202,000000,4.2,4.4,4.2,4.4,0,0
CAV_PE,D,20221205,000000,4.3,4.4,4.3,4.4,0,0
CAV_PE,D,20221206,000000,4.4,4.4,4.4,4.4,0,0
CAV_PE,D,20221207,000000,4.3,4.4,4.3,4.4,0,0
CAV_PE,D,20221208,000000,4.3,4.4,4.2,4.4,0,0
CAV_PE,D,20221212,000000,4.4,4.4,4.4,4.4,0,0
CAV_PE,D,20221213,000000,4.4,4.4,4.4,4.4,0,0
CAV_PE,D,20221214,000000,4.2,4.4,4.2,4.4,0,0
CAV_PE,D,20221215,000000,4.3,4.4,4.2,4.4,0,0
CAV_PE,D,20221216,000000,4.2,4.3,4.1,4.3,0,0
CAV_PE,D,20221219,000000,4.3,4.3,4.3,4.3,0,0
CAV_PE,D,20221220,000000,4.3,4.3,4.3,4.3,0,0
CAV_PE,D,20221221,000000,4.3,4.4,4.3,4.3,0,0
CAV_PE,D,20221222,000000,4.3,4.3,4.3,4.3,0,0
CAV_PE,D,20221223,000000,4.3,4.3,4.2,4.3,0,0
CAV_PE,D,20221227,000000,4.3,4.3,4.1,4.2,0,0
CAV_PE,D,20221228,000000,4.1,4.1,4,4,0,0
CAV_PE,D,20221229,000000,4.1,4.3,4,4.3,0,0
CAV_PE,D,20221230,000000,4.3,4.3,4.1,4.1,0,0
CAV_PE,D,20230102,000000,4.3,4.3,4.1,4.2,0,0
CAV_PE,D,20230103,000000,4.2,4.3,4,4.1,0,0
CAV_PE,D,20230104,000000,4.1,4.2,4.1,4.2,0,0
CAV_PE,D,20230105,000000,4.2,4.2,4.2,4.2,0,0
CAV_PE,D,20230109,000000,4.2,4.2,4.2,4.2,0,0
CAV_PE,D,20230110,000000,4.1,4.1,4,4,0,0
CAV_PE,D,20230111,000000,4,4,3.9,4,0,0
CAV_PE,D,20230112,000000,4,4,4,4,0,0
CAV_PE,D,20230113,000000,4,4,4,4,0,0
CAV_PE,D,20230116,000000,4,4.1,3.9,4.1,0,0
CAV_PE,D,20230117,000000,4.1,4.2,4.1,4.2,0,0
CAV_PE,D,20230119,000000,4.2,4.2,4.2,4.2,0,0
CAV_PE,D,20230120,000000,4.2,4.2,4.1,4.2,0,0
CAV_PE,D,20230123,000000,4.2,4.2,4.1,4.1,0,0
CAV_PE,D,20230124,000000,4,4.2,4,4.1,0,0
CAV_PE,D,20230125,000000,4.1,4.1,3.9,4.1,0,0
CAV_PE,D,20230126,000000,4,4.1,4,4.1,0,0
CAV_PE,D,20230127,000000,4.1,4.2,4.1,4.2,0,0
CAV_PE,D,20230130,000000,4.2,4.2,4,4.2,0,0
CAV_PE,D,20230131,000000,4.1,4.2,4,4.2,0,0
CAV_PE,D,20230201,000000,4.1,4.1,4.1,4.1,0,0
CAV_PE,D,20230202,000000,4,4,4,4,0,0
CAV_PE,D,20230203,000000,4.1,4.1,4.1,4.1,0,0
CAV_PE,D,20230206,000000,4.1,4.1,4.1,4.1,0,0
CAV_PE,D,20230207,000000,4.1,4.1,4.1,4.1,0,0
CAV_PE,D,20230208,000000,4.1,4.1,4.1,4.1,0,0
CAV_PE,D,20230209,000000,4.1,4.1,4,4.1,0,0
CAV_PE,D,20230210,000000,4.1,4.1,4,4,0,0
CAV_PE,D,20230213,000000,4.1,4.1,4.1,4.1,0,0
CAV_PE,D,20230214,000000,4.1,4.1,4.1,4.1,0,0
CAV_PE,D,20230215,000000,4.1,4.1,4,4,0,0
CAV_PE,D,20230216,000000,4,4,3.9,3.9,0,0
CAV_PE,D,20230217,000000,4,4,3.8,4,0,0
CAV_PE,D,20230220,000000,3.9,4.1,3.9,4.1,0,0
CAV_PE,D,20230221,000000,4,4.1,3.9,4.1,0,0
CAV_PE,D,20230222,000000,4.1,4.1,4.1,4.1,0,0
CAV_PE,D,20230223,000000,4.1,4.1,4.1,4.1,0,0
CAV_PE,D,20230224,000000,4.1,4.1,4.1,4.1,0,0
CAV_PE,D,20230227,000000,4.1,4.1,4,4,0,0
CAV_PE,D,20230228,000000,4.1,4.1,4,4,0,0
CAV_PE,D,20230301,000000,4,4,3.9,4,0,0
CAV_PE,D,20230302,000000,4,4,4,4,0,0
CAV_PE,D,20230306,000000,4,4.1,4,4.1,0,0
CAV_PE,D,20230307,000000,4.1,4.1,4,4,0,0
CAV_PE,D,20230308,000000,4,4.1,4,4,0,0
CAV_PE,D,20230309,000000,4,4,4,4,0,0
CAV_PE,D,20230310,000000,3.9,4,3.9,4,0,0
CAV_PE,D,20230313,000000,4,4.1,4,4,0,0
CAV_PE,D,20230314,000000,4,4.1,4,4,0,0
CAV_PE,D,20230315,000000,4,4,4,4,0,0
CAV_PE,D,20230316,000000,4,4.1,3.9,3.9,0,0
CAV_PE,D,20230317,000000,4,4,3.9,3.9,0,0
CAV_PE,D,20230320,000000,3.8,3.9,3.8,3.9,0,0
CAV_PE,D,20230321,000000,3.9,3.9,3.8,3.9,0,0
CAV_PE,D,20230322,000000,3.8,3.9,3.8,3.9,0,0
CAV_PE,D,20230324,000000,3.9,3.9,3.9,3.9,0,0
CAV_PE,D,20230327,000000,3.8,3.9,3.8,3.9,0,0
CAV_PE,D,20230328,000000,3.8,3.8,3.5,3.7,0,0
CAV_PE,D,20230329,000000,3.6,3.8,3.6,3.8,0,0
CAV_PE,D,20230330,000000,3.8,3.8,3.8,3.8,0,0
CAV_PE,D,20230331,000000,3.8,3.8,3.7,3.8,0,0
CAV_PE,D,20230403,000000,3.8,3.8,3.7,3.7,0,0
CAV_PE,D,20230404,000000,3.8,3.8,3.7,3.7,0,0
CAV_PE,D,20230405,000000,3.7,3.7,3.7,3.7,0,0
CAV_PE,D,20230406,000000,3.7,3.7,3.7,3.7,0,0
CAV_PE,D,20230411,000000,3.7,3.7,3.6,3.7,0,0
CAV_PE,D,20230412,000000,3.7,3.7,3.7,3.7,0,0
CAV_PE,D,20230413,000000,3.7,3.7,3.7,3.7,0,0
CAV_PE,D,20230414,000000,3.7,3.7,3.6,3.7,0,0
CAV_PE,D,20230417,000000,3.7,3.7,3.7,3.7,0,0
CAV_PE,D,20230418,000000,3.7,3.7,3.6,3.6,0,0
CAV_PE,D,20230419,000000,3.6,3.6,3.6,3.6,0,0
CAV_PE,D,20230420,000000,3.6,3.7,3.6,3.7,0,0
CAV_PE,D,20230421,000000,3.7,3.7,3.7,3.7,0,0
CAV_PE,D,20230424,000000,3.7,3.7,3.5,3.5,0,0
CAV_PE,D,20230425,000000,3.5,3.5,3.5,3.5,0,0
CAV_PE,D,20230426,000000,3.5,3.5,3.4,3.5,0,0
CAV_PE,D,20230427,000000,3.5,3.5,3.4,3.4,0,0
CAV_PE,D,20230428,000000,3.4,3.6,3.4,3.6,0,0
CAV_PE,D,20230502,000000,3.6,3.6,3.6,3.6,0,0
CAV_PE,D,20230504,000000,3.6,16.5,3.6,16.5,0,0
CAV_PE,D,20230505,000000,16.2,16.3,16.2,16.3,0,0
CAV_PE,D,20230508,000000,16.4,16.6,16.3,16.4,0,0
CAV_PE,D,20230509,000000,16.4,16.5,16.4,16.4,0,0
CAV_PE,D,20230510,000000,16.5,16.5,16.4,16.5,0,0
CAV_PE,D,20230511,000000,16.5,16.5,16.4,16.4,0,0
CAV_PE,D,20230512,000000,16.4,16.6,16.4,16.6,0,0
CAV_PE,D,20230515,000000,16.6,16.6,16.3,16.3,0,0
CAV_PE,D,20230516,000000,16.3,16.3,16.1,16.3,0,0
CAV_PE,D,20230517,000000,16.1,16.1,16.1,16.1,0,0
CAV_PE,D,20230518,000000,16.2,16.2,16.1,16.1,0,0
CAV_PE,D,20230519,000000,16.1,16.1,15.4,15.8,0,0
CAV_PE,D,20230522,000000,15.8,15.9,15.8,15.9,0,0
CAV_PE,D,20230523,000000,15.9,16.4,15.9,16.3,0,0
CAV_PE,D,20230524,000000,16.3,16.3,15.7,16.2,0,0
CAV_PE,D,20230525,000000,16.2,16.2,15.6,16.2,0,0
CAV_PE,D,20230526,000000,16.2,16.3,16.2,16.3,0,0
CAV_PE,D,20230529,000000,16.3,16.3,16.3,16.3,0,0
CAV_PE,D,20230530,000000,16.3,16.3,16.2,16.2,0,0
CAV_PE,D,20230531,000000,16.2,16.2,16.2,16.2,0,0
CAV_PE,D,20230601,000000,16.2,16.2,16.2,16.2,0,0
CAV_PE,D,20230602,000000,16.2,16.2,15.3,15.5,0,0
CAV_PE,D,20230605,000000,15.7,15.8,15.6,15.6,0,0
CAV_PE,D,20230606,000000,15.8,15.8,15.6,15.7,0,0
CAV_PE,D,20230607,000000,15.5,16.1,15.5,15.8,0,0
CAV_PE,D,20230609,000000,16,16.2,16,16.2,0,0
CAV_PE,D,20230612,000000,16.2,16.7,16.2,16.6,0,0
CAV_PE,D,20230613,000000,16.6,17.2,16.5,16.7,0,0
CAV_PE,D,20230614,000000,17,17.4,17,17.4,0,0
CAV_PE,D,20230615,000000,17.4,17.4,17.2,17.3,0,0
CAV_PE,D,20230616,000000,17.2,17.3,17.2,17.3,0,0
CAV_PE,D,20230619,000000,17.3,17.3,17.2,17.2,0,0
CAV_PE,D,20230620,000000,17.2,17.2,17.2,17.2,0,0
CAV_PE,D,20230621,000000,17.2,17.2,17.2,17.2,0,0
CAV_PE,D,20230622,000000,17.2,17.2,17,17.1,0,0
CAV_PE,D,20230623,000000,17.1,17.1,16.9,17,0,0
CAV_PE,D,20230626,000000,17,17,16.9,16.9,0,0
CAV_PE,D,20230627,000000,16.9,17,16.9,17,0,0
CAV_PE,D,20230628,000000,17,17,16.9,16.9,0,0
CAV_PE,D,20230629,000000,16.9,16.9,16.9,16.9,0,0
CAV_PE,D,20230630,000000,16.9,16.9,16.8,16.9,0,0
CAV_PE,D,20230703,000000,16.9,17,16.8,16.8,0,0
CAV_PE,D,20230704,000000,16.9,16.9,16.8,16.8,0,0
CAV_PE,D,20230705,000000,16.8,17.1,16.8,17.1,0,0
CAV_PE,D,20230706,000000,17.1,17.1,17,17.1,0,0
CAV_PE,D,20230707,000000,17,17.1,16.9,17.1,0,0
CAV_PE,D,20230710,000000,16.9,16.9,16.9,16.9,0,0
CAV_PE,D,20230711,000000,16.9,16.9,16.9,16.9,0,0
CAV_PE,D,20230712,000000,16.9,16.9,16.8,16.9,0,0
CAV_PE,D,20230713,000000,16.8,16.8,16.7,16.7,0,0
CAV_PE,D,20230714,000000,17.1,17.3,17.1,17.3,0,0
CAV_PE,D,20230717,000000,17.3,17.6,16.7,17.6,0,0
CAV_PE,D,20230718,000000,17.6,17.7,17.5,17.5,0,0
CAV_PE,D,20230719,000000,17.7,17.9,17.7,17.9,0,0
CAV_PE,D,20230720,000000,17.7,18,17.7,18,0,0
CAV_PE,D,20230721,000000,18,18.5,17.8,18.5,0,0
CAV_PE,D,20230724,000000,18.4,18.4,18.4,18.4,0,0
CAV_PE,D,20230725,000000,18.4,18.4,18.4,18.4,0,0
CAV_PE,D,20230726,000000,18.4,18.4,17.7,18,0,0
CAV_PE,D,20230727,000000,18,18.1,17.5,17.8,0,0
CAV_PE,D,20230728,000000,17.5,17.8,17.2,17.8,0,0
CAV_PE,D,20230731,000000,17.7,17.8,17.7,17.8,0,0
CAV_PE,D,20230801,000000,17.8,17.8,17.8,17.8,0,0
CAV_PE,D,20230802,000000,17.8,17.9,17.6,17.9,0,0
CAV_PE,D,20230803,000000,17.9,17.9,17.9,17.9,0,0
CAV_PE,D,20230804,000000,17.9,17.9,17.715,17.8,0,0
CAV_PE,D,20230807,000000,17.799,17.799,17.429,17.5,0,0
CAV_PE,D,20230808,000000,17.501,17.501,17.361,17.5,0,0
CAV_PE,D,20230809,000000,17.501,17.64,17.501,17.6,0,0
CAV_PE,D,20230810,000000,17.554,17.6,17.554,17.6,0,0
CAV_PE,D,20230814,000000,17.647,17.739,17.6,17.6,0,0
CAV_PE,D,20230816,000000,17.601,17.601,16.999,17,0,0
CAV_PE,D,20230817,000000,17.417,17.417,17.4,17.4,0,0
CAV_PE,D,20230822,000000,17.307,17.307,16.844,17.1,0,0
CAV_PE,D,20230823,000000,17.1,17.1,16.73,16.8,0,0
CAV_PE,D,20230824,000000,16.939,17.171,16.753,17,0,0
CAV_PE,D,20230828,000000,16.349,16.721,16.349,16.5,0,0
CAV_PE,D,20230829,000000,16.499,16.732,16.499,16.7,0,0
CAV_PE,D,20230830,000000,16.608,16.608,16.6,16.6,0,0
CAV_PE,D,20230831,000000,17.157,17.157,17.1,17.1,0,0
CAV_PE,D,20230901,000000,17.192,17.2,17.192,17.2,0,0
CAV_PE,D,20230904,000000,17.246,17.246,16.923,17.2,0,0
CAV_PE,D,20230905,000000,16.875,17.1,16.69,17.1,0,0
CAV_PE,D,20230906,000000,16.729,17.007,16.729,17,0,0
CAV_PE,D,20230907,000000,17,17.278,17,17.2,0,0
CAV_PE,D,20230908,000000,17.246,17.6,17.246,17.6,0,0
CAV_PE,D,20230911,000000,17.554,17.925,16.952,17.9,0,0
CAV_PE,D,20230912,000000,17.53,17.53,17.206,17.4,0,0
CAV_PE,D,20230913,000000,17.261,17.261,16.518,17.1,0,0
CAV_PE,D,20230914,000000,17.1,17.1,17.1,17.1,0,0
CAV_PE,D,20230915,000000,17.1,17.1,17.1,17.1,0,0
CAV_PE,D,20230918,000000,17.1,17.1,17.1,17.1,0,0
CAV_PE,D,20230919,000000,17.1,17.1,17.1,17.1,0,0
CAV_PE,D,20230920,000000,17.1,17.1,17.1,17.1,0,0
CAV_PE,D,20230921,000000,17.1,17.1,16.543,16.9,0,0
CAV_PE,D,20230925,000000,16.715,16.715,16.6,16.6,0,0
CAV_PE,D,20230926,000000,16.6,16.6,16.5,16.5,0,0
CAV_PE,D,20230927,000000,16.5,16.5,16.268,16.4,0,0
CAV_PE,D,20230928,000000,16.354,16.4,16.261,16.3,0,0
CAV_PE,D,20230929,000000,16.021,16.4,16.021,16.4,0,0
CAV_PE,D,20231002,000000,16.4,16.4,15.982,16.4,0,0
CAV_PE,D,20240507,000000,4.2,4.2,4.2,4.2,0,0
CAV_PE,D,20240508,000000,4.315,4.344,4.2,4.2,0,0
CAV_PE,D,20240509,000000,4.2,4.2,4.061,4.2,0,0
CAV_PE,D,20240510,000000,4.172,4.2,4.13,4.2,0,0
CAV_PE,D,20240513,000000,4.2,4.2,4.06,4.1,0,0
CAV_PE,D,20240514,000000,4.072,4.1,4.072,4.1,0,0
CAV_PE,D,20240515,000000,4.114,4.2,4.1,4.2,0,0
CAV_PE,D,20240516,000000,4.228,4.257,4.2,4.2,0,0
CAV_PE,D,20240517,000000,4.186,4.2,4.088,4.2,0,0
CAV_PE,D,20240520,000000,4.2,4.285,4.143,4.2,0,0
CAV_PE,D,20240521,000000,4.2,4.2,4.2,4.2,0,0
CAV_PE,D,20240522,000000,4.228,4.3,4.131,4.3,0,0
CAV_PE,D,20240523,000000,4.3,4.456,4.3,4.4,0,0
CAV_PE,D,20240524,000000,4.4,4.4,4.26,4.4,0,0
CAV_PE,D,20240527,000000,4.386,4.4,4.372,4.4,0,0
CAV_PE,D,20240528,000000,4.315,4.358,4.287,4.3,0,0
CAV_PE,D,20240529,000000,4.286,6,4.215,6,0,0
CAV_PE,D,20240531,000000,5.92,6.02,5.879,5.9,0,0
CAV_PE,D,20240603,000000,5.9,6.1,5.9,6.1,0,0
CAV_PE,D,20240604,000000,5.978,6.161,5.978,6.1,0,0
CAV_PE,D,20240606,000000,6.019,6.1,5.879,6.1,0,0
CAV_PE,D,20240607,000000,5.879,6.1,5.879,6.1,0,0
CAV_PE,D,20240610,000000,5.937,6.1,5.917,6.1,0,0
CAV_PE,D,20240611,000000,6.039,6.039,5.9,5.9,0,0
CAV_PE,D,20240612,000000,5.961,6.1,5.88,6.1,0,0
CAV_PE,D,20240613,000000,5.978,6.283,5.978,6.1,0,0
CAV_PE,D,20240614,000000,6.263,6.3,6.08,6.3,0,0
CAV_PE,D,20240617,000000,6.28,6.28,6.198,6.2,0,0
CAV_PE,D,20240618,000000,6.139,6.18,5.874,5.955,0,0
CAV_PE,D,20240619,000000,5.996,6.016,5.9,5.9,0,0
CAV_PE,D,20240620,000000,5.88,5.94,5.88,5.9,0,0
CAV_PE,D,20240621,000000,5.981,5.981,5.9,5.9,0,0
CAV_PE,D,20240624,000000,5.981,6,5.981,6,0,0
CAV_PE,D,20240625,000000,5.939,5.939,5.9,5.9,0,0
CAV_PE,D,20240626,000000,5.9,6,5.9,6,0,0
CAV_PE,D,20240627,000000,5.959,6.041,5.776,6,0,0
CAV_PE,D,20240701,000000,5.657,5.778,5.657,5.7,0,0
CAV_PE,D,20240702,000000,5.863,5.863,5.8,5.8,0,0
CAV_PE,D,20240703,000000,5.78,6,5.719,6,0,0
CAV_PE,D,20240704,000000,5.755,5.878,5.7,5.7,0,0
CAV_PE,D,20240705,000000,5.761,5.983,5.761,5.9,0,0
CAV_PE,D,20240708,000000,5.961,5.961,5.759,5.8,0,0
CAV_PE,D,20240709,000000,5.8,5.8,5.78,5.8,0,0
CAV_PE,D,20240710,000000,5.82,5.82,5.8,5.8,0,0
CAV_PE,D,20240711,000000,5.8,5.8,5.678,5.7,0,0
CAV_PE,D,20240712,000000,5.72,5.802,5.7,5.8,0,0
CAV_PE,D,20240715,000000,5.759,5.759,5.698,5.7,0,0
CAV_PE,D,20240716,000000,5.72,5.72,5.7,5.7,0,0
CAV_PE,D,20240717,000000,5.7,5.7,5.7,5.7,0,0
CAV_PE,D,20240718,000000,5.741,5.761,5.7,5.7,0,0
CAV_PE,D,20240719,000000,5.68,5.7,5.639,5.7,0,0
CAV_PE,D,20240722,000000,5.619,5.863,5.619,5.8,0,0
CAV_PE,D,20240723,000000,5.739,5.9,5.659,5.9,0,0
CAV_PE,D,20240724,000000,5.9,5.9,5.697,5.8,0,0
CAV_PE,D,20240725,000000,5.861,5.861,5.617,5.7,0,0
CAV_PE,D,20240726,000000,5.76,5.78,5.579,5.7,0,0
CAV_PE,D,20240729,000000,5.7,5.822,5.7,5.8,0,0
CAV_PE,D,20240731,000000,5.78,5.8,5.678,5.8,0,0
CAV_PE,D,20240801,000000,5.718,5.718,5.7,5.7,0,0
CAV_PE,D,20240802,000000,5.7,5.7,5.6,5.6,0,0
CAV_PE,D,20240805,000000,5.6,5.6,5.356,5.6,0,0
CAV_PE,D,20240806,000000,5.498,5.742,5.498,5.7,0,0
CAV_PE,D,20240807,000000,5.619,5.619,5.6,5.6,0,0
CAV_PE,D,20240808,000000,5.64,5.64,5.54,5.6,0,0
CAV_PE,D,20240809,000000,5.62,5.7,5.62,5.7,0,0
CAV_PE,D,20240812,000000,5.72,5.72,5.598,5.6,0,0
CAV_PE,D,20240813,000000,5.6,5.723,5.58,5.7,0,0
CAV_PE,D,20240814,000000,5.7,5.7,5.5,5.5,0,0
CAV_PE,D,20240816,000000,5.46,5.5,5.399,5.5,0,0
CAV_PE,D,20240819,000000,5.379,5.662,5.379,5.6,0,0
CAV_PE,D,20240820,000000,5.641,5.641,5.6,5.6,0,0
CAV_PE,D,20240821,000000,5.6,5.722,5.6,5.7,0,0
CAV_PE,D,20240822,000000,5.66,5.72,5.66,5.7,0,0
CAV_PE,D,20240823,000000,5.7,5.761,5.7,5.7,0,0
CAV_PE,D,20240826,000000,5.72,5.9,5.7,5.9,0,0
CAV_PE,D,20240827,000000,5.9,5.9,5.697,5.7,0,0
CAV_PE,D,20240828,000000,5.7,5.843,5.7,5.8,0,0
CAV_PE,D,20240829,000000,5.76,5.8,5.659,5.8,0,0
CAV_PE,D,20240830,000000,5.78,5.8,5.78,5.8,0,0
CAV_PE,D,20240902,000000,5.8,5.861,5.8,5.861,0,0
CAV_PE,D,20240903,000000,5.861,5.902,5.8,5.8,0,0
CAV_PE,D,20240904,000000,5.8,5.8,5.8,5.8,0,0
CAV_PE,D,20240905,000000,5.8,5.8,5.76,5.8,0,0
CAV_PE,D,20240906,000000,5.679,5.8,5.679,5.8,0,0
CAV_PE,D,20240909,000000,5.8,5.8,5.8,5.8,0,0
CAV_PE,D,20240910,000000,5.8,5.8,5.7,5.7,0,0
CAV_PE,D,20240911,000000,5.7,5.8,5.7,5.8,0,0
CAV_PE,D,20240912,000000,5.78,5.78,5.698,5.7,0,0
CAV_PE,D,20240913,000000,5.7,5.741,5.7,5.7,0,0
CAV_PE,D,20240916,000000,5.7,5.8,5.7,5.8,0,0
CAV_PE,D,20240917,000000,5.8,5.8,5.7,5.7,0,0
CAV_PE,D,20240918,000000,5.72,5.761,5.659,5.7,0,0
CAV_PE,D,20240919,000000,5.7,5.761,5.7,5.7,0,0
CAV_PE,D,20240920,000000,5.619,5.7,5.579,5.7,0,0
CAV_PE,D,20240923,000000,5.619,5.72,5.619,5.7,0,0
CAV_PE,D,20240924,000000,5.559,5.7,5.478,5.7,0,0
CAV_PE,D,20240925,000000,5.7,5.7,5.7,5.7,0,0
CAV_PE,D,20240926,000000,5.7,5.7,5.4,5.4,0,0
CAV_PE,D,20240927,000000,5.302,5.302,5.086,5.3,0,0
CAV_PE,D,20240930,000000,5.726,5.726,3.4,3.4,0,0
CAV_PE,D,20241001,000000,3.4,3.4,3.253,3.3,0,0
CAV_PE,D,20241002,000000,3.3,3.337,3.275,3.3,0,0
CAV_PE,D,20241003,000000,3.288,3.288,3.1,3.1,0,0
CAV_PE,D,20241004,000000,3.161,3.2,3.1,3.2,0,0
CAV_PE,D,20241007,000000,3.2,3.212,3.2,3.2,0,0
CAV_PE,D,20241008,000000,3.188,3.2,3.138,3.2,0,0
CAV_PE,D,20241009,000000,3.162,3.2,3.1,3.1,0,0
CAV_PE,D,20241010,000000,3.088,3.1,3.088,3.1,0,0
CAV_PE,D,20241011,000000,3.1,3.1,3.1,3.1,0,0
CAV_PE,D,20241014,000000,3.1,3.1,2.988,3.1,0,0
CAV_PE,D,20241015,000000,3.1,3.1,3.075,3.1,0,0
CAV_PE,D,20241016,000000,3.125,3.125,3,3,0,0
CAV_PE,D,20241017,000000,3,3.012,3,3,0,0
CAV_PE,D,20241018,000000,3.012,3.1,3,3.1,0,0
CAV_PE,D,20241021,000000,3.1,3.1,3,3,0,0
CAV_PE,D,20241022,000000,3,3.061,3,3,0,0
CAV_PE,D,20241023,000000,2.976,3,2.94,3,0,0
CAV_PE,D,20241024,000000,3.025,3.025,2.988,3,0,0
CAV_PE,D,20241025,000000,3.061,3.1,3.012,3.1,0,0
CAV_PE,D,20241028,000000,3.112,3.112,3.1,3.1,0,0
CAV_PE,D,20241029,000000,3.199,3.199,3.1,3.1,0,0
CAV_PE,D,20241030,000000,3.137,3.2,3.137,3.2,0,0
CAV_PE,D,20241031,000000,3.212,3.212,3.188,3.2,0,0
CAV_PE,D,20241104,000000,3.15,3.2,3.125,3.2,0,0
CAV_PE,D,20241105,000000,3.162,3.2,3.162,3.2,0,0
CAV_PE,D,20241106,000000,3.175,3.175,3.1,3.1,0,0
CAV_PE,D,20241107,000000,3.137,3.2,3.137,3.2,0,0
CAV_PE,D,20241108,000000,3.212,3.212,3.1,3.1,0,0
CAV_PE,D,20241112,000000,3.1,3.1,3.051,3.1,0,0
CAV_PE,D,20241113,000000,3.1,3.1,3.088,3.1,0,0
CAV_PE,D,20241114,000000,3.112,3.236,3.075,3.2,0,0
CAV_PE,D,20241115,000000,3.213,3.213,3.1,3.1,0,0
CAV_PE,D,20241118,000000,3.112,3.137,3.1,3.1,0,0
CAV_PE,D,20241119,000000,3.088,3.149,3.088,3.1,0,0
CAV_PE,D,20241120,000000,3.1,3.2,3.1,3.2,0,0
CAV_PE,D,20241121,000000,3.2,3.2,3.2,3.2,0,0
CAV_PE,D,20241122,000000,3.2,3.225,3.2,3.2,0,0
CAV_PE,D,20241125,000000,3.2,3.225,3.2,3.2,0,0
CAV_PE,D,20241126,000000,3.2,3.2,3.2,3.2,0,0
CAV_PE,D,20241127,000000,3.2,3.237,3.2,3.2,0,0
CAV_PE,D,20241128,000000,3.2,3.212,3.188,3.2,0,0
CAV_PE,D,20241129,000000,3.176,3.2,3.151,3.2,0,0
CAV_PE,D,20241202,000000,3.188,3.2,3.163,3.2,0,0
CAV_PE,D,20241203,000000,3.212,3.9,3.212,3.9,0,0
CAV_PE,D,20241204,000000,3.9,3.9,3.9,3.9,0,0
CAV_PE,D,20241205,000000,3.885,3.885,3.8,3.8,0,0
CAV_PE,D,20241206,000000,3.8,3.858,3.8,3.8,0,0
CAV_PE,D,20241209,000000,3.8,3.9,3.757,3.9,0,0
CAV_PE,D,20241210,000000,3.9,3.915,3.841,3.9,0,0
CAV_PE,D,20241211,000000,3.871,3.871,3.8,3.8,0,0
CAV_PE,D,20241212,000000,3.814,3.814,3.757,3.8,0,0
CAV_PE,D,20241213,000000,3.814,3.814,3.785,3.8,0,0
CAV_PE,D,20241216,000000,3.8,3.8,3.785,3.8,0,0
CAV_PE,D,20241217,000000,3.785,3.8,3.785,3.8,0,0
CAV_PE,D,20241218,000000,3.8,3.8,3.8,3.8,0,0
CAV_PE,D,20241219,000000,3.8,3.815,3.8,3.8,0,0
CAV_PE,D,20241220,000000,3.8,3.8,3.785,3.8,0,0
CAV_PE,D,20241223,000000,3.785,3.8,3.785,3.8,0,0
CAV_PE,D,20241227,000000,3.8,3.829,3.8,3.8,0,0
CAV_PE,D,20241230,000000,3.8,3.815,3.8,3.8,0,0
CAV_PE,D,20250102,000000,3.8,3.873,3.8,3.8,0,0
CAV_PE,D,20250103,000000,3.814,3.9,3.814,3.9,0,0
CAV_PE,D,20250107,000000,3.856,4.2,3.856,4.2,0,0
CAV_PE,D,20250108,000000,4.2,4.406,4.2,4.4,0,0
CAV_PE,D,20250109,000000,4.356,4.356,4.2,4.2,0,0
CAV_PE,D,20250110,000000,4.2,4.2,4.099,4.2,0,0
CAV_PE,D,20250113,000000,4.185,4.2,4.055,4.2,0,0
CAV_PE,D,20250114,000000,4.185,4.185,4.069,4.1,0,0
CAV_PE,D,20250115,000000,4.085,4.1,4.071,4.1,0,0
CAV_PE,D,20250116,000000,4.1,4.35,4.1,4.3,0,0
CAV_PE,D,20250117,000000,4.3,4.707,4.3,4.6,0,0
CAV_PE,D,20250120,000000,4.557,5,4.557,5,0,0
CAV_PE,D,20250121,000000,5,5.434,4.971,5,0,0
CAV_PE,D,20250122,000000,5.087,5.32,4.578,5.2,0,0
CAV_PE,D,20250123,000000,5.185,5.185,4.939,5,0,0
CAV_PE,D,20250124,000000,5.044,5.044,4.544,4.8,0,0
CAV_PE,D,20250127,000000,4.625,4.713,4.567,4.7,0,0
CAV_PE,D,20250128,000000,4.7,4.7,4.685,4.7,0,0
CAV_PE,D,20250129,000000,4.715,4.715,4.5,4.5,0,0
CAV_PE,D,20250130,000000,4.558,4.8,4.514,4.8,0,0
CAV_PE,D,20250131,000000,4.858,4.917,4.858,4.9,0,0
CAV_PE,D,20250203,000000,4.885,4.885,4.8,4.8,0,0
CAV_PE,D,20250204,000000,4.8,4.9,4.8,4.9,0,0
CAV_PE,D,20250205,000000,4.9,4.9,4.7,4.7,0,0
CAV_PE,D,20250206,000000,4.729,4.8,4.628,4.8,0,0
CAV_PE,D,20250207,000000,4.771,5.018,4.771,4.8,0,0
CAV_PE,D,20250210,000000,4.887,4.9,4.858,4.9,0,0
CAV_PE,D,20250211,000000,4.871,5.017,4.871,5,0,0
CAV_PE,D,20250212,000000,5,5.029,4.474,4.5,0,0
CAV_PE,D,20250213,000000,4.572,4.572,4.341,4.5,0,0
CAV_PE,D,20250214,000000,4.5,4.5,4.369,4.4,0,0
CAV_PE,D,20250217,000000,4.414,4.487,4.226,4.3,0,0
CAV_PE,D,20250218,000000,4.271,4.4,4.271,4.4,0,0
CAV_PE,D,20250219,000000,4.4,4.4,4.312,4.4,0,0
CAV_PE,D,20250220,000000,4.4,4.4,4.268,4.3,0,0
CAV_PE,D,20250221,000000,4.314,4.329,4.184,4.3,0,0
CAV_PE,D,20250224,000000,4.3,4.3,4.17,4.3,0,0
CAV_PE,D,20250225,000000,4.271,4.3,4.155,4.2,0,0
CAV_PE,D,20250226,000000,4.2,4.2,4.185,4.2,0,0
CAV_PE,D,20250227,000000,4.361,4.4,4.361,4.4,0,0
CAV_PE,D,20250228,000000,4.238,4.385,4.238,4.3,0,0
CAV_PE,D,20250303,000000,4.3,4.3,4.069,4.2,0,0
CAV_PE,D,20250304,000000,4.2,4.2,4.2,4.2,0,0
CAV_PE,D,20250305,000000,4.215,4.215,4.1,4.1,0,0
CAV_PE,D,20250306,000000,4.187,4.2,4.187,4.2,0,0
CAV_PE,D,20250307,000000,4.214,4.214,4.2,4.2,0,0
CAV_PE,D,20250310,000000,4.214,4.301,4.142,4.3,0,0
CAV_PE,D,20250311,000000,4.3,4.314,4.3,4.3,0,0
CAV_PE,D,20250312,000000,4.3,4.3,4.3,4.3,0,0
CAV_PE,D,20250313,000000,4.3,4.3,4.3,4.3,0,0
CAV_PE,D,20250314,000000,4.3,4.358,4.04,4.1,0,0
CAV_PE,D,20250317,000000,4.115,4.32,4.115,4.3,0,0
CAV_PE,D,20250318,000000,4.315,4.358,4.2,4.2,0,0
CAV_PE,D,20250319,000000,4.389,4.4,4.389,4.4,0,0
CAV_PE,D,20250320,000000,4.269,4.4,4.211,4.4,0,0
CAV_PE,D,20250324,000000,4.342,4.342,4.283,4.3,0,0
CAV_PE,D,20250325,000000,4.373,4.4,4.315,4.4,0,0
CAV_PE,D,20250326,000000,4.415,4.415,4.326,4.4,0,0
CAV_PE,D,20250327,000000,4.385,4.5,4.385,4.5,0,0
CAV_PE,D,20250328,000000,4.368,4.368,4.3,4.3,0,0
CAV_PE,D,20250331,000000,4.343,4.4,4.343,4.4,0,0
CAV_PE,D,20250401,000000,4.429,4.444,4.3,4.3,0,0
CAV_PE,D,20250402,000000,4.416,4.5,4.416,4.5,0,0
CAV_PE,D,20250403,000000,4.397,4.485,4.353,4.353,0,0
CAV_PE,D,20250404,000000,4.339,4.339,4.163,4.2,0,0
CAV_PE,D,20250407,000000,4.023,4.156,3.979,4.126,0,0
CAV_PE,D,20250408,000000,4.2,4.2,4.2,4.2,0,0
CAV_PE,D,20250409,000000,4.289,4.289,4.1,4.1,0,0
CAV_PE,D,20250410,000000,4.1,4.1,4.1,4.1,0,0
CAV_PE,D,20250411,000000,4.114,4.114,4.1,4.1,0,0
CAV_PE,D,20250414,000000,4.129,4.3,4.129,4.3,0,0
CAV_PE,D,20250415,000000,4.212,4.3,4.212,4.3,0,0
CAV_PE,D,20250416,000000,4.226,4.3,4.182,4.3,0,0
CAV_PE,D,20250417,000000,4.3,34.2,4.3,34.2,0,0
CAV_PE,D,20250422,000000,33.732,34.083,33.732,33.8,0,0
CAV_PE,D,20250423,000000,34.038,34.038,33.8,33.8,0,0
CAV_PE,D,20250424,000000,33.803,34.4,33.803,34.4,0,0
CAV_PE,D,20250425,000000,34.75,34.75,34.7,34.7,0,0
CAV_PE,D,20250428,000000,34.701,34.701,34.7,34.7,0,0
CAV_PE,D,20250429,000000,34.701,35.2,34.701,35.2,0,0
CAV_PE,D,20250430,000000,35.203,35.203,35.2,35.2,0,0
CAV_PE,D,20250502,000000,35.203,35.203,35.2,35.2,0,0
CAV_PE,D,20250505,000000,35.203,35.8,35.203,35.8,0,0
CAV_PE,D,20250506,000000,36.268,36.268,36.1,36.1,0,0
CAV_PE,D,20250507,000000,35.748,35.8,35.748,35.8,0,0
CAV_PE,D,20250508,000000,35.329,36.15,35.329,35.4,0,0
CAV_PE,D,20250509,000000,35.865,39.381,35.162,36.6,0,0
CAV_PE,D,20250512,000000,36.837,38.01,36.837,38,0,0
CAV_PE,D,20250513,000000,38.001,38.001,38,38,0,0
CAV_PE,D,20250514,000000,38.001,38.001,36.9,36.9,0,0
CAV_PE,D,20250515,000000,37.84,37.84,36.785,36.8,0,0
CAV_PE,D,20250516,000000,36.803,36.92,36.803,36.9,0,0
CAV_PE,D,20250519,000000,37.723,37.8,37.488,37.8,0,0
CAV_PE,D,20250520,000000,37.92,37.92,37.9,37.9,0,0
CAV_PE,D,20250522,000000,37.433,37.55,37.433,37.5,0,0
CAV_PE,D,20250523,000000,37.497,37.5,37.497,37.5,0,0
CAV_PE,D,20250526,000000,37.614,37.614,37.6,37.6,0,0
CAV_PE,D,20250527,000000,37.48,37.6,37.48,37.6,0,0
CAV_PE,D,20250528,000000,37.714,50.5,37.48,50.5,0,0
CAV_PE,D,20250529,000000,50.497,50.497,48.788,48.8,0,0
CAV_PE,D,20250530,000000,49.736,50.513,49.736,50.3,0,0
CAV_PE,D,20250602,000000,50.295,50.3,50.295,50.3,0,0
CAV_PE,D,20250603,000000,49.053,49.1,49.053,49.1,0,0
CAV_PE,D,20250604,000000,49.254,50.031,49.254,50,0,0
CAV_PE,D,20250605,000000,50.155,50.2,50.155,50.2,0,0
CAV_PE,D,20250606,000000,50.202,50.357,49.7,49.7,0,0
CAV_PE,D,20250609,000000,49.705,50.637,49.705,49.9,0,0
CAV_PE,D,20250610,000000,49.907,49.907,49.9,49.9,0,0
CAV_PE,D,20250611,000000,50.218,50.684,49.907,50.6,0,0
CAV_PE,D,20250612,000000,50.605,50.605,50.45,50.5,0,0
CAV_PE,D,20250613,000000,49.876,50.497,49.876,50,0,0
CAV_PE,D,20250616,000000,49.689,50.621,49.689,50.3,0,0
CAV_PE,D,20250617,000000,50.295,50.3,50.295,50.3,0,0
CAV_PE,D,20250618,000000,50.45,50.605,49.984,50.6,0,0
CAV_PE,D,20250620,000000,50.605,50.605,49.829,50.5,0,0
CAV_PE,D,20250623,000000,50.497,50.497,49.876,49.9,0,0
CAV_PE,D,20250624,000000,50.373,50.995,50,50,0,0
CAV_PE,D,20250625,000000,50,50,50,50,0,0
CAV_PE,D,20250626,000000,50.311,50.311,49.689,49.7,0,0
CAV_PE,D,20250627,000000,50.326,50.792,49.705,50.3,0,0
CAV_PE,D,20250630,000000,50.295,50.295,49.829,49.9,0,0
CAV_PE,D,20250701,000000,49.907,50.84,49.751,50.8,0,0
CAV_PE,D,20250702,000000,50.637,50.8,49.705,50.8,0,0
CAV_PE,D,20250703,000000,50.792,50.792,50.6,50.6,0,0
CAV_PE,D,20250704,000000,50.14,50.2,50.14,50.2,0,0
CAV_PE,D,20250707,000000,50.202,50.202,49.7,49.7,0,0
CAV_PE,D,20250708,000000,49.705,50.2,49.55,50.2,0,0
CAV_PE,D,20250709,000000,48.803,48.803,48.8,48.8,0,0
CAV_PE,D,20250710,000000,50.202,50.202,49.114,50.2,0,0
CAV_PE,D,20250714,000000,50.202,50.202,49.7,49.7,0,0
CAV_PE,D,20250715,000000,50.171,50.171,48.6,48.6,0,0
CAV_PE,D,20250718,000000,48.758,48.758,48.447,48.5,0,0
CAV_PE,D,20250721,000000,48.197,48.197,46.6,46.6,0,0
CAV_PE,D,20250722,000000,46.598,46.6,46.598,46.6,0,0
CAV_PE,D,20250723,000000,45.977,45.977,45,45,0,0
CAV_PE,D,20250724,000000,44.848,44.848,43.451,43.8,0,0
CAV_PE,D,20250725,000000,43.802,43.802,43.181,43.2,0,0
CAV_PE,D,20250728,000000,43.505,45.214,42.884,44.9,0,0
CAV_PE,D,20250729,000000,43.816,43.816,43.35,43.5,0,0
CAV_PE,D,20250730,000000,43.505,44.6,42.884,44.6,0,0
CAV_PE,D,20250731,000000,44.141,45.384,44.1,44.1,0,0
CAV_PE,D,20250804,000000,44.255,44.255,44.099,44.1,0,0
CAV_PE,D,20250805,000000,44.099,44.1,44.099,44.1,0,0
CAV_PE,D,20250806,000000,44.255,44.3,44.255,44.3,0,0
CAV_PE,D,20250807,000000,45.073,45.85,43.8,43.8,0,0
CAV_PE,D,20250808,000000,43.492,43.802,43.492,43.8,0,0
CAV_PE,D,20250811,000000,43.492,45.045,43.492,45,0,0
CAV_PE,D,20250812,000000,44.072,44.072,42.675,42.7,0,0
CAV_PE,D,20250813,000000,42.857,42.9,42.857,42.9,0,0
CAV_PE,D,20250814,000000,42.897,42.9,42.897,42.9,0,0
CAV_PE,D,20250818,000000,42.742,42.742,42.586,42.6,0,0
CAV_PE,D,20250819,000000,42.6,43.532,42.6,42.7,0,0
CAV_PE,D,20250820,000000,42.702,43.323,42.7,42.7,0,0
CAV_PE,D,20250821,000000,42.857,43.323,42.857,43.3,0,0
CAV_PE,D,20250822,000000,43.296,43.3,43.296,43.3,0,0
CAV_PE,D,20250825,000000,43.141,43.2,43.141,43.2,0,0
CAV_PE,D,20250826,000000,43.195,43.35,43.195,43.2,0,0
CAV_PE,D,20250827,000000,43.195,43.195,41.9,41.9,0,0
CAV_PE,D,20250828,000000,41.589,41.589,40.348,40.4,0,0
CAV_PE,D,20250829,000000,40.709,40.709,40.398,40.4,0,0
CAV_PE,D,20250901,000000,40.242,40.242,37.29,37.3,0,0
CAV_PE,D,20250902,000000,36.68,37.302,36.68,37.3,0,0
CAV_PE,D,20250903,000000,37.302,37.302,37.146,37.3,0,0
CAV_PE,D,20250904,000000,37.302,37.768,37.146,37.3,0,0
CAV_PE,D,20250905,000000,38.234,38.234,37.1,37.1,0,0
CAV_PE,D,20250908,000000,37.256,37.256,36.635,36.7,0,0
CAV_PE,D,20250909,000000,36.703,37.325,36.703,37.3,0,0
CAV_PE,D,20250910,000000,37.302,37.768,37.3,37.3,0,0
CAV_PE,D,20250911,000000,37.302,37.457,36.991,37.3,0,0
CAV_PE,D,20250912,000000,37.302,37.302,37.3,37.3,0,0
CAV_PE,D,20250915,000000,37.302,37.302,37.3,37.3,0,0
CAV_PE,D,20250916,000000,37.302,37.302,37.3,37.3,0,0
CAV_PE,D,20250917,000000,37.302,37.302,37.3,37.3,0,0
CAV_PE,D,20250918,000000,37.302,37.302,36.991,37.3,0,0
CAV_PE,D,20250919,000000,37.302,37.302,36.991,37.3,0,0
CAV_PE,D,20250922,000000,37.302,37.302,37.3,37.3,0,0
CAV_PE,D,20250923,000000,37.302,37.302,37.3,37.3,0,0
CAV_PE,D,20250924,000000,37.302,37.302,36.525,36.7,0,0
CAV_PE,D,20250925,000000,36.547,36.858,36.5,36.5,0,0
CAV_PE,D,20250926,000000,36.502,45.2,36.191,45.2,0,0
CAV_PE,D,20250929,000000,46.754,51.777,46.754,50.2,0,0
CAV_PE,D,20250930,000000,50.965,50.965,45.946,46.6,0,0
CAV_PE,D,20251001,000000,46.984,47.177,46.4,46.4,0,0
CAV_PE,D,20251002,000000,46.404,48.531,45.437,48.3,0,0
CAV_PE,D,20251003,000000,49.073,49.9,48.3,49.9,0,0
CAV_PE,D,20251006,000000,49.71,49.71,47.776,49.1,0,0
CAV_PE,D,20251007,000000,49.285,51.024,49.285,51,0,0
CAV_PE,D,20251008,000000,51.005,52.55,51.005,52.4,0,0
CAV_PE,D,20251009,000000,52.398,53.171,51.431,52.6,0,0
CAV_PE,D,20251010,000000,52.204,52.591,50.657,52.4,0,0
CAV_PE,D,20251013,000000,52.398,55.878,52.204,55.7,0,0
CAV_PE,D,20251014,000000,56.093,56.48,52.805,54.5,0,0
CAV_PE,D,20251015,000000,54.503,54.503,53.15,53.3,0,0
CAV_PE,D,20251016,000000,54.461,54.9,52.916,54.9,0,0
CAV_PE,D,20251017,000000,53.15,54.7,53.15,54.7,0,0
CAV_PE,D,20251020,000000,52.957,54.9,52.764,54.9,0,0
CAV_PE,D,20251021,000000,53.73,55.5,53.344,55.5,0,0
CAV_PE,D,20251022,000000,55.491,55.684,53.558,55.5,0,0
CAV_PE,D,20251023,000000,53.751,55.298,51.237,53.3,0,0
CAV_PE,D,20251024,000000,53.496,53.5,52.53,53.5,0,0
CAV_PE,D,20251027,000000,53.689,59.676,53.689,58.9,0,0
CAV_PE,D,20251028,000000,58.903,58.903,56.392,57.6,0,0
CAV_PE,D,20251029,000000,57.789,58.949,57.596,57.6,0,0
CAV_PE,D,20251030,000000,57.982,59.142,57.4,57.4,0,0
CAV_PE,D,20251031,000000,58.755,58.755,57.402,57.982,0,0
CAV_PE,D,20251103,000000,58.369,58.369,57.596,58,0,0
CAV_PE,D,20251104,000000,57.618,57.618,56.651,57.2,0,0
CAV_PE,D,20251105,000000,57.402,57.402,55.663,57,0,0
CAV_PE,D,20251106,000000,56.994,57,56.994,57,0,0
CAV_PE,D,20251107,000000,56.607,56.607,54.675,55.7,0,0
CAV_PE,D,20251110,000000,56.286,56.673,54.739,56.6,0,0
CAV_PE,D,20251112,000000,56.801,58.153,56.607,57.2,0,0
CAV_PE,D,20251113,000000,58.369,58.562,57.982,58,0,0
CAV_PE,D,20251114,000000,58.005,58.005,56.458,57.8,0,0
CAV_PE,D,20251117,000000,57.596,57.6,57.596,57.6,0,0
CAV_PE,D,20251118,000000,57.596,57.596,54.697,55.7,0,0
CAV_PE,D,20251119,000000,54.932,56.093,54.932,56,0,0
CAV_PE,D,20251120,000000,55.234,56.006,54.847,55.7,0,0
CAV_PE,D,20251121,000000,54.932,55.706,54.932,55.7,0,0
CAV_PE,D,20251124,000000,54.932,55.706,54.545,54.9,0,0
CAV_PE,D,20251125,000000,54.31,55.276,53.73,55.1,0,0
CAV_PE,D,20251126,000000,54.524,55.3,53.751,55.3,0,0
CAV_PE,D,20251127,000000,53.751,54.524,53.751,54.5,0,0
CAV_PE,D,20251128,000000,54.117,56.049,54.117,56,0,0
CAV_PE,D,20251201,000000,55.234,55.234,53.689,53.9,0,0
CAV_PE,D,20251202,000000,51.777,53.709,51.584,52.6,0,0
CAV_PE,D,20251203,000000,52.204,52.978,51.6,51.6,0,0
CAV_PE,D,20251204,000000,51.604,52.571,51.024,51.8,0,0
CAV_PE,D,20251205,000000,51.218,126.3,50.251,126.3,0,0
CAV_PE,D,20251208,000000,125.356,127.255,123.457,126.3,0,0
CAV_PE,D,20251209,000000,123.457,125.4,122.507,125.4,0,0
CAV_PE,D,20251210,000000,125.356,126.306,123.457,126.3,0,0
CAV_PE,D,20251211,000000,125.831,126.306,124.881,126.3,0,0
CAV_PE,D,20251212,000000,126.306,126.306,126.3,126.3,0,0
CAV_PE,D,20251215,000000,126.781,127.73,126.306,126.8,0,0
CAV_PE,D,20251216,000000,127.73,128.205,127.7,127.7,0,0
CAV_PE,D,20251217,000000,127.73,128.68,127.73,128.2,0,0
CAV_PE,D,20251218,000000,129.155,129.63,128.205,129.6,0,0
CAV_PE,D,20251219,000000,129.63,130.104,127.7,127.7,0,0
CAV_PE,D,20251222,000000,127.73,127.73,121.557,126.3,0,0
CAV_PE,D,20251223,000000,126.306,127.255,124.406,127.255,0,0
CAV_PE,D,20251229,000000,127.73,131.529,123.457,127.7,0,0
CAV_PE,D,20251230,000000,127.255,127.3,127.255,127.3,0,0
CAV_PE,D,20260102,000000,127.73,132.004,127.73,132,0,0
CAV_PE,D,20260105,000000,129.63,129.63,127.255,127.3,0,0
CAV_PE,D,20260107,000000,127.255,129.2,127.255,129.2,0,0
CAV_PE,D,20260108,000000,129.155,131.1,129.155,131.1,0,0
CAV_PE,D,20260109,000000,132.004,135.328,132.004,135.3,0,0
CAV_PE,D,20260112,000000,137.227,138.651,131.054,136.3,0,0
CAV_PE,D,20260113,000000,136.277,136.277,131.054,131.1,0,0
CAV_PE,D,20260114,000000,131.054,134.9,131.054,134.9,0,0
CAV_PE,D,20260115,000000,135.802,135.802,133.428,135.8,0,0
CAV_PE,D,20260116,000000,137.702,137.702,132.479,137.7,0,0
CAV_PE,D,20260119,000000,138.177,142.5,138.177,142.5,0,0
CAV_PE,D,20260120,000000,141.975,141.975,136.752,140.6,0,0
CAV_PE,D,20260121,000000,142.45,142.5,140.551,142.5,0,0
CAV_PE,D,20260122,000000,142.45,144.4,141.975,144.4,0,0
CAV_PE,D,20260123,000000,143.4,146.249,143.4,144.8,0,0
