<TICKER>,<PER>,<DATE>,<TIME>,<OPEN>,<HIGH>,<LOW>,<CLOSE>,<VOL>,<OPENINT>
CAV_PB,D,20210811,000000,0.83,0.83,0.83,0.83,0,0
CAV_PB,D,20210812,000000,0.84,0.84,0.83,0.84,0,0
CAV_PB,D,20210813,000000,0.84,0.84,0.83,0.83,0,0
CAV_PB,D,20210816,000000,0.84,0.84,0.83,0.83,0,0
CAV_PB,D,20210817,000000,0.83,0.83,0.82,0.83,0,0
CAV_PB,D,20210818,000000,0.83,0.83,0.83,0.83,0,0
CAV_PB,D,20210819,000000,0.83,0.83,0.83,0.83,0,0
CAV_PB,D,20210820,000000,0.83,0.83,0.83,0.83,0,0
CAV_PB,D,20210823,000000,0.83,0.84,0.83,0.83,0,0
CAV_PB,D,20210824,000000,0.83,0.83,0.83,0.83,0,0
CAV_PB,D,20210825,000000,0.83,0.83,0.83,0.83,0,0
CAV_PB,D,20210826,000000,0.83,0.84,0.83,0.84,0,0
CAV_PB,D,20210827,000000,0.84,0.84,0.83,0.84,0,0
CAV_PB,D,20210830,000000,0.84,0.84,0.83,0.83,0,0
CAV_PB,D,20210831,000000,0.83,0.85,0.83,0.85,0,0
CAV_PB,D,20210901,000000,0.85,0.85,0.83,0.83,0,0
CAV_PB,D,20210902,000000,0.83,0.84,0.83,0.84,0,0
CAV_PB,D,20210903,000000,0.83,0.84,0.83,0.83,0,0
CAV_PB,D,20210906,000000,0.84,0.84,0.84,0.84,0,0
CAV_PB,D,20210907,000000,0.84,0.85,0.84,0.85,0,0
CAV_PB,D,20210908,000000,0.85,0.86,0.84,0.86,0,0
CAV_PB,D,20210909,000000,0.86,0.86,0.85,0.86,0,0
CAV_PB,D,20210910,000000,0.86,0.86,0.83,0.85,0,0
CAV_PB,D,20210913,000000,0.84,0.85,0.84,0.85,0,0
CAV_PB,D,20210914,000000,0.84,0.84,0.83,0.83,0,0
CAV_PB,D,20210915,000000,0.83,0.84,0.83,0.83,0,0
CAV_PB,D,20210916,000000,0.83,0.83,0.83,0.83,0,0
CAV_PB,D,20210917,000000,0.84,0.84,0.83,0.84,0,0
CAV_PB,D,20210920,000000,0.83,0.84,0.81,0.83,0,0
CAV_PB,D,20210921,000000,0.81,0.83,0.81,0.82,0,0
CAV_PB,D,20210922,000000,0.81,0.83,0.81,0.82,0,0
CAV_PB,D,20210923,000000,0.82,0.83,0.82,0.83,0,0
CAV_PB,D,20210924,000000,0.83,0.83,0.82,0.83,0,0
CAV_PB,D,20210927,000000,0.81,0.83,0.81,0.83,0,0
CAV_PB,D,20210928,000000,0.81,0.83,0.81,0.83,0,0
CAV_PB,D,20210929,000000,0.81,0.83,0.81,0.83,0,0
CAV_PB,D,20210930,000000,0.82,0.83,0.79,0.79,0,0
CAV_PB,D,20211001,000000,0.78,0.78,0.78,0.78,0,0
CAV_PB,D,20211004,000000,0.78,0.79,0.77,0.78,0,0
CAV_PB,D,20211005,000000,0.78,0.78,0.77,0.77,0,0
CAV_PB,D,20211006,000000,0.77,0.77,0.76,0.77,0,0
CAV_PB,D,20211007,000000,0.77,0.79,0.76,0.79,0,0
CAV_PB,D,20211008,000000,0.76,0.79,0.76,0.79,0,0
CAV_PB,D,20211011,000000,0.8,0.8,0.78,0.79,0,0
CAV_PB,D,20211012,000000,0.79,0.81,0.79,0.81,0,0
CAV_PB,D,20211013,000000,0.81,0.84,0.81,0.82,0,0
CAV_PB,D,20211014,000000,0.83,0.83,0.81,0.82,0,0
CAV_PB,D,20211015,000000,0.82,0.83,0.81,0.82,0,0
CAV_PB,D,20211018,000000,0.82,0.82,0.81,0.82,0,0
CAV_PB,D,20211019,000000,0.81,0.81,0.79,0.79,0,0
CAV_PB,D,20211020,000000,0.8,0.82,0.8,0.82,0,0
CAV_PB,D,20211021,000000,0.82,0.82,0.79,0.79,0,0
CAV_PB,D,20211022,000000,0.79,0.81,0.79,0.8,0,0
CAV_PB,D,20211025,000000,0.8,0.8,0.79,0.79,0,0
CAV_PB,D,20211026,000000,0.79,0.82,0.79,0.81,0,0
CAV_PB,D,20211027,000000,0.81,0.81,0.81,0.81,0,0
CAV_PB,D,20211028,000000,0.81,0.81,0.81,0.81,0,0
CAV_PB,D,20211029,000000,0.8,0.82,0.8,0.82,0,0
CAV_PB,D,20211102,000000,0.82,0.83,0.81,0.83,0,0
CAV_PB,D,20211103,000000,0.81,0.82,0.81,0.82,0,0
CAV_PB,D,20211104,000000,0.81,0.82,0.81,0.82,0,0
CAV_PB,D,20211105,000000,0.82,0.82,0.82,0.82,0,0
CAV_PB,D,20211108,000000,0.82,0.82,0.81,0.82,0,0
CAV_PB,D,20211109,000000,0.81,0.82,0.81,0.81,0,0
CAV_PB,D,20211110,000000,0.82,0.82,0.81,0.82,0,0
CAV_PB,D,20211112,000000,0.81,0.81,0.81,0.81,0,0
CAV_PB,D,20211115,000000,0.81,0.81,0.81,0.81,0,0
CAV_PB,D,20211116,000000,0.82,0.82,0.8,0.81,0,0
CAV_PB,D,20211117,000000,0.81,0.81,0.8,0.81,0,0
CAV_PB,D,20211118,000000,0.81,0.81,0.8,0.81,0,0
CAV_PB,D,20211119,000000,0.81,0.81,0.77,0.8,0,0
CAV_PB,D,20211122,000000,0.79,0.79,0.77,0.79,0,0
CAV_PB,D,20211123,000000,0.78,0.79,0.78,0.79,0,0
CAV_PB,D,20211124,000000,0.77,0.78,0.77,0.78,0,0
CAV_PB,D,20211125,000000,0.78,0.78,0.73,0.77,0,0
CAV_PB,D,20211126,000000,0.74,0.79,0.72,0.79,0,0
CAV_PB,D,20211129,000000,0.75,0.81,0.75,0.81,0,0
CAV_PB,D,20211130,000000,0.81,0.81,0.76,0.8,0,0
CAV_PB,D,20211201,000000,0.79,0.81,0.63,0.63,0,0
CAV_PB,D,20211202,000000,0.6,0.63,0.59,0.62,0,0
CAV_PB,D,20211203,000000,0.61,0.61,0.61,0.61,0,0
CAV_PB,D,20211206,000000,0.61,0.61,0.58,0.58,0,0
CAV_PB,D,20211207,000000,0.6,0.6,0.6,0.6,0,0
CAV_PB,D,20211208,000000,0.58,0.59,0.58,0.59,0,0
CAV_PB,D,20211209,000000,0.59,0.59,0.57,0.59,0,0
CAV_PB,D,20211210,000000,0.58,0.59,0.58,0.59,0,0
CAV_PB,D,20211213,000000,0.58,0.59,0.58,0.59,0,0
CAV_PB,D,20211214,000000,0.59,0.59,0.57,0.58,0,0
CAV_PB,D,20211215,000000,0.58,0.58,0.56,0.57,0,0
CAV_PB,D,20211216,000000,0.55,0.56,0.55,0.55,0,0
CAV_PB,D,20211217,000000,0.55,0.56,0.55,0.56,0,0
CAV_PB,D,20211220,000000,0.56,0.56,0.55,0.55,0,0
CAV_PB,D,20211221,000000,0.55,0.56,0.55,0.56,0,0
CAV_PB,D,20211222,000000,0.56,0.58,0.56,0.58,0,0
CAV_PB,D,20211223,000000,0.58,0.6,0.58,0.58,0,0
CAV_PB,D,20211227,000000,0.56,0.58,0.55,0.55,0,0
CAV_PB,D,20211228,000000,0.55,0.56,0.55,0.55,0,0
CAV_PB,D,20211229,000000,0.57,0.57,0.56,0.56,0,0
CAV_PB,D,20211230,000000,0.56,0.56,0.56,0.56,0,0
CAV_PB,D,20220103,000000,0.55,0.56,0.55,0.56,0,0
CAV_PB,D,20220104,000000,0.58,0.58,0.58,0.58,0,0
CAV_PB,D,20220107,000000,0.55,0.57,0.55,0.57,0,0
CAV_PB,D,20220110,000000,0.57,0.57,0.55,0.55,0,0
CAV_PB,D,20220111,000000,0.57,0.57,0.55,0.56,0,0
CAV_PB,D,20220112,000000,0.56,0.56,0.56,0.56,0,0
CAV_PB,D,20220113,000000,0.56,0.56,0.56,0.56,0,0
CAV_PB,D,20220114,000000,0.55,0.63,0.55,0.62,0,0
CAV_PB,D,20220117,000000,0.6,0.62,0.6,0.61,0,0
CAV_PB,D,20220118,000000,0.6,0.63,0.6,0.63,0,0
CAV_PB,D,20220119,000000,0.61,0.61,0.6,0.61,0,0
CAV_PB,D,20220120,000000,0.61,0.61,0.61,0.61,0,0
CAV_PB,D,20220121,000000,0.61,0.61,0.6,0.6,0,0
CAV_PB,D,20220124,000000,0.61,0.62,0.56,0.61,0,0
CAV_PB,D,20220125,000000,0.6,0.63,0.6,0.61,0,0
CAV_PB,D,20220126,000000,0.63,0.64,0.63,0.64,0,0
CAV_PB,D,20220127,000000,0.65,0.65,0.62,0.64,0,0
CAV_PB,D,20220128,000000,0.64,0.64,0.62,0.64,0,0
CAV_PB,D,20220131,000000,0.64,0.65,0.64,0.65,0,0
CAV_PB,D,20220202,000000,0.64,0.65,0.64,0.65,0,0
CAV_PB,D,20220203,000000,0.62,0.65,0.62,0.65,0,0
CAV_PB,D,20220204,000000,0.65,0.65,0.63,0.65,0,0
CAV_PB,D,20220207,000000,0.63,0.65,0.63,0.65,0,0
CAV_PB,D,20220209,000000,0.63,0.64,0.63,0.64,0,0
CAV_PB,D,20220210,000000,0.63,0.65,0.63,0.65,0,0
CAV_PB,D,20220211,000000,0.65,0.65,0.65,0.65,0,0
CAV_PB,D,20220214,000000,0.63,0.65,0.63,0.65,0,0
CAV_PB,D,20220215,000000,0.63,0.65,0.63,0.63,0,0
CAV_PB,D,20220216,000000,0.65,0.65,0.65,0.65,0,0
CAV_PB,D,20220217,000000,0.63,0.64,0.63,0.64,0,0
CAV_PB,D,20220218,000000,0.6,0.64,0.6,0.64,0,0
CAV_PB,D,20220221,000000,0.64,0.64,0.6,0.61,0,0
CAV_PB,D,20220222,000000,0.61,0.61,0.6,0.61,0,0
CAV_PB,D,20220223,000000,0.61,0.61,0.6,0.6,0,0
CAV_PB,D,20220224,000000,0.58,0.58,0.5,0.52,0,0
CAV_PB,D,20220225,000000,0.52,0.53,0.5,0.52,0,0
CAV_PB,D,20220228,000000,0.5,0.53,0.5,0.53,0,0
CAV_PB,D,20220301,000000,0.54,0.57,0.53,0.53,0,0
CAV_PB,D,20220302,000000,0.57,0.57,0.52,0.52,0,0
CAV_PB,D,20220303,000000,0.52,0.52,0.48,0.52,0,0
CAV_PB,D,20220304,000000,0.52,0.52,0.48,0.5,0,0
CAV_PB,D,20220307,000000,0.48,0.49,0.48,0.48,0,0
CAV_PB,D,20220308,000000,0.49,0.49,0.48,0.48,0,0
CAV_PB,D,20220309,000000,0.47,0.49,0.47,0.48,0,0
CAV_PB,D,20220310,000000,0.48,0.48,0.48,0.48,0,0
CAV_PB,D,20220311,000000,0.48,0.5,0.48,0.5,0,0
CAV_PB,D,20220314,000000,0.49,0.52,0.47,0.49,0,0
CAV_PB,D,20220315,000000,0.48,0.5,0.47,0.49,0,0
CAV_PB,D,20220316,000000,0.49,0.49,0.49,0.49,0,0
CAV_PB,D,20220317,000000,0.49,0.5,0.49,0.49,0,0
CAV_PB,D,20220318,000000,0.5,0.51,0.5,0.51,0,0
CAV_PB,D,20220321,000000,0.52,0.53,0.52,0.52,0,0
CAV_PB,D,20220322,000000,0.52,0.54,0.52,0.54,0,0
CAV_PB,D,20220323,000000,0.54,0.57,0.54,0.55,0,0
CAV_PB,D,20220324,000000,0.52,0.56,0.52,0.55,0,0
CAV_PB,D,20220325,000000,0.54,0.56,0.54,0.54,0,0
CAV_PB,D,20220328,000000,0.54,0.56,0.53,0.54,0,0
CAV_PB,D,20220329,000000,0.54,0.54,0.51,0.54,0,0
CAV_PB,D,20220330,000000,0.54,0.54,0.54,0.54,0,0
CAV_PB,D,20220331,000000,0.54,0.54,0.54,0.54,0,0
CAV_PB,D,20220401,000000,0.56,0.56,0.54,0.55,0,0
CAV_PB,D,20220404,000000,0.56,0.61,0.54,0.61,0,0
CAV_PB,D,20220405,000000,0.6,0.62,0.57,0.62,0,0
CAV_PB,D,20220406,000000,0.58,0.62,0.58,0.62,0,0
CAV_PB,D,20220407,000000,0.6,0.62,0.58,0.62,0,0
CAV_PB,D,20220408,000000,0.6,0.62,0.58,0.6,0,0
CAV_PB,D,20220411,000000,0.6,0.61,0.6,0.6,0,0
CAV_PB,D,20220412,000000,0.56,0.6,0.56,0.6,0,0
CAV_PB,D,20220413,000000,0.62,0.63,0.6,0.6,0,0
CAV_PB,D,20220414,000000,0.57,0.59,0.56,0.57,0,0
CAV_PB,D,20220419,000000,0.58,0.58,0.58,0.58,0,0
CAV_PB,D,20220420,000000,0.55,0.6,0.55,0.6,0,0
CAV_PB,D,20220421,000000,0.55,0.59,0.55,0.59,0,0
CAV_PB,D,20220425,000000,0.57,0.57,0.53,0.53,0,0
CAV_PB,D,20220426,000000,0.53,0.54,0.52,0.54,0,0
CAV_PB,D,20220427,000000,0.54,0.54,0.54,0.54,0,0
CAV_PB,D,20220428,000000,0.5,0.53,0.5,0.53,0,0
CAV_PB,D,20220429,000000,0.53,0.53,0.51,0.51,0,0
CAV_PB,D,20220502,000000,0.5,0.52,0.5,0.5,0,0
CAV_PB,D,20220504,000000,0.5,0.52,0.5,0.5,0,0
CAV_PB,D,20220505,000000,0.5,0.52,0.5,0.52,0,0
CAV_PB,D,20220506,000000,0.55,0.55,0.53,0.53,0,0
CAV_PB,D,20220509,000000,0.52,0.52,0.5,0.5,0,0
CAV_PB,D,20220510,000000,0.51,0.51,0.5,0.5,0,0
CAV_PB,D,20220511,000000,0.5,0.5,0.49,0.49,0,0
CAV_PB,D,20220512,000000,0.48,0.5,0.47,0.48,0,0
CAV_PB,D,20220513,000000,0.5,0.5,0.5,0.5,0,0
CAV_PB,D,20220516,000000,0.48,0.51,0.48,0.49,0,0
CAV_PB,D,20220517,000000,0.48,0.51,0.48,0.5,0,0
CAV_PB,D,20220518,000000,0.48,0.5,0.48,0.5,0,0
CAV_PB,D,20220519,000000,0.48,0.51,0.48,0.51,0,0
CAV_PB,D,20220523,000000,0.5,0.5,0.49,0.49,0,0
CAV_PB,D,20220525,000000,0.48,0.49,0.48,0.49,0,0
CAV_PB,D,20220526,000000,0.48,0.5,0.48,0.5,0,0
CAV_PB,D,20220527,000000,0.48,0.5,0.48,0.5,0,0
CAV_PB,D,20220530,000000,0.48,0.5,0.48,0.49,0,0
CAV_PB,D,20220531,000000,0.5,0.5,0.49,0.49,0,0
CAV_PB,D,20220601,000000,0.5,0.5,0.49,0.5,0,0
CAV_PB,D,20220602,000000,0.5,0.5,0.49,0.49,0,0
CAV_PB,D,20220603,000000,0.48,0.49,0.48,0.49,0,0
CAV_PB,D,20220607,000000,0.48,0.49,0.48,0.48,0,0
CAV_PB,D,20220608,000000,0.48,0.49,0.48,0.49,0,0
CAV_PB,D,20220609,000000,0.49,0.49,0.48,0.49,0,0
CAV_PB,D,20220610,000000,0.49,0.49,0.49,0.49,0,0
CAV_PB,D,20220613,000000,0.49,0.5,0.49,0.49,0,0
CAV_PB,D,20220614,000000,0.48,0.5,0.48,0.49,0,0
CAV_PB,D,20220615,000000,0.49,0.49,0.49,0.49,0,0
CAV_PB,D,20220617,000000,0.47,0.47,0.47,0.47,0,0
CAV_PB,D,20220620,000000,0.49,0.49,0.49,0.49,0,0
CAV_PB,D,20220624,000000,0.49,0.49,0.48,0.49,0,0
CAV_PB,D,20220627,000000,0.49,0.5,0.49,0.5,0,0
CAV_PB,D,20220628,000000,0.49,0.5,0.49,0.5,0,0
CAV_PB,D,20220629,000000,0.5,0.51,0.5,0.51,0,0
CAV_PB,D,20220630,000000,0.51,0.51,0.51,0.51,0,0
CAV_PB,D,20220701,000000,0.53,0.55,0.52,0.52,0,0
CAV_PB,D,20220704,000000,0.52,0.55,0.52,0.55,0,0
CAV_PB,D,20220705,000000,0.53,0.53,0.53,0.53,0,0
CAV_PB,D,20220706,000000,0.53,0.54,0.52,0.53,0,0
CAV_PB,D,20220707,000000,0.53,0.54,0.51,0.51,0,0
CAV_PB,D,20220708,000000,0.54,0.54,0.54,0.54,0,0
CAV_PB,D,20220712,000000,0.5,0.53,0.5,0.53,0,0
CAV_PB,D,20220713,000000,0.49,0.49,0.49,0.49,0,0
CAV_PB,D,20220714,000000,0.52,0.52,0.48,0.5,0,0
CAV_PB,D,20220715,000000,0.5,0.52,0.5,0.52,0,0
CAV_PB,D,20220718,000000,0.51,0.52,0.48,0.52,0,0
CAV_PB,D,20220719,000000,0.48,0.51,0.48,0.51,0,0
CAV_PB,D,20220720,000000,0.51,0.51,0.49,0.5,0,0
CAV_PB,D,20220721,000000,0.5,0.51,0.5,0.51,0,0
CAV_PB,D,20220722,000000,0.51,0.51,0.5,0.51,0,0
CAV_PB,D,20220725,000000,0.5,0.51,0.49,0.51,0,0
CAV_PB,D,20220726,000000,0.51,0.51,0.49,0.49,0,0
CAV_PB,D,20220727,000000,0.49,0.5,0.49,0.5,0,0
CAV_PB,D,20220728,000000,0.5,0.5,0.5,0.5,0,0
CAV_PB,D,20220729,000000,0.49,0.5,0.48,0.5,0,0
CAV_PB,D,20220801,000000,0.5,0.5,0.5,0.5,0,0
CAV_PB,D,20220802,000000,0.5,0.5,0.49,0.49,0,0
CAV_PB,D,20220803,000000,0.49,0.5,0.49,0.5,0,0
CAV_PB,D,20220804,000000,0.51,0.51,0.5,0.51,0,0
CAV_PB,D,20220805,000000,0.5,0.51,0.49,0.51,0,0
CAV_PB,D,20220808,000000,0.51,0.51,0.51,0.51,0,0
CAV_PB,D,20220809,000000,0.49,0.51,0.49,0.51,0,0
CAV_PB,D,20220810,000000,0.51,0.51,0.49,0.5,0,0
CAV_PB,D,20220811,000000,0.51,0.51,0.48,0.5,0,0
CAV_PB,D,20220812,000000,0.5,0.51,0.5,0.51,0,0
CAV_PB,D,20220816,000000,0.51,0.51,0.48,0.49,0,0
CAV_PB,D,20220817,000000,0.49,0.5,0.48,0.5,0,0
CAV_PB,D,20220818,000000,0.5,0.5,0.49,0.49,0,0
CAV_PB,D,20220819,000000,0.5,0.5,0.48,0.49,0,0
CAV_PB,D,20220822,000000,0.49,0.49,0.49,0.49,0,0
CAV_PB,D,20220823,000000,0.49,0.49,0.49,0.49,0,0
CAV_PB,D,20220824,000000,0.49,0.49,0.49,0.49,0,0
CAV_PB,D,20220825,000000,0.49,0.49,0.49,0.49,0,0
CAV_PB,D,20220826,000000,0.49,0.51,0.49,0.51,0,0
CAV_PB,D,20220829,000000,0.49,0.5,0.49,0.49,0,0
CAV_PB,D,20220830,000000,0.49,0.49,0.48,0.49,0,0
CAV_PB,D,20220831,000000,0.49,0.49,0.48,0.49,0,0
CAV_PB,D,20220901,000000,0.48,0.49,0.47,0.48,0,0
CAV_PB,D,20220902,000000,0.48,0.48,0.48,0.48,0,0
CAV_PB,D,20220905,000000,0.48,0.49,0.48,0.49,0,0
CAV_PB,D,20220906,000000,0.48,0.49,0.48,0.48,0,0
CAV_PB,D,20220907,000000,0.48,0.49,0.47,0.49,0,0
CAV_PB,D,20220908,000000,0.47,0.49,0.47,0.49,0,0
CAV_PB,D,20220909,000000,0.47,0.49,0.47,0.49,0,0
CAV_PB,D,20220912,000000,0.49,0.49,0.49,0.49,0,0
CAV_PB,D,20220913,000000,0.49,0.49,0.49,0.49,0,0
CAV_PB,D,20220914,000000,0.47,0.49,0.47,0.49,0,0
CAV_PB,D,20220916,000000,0.47,0.5,0.47,0.5,0,0
CAV_PB,D,20220919,000000,0.49,0.49,0.47,0.49,0,0
CAV_PB,D,20220920,000000,0.47,0.49,0.47,0.49,0,0
CAV_PB,D,20220921,000000,0.48,0.49,0.48,0.49,0,0
CAV_PB,D,20220922,000000,0.47,0.49,0.47,0.47,0,0
CAV_PB,D,20220923,000000,0.47,0.47,0.46,0.46,0,0
CAV_PB,D,20220926,000000,0.48,0.48,0.46,0.46,0,0
CAV_PB,D,20220927,000000,0.45,0.46,0.45,0.45,0,0
CAV_PB,D,20220928,000000,0.45,0.45,0.43,0.44,0,0
CAV_PB,D,20220929,000000,0.43,0.47,0.41,0.47,0,0
CAV_PB,D,20220930,000000,0.47,0.49,0.46,0.46,0,0
CAV_PB,D,20221003,000000,0.46,0.48,0.44,0.48,0,0
CAV_PB,D,20221004,000000,0.46,0.48,0.46,0.48,0,0
CAV_PB,D,20221005,000000,0.47,0.47,0.47,0.47,0,0
CAV_PB,D,20221006,000000,0.48,0.48,0.47,0.47,0,0
CAV_PB,D,20221007,000000,0.46,0.47,0.46,0.47,0,0
CAV_PB,D,20221010,000000,0.46,0.46,0.46,0.46,0,0
CAV_PB,D,20221011,000000,0.47,0.47,0.45,0.45,0,0
CAV_PB,D,20221012,000000,0.45,0.45,0.44,0.45,0,0
CAV_PB,D,20221013,000000,0.45,0.45,0.45,0.45,0,0
CAV_PB,D,20221014,000000,0.45,0.45,0.44,0.44,0,0
CAV_PB,D,20221017,000000,0.44,0.44,0.44,0.44,0,0
CAV_PB,D,20221018,000000,0.44,0.44,0.44,0.44,0,0
CAV_PB,D,20221019,000000,0.44,0.44,0.43,0.44,0,0
CAV_PB,D,20221020,000000,0.43,0.44,0.43,0.44,0,0
CAV_PB,D,20221021,000000,0.44,0.44,0.43,0.44,0,0
CAV_PB,D,20221024,000000,0.44,0.44,0.44,0.44,0,0
CAV_PB,D,20221025,000000,0.43,0.43,0.42,0.42,0,0
CAV_PB,D,20221026,000000,0.43,0.43,0.43,0.43,0,0
CAV_PB,D,20221027,000000,0.43,0.43,0.43,0.43,0,0
CAV_PB,D,20221028,000000,0.43,0.43,0.42,0.42,0,0
CAV_PB,D,20221031,000000,0.44,0.44,0.44,0.44,0,0
CAV_PB,D,20221102,000000,0.44,0.44,0.42,0.44,0,0
CAV_PB,D,20221104,000000,0.44,0.44,0.44,0.44,0,0
CAV_PB,D,20221107,000000,0.44,0.45,0.44,0.45,0,0
CAV_PB,D,20221108,000000,0.45,0.45,0.45,0.45,0,0
CAV_PB,D,20221109,000000,0.43,0.45,0.43,0.45,0,0
CAV_PB,D,20221110,000000,0.45,0.46,0.44,0.44,0,0
CAV_PB,D,20221114,000000,0.44,0.46,0.44,0.46,0,0
CAV_PB,D,20221115,000000,0.46,0.47,0.45,0.47,0,0
CAV_PB,D,20221116,000000,0.45,0.47,0.45,0.47,0,0
CAV_PB,D,20221117,000000,0.45,0.48,0.45,0.48,0,0
CAV_PB,D,20221118,000000,0.47,0.48,0.47,0.48,0,0
CAV_PB,D,20221121,000000,0.48,0.48,0.48,0.48,0,0
CAV_PB,D,20221122,000000,0.48,0.48,0.47,0.47,0,0
CAV_PB,D,20221123,000000,0.47,0.47,0.47,0.47,0,0
CAV_PB,D,20221124,000000,0.47,0.47,0.47,0.47,0,0
CAV_PB,D,20221125,000000,0.47,0.47,0.47,0.47,0,0
CAV_PB,D,20221128,000000,0.48,0.48,0.48,0.48,0,0
CAV_PB,D,20221129,000000,0.47,0.48,0.47,0.47,0,0
CAV_PB,D,20221130,000000,0.47,0.47,0.47,0.47,0,0
CAV_PB,D,20221201,000000,0.47,0.47,0.47,0.47,0,0
CAV_PB,D,20221202,000000,0.47,0.5,0.47,0.49,0,0
CAV_PB,D,20221205,000000,0.48,0.5,0.48,0.5,0,0
CAV_PB,D,20221206,000000,0.49,0.49,0.49,0.49,0,0
CAV_PB,D,20221207,000000,0.48,0.5,0.48,0.5,0,0
CAV_PB,D,20221208,000000,0.48,0.5,0.48,0.49,0,0
CAV_PB,D,20221212,000000,0.49,0.49,0.49,0.49,0,0
CAV_PB,D,20221213,000000,0.49,0.49,0.49,0.49,0,0
CAV_PB,D,20221214,000000,0.48,0.5,0.48,0.5,0,0
CAV_PB,D,20221215,000000,0.48,0.49,0.48,0.49,0,0
CAV_PB,D,20221216,000000,0.47,0.48,0.46,0.48,0,0
CAV_PB,D,20221219,000000,0.48,0.48,0.48,0.48,0,0
CAV_PB,D,20221220,000000,0.48,0.48,0.48,0.48,0,0
CAV_PB,D,20221221,000000,0.49,0.49,0.48,0.49,0,0
CAV_PB,D,20221222,000000,0.49,0.49,0.49,0.49,0,0
CAV_PB,D,20221223,000000,0.48,0.48,0.48,0.48,0,0
CAV_PB,D,20221227,000000,0.48,0.48,0.46,0.47,0,0
CAV_PB,D,20221228,000000,0.46,0.46,0.45,0.45,0,0
CAV_PB,D,20221229,000000,0.47,0.48,0.45,0.48,0,0
CAV_PB,D,20221230,000000,0.48,0.48,0.46,0.46,0,0
CAV_PB,D,20230102,000000,0.48,0.49,0.46,0.48,0,0
CAV_PB,D,20230103,000000,0.48,0.48,0.46,0.47,0,0
CAV_PB,D,20230104,000000,0.47,0.47,0.47,0.47,0,0
CAV_PB,D,20230105,000000,0.47,0.47,0.47,0.47,0,0
CAV_PB,D,20230109,000000,0.47,0.47,0.47,0.47,0,0
CAV_PB,D,20230110,000000,0.46,0.46,0.45,0.45,0,0
CAV_PB,D,20230111,000000,0.45,0.45,0.45,0.45,0,0
CAV_PB,D,20230112,000000,0.45,0.45,0.45,0.45,0,0
CAV_PB,D,20230113,000000,0.45,0.45,0.45,0.45,0,0
CAV_PB,D,20230116,000000,0.45,0.46,0.44,0.46,0,0
CAV_PB,D,20230117,000000,0.45,0.47,0.45,0.47,0,0
CAV_PB,D,20230119,000000,0.47,0.47,0.47,0.47,0,0
CAV_PB,D,20230120,000000,0.47,0.47,0.45,0.47,0,0
CAV_PB,D,20230123,000000,0.47,0.47,0.46,0.46,0,0
CAV_PB,D,20230124,000000,0.45,0.47,0.45,0.46,0,0
CAV_PB,D,20230125,000000,0.46,0.46,0.45,0.46,0,0
CAV_PB,D,20230126,000000,0.45,0.46,0.45,0.46,0,0
CAV_PB,D,20230127,000000,0.46,0.47,0.46,0.47,0,0
CAV_PB,D,20230130,000000,0.47,0.47,0.45,0.47,0,0
CAV_PB,D,20230131,000000,0.45,0.47,0.45,0.47,0,0
CAV_PB,D,20230201,000000,0.46,0.46,0.45,0.46,0,0
CAV_PB,D,20230202,000000,0.45,0.45,0.45,0.45,0,0
CAV_PB,D,20230203,000000,0.46,0.47,0.46,0.47,0,0
CAV_PB,D,20230206,000000,0.46,0.46,0.46,0.46,0,0
CAV_PB,D,20230207,000000,0.47,0.47,0.46,0.46,0,0
CAV_PB,D,20230208,000000,0.46,0.46,0.46,0.46,0,0
CAV_PB,D,20230209,000000,0.46,0.46,0.45,0.46,0,0
CAV_PB,D,20230210,000000,0.46,0.46,0.45,0.45,0,0
CAV_PB,D,20230213,000000,0.46,0.46,0.46,0.46,0,0
CAV_PB,D,20230214,000000,0.46,0.46,0.46,0.46,0,0
CAV_PB,D,20230215,000000,0.46,0.46,0.45,0.45,0,0
CAV_PB,D,20230216,000000,0.45,0.45,0.44,0.44,0,0
CAV_PB,D,20230217,000000,0.45,0.46,0.44,0.45,0,0
CAV_PB,D,20230220,000000,0.44,0.46,0.44,0.46,0,0
CAV_PB,D,20230221,000000,0.45,0.46,0.44,0.46,0,0
CAV_PB,D,20230222,000000,0.46,0.46,0.46,0.46,0,0
CAV_PB,D,20230223,000000,0.46,0.46,0.46,0.46,0,0
CAV_PB,D,20230224,000000,0.46,0.46,0.46,0.46,0,0
CAV_PB,D,20230227,000000,0.46,0.46,0.44,0.45,0,0
CAV_PB,D,20230228,000000,0.46,0.46,0.45,0.45,0,0
CAV_PB,D,20230301,000000,0.45,0.45,0.44,0.45,0,0
CAV_PB,D,20230302,000000,0.45,0.45,0.45,0.45,0,0
CAV_PB,D,20230306,000000,0.45,0.46,0.45,0.46,0,0
CAV_PB,D,20230307,000000,0.46,0.46,0.44,0.45,0,0
CAV_PB,D,20230308,000000,0.45,0.45,0.45,0.45,0,0
CAV_PB,D,20230309,000000,0.45,0.45,0.45,0.45,0,0
CAV_PB,D,20230310,000000,0.45,0.45,0.45,0.45,0,0
CAV_PB,D,20230313,000000,0.45,0.46,0.44,0.44,0,0
CAV_PB,D,20230314,000000,0.45,0.45,0.45,0.45,0,0
CAV_PB,D,20230315,000000,0.45,0.45,0.44,0.45,0,0
CAV_PB,D,20230316,000000,0.45,0.45,0.44,0.44,0,0
CAV_PB,D,20230317,000000,0.45,0.45,0.43,0.44,0,0
CAV_PB,D,20230320,000000,0.44,0.45,0.43,0.44,0,0
CAV_PB,D,20230321,000000,0.44,0.44,0.43,0.44,0,0
CAV_PB,D,20230322,000000,0.43,0.44,0.43,0.44,0,0
CAV_PB,D,20230324,000000,0.44,0.44,0.44,0.44,0,0
CAV_PB,D,20230327,000000,0.43,0.44,0.42,0.44,0,0
CAV_PB,D,20230328,000000,0.43,0.43,0.39,0.42,0,0
CAV_PB,D,20230329,000000,0.41,0.43,0.41,0.43,0,0
CAV_PB,D,20230330,000000,0.43,0.43,0.43,0.43,0,0
CAV_PB,D,20230331,000000,0.43,0.43,0.42,0.42,0,0
CAV_PB,D,20230403,000000,0.42,0.42,0.41,0.41,0,0
CAV_PB,D,20230404,000000,0.42,0.42,0.42,0.42,0,0
CAV_PB,D,20230405,000000,0.42,0.42,0.42,0.42,0,0
CAV_PB,D,20230406,000000,0.42,0.42,0.42,0.42,0,0
CAV_PB,D,20230411,000000,0.42,0.42,0.41,0.42,0,0
CAV_PB,D,20230412,000000,0.42,0.42,0.42,0.42,0,0
CAV_PB,D,20230413,000000,0.42,0.42,0.42,0.42,0,0
CAV_PB,D,20230414,000000,0.42,0.42,0.41,0.41,0,0
CAV_PB,D,20230417,000000,0.41,0.41,0.41,0.41,0,0
CAV_PB,D,20230418,000000,0.42,0.42,0.41,0.41,0,0
CAV_PB,D,20230419,000000,0.41,0.41,0.4,0.4,0,0
CAV_PB,D,20230420,000000,0.4,0.41,0.4,0.41,0,0
CAV_PB,D,20230421,000000,0.41,0.41,0.41,0.41,0,0
CAV_PB,D,20230424,000000,0.41,0.41,0.4,0.4,0,0
CAV_PB,D,20230425,000000,0.4,0.4,0.4,0.4,0,0
CAV_PB,D,20230426,000000,0.4,0.4,0.39,0.39,0,0
CAV_PB,D,20230427,000000,0.39,0.39,0.38,0.38,0,0
CAV_PB,D,20230428,000000,0.38,0.41,0.38,0.4,0,0
CAV_PB,D,20230502,000000,0.4,0.41,0.4,0.41,0,0
CAV_PB,D,20230504,000000,0.41,0.42,0.41,0.42,0,0
CAV_PB,D,20230505,000000,0.41,0.41,0.41,0.41,0,0
CAV_PB,D,20230508,000000,0.41,0.42,0.41,0.41,0,0
CAV_PB,D,20230509,000000,0.41,0.42,0.41,0.41,0,0
CAV_PB,D,20230510,000000,0.42,0.42,0.41,0.41,0,0
CAV_PB,D,20230511,000000,0.42,0.42,0.41,0.41,0,0
CAV_PB,D,20230512,000000,0.41,0.42,0.41,0.42,0,0
CAV_PB,D,20230515,000000,0.42,0.42,0.41,0.41,0,0
CAV_PB,D,20230516,000000,0.41,0.41,0.41,0.41,0,0
CAV_PB,D,20230517,000000,0.4,0.4,0.4,0.4,0,0
CAV_PB,D,20230518,000000,0.41,0.41,0.4,0.4,0,0
CAV_PB,D,20230519,000000,0.4,0.4,0.39,0.4,0,0
CAV_PB,D,20230522,000000,0.4,0.4,0.4,0.4,0,0
CAV_PB,D,20230523,000000,0.4,0.41,0.4,0.41,0,0
CAV_PB,D,20230524,000000,0.41,0.41,0.4,0.41,0,0
CAV_PB,D,20230525,000000,0.41,0.41,0.39,0.41,0,0
CAV_PB,D,20230526,000000,0.41,0.41,0.41,0.41,0,0
CAV_PB,D,20230529,000000,0.41,0.41,0.41,0.41,0,0
CAV_PB,D,20230530,000000,0.41,0.41,0.4,0.4,0,0
CAV_PB,D,20230531,000000,0.4,0.4,0.4,0.4,0,0
CAV_PB,D,20230601,000000,0.4,0.4,0.4,0.4,0,0
CAV_PB,D,20230602,000000,0.4,0.4,0.38,0.38,0,0
CAV_PB,D,20230605,000000,0.39,0.39,0.38,0.38,0,0
CAV_PB,D,20230606,000000,0.39,0.39,0.38,0.39,0,0
CAV_PB,D,20230607,000000,0.38,0.4,0.38,0.39,0,0
CAV_PB,D,20230609,000000,0.4,0.4,0.4,0.4,0,0
CAV_PB,D,20230612,000000,0.4,0.41,0.4,0.41,0,0
CAV_PB,D,20230613,000000,0.41,0.43,0.41,0.41,0,0
CAV_PB,D,20230614,000000,0.42,0.43,0.42,0.43,0,0
CAV_PB,D,20230615,000000,0.43,0.43,0.43,0.43,0,0
CAV_PB,D,20230616,000000,0.43,0.43,0.43,0.43,0,0
CAV_PB,D,20230619,000000,0.43,0.43,0.43,0.43,0,0
CAV_PB,D,20230620,000000,0.43,0.43,0.43,0.43,0,0
CAV_PB,D,20230621,000000,0.43,0.43,0.43,0.43,0,0
CAV_PB,D,20230622,000000,0.42,0.42,0.42,0.42,0,0
CAV_PB,D,20230623,000000,0.42,0.42,0.42,0.42,0,0
CAV_PB,D,20230626,000000,0.42,0.42,0.42,0.42,0,0
CAV_PB,D,20230627,000000,0.42,0.42,0.42,0.42,0,0
CAV_PB,D,20230628,000000,0.42,0.42,0.42,0.42,0,0
CAV_PB,D,20230629,000000,0.42,0.42,0.42,0.42,0,0
CAV_PB,D,20230630,000000,0.42,0.42,0.41,0.42,0,0
CAV_PB,D,20230703,000000,0.42,0.42,0.41,0.42,0,0
CAV_PB,D,20230704,000000,0.42,0.42,0.42,0.42,0,0
CAV_PB,D,20230705,000000,0.42,0.42,0.42,0.42,0,0
CAV_PB,D,20230706,000000,0.42,0.42,0.42,0.42,0,0
CAV_PB,D,20230707,000000,0.42,0.42,0.42,0.42,0,0
CAV_PB,D,20230710,000000,0.42,0.42,0.42,0.42,0,0
CAV_PB,D,20230711,000000,0.42,0.42,0.42,0.42,0,0
CAV_PB,D,20230712,000000,0.42,0.42,0.41,0.42,0,0
CAV_PB,D,20230713,000000,0.41,0.41,0.41,0.41,0,0
CAV_PB,D,20230714,000000,0.42,0.43,0.42,0.43,0,0
CAV_PB,D,20230717,000000,0.43,0.43,0.41,0.43,0,0
CAV_PB,D,20230718,000000,0.43,0.44,0.43,0.43,0,0
CAV_PB,D,20230719,000000,0.44,0.44,0.44,0.44,0,0
CAV_PB,D,20230720,000000,0.44,0.44,0.44,0.44,0,0
CAV_PB,D,20230721,000000,0.44,0.46,0.44,0.46,0,0
CAV_PB,D,20230724,000000,0.45,0.45,0.45,0.45,0,0
CAV_PB,D,20230725,000000,0.45,0.45,0.45,0.45,0,0
CAV_PB,D,20230726,000000,0.45,0.45,0.43,0.44,0,0
CAV_PB,D,20230727,000000,0.44,0.45,0.43,0.44,0,0
CAV_PB,D,20230728,000000,0.43,0.44,0.42,0.44,0,0
CAV_PB,D,20230731,000000,0.44,0.44,0.44,0.44,0,0
CAV_PB,D,20230801,000000,0.44,0.44,0.44,0.44,0,0
CAV_PB,D,20230802,000000,0.44,0.44,0.43,0.44,0,0
CAV_PB,D,20230803,000000,0.44,0.44,0.44,0.44,0,0
CAV_PB,D,20230804,000000,0.44,0.441,0.437,0.44,0,0
CAV_PB,D,20230807,000000,0.44,0.44,0.431,0.431,0,0
CAV_PB,D,20230808,000000,0.431,0.431,0.428,0.431,0,0
CAV_PB,D,20230809,000000,0.431,0.435,0.431,0.435,0,0
CAV_PB,D,20230810,000000,0.433,0.433,0.433,0.433,0,0
CAV_PB,D,20230814,000000,0.435,0.437,0.435,0.435,0,0
CAV_PB,D,20230816,000000,0.435,0.435,0.42,0.42,0,0
CAV_PB,D,20230817,000000,0.43,0.43,0.43,0.43,0,0
CAV_PB,D,20230822,000000,0.428,0.428,0.416,0.423,0,0
CAV_PB,D,20230823,000000,0.423,0.423,0.414,0.414,0,0
CAV_PB,D,20230824,000000,0.417,0.423,0.413,0.419,0,0
CAV_PB,D,20230828,000000,0.403,0.412,0.403,0.406,0,0
CAV_PB,D,20230829,000000,0.406,0.412,0.406,0.412,0,0
CAV_PB,D,20230830,000000,0.409,0.409,0.409,0.409,0,0
CAV_PB,D,20230831,000000,0.423,0.423,0.423,0.423,0,0
CAV_PB,D,20230901,000000,0.425,0.425,0.425,0.425,0,0
CAV_PB,D,20230904,000000,0.427,0.427,0.419,0.424,0,0
CAV_PB,D,20230905,000000,0.416,0.421,0.412,0.421,0,0
CAV_PB,D,20230906,000000,0.412,0.419,0.412,0.419,0,0
CAV_PB,D,20230907,000000,0.419,0.425,0.419,0.425,0,0
CAV_PB,D,20230908,000000,0.427,0.435,0.427,0.435,0,0
CAV_PB,D,20230911,000000,0.433,0.443,0.419,0.443,0,0
CAV_PB,D,20230912,000000,0.433,0.433,0.425,0.429,0,0
CAV_PB,D,20230913,000000,0.425,0.425,0.407,0.421,0,0
CAV_PB,D,20230914,000000,0.421,0.421,0.421,0.421,0,0
CAV_PB,D,20230915,000000,0.421,0.421,0.421,0.421,0,0
CAV_PB,D,20230918,000000,0.421,0.421,0.421,0.421,0,0
CAV_PB,D,20230919,000000,0.421,0.421,0.421,0.421,0,0
CAV_PB,D,20230920,000000,0.421,0.421,0.421,0.421,0,0
CAV_PB,D,20230921,000000,0.421,0.421,0.407,0.416,0,0
CAV_PB,D,20230925,000000,0.412,0.412,0.409,0.409,0,0
CAV_PB,D,20230926,000000,0.409,0.409,0.407,0.407,0,0
CAV_PB,D,20230927,000000,0.407,0.407,0.401,0.404,0,0
CAV_PB,D,20230928,000000,0.403,0.404,0.4,0.403,0,0
CAV_PB,D,20230929,000000,0.396,0.404,0.396,0.404,0,0
CAV_PB,D,20231002,000000,0.404,0.404,0.393,0.402,0,0
CAV_PB,D,20231003,000000,0.407,0.407,0.402,0.402,0,0
CAV_PB,D,20231004,000000,0.401,0.407,0.401,0.407,0,0
CAV_PB,D,20231005,000000,0.407,0.407,0.407,0.407,0,0
CAV_PB,D,20231006,000000,0.401,0.401,0.396,0.396,0,0
CAV_PB,D,20231009,000000,0.396,0.396,0.395,0.395,0,0
CAV_PB,D,20231010,000000,0.395,0.395,0.391,0.395,0,0
CAV_PB,D,20231011,000000,0.392,0.407,0.392,0.407,0,0
CAV_PB,D,20231012,000000,0.405,0.41,0.402,0.41,0,0
CAV_PB,D,20231013,000000,0.41,0.447,0.41,0.41,0,0
CAV_PB,D,20231016,000000,0.43,0.43,0.429,0.429,0,0
CAV_PB,D,20231017,000000,0.428,0.428,0.428,0.428,0,0
CAV_PB,D,20231018,000000,0.428,0.433,0.428,0.433,0,0
CAV_PB,D,20231019,000000,0.426,0.431,0.426,0.431,0,0
CAV_PB,D,20231020,000000,0.431,0.433,0.421,0.43,0,0
CAV_PB,D,20231025,000000,0.426,0.426,0.426,0.426,0,0
CAV_PB,D,20231026,000000,0.426,0.426,0.421,0.426,0,0
CAV_PB,D,20231027,000000,0.426,0.426,0.426,0.426,0,0
CAV_PB,D,20231030,000000,0.426,0.426,0.416,0.416,0,0
CAV_PB,D,20231031,000000,0.414,0.419,0.413,0.413,0,0
CAV_PB,D,20231102,000000,0.414,0.419,0.409,0.419,0,0
CAV_PB,D,20231103,000000,0.419,0.419,0.419,0.419,0,0
CAV_PB,D,20231108,000000,0.416,0.416,0.409,0.413,0,0
CAV_PB,D,20231109,000000,0.413,0.413,0.405,0.409,0,0
CAV_PB,D,20231110,000000,0.408,0.43,0.408,0.416,0,0
CAV_PB,D,20231114,000000,0.416,0.419,0.416,0.419,0,0
CAV_PB,D,20231115,000000,0.408,0.409,0.408,0.409,0,0
CAV_PB,D,20231116,000000,0.409,0.419,0.407,0.417,0,0
CAV_PB,D,20231117,000000,0.416,0.416,0.414,0.414,0,0
CAV_PB,D,20231120,000000,0.407,0.419,0.407,0.419,0,0
CAV_PB,D,20231121,000000,0.414,0.414,0.4,0.401,0,0
CAV_PB,D,20231122,000000,0.402,0.406,0.4,0.402,0,0
CAV_PB,D,20231123,000000,0.402,0.407,0.393,0.393,0,0
CAV_PB,D,20231124,000000,0.405,0.407,0.405,0.407,0,0
CAV_PB,D,20231127,000000,0.398,0.398,0.398,0.398,0,0
CAV_PB,D,20231128,000000,0.393,0.398,0.386,0.391,0,0
CAV_PB,D,20231129,000000,0.389,0.389,0.389,0.389,0,0
CAV_PB,D,20231130,000000,0.381,0.391,0.381,0.391,0,0
CAV_PB,D,20231204,000000,0.381,0.388,0.381,0.383,0,0
CAV_PB,D,20231205,000000,0.383,0.389,0.383,0.383,0,0
CAV_PB,D,20231206,000000,0.384,0.386,0.379,0.379,0,0
CAV_PB,D,20231207,000000,0.383,0.386,0.379,0.379,0,0
CAV_PB,D,20231208,000000,0.377,0.377,0.365,0.376,0,0
CAV_PB,D,20231211,000000,0.374,0.386,0.374,0.377,0,0
CAV_PB,D,20231212,000000,0.374,0.374,0.368,0.369,0,0
CAV_PB,D,20231213,000000,0.372,0.372,0.362,0.362,0,0
CAV_PB,D,20231214,000000,0.362,0.37,0.356,0.356,0,0
CAV_PB,D,20231215,000000,0.358,0.365,0.358,0.358,0,0
CAV_PB,D,20231218,000000,0.362,0.362,0.352,0.352,0,0
CAV_PB,D,20231219,000000,0.352,0.352,0.345,0.345,0,0
CAV_PB,D,20231220,000000,0.347,0.349,0.345,0.349,0,0
CAV_PB,D,20231221,000000,0.349,0.349,0.335,0.339,0,0
CAV_PB,D,20231222,000000,0.339,0.368,0.339,0.368,0,0
CAV_PB,D,20231227,000000,0.352,0.368,0.349,0.368,0,0
CAV_PB,D,20231228,000000,0.368,0.389,0.368,0.389,0,0
CAV_PB,D,20231229,000000,0.38,0.389,0.37,0.389,0,0
CAV_PB,D,20240102,000000,0.389,0.391,0.37,0.386,0,0
CAV_PB,D,20240103,000000,0.386,0.386,0.379,0.379,0,0
CAV_PB,D,20240104,000000,0.379,0.379,0.363,0.368,0,0
CAV_PB,D,20240105,000000,0.368,0.368,0.362,0.363,0,0
CAV_PB,D,20240108,000000,0.362,0.385,0.362,0.363,0,0
CAV_PB,D,20240109,000000,0.377,0.379,0.37,0.376,0,0
CAV_PB,D,20240110,000000,0.374,0.374,0.374,0.374,0,0
CAV_PB,D,20240111,000000,0.374,0.374,0.374,0.374,0,0
CAV_PB,D,20240112,000000,0.374,0.374,0.374,0.374,0,0
CAV_PB,D,20240115,000000,0.376,0.391,0.372,0.391,0,0
CAV_PB,D,20240116,000000,0.372,0.38,0.372,0.379,0,0
CAV_PB,D,20240117,000000,0.379,0.379,0.37,0.379,0,0
CAV_PB,D,20240118,000000,0.379,0.386,0.37,0.37,0,0
CAV_PB,D,20240119,000000,0.37,0.379,0.37,0.379,0,0
CAV_PB,D,20240122,000000,0.381,0.388,0.379,0.388,0,0
CAV_PB,D,20240123,000000,0.391,0.391,0.386,0.391,0,0
CAV_PB,D,20240124,000000,0.391,0.391,0.384,0.386,0,0
CAV_PB,D,20240125,000000,0.392,0.392,0.381,0.385,0,0
CAV_PB,D,20240126,000000,0.384,0.384,0.384,0.384,0,0
CAV_PB,D,20240129,000000,0.381,0.381,0.381,0.381,0,0
CAV_PB,D,20240131,000000,0.379,0.379,0.374,0.374,0,0
CAV_PB,D,20240201,000000,0.374,0.378,0.368,0.378,0,0
CAV_PB,D,20240202,000000,0.378,0.378,0.378,0.378,0,0
CAV_PB,D,20240205,000000,0.378,0.378,0.378,0.378,0,0
CAV_PB,D,20240206,000000,0.377,0.377,0.377,0.377,0,0
CAV_PB,D,20240207,000000,0.372,0.372,0.371,0.371,0,0
CAV_PB,D,20240208,000000,0.377,0.377,0.363,0.368,0,0
CAV_PB,D,20240209,000000,0.368,0.372,0.368,0.371,0,0
CAV_PB,D,20240212,000000,0.368,0.368,0.368,0.368,0,0
CAV_PB,D,20240213,000000,0.368,0.368,0.368,0.368,0,0
CAV_PB,D,20240214,000000,0.366,0.368,0.366,0.368,0,0
CAV_PB,D,20240215,000000,0.368,0.368,0.368,0.368,0,0
CAV_PB,D,20240216,000000,0.366,0.366,0.366,0.366,0,0
CAV_PB,D,20240219,000000,0.366,0.368,0.364,0.364,0,0
CAV_PB,D,20240220,000000,0.364,0.364,0.356,0.363,0,0
CAV_PB,D,20240222,000000,0.358,0.358,0.347,0.347,0,0
CAV_PB,D,20240223,000000,0.354,0.361,0.354,0.361,0,0
CAV_PB,D,20240226,000000,0.358,0.361,0.358,0.361,0,0
CAV_PB,D,20240227,000000,0.354,0.362,0.354,0.361,0,0
CAV_PB,D,20240228,000000,0.361,0.361,0.361,0.361,0,0
CAV_PB,D,20240229,000000,0.361,0.361,0.361,0.361,0,0
CAV_PB,D,20240301,000000,0.36,0.361,0.36,0.36,0,0
CAV_PB,D,20240304,000000,0.358,0.358,0.345,0.355,0,0
CAV_PB,D,20240305,000000,0.355,0.36,0.355,0.356,0,0
CAV_PB,D,20240306,000000,0.356,0.36,0.356,0.356,0,0
CAV_PB,D,20240307,000000,0.349,0.355,0.349,0.354,0,0
CAV_PB,D,20240308,000000,0.347,0.354,0.347,0.354,0,0
CAV_PB,D,20240311,000000,0.354,0.354,0.354,0.354,0,0
CAV_PB,D,20240312,000000,0.354,0.354,0.354,0.354,0,0
CAV_PB,D,20240313,000000,0.354,0.355,0.354,0.355,0,0
CAV_PB,D,20240314,000000,0.356,0.356,0.349,0.355,0,0
CAV_PB,D,20240315,000000,0.355,0.355,0.346,0.352,0,0
CAV_PB,D,20240318,000000,0.334,0.35,0.334,0.35,0,0
CAV_PB,D,20240319,000000,0.356,0.356,0.35,0.35,0,0
CAV_PB,D,20240320,000000,0.345,0.35,0.341,0.35,0,0
CAV_PB,D,20240321,000000,0.35,0.352,0.35,0.352,0,0
CAV_PB,D,20240322,000000,0.349,0.349,0.341,0.341,0,0
CAV_PB,D,20240325,000000,0.342,0.361,0.342,0.352,0,0
CAV_PB,D,20240326,000000,0.354,0.354,0.354,0.354,0,0
CAV_PB,D,20240327,000000,0.354,0.368,0.354,0.364,0,0
CAV_PB,D,20240328,000000,0.364,0.368,0.364,0.368,0,0
CAV_PB,D,20240402,000000,0.366,0.366,0.364,0.365,0,0
CAV_PB,D,20240403,000000,0.368,0.368,0.363,0.363,0,0
CAV_PB,D,20240404,000000,0.366,0.368,0.366,0.368,0,0
CAV_PB,D,20240405,000000,0.363,0.363,0.357,0.357,0,0
CAV_PB,D,20240408,000000,0.357,0.37,0.355,0.37,0,0
CAV_PB,D,20240409,000000,0.371,0.371,0.363,0.363,0,0
CAV_PB,D,20240410,000000,0.363,0.363,0.363,0.363,0,0
CAV_PB,D,20240411,000000,0.365,0.368,0.365,0.368,0,0
CAV_PB,D,20240412,000000,0.363,0.363,0.361,0.361,0,0
CAV_PB,D,20240415,000000,0.366,0.374,0.366,0.372,0,0
CAV_PB,D,20240416,000000,0.368,0.368,0.361,0.368,0,0
CAV_PB,D,20240417,000000,0.36,0.365,0.36,0.365,0,0
CAV_PB,D,20240418,000000,0.365,0.365,0.365,0.365,0,0
CAV_PB,D,20240419,000000,0.364,0.365,0.364,0.365,0,0
CAV_PB,D,20240422,000000,0.365,0.365,0.353,0.353,0,0
CAV_PB,D,20240423,000000,0.354,0.354,0.353,0.353,0,0
CAV_PB,D,20240424,000000,0.352,0.352,0.35,0.35,0,0
CAV_PB,D,20240425,000000,0.356,0.357,0.355,0.355,0,0
CAV_PB,D,20240426,000000,0.355,0.368,0.355,0.365,0,0
CAV_PB,D,20240429,000000,0.368,0.368,0.35,0.358,0,0
CAV_PB,D,20240430,000000,0.356,0.356,0.345,0.355,0,0
CAV_PB,D,20240502,000000,0.364,0.368,0.364,0.368,0,0
CAV_PB,D,20240506,000000,0.355,0.355,0.324,0.335,0,0
CAV_PB,D,20240507,000000,0.335,0.347,0.328,0.328,0,0
CAV_PB,D,20240508,000000,0.326,0.328,0.326,0.328,0,0
CAV_PB,D,20240509,000000,0.328,0.328,0.317,0.324,0,0
CAV_PB,D,20240510,000000,0.322,0.324,0.319,0.324,0,0
CAV_PB,D,20240513,000000,0.324,0.324,0.314,0.319,0,0
CAV_PB,D,20240514,000000,0.317,0.319,0.317,0.319,0,0
CAV_PB,D,20240515,000000,0.32,0.321,0.319,0.321,0,0
CAV_PB,D,20240516,000000,0.323,0.326,0.321,0.326,0,0
CAV_PB,D,20240517,000000,0.324,0.324,0.317,0.321,0,0
CAV_PB,D,20240520,000000,0.321,0.328,0.317,0.328,0,0
CAV_PB,D,20240521,000000,0.328,0.328,0.328,0.328,0,0
CAV_PB,D,20240522,000000,0.33,0.33,0.322,0.329,0,0
CAV_PB,D,20240523,000000,0.329,0.341,0.329,0.341,0,0
CAV_PB,D,20240524,000000,0.341,0.341,0.33,0.341,0,0
CAV_PB,D,20240527,000000,0.34,0.34,0.339,0.339,0,0
CAV_PB,D,20240528,000000,0.332,0.335,0.33,0.33,0,0
CAV_PB,D,20240529,000000,0.329,0.329,0.323,0.323,0,0
CAV_PB,D,20240531,000000,0.318,0.324,0.316,0.316,0,0
CAV_PB,D,20240603,000000,0.316,0.325,0.316,0.325,0,0
CAV_PB,D,20240604,000000,0.318,0.328,0.318,0.328,0,0
CAV_PB,D,20240606,000000,0.324,0.328,0.316,0.328,0,0
CAV_PB,D,20240607,000000,0.316,0.326,0.316,0.325,0,0
CAV_PB,D,20240610,000000,0.316,0.324,0.315,0.324,0,0
CAV_PB,D,20240611,000000,0.32,0.32,0.315,0.315,0,0
CAV_PB,D,20240612,000000,0.318,0.325,0.314,0.325,0,0
CAV_PB,D,20240613,000000,0.318,0.334,0.318,0.325,0,0
CAV_PB,D,20240614,000000,0.333,0.334,0.324,0.334,0,0
CAV_PB,D,20240617,000000,0.333,0.333,0.329,0.329,0,0
CAV_PB,D,20240618,000000,0.326,0.328,0.312,0.316,0,0
CAV_PB,D,20240619,000000,0.318,0.319,0.316,0.316,0,0
CAV_PB,D,20240620,000000,0.315,0.318,0.315,0.315,0,0
CAV_PB,D,20240621,000000,0.319,0.319,0.315,0.315,0,0
CAV_PB,D,20240624,000000,0.319,0.319,0.319,0.319,0,0
CAV_PB,D,20240625,000000,0.316,0.316,0.316,0.316,0,0
CAV_PB,D,20240626,000000,0.316,0.319,0.316,0.319,0,0
CAV_PB,D,20240627,000000,0.317,0.322,0.307,0.322,0,0
CAV_PB,D,20240701,000000,0.303,0.31,0.303,0.303,0,0
CAV_PB,D,20240702,000000,0.312,0.312,0.312,0.312,0,0
CAV_PB,D,20240703,000000,0.311,0.318,0.307,0.318,0,0
CAV_PB,D,20240704,000000,0.305,0.312,0.303,0.305,0,0
CAV_PB,D,20240705,000000,0.309,0.32,0.309,0.316,0,0
CAV_PB,D,20240708,000000,0.319,0.319,0.309,0.309,0,0
CAV_PB,D,20240709,000000,0.309,0.309,0.307,0.307,0,0
CAV_PB,D,20240710,000000,0.309,0.309,0.309,0.309,0,0
CAV_PB,D,20240711,000000,0.309,0.309,0.302,0.302,0,0
CAV_PB,D,20240712,000000,0.303,0.307,0.302,0.307,0,0
CAV_PB,D,20240715,000000,0.305,0.305,0.302,0.302,0,0
CAV_PB,D,20240716,000000,0.303,0.303,0.303,0.303,0,0
CAV_PB,D,20240717,000000,0.303,0.303,0.303,0.303,0,0
CAV_PB,D,20240718,000000,0.305,0.306,0.303,0.303,0,0
CAV_PB,D,20240719,000000,0.302,0.303,0.3,0.303,0,0
CAV_PB,D,20240722,000000,0.299,0.312,0.299,0.312,0,0
CAV_PB,D,20240723,000000,0.309,0.315,0.304,0.315,0,0
CAV_PB,D,20240724,000000,0.315,0.315,0.304,0.309,0,0
CAV_PB,D,20240725,000000,0.312,0.312,0.299,0.306,0,0
CAV_PB,D,20240726,000000,0.31,0.311,0.3,0.303,0,0
CAV_PB,D,20240729,000000,0.303,0.31,0.303,0.31,0,0
CAV_PB,D,20240731,000000,0.309,0.309,0.303,0.307,0,0
CAV_PB,D,20240801,000000,0.303,0.303,0.303,0.303,0,0
CAV_PB,D,20240802,000000,0.303,0.303,0.299,0.299,0,0
CAV_PB,D,20240805,000000,0.299,0.299,0.286,0.298,0,0
CAV_PB,D,20240806,000000,0.292,0.305,0.292,0.305,0,0
CAV_PB,D,20240807,000000,0.301,0.301,0.301,0.301,0,0
CAV_PB,D,20240808,000000,0.303,0.303,0.298,0.298,0,0
CAV_PB,D,20240809,000000,0.299,0.302,0.299,0.302,0,0
CAV_PB,D,20240812,000000,0.303,0.303,0.297,0.297,0,0
CAV_PB,D,20240813,000000,0.297,0.303,0.296,0.303,0,0
CAV_PB,D,20240814,000000,0.303,0.303,0.294,0.294,0,0
CAV_PB,D,20240816,000000,0.292,0.294,0.289,0.294,0,0
CAV_PB,D,20240819,000000,0.288,0.303,0.288,0.299,0,0
CAV_PB,D,20240820,000000,0.301,0.301,0.299,0.299,0,0
CAV_PB,D,20240821,000000,0.299,0.305,0.299,0.305,0,0
CAV_PB,D,20240822,000000,0.303,0.306,0.303,0.303,0,0
CAV_PB,D,20240823,000000,0.303,0.306,0.303,0.306,0,0
CAV_PB,D,20240826,000000,0.307,0.314,0.306,0.314,0,0
CAV_PB,D,20240827,000000,0.314,0.314,0.303,0.303,0,0
CAV_PB,D,20240828,000000,0.303,0.311,0.303,0.311,0,0
CAV_PB,D,20240829,000000,0.309,0.309,0.303,0.309,0,0
CAV_PB,D,20240830,000000,0.307,0.309,0.307,0.309,0,0
CAV_PB,D,20240902,000000,0.309,0.312,0.309,0.312,0,0
CAV_PB,D,20240903,000000,0.312,0.314,0.312,0.312,0,0
CAV_PB,D,20240904,000000,0.312,0.312,0.312,0.312,0,0
CAV_PB,D,20240905,000000,0.312,0.312,0.31,0.311,0,0
CAV_PB,D,20240906,000000,0.304,0.31,0.304,0.309,0,0
CAV_PB,D,20240909,000000,0.309,0.309,0.309,0.309,0,0
CAV_PB,D,20240910,000000,0.309,0.309,0.305,0.305,0,0
CAV_PB,D,20240911,000000,0.305,0.309,0.305,0.309,0,0
CAV_PB,D,20240912,000000,0.307,0.307,0.303,0.303,0,0
CAV_PB,D,20240913,000000,0.303,0.305,0.303,0.303,0,0
CAV_PB,D,20240916,000000,0.303,0.307,0.303,0.307,0,0
CAV_PB,D,20240917,000000,0.307,0.307,0.304,0.304,0,0
CAV_PB,D,20240918,000000,0.305,0.307,0.302,0.302,0,0
CAV_PB,D,20240919,000000,0.302,0.305,0.302,0.305,0,0
CAV_PB,D,20240920,000000,0.301,0.305,0.299,0.305,0,0
CAV_PB,D,20240923,000000,0.301,0.306,0.301,0.306,0,0
CAV_PB,D,20240924,000000,0.299,0.303,0.294,0.303,0,0
CAV_PB,D,20240925,000000,0.303,0.303,0.303,0.303,0,0
CAV_PB,D,20240926,000000,0.303,0.303,0.29,0.29,0,0
CAV_PB,D,20240927,000000,0.292,0.292,0.28,0.283,0,0
CAV_PB,D,20240930,000000,0.305,0.305,0.281,0.296,0,0
CAV_PB,D,20241001,000000,0.296,0.296,0.283,0.284,0,0
CAV_PB,D,20241002,000000,0.284,0.287,0.282,0.283,0,0
CAV_PB,D,20241003,000000,0.282,0.282,0.271,0.271,0,0
CAV_PB,D,20241004,000000,0.277,0.28,0.271,0.277,0,0
CAV_PB,D,20241007,000000,0.277,0.278,0.277,0.278,0,0
CAV_PB,D,20241008,000000,0.277,0.277,0.272,0.272,0,0
CAV_PB,D,20241009,000000,0.269,0.272,0.265,0.268,0,0
CAV_PB,D,20241010,000000,0.267,0.267,0.267,0.267,0,0
CAV_PB,D,20241011,000000,0.267,0.267,0.264,0.264,0,0
CAV_PB,D,20241014,000000,0.267,0.267,0.257,0.267,0,0
CAV_PB,D,20241015,000000,0.267,0.267,0.265,0.265,0,0
CAV_PB,D,20241016,000000,0.267,0.267,0.259,0.261,0,0
CAV_PB,D,20241017,000000,0.261,0.262,0.261,0.261,0,0
CAV_PB,D,20241018,000000,0.262,0.267,0.261,0.267,0,0
CAV_PB,D,20241021,000000,0.267,0.267,0.261,0.261,0,0
CAV_PB,D,20241022,000000,0.261,0.266,0.261,0.262,0,0
CAV_PB,D,20241023,000000,0.264,0.264,0.261,0.262,0,0
CAV_PB,D,20241024,000000,0.264,0.264,0.261,0.261,0,0
CAV_PB,D,20241025,000000,0.266,0.266,0.262,0.266,0,0
CAV_PB,D,20241028,000000,0.267,0.267,0.267,0.267,0,0
CAV_PB,D,20241029,000000,0.276,0.276,0.267,0.268,0,0
CAV_PB,D,20241030,000000,0.271,0.275,0.271,0.275,0,0
CAV_PB,D,20241031,000000,0.276,0.276,0.273,0.273,0,0
CAV_PB,D,20241104,000000,0.269,0.272,0.267,0.272,0,0
CAV_PB,D,20241105,000000,0.269,0.272,0.269,0.272,0,0
CAV_PB,D,20241106,000000,0.27,0.27,0.269,0.27,0,0
CAV_PB,D,20241107,000000,0.273,0.275,0.273,0.275,0,0
CAV_PB,D,20241108,000000,0.276,0.276,0.271,0.271,0,0
CAV_PB,D,20241112,000000,0.271,0.271,0.267,0.267,0,0
CAV_PB,D,20241113,000000,0.267,0.267,0.266,0.267,0,0
CAV_PB,D,20241114,000000,0.268,0.279,0.265,0.272,0,0
CAV_PB,D,20241115,000000,0.273,0.273,0.267,0.268,0,0
CAV_PB,D,20241118,000000,0.269,0.271,0.268,0.271,0,0
CAV_PB,D,20241119,000000,0.27,0.276,0.27,0.27,0,0
CAV_PB,D,20241120,000000,0.27,0.273,0.27,0.273,0,0
CAV_PB,D,20241121,000000,0.273,0.273,0.273,0.273,0,0
CAV_PB,D,20241122,000000,0.273,0.276,0.273,0.273,0,0
CAV_PB,D,20241125,000000,0.273,0.276,0.273,0.276,0,0
CAV_PB,D,20241126,000000,0.276,0.276,0.276,0.276,0,0
CAV_PB,D,20241127,000000,0.276,0.279,0.276,0.279,0,0
CAV_PB,D,20241128,000000,0.279,0.28,0.278,0.28,0,0
CAV_PB,D,20241129,000000,0.278,0.278,0.276,0.277,0,0
CAV_PB,D,20241202,000000,0.276,0.276,0.273,0.276,0,0
CAV_PB,D,20241203,000000,0.277,0.284,0.277,0.283,0,0
CAV_PB,D,20241204,000000,0.283,0.283,0.283,0.283,0,0
CAV_PB,D,20241205,000000,0.282,0.282,0.277,0.277,0,0
CAV_PB,D,20241206,000000,0.277,0.281,0.277,0.281,0,0
CAV_PB,D,20241209,000000,0.281,0.282,0.278,0.282,0,0
CAV_PB,D,20241210,000000,0.282,0.283,0.278,0.283,0,0
CAV_PB,D,20241211,000000,0.281,0.281,0.281,0.281,0,0
CAV_PB,D,20241212,000000,0.282,0.282,0.278,0.279,0,0
CAV_PB,D,20241213,000000,0.28,0.28,0.278,0.278,0,0
CAV_PB,D,20241216,000000,0.278,0.278,0.277,0.278,0,0
CAV_PB,D,20241217,000000,0.277,0.277,0.277,0.277,0,0
CAV_PB,D,20241218,000000,0.277,0.277,0.277,0.277,0,0
CAV_PB,D,20241219,000000,0.277,0.278,0.277,0.278,0,0
CAV_PB,D,20241220,000000,0.278,0.278,0.277,0.278,0,0
CAV_PB,D,20241223,000000,0.277,0.278,0.277,0.277,0,0
CAV_PB,D,20241227,000000,0.277,0.279,0.277,0.277,0,0
CAV_PB,D,20241230,000000,0.277,0.278,0.277,0.278,0,0
CAV_PB,D,20250102,000000,0.278,0.283,0.278,0.28,0,0
CAV_PB,D,20250103,000000,0.281,0.285,0.281,0.285,0,0
CAV_PB,D,20250107,000000,0.282,0.305,0.282,0.305,0,0
CAV_PB,D,20250108,000000,0.305,0.319,0.305,0.319,0,0
CAV_PB,D,20250109,000000,0.316,0.316,0.309,0.309,0,0
CAV_PB,D,20250110,000000,0.309,0.309,0.301,0.309,0,0
CAV_PB,D,20250113,000000,0.308,0.308,0.298,0.308,0,0
CAV_PB,D,20250114,000000,0.307,0.307,0.298,0.298,0,0
CAV_PB,D,20250115,000000,0.297,0.297,0.296,0.297,0,0
CAV_PB,D,20250116,000000,0.297,0.315,0.297,0.315,0,0
CAV_PB,D,20250117,000000,0.315,0.345,0.315,0.34,0,0
CAV_PB,D,20250120,000000,0.336,0.368,0.336,0.368,0,0
CAV_PB,D,20250121,000000,0.368,0.4,0.366,0.366,0,0
CAV_PB,D,20250122,000000,0.373,0.39,0.335,0.381,0,0
CAV_PB,D,20250123,000000,0.38,0.38,0.362,0.362,0,0
CAV_PB,D,20250124,000000,0.365,0.365,0.329,0.351,0,0
CAV_PB,D,20250127,000000,0.339,0.345,0.334,0.344,0,0
CAV_PB,D,20250128,000000,0.344,0.344,0.343,0.343,0,0
CAV_PB,D,20250129,000000,0.344,0.344,0.332,0.332,0,0
CAV_PB,D,20250130,000000,0.336,0.349,0.333,0.349,0,0
CAV_PB,D,20250131,000000,0.354,0.358,0.354,0.356,0,0
CAV_PB,D,20250203,000000,0.355,0.355,0.351,0.351,0,0
CAV_PB,D,20250204,000000,0.351,0.355,0.351,0.355,0,0
CAV_PB,D,20250205,000000,0.355,0.355,0.346,0.346,0,0
CAV_PB,D,20250206,000000,0.348,0.351,0.341,0.351,0,0
CAV_PB,D,20250207,000000,0.349,0.367,0.349,0.351,0,0
CAV_PB,D,20250210,000000,0.358,0.358,0.356,0.358,0,0
CAV_PB,D,20250211,000000,0.356,0.366,0.356,0.364,0,0
CAV_PB,D,20250212,000000,0.364,0.366,0.326,0.331,0,0
CAV_PB,D,20250213,000000,0.336,0.336,0.319,0.329,0,0
CAV_PB,D,20250214,000000,0.329,0.329,0.319,0.323,0,0
CAV_PB,D,20250217,000000,0.324,0.329,0.31,0.313,0,0
CAV_PB,D,20250218,000000,0.311,0.318,0.311,0.318,0,0
CAV_PB,D,20250219,000000,0.318,0.318,0.312,0.318,0,0
CAV_PB,D,20250220,000000,0.318,0.318,0.309,0.316,0,0
CAV_PB,D,20250221,000000,0.317,0.318,0.308,0.316,0,0
CAV_PB,D,20250224,000000,0.316,0.316,0.307,0.315,0,0
CAV_PB,D,20250225,000000,0.313,0.315,0.305,0.305,0,0
CAV_PB,D,20250226,000000,0.305,0.305,0.303,0.305,0,0
CAV_PB,D,20250227,000000,0.316,0.318,0.316,0.318,0,0
CAV_PB,D,20250228,000000,0.307,0.317,0.307,0.317,0,0
CAV_PB,D,20250303,000000,0.317,0.317,0.3,0.305,0,0
CAV_PB,D,20250304,000000,0.305,0.305,0.305,0.305,0,0
CAV_PB,D,20250305,000000,0.306,0.306,0.302,0.302,0,0
CAV_PB,D,20250306,000000,0.309,0.309,0.309,0.309,0,0
CAV_PB,D,20250307,000000,0.31,0.31,0.31,0.31,0,0
CAV_PB,D,20250310,000000,0.311,0.317,0.306,0.317,0,0
CAV_PB,D,20250311,000000,0.317,0.318,0.317,0.317,0,0
CAV_PB,D,20250312,000000,0.317,0.317,0.317,0.317,0,0
CAV_PB,D,20250313,000000,0.317,0.317,0.317,0.317,0,0
CAV_PB,D,20250314,000000,0.317,0.322,0.298,0.298,0,0
CAV_PB,D,20250317,000000,0.299,0.314,0.299,0.314,0,0
CAV_PB,D,20250318,000000,0.315,0.318,0.308,0.308,0,0
CAV_PB,D,20250319,000000,0.322,0.322,0.322,0.322,0,0
CAV_PB,D,20250320,000000,0.312,0.322,0.308,0.322,0,0
CAV_PB,D,20250324,000000,0.317,0.317,0.313,0.313,0,0
CAV_PB,D,20250325,000000,0.318,0.318,0.314,0.318,0,0
CAV_PB,D,20250326,000000,0.319,0.319,0.313,0.319,0,0
CAV_PB,D,20250327,000000,0.318,0.326,0.318,0.326,0,0
CAV_PB,D,20250328,000000,0.316,0.316,0.316,0.316,0,0
CAV_PB,D,20250331,000000,0.319,0.322,0.319,0.322,0,0
CAV_PB,D,20250401,000000,0.324,0.325,0.316,0.316,0,0
CAV_PB,D,20250402,000000,0.325,0.327,0.325,0.327,0,0
CAV_PB,D,20250403,000000,0.319,0.326,0.316,0.316,0,0
CAV_PB,D,20250404,000000,0.315,0.315,0.302,0.303,0,0
CAV_PB,D,20250407,000000,0.291,0.3,0.287,0.298,0,0
CAV_PB,D,20250408,000000,0.305,0.305,0.305,0.305,0,0
CAV_PB,D,20250409,000000,0.307,0.307,0.302,0.302,0,0
CAV_PB,D,20250410,000000,0.302,0.302,0.302,0.302,0,0
CAV_PB,D,20250411,000000,0.303,0.303,0.298,0.298,0,0
CAV_PB,D,20250414,000000,0.3,0.311,0.3,0.311,0,0
CAV_PB,D,20250415,000000,0.305,0.311,0.305,0.311,0,0
CAV_PB,D,20250416,000000,0.306,0.311,0.302,0.311,0,0
CAV_PB,D,20250417,000000,0.311,0.314,0.311,0.314,0,0
CAV_PB,D,20250422,000000,0.31,0.313,0.31,0.31,0,0
CAV_PB,D,20250423,000000,0.312,0.312,0.31,0.31,0,0
CAV_PB,D,20250424,000000,0.31,0.315,0.31,0.315,0,0
CAV_PB,D,20250425,000000,0.318,0.318,0.318,0.318,0,0
CAV_PB,D,20250428,000000,0.318,0.318,0.318,0.318,0,0
CAV_PB,D,20250429,000000,0.318,0.323,0.318,0.323,0,0
CAV_PB,D,20250430,000000,0.323,0.323,0.323,0.323,0,0
CAV_PB,D,20250502,000000,0.323,0.323,0.323,0.323,0,0
CAV_PB,D,20250505,000000,0.323,0.328,0.323,0.328,0,0
CAV_PB,D,20250506,000000,0.332,0.332,0.331,0.331,0,0
CAV_PB,D,20250507,000000,0.328,0.328,0.328,0.328,0,0
CAV_PB,D,20250508,000000,0.324,0.331,0.324,0.325,0,0
CAV_PB,D,20250509,000000,0.329,0.361,0.323,0.335,0,0
CAV_PB,D,20250512,000000,0.338,0.348,0.338,0.348,0,0
CAV_PB,D,20250513,000000,0.348,0.348,0.348,0.348,0,0
CAV_PB,D,20250514,000000,0.348,0.348,0.339,0.339,0,0
CAV_PB,D,20250515,000000,0.347,0.347,0.338,0.338,0,0
CAV_PB,D,20250516,000000,0.338,0.339,0.338,0.339,0,0
CAV_PB,D,20250519,000000,0.346,0.346,0.344,0.346,0,0
CAV_PB,D,20250520,000000,0.347,0.347,0.347,0.347,0,0
CAV_PB,D,20250522,000000,0.343,0.344,0.343,0.344,0,0
CAV_PB,D,20250523,000000,0.344,0.344,0.344,0.344,0,0
CAV_PB,D,20250526,000000,0.345,0.345,0.345,0.345,0,0
CAV_PB,D,20250527,000000,0.344,0.345,0.344,0.345,0,0
CAV_PB,D,20250528,000000,0.346,0.349,0.344,0.349,0,0
CAV_PB,D,20250529,000000,0.349,0.349,0.338,0.338,0,0
CAV_PB,D,20250530,000000,0.344,0.349,0.344,0.348,0,0
CAV_PB,D,20250602,000000,0.348,0.348,0.348,0.348,0,0
CAV_PB,D,20250603,000000,0.34,0.34,0.34,0.34,0,0
CAV_PB,D,20250604,000000,0.341,0.346,0.341,0.346,0,0
CAV_PB,D,20250605,000000,0.347,0.347,0.347,0.347,0,0
CAV_PB,D,20250606,000000,0.347,0.348,0.344,0.344,0,0
CAV_PB,D,20250609,000000,0.344,0.35,0.344,0.345,0,0
CAV_PB,D,20250610,000000,0.345,0.345,0.345,0.345,0,0
CAV_PB,D,20250611,000000,0.347,0.35,0.345,0.35,0,0
CAV_PB,D,20250612,000000,0.35,0.35,0.349,0.349,0,0
CAV_PB,D,20250613,000000,0.345,0.349,0.345,0.346,0,0
CAV_PB,D,20250616,000000,0.344,0.35,0.344,0.348,0,0
CAV_PB,D,20250617,000000,0.348,0.348,0.348,0.348,0,0
CAV_PB,D,20250618,000000,0.349,0.35,0.346,0.35,0,0
CAV_PB,D,20250620,000000,0.35,0.35,0.345,0.349,0,0
CAV_PB,D,20250623,000000,0.349,0.349,0.345,0.345,0,0
CAV_PB,D,20250624,000000,0.348,0.353,0.346,0.346,0,0
CAV_PB,D,20250625,000000,0.346,0.346,0.346,0.346,0,0
CAV_PB,D,20250626,000000,0.348,0.348,0.344,0.344,0,0
CAV_PB,D,20250627,000000,0.348,0.352,0.344,0.348,0,0
CAV_PB,D,20250630,000000,0.348,0.348,0.345,0.345,0,0
CAV_PB,D,20250701,000000,0.345,0.352,0.344,0.352,0,0
CAV_PB,D,20250702,000000,0.35,0.352,0.344,0.352,0,0
CAV_PB,D,20250703,000000,0.352,0.352,0.35,0.35,0,0
CAV_PB,D,20250704,000000,0.347,0.347,0.347,0.347,0,0
CAV_PB,D,20250707,000000,0.347,0.347,0.344,0.344,0,0
CAV_PB,D,20250708,000000,0.344,0.347,0.343,0.347,0,0
CAV_PB,D,20250709,000000,0.338,0.338,0.338,0.338,0,0
CAV_PB,D,20250710,000000,0.347,0.347,0.34,0.347,0,0
CAV_PB,D,20250714,000000,0.347,0.347,0.344,0.344,0,0
CAV_PB,D,20250715,000000,0.347,0.347,0.336,0.336,0,0
CAV_PB,D,20250718,000000,0.338,0.338,0.335,0.335,0,0
CAV_PB,D,20250721,000000,0.333,0.333,0.322,0.322,0,0
CAV_PB,D,20250722,000000,0.322,0.322,0.322,0.322,0,0
CAV_PB,D,20250723,000000,0.318,0.318,0.312,0.312,0,0
CAV_PB,D,20250724,000000,0.311,0.311,0.301,0.303,0,0
CAV_PB,D,20250725,000000,0.303,0.303,0.299,0.299,0,0
CAV_PB,D,20250728,000000,0.301,0.313,0.297,0.311,0,0
CAV_PB,D,20250729,000000,0.303,0.303,0.3,0.301,0,0
CAV_PB,D,20250730,000000,0.301,0.309,0.297,0.309,0,0
CAV_PB,D,20250731,000000,0.305,0.314,0.305,0.305,0,0
CAV_PB,D,20250804,000000,0.306,0.306,0.305,0.305,0,0
CAV_PB,D,20250805,000000,0.305,0.305,0.305,0.305,0,0
CAV_PB,D,20250806,000000,0.306,0.306,0.306,0.306,0,0
CAV_PB,D,20250807,000000,0.312,0.317,0.303,0.303,0,0
CAV_PB,D,20250808,000000,0.301,0.303,0.301,0.303,0,0
CAV_PB,D,20250811,000000,0.301,0.312,0.301,0.312,0,0
CAV_PB,D,20250812,000000,0.305,0.305,0.296,0.296,0,0
CAV_PB,D,20250813,000000,0.297,0.297,0.297,0.297,0,0
CAV_PB,D,20250814,000000,0.297,0.297,0.297,0.297,0,0
CAV_PB,D,20250818,000000,0.296,0.296,0.295,0.295,0,0
CAV_PB,D,20250819,000000,0.295,0.301,0.295,0.296,0,0
CAV_PB,D,20250820,000000,0.296,0.3,0.296,0.296,0,0
CAV_PB,D,20250821,000000,0.297,0.3,0.297,0.3,0,0
CAV_PB,D,20250822,000000,0.3,0.3,0.3,0.3,0,0
CAV_PB,D,20250825,000000,0.299,0.299,0.299,0.299,0,0
CAV_PB,D,20250826,000000,0.299,0.3,0.299,0.299,0,0
CAV_PB,D,20250827,000000,0.299,0.299,0.29,0.29,0,0
CAV_PB,D,20250828,000000,0.288,0.288,0.28,0.28,0,0
CAV_PB,D,20250829,000000,0.282,0.282,0.28,0.28,0,0
CAV_PB,D,20250901,000000,0.278,0.278,0.258,0.258,0,0
CAV_PB,D,20250902,000000,0.254,0.258,0.254,0.258,0,0
CAV_PB,D,20250903,000000,0.258,0.258,0.257,0.258,0,0
CAV_PB,D,20250904,000000,0.258,0.261,0.257,0.258,0,0
CAV_PB,D,20250905,000000,0.264,0.264,0.257,0.257,0,0
CAV_PB,D,20250908,000000,0.258,0.258,0.254,0.254,0,0
CAV_PB,D,20250909,000000,0.254,0.258,0.254,0.258,0,0
CAV_PB,D,20250910,000000,0.258,0.261,0.258,0.258,0,0
CAV_PB,D,20250911,000000,0.258,0.259,0.256,0.258,0,0
CAV_PB,D,20250912,000000,0.258,0.258,0.258,0.258,0,0
CAV_PB,D,20250915,000000,0.258,0.258,0.258,0.258,0,0
CAV_PB,D,20250916,000000,0.258,0.258,0.258,0.258,0,0
CAV_PB,D,20250917,000000,0.258,0.258,0.258,0.258,0,0
CAV_PB,D,20250918,000000,0.258,0.258,0.256,0.258,0,0
CAV_PB,D,20250919,000000,0.258,0.258,0.256,0.258,0,0
CAV_PB,D,20250922,000000,0.258,0.258,0.258,0.258,0,0
CAV_PB,D,20250923,000000,0.258,0.258,0.258,0.258,0,0
CAV_PB,D,20250924,000000,0.258,0.258,0.253,0.254,0,0
CAV_PB,D,20250925,000000,0.253,0.255,0.253,0.253,0,0
CAV_PB,D,20250926,000000,0.253,0.253,0.249,0.249,0,0
CAV_PB,D,20250929,000000,0.257,0.285,0.257,0.276,0,0
CAV_PB,D,20250930,000000,0.28,0.28,0.253,0.256,0,0
CAV_PB,D,20251001,000000,0.258,0.259,0.255,0.255,0,0
CAV_PB,D,20251002,000000,0.255,0.267,0.25,0.266,0,0
CAV_PB,D,20251003,000000,0.27,0.274,0.266,0.274,0,0
CAV_PB,D,20251006,000000,0.273,0.273,0.262,0.27,0,0
CAV_PB,D,20251007,000000,0.271,0.28,0.271,0.28,0,0
CAV_PB,D,20251008,000000,0.28,0.289,0.28,0.288,0,0
CAV_PB,D,20251009,000000,0.288,0.292,0.283,0.289,0,0
CAV_PB,D,20251010,000000,0.287,0.289,0.278,0.288,0,0
CAV_PB,D,20251013,000000,0.288,0.307,0.287,0.306,0,0
CAV_PB,D,20251014,000000,0.308,0.31,0.29,0.3,0,0
CAV_PB,D,20251015,000000,0.3,0.3,0.292,0.293,0,0
CAV_PB,D,20251016,000000,0.3,0.302,0.291,0.302,0,0
CAV_PB,D,20251017,000000,0.292,0.301,0.292,0.301,0,0
CAV_PB,D,20251020,000000,0.291,0.302,0.29,0.302,0,0
CAV_PB,D,20251021,000000,0.295,0.305,0.293,0.305,0,0
CAV_PB,D,20251022,000000,0.305,0.306,0.294,0.305,0,0
CAV_PB,D,20251023,000000,0.295,0.304,0.282,0.293,0,0
CAV_PB,D,20251024,000000,0.294,0.294,0.289,0.294,0,0
CAV_PB,D,20251027,000000,0.295,0.328,0.295,0.324,0,0
CAV_PB,D,20251028,000000,0.324,0.324,0.31,0.317,0,0
CAV_PB,D,20251029,000000,0.318,0.324,0.317,0.317,0,0
CAV_PB,D,20251030,000000,0.319,0.325,0.316,0.316,0,0
CAV_PB,D,20251031,000000,0.323,0.323,0.316,0.319,0,0
CAV_PB,D,20251103,000000,0.321,0.321,0.317,0.319,0,0
CAV_PB,D,20251104,000000,0.317,0.317,0.311,0.314,0,0
CAV_PB,D,20251105,000000,0.316,0.316,0.306,0.313,0,0
CAV_PB,D,20251106,000000,0.313,0.313,0.313,0.313,0,0
CAV_PB,D,20251107,000000,0.311,0.311,0.301,0.306,0,0
CAV_PB,D,20251110,000000,0.309,0.311,0.301,0.311,0,0
CAV_PB,D,20251112,000000,0.312,0.32,0.311,0.314,0,0
CAV_PB,D,20251113,000000,0.321,0.322,0.319,0.319,0,0
CAV_PB,D,20251114,000000,0.319,0.319,0.31,0.318,0,0
CAV_PB,D,20251117,000000,0.317,0.317,0.317,0.317,0,0
CAV_PB,D,20251118,000000,0.317,0.317,0.301,0.306,0,0
CAV_PB,D,20251119,000000,0.302,0.308,0.302,0.308,0,0
CAV_PB,D,20251120,000000,0.304,0.308,0.302,0.306,0,0
CAV_PB,D,20251121,000000,0.302,0.306,0.302,0.306,0,0
CAV_PB,D,20251124,000000,0.302,0.306,0.3,0.302,0,0
CAV_PB,D,20251125,000000,0.299,0.304,0.295,0.303,0,0
CAV_PB,D,20251126,000000,0.3,0.304,0.295,0.304,0,0
CAV_PB,D,20251127,000000,0.295,0.3,0.295,0.3,0,0
CAV_PB,D,20251128,000000,0.297,0.308,0.297,0.308,0,0
CAV_PB,D,20251201,000000,0.304,0.304,0.295,0.296,0,0
CAV_PB,D,20251202,000000,0.285,0.295,0.284,0.289,0,0
CAV_PB,D,20251203,000000,0.287,0.291,0.284,0.284,0,0
CAV_PB,D,20251204,000000,0.284,0.289,0.28,0.285,0,0
CAV_PB,D,20251205,000000,0.282,0.284,0.276,0.283,0,0
CAV_PB,D,20251208,000000,0.28,0.285,0.276,0.283,0,0
CAV_PB,D,20251209,000000,0.276,0.28,0.274,0.28,0,0
CAV_PB,D,20251210,000000,0.28,0.283,0.276,0.283,0,0
CAV_PB,D,20251211,000000,0.282,0.283,0.279,0.283,0,0
CAV_PB,D,20251212,000000,0.283,0.283,0.283,0.283,0,0
CAV_PB,D,20251215,000000,0.284,0.286,0.283,0.284,0,0
CAV_PB,D,20251216,000000,0.286,0.287,0.286,0.286,0,0
CAV_PB,D,20251217,000000,0.286,0.288,0.286,0.287,0,0
CAV_PB,D,20251218,000000,0.289,0.29,0.287,0.29,0,0
CAV_PB,D,20251219,000000,0.29,0.291,0.286,0.286,0,0
CAV_PB,D,20251222,000000,0.286,0.286,0.272,0.283,0,0
CAV_PB,D,20251223,000000,0.283,0.285,0.278,0.285,0,0
CAV_PB,D,20251229,000000,0.286,0.294,0.276,0.286,0,0
CAV_PB,D,20251230,000000,0.285,0.285,0.285,0.285,0,0
CAV_PB,D,20260102,000000,0.286,0.295,0.286,0.295,0,0
CAV_PB,D,20260105,000000,0.29,0.29,0.285,0.285,0,0
CAV_PB,D,20260107,000000,0.285,0.289,0.285,0.289,0,0
CAV_PB,D,20260108,000000,0.289,0.293,0.289,0.293,0,0
CAV_PB,D,20260109,000000,0.295,0.303,0.295,0.303,0,0
CAV_PB,D,20260112,000000,0.307,0.31,0.293,0.305,0,0
CAV_PB,D,20260113,000000,0.305,0.305,0.293,0.293,0,0
CAV_PB,D,20260114,000000,0.293,0.302,0.293,0.302,0,0
CAV_PB,D,20260115,000000,0.304,0.304,0.299,0.304,0,0
CAV_PB,D,20260116,000000,0.308,0.308,0.296,0.308,0,0
CAV_PB,D,20260119,000000,0.309,0.319,0.309,0.319,0,0
CAV_PB,D,20260120,000000,0.318,0.318,0.306,0.314,0,0
CAV_PB,D,20260121,000000,0.319,0.319,0.314,0.319,0,0
CAV_PB,D,20260122,000000,0.319,0.323,0.318,0.323,0,0
CAV_PB,D,20260123,000000,0.321,0.327,0.321,0.324,0,0
