<TICKER>,<PER>,<DATE>,<TIME>,<OPEN>,<HIGH>,<LOW>,<CLOSE>,<VOL>,<OPENINT>
CLE_PB,D,20110805,000000,1827.24,2057.64,1720.07,2056.57,0,0
CLE_PB,D,20110808,000000,1880.83,1977.29,1880.83,1912.98,0,0
CLE_PB,D,20110809,000000,1784.38,1859.38,1784.38,1821.88,0,0
CLE_PB,D,20110810,000000,1782.21,1927.98,1752.21,1757.57,0,0
CLE_PB,D,20110811,000000,1746.86,1804.74,1633.26,1666.48,0,0
CLE_PB,D,20110812,000000,1746.86,1746.86,1575.38,1607.55,0,0
CLE_PB,D,20110816,000000,1687.93,1768.29,1634.33,1741.5,0,0
CLE_PB,D,20110817,000000,1795.1,1831.52,1741.5,1831.52,0,0
CLE_PB,D,20110818,000000,1822.95,1822.95,1736.14,1765.07,0,0
CLE_PB,D,20110819,000000,1714.71,1810.1,1714.71,1810.1,0,0
CLE_PB,D,20110822,000000,1810.1,1917.26,1810.1,1917.26,0,0
CLE_PB,D,20110823,000000,1929.05,2057.64,1929.05,2036.21,0,0
CLE_PB,D,20110824,000000,2089.81,2089.81,2036.21,2089.81,0,0
CLE_PB,D,20110825,000000,2111.24,2143.38,2111.24,2111.24,0,0
CLE_PB,D,20110826,000000,2041.57,2138.02,2041.57,2138.02,0,0
CLE_PB,D,20110829,000000,2143.38,2234.48,2138.02,2234.48,0,0
CLE_PB,D,20110830,000000,2229.12,2285.93,2229.12,2266.64,0,0
CLE_PB,D,20110831,000000,2356.64,2356.64,2266.64,2282.71,0,0
CLE_PB,D,20110901,000000,2281.64,2282.71,2229.12,2229.12,0,0
CLE_PB,D,20110902,000000,2111.24,2191.62,2111.24,2143.38,0,0
CLE_PB,D,20110905,000000,2132.67,2143.38,2058.71,2116.6,0,0
CLE_PB,D,20110906,000000,2057.64,2186.26,2057.64,2143.38,0,0
CLE_PB,D,20110907,000000,2191.62,2191.62,2128.38,2159.45,0,0
CLE_PB,D,20110908,000000,2159.45,2159.45,2063,2121.95,0,0
CLE_PB,D,20110909,000000,2116.6,2116.6,2064.07,2111.24,0,0
CLE_PB,D,20110912,000000,2104.81,2104.81,2014.79,2082.31,0,0
CLE_PB,D,20110913,000000,2116.6,2116.6,2116.6,2116.6,0,0
CLE_PB,D,20110914,000000,2109.1,2154.1,2109.1,2143.38,0,0
CLE_PB,D,20110915,000000,2298.79,2325.57,2250.55,2272,0,0
CLE_PB,D,20110916,000000,2309.5,2352.36,2272,2345.93,0,0
CLE_PB,D,20110919,000000,2352.36,2352.36,2288.07,2293.43,0,0
CLE_PB,D,20110920,000000,2293.43,2352.36,2293.43,2352.36,0,0
CLE_PB,D,20110921,000000,2333.07,2432.74,2333.07,2432.74,0,0
CLE_PB,D,20110922,000000,2422.02,2422.02,2250.55,2293.43,0,0
CLE_PB,D,20110923,000000,2250.55,2320.21,2250.55,2320.21,0,0
CLE_PB,D,20110926,000000,2306.29,2411.31,2306.29,2357.71,0,0
CLE_PB,D,20110927,000000,2431.67,2463.83,2357.71,2448.81,0,0
CLE_PB,D,20110928,000000,2400.6,2589.21,2400.6,2588.14,0,0
CLE_PB,D,20110929,000000,2606.36,2783.19,2443.45,2518.48,0,0
CLE_PB,D,20110930,000000,2518.48,2588.14,2444.52,2564.57,0,0
CLE_PB,D,20111003,000000,2504.55,2572.07,2504.55,2560.29,0,0
CLE_PB,D,20111004,000000,2539.9,2539.9,2384.52,2411.31,0,0
CLE_PB,D,20111005,000000,2363.1,2518.48,2293.43,2480.98,0,0
CLE_PB,D,20111006,000000,2545.26,2545.26,2480.98,2543.12,0,0
CLE_PB,D,20111007,000000,2545.26,2614.93,2539.9,2598.86,0,0
CLE_PB,D,20111010,000000,2625.64,2647.07,2573.14,2640.64,0,0
CLE_PB,D,20111011,000000,2631,2673.88,2631,2652.45,0,0
CLE_PB,D,20111012,000000,2679.24,2695.31,2679.24,2695.31,0,0
CLE_PB,D,20111013,000000,2679.24,2700.67,2674.95,2679.24,0,0
CLE_PB,D,20111014,000000,2679.24,2689.95,2679.24,2689.95,0,0
CLE_PB,D,20111017,000000,2689.95,2689.95,2572.07,2613.86,0,0
CLE_PB,D,20111018,000000,2552.76,2679.24,2534.55,2582.79,0,0
CLE_PB,D,20111019,000000,2625.64,2625.64,2485.26,2491.69,0,0
CLE_PB,D,20111020,000000,2454.17,2491.69,2371.67,2425.24,0,0
CLE_PB,D,20111021,000000,2454.17,2545.26,2454.17,2545.26,0,0
CLE_PB,D,20111024,000000,2623.5,2623.5,2475.62,2572.07,0,0
CLE_PB,D,20111025,000000,2572.07,2577.43,2572.07,2577.43,0,0
CLE_PB,D,20111026,000000,2572.07,2582.79,2519.55,2582.79,0,0
CLE_PB,D,20111027,000000,2604.21,2620.29,2518.48,2620.29,0,0
CLE_PB,D,20111028,000000,2647.07,2647.07,2572.07,2572.07,0,0
CLE_PB,D,20111031,000000,2572.07,2596.71,2571,2596.71,0,0
CLE_PB,D,20111102,000000,2470.26,2595.64,2470.26,2595.64,0,0
CLE_PB,D,20111103,000000,2704.95,2704.95,2668.52,2668.52,0,0
CLE_PB,D,20111104,000000,2647.07,2647.07,2572.07,2640.64,0,0
CLE_PB,D,20111107,000000,2551.69,2625.64,2551.69,2598.86,0,0
CLE_PB,D,20111108,000000,2604.21,2604.21,2572.07,2572.07,0,0
CLE_PB,D,20111109,000000,2572.07,2593.5,2572.07,2593.5,0,0
CLE_PB,D,20111110,000000,2582.79,2582.79,2561.36,2572.07,0,0
CLE_PB,D,20111114,000000,2572.07,2604.21,2572.07,2593.5,0,0
CLE_PB,D,20111115,000000,2593.5,2593.5,53.45,53.45,0,0
CLE_PB,D,20111116,000000,53.45,53.45,52.03,52.27,0,0
CLE_PB,D,20111117,000000,53.45,53.45,50.56,50.56,0,0
CLE_PB,D,20111118,000000,50.04,52.12,50.04,52.12,0,0
CLE_PB,D,20111121,000000,52.12,52.12,50.13,50.98,0,0
CLE_PB,D,20111122,000000,50.11,51.45,50.11,51.45,0,0
CLE_PB,D,20111123,000000,51.78,51.78,49.55,50.09,0,0
CLE_PB,D,20111124,000000,50.11,50.22,48.55,49.67,0,0
CLE_PB,D,20111125,000000,51.23,51.23,3.22,3.22,0,0
CLE_PB,D,20111128,000000,3.32,3.32,3.18,3.27,0,0
CLE_PB,D,20111129,000000,3.29,3.29,3.18,3.18,0,0
CLE_PB,D,20111130,000000,3.26,3.29,3.26,3.29,0,0
CLE_PB,D,20111201,000000,3.33,3.33,3.29,3.29,0,0
CLE_PB,D,20111202,000000,3.33,3.33,3.33,3.33,0,0
CLE_PB,D,20111205,000000,3.33,3.33,3.23,3.26,0,0
CLE_PB,D,20111206,000000,3.29,3.29,3.29,3.29,0,0
CLE_PB,D,20111207,000000,3.29,3.29,3.23,3.29,0,0
CLE_PB,D,20111208,000000,3.23,3.25,3.23,3.25,0,0
CLE_PB,D,20111209,000000,3.26,3.26,3.11,3.15,0,0
CLE_PB,D,20111212,000000,3.15,3.15,3.15,3.15,0,0
CLE_PB,D,20111213,000000,3.14,3.26,3.14,3.26,0,0
CLE_PB,D,20111214,000000,3.26,3.26,3.07,3.18,0,0
CLE_PB,D,20111215,000000,3.16,3.18,3.16,3.17,0,0
CLE_PB,D,20111216,000000,3.08,3.23,3.08,3.17,0,0
CLE_PB,D,20111219,000000,3.17,3.17,3.17,3.17,0,0
CLE_PB,D,20111220,000000,3.23,3.23,3.07,3.11,0,0
CLE_PB,D,20111221,000000,3.11,3.11,3.04,3.11,0,0
CLE_PB,D,20111222,000000,3.11,3.11,3.07,3.07,0,0
CLE_PB,D,20111223,000000,3.11,3.11,3.02,3.11,0,0
CLE_PB,D,20111227,000000,3.23,3.23,3.11,3.14,0,0
CLE_PB,D,20111228,000000,3.15,3.18,3.07,3.07,0,0
CLE_PB,D,20111229,000000,3.23,3.23,3.15,3.17,0,0
CLE_PB,D,20111230,000000,3.11,3.23,3.11,3.18,0,0
CLE_PB,D,20120102,000000,3.23,3.26,3.23,3.26,0,0
CLE_PB,D,20120103,000000,3.28,3.28,3.28,3.28,0,0
CLE_PB,D,20120104,000000,3.26,3.26,3.26,3.26,0,0
CLE_PB,D,20120105,000000,3.26,3.26,3.25,3.25,0,0
CLE_PB,D,20120109,000000,3.28,3.28,3.11,3.11,0,0
CLE_PB,D,20120110,000000,3.15,3.26,3.15,3.26,0,0
CLE_PB,D,20120111,000000,3.26,3.32,3.26,3.32,0,0
CLE_PB,D,20120112,000000,3.18,3.27,3.18,3.27,0,0
CLE_PB,D,20120113,000000,3.29,3.29,3.29,3.29,0,0
CLE_PB,D,20120116,000000,3.32,3.32,3.16,3.16,0,0
CLE_PB,D,20120117,000000,3.29,3.29,3.17,3.22,0,0
CLE_PB,D,20120118,000000,3.22,3.22,3.22,3.22,0,0
CLE_PB,D,20120119,000000,3.16,3.2,3.14,3.2,0,0
CLE_PB,D,20120120,000000,3.18,3.18,3.18,3.18,0,0
CLE_PB,D,20120123,000000,3.22,3.22,3.13,3.17,0,0
CLE_PB,D,20120124,000000,3.22,3.22,3.07,3.12,0,0
CLE_PB,D,20120125,000000,3.18,3.18,3.07,3.11,0,0
CLE_PB,D,20120126,000000,3.1,3.18,3.1,3.11,0,0
CLE_PB,D,20120127,000000,3.21,3.21,3.18,3.18,0,0
CLE_PB,D,20120130,000000,3.18,3.18,3.18,3.18,0,0
CLE_PB,D,20120131,000000,3.11,3.29,3.11,3.29,0,0
CLE_PB,D,20120201,000000,3.29,3.4,3.2,3.4,0,0
CLE_PB,D,20120202,000000,3.47,3.57,3.46,3.57,0,0
CLE_PB,D,20120203,000000,3.55,3.66,3.55,3.64,0,0
CLE_PB,D,20120206,000000,3.6,3.66,3.6,3.6,0,0
CLE_PB,D,20120207,000000,3.54,3.66,3.54,3.59,0,0
CLE_PB,D,20120208,000000,3.66,3.71,3.66,3.7,0,0
CLE_PB,D,20120209,000000,3.74,3.75,3.66,3.66,0,0
CLE_PB,D,20120210,000000,3.7,3.7,3.55,3.63,0,0
CLE_PB,D,20120213,000000,3.68,3.68,3.51,3.61,0,0
CLE_PB,D,20120214,000000,3.7,3.7,3.55,3.55,0,0
CLE_PB,D,20120215,000000,3.52,3.69,3.52,3.69,0,0
CLE_PB,D,20120216,000000,3.69,3.7,3.55,3.7,0,0
CLE_PB,D,20120217,000000,3.7,3.97,3.7,3.92,0,0
CLE_PB,D,20120220,000000,3.92,4.29,3.92,4.07,0,0
CLE_PB,D,20120221,000000,4.26,4.26,3.95,4,0,0
CLE_PB,D,20120222,000000,3.98,4,3.85,3.92,0,0
CLE_PB,D,20120223,000000,3.92,3.92,3.66,3.84,0,0
CLE_PB,D,20120224,000000,3.78,3.86,3.78,3.86,0,0
CLE_PB,D,20120227,000000,3.86,3.86,3.76,3.83,0,0
CLE_PB,D,20120228,000000,3.83,3.83,3.74,3.77,0,0
CLE_PB,D,20120229,000000,3.73,3.91,3.73,3.91,0,0
CLE_PB,D,20120301,000000,3.92,3.92,3.76,3.8,0,0
CLE_PB,D,20120302,000000,3.84,3.87,3.77,3.87,0,0
CLE_PB,D,20120305,000000,3.87,3.89,3.87,3.89,0,0
CLE_PB,D,20120306,000000,3.77,3.77,3.21,3.21,0,0
CLE_PB,D,20120308,000000,3.12,3.4,3.12,3.36,0,0
CLE_PB,D,20120309,000000,3.36,3.36,3.29,3.36,0,0
CLE_PB,D,20120312,000000,3.36,3.47,3.33,3.42,0,0
CLE_PB,D,20120313,000000,3.48,3.6,3.48,3.55,0,0
CLE_PB,D,20120314,000000,3.55,3.58,3.51,3.54,0,0
CLE_PB,D,20120315,000000,3.47,3.52,3.43,3.52,0,0
CLE_PB,D,20120316,000000,3.54,3.54,3.42,3.46,0,0
CLE_PB,D,20120319,000000,3.46,3.46,3.43,3.43,0,0
CLE_PB,D,20120320,000000,3.43,3.43,3.31,3.39,0,0
CLE_PB,D,20120321,000000,3.39,3.39,3.34,3.39,0,0
CLE_PB,D,20120322,000000,3.39,3.39,3.27,3.33,0,0
CLE_PB,D,20120323,000000,3.33,3.33,3.18,3.24,0,0
CLE_PB,D,20120326,000000,3.24,3.3,3.24,3.3,0,0
CLE_PB,D,20120327,000000,3.29,3.39,3.29,3.36,0,0
CLE_PB,D,20120328,000000,3.36,3.36,3.27,3.36,0,0
CLE_PB,D,20120329,000000,3.36,3.36,3.23,3.28,0,0
CLE_PB,D,20120330,000000,3.36,3.36,3.27,3.27,0,0
CLE_PB,D,20120402,000000,3.21,3.27,3.2,3.26,0,0
CLE_PB,D,20120403,000000,3.22,3.26,3.18,3.18,0,0
CLE_PB,D,20120404,000000,3.03,3.24,3.03,3.24,0,0
CLE_PB,D,20120405,000000,3.27,3.27,3.18,3.23,0,0
CLE_PB,D,20120410,000000,3.29,3.29,3.21,3.21,0,0
CLE_PB,D,20120411,000000,3.24,3.29,3.21,3.29,0,0
CLE_PB,D,20120412,000000,3.29,3.29,3.21,3.26,0,0
CLE_PB,D,20120413,000000,3.27,3.27,3.27,3.27,0,0
CLE_PB,D,20120416,000000,3.27,3.27,3.25,3.25,0,0
CLE_PB,D,20120417,000000,3.21,3.29,3.21,3.21,0,0
CLE_PB,D,20120418,000000,3.24,3.27,3.24,3.27,0,0
CLE_PB,D,20120419,000000,3.24,3.27,3.21,3.24,0,0
CLE_PB,D,20120420,000000,3.21,3.24,3.21,3.24,0,0
CLE_PB,D,20120423,000000,3.15,3.18,3.15,3.15,0,0
CLE_PB,D,20120424,000000,3.02,3.15,3.02,3.15,0,0
CLE_PB,D,20120425,000000,3.11,3.11,3.1,3.1,0,0
CLE_PB,D,20120426,000000,3.11,3.11,3.11,3.11,0,0
CLE_PB,D,20120427,000000,3.21,3.21,3.11,3.11,0,0
CLE_PB,D,20120430,000000,3.11,3.11,3.02,3.07,0,0
CLE_PB,D,20120502,000000,3.01,3.01,3,3,0,0
CLE_PB,D,20120504,000000,3,3.1,3,3.1,0,0
CLE_PB,D,20120507,000000,3.06,3.06,3.05,3.05,0,0
CLE_PB,D,20120508,000000,3.02,3.02,2.95,2.96,0,0
CLE_PB,D,20120509,000000,2.87,2.87,2.74,2.83,0,0
CLE_PB,D,20120510,000000,2.77,2.82,2.74,2.81,0,0
CLE_PB,D,20120514,000000,2.85,2.85,2.63,2.63,0,0
CLE_PB,D,20120515,000000,2.62,2.62,2.39,2.39,0,0
CLE_PB,D,20120516,000000,2.42,2.42,2.24,2.36,0,0
CLE_PB,D,20120517,000000,2.22,2.3,2.15,2.18,0,0
CLE_PB,D,20120518,000000,2.12,2.24,2.12,2.24,0,0
CLE_PB,D,20120521,000000,2.23,2.42,2.23,2.32,0,0
CLE_PB,D,20120522,000000,2.37,2.45,2.3,2.37,0,0
CLE_PB,D,20120523,000000,2.39,2.39,2.35,2.35,0,0
CLE_PB,D,20120524,000000,2.35,2.35,2.28,2.28,0,0
CLE_PB,D,20120525,000000,2.3,2.45,2.28,2.45,0,0
CLE_PB,D,20120528,000000,2.5,2.5,2.45,2.46,0,0
CLE_PB,D,20120529,000000,2.45,2.45,2.41,2.45,0,0
CLE_PB,D,20120530,000000,2.51,2.51,2.42,2.42,0,0
CLE_PB,D,20120531,000000,2.42,2.49,2.42,2.44,0,0
CLE_PB,D,20120601,000000,2.44,2.44,2.32,2.32,0,0
CLE_PB,D,20120604,000000,2.39,2.39,2.26,2.26,0,0
CLE_PB,D,20120605,000000,2.16,2.26,2.06,2.13,0,0
CLE_PB,D,20120606,000000,2.07,2.13,1.98,2.13,0,0
CLE_PB,D,20120608,000000,2.1,2.13,2.1,2.13,0,0
CLE_PB,D,20120611,000000,2.13,2.28,2.13,2.28,0,0
CLE_PB,D,20120612,000000,2.28,2.38,2.28,2.38,0,0
CLE_PB,D,20120613,000000,2.39,2.49,2.39,2.4,0,0
CLE_PB,D,20120614,000000,2.37,2.4,2.37,2.38,0,0
CLE_PB,D,20120615,000000,2.46,2.46,2.36,2.38,0,0
CLE_PB,D,20120618,000000,2.61,2.61,2.23,2.36,0,0
CLE_PB,D,20120619,000000,2.38,2.39,2.36,2.39,0,0
CLE_PB,D,20120620,000000,2.42,2.42,2.38,2.42,0,0
CLE_PB,D,20120621,000000,2.4,2.4,2.35,2.35,0,0
CLE_PB,D,20120622,000000,2.35,2.36,2.27,2.29,0,0
CLE_PB,D,20120625,000000,2.29,2.29,2.26,2.26,0,0
CLE_PB,D,20120626,000000,2.29,2.29,2.21,2.21,0,0
CLE_PB,D,20120627,000000,2.26,2.26,2.11,2.18,0,0
CLE_PB,D,20120628,000000,2.18,2.18,2.1,2.1,0,0
CLE_PB,D,20120629,000000,2.1,2.25,2.1,2.25,0,0
CLE_PB,D,20120702,000000,2.18,2.23,2.1,2.19,0,0
CLE_PB,D,20120703,000000,2.26,2.45,2.19,2.45,0,0
CLE_PB,D,20120704,000000,2.46,2.46,2.36,2.41,0,0
CLE_PB,D,20120705,000000,2.36,2.41,2.29,2.29,0,0
CLE_PB,D,20120706,000000,2.4,2.4,2.26,2.36,0,0
CLE_PB,D,20120709,000000,2.23,2.32,2.23,2.32,0,0
CLE_PB,D,20120710,000000,2.32,2.32,2.23,2.32,0,0
CLE_PB,D,20120711,000000,2.25,2.34,2.25,2.34,0,0
CLE_PB,D,20120712,000000,2.33,2.33,2.25,2.29,0,0
CLE_PB,D,20120713,000000,2.25,2.36,2.25,2.29,0,0
CLE_PB,D,20120716,000000,2.36,2.36,2.25,2.25,0,0
CLE_PB,D,20120717,000000,2.3,2.3,2.25,2.29,0,0
CLE_PB,D,20120718,000000,2.29,2.33,2.29,2.33,0,0
CLE_PB,D,20120719,000000,2.29,2.32,2.29,2.32,0,0
CLE_PB,D,20120720,000000,2.32,2.32,2.32,2.32,0,0
CLE_PB,D,20120723,000000,2.33,2.33,2.33,2.33,0,0
CLE_PB,D,20120724,000000,2.33,2.33,2.33,2.33,0,0
CLE_PB,D,20120725,000000,2.29,2.29,2.25,2.29,0,0
CLE_PB,D,20120726,000000,2.32,2.32,2.29,2.29,0,0
CLE_PB,D,20120727,000000,2.26,2.31,2.26,2.29,0,0
CLE_PB,D,20120731,000000,2.25,2.29,2.23,2.29,0,0
CLE_PB,D,20120801,000000,2.23,2.29,2.22,2.24,0,0
CLE_PB,D,20120802,000000,2.21,2.22,2.1,2.13,0,0
CLE_PB,D,20120803,000000,2.19,2.21,2.15,2.15,0,0
CLE_PB,D,20120806,000000,2.12,2.16,2.1,2.12,0,0
CLE_PB,D,20120807,000000,2.17,2.17,2.16,2.16,0,0
CLE_PB,D,20120808,000000,2.17,2.17,2.07,2.07,0,0
CLE_PB,D,20120809,000000,2.07,2.07,1.96,1.96,0,0
CLE_PB,D,20120810,000000,1.97,1.97,1.92,1.96,0,0
CLE_PB,D,20120813,000000,1.91,1.91,1.88,1.9,0,0
CLE_PB,D,20120814,000000,1.91,1.91,1.86,1.86,0,0
CLE_PB,D,20120816,000000,1.83,1.88,1.81,1.88,0,0
CLE_PB,D,20120817,000000,1.91,1.96,1.88,1.96,0,0
CLE_PB,D,20120820,000000,1.96,2.03,1.96,2.03,0,0
CLE_PB,D,20120821,000000,2.06,2.09,2.03,2.09,0,0
CLE_PB,D,20120822,000000,2.09,2.19,2.09,2.16,0,0
CLE_PB,D,20120823,000000,2.16,2.16,2.15,2.15,0,0
CLE_PB,D,20120824,000000,2.15,2.15,2.1,2.13,0,0
CLE_PB,D,20120827,000000,2.09,2.13,2.09,2.13,0,0
CLE_PB,D,20120828,000000,2.13,2.13,2.1,2.1,0,0
CLE_PB,D,20120829,000000,2.13,2.13,2.13,2.13,0,0
CLE_PB,D,20120830,000000,2.07,2.13,2.03,2.13,0,0
CLE_PB,D,20120831,000000,2.13,2.13,2.06,2.06,0,0
CLE_PB,D,20120903,000000,2.13,2.13,2.11,2.11,0,0
CLE_PB,D,20120904,000000,2.1,2.11,2.1,2.1,0,0
CLE_PB,D,20120905,000000,2.1,2.1,2,2,0,0
CLE_PB,D,20120906,000000,2.08,2.13,2,2.13,0,0
CLE_PB,D,20120907,000000,2.13,2.14,2.13,2.14,0,0
CLE_PB,D,20120910,000000,2.16,2.16,2.14,2.16,0,0
CLE_PB,D,20120911,000000,2.16,2.16,2.15,2.15,0,0
CLE_PB,D,20120912,000000,2.15,2.15,2.13,2.13,0,0
CLE_PB,D,20120913,000000,2.14,2.14,2.06,2.13,0,0
CLE_PB,D,20120914,000000,2.13,2.13,2.1,2.1,0,0
CLE_PB,D,20120917,000000,2.1,2.1,2.06,2.08,0,0
CLE_PB,D,20120918,000000,2.09,2.14,2.06,2.1,0,0
CLE_PB,D,20120919,000000,2.06,2.15,2.06,2.15,0,0
CLE_PB,D,20120920,000000,2.15,2.15,2.13,2.13,0,0
CLE_PB,D,20120921,000000,2.08,2.15,2.08,2.15,0,0
CLE_PB,D,20120924,000000,2.13,2.13,2.12,2.12,0,0
CLE_PB,D,20120925,000000,2.12,2.13,2.12,2.13,0,0
CLE_PB,D,20120926,000000,2.16,2.16,2.1,2.1,0,0
CLE_PB,D,20120927,000000,2.11,2.15,2.11,2.15,0,0
CLE_PB,D,20120928,000000,2.16,2.17,2.15,2.17,0,0
CLE_PB,D,20121001,000000,2.19,2.36,2.19,2.28,0,0
CLE_PB,D,20121002,000000,2.29,2.29,2.25,2.25,0,0
CLE_PB,D,20121003,000000,2.25,2.26,2.25,2.26,0,0
CLE_PB,D,20121004,000000,2.29,2.33,2.26,2.33,0,0
CLE_PB,D,20121005,000000,2.32,2.36,2.26,2.36,0,0
CLE_PB,D,20121008,000000,2.36,2.36,2.29,2.29,0,0
CLE_PB,D,20121009,000000,2.34,2.34,2.17,2.23,0,0
CLE_PB,D,20121010,000000,2.26,2.26,2.1,2.16,0,0
CLE_PB,D,20121011,000000,2.16,2.16,2.12,2.16,0,0
CLE_PB,D,20121012,000000,2.17,2.21,2.11,2.21,0,0
CLE_PB,D,20121015,000000,2.19,2.19,2.17,2.17,0,0
CLE_PB,D,20121016,000000,2.22,2.22,2.12,2.14,0,0
CLE_PB,D,20121017,000000,2.18,2.18,2.11,2.13,0,0
CLE_PB,D,20121018,000000,2.1,2.13,2.06,2.11,0,0
CLE_PB,D,20121019,000000,2.06,2.06,1.85,2,0,0
CLE_PB,D,20121022,000000,2.04,2.05,2,2.03,0,0
CLE_PB,D,20121023,000000,2.04,2.04,1.93,2.03,0,0
CLE_PB,D,20121024,000000,1.95,1.96,1.92,1.93,0,0
CLE_PB,D,20121025,000000,1.94,1.94,1.87,1.94,0,0
CLE_PB,D,20121026,000000,1.93,1.93,1.93,1.93,0,0
CLE_PB,D,20121029,000000,1.94,1.94,1.87,1.9,0,0
CLE_PB,D,20121030,000000,1.92,1.92,1.87,1.9,0,0
CLE_PB,D,20121031,000000,1.9,1.9,1.85,1.86,0,0
CLE_PB,D,20121102,000000,1.89,1.89,1.77,1.79,0,0
CLE_PB,D,20121105,000000,1.79,1.79,1.45,1.45,0,0
CLE_PB,D,20121106,000000,1.44,1.45,1.4,1.4,0,0
CLE_PB,D,20121107,000000,1.38,1.38,1.29,1.35,0,0
CLE_PB,D,20121108,000000,1.33,1.33,1.3,1.33,0,0
CLE_PB,D,20121109,000000,1.35,1.35,1.33,1.33,0,0
CLE_PB,D,20121112,000000,1.34,1.34,1.31,1.34,0,0
CLE_PB,D,20121113,000000,1.35,1.35,1.33,1.33,0,0
CLE_PB,D,20121114,000000,1.3,1.34,1.26,1.26,0,0
CLE_PB,D,20121115,000000,1.23,1.26,1.18,1.23,0,0
CLE_PB,D,20121116,000000,1.23,1.24,1.18,1.24,0,0
CLE_PB,D,20121119,000000,1.24,1.26,1.24,1.26,0,0
CLE_PB,D,20121120,000000,1.26,1.26,1.18,1.2,0,0
CLE_PB,D,20121121,000000,1.2,1.2,1.15,1.18,0,0
CLE_PB,D,20121122,000000,1.15,1.16,1.12,1.16,0,0
CLE_PB,D,20121123,000000,1.15,1.15,1.08,1.1,0,0
CLE_PB,D,20121126,000000,1.1,1.11,1.09,1.11,0,0
CLE_PB,D,20121127,000000,1.11,1.12,1.08,1.12,0,0
CLE_PB,D,20121128,000000,1.12,1.12,1.11,1.12,0,0
CLE_PB,D,20121129,000000,1.12,1.12,1.08,1.12,0,0
CLE_PB,D,20121130,000000,1.11,1.11,1.09,1.1,0,0
CLE_PB,D,20121203,000000,1.11,1.11,1.11,1.11,0,0
CLE_PB,D,20121204,000000,1.11,1.11,1.11,1.11,0,0
CLE_PB,D,20121205,000000,1.11,1.14,1.11,1.13,0,0
CLE_PB,D,20121206,000000,1.14,1.19,1.13,1.16,0,0
CLE_PB,D,20121207,000000,1.22,1.22,1.18,1.19,0,0
CLE_PB,D,20121210,000000,1.22,1.24,1.22,1.24,0,0
CLE_PB,D,20121211,000000,1.24,1.26,1.21,1.23,0,0
CLE_PB,D,20121212,000000,1.25,1.25,1.21,1.23,0,0
CLE_PB,D,20121213,000000,1.24,1.25,1.22,1.25,0,0
CLE_PB,D,20121214,000000,1.26,1.26,1.23,1.24,0,0
CLE_PB,D,20121217,000000,1.24,1.24,1.21,1.23,0,0
CLE_PB,D,20121218,000000,1.24,1.24,1.21,1.22,0,0
CLE_PB,D,20121219,000000,1.22,1.22,1.11,1.15,0,0
CLE_PB,D,20121220,000000,1.17,1.17,1.06,1.06,0,0
CLE_PB,D,20121221,000000,1.05,1.1,1.05,1.1,0,0
CLE_PB,D,20121227,000000,1.1,1.1,1.03,1.05,0,0
CLE_PB,D,20121228,000000,1.05,1.05,1.01,1.03,0,0
CLE_PB,D,20130102,000000,1,1.11,1,1.09,0,0
CLE_PB,D,20130103,000000,1.09,1.17,1.09,1.17,0,0
CLE_PB,D,20130104,000000,1.16,1.23,1.14,1.23,0,0
CLE_PB,D,20130107,000000,1.23,1.3,1.23,1.3,0,0
CLE_PB,D,20130108,000000,1.3,1.3,1.24,1.24,0,0
CLE_PB,D,20130109,000000,1.28,1.28,1.23,1.23,0,0
CLE_PB,D,20130110,000000,1.23,1.25,1.21,1.24,0,0
CLE_PB,D,20130111,000000,1.24,1.25,1.23,1.25,0,0
CLE_PB,D,20130114,000000,1.27,1.27,1.23,1.25,0,0
CLE_PB,D,20130115,000000,1.23,1.23,1.14,1.19,0,0
CLE_PB,D,20130116,000000,1.19,1.19,1.19,1.19,0,0
CLE_PB,D,20130117,000000,1.19,1.2,1.14,1.18,0,0
CLE_PB,D,20130118,000000,1.14,1.21,1.14,1.19,0,0
CLE_PB,D,20130121,000000,1.19,1.19,1.16,1.19,0,0
CLE_PB,D,20130122,000000,1.19,1.21,1.19,1.21,0,0
CLE_PB,D,20130123,000000,1.21,1.22,1.19,1.22,0,0
CLE_PB,D,20130124,000000,1.17,1.23,1.17,1.23,0,0
CLE_PB,D,20130125,000000,1.24,1.24,1.22,1.24,0,0
CLE_PB,D,20130128,000000,1.24,1.24,1.17,1.18,0,0
CLE_PB,D,20130129,000000,1.22,1.3,1.18,1.18,0,0
CLE_PB,D,20130130,000000,1.37,1.38,1.35,1.36,0,0
CLE_PB,D,20130131,000000,1.41,1.46,1.41,1.43,0,0
CLE_PB,D,20130201,000000,1.44,1.53,1.43,1.51,0,0
CLE_PB,D,20130204,000000,1.51,1.53,1.41,1.41,0,0
CLE_PB,D,20130205,000000,1.41,1.44,1.38,1.41,0,0
CLE_PB,D,20130206,000000,1.41,1.41,1.39,1.41,0,0
CLE_PB,D,20130207,000000,1.41,1.41,1.35,1.35,0,0
CLE_PB,D,20130208,000000,1.35,1.41,1.31,1.35,0,0
CLE_PB,D,20130211,000000,1.39,1.42,1.38,1.42,0,0
CLE_PB,D,20130212,000000,1.42,1.42,1.36,1.36,0,0
CLE_PB,D,20130213,000000,1.35,1.41,1.35,1.41,0,0
CLE_PB,D,20130214,000000,1.41,1.43,1.35,1.38,0,0
CLE_PB,D,20130215,000000,1.34,1.35,1.24,1.35,0,0
CLE_PB,D,20130218,000000,1.33,1.33,1.33,1.33,0,0
CLE_PB,D,20130219,000000,1.3,1.3,1.26,1.27,0,0
CLE_PB,D,20130220,000000,1.29,1.29,1.25,1.28,0,0
CLE_PB,D,20130221,000000,1.28,1.28,1.26,1.28,0,0
CLE_PB,D,20130222,000000,1.25,1.28,1.24,1.28,0,0
CLE_PB,D,20130225,000000,1.27,1.27,1.21,1.21,0,0
CLE_PB,D,20130226,000000,1.21,1.21,1.17,1.18,0,0
CLE_PB,D,20130227,000000,1.19,1.19,1.14,1.17,0,0
CLE_PB,D,20130228,000000,1.17,1.17,1.14,1.14,0,0
CLE_PB,D,20130301,000000,1.14,1.14,1.11,1.11,0,0
CLE_PB,D,20130304,000000,1.08,1.1,1.07,1.07,0,0
CLE_PB,D,20130305,000000,1.07,1.09,1.07,1.09,0,0
CLE_PB,D,20130306,000000,1.09,1.09,1.08,1.09,0,0
CLE_PB,D,20130307,000000,1.09,1.09,1.06,1.07,0,0
CLE_PB,D,20130308,000000,1.1,1.11,1.07,1.09,0,0
CLE_PB,D,20130311,000000,1.1,1.1,1.09,1.09,0,0
CLE_PB,D,20130312,000000,1.09,1.09,1.09,1.09,0,0
CLE_PB,D,20130313,000000,1.07,1.08,1.07,1.07,0,0
CLE_PB,D,20130314,000000,1.08,1.08,1.07,1.07,0,0
CLE_PB,D,20130315,000000,1.09,1.14,1.02,1.05,0,0
CLE_PB,D,20130318,000000,1.02,1.03,1.02,1.02,0,0
CLE_PB,D,20130319,000000,1,1,0.84,0.89,0,0
CLE_PB,D,20130320,000000,0.89,0.89,0.83,0.86,0,0
CLE_PB,D,20130321,000000,0.87,0.87,0.84,0.86,0,0
CLE_PB,D,20130322,000000,0.84,0.86,0.83,0.84,0,0
CLE_PB,D,20130325,000000,0.83,0.84,0.81,0.82,0,0
CLE_PB,D,20130326,000000,0.75,0.75,0.64,0.67,0,0
CLE_PB,D,20130327,000000,0.68,0.68,0.67,0.67,0,0
CLE_PB,D,20130328,000000,0.68,0.68,0.68,0.68,0,0
CLE_PB,D,20130402,000000,0.68,0.68,0.65,0.67,0,0
CLE_PB,D,20130403,000000,0.66,0.66,0.65,0.65,0,0
CLE_PB,D,20130404,000000,0.63,0.64,0.62,0.64,0,0
CLE_PB,D,20130405,000000,0.62,0.62,0.58,0.6,0,0
CLE_PB,D,20130408,000000,0.65,0.65,0.62,0.62,0,0
CLE_PB,D,20130409,000000,0.63,0.64,0.63,0.64,0,0
CLE_PB,D,20130410,000000,0.65,0.65,0.59,0.64,0,0
CLE_PB,D,20130411,000000,0.64,0.64,0.61,0.64,0,0
CLE_PB,D,20130412,000000,0.62,0.62,0.56,0.57,0,0
CLE_PB,D,20130415,000000,0.52,0.52,0.51,0.51,0,0
CLE_PB,D,20130417,000000,0.5,0.5,0.43,0.43,0,0
CLE_PB,D,20130418,000000,0.42,0.43,0.38,0.4,0,0
CLE_PB,D,20130419,000000,0.4,0.4,0.39,0.4,0,0
CLE_PB,D,20130422,000000,0.39,0.4,0.34,0.35,0,0
CLE_PB,D,20130423,000000,0.35,0.35,0.29,0.29,0,0
CLE_PB,D,20130424,000000,0.3,0.35,0.29,0.35,0,0
CLE_PB,D,20130425,000000,0.36,0.43,0.33,0.41,0,0
CLE_PB,D,20130426,000000,0.43,0.47,0.41,0.42,0,0
CLE_PB,D,20130429,000000,0.42,0.47,0.41,0.47,0,0
CLE_PB,D,20130430,000000,0.49,0.59,0.47,0.47,0,0
CLE_PB,D,20130502,000000,0.54,0.56,0.51,0.53,0,0
CLE_PB,D,20130506,000000,0.56,0.56,0.53,0.54,0,0
CLE_PB,D,20130507,000000,0.54,0.55,0.53,0.55,0,0
CLE_PB,D,20130508,000000,0.54,0.55,0.53,0.55,0,0
CLE_PB,D,20130509,000000,0.53,0.54,0.52,0.53,0,0
CLE_PB,D,20130510,000000,0.53,0.53,0.51,0.52,0,0
CLE_PB,D,20130513,000000,0.5,0.51,0.46,0.48,0,0
CLE_PB,D,20130514,000000,0.47,0.48,0.47,0.48,0,0
CLE_PB,D,20130515,000000,0.47,0.48,0.47,0.47,0,0
CLE_PB,D,20130516,000000,0.5,0.5,0.48,0.5,0,0
CLE_PB,D,20130517,000000,0.52,0.53,0.5,0.53,0,0
CLE_PB,D,20130520,000000,0.53,0.54,0.53,0.54,0,0
CLE_PB,D,20130521,000000,0.54,0.54,0.52,0.53,0,0
CLE_PB,D,20130522,000000,0.52,0.52,0.48,0.52,0,0
CLE_PB,D,20130523,000000,0.52,0.52,0.48,0.49,0,0
CLE_PB,D,20130524,000000,0.49,0.49,0.47,0.48,0,0
CLE_PB,D,20130527,000000,0.45,0.45,0.44,0.45,0,0
CLE_PB,D,20130528,000000,0.45,0.45,0.41,0.42,0,0
CLE_PB,D,20130529,000000,0.41,0.42,0.37,0.37,0,0
CLE_PB,D,20130531,000000,0.42,0.42,0.39,0.41,0,0
CLE_PB,D,20130603,000000,0.42,0.42,0.41,0.41,0,0
CLE_PB,D,20130604,000000,0.43,0.43,0.4,0.41,0,0
CLE_PB,D,20130605,000000,0.42,0.42,0.38,0.4,0,0
CLE_PB,D,20130606,000000,0.4,0.4,0.39,0.39,0,0
CLE_PB,D,20130607,000000,0.39,0.4,0.37,0.39,0,0
CLE_PB,D,20130610,000000,0.4,0.4,0.37,0.38,0,0
CLE_PB,D,20130611,000000,0.38,0.39,0.37,0.37,0,0
CLE_PB,D,20130612,000000,0.37,0.41,0.37,0.39,0,0
CLE_PB,D,20130613,000000,0.39,0.39,0.38,0.38,0,0
CLE_PB,D,20130614,000000,0.39,0.41,0.39,0.41,0,0
CLE_PB,D,20130617,000000,0.41,0.43,0.41,0.42,0,0
CLE_PB,D,20130618,000000,0.42,0.45,0.41,0.41,0,0
CLE_PB,D,20130619,000000,0.42,0.42,0.4,0.42,0,0
CLE_PB,D,20130620,000000,0.41,0.41,0.37,0.38,0,0
CLE_PB,D,20130621,000000,0.38,0.38,0.35,0.38,0,0
CLE_PB,D,20130624,000000,0.36,0.39,0.36,0.38,0,0
CLE_PB,D,20130625,000000,0.39,0.39,0.37,0.39,0,0
CLE_PB,D,20130626,000000,0.38,0.38,0.34,0.35,0,0
CLE_PB,D,20130627,000000,0.35,0.36,0.33,0.34,0,0
CLE_PB,D,20130628,000000,0.34,0.35,0.3,0.31,0,0
CLE_PB,D,20130701,000000,0.31,0.31,0.3,0.3,0,0
CLE_PB,D,20130702,000000,0.3,0.3,0.26,0.29,0,0
CLE_PB,D,20130703,000000,0.3,0.3,0.26,0.29,0,0
CLE_PB,D,20130704,000000,0.28,0.28,0.27,0.27,0,0
CLE_PB,D,20130705,000000,0.28,0.29,0.27,0.28,0,0
CLE_PB,D,20130708,000000,0.28,0.28,0.27,0.27,0,0
CLE_PB,D,20130709,000000,0.27,0.27,0.27,0.27,0,0
CLE_PB,D,20130710,000000,0.27,0.27,0.23,0.26,0,0
CLE_PB,D,20130711,000000,0.25,0.25,0.21,0.21,0,0
CLE_PB,D,20130712,000000,0.21,0.24,0.2,0.23,0,0
CLE_PB,D,20130715,000000,0.24,0.24,0.22,0.23,0,0
CLE_PB,D,20130716,000000,0.23,0.23,0.21,0.22,0,0
CLE_PB,D,20130717,000000,0.22,0.22,0.21,0.22,0,0
CLE_PB,D,20130718,000000,0.22,0.22,0.21,0.22,0,0
CLE_PB,D,20130719,000000,0.21,0.24,0.21,0.21,0,0
CLE_PB,D,20130722,000000,0.21,0.23,0.21,0.22,0,0
CLE_PB,D,20130723,000000,0.22,0.23,0.22,0.23,0,0
CLE_PB,D,20130724,000000,0.23,0.24,0.23,0.23,0,0
CLE_PB,D,20130725,000000,0.23,0.24,0.23,0.23,0,0
CLE_PB,D,20130726,000000,0.23,0.23,0.21,0.22,0,0
CLE_PB,D,20130729,000000,0.22,0.22,0.21,0.21,0,0
CLE_PB,D,20130730,000000,0.22,0.25,0.21,0.24,0,0
CLE_PB,D,20130731,000000,0.24,0.26,0.24,0.25,0,0
CLE_PB,D,20130801,000000,0.25,0.31,0.24,0.31,0,0
CLE_PB,D,20130802,000000,0.3,0.32,0.29,0.3,0,0
CLE_PB,D,20130805,000000,0.31,0.31,0.29,0.29,0,0
CLE_PB,D,20130806,000000,0.28,0.28,0.26,0.27,0,0
CLE_PB,D,20130807,000000,0.27,0.28,0.25,0.26,0,0
CLE_PB,D,20130808,000000,0.28,0.28,0.26,0.26,0,0
CLE_PB,D,20130809,000000,0.27,0.27,0.26,0.27,0,0
CLE_PB,D,20130812,000000,0.27,0.28,0.26,0.27,0,0
CLE_PB,D,20130813,000000,0.27,0.27,0.24,0.25,0,0
CLE_PB,D,20130814,000000,0.25,0.26,0.24,0.25,0,0
CLE_PB,D,20130816,000000,0.24,0.25,0.24,0.24,0,0
CLE_PB,D,20130819,000000,0.24,0.25,0.23,0.24,0,0
CLE_PB,D,20130820,000000,0.23,0.24,0.22,0.23,0,0
CLE_PB,D,20130821,000000,0.23,0.24,0.23,0.24,0,0
CLE_PB,D,20130822,000000,0.23,0.24,0.23,0.23,0,0
CLE_PB,D,20130823,000000,0.24,0.25,0.23,0.25,0,0
CLE_PB,D,20130826,000000,0.25,0.28,0.25,0.28,0,0
CLE_PB,D,20130827,000000,0.28,0.29,0.26,0.26,0,0
CLE_PB,D,20130828,000000,0.26,0.28,0.26,0.26,0,0
CLE_PB,D,20130829,000000,0.26,0.27,0.24,0.25,0,0
CLE_PB,D,20130830,000000,0.25,0.25,0.24,0.25,0,0
CLE_PB,D,20130902,000000,0.24,0.25,0.24,0.25,0,0
CLE_PB,D,20130903,000000,0.25,0.25,0.24,0.24,0,0
CLE_PB,D,20130904,000000,0.25,0.25,0.24,0.24,0,0
CLE_PB,D,20130905,000000,0.25,0.25,0.23,0.23,0,0
CLE_PB,D,20130906,000000,0.24,0.24,0.22,0.23,0,0
CLE_PB,D,20130909,000000,0.23,0.24,0.23,0.24,0,0
CLE_PB,D,20130910,000000,0.24,0.26,0.24,0.25,0,0
CLE_PB,D,20130911,000000,0.26,0.27,0.25,0.25,0,0
CLE_PB,D,20130912,000000,0.26,0.26,0.25,0.26,0,0
CLE_PB,D,20130913,000000,0.26,0.28,0.25,0.27,0,0
CLE_PB,D,20130916,000000,0.28,0.29,0.27,0.27,0,0
CLE_PB,D,20130917,000000,0.27,0.28,0.27,0.28,0,0
CLE_PB,D,20130918,000000,0.28,0.3,0.28,0.29,0,0
CLE_PB,D,20130919,000000,0.3,0.3,0.28,0.29,0,0
CLE_PB,D,20130920,000000,0.29,0.29,0.27,0.27,0,0
CLE_PB,D,20130923,000000,0.26,0.27,0.25,0.26,0,0
CLE_PB,D,20130924,000000,0.26,0.27,0.25,0.26,0,0
CLE_PB,D,20130925,000000,0.26,0.27,0.25,0.27,0,0
CLE_PB,D,20130926,000000,0.27,0.28,0.26,0.27,0,0
CLE_PB,D,20130927,000000,0.27,0.27,0.26,0.27,0,0
CLE_PB,D,20130930,000000,0.27,0.27,0.26,0.27,0,0
CLE_PB,D,20131001,000000,0.26,0.27,0.26,0.26,0,0
CLE_PB,D,20131002,000000,0.26,0.26,0.25,0.26,0,0
CLE_PB,D,20131003,000000,0.26,0.26,0.26,0.26,0,0
CLE_PB,D,20131004,000000,0.26,0.27,0.26,0.27,0,0
CLE_PB,D,20131007,000000,0.27,0.28,0.27,0.28,0,0
CLE_PB,D,20131008,000000,0.28,0.31,0.28,0.31,0,0
CLE_PB,D,20131009,000000,0.31,0.32,0.29,0.3,0,0
CLE_PB,D,20131010,000000,0.3,0.31,0.3,0.3,0,0
CLE_PB,D,20131011,000000,0.31,0.31,0.3,0.3,0,0
CLE_PB,D,20131014,000000,0.3,0.3,0.28,0.28,0,0
CLE_PB,D,20131015,000000,0.28,0.29,0.28,0.29,0,0
CLE_PB,D,20131016,000000,0.29,0.29,0.27,0.27,0,0
CLE_PB,D,20131017,000000,0.28,0.28,0.27,0.28,0,0
CLE_PB,D,20131018,000000,0.29,0.29,0.28,0.29,0,0
CLE_PB,D,20131021,000000,0.29,0.29,0.27,0.28,0,0
CLE_PB,D,20131022,000000,0.28,0.28,0.28,0.28,0,0
CLE_PB,D,20131023,000000,0.28,0.28,0.27,0.28,0,0
CLE_PB,D,20131024,000000,0.28,0.28,0.27,0.27,0,0
CLE_PB,D,20131025,000000,0.27,0.28,0.27,0.27,0,0
CLE_PB,D,20131028,000000,0.27,0.28,0.26,0.27,0,0
CLE_PB,D,20131029,000000,0.27,0.27,0.26,0.27,0,0
CLE_PB,D,20131030,000000,0.27,0.27,0.26,0.27,0,0
CLE_PB,D,20131031,000000,0.27,0.27,0.26,0.27,0,0
CLE_PB,D,20131104,000000,0.26,0.26,0.25,0.25,0,0
CLE_PB,D,20131105,000000,0.25,0.25,0.24,0.24,0,0
CLE_PB,D,20131106,000000,0.24,0.24,0.24,0.24,0,0
CLE_PB,D,20131107,000000,0.24,0.29,0.23,0.29,0,0
CLE_PB,D,20131108,000000,0.28,0.29,0.28,0.29,0,0
CLE_PB,D,20131112,000000,0.29,0.29,0.27,0.27,0,0
CLE_PB,D,20131113,000000,0.27,0.28,0.27,0.27,0,0
CLE_PB,D,20131114,000000,0.28,0.28,0.27,0.27,0,0
CLE_PB,D,20131115,000000,0.28,0.29,0.27,0.29,0,0
CLE_PB,D,20131118,000000,0.29,0.3,0.29,0.3,0,0
CLE_PB,D,20131119,000000,0.29,0.3,0.29,0.29,0,0
CLE_PB,D,20131120,000000,0.29,0.3,0.29,0.29,0,0
CLE_PB,D,20131121,000000,0.29,0.29,0.29,0.29,0,0
CLE_PB,D,20131122,000000,0.29,0.29,0.28,0.28,0,0
CLE_PB,D,20131125,000000,0.28,0.28,0.27,0.27,0,0
CLE_PB,D,20131126,000000,0.27,0.27,0.25,0.25,0,0
CLE_PB,D,20131127,000000,0.25,0.25,0.23,0.25,0,0
CLE_PB,D,20131128,000000,0.26,0.26,0.25,0.25,0,0
CLE_PB,D,20131129,000000,0.25,0.26,0.25,0.26,0,0
CLE_PB,D,20131202,000000,0.25,0.25,0.25,0.25,0,0
CLE_PB,D,20131203,000000,0.24,0.24,0.22,0.22,0,0
CLE_PB,D,20131204,000000,0.22,0.22,0.2,0.21,0,0
CLE_PB,D,20131205,000000,0.21,0.23,0.2,0.21,0,0
CLE_PB,D,20131206,000000,0.21,0.22,0.2,0.21,0,0
CLE_PB,D,20131209,000000,0.21,0.22,0.2,0.2,0,0
CLE_PB,D,20131210,000000,0.21,0.21,0.2,0.21,0,0
CLE_PB,D,20131211,000000,0.21,0.21,0.2,0.2,0,0
CLE_PB,D,20131212,000000,0.21,0.23,0.2,0.23,0,0
CLE_PB,D,20131213,000000,0.23,0.23,0.22,0.22,0,0
CLE_PB,D,20131216,000000,0.23,0.23,0.19,0.2,0,0
CLE_PB,D,20131217,000000,0.2,0.2,0.18,0.18,0,0
CLE_PB,D,20131218,000000,0.18,0.18,0.15,0.15,0,0
CLE_PB,D,20131219,000000,0.15,0.16,0.15,0.15,0,0
CLE_PB,D,20131220,000000,0.15,0.16,0.14,0.14,0,0
CLE_PB,D,20131223,000000,0.14,0.15,0.14,0.14,0,0
CLE_PB,D,20131227,000000,0.15,0.15,0.14,0.15,0,0
CLE_PB,D,20131230,000000,0.15,0.16,0.15,0.15,0,0
CLE_PB,D,20140102,000000,0.16,0.16,0.15,0.15,0,0
CLE_PB,D,20140103,000000,0.15,0.16,0.14,0.15,0,0
CLE_PB,D,20140107,000000,0.15,0.15,0.14,0.14,0,0
CLE_PB,D,20140108,000000,0.15,0.16,0.14,0.15,0,0
CLE_PB,D,20140109,000000,0.16,0.19,0.16,0.18,0,0
CLE_PB,D,20140110,000000,0.18,0.19,0.17,0.17,0,0
CLE_PB,D,20140113,000000,0.16,0.16,0.16,0.16,0,0
CLE_PB,D,20140114,000000,0.17,0.19,0.16,0.19,0,0
CLE_PB,D,20140115,000000,0.19,0.2,0.18,0.19,0,0
CLE_PB,D,20140116,000000,0.18,0.19,0.18,0.19,0,0
CLE_PB,D,20140117,000000,0.19,0.21,0.19,0.2,0,0
CLE_PB,D,20140120,000000,0.2,0.21,0.2,0.2,0,0
CLE_PB,D,20140121,000000,0.2,0.2,0.19,0.19,0,0
CLE_PB,D,20140122,000000,0.18,0.19,0.17,0.17,0,0
CLE_PB,D,20140123,000000,0.16,0.17,0.15,0.15,0,0
CLE_PB,D,20140124,000000,0.15,0.16,0.15,0.15,0,0
CLE_PB,D,20140127,000000,0.15,0.16,0.15,0.15,0,0
CLE_PB,D,20140128,000000,0.15,0.17,0.15,0.17,0,0
CLE_PB,D,20140129,000000,0.17,0.18,0.17,0.17,0,0
CLE_PB,D,20140130,000000,0.17,0.17,0.16,0.17,0,0
CLE_PB,D,20140131,000000,0.17,0.17,0.16,0.16,0,0
CLE_PB,D,20140203,000000,0.16,0.16,0.16,0.16,0,0
CLE_PB,D,20140204,000000,0.16,0.16,0.16,0.16,0,0
CLE_PB,D,20140205,000000,0.16,0.17,0.16,0.16,0,0
CLE_PB,D,20140206,000000,0.17,0.17,0.16,0.17,0,0
CLE_PB,D,20140207,000000,0.17,0.17,0.16,0.17,0,0
CLE_PB,D,20140210,000000,0.17,0.17,0.16,0.16,0,0
CLE_PB,D,20140211,000000,0.16,0.17,0.16,0.16,0,0
CLE_PB,D,20140212,000000,0.16,0.17,0.16,0.16,0,0
CLE_PB,D,20140213,000000,0.16,0.16,0.16,0.16,0,0
CLE_PB,D,20140214,000000,0.16,0.16,0.16,0.16,0,0
CLE_PB,D,20140217,000000,0.16,0.17,0.16,0.17,0,0
CLE_PB,D,20140218,000000,0.17,0.2,0.17,0.17,0,0
CLE_PB,D,20140219,000000,0.16,0.18,0.16,0.16,0,0
CLE_PB,D,20140220,000000,0.17,0.19,0.17,0.18,0,0
CLE_PB,D,20140221,000000,0.19,0.2,0.18,0.19,0,0
CLE_PB,D,20140224,000000,0.2,0.27,0.2,0.27,0,0
CLE_PB,D,20140225,000000,0.29,0.32,0.28,0.29,0,0
CLE_PB,D,20140226,000000,0.3,0.3,0.25,0.25,0,0
CLE_PB,D,20140227,000000,0.25,0.28,0.25,0.28,0,0
CLE_PB,D,20140228,000000,0.29,0.3,0.26,0.26,0,0
CLE_PB,D,20140303,000000,0.22,0.24,0.21,0.21,0,0
CLE_PB,D,20140304,000000,0.23,0.24,0.21,0.24,0,0
CLE_PB,D,20140305,000000,0.24,0.25,0.23,0.25,0,0
CLE_PB,D,20140306,000000,0.25,0.26,0.25,0.25,0,0
CLE_PB,D,20140307,000000,0.25,0.25,0.22,0.23,0,0
CLE_PB,D,20140310,000000,0.23,0.26,0.22,0.24,0,0
CLE_PB,D,20140311,000000,0.25,0.26,0.21,0.26,0,0
CLE_PB,D,20140312,000000,0.27,0.32,0.24,0.24,0,0
CLE_PB,D,20140313,000000,0.24,0.26,0.24,0.25,0,0
CLE_PB,D,20140314,000000,0.24,0.25,0.23,0.23,0,0
CLE_PB,D,20140317,000000,0.25,0.26,0.24,0.24,0,0
CLE_PB,D,20140318,000000,0.25,0.26,0.23,0.25,0,0
CLE_PB,D,20140319,000000,0.25,0.26,0.24,0.25,0,0
CLE_PB,D,20140320,000000,0.25,0.25,0.24,0.24,0,0
CLE_PB,D,20140321,000000,0.25,0.25,0.23,0.23,0,0
CLE_PB,D,20140324,000000,0.23,0.24,0.23,0.23,0,0
CLE_PB,D,20140325,000000,0.23,0.24,0.23,0.23,0,0
CLE_PB,D,20140326,000000,0.24,0.25,0.24,0.25,0,0
CLE_PB,D,20140327,000000,0.25,0.25,0.24,0.24,0,0
CLE_PB,D,20140328,000000,0.24,0.26,0.23,0.25,0,0
CLE_PB,D,20140331,000000,0.26,0.27,0.25,0.26,0,0
CLE_PB,D,20140401,000000,0.26,0.27,0.25,0.26,0,0
CLE_PB,D,20140402,000000,0.26,0.27,0.25,0.26,0,0
CLE_PB,D,20140403,000000,0.25,0.26,0.24,0.25,0,0
CLE_PB,D,20140404,000000,0.24,0.25,0.24,0.24,0,0
CLE_PB,D,20140407,000000,0.23,0.24,0.23,0.23,0,0
CLE_PB,D,20140408,000000,0.23,0.23,0.22,0.23,0,0
CLE_PB,D,20140409,000000,0.23,0.24,0.23,0.23,0,0
CLE_PB,D,20140410,000000,0.23,0.24,0.23,0.23,0,0
CLE_PB,D,20140411,000000,0.23,0.24,0.23,0.24,0,0
CLE_PB,D,20140414,000000,0.23,0.23,0.21,0.21,0,0
CLE_PB,D,20140415,000000,0.21,0.22,0.21,0.21,0,0
CLE_PB,D,20140416,000000,0.21,0.22,0.2,0.21,0,0
CLE_PB,D,20140417,000000,0.21,0.21,0.2,0.2,0,0
CLE_PB,D,20140422,000000,0.2,0.23,0.2,0.22,0,0
CLE_PB,D,20140423,000000,0.22,0.22,0.21,0.21,0,0
CLE_PB,D,20140424,000000,0.22,0.22,0.2,0.2,0,0
CLE_PB,D,20140425,000000,0.2,0.2,0.2,0.2,0,0
CLE_PB,D,20140428,000000,0.2,0.2,0.19,0.2,0,0
CLE_PB,D,20140429,000000,0.2,0.21,0.2,0.21,0,0
CLE_PB,D,20140430,000000,0.2,0.21,0.2,0.2,0,0
CLE_PB,D,20140502,000000,0.2,0.2,0.19,0.2,0,0
CLE_PB,D,20140505,000000,0.2,0.2,0.18,0.19,0,0
CLE_PB,D,20140506,000000,0.18,0.19,0.18,0.19,0,0
CLE_PB,D,20140507,000000,0.19,0.2,0.18,0.2,0,0
CLE_PB,D,20140508,000000,0.2,0.21,0.19,0.2,0,0
CLE_PB,D,20140509,000000,0.2,0.2,0.19,0.19,0,0
CLE_PB,D,20140512,000000,0.19,0.19,0.18,0.18,0,0
CLE_PB,D,20140513,000000,0.18,0.19,0.18,0.18,0,0
CLE_PB,D,20140514,000000,0.18,0.19,0.18,0.19,0,0
CLE_PB,D,20140515,000000,0.19,0.19,0.18,0.18,0,0
CLE_PB,D,20140516,000000,0.19,0.19,0.18,0.19,0,0
CLE_PB,D,20140519,000000,0.19,0.19,0.19,0.19,0,0
CLE_PB,D,20140520,000000,0.19,0.2,0.19,0.2,0,0
CLE_PB,D,20140521,000000,0.2,0.2,0.19,0.2,0,0
CLE_PB,D,20140522,000000,0.2,0.2,0.19,0.19,0,0
CLE_PB,D,20140523,000000,0.2,0.2,0.19,0.2,0,0
CLE_PB,D,20140526,000000,0.2,0.23,0.2,0.22,0,0
CLE_PB,D,20140527,000000,0.22,0.22,0.2,0.21,0,0
CLE_PB,D,20140528,000000,0.21,0.21,0.21,0.21,0,0
CLE_PB,D,20140529,000000,0.2,0.21,0.2,0.2,0,0
CLE_PB,D,20140530,000000,0.21,0.21,0.2,0.2,0,0
CLE_PB,D,20140602,000000,0.21,0.21,0.2,0.2,0,0
CLE_PB,D,20140603,000000,0.21,0.21,0.2,0.21,0,0
CLE_PB,D,20140604,000000,0.21,0.21,0.19,0.19,0,0
CLE_PB,D,20140605,000000,0.19,0.2,0.19,0.2,0,0
CLE_PB,D,20140606,000000,0.2,0.2,0.19,0.2,0,0
CLE_PB,D,20140609,000000,0.2,0.21,0.2,0.2,0,0
CLE_PB,D,20140610,000000,0.45,0.45,0.45,0.45,0,0
CLE_PB,D,20140611,000000,0.46,0.47,0.44,0.44,0,0
CLE_PB,D,20140612,000000,0.45,0.45,0.43,0.44,0,0
CLE_PB,D,20140613,000000,0.44,0.44,0.42,0.43,0,0
CLE_PB,D,20140616,000000,0.42,0.44,0.42,0.43,0,0
CLE_PB,D,20140617,000000,0.42,0.43,0.42,0.42,0,0
CLE_PB,D,20140618,000000,0.43,0.43,0.42,0.42,0,0
CLE_PB,D,20140620,000000,0.41,0.43,0.41,0.43,0,0
CLE_PB,D,20140623,000000,0.43,0.43,0.42,0.43,0,0
CLE_PB,D,20140624,000000,0.42,0.44,0.42,0.42,0,0
CLE_PB,D,20140625,000000,0.42,0.42,0.42,0.42,0,0
CLE_PB,D,20140626,000000,0.42,0.43,0.41,0.42,0,0
CLE_PB,D,20140627,000000,0.42,0.42,0.4,0.4,0,0
CLE_PB,D,20140630,000000,0.41,0.41,0.4,0.41,0,0
CLE_PB,D,20140701,000000,0.4,0.41,0.4,0.41,0,0
CLE_PB,D,20140702,000000,0.4,0.4,0.38,0.38,0,0
CLE_PB,D,20140703,000000,0.39,0.39,0.37,0.38,0,0
CLE_PB,D,20140704,000000,0.38,0.38,0.37,0.37,0,0
CLE_PB,D,20140707,000000,0.36,0.39,0.36,0.39,0,0
CLE_PB,D,20140708,000000,0.39,0.39,0.37,0.37,0,0
CLE_PB,D,20140709,000000,0.37,0.38,0.37,0.37,0,0
CLE_PB,D,20140710,000000,0.36,0.37,0.36,0.36,0,0
CLE_PB,D,20140711,000000,0.37,0.37,0.36,0.37,0,0
CLE_PB,D,20140714,000000,0.38,0.38,0.36,0.37,0,0
CLE_PB,D,20140715,000000,0.36,0.37,0.35,0.36,0,0
CLE_PB,D,20140716,000000,0.35,0.36,0.34,0.35,0,0
CLE_PB,D,20140717,000000,0.34,0.35,0.34,0.35,0,0
CLE_PB,D,20140718,000000,0.35,0.35,0.34,0.34,0,0
CLE_PB,D,20140721,000000,0.34,0.34,0.33,0.33,0,0
CLE_PB,D,20140722,000000,0.33,0.34,0.33,0.34,0,0
CLE_PB,D,20140723,000000,0.34,0.35,0.34,0.35,0,0
CLE_PB,D,20140724,000000,0.34,0.35,0.34,0.35,0,0
CLE_PB,D,20140725,000000,0.35,0.35,0.35,0.35,0,0
CLE_PB,D,20140728,000000,0.35,0.35,0.32,0.33,0,0
CLE_PB,D,20140729,000000,0.33,0.33,0.31,0.31,0,0
CLE_PB,D,20140730,000000,0.32,0.33,0.29,0.29,0,0
CLE_PB,D,20140731,000000,0.3,0.3,0.29,0.3,0,0
CLE_PB,D,20140801,000000,0.3,0.31,0.29,0.3,0,0
CLE_PB,D,20140804,000000,0.31,0.32,0.31,0.31,0,0
CLE_PB,D,20140805,000000,0.3,0.32,0.3,0.31,0,0
CLE_PB,D,20140806,000000,0.32,0.32,0.28,0.28,0,0
CLE_PB,D,20140807,000000,0.3,0.3,0.28,0.29,0,0
CLE_PB,D,20140808,000000,0.29,0.29,0.29,0.29,0,0
CLE_PB,D,20140811,000000,0.29,0.3,0.29,0.29,0,0
CLE_PB,D,20140812,000000,0.3,0.3,0.28,0.29,0,0
CLE_PB,D,20140813,000000,0.29,0.3,0.29,0.29,0,0
CLE_PB,D,20140814,000000,0.29,0.29,0.29,0.29,0,0
CLE_PB,D,20140818,000000,0.29,0.3,0.29,0.3,0,0
CLE_PB,D,20140819,000000,0.29,0.3,0.29,0.29,0,0
CLE_PB,D,20140820,000000,0.29,0.29,0.29,0.29,0,0
CLE_PB,D,20140821,000000,0.29,0.29,0.29,0.29,0,0
CLE_PB,D,20140822,000000,0.29,0.29,0.28,0.29,0,0
CLE_PB,D,20140825,000000,0.29,0.29,0.29,0.29,0,0
CLE_PB,D,20140826,000000,0.29,0.29,0.28,0.28,0,0
CLE_PB,D,20140827,000000,0.26,0.28,0.26,0.26,0,0
CLE_PB,D,20140828,000000,0.27,0.27,0.21,0.21,0,0
CLE_PB,D,20140829,000000,0.21,0.21,0.19,0.19,0,0
CLE_PB,D,20140901,000000,0.17,0.18,0.17,0.17,0,0
CLE_PB,D,20140902,000000,0.17,0.2,0.16,0.19,0,0
CLE_PB,D,20140903,000000,0.19,0.24,0.18,0.24,0,0
CLE_PB,D,20140904,000000,0.24,0.27,0.22,0.26,0,0
CLE_PB,D,20140905,000000,0.25,0.31,0.25,0.3,0,0
CLE_PB,D,20140908,000000,0.3,0.34,0.3,0.31,0,0
CLE_PB,D,20140909,000000,0.31,0.33,0.28,0.29,0,0
CLE_PB,D,20140910,000000,0.28,0.33,0.28,0.33,0,0
CLE_PB,D,20140911,000000,0.33,0.35,0.31,0.32,0,0
CLE_PB,D,20140912,000000,0.32,0.32,0.3,0.32,0,0
CLE_PB,D,20140915,000000,0.32,0.32,0.3,0.31,0,0
CLE_PB,D,20140916,000000,0.3,0.3,0.29,0.3,0,0
CLE_PB,D,20140917,000000,0.3,0.3,0.25,0.25,0,0
CLE_PB,D,20140918,000000,0.25,0.27,0.25,0.26,0,0
CLE_PB,D,20140919,000000,0.26,0.29,0.26,0.28,0,0
CLE_PB,D,20140922,000000,0.3,0.32,0.3,0.31,0,0
CLE_PB,D,20140923,000000,0.32,0.32,0.29,0.29,0,0
CLE_PB,D,20140924,000000,0.3,0.31,0.29,0.29,0,0
CLE_PB,D,20140925,000000,0.3,0.3,0.27,0.28,0,0
CLE_PB,D,20140926,000000,0.28,0.29,0.27,0.28,0,0
CLE_PB,D,20140929,000000,0.28,0.29,0.28,0.28,0,0
CLE_PB,D,20140930,000000,0.28,0.28,0.28,0.28,0,0
CLE_PB,D,20141001,000000,0.27,0.27,0.25,0.26,0,0
CLE_PB,D,20141002,000000,0.26,0.26,0.25,0.25,0,0
CLE_PB,D,20141003,000000,0.26,0.27,0.26,0.27,0,0
CLE_PB,D,20141006,000000,0.27,0.27,0.26,0.26,0,0
CLE_PB,D,20141007,000000,0.27,0.27,0.26,0.27,0,0
CLE_PB,D,20141008,000000,0.27,0.27,0.26,0.26,0,0
CLE_PB,D,20141009,000000,0.26,0.26,0.25,0.26,0,0
CLE_PB,D,20141010,000000,0.26,0.26,0.26,0.26,0,0
CLE_PB,D,20141013,000000,0.26,0.27,0.26,0.27,0,0
CLE_PB,D,20141014,000000,0.27,0.28,0.27,0.27,0,0
CLE_PB,D,20141015,000000,0.26,0.27,0.26,0.27,0,0
CLE_PB,D,20141016,000000,0.27,0.27,0.25,0.25,0,0
CLE_PB,D,20141017,000000,0.26,0.26,0.25,0.25,0,0
CLE_PB,D,20141020,000000,0.25,0.26,0.22,0.22,0,0
CLE_PB,D,20141021,000000,0.22,0.23,0.22,0.22,0,0
CLE_PB,D,20141022,000000,0.23,0.25,0.23,0.24,0,0
CLE_PB,D,20141023,000000,0.24,0.25,0.23,0.23,0,0
CLE_PB,D,20141024,000000,0.24,0.24,0.23,0.24,0,0
CLE_PB,D,20141027,000000,0.25,0.27,0.25,0.27,0,0
CLE_PB,D,20141028,000000,0.28,0.28,0.25,0.25,0,0
CLE_PB,D,20141029,000000,0.26,0.26,0.24,0.25,0,0
CLE_PB,D,20141030,000000,0.24,0.25,0.23,0.24,0,0
CLE_PB,D,20141031,000000,0.24,0.25,0.24,0.24,0,0
CLE_PB,D,20141103,000000,0.25,0.38,0.23,0.38,0,0
CLE_PB,D,20141104,000000,0.39,0.39,0.36,0.36,0,0
CLE_PB,D,20141105,000000,0.37,0.37,0.36,0.37,0,0
CLE_PB,D,20141106,000000,0.36,0.37,0.36,0.36,0,0
CLE_PB,D,20141107,000000,0.36,0.37,0.34,0.34,0,0
CLE_PB,D,20141110,000000,0.34,0.35,0.34,0.35,0,0
CLE_PB,D,20141112,000000,0.36,0.4,0.36,0.38,0,0
CLE_PB,D,20141113,000000,0.38,0.39,0.37,0.37,0,0
CLE_PB,D,20141114,000000,0.37,0.38,0.35,0.37,0,0
CLE_PB,D,20141117,000000,0.38,0.38,0.36,0.36,0,0
CLE_PB,D,20141118,000000,0.36,0.36,0.33,0.33,0,0
CLE_PB,D,20141119,000000,0.34,0.34,0.33,0.33,0,0
CLE_PB,D,20141120,000000,0.33,0.33,0.33,0.33,0,0
CLE_PB,D,20141121,000000,0.33,0.34,0.33,0.33,0,0
CLE_PB,D,20141124,000000,0.34,0.34,0.31,0.32,0,0
CLE_PB,D,20141125,000000,0.32,0.32,0.31,0.31,0,0
CLE_PB,D,20141126,000000,0.31,0.58,0.29,0.58,0,0
CLE_PB,D,20141127,000000,0.56,0.58,0.55,0.57,0,0
CLE_PB,D,20141128,000000,0.58,0.58,0.55,0.56,0,0
CLE_PB,D,20141201,000000,0.57,0.57,0.53,0.57,0,0
CLE_PB,D,20141202,000000,0.58,0.65,0.58,0.61,0,0
CLE_PB,D,20141203,000000,0.61,0.63,0.59,0.59,0,0
CLE_PB,D,20141204,000000,0.61,0.61,0.58,0.59,0,0
CLE_PB,D,20141205,000000,0.61,0.61,0.56,0.59,0,0
CLE_PB,D,20141208,000000,0.58,0.6,0.58,0.6,0,0
CLE_PB,D,20141209,000000,0.6,0.66,0.59,0.63,0,0
CLE_PB,D,20141210,000000,0.62,0.68,0.62,0.66,0,0
CLE_PB,D,20141211,000000,0.67,0.67,0.64,0.66,0,0
CLE_PB,D,20141212,000000,0.67,0.67,0.61,0.62,0,0
CLE_PB,D,20141215,000000,0.63,0.63,0.59,0.61,0,0
CLE_PB,D,20141216,000000,0.6,0.62,0.6,0.61,0,0
CLE_PB,D,20141217,000000,0.61,0.62,0.61,0.61,0,0
CLE_PB,D,20141218,000000,0.61,0.62,0.59,0.59,0,0
CLE_PB,D,20141219,000000,0.59,0.6,0.57,0.59,0,0
CLE_PB,D,20141222,000000,0.59,0.59,0.56,0.56,0,0
CLE_PB,D,20141223,000000,0.56,0.56,0.5,0.54,0,0
CLE_PB,D,20141229,000000,0.51,0.54,0.51,0.53,0,0
CLE_PB,D,20141230,000000,0.54,0.54,0.51,0.51,0,0
CLE_PB,D,20150102,000000,0.56,0.56,0.55,0.56,0,0
CLE_PB,D,20150105,000000,0.56,0.59,0.56,0.58,0,0
CLE_PB,D,20150107,000000,0.54,0.58,0.54,0.56,0,0
CLE_PB,D,20150108,000000,0.57,0.57,0.54,0.56,0,0
CLE_PB,D,20150109,000000,0.56,0.61,0.56,0.61,0,0
CLE_PB,D,20150112,000000,0.61,0.64,0.59,0.61,0,0
CLE_PB,D,20150113,000000,0.58,0.61,0.58,0.6,0,0
CLE_PB,D,20150114,000000,0.59,0.59,0.56,0.58,0,0
CLE_PB,D,20150115,000000,0.58,0.58,0.54,0.55,0,0
CLE_PB,D,20150116,000000,0.56,0.56,0.53,0.53,0,0
CLE_PB,D,20150119,000000,0.53,0.56,0.52,0.55,0,0
CLE_PB,D,20150120,000000,0.55,0.55,0.53,0.55,0,0
CLE_PB,D,20150121,000000,0.55,0.56,0.52,0.55,0,0
CLE_PB,D,20150122,000000,0.56,0.56,0.56,0.56,0,0
CLE_PB,D,20150123,000000,0.55,0.55,0.5,0.5,0,0
CLE_PB,D,20150126,000000,0.5,0.51,0.49,0.51,0,0
CLE_PB,D,20150127,000000,0.51,0.51,0.49,0.51,0,0
CLE_PB,D,20150128,000000,0.5,0.52,0.5,0.52,0,0
CLE_PB,D,20150129,000000,0.52,0.55,0.52,0.53,0,0
CLE_PB,D,20150130,000000,0.55,0.55,0.51,0.53,0,0
CLE_PB,D,20150202,000000,0.55,0.55,0.5,0.52,0,0
CLE_PB,D,20150203,000000,0.52,0.52,0.5,0.52,0,0
CLE_PB,D,20150204,000000,0.52,0.54,0.52,0.54,0,0
CLE_PB,D,20150205,000000,0.54,0.54,0.51,0.53,0,0
CLE_PB,D,20150206,000000,0.53,0.54,0.51,0.51,0,0
CLE_PB,D,20150209,000000,0.54,0.55,0.52,0.52,0,0
CLE_PB,D,20150210,000000,0.53,0.55,0.52,0.53,0,0
CLE_PB,D,20150211,000000,0.51,0.55,0.51,0.54,0,0
CLE_PB,D,20150212,000000,0.54,0.62,0.52,0.56,0,0
CLE_PB,D,20150213,000000,0.56,0.58,0.55,0.56,0,0
CLE_PB,D,20150216,000000,0.56,0.58,0.53,0.53,0,0
CLE_PB,D,20150217,000000,0.53,0.54,0.52,0.53,0,0
CLE_PB,D,20150218,000000,0.53,0.58,0.52,0.58,0,0
CLE_PB,D,20150219,000000,0.58,0.6,0.58,0.6,0,0
CLE_PB,D,20150220,000000,0.6,0.6,0.58,0.59,0,0
CLE_PB,D,20150223,000000,0.59,0.59,0.56,0.57,0,0
CLE_PB,D,20150224,000000,0.58,0.58,0.52,0.52,0,0
CLE_PB,D,20150225,000000,0.52,0.54,0.51,0.52,0,0
CLE_PB,D,20150226,000000,0.55,0.59,0.53,0.57,0,0
CLE_PB,D,20150227,000000,0.59,0.59,0.58,0.58,0,0
CLE_PB,D,20150302,000000,0.59,0.59,0.54,0.58,0,0
CLE_PB,D,20170928,000000,0.58,0.58,0.58,0.58,0,0
CLE_PB,D,20210414,000000,1.26,1.26,1.26,1.26,0,0
CLE_PB,D,20210415,000000,1.25,1.32,1.25,1.28,0,0
CLE_PB,D,20210416,000000,1.23,1.3,1.22,1.3,0,0
CLE_PB,D,20210419,000000,1.3,1.3,1.22,1.23,0,0
CLE_PB,D,20210420,000000,1.25,1.25,1.22,1.25,0,0
CLE_PB,D,20210421,000000,1.24,1.27,1.24,1.26,0,0
CLE_PB,D,20210422,000000,1.21,1.28,1.21,1.27,0,0
CLE_PB,D,20210423,000000,1.25,1.29,1.2,1.29,0,0
CLE_PB,D,20210426,000000,1.29,1.29,1.23,1.24,0,0
CLE_PB,D,20210427,000000,1.22,1.27,1.15,1.27,0,0
CLE_PB,D,20210428,000000,1.2,1.23,1.2,1.23,0,0
CLE_PB,D,20210429,000000,1.16,1.25,1.16,1.25,0,0
CLE_PB,D,20210430,000000,1.2,1.25,1.2,1.24,0,0
CLE_PB,D,20210504,000000,1.25,1.25,1.22,1.25,0,0
CLE_PB,D,20210505,000000,1.25,1.28,1.25,1.26,0,0
CLE_PB,D,20210506,000000,1.26,1.26,1.21,1.21,0,0
CLE_PB,D,20210507,000000,1.21,1.31,1.21,1.3,0,0
CLE_PB,D,20210510,000000,1.3,1.3,1.24,1.28,0,0
CLE_PB,D,20210511,000000,1.25,1.28,1.24,1.24,0,0
CLE_PB,D,20210512,000000,1.25,1.3,1.24,1.3,0,0
CLE_PB,D,20210513,000000,1.28,1.3,1.22,1.22,0,0
CLE_PB,D,20210514,000000,1.22,1.23,1.22,1.23,0,0
CLE_PB,D,20210517,000000,1.29,1.3,1.23,1.3,0,0
CLE_PB,D,20210518,000000,1.3,1.31,1.3,1.31,0,0
CLE_PB,D,20210519,000000,1.31,1.31,1.25,1.3,0,0
CLE_PB,D,20210520,000000,1.25,1.28,1.25,1.28,0,0
CLE_PB,D,20210521,000000,1.28,1.32,1.24,1.32,0,0
CLE_PB,D,20210524,000000,1.32,1.41,1.27,1.41,0,0
CLE_PB,D,20210525,000000,1.41,1.51,1.39,1.49,0,0
CLE_PB,D,20210526,000000,1.47,1.51,1.44,1.5,0,0
CLE_PB,D,20210527,000000,1.5,1.52,1.47,1.5,0,0
CLE_PB,D,20210528,000000,1.5,1.58,1.39,1.57,0,0
CLE_PB,D,20210531,000000,1.59,2.79,1.59,2.79,0,0
CLE_PB,D,20210601,000000,3.49,3.84,2.96,2.96,0,0
CLE_PB,D,20210602,000000,3.95,3.95,2.89,2.89,0,0
CLE_PB,D,20210604,000000,2.95,3.73,2.95,3.7,0,0
CLE_PB,D,20210607,000000,3.99,4.84,3.99,4.84,0,0
CLE_PB,D,20210608,000000,5.2,6.46,5.2,6.46,0,0
CLE_PB,D,20210609,000000,7.71,7.71,5.07,5.74,0,0
CLE_PB,D,20210610,000000,6.08,6.65,5.48,5.94,0,0
CLE_PB,D,20210611,000000,5.89,5.89,5.14,5.19,0,0
CLE_PB,D,20210614,000000,5.28,5.6,5.28,5.36,0,0
CLE_PB,D,20210615,000000,5.23,5.48,5.16,5.44,0,0
CLE_PB,D,20210616,000000,5.42,7.04,5.28,7.04,0,0
CLE_PB,D,20210617,000000,7.02,8.03,7.02,7.24,0,0
CLE_PB,D,20210618,000000,7.38,7.74,7.02,7.66,0,0
CLE_PB,D,20210621,000000,7.59,7.59,6.88,6.98,0,0
CLE_PB,D,20210622,000000,6.88,6.97,6.21,6.88,0,0
CLE_PB,D,20210623,000000,6.79,7.21,6.79,7.1,0,0
CLE_PB,D,20210624,000000,6.98,6.98,6.4,6.73,0,0
CLE_PB,D,20210625,000000,6.4,6.47,5.78,5.82,0,0
CLE_PB,D,20210628,000000,5.49,7.69,5.49,7.69,0,0
CLE_PB,D,20210629,000000,7.69,8.89,7.44,8.27,0,0
CLE_PB,D,20210630,000000,8.25,8.61,7.7,7.75,0,0
CLE_PB,D,20210701,000000,7.79,7.79,7.12,7.46,0,0
CLE_PB,D,20210702,000000,7.41,8.06,7.39,7.81,0,0
CLE_PB,D,20210705,000000,7.81,8.24,7.75,8.08,0,0
CLE_PB,D,20210706,000000,8.08,8.1,7.72,7.82,0,0
CLE_PB,D,20210707,000000,7.66,7.87,7.55,7.82,0,0
CLE_PB,D,20210708,000000,7.82,8.83,7.8,8.36,0,0
CLE_PB,D,20210709,000000,8.36,8.41,7.78,8.38,0,0
CLE_PB,D,20210712,000000,8.45,8.49,7.89,8.06,0,0
CLE_PB,D,20210713,000000,8.01,8.93,8.01,8.89,0,0
CLE_PB,D,20210714,000000,8.67,9.42,8.67,9.21,0,0
CLE_PB,D,20210715,000000,9.16,9.56,9.1,9.42,0,0
CLE_PB,D,20210716,000000,9.42,9.42,8.69,8.8,0,0
CLE_PB,D,20210719,000000,8.58,8.69,8.36,8.42,0,0
CLE_PB,D,20210720,000000,8.4,9.23,8.2,8.98,0,0
CLE_PB,D,20210721,000000,8.91,9.46,8.82,8.82,0,0
CLE_PB,D,20210722,000000,8.82,9.34,8.77,9.16,0,0
CLE_PB,D,20210723,000000,8.96,9.25,8.6,8.6,0,0
CLE_PB,D,20210726,000000,8.84,9.21,8.58,8.89,0,0
CLE_PB,D,20210727,000000,8.87,9.07,8.72,8.78,0,0
CLE_PB,D,20210728,000000,8.78,9.09,8.78,8.91,0,0
CLE_PB,D,20210729,000000,8.93,8.95,8.58,8.74,0,0
CLE_PB,D,20210730,000000,8.74,8.85,7.74,7.78,0,0
CLE_PB,D,20210802,000000,7.16,8.45,7.16,7.97,0,0
CLE_PB,D,20210803,000000,7.97,8.17,7.68,7.94,0,0
CLE_PB,D,20210804,000000,7.94,7.94,7.48,7.48,0,0
CLE_PB,D,20210805,000000,7.61,7.61,7.01,7.28,0,0
CLE_PB,D,20210806,000000,7.04,7.77,7.04,7.74,0,0
CLE_PB,D,20210809,000000,7.67,7.87,7.45,7.6,0,0
CLE_PB,D,20210810,000000,7.6,7.6,7.18,7.33,0,0
CLE_PB,D,20210811,000000,7.06,7.24,6.91,6.96,0,0
CLE_PB,D,20210812,000000,6.96,6.96,6.5,6.67,0,0
CLE_PB,D,20210813,000000,6.82,6.82,6.47,6.5,0,0
CLE_PB,D,20210816,000000,6.74,7.11,6.58,7.08,0,0
CLE_PB,D,20210817,000000,7.08,7.08,6.62,6.72,0,0
CLE_PB,D,20210818,000000,6.72,6.85,6.47,6.83,0,0
CLE_PB,D,20210819,000000,6.62,6.81,6.59,6.66,0,0
CLE_PB,D,20210820,000000,6.66,7.45,6.58,7.41,0,0
CLE_PB,D,20210823,000000,7.41,8.06,7.41,7.77,0,0
CLE_PB,D,20210824,000000,7.47,7.93,7.19,7.43,0,0
CLE_PB,D,20210825,000000,7.41,7.61,7.06,7.1,0,0
CLE_PB,D,20210826,000000,7.27,7.67,7.27,7.58,0,0
CLE_PB,D,20210827,000000,7.42,7.73,7.4,7.6,0,0
CLE_PB,D,20210830,000000,7.39,7.67,7.17,7.24,0,0
CLE_PB,D,20210831,000000,7.24,7.37,6.84,7.25,0,0
CLE_PB,D,20210901,000000,6.9,7.34,6.9,7.33,0,0
CLE_PB,D,20210902,000000,7.35,8.08,7.15,8.08,0,0
CLE_PB,D,20210903,000000,8.04,8.44,7.57,7.96,0,0
CLE_PB,D,20210906,000000,7.71,8.39,7.55,8.18,0,0
CLE_PB,D,20210907,000000,8.29,8.29,7.75,7.88,0,0
CLE_PB,D,20210908,000000,8.04,8.2,7.84,8.05,0,0
CLE_PB,D,20210909,000000,8.05,8.25,7.69,8.16,0,0
CLE_PB,D,20210910,000000,8.23,8.23,7.74,7.99,0,0
CLE_PB,D,20210913,000000,7.99,7.99,7.44,7.44,0,0
CLE_PB,D,20210914,000000,7.44,7.59,7.17,7.51,0,0
CLE_PB,D,20210915,000000,7.56,7.67,7.18,7.48,0,0
CLE_PB,D,20210916,000000,7.55,8.02,7.55,7.65,0,0
CLE_PB,D,20210917,000000,7.43,7.85,7.28,7.6,0,0
CLE_PB,D,20210920,000000,7.6,7.69,5.39,5.39,0,0
CLE_PB,D,20210921,000000,5.34,6.97,5.19,6.97,0,0
CLE_PB,D,20210922,000000,6.77,7.45,6.77,7.17,0,0
CLE_PB,D,20210923,000000,7.23,7.23,6.95,7.07,0,0
CLE_PB,D,20210924,000000,7.36,7.36,6.86,7.01,0,0
CLE_PB,D,20210927,000000,7.11,7.11,6.53,6.81,0,0
CLE_PB,D,20210928,000000,6.85,6.96,6.66,6.87,0,0
CLE_PB,D,20210929,000000,6.95,8.94,6.76,8.91,0,0
CLE_PB,D,20210930,000000,9.26,10.53,9.26,9.82,0,0
CLE_PB,D,20211001,000000,9.63,12.79,9.63,10.94,0,0
CLE_PB,D,20211004,000000,11.54,14.54,11.54,14.54,0,0
CLE_PB,D,20211005,000000,15.71,16.19,13.46,13.6,0,0
CLE_PB,D,20211006,000000,13.99,14.38,12.35,12.35,0,0
CLE_PB,D,20211007,000000,12.26,12.6,10.98,11.16,0,0
CLE_PB,D,20211008,000000,11.29,12.42,10.91,10.91,0,0
CLE_PB,D,20211011,000000,11,13.27,11,13.25,0,0
CLE_PB,D,20211012,000000,13.25,13.97,11.4,12.36,0,0
CLE_PB,D,20211013,000000,12.49,12.58,11.59,11.98,0,0
CLE_PB,D,20211014,000000,11.85,12.02,11.03,11.14,0,0
CLE_PB,D,20211015,000000,10.97,11.71,10.97,11.36,0,0
CLE_PB,D,20211018,000000,11.7,11.7,10.32,10.91,0,0
CLE_PB,D,20211019,000000,10.95,11.12,10.11,10.17,0,0
CLE_PB,D,20211020,000000,10.07,10.07,8.93,9.3,0,0
CLE_PB,D,20211021,000000,8.89,9.3,7.26,7.3,0,0
CLE_PB,D,20211022,000000,7.56,9.5,7.3,9.48,0,0
CLE_PB,D,20211025,000000,9.71,11.51,9.71,11.51,0,0
CLE_PB,D,20211026,000000,11.81,12.76,11.03,11.26,0,0
CLE_PB,D,20211027,000000,10.96,10.96,10.08,10.08,0,0
CLE_PB,D,20211028,000000,10.08,11.8,9.53,11.12,0,0
CLE_PB,D,20211029,000000,10.74,11.81,10.08,10.17,0,0
CLE_PB,D,20211102,000000,8.61,11.17,8.29,11.17,0,0
CLE_PB,D,20211103,000000,11.09,11.23,10.21,10.45,0,0
CLE_PB,D,20211104,000000,10.78,11.23,9.57,9.68,0,0
CLE_PB,D,20211105,000000,9.6,9.96,8.64,9.3,0,0
CLE_PB,D,20211108,000000,9.3,9.3,8.78,9.06,0,0
CLE_PB,D,20211109,000000,8.84,10.35,8.84,9.37,0,0
CLE_PB,D,20211110,000000,9.37,9.37,8.46,8.68,0,0
CLE_PB,D,20211112,000000,8.46,9.07,8.22,8.61,0,0
CLE_PB,D,20211115,000000,8.61,8.78,7.83,8.61,0,0
CLE_PB,D,20211116,000000,7.81,7.97,6.7,6.7,0,0
CLE_PB,D,20211117,000000,6.81,7.05,6.27,6.86,0,0
CLE_PB,D,20211118,000000,7.02,7.05,6.44,6.56,0,0
CLE_PB,D,20211119,000000,6.67,6.67,5.89,6.35,0,0
CLE_PB,D,20211122,000000,6.24,8.19,6.01,8.11,0,0
CLE_PB,D,20211123,000000,8.11,8.89,7.35,7.48,0,0
CLE_PB,D,20211124,000000,7.59,7.69,6.94,7.16,0,0
CLE_PB,D,20211125,000000,7.19,7.82,6.87,7.77,0,0
CLE_PB,D,20211126,000000,7.45,7.45,6.61,6.61,0,0
CLE_PB,D,20211129,000000,6.77,6.77,6.12,6.27,0,0
CLE_PB,D,20211130,000000,6.09,7.16,6.09,6.92,0,0
CLE_PB,D,20211201,000000,7.08,7.08,6.58,7.08,0,0
CLE_PB,D,20211202,000000,7.22,7.53,7.02,7.21,0,0
CLE_PB,D,20211203,000000,7.15,7.49,7.01,7.12,0,0
CLE_PB,D,20211206,000000,7.12,7.12,6.61,6.81,0,0
CLE_PB,D,20211207,000000,6.61,7.01,6.61,6.92,0,0
CLE_PB,D,20211208,000000,6.95,7.24,6.9,6.99,0,0
CLE_PB,D,20211209,000000,6.99,7.11,6.82,6.89,0,0
CLE_PB,D,20211210,000000,6.97,7.06,6.8,6.94,0,0
CLE_PB,D,20211213,000000,6.91,6.94,6.68,6.86,0,0
CLE_PB,D,20211214,000000,6.86,6.86,6.32,6.48,0,0
CLE_PB,D,20211215,000000,6.68,6.68,6.2,6.35,0,0
CLE_PB,D,20211216,000000,6.41,6.49,5.93,6.05,0,0
CLE_PB,D,20211217,000000,5.77,5.99,5.61,5.72,0,0
CLE_PB,D,20211220,000000,5.72,5.72,5.04,5.2,0,0
CLE_PB,D,20211221,000000,5.42,5.42,4.95,4.98,0,0
CLE_PB,D,20211222,000000,4.83,5.56,4.83,5.17,0,0
CLE_PB,D,20211223,000000,5,5.37,4.73,4.94,0,0
CLE_PB,D,20211227,000000,4.94,4.94,4.18,4.33,0,0
CLE_PB,D,20211228,000000,4.33,5.1,4.18,4.81,0,0
CLE_PB,D,20211229,000000,4.81,6.55,4.81,6.53,0,0
CLE_PB,D,20211230,000000,6.58,7.98,6.58,7.98,0,0
CLE_PB,D,20220103,000000,8.52,9.34,7.55,7.65,0,0
CLE_PB,D,20220104,000000,7.67,7.67,6.44,6.61,0,0
CLE_PB,D,20220105,000000,6.72,7.95,6.72,7.59,0,0
CLE_PB,D,20220107,000000,7.59,9.08,7.59,8.8,0,0
CLE_PB,D,20220110,000000,8.94,9.31,8.34,8.49,0,0
CLE_PB,D,20220111,000000,8.58,8.96,8.46,8.77,0,0
CLE_PB,D,20220112,000000,8.77,8.86,8.25,8.42,0,0
CLE_PB,D,20220113,000000,8.47,8.47,7.84,8.24,0,0
CLE_PB,D,20220114,000000,8.21,8.27,7.39,7.6,0,0
CLE_PB,D,20220117,000000,7.86,7.86,7.1,7.14,0,0
CLE_PB,D,20220118,000000,6.79,7.08,6.29,6.41,0,0
CLE_PB,D,20220119,000000,6.26,7.08,5.88,6.75,0,0
CLE_PB,D,20220120,000000,6.72,7.01,6.2,6.25,0,0
CLE_PB,D,20220121,000000,6.16,6.22,5.87,5.97,0,0
CLE_PB,D,20220124,000000,5.85,5.85,4.9,5.03,0,0
CLE_PB,D,20220125,000000,4.97,5.78,4.97,5.7,0,0
CLE_PB,D,20220126,000000,5.76,6.13,5.7,5.8,0,0
CLE_PB,D,20220127,000000,5.58,6.26,5.46,6.15,0,0
CLE_PB,D,20220128,000000,6.24,6.52,6.01,6.23,0,0
CLE_PB,D,20220131,000000,6.37,6.49,6.16,6.16,0,0
CLE_PB,D,20220201,000000,6.16,6.25,5.85,6.09,0,0
CLE_PB,D,20220202,000000,6.03,6.63,6.03,6.35,0,0
CLE_PB,D,20220203,000000,6.35,6.49,6.12,6.24,0,0
CLE_PB,D,20220204,000000,6.27,6.32,5.98,6.1,0,0
CLE_PB,D,20220207,000000,6.19,6.19,5.84,6.07,0,0
CLE_PB,D,20220208,000000,5.86,6.15,5.86,6.06,0,0
CLE_PB,D,20220209,000000,6.06,6.73,6.06,6.62,0,0
CLE_PB,D,20220210,000000,6.71,6.73,6.3,6.49,0,0
CLE_PB,D,20220211,000000,6.29,6.52,6.26,6.27,0,0
CLE_PB,D,20220214,000000,5.54,5.82,5.47,5.47,0,0
CLE_PB,D,20220215,000000,5.49,6.64,5.47,6.38,0,0
CLE_PB,D,20220216,000000,6.76,7.34,6.35,6.39,0,0
CLE_PB,D,20220217,000000,6.57,6.83,5.78,5.78,0,0
CLE_PB,D,20220218,000000,5.75,6.18,5.75,5.87,0,0
CLE_PB,D,20220221,000000,5.93,6.05,5.61,5.7,0,0
CLE_PB,D,20220222,000000,5.21,5.94,5.21,5.73,0,0
CLE_PB,D,20220223,000000,5.77,5.89,5.4,5.48,0,0
CLE_PB,D,20220224,000000,4.09,4.09,3.56,3.56,0,0
CLE_PB,D,20220225,000000,1.91,3.91,1.91,3.05,0,0
CLE_PB,D,20220228,000000,3.25,3.87,3.25,3.75,0,0
CLE_PB,D,20220301,000000,3.92,3.92,3.36,3.36,0,0
CLE_PB,D,20220302,000000,3.43,4.29,3.09,4.29,0,0
CLE_PB,D,20220303,000000,4.43,4.43,4.05,4.1,0,0
CLE_PB,D,20220304,000000,4.04,4.18,3.77,3.77,0,0
CLE_PB,D,20220307,000000,3.87,3.87,3.05,3.35,0,0
CLE_PB,D,20220308,000000,3.56,3.56,3.28,3.46,0,0
CLE_PB,D,20220309,000000,3.58,3.72,3.43,3.72,0,0
CLE_PB,D,20220310,000000,3.83,4,3.6,3.65,0,0
CLE_PB,D,20220311,000000,3.7,4.03,3.62,3.7,0,0
CLE_PB,D,20220314,000000,3.82,3.89,3.75,3.8,0,0
CLE_PB,D,20220315,000000,3.87,4.06,3.87,3.9,0,0
CLE_PB,D,20220316,000000,3.9,4.11,3.87,4.03,0,0
CLE_PB,D,20220317,000000,4.03,5.28,4.03,5.28,0,0
CLE_PB,D,20220318,000000,5.47,5.83,4.93,5.04,0,0
CLE_PB,D,20220321,000000,4.92,5.09,4.66,4.75,0,0
CLE_PB,D,20220322,000000,4.86,4.86,4.39,4.39,0,0
CLE_PB,D,20220323,000000,4.36,4.72,4.36,4.62,0,0
CLE_PB,D,20220324,000000,4.62,4.68,4.52,4.61,0,0
CLE_PB,D,20220325,000000,4.69,4.69,4.53,4.61,0,0
CLE_PB,D,20220328,000000,4.63,4.87,4.61,4.68,0,0
CLE_PB,D,20220329,000000,4.87,6.45,4.81,6.43,0,0
CLE_PB,D,20220330,000000,6.08,6.08,5.69,5.86,0,0
CLE_PB,D,20220331,000000,5.83,6.04,5.48,5.48,0,0
CLE_PB,D,20220401,000000,5.68,5.91,5.52,5.56,0,0
CLE_PB,D,20220404,000000,5.74,5.74,5.4,5.58,0,0
CLE_PB,D,20220405,000000,5.58,5.69,5.44,5.44,0,0
CLE_PB,D,20220406,000000,5.49,5.61,5.03,5.09,0,0
CLE_PB,D,20220407,000000,5.09,5.33,5.02,5.02,0,0
CLE_PB,D,20220408,000000,5.15,5.98,5.02,5.4,0,0
CLE_PB,D,20220411,000000,5.48,5.56,5.25,5.51,0,0
CLE_PB,D,20220412,000000,5.46,5.51,5.2,5.2,0,0
CLE_PB,D,20220413,000000,5.24,5.33,5.08,5.13,0,0
CLE_PB,D,20220414,000000,5.13,5.28,5.13,5.22,0,0
CLE_PB,D,20220419,000000,5.23,5.29,4.93,4.96,0,0
CLE_PB,D,20220420,000000,4.96,5.04,4.89,4.92,0,0
CLE_PB,D,20220421,000000,4.95,5.21,4.89,4.95,0,0
CLE_PB,D,20220422,000000,4.96,5.06,4.89,4.93,0,0
CLE_PB,D,20220425,000000,4.86,4.86,4.48,4.48,0,0
CLE_PB,D,20220426,000000,4.63,4.85,4.41,4.47,0,0
CLE_PB,D,20220427,000000,4.47,4.64,4.44,4.44,0,0
CLE_PB,D,20220428,000000,4.38,4.41,4.19,4.25,0,0
CLE_PB,D,20220429,000000,4.33,4.49,4.19,4.24,0,0
CLE_PB,D,20220502,000000,4.03,4.31,3.95,4.26,0,0
CLE_PB,D,20220504,000000,4.08,4.19,3.93,3.93,0,0
CLE_PB,D,20220505,000000,3.92,4.03,3.79,3.93,0,0
CLE_PB,D,20220506,000000,3.78,3.78,3.58,3.58,0,0
CLE_PB,D,20220509,000000,3.69,3.72,3.58,3.68,0,0
CLE_PB,D,20220510,000000,3.67,3.67,3.55,3.6,0,0
CLE_PB,D,20220511,000000,3.71,3.85,3.59,3.84,0,0
CLE_PB,D,20220512,000000,3.66,3.85,3.62,3.62,0,0
CLE_PB,D,20220513,000000,3.62,3.91,3.62,3.82,0,0
CLE_PB,D,20220516,000000,4.03,4.06,3.81,3.88,0,0
CLE_PB,D,20220517,000000,3.86,5.13,3.86,5.13,0,0
CLE_PB,D,20220518,000000,5.04,5.49,4.7,4.71,0,0
CLE_PB,D,20220519,000000,4.67,4.99,4.67,4.93,0,0
CLE_PB,D,20220520,000000,4.93,4.95,4.68,4.78,0,0
CLE_PB,D,20220523,000000,4.88,5.8,4.88,5.41,0,0
CLE_PB,D,20220524,000000,5.38,5.46,4.93,4.97,0,0
CLE_PB,D,20220525,000000,5.05,5.12,4.87,4.93,0,0
CLE_PB,D,20220526,000000,4.97,5.03,4.83,4.86,0,0
CLE_PB,D,20220527,000000,4.92,5.05,4.86,4.9,0,0
CLE_PB,D,20220530,000000,4.99,4.99,4.74,4.78,0,0
CLE_PB,D,20220531,000000,4.98,4.98,4.81,4.81,0,0
CLE_PB,D,20220601,000000,4.81,4.92,4.74,4.74,0,0
CLE_PB,D,20220602,000000,4.82,4.82,4.41,4.41,0,0
CLE_PB,D,20220603,000000,4.55,4.82,4.5,4.59,0,0
CLE_PB,D,20220606,000000,4.59,4.68,4.3,4.5,0,0
CLE_PB,D,20220607,000000,4.59,4.59,4.39,4.39,0,0
CLE_PB,D,20220608,000000,4.61,4.88,4.44,4.44,0,0
CLE_PB,D,20220609,000000,4.76,4.76,4.44,4.46,0,0
CLE_PB,D,20220610,000000,4.62,4.62,4.36,4.41,0,0
CLE_PB,D,20220613,000000,4.41,4.41,4.06,4.06,0,0
CLE_PB,D,20220614,000000,4.05,4.34,4.05,4.16,0,0
CLE_PB,D,20220615,000000,4.22,4.22,4.04,4.13,0,0
CLE_PB,D,20220617,000000,4.13,4.21,4.03,4.03,0,0
CLE_PB,D,20220620,000000,4.16,4.26,4.04,4.12,0,0
CLE_PB,D,20220621,000000,4.24,4.24,4.04,4.09,0,0
CLE_PB,D,20220622,000000,4.09,4.29,4.09,4.19,0,0
CLE_PB,D,20220623,000000,4.17,4.27,4.05,4.05,0,0
CLE_PB,D,20220624,000000,4.22,4.36,4.06,4.27,0,0
CLE_PB,D,20220627,000000,4.25,4.69,4.25,4.49,0,0
CLE_PB,D,20220628,000000,4.43,4.64,4.2,4.47,0,0
CLE_PB,D,20220629,000000,4.42,4.47,4.19,4.21,0,0
CLE_PB,D,20220630,000000,4.39,4.39,4.18,4.18,0,0
CLE_PB,D,20220701,000000,4.28,4.46,4.17,4.17,0,0
CLE_PB,D,20220704,000000,4.2,4.38,4.13,4.25,0,0
CLE_PB,D,20220705,000000,4.23,4.29,3.86,4,0,0
CLE_PB,D,20220706,000000,4.15,4.15,3.66,3.66,0,0
CLE_PB,D,20220707,000000,3.66,3.89,3.66,3.76,0,0
CLE_PB,D,20220708,000000,3.68,3.82,3.67,3.75,0,0
CLE_PB,D,20220711,000000,3.83,3.83,3.64,3.73,0,0
CLE_PB,D,20220712,000000,3.72,3.81,3.65,3.69,0,0
CLE_PB,D,20220713,000000,3.63,3.86,3.62,3.64,0,0
CLE_PB,D,20220714,000000,3.64,4.35,3.64,3.8,0,0
CLE_PB,D,20220715,000000,3.95,4.16,3.7,3.77,0,0
CLE_PB,D,20220718,000000,3.83,4.07,3.83,4.04,0,0
CLE_PB,D,20220719,000000,4.09,4.13,3.95,4.13,0,0
CLE_PB,D,20220720,000000,4.13,4.13,3.95,4.08,0,0
CLE_PB,D,20220721,000000,3.98,4.04,3.84,3.84,0,0
CLE_PB,D,20220722,000000,3.99,4.2,3.98,4.04,0,0
CLE_PB,D,20220725,000000,4.04,4.04,3.88,3.95,0,0
CLE_PB,D,20220726,000000,4.07,4.34,3.96,4.09,0,0
CLE_PB,D,20220727,000000,4.09,4.09,3.87,3.87,0,0
CLE_PB,D,20220728,000000,3.97,3.97,3.84,3.88,0,0
CLE_PB,D,20220729,000000,3.99,4.35,3.88,4.05,0,0
CLE_PB,D,20220801,000000,4.03,4.17,3.99,3.99,0,0
CLE_PB,D,20220802,000000,4,4.06,3.94,3.96,0,0
CLE_PB,D,20220803,000000,4.08,4.08,3.96,4.03,0,0
CLE_PB,D,20220804,000000,3.95,4.06,3.92,3.92,0,0
CLE_PB,D,20220805,000000,3.98,4.04,3.91,3.99,0,0
CLE_PB,D,20220808,000000,4.03,4.05,3.92,3.92,0,0
CLE_PB,D,20220809,000000,3.92,4.01,3.92,3.97,0,0
CLE_PB,D,20220810,000000,4,4.05,3.96,4.02,0,0
CLE_PB,D,20220811,000000,4.02,4.1,3.95,4.1,0,0
CLE_PB,D,20220812,000000,4.06,4.1,3.96,4.01,0,0
CLE_PB,D,20220816,000000,4.09,4.09,3.88,3.88,0,0
CLE_PB,D,20220817,000000,3.94,3.94,3.82,3.83,0,0
CLE_PB,D,20220818,000000,3.92,3.92,3.77,3.89,0,0
CLE_PB,D,20220819,000000,3.93,3.97,3.7,3.7,0,0
CLE_PB,D,20220822,000000,3.87,3.87,3.7,3.7,0,0
CLE_PB,D,20220823,000000,3.81,3.84,3.64,3.74,0,0
CLE_PB,D,20220824,000000,3.62,3.74,3.54,3.54,0,0
CLE_PB,D,20220825,000000,3.59,3.72,3.59,3.63,0,0
CLE_PB,D,20220826,000000,3.6,3.75,3.54,3.61,0,0
CLE_PB,D,20220829,000000,3.64,3.64,3.45,3.45,0,0
CLE_PB,D,20220830,000000,3.46,3.65,3.46,3.65,0,0
CLE_PB,D,20220831,000000,3.66,3.66,3.48,3.61,0,0
CLE_PB,D,20220901,000000,3.65,3.65,3.35,3.38,0,0
CLE_PB,D,20220902,000000,3.53,3.53,3.24,3.48,0,0
CLE_PB,D,20220905,000000,3.42,3.48,3.36,3.44,0,0
CLE_PB,D,20220906,000000,3.53,3.61,3.44,3.56,0,0
CLE_PB,D,20220907,000000,3.56,3.58,3.41,3.45,0,0
CLE_PB,D,20220908,000000,3.56,3.56,3.34,3.39,0,0
CLE_PB,D,20220909,000000,3.36,3.57,3.36,3.5,0,0
CLE_PB,D,20220912,000000,3.79,6.21,3.79,6.21,0,0
CLE_PB,D,20220913,000000,7.77,9.11,6.74,7.51,0,0
CLE_PB,D,20220914,000000,7.54,10.72,7.54,10.52,0,0
CLE_PB,D,20220915,000000,11.11,12.22,9.41,9.65,0,0
CLE_PB,D,20220916,000000,9.8,9.8,7.15,7.21,0,0
CLE_PB,D,20220919,000000,7.4,8.74,7.4,8.06,0,0
CLE_PB,D,20220920,000000,8.19,10.43,8.19,10.2,0,0
CLE_PB,D,20220921,000000,9.93,9.93,8.01,8.01,0,0
CLE_PB,D,20220922,000000,8.11,9.22,8.11,8.53,0,0
CLE_PB,D,20220923,000000,8.62,9.47,8.33,8.67,0,0
CLE_PB,D,20220926,000000,8.64,8.79,7.78,8.07,0,0
CLE_PB,D,20220927,000000,8.28,8.43,7.43,7.43,0,0
CLE_PB,D,20220928,000000,7.49,7.49,6.17,6.34,0,0
CLE_PB,D,20220929,000000,6.47,7.43,6.3,6.61,0,0
CLE_PB,D,20220930,000000,6.57,6.9,5.33,5.75,0,0
CLE_PB,D,20221003,000000,6.14,6.74,5.61,6.45,0,0
CLE_PB,D,20221004,000000,6.92,7.48,6.86,6.89,0,0
CLE_PB,D,20221005,000000,7.03,7.16,6.34,6.48,0,0
CLE_PB,D,20221006,000000,6.48,6.69,6.09,6.17,0,0
CLE_PB,D,20221007,000000,6.06,6.61,6.06,6.21,0,0
CLE_PB,D,20221010,000000,5.73,6.03,5.5,5.5,0,0
CLE_PB,D,20221011,000000,5.55,5.96,5.55,5.65,0,0
CLE_PB,D,20221012,000000,5.78,5.81,5.56,5.63,0,0
CLE_PB,D,20221013,000000,5.63,5.8,5.52,5.66,0,0
CLE_PB,D,20221014,000000,5.81,6,5.77,5.9,0,0
CLE_PB,D,20221017,000000,5.9,6,5.74,5.77,0,0
CLE_PB,D,20221018,000000,5.63,5.7,5.59,5.69,0,0
CLE_PB,D,20221019,000000,5.66,5.7,5.28,5.4,0,0
CLE_PB,D,20221020,000000,5.4,5.4,4.92,5,0,0
CLE_PB,D,20221021,000000,5.01,5.1,4.44,4.44,0,0
CLE_PB,D,20221024,000000,4.4,4.48,4.12,4.17,0,0
CLE_PB,D,20221025,000000,4.06,5.78,4.06,5.78,0,0
CLE_PB,D,20221026,000000,6.26,6.45,5.61,5.72,0,0
CLE_PB,D,20221027,000000,5.78,6.45,5.72,5.92,0,0
CLE_PB,D,20221028,000000,6.05,6.17,5.71,5.76,0,0
CLE_PB,D,20221031,000000,5.76,5.96,5.38,5.4,0,0
CLE_PB,D,20221102,000000,5.55,5.55,5.1,5.17,0,0
CLE_PB,D,20221103,000000,5.18,6.32,5.18,5.88,0,0
CLE_PB,D,20221104,000000,6.01,6.01,5.69,5.74,0,0
CLE_PB,D,20221107,000000,5.74,5.97,5.47,5.61,0,0
CLE_PB,D,20221108,000000,5.61,6.16,5.61,5.99,0,0
CLE_PB,D,20221109,000000,5.98,6.03,5.55,6.03,0,0
CLE_PB,D,20221110,000000,6.08,6.08,5.81,5.86,0,0
CLE_PB,D,20221114,000000,6.05,6.79,6.05,6.79,0,0
CLE_PB,D,20221115,000000,6.85,6.85,6.24,6.36,0,0
CLE_PB,D,20221116,000000,6.27,6.27,6.08,6.1,0,0
CLE_PB,D,20221117,000000,6.07,6.31,6.07,6.11,0,0
CLE_PB,D,20221118,000000,6.16,6.22,6.03,6.06,0,0
CLE_PB,D,20221121,000000,6.03,6.09,5.77,5.77,0,0
CLE_PB,D,20221122,000000,5.77,5.94,5.77,5.84,0,0
CLE_PB,D,20221123,000000,5.93,5.94,5.77,5.89,0,0
CLE_PB,D,20221124,000000,5.83,5.91,5.72,5.88,0,0
CLE_PB,D,20221125,000000,5.9,5.92,5.77,5.82,0,0
CLE_PB,D,20221128,000000,5.93,5.93,5.78,5.83,0,0
CLE_PB,D,20221129,000000,5.85,6.19,5.82,5.82,0,0
CLE_PB,D,20221130,000000,5.91,5.96,5.81,5.83,0,0
CLE_PB,D,20221201,000000,5.94,6.01,5.75,5.81,0,0
CLE_PB,D,20221202,000000,5.87,5.98,5.79,5.98,0,0
CLE_PB,D,20221205,000000,5.98,5.98,5.81,5.82,0,0
CLE_PB,D,20221206,000000,5.82,5.86,5.57,5.57,0,0
CLE_PB,D,20221207,000000,5.52,5.68,5.39,5.39,0,0
CLE_PB,D,20221208,000000,5.39,5.5,5.15,5.24,0,0
CLE_PB,D,20221209,000000,5.3,5.31,5.2,5.24,0,0
CLE_PB,D,20221212,000000,5.26,5.35,5.23,5.23,0,0
CLE_PB,D,20221213,000000,5.25,5.46,5.23,5.25,0,0
CLE_PB,D,20221214,000000,5.3,5.34,5.25,5.34,0,0
CLE_PB,D,20221215,000000,5.37,5.37,5.16,5.16,0,0
CLE_PB,D,20221216,000000,5.13,5.23,5.01,5.21,0,0
CLE_PB,D,20221219,000000,5.21,5.21,5.09,5.1,0,0
CLE_PB,D,20221220,000000,5.1,5.15,4.9,4.99,0,0
CLE_PB,D,20221221,000000,4.99,4.99,4.87,4.96,0,0
CLE_PB,D,20221222,000000,4.96,5.25,4.82,4.86,0,0
CLE_PB,D,20221223,000000,4.98,5.05,4.92,4.93,0,0
CLE_PB,D,20221227,000000,5.02,5.02,4.74,4.89,0,0
CLE_PB,D,20221228,000000,4.79,4.95,4.6,4.6,0,0
CLE_PB,D,20221229,000000,4.69,4.85,4.6,4.74,0,0
CLE_PB,D,20221230,000000,4.88,5.61,4.88,5.38,0,0
CLE_PB,D,20230102,000000,5.53,5.61,5.14,5.41,0,0
CLE_PB,D,20230103,000000,5.39,5.57,5.24,5.26,0,0
CLE_PB,D,20230104,000000,5.26,5.38,5.26,5.34,0,0
CLE_PB,D,20230105,000000,5.4,5.41,5.24,5.4,0,0
CLE_PB,D,20230109,000000,5.52,5.52,5.38,5.38,0,0
CLE_PB,D,20230110,000000,5.43,5.43,5.28,5.34,0,0
CLE_PB,D,20230111,000000,5.32,5.4,5.21,5.27,0,0
CLE_PB,D,20230112,000000,5.27,5.35,5.08,5.17,0,0
CLE_PB,D,20230113,000000,5.14,5.23,5.01,5.1,0,0
CLE_PB,D,20230116,000000,5.17,5.19,4.98,5.03,0,0
CLE_PB,D,20230117,000000,5.02,5.09,4.81,4.9,0,0
CLE_PB,D,20230118,000000,4.9,5.15,4.9,5.02,0,0
CLE_PB,D,20230119,000000,5.04,5.05,4.85,4.85,0,0
CLE_PB,D,20230120,000000,4.92,5.15,4.84,4.85,0,0
CLE_PB,D,20230123,000000,4.97,5.09,4.9,5.04,0,0
CLE_PB,D,20230124,000000,5.04,5.16,4.99,5.03,0,0
CLE_PB,D,20230125,000000,5.04,5.09,4.91,4.92,0,0
CLE_PB,D,20230126,000000,5.01,5.1,4.92,4.94,0,0
CLE_PB,D,20230127,000000,5.02,5.1,4.94,5.04,0,0
CLE_PB,D,20230130,000000,5.07,5.07,4.94,4.95,0,0
CLE_PB,D,20230131,000000,4.95,5.04,4.9,4.94,0,0
CLE_PB,D,20230201,000000,4.94,5.02,4.67,4.79,0,0
CLE_PB,D,20230202,000000,4.81,4.93,4.76,4.84,0,0
CLE_PB,D,20230203,000000,4.81,4.9,4.67,4.67,0,0
CLE_PB,D,20230206,000000,4.67,4.99,4.57,4.57,0,0
CLE_PB,D,20230207,000000,4.67,4.67,4.49,4.49,0,0
CLE_PB,D,20230208,000000,4.58,4.66,4.49,4.52,0,0
CLE_PB,D,20230209,000000,4.57,4.64,4.51,4.52,0,0
CLE_PB,D,20230210,000000,4.52,4.57,4.39,4.47,0,0
CLE_PB,D,20230213,000000,4.34,4.77,4.34,4.59,0,0
CLE_PB,D,20230214,000000,4.53,4.59,4.36,4.45,0,0
CLE_PB,D,20230215,000000,4.56,4.56,4.45,4.53,0,0
CLE_PB,D,20230216,000000,4.45,4.7,4.45,4.46,0,0
CLE_PB,D,20230217,000000,4.44,4.48,4.34,4.4,0,0
CLE_PB,D,20230220,000000,4.4,4.54,4.34,4.49,0,0
CLE_PB,D,20230221,000000,4.57,4.57,4.32,4.5,0,0
CLE_PB,D,20230222,000000,4.37,4.46,4.31,4.32,0,0
CLE_PB,D,20230223,000000,4.33,4.43,4.29,4.31,0,0
CLE_PB,D,20230224,000000,4.4,4.4,4.32,4.35,0,0
CLE_PB,D,20230227,000000,4.42,4.49,4.31,4.39,0,0
CLE_PB,D,20230228,000000,4.45,4.5,4.33,4.43,0,0
CLE_PB,D,20230301,000000,4.44,4.46,4.33,4.42,0,0
CLE_PB,D,20230302,000000,4.45,4.45,4.35,4.4,0,0
CLE_PB,D,20230303,000000,4.48,4.48,4.33,4.33,0,0
CLE_PB,D,20230306,000000,4.45,4.63,4.4,4.42,0,0
CLE_PB,D,20230307,000000,4.46,4.52,4.36,4.4,0,0
CLE_PB,D,20230308,000000,4.4,4.47,4.31,4.31,0,0
CLE_PB,D,20230309,000000,4.33,4.41,4.3,4.4,0,0
CLE_PB,D,20230310,000000,4.42,4.43,4.33,4.42,0,0
CLE_PB,D,20230313,000000,4.43,4.43,4.21,4.36,0,0
CLE_PB,D,20230314,000000,4.37,4.38,4.3,4.38,0,0
CLE_PB,D,20230315,000000,4.35,4.41,4.32,4.37,0,0
CLE_PB,D,20230316,000000,4.3,4.3,4.01,4.03,0,0
CLE_PB,D,20230317,000000,4.15,4.15,3.74,3.74,0,0
CLE_PB,D,20230320,000000,3.9,4.02,3.81,4,0,0
CLE_PB,D,20230321,000000,4,4.18,3.98,4.18,0,0
CLE_PB,D,20230322,000000,4.18,4.28,4.02,4.08,0,0
CLE_PB,D,20230323,000000,4.26,4.26,4.07,4.26,0,0
CLE_PB,D,20230324,000000,4.28,4.28,4.07,4.07,0,0
CLE_PB,D,20230327,000000,3.98,4.26,3.98,4.26,0,0
CLE_PB,D,20230328,000000,4.27,4.27,4.13,4.19,0,0
CLE_PB,D,20230329,000000,4.25,4.26,4.14,4.25,0,0
CLE_PB,D,20230330,000000,4.25,4.25,4.09,4.2,0,0
CLE_PB,D,20230331,000000,4.22,4.22,4.07,4.12,0,0
CLE_PB,D,20230403,000000,4.1,4.17,4.05,4.15,0,0
CLE_PB,D,20230404,000000,4.16,4.16,4.02,4.16,0,0
CLE_PB,D,20230405,000000,4.06,4.18,4.06,4.17,0,0
CLE_PB,D,20230406,000000,4.17,4.19,4.1,4.14,0,0
CLE_PB,D,20230411,000000,4.14,4.17,4.05,4.17,0,0
CLE_PB,D,20230412,000000,4.1,4.5,4.05,4.39,0,0
CLE_PB,D,20230413,000000,4.4,4.4,4.12,4.35,0,0
CLE_PB,D,20230414,000000,4.35,4.35,4.22,4.33,0,0
CLE_PB,D,20230417,000000,4.33,4.33,4.2,4.23,0,0
CLE_PB,D,20230418,000000,4.24,4.27,4.05,4.21,0,0
CLE_PB,D,20230419,000000,4.21,4.26,4.07,4.22,0,0
CLE_PB,D,20230420,000000,4.05,4.22,4.05,4.16,0,0
CLE_PB,D,20230421,000000,4.17,4.47,4.11,4.33,0,0
CLE_PB,D,20230424,000000,4.19,5.73,4.19,5.73,0,0
CLE_PB,D,20230425,000000,5.67,6.49,5.44,5.48,0,0
CLE_PB,D,20230426,000000,5.52,5.52,5.04,5.32,0,0
CLE_PB,D,20230427,000000,5.34,5.37,4.92,4.94,0,0
CLE_PB,D,20230428,000000,4.94,5.02,4.79,4.8,0,0
CLE_PB,D,20230502,000000,4.99,5.75,4.99,5.42,0,0
CLE_PB,D,20230504,000000,5.48,5.49,5.17,5.25,0,0
CLE_PB,D,20230505,000000,5.62,5.82,5.53,5.65,0,0
CLE_PB,D,20230508,000000,5.71,5.71,5.41,5.59,0,0
CLE_PB,D,20230509,000000,5.58,5.67,5.37,5.5,0,0
CLE_PB,D,20230510,000000,5.34,5.62,5.34,5.52,0,0
CLE_PB,D,20230511,000000,5.65,5.65,5.46,5.59,0,0
CLE_PB,D,20230512,000000,5.67,5.97,5.49,5.61,0,0
CLE_PB,D,20230515,000000,5.61,5.73,5.49,5.52,0,0
CLE_PB,D,20230516,000000,5.52,5.66,5.22,5.39,0,0
CLE_PB,D,20230517,000000,5.43,5.46,5.29,5.32,0,0
CLE_PB,D,20230518,000000,5.32,5.6,5.32,5.45,0,0
CLE_PB,D,20230519,000000,5.47,5.66,5.47,5.61,0,0
CLE_PB,D,20230522,000000,5.67,5.67,5.17,5.4,0,0
CLE_PB,D,20230523,000000,5.49,5.49,5.28,5.46,0,0
CLE_PB,D,20230524,000000,5.39,5.43,5.31,5.34,0,0
CLE_PB,D,20230525,000000,5.41,5.41,5.08,5.08,0,0
CLE_PB,D,20230526,000000,5.1,5.16,4.96,5.07,0,0
CLE_PB,D,20230529,000000,5.05,5.5,5.05,5.26,0,0
CLE_PB,D,20230530,000000,5.25,5.29,5.1,5.2,0,0
CLE_PB,D,20230531,000000,5.2,5.29,5.17,5.25,0,0
CLE_PB,D,20230601,000000,5.26,5.28,5.21,5.22,0,0
CLE_PB,D,20230602,000000,5.27,5.34,5.15,5.27,0,0
CLE_PB,D,20230605,000000,5.3,5.34,5.21,5.21,0,0
CLE_PB,D,20230606,000000,5.2,5.33,5.17,5.23,0,0
CLE_PB,D,20230607,000000,5.2,5.33,5.2,5.32,0,0
CLE_PB,D,20230609,000000,5.33,5.4,5.26,5.31,0,0
CLE_PB,D,20230612,000000,5.39,5.39,5.25,5.31,0,0
CLE_PB,D,20230613,000000,5.33,5.45,5.27,5.41,0,0
CLE_PB,D,20230614,000000,5.31,5.4,5.04,5.37,0,0
CLE_PB,D,20230615,000000,5.27,5.41,5.27,5.3,0,0
CLE_PB,D,20230616,000000,5.36,5.44,5.3,5.37,0,0
CLE_PB,D,20230619,000000,5.42,5.52,5.23,5.25,0,0
CLE_PB,D,20230620,000000,5.25,5.25,5.09,5.14,0,0
CLE_PB,D,20230621,000000,5.24,5.45,5.1,5.27,0,0
CLE_PB,D,20230622,000000,5.27,5.37,5.27,5.33,0,0
CLE_PB,D,20230623,000000,5.33,5.33,5.19,5.23,0,0
CLE_PB,D,20230626,000000,5.27,5.54,5.17,5.34,0,0
CLE_PB,D,20230627,000000,5.34,5.43,5.17,5.19,0,0
CLE_PB,D,20230628,000000,5.25,5.33,5.16,5.16,0,0
CLE_PB,D,20230629,000000,5.16,5.22,5.11,5.16,0,0
CLE_PB,D,20230630,000000,5.19,5.24,5.08,5.2,0,0
CLE_PB,D,20230703,000000,5.18,5.18,5.05,5.18,0,0
CLE_PB,D,20230704,000000,5.18,5.18,5.07,5.13,0,0
CLE_PB,D,20230705,000000,5.01,5.16,4.91,5.04,0,0
CLE_PB,D,20230706,000000,4.83,5,4.83,4.96,0,0
CLE_PB,D,20230707,000000,5.01,5.02,4.87,5.01,0,0
CLE_PB,D,20230710,000000,4.93,5.01,4.89,4.96,0,0
CLE_PB,D,20230711,000000,5.08,5.09,4.99,5.09,0,0
CLE_PB,D,20230712,000000,5.09,5.09,4.96,5.07,0,0
CLE_PB,D,20230713,000000,5,5.07,4.78,4.85,0,0
CLE_PB,D,20230714,000000,4.94,4.98,4.73,4.92,0,0
CLE_PB,D,20230717,000000,4.92,6.13,4.84,5.58,0,0
CLE_PB,D,20230718,000000,5.65,5.65,5.13,5.23,0,0
CLE_PB,D,20230719,000000,5.23,5.28,5.01,5.11,0,0
CLE_PB,D,20230720,000000,4.99,5.34,4.99,5.05,0,0
CLE_PB,D,20230721,000000,5.01,5.21,4.94,5.01,0,0
CLE_PB,D,20230724,000000,5.07,5.07,4.94,4.94,0,0
CLE_PB,D,20230725,000000,4.94,4.95,4.82,4.95,0,0
CLE_PB,D,20230726,000000,5.03,5.03,4.9,4.98,0,0
CLE_PB,D,20230727,000000,4.94,4.98,4.85,4.9,0,0
CLE_PB,D,20230728,000000,4.9,5.04,4.84,4.84,0,0
CLE_PB,D,20230731,000000,4.89,4.96,4.84,4.91,0,0
CLE_PB,D,20230801,000000,4.91,5.11,4.91,5.07,0,0
CLE_PB,D,20230802,000000,4.96,5.07,4.95,5.03,0,0
CLE_PB,D,20230803,000000,4.94,5.03,4.84,4.98,0,0
CLE_PB,D,20230804,000000,4.98,5.03,4.86,4.903,0,0
CLE_PB,D,20230807,000000,5.025,5.065,4.916,4.963,0,0
CLE_PB,D,20230808,000000,5.045,5.045,4.888,4.976,0,0
CLE_PB,D,20230809,000000,4.983,5.099,4.983,5.036,0,0
CLE_PB,D,20230810,000000,4.967,5.028,4.926,4.989,0,0
CLE_PB,D,20230811,000000,4.988,4.988,4.954,4.986,0,0
CLE_PB,D,20230814,000000,4.951,4.992,4.917,4.934,0,0
CLE_PB,D,20230816,000000,4.988,4.988,4.811,4.823,0,0
CLE_PB,D,20230817,000000,4.809,4.809,4.737,4.737,0,0
CLE_PB,D,20230818,000000,4.73,4.77,4.609,4.749,0,0
CLE_PB,D,20230821,000000,4.675,4.809,4.615,4.646,0,0
CLE_PB,D,20230822,000000,4.645,4.733,4.645,4.677,0,0
CLE_PB,D,20230823,000000,4.67,4.704,4.638,4.638,0,0
CLE_PB,D,20230824,000000,4.638,4.831,4.638,4.703,0,0
CLE_PB,D,20230825,000000,4.702,4.79,4.662,4.761,0,0
CLE_PB,D,20230828,000000,4.781,4.801,4.634,4.668,0,0
CLE_PB,D,20230829,000000,4.668,4.668,4.601,4.608,0,0
CLE_PB,D,20230830,000000,4.728,4.728,4.575,4.629,0,0
CLE_PB,D,20230831,000000,4.602,4.716,4.595,4.693,0,0
CLE_PB,D,20230901,000000,4.693,4.693,4.612,4.639,0,0
CLE_PB,D,20230904,000000,4.652,4.672,4.518,4.525,0,0
CLE_PB,D,20230905,000000,4.538,4.779,4.538,4.733,0,0
CLE_PB,D,20230906,000000,4.647,4.733,4.547,4.64,0,0
CLE_PB,D,20230907,000000,4.541,4.613,4.501,4.501,0,0
CLE_PB,D,20230908,000000,4.501,4.604,4.405,4.501,0,0
CLE_PB,D,20230911,000000,4.501,4.585,4.373,4.546,0,0
CLE_PB,D,20230912,000000,4.527,4.546,4.405,4.422,0,0
CLE_PB,D,20230913,000000,4.365,4.46,4.327,4.46,0,0
CLE_PB,D,20230914,000000,4.472,4.549,4.453,4.546,0,0
CLE_PB,D,20230915,000000,4.559,4.559,4.418,4.486,0,0
CLE_PB,D,20230918,000000,4.511,4.511,4.444,4.444,0,0
CLE_PB,D,20230919,000000,4.476,4.476,4.425,4.435,0,0
CLE_PB,D,20230920,000000,4.479,4.479,4.381,4.381,0,0
CLE_PB,D,20230921,000000,4.38,4.469,4.355,4.412,0,0
CLE_PB,D,20230922,000000,4.476,4.482,4.406,4.415,0,0
CLE_PB,D,20230925,000000,4.409,4.409,4.377,4.406,0,0
CLE_PB,D,20230926,000000,4.392,4.444,4.316,4.317,0,0
CLE_PB,D,20230927,000000,4.317,4.463,4.317,4.438,0,0
CLE_PB,D,20230928,000000,4.457,4.457,4.336,4.389,0,0
CLE_PB,D,20230929,000000,4.382,4.422,4.219,4.422,0,0
CLE_PB,D,20231002,000000,4.422,4.422,4.201,4.21,0,0
CLE_PB,D,20231003,000000,4.21,4.425,4.147,4.26,0,0
CLE_PB,D,20231004,000000,4.184,4.416,4.166,4.354,0,0
CLE_PB,D,20231005,000000,4.26,4.36,4.241,4.347,0,0
CLE_PB,D,20231006,000000,4.277,4.277,4.1,4.21,0,0
CLE_PB,D,20231009,000000,4.267,4.381,4.128,4.177,0,0
CLE_PB,D,20231010,000000,4.279,4.317,4.151,4.305,0,0
CLE_PB,D,20231011,000000,4.299,4.299,4.177,4.274,0,0
CLE_PB,D,20231012,000000,4.222,4.345,4.222,4.329,0,0
CLE_PB,D,20231013,000000,4.323,4.336,4.292,4.292,0,0
CLE_PB,D,20231016,000000,4.241,4.293,4.132,4.222,0,0
CLE_PB,D,20231017,000000,4.313,4.313,4.183,4.307,0,0
CLE_PB,D,20231018,000000,4.38,4.386,4.229,4.343,0,0
CLE_PB,D,20231019,000000,4.238,4.33,4.173,4.298,0,0
CLE_PB,D,20231020,000000,4.246,4.252,4.181,4.252,0,0
CLE_PB,D,20231023,000000,4.181,4.252,4.089,4.251,0,0
CLE_PB,D,20231024,000000,4.205,4.205,4.107,4.205,0,0
CLE_PB,D,20231025,000000,4.199,4.205,4.063,4.063,0,0
CLE_PB,D,20231026,000000,4.076,4.174,4.076,4.162,0,0
CLE_PB,D,20231027,000000,4.065,4.174,4.065,4.174,0,0
CLE_PB,D,20231030,000000,4.174,4.202,4.05,4.202,0,0
CLE_PB,D,20231031,000000,4.196,4.239,4.038,4.239,0,0
CLE_PB,D,20231102,000000,4.239,4.239,4.054,4.106,0,0
CLE_PB,D,20231103,000000,4.054,4.106,3.85,3.917,0,0
CLE_PB,D,20231106,000000,3.917,4.036,3.871,3.925,0,0
CLE_PB,D,20231107,000000,4.019,4.025,3.793,3.977,0,0
CLE_PB,D,20231108,000000,4.011,4.011,3.804,3.804,0,0
CLE_PB,D,20231109,000000,3.804,3.963,3.804,3.865,0,0
CLE_PB,D,20231110,000000,3.979,4.185,3.866,3.874,0,0
CLE_PB,D,20231113,000000,4.128,5.001,4.101,4.261,0,0
CLE_PB,D,20231114,000000,4.261,4.261,3.955,4.102,0,0
CLE_PB,D,20231115,000000,4.223,4.223,4.049,4.197,0,0
CLE_PB,D,20231116,000000,4.204,4.204,4.088,4.166,0,0
CLE_PB,D,20231117,000000,4.16,4.207,4.098,4.193,0,0
CLE_PB,D,20231120,000000,4.201,5.213,4.03,5.213,0,0
CLE_PB,D,20231121,000000,5.214,5.631,5.214,5.314,0,0
CLE_PB,D,20231122,000000,5.314,5.41,5.219,5.226,0,0
CLE_PB,D,20231123,000000,5.564,5.564,5.227,5.252,0,0
CLE_PB,D,20231124,000000,5.217,5.547,5.217,5.453,0,0
CLE_PB,D,20231127,000000,5.367,5.488,5.245,5.46,0,0
CLE_PB,D,20231128,000000,5.4,5.452,5.321,5.422,0,0
CLE_PB,D,20231129,000000,5.422,5.45,5.414,5.45,0,0
CLE_PB,D,20231130,000000,5.38,5.486,5.336,5.394,0,0
CLE_PB,D,20231201,000000,5.429,5.49,5.316,5.462,0,0
CLE_PB,D,20231204,000000,5.462,5.471,5.262,5.354,0,0
CLE_PB,D,20231205,000000,5.38,5.38,5.206,5.297,0,0
CLE_PB,D,20231206,000000,5.297,5.297,5.201,5.221,0,0
CLE_PB,D,20231207,000000,5.213,5.256,5.153,5.213,0,0
CLE_PB,D,20231208,000000,5.213,5.252,5.127,5.252,0,0
CLE_PB,D,20231211,000000,5.149,5.184,5.063,5.143,0,0
CLE_PB,D,20231212,000000,5.1,5.134,5.048,5.075,0,0
CLE_PB,D,20231213,000000,5.049,5.084,4.877,4.903,0,0
CLE_PB,D,20231214,000000,4.903,5.09,4.903,5.09,0,0
CLE_PB,D,20231215,000000,4.985,5.134,4.985,5.075,0,0
CLE_PB,D,20231218,000000,4.51,4.757,4.51,4.51,0,0
CLE_PB,D,20231219,000000,4.554,4.921,4.554,4.698,0,0
CLE_PB,D,20231220,000000,4.69,4.804,4.532,4.602,0,0
CLE_PB,D,20231221,000000,4.567,4.681,4.304,4.37,0,0
CLE_PB,D,20231222,000000,4.265,4.37,4.256,4.303,0,0
CLE_PB,D,20231227,000000,4.28,4.545,4.28,4.302,0,0
CLE_PB,D,20231228,000000,4.319,4.652,4.302,4.43,0,0
CLE_PB,D,20231229,000000,4.319,24.984,4.319,24.984,0,0
CLE_PB,D,20240102,000000,23.926,25.033,23.829,24.936,0,0
CLE_PB,D,20240103,000000,24.503,25.178,23.444,24.021,0,0
CLE_PB,D,20240104,000000,24.022,24.022,23.264,23.941,0,0
CLE_PB,D,20240105,000000,23.918,23.942,23.559,23.767,0,0
CLE_PB,D,20240108,000000,24.006,25.006,23.696,23.815,0,0
CLE_PB,D,20240109,000000,24.101,24.863,23.958,24.516,0,0
CLE_PB,D,20240110,000000,23.99,24.9,23.99,24.899,0,0
CLE_PB,D,20240111,000000,24.9,24.9,24.134,24.516,0,0
CLE_PB,D,20240112,000000,24.612,24.852,24.038,24.72,0,0
CLE_PB,D,20240115,000000,24.721,24.768,24.339,24.589,0,0
CLE_PB,D,20240116,000000,24.211,24.591,23.724,23.724,0,0
CLE_PB,D,20240117,000000,24.146,24.146,23.209,24.005,0,0
CLE_PB,D,20240118,000000,24.053,30.852,24.053,27.71,0,0
