<TICKER>,<PER>,<DATE>,<TIME>,<OPEN>,<HIGH>,<LOW>,<CLOSE>,<VOL>,<OPENINT>
CRI_MV,D,20211012,000000,117.14,117.14,117.14,117.14,0,0
CRI_MV,D,20211013,000000,119.13,140.86,117.38,138,0,0
CRI_MV,D,20211014,000000,143.55,206.4,143.55,206.18,0,0
CRI_MV,D,20211015,000000,213.98,217.31,179.28,179.28,0,0
CRI_MV,D,20211018,000000,184.32,184.32,166.49,180.04,0,0
CRI_MV,D,20211019,000000,179.4,187.18,172.9,179.24,0,0
CRI_MV,D,20211020,000000,173.12,173.12,157.01,158.62,0,0
CRI_MV,D,20211021,000000,159.73,186.86,158.62,181.59,0,0
CRI_MV,D,20211022,000000,188.7,188.7,168.62,185.59,0,0
CRI_MV,D,20211025,000000,188.76,188.76,176.07,176.55,0,0
CRI_MV,D,20211026,000000,180.51,180.83,171.66,176.55,0,0
CRI_MV,D,20211027,000000,175.91,175.91,161.95,165.73,0,0
CRI_MV,D,20211028,000000,165.73,175.75,158.62,175.75,0,0
CRI_MV,D,20211029,000000,171.34,171.34,161.22,170.04,0,0
CRI_MV,D,20211102,000000,168.14,169.73,158.62,169.54,0,0
CRI_MV,D,20211103,000000,166.55,166.55,161.64,161.64,0,0
CRI_MV,D,20211104,000000,162.59,164.97,157.05,164.97,0,0
CRI_MV,D,20211105,000000,163.76,182.38,158.65,174.36,0,0
CRI_MV,D,20211108,000000,177.28,182.42,172.9,180.83,0,0
CRI_MV,D,20211109,000000,180.83,188.76,180.67,180.67,0,0
CRI_MV,D,20211110,000000,188.44,188.44,181.21,185.59,0,0
CRI_MV,D,20211112,000000,185.59,188.76,181.34,188.76,0,0
CRI_MV,D,20211115,000000,190.32,202.88,184.45,190.03,0,0
CRI_MV,D,20211116,000000,186.41,186.83,169.73,176.07,0,0
CRI_MV,D,20211117,000000,178.99,179.24,169.73,174.49,0,0
CRI_MV,D,20211118,000000,179.21,179.21,166.78,170.52,0,0
CRI_MV,D,20211119,000000,172.9,172.9,166.78,171.31,0,0
CRI_MV,D,20211122,000000,171.31,172.9,168.14,168.14,0,0
CRI_MV,D,20211123,000000,168.9,172.77,163.38,166.55,0,0
CRI_MV,D,20211124,000000,172.11,172.42,166.55,172.42,0,0
CRI_MV,D,20211125,000000,172.42,172.42,164.43,166.55,0,0
CRI_MV,D,20211126,000000,163.45,171.15,163.38,164.97,0,0
CRI_MV,D,20211129,000000,164.97,164.97,160.21,164.97,0,0
CRI_MV,D,20211130,000000,164.94,174.49,164.94,171.31,0,0
CRI_MV,D,20211201,000000,171.31,174.49,171.28,174.49,0,0
CRI_MV,D,20211202,000000,177.44,177.63,161.8,168.14,0,0
CRI_MV,D,20211203,000000,169.7,174.42,166.55,168.14,0,0
CRI_MV,D,20211206,000000,168.11,169.7,163.45,168.78,0,0
CRI_MV,D,20211207,000000,165.73,167.35,151.49,152.28,0,0
CRI_MV,D,20211208,000000,152.44,157.04,149.9,157.04,0,0
CRI_MV,D,20211209,000000,153.86,158.61,153.86,155.45,0,0
CRI_MV,D,20211210,000000,161.48,161.48,153.88,155.42,0,0
CRI_MV,D,20211213,000000,150.69,152.26,147.55,150.69,0,0
CRI_MV,D,20211214,000000,152.28,155.42,147.5,150.69,0,0
CRI_MV,D,20211215,000000,155.4,172.55,153.86,169.7,0,0
CRI_MV,D,20211216,000000,169.7,171.31,164.18,171.31,0,0
CRI_MV,D,20211217,000000,172.87,172.87,169.7,171.12,0,0
CRI_MV,D,20211220,000000,169.73,169.73,161,168.14,0,0
CRI_MV,D,20211221,000000,171,179.24,169.7,174.17,0,0
CRI_MV,D,20211222,000000,177.66,180.83,177.66,179.24,0,0
CRI_MV,D,20211223,000000,179.88,179.88,166.97,171.28,0,0
CRI_MV,D,20211227,000000,171.28,174.49,166.74,174.33,0,0
CRI_MV,D,20211228,000000,174.3,174.3,169.79,171.31,0,0
CRI_MV,D,20211229,000000,174.3,180.04,174.3,178.45,0,0
CRI_MV,D,20211230,000000,167.35,174.52,167.35,171.31,0,0
CRI_MV,D,20220103,000000,174.1,180.7,174.1,180.51,0,0
CRI_MV,D,20220104,000000,179.24,179.24,169.89,179.15,0,0
CRI_MV,D,20220105,000000,180.7,181.91,171.31,178.45,0,0
CRI_MV,D,20220107,000000,178.45,181.18,174.71,179.05,0,0
CRI_MV,D,20220110,000000,179.24,200.82,179.24,193.52,0,0
CRI_MV,D,20220111,000000,190.35,202.09,190.35,200.02,0,0
CRI_MV,D,20220112,000000,201.45,201.45,185.59,188.92,0,0
CRI_MV,D,20220113,000000,196.66,226.48,191.93,220.49,0,0
CRI_MV,D,20220114,000000,220.49,225.24,210.05,221.28,0,0
CRI_MV,D,20220117,000000,209.76,216.49,205.1,213.35,0,0
CRI_MV,D,20220118,000000,214.14,285.52,214.14,281.56,0,0
CRI_MV,D,20220119,000000,269.69,276,239.55,250.62,0,0
CRI_MV,D,20220120,000000,253.8,276,253.8,272.64,0,0
CRI_MV,D,20220121,000000,263.31,277.56,258.56,258.56,0,0
CRI_MV,D,20220124,000000,260.14,266.49,217.69,217.69,0,0
CRI_MV,D,20220125,000000,217.69,253,217.69,250.56,0,0
CRI_MV,D,20220126,000000,245.83,261.7,245.68,252.15,0,0
CRI_MV,D,20220127,000000,250.43,250.43,227.15,233.18,0,0
CRI_MV,D,20220128,000000,237.93,245.87,218.93,244.28,0,0
CRI_MV,D,20220131,000000,237.93,253.48,237.93,253,0,0
CRI_MV,D,20220201,000000,244.98,261.73,244.98,260.11,0,0
CRI_MV,D,20220202,000000,263.31,272.83,257.6,257.6,0,0
CRI_MV,D,20220203,000000,260.14,260.46,242.85,252.85,0,0
CRI_MV,D,20220204,000000,252.85,253.8,237.93,253.7,0,0
CRI_MV,D,20220207,000000,255.38,256.87,253.7,253.8,0,0
CRI_MV,D,20220208,000000,256.81,264.9,246.02,258.52,0,0
CRI_MV,D,20220209,000000,259.35,259.35,253.8,253.8,0,0
CRI_MV,D,20220210,000000,255.38,261.7,252.21,256.81,0,0
CRI_MV,D,20220211,000000,264.87,264.87,255.38,264.11,0,0
CRI_MV,D,20220214,000000,253.77,253.77,243.49,245.87,0,0
CRI_MV,D,20220215,000000,246.34,256.97,244.28,250.85,0,0
CRI_MV,D,20220216,000000,253.8,253.8,245.07,252.18,0,0
CRI_MV,D,20220217,000000,250.47,250.47,234.76,234.76,0,0
CRI_MV,D,20220218,000000,241.74,241.74,226.04,233.18,0,0
CRI_MV,D,20220221,000000,226.86,228.42,218.9,221.91,0,0
CRI_MV,D,20220222,000000,215.73,221.91,213.82,221.91,0,0
CRI_MV,D,20220223,000000,222.07,232.83,213.67,216.2,0,0
CRI_MV,D,20220224,000000,190.35,201.45,174.49,201.42,0,0
CRI_MV,D,20220225,000000,206.21,221.91,206.21,220.17,0,0
CRI_MV,D,20220228,000000,209.38,232.76,209.38,228.35,0,0
CRI_MV,D,20220301,000000,228.42,230,209.38,221.91,0,0
CRI_MV,D,20220302,000000,221.91,247.13,221.91,244.28,0,0
CRI_MV,D,20220303,000000,249.01,260.11,237.93,247.45,0,0
CRI_MV,D,20220304,000000,247.45,247.45,222.07,228.42,0,0
CRI_MV,D,20220307,000000,227.62,237.93,209.41,237.93,0,0
CRI_MV,D,20220308,000000,222.1,234.76,214.17,230,0,0
CRI_MV,D,20220309,000000,230,236.22,215.82,225.4,0,0
CRI_MV,D,20220310,000000,229.97,230,218.9,226.8,0,0
CRI_MV,D,20220311,000000,227.62,231.56,214.14,222.07,0,0
CRI_MV,D,20220314,000000,226.51,226.83,214.14,220.49,0,0
CRI_MV,D,20220315,000000,220.49,229.85,220.49,229.85,0,0
CRI_MV,D,20220316,000000,229.97,245.87,229.97,242.38,0,0
CRI_MV,D,20220317,000000,244.28,244.28,237.93,241.11,0,0
CRI_MV,D,20220318,000000,236.35,244.12,236.35,241.11,0,0
CRI_MV,D,20220321,000000,241.11,243.96,237.93,243.96,0,0
CRI_MV,D,20220322,000000,243.96,266.49,243.96,266.49,0,0
CRI_MV,D,20220323,000000,268.07,271.25,261.73,269.66,0,0
CRI_MV,D,20220324,000000,269.66,271.25,253.8,263.31,0,0
CRI_MV,D,20220325,000000,271.28,271.28,260.3,268.71,0,0
CRI_MV,D,20220328,000000,268.07,274.39,268.07,274.39,0,0
CRI_MV,D,20220329,000000,269.66,274.39,266.49,269.66,0,0
CRI_MV,D,20220330,000000,269.66,269.66,266.52,268.07,0,0
CRI_MV,D,20220331,000000,258.56,269.66,258.56,264.93,0,0
CRI_MV,D,20220401,000000,264.93,274.42,264.9,274.1,0,0
CRI_MV,D,20220404,000000,274.42,293.45,266.52,283.94,0,0
CRI_MV,D,20220405,000000,283.94,283.94,269.66,269.66,0,0
CRI_MV,D,20220406,000000,277.59,277.59,264.9,269.66,0,0
CRI_MV,D,20220407,000000,262.52,268.07,258.56,258.56,0,0
CRI_MV,D,20220408,000000,261.73,266.49,261.57,261.73,0,0
CRI_MV,D,20220411,000000,267.91,267.91,253.8,253.8,0,0
CRI_MV,D,20220412,000000,253.83,261.73,253.8,253.8,0,0
CRI_MV,D,20220413,000000,269.66,269.66,253.8,258.56,0,0
CRI_MV,D,20220414,000000,262.05,262.05,252.21,252.21,0,0
CRI_MV,D,20220419,000000,252.21,259.51,239.84,242.69,0,0
CRI_MV,D,20220420,000000,250.31,250.62,239.52,239.52,0,0
CRI_MV,D,20220421,000000,242.69,249.67,239.52,246.18,0,0
CRI_MV,D,20220422,000000,246.18,253.8,246.18,250.94,0,0
CRI_MV,D,20220425,000000,247.45,247.45,236.35,236.35,0,0
CRI_MV,D,20220426,000000,246.5,253.48,237.93,238.25,0,0
CRI_MV,D,20220427,000000,240.79,240.79,230,237.62,0,0
CRI_MV,D,20220428,000000,237.3,237.62,237.3,237.62,0,0
CRI_MV,D,20220429,000000,237.3,245.87,237.3,240.47,0,0
CRI_MV,D,20220502,000000,240.47,241.11,236.35,237.62,0,0
CRI_MV,D,20220504,000000,231.59,237.3,231.59,236.35,0,0
CRI_MV,D,20220505,000000,236.35,237.62,236.35,237.62,0,0
CRI_MV,D,20220506,000000,233.18,237.3,222.07,230,0,0
CRI_MV,D,20220509,000000,216.68,228.42,216.68,226.83,0,0
CRI_MV,D,20220510,000000,221.12,226.51,221.12,222.07,0,0
CRI_MV,D,20220511,000000,220.8,221.44,214.14,221.12,0,0
CRI_MV,D,20220512,000000,214.14,214.14,193.52,205.89,0,0
CRI_MV,D,20220513,000000,205.89,214.14,205.89,213.82,0,0
CRI_MV,D,20220516,000000,214.46,256.97,214.46,237.93,0,0
CRI_MV,D,20220517,000000,239.2,244.91,232.86,236.35,0,0
CRI_MV,D,20220518,000000,232.86,237.62,232.86,234.76,0,0
CRI_MV,D,20220519,000000,231.91,231.91,226.83,226.83,0,0
CRI_MV,D,20220520,000000,227.78,229.69,225.24,225.24,0,0
CRI_MV,D,20220523,000000,224.61,226.83,222.07,226.83,0,0
CRI_MV,D,20220524,000000,222.07,222.07,220.49,222.07,0,0
CRI_MV,D,20220525,000000,221.76,221.76,210.97,214.14,0,0
CRI_MV,D,20220526,000000,221.76,221.76,218.9,218.9,0,0
CRI_MV,D,20220527,000000,218.58,218.58,210.97,218.27,0,0
CRI_MV,D,20220530,000000,222.07,222.07,218.27,218.27,0,0
CRI_MV,D,20220531,000000,221.44,222.07,210.97,217.31,0,0
CRI_MV,D,20220601,000000,209.38,218.9,209.38,217.31,0,0
CRI_MV,D,20220602,000000,217.31,217.31,215.73,215.73,0,0
CRI_MV,D,20220603,000000,209.38,215.73,209.38,210.97,0,0
CRI_MV,D,20220606,000000,207.8,215.73,206.21,215.73,0,0
CRI_MV,D,20220607,000000,212.56,212.56,207.16,209.38,0,0
CRI_MV,D,20220608,000000,207.8,215.41,207.48,214.14,0,0
CRI_MV,D,20220609,000000,212.56,218.9,210.33,218.9,0,0
CRI_MV,D,20220610,000000,216.68,218.9,206.21,216.68,0,0
CRI_MV,D,20220613,000000,214.14,214.14,198.28,200.82,0,0
CRI_MV,D,20220614,000000,200.82,205.26,200.18,201.45,0,0
CRI_MV,D,20220615,000000,195.11,204.62,188.76,204.62,0,0
CRI_MV,D,20220617,000000,190.98,196.69,190.35,191.93,0,0
CRI_MV,D,20220620,000000,191.93,201.45,191.93,201.45,0,0
CRI_MV,D,20220621,000000,198.28,218.9,198.28,218.9,0,0
CRI_MV,D,20220622,000000,204.62,206.21,203.67,204.94,0,0
CRI_MV,D,20220623,000000,206.21,206.21,204.94,205.26,0,0
CRI_MV,D,20220624,000000,209.38,214.14,190.35,195.11,0,0
CRI_MV,D,20220627,000000,195.11,206.21,192.25,199.87,0,0
CRI_MV,D,20220628,000000,199.87,205.89,193.84,199.23,0,0
CRI_MV,D,20220629,000000,195.11,200.82,194.47,200.82,0,0
CRI_MV,D,20220630,000000,200.82,200.82,198.28,198.28,0,0
CRI_MV,D,20220701,000000,195.11,205.58,193.84,203.04,0,0
CRI_MV,D,20220704,000000,203.04,203.04,193.52,198.28,0,0
CRI_MV,D,20220705,000000,198.28,204.31,190.35,198.28,0,0
CRI_MV,D,20220706,000000,194.79,204.31,194.79,198.28,0,0
CRI_MV,D,20220707,000000,198.28,217.31,198.28,214.14,0,0
CRI_MV,D,20220708,000000,218.9,234.45,218.58,231.59,0,0
CRI_MV,D,20220711,000000,233.81,233.81,206.84,225.24,0,0
CRI_MV,D,20220712,000000,222.07,222.07,208.11,218.58,0,0
CRI_MV,D,20220713,000000,218.9,218.9,204.62,210.65,0,0
CRI_MV,D,20220714,000000,204.62,210.65,201.45,207.8,0,0
CRI_MV,D,20220715,000000,207.8,207.8,198.28,204.31,0,0
CRI_MV,D,20220718,000000,198.28,212.56,198.28,206.21,0,0
CRI_MV,D,20220719,000000,210.33,212.24,199.87,199.87,0,0
CRI_MV,D,20220720,000000,206.21,206.21,199.87,204.62,0,0
CRI_MV,D,20220721,000000,210.97,210.97,201.45,204.62,0,0
CRI_MV,D,20220722,000000,201.77,210.97,201.77,204.94,0,0
CRI_MV,D,20220725,000000,203.04,210.97,203.04,210.97,0,0
CRI_MV,D,20220726,000000,210.97,210.97,203.04,205.89,0,0
CRI_MV,D,20220727,000000,204.62,205.89,203.04,205.89,0,0
CRI_MV,D,20220728,000000,205.89,205.89,194.79,201.45,0,0
CRI_MV,D,20220729,000000,201.45,255.38,190.35,255.38,0,0
CRI_MV,D,20220801,000000,252.61,253.8,251.81,251.81,0,0
CRI_MV,D,20220802,000000,254.99,254.99,245.87,245.87,0,0
CRI_MV,D,20220803,000000,244.28,257.37,240.31,254.99,0,0
CRI_MV,D,20220804,000000,253.8,253.8,247.85,253.8,0,0
CRI_MV,D,20220805,000000,249.83,257.76,249.83,253.8,0,0
CRI_MV,D,20220808,000000,253.8,253.8,239.12,253,0,0
CRI_MV,D,20220809,000000,251.42,251.42,245.87,245.87,0,0
CRI_MV,D,20220810,000000,243.88,243.88,237.93,241.9,0,0
CRI_MV,D,20220811,000000,241.9,251.42,241.9,245.87,0,0
CRI_MV,D,20220812,000000,247.85,247.85,245.87,247.85,0,0
CRI_MV,D,20220816,000000,247.85,247.85,239.92,245.47,0,0
CRI_MV,D,20220817,000000,243.88,243.88,235.95,241.9,0,0
CRI_MV,D,20220818,000000,247.45,247.45,237.93,244.68,0,0
CRI_MV,D,20220819,000000,238.73,244.68,238.73,243.49,0,0
CRI_MV,D,20220822,000000,238.33,238.33,235.95,237.93,0,0
CRI_MV,D,20220823,000000,236.35,246.66,233.97,241.9,0,0
CRI_MV,D,20220824,000000,231.19,240.71,228.02,231.99,0,0
CRI_MV,D,20220825,000000,228.42,237.54,228.02,237.54,0,0
CRI_MV,D,20220826,000000,237.54,237.54,230.4,233.97,0,0
CRI_MV,D,20220829,000000,230.4,230.4,221.68,221.68,0,0
CRI_MV,D,20220830,000000,222.07,233.97,222.07,233.97,0,0
CRI_MV,D,20220831,000000,231.99,233.97,228.02,233.97,0,0
CRI_MV,D,20220901,000000,233.57,233.57,222.47,227.62,0,0
CRI_MV,D,20220902,000000,222.07,230.8,222.07,229.61,0,0
CRI_MV,D,20220905,000000,228.02,236.75,226.04,235.16,0,0
CRI_MV,D,20220906,000000,233.97,233.97,224.45,229.61,0,0
CRI_MV,D,20220907,000000,231.99,231.99,216.12,226.04,0,0
CRI_MV,D,20220908,000000,226.04,229.61,224.06,229.61,0,0
CRI_MV,D,20220909,000000,228.02,231.99,226.04,226.04,0,0
CRI_MV,D,20220912,000000,226.04,226.04,220.49,224.06,0,0
CRI_MV,D,20220913,000000,225.24,229.61,225.24,229.21,0,0
CRI_MV,D,20220914,000000,229.21,233.57,228.02,233.57,0,0
CRI_MV,D,20220915,000000,224.85,233.57,218.11,225.64,0,0
CRI_MV,D,20220916,000000,222.87,230,222.87,230,0,0
CRI_MV,D,20220919,000000,226.04,226.04,220.88,221.28,0,0
CRI_MV,D,20220920,000000,226.04,226.04,220.09,224.06,0,0
CRI_MV,D,20220921,000000,218.11,218.11,216.12,216.12,0,0
CRI_MV,D,20220922,000000,216.12,222.07,214.54,222.07,0,0
CRI_MV,D,20220923,000000,218.11,222.07,218.11,220.09,0,0
CRI_MV,D,20220926,000000,218.11,220.88,208.19,219.3,0,0
CRI_MV,D,20220927,000000,219.3,222.87,218.11,222.07,0,0
CRI_MV,D,20220928,000000,212.56,221.68,204.23,212.56,0,0
CRI_MV,D,20220929,000000,210.18,221.68,208.59,217.71,0,0
CRI_MV,D,20220930,000000,210.57,253.8,210.57,239.92,0,0
CRI_MV,D,20221003,000000,235.56,235.56,223.66,228.42,0,0
CRI_MV,D,20221004,000000,237.54,247.85,236.75,243.88,0,0
CRI_MV,D,20221005,000000,247.45,247.45,238.33,245.47,0,0
CRI_MV,D,20221006,000000,247.45,247.45,245.47,246.66,0,0
CRI_MV,D,20221007,000000,245.47,246.66,238.73,238.73,0,0
CRI_MV,D,20221010,000000,239.92,243.88,236.35,236.35,0,0
CRI_MV,D,20221011,000000,245.87,283.54,245.87,261.73,0,0
CRI_MV,D,20221012,000000,262.12,267.68,253.8,255.38,0,0
CRI_MV,D,20221013,000000,268.87,268.87,257.76,261.73,0,0
CRI_MV,D,20221014,000000,261.73,261.73,257.76,257.76,0,0
CRI_MV,D,20221017,000000,267.28,267.28,251.81,254.59,0,0
CRI_MV,D,20221018,000000,255.38,263.71,247.85,261.33,0,0
CRI_MV,D,20221019,000000,257.76,263.71,257.76,263.71,0,0
CRI_MV,D,20221020,000000,261.73,261.73,257.76,257.76,0,0
CRI_MV,D,20221021,000000,257.76,259.75,247.85,259.75,0,0
CRI_MV,D,20221024,000000,259.75,259.75,250.23,259.35,0,0
CRI_MV,D,20221025,000000,250.23,257.76,249.83,249.83,0,0
CRI_MV,D,20221026,000000,249.83,255.78,247.85,254.99,0,0
CRI_MV,D,20221027,000000,255.38,255.38,253.8,253.8,0,0
CRI_MV,D,20221028,000000,255.78,255.78,253.8,253.8,0,0
CRI_MV,D,20221031,000000,255.78,261.73,247.06,261.33,0,0
CRI_MV,D,20221102,000000,257.76,257.76,254.99,257.37,0,0
CRI_MV,D,20221103,000000,256.97,257.76,243.88,255.38,0,0
CRI_MV,D,20221104,000000,255.38,255.78,247.85,255.38,0,0
CRI_MV,D,20221107,000000,253.8,255.38,253.8,253.8,0,0
CRI_MV,D,20221108,000000,255.78,255.78,255.78,255.78,0,0
CRI_MV,D,20221109,000000,254.59,257.76,254.59,257.76,0,0
CRI_MV,D,20221110,000000,256.57,257.37,249.83,256.97,0,0
CRI_MV,D,20221114,000000,253.8,253.8,237.93,240.31,0,0
CRI_MV,D,20221115,000000,246.66,247.45,224.06,226.04,0,0
CRI_MV,D,20221116,000000,222.07,247.06,222.07,236.35,0,0
CRI_MV,D,20221117,000000,247.85,247.85,233.97,233.97,0,0
CRI_MV,D,20221118,000000,243.88,243.88,233.57,243.49,0,0
CRI_MV,D,20221121,000000,247.45,247.45,234.37,245.47,0,0
CRI_MV,D,20221122,000000,245.47,245.47,241.9,245.47,0,0
CRI_MV,D,20221123,000000,237.93,245.47,236.35,243.88,0,0
CRI_MV,D,20221124,000000,243.88,245.87,230,245.87,0,0
CRI_MV,D,20221125,000000,243.88,245.87,241.9,245.87,0,0
CRI_MV,D,20221128,000000,239.92,252.61,236.35,246.66,0,0
CRI_MV,D,20221129,000000,247.45,247.85,241.9,241.9,0,0
CRI_MV,D,20221130,000000,247.45,247.45,230.4,237.93,0,0
CRI_MV,D,20221201,000000,237.93,237.93,220.88,222.87,0,0
CRI_MV,D,20221202,000000,221.68,230,221.68,230,0,0
CRI_MV,D,20221205,000000,230,233.18,222.07,229.61,0,0
CRI_MV,D,20221206,000000,222.07,229.21,222.07,229.21,0,0
CRI_MV,D,20221207,000000,230,231.59,224.06,230,0,0
CRI_MV,D,20221208,000000,228.02,230,218.5,218.5,0,0
CRI_MV,D,20221209,000000,226.04,227.62,212.16,222.07,0,0
CRI_MV,D,20221212,000000,222.07,228.02,222.07,228.02,0,0
CRI_MV,D,20221213,000000,226.04,231.99,226.04,231.99,0,0
CRI_MV,D,20221214,000000,235.95,236.35,228.42,233.97,0,0
CRI_MV,D,20221215,000000,235.56,235.56,228.02,233.18,0,0
CRI_MV,D,20221216,000000,230,232.78,230,232.78,0,0
CRI_MV,D,20221219,000000,228.02,231.99,228.02,231.99,0,0
CRI_MV,D,20221220,000000,231.99,231.99,214.93,222.07,0,0
CRI_MV,D,20221221,000000,216.52,227.23,216.52,227.23,0,0
CRI_MV,D,20221222,000000,226.04,226.04,220.88,225.64,0,0
CRI_MV,D,20221223,000000,225.64,226.04,216.12,224.06,0,0
CRI_MV,D,20221227,000000,218.11,226.04,218.11,222.07,0,0
CRI_MV,D,20221228,000000,224.45,224.45,218.9,224.45,0,0
CRI_MV,D,20221229,000000,223.66,225.64,218.9,225.64,0,0
CRI_MV,D,20221230,000000,223.66,225.64,222.07,225.64,0,0
CRI_MV,D,20230102,000000,212.56,228.42,212.56,227.23,0,0
CRI_MV,D,20230103,000000,222.07,239.92,222.07,237.93,0,0
CRI_MV,D,20230104,000000,241.9,241.9,231.99,237.54,0,0
CRI_MV,D,20230105,000000,236.35,238.73,234.37,234.37,0,0
CRI_MV,D,20230109,000000,241.5,241.5,234.76,241.11,0,0
CRI_MV,D,20230110,000000,241.9,253.8,232.78,244.28,0,0
CRI_MV,D,20230111,000000,245.87,255.78,245.07,248.25,0,0
CRI_MV,D,20230112,000000,249.43,257.37,249.43,255.78,0,0
CRI_MV,D,20230113,000000,260.54,275.21,249.04,263.31,0,0
CRI_MV,D,20230116,000000,263.71,268.87,260.94,267.68,0,0
CRI_MV,D,20230117,000000,273.23,273.63,260.14,262.92,0,0
CRI_MV,D,20230118,000000,261.73,262.52,258.16,262.52,0,0
CRI_MV,D,20230119,000000,261.33,262.12,257.76,260.94,0,0
CRI_MV,D,20230120,000000,260.94,260.94,257.76,257.76,0,0
CRI_MV,D,20230123,000000,265.69,267.28,258.56,264.9,0,0
CRI_MV,D,20230124,000000,263.71,264.9,259.75,259.75,0,0
CRI_MV,D,20230125,000000,261.73,261.73,255.78,261.73,0,0
CRI_MV,D,20230126,000000,261.33,261.33,256.18,261.33,0,0
CRI_MV,D,20230127,000000,261.33,266.88,258.95,266.88,0,0
CRI_MV,D,20230130,000000,266.88,266.88,262.52,266.49,0,0
CRI_MV,D,20230131,000000,266.49,266.49,255.78,261.33,0,0
CRI_MV,D,20230201,000000,261.33,266.09,259.35,266.09,0,0
CRI_MV,D,20230202,000000,263.71,263.71,263.31,263.71,0,0
CRI_MV,D,20230203,000000,263.71,263.71,262.52,263.71,0,0
CRI_MV,D,20230206,000000,260.14,263.71,260.14,260.14,0,0
CRI_MV,D,20230207,000000,257.76,257.76,251.81,257.76,0,0
CRI_MV,D,20230208,000000,262.12,285.52,262.12,279.18,0,0
CRI_MV,D,20230209,000000,285.52,289.49,280.37,289.49,0,0
CRI_MV,D,20230210,000000,289.49,289.49,279.57,281.95,0,0
CRI_MV,D,20230213,000000,287.11,287.11,277.59,279.57,0,0
CRI_MV,D,20230214,000000,281.56,285.52,277.59,285.52,0,0
CRI_MV,D,20230215,000000,285.52,293.45,285.52,293.45,0,0
CRI_MV,D,20230216,000000,297.42,306.94,297.42,301.38,0,0
CRI_MV,D,20230217,000000,306.94,306.94,297.42,306.14,0,0
CRI_MV,D,20230220,000000,309.32,324.78,309.32,323.19,0,0
CRI_MV,D,20230221,000000,322.4,335.09,322.4,335.09,0,0
CRI_MV,D,20230222,000000,335.09,335.09,327.16,327.16,0,0
CRI_MV,D,20230223,000000,325.18,325.18,305.35,311.3,0,0
CRI_MV,D,20230224,000000,311.3,311.3,297.82,303.37,0,0
CRI_MV,D,20230227,000000,305.35,316.85,299.4,314.07,0,0
CRI_MV,D,20230228,000000,313.28,313.28,299.4,299.8,0,0
CRI_MV,D,20230301,000000,297.42,297.42,287.5,293.06,0,0
CRI_MV,D,20230302,000000,293.06,293.85,287.5,293.06,0,0
CRI_MV,D,20230303,000000,291.47,294.25,287.5,293.45,0,0
CRI_MV,D,20230306,000000,294.25,304.95,293.45,293.45,0,0
CRI_MV,D,20230307,000000,296.23,304.16,296.23,299.4,0,0
CRI_MV,D,20230308,000000,293.45,308.92,291.07,308.92,0,0
CRI_MV,D,20230309,000000,308.92,327.16,308.92,324.38,0,0
CRI_MV,D,20230310,000000,322.8,327.16,317.25,322.01,0,0
CRI_MV,D,20230313,000000,322.01,322.01,304.95,321.61,0,0
CRI_MV,D,20230314,000000,322.01,322.01,309.71,322.01,0,0
CRI_MV,D,20230315,000000,317.25,317.25,307.33,313.28,0,0
CRI_MV,D,20230316,000000,311.69,320.82,311.69,317.25,0,0
CRI_MV,D,20230317,000000,316.85,319.23,303.37,304.95,0,0
CRI_MV,D,20230320,000000,313.28,313.28,299.4,307.33,0,0
CRI_MV,D,20230321,000000,313.68,315.26,305.35,313.28,0,0
CRI_MV,D,20230322,000000,309.32,309.32,301.38,307.33,0,0
CRI_MV,D,20230323,000000,307.33,307.33,299.8,307.33,0,0
CRI_MV,D,20230324,000000,307.33,307.33,297.82,297.82,0,0
CRI_MV,D,20230327,000000,306.54,306.54,283.14,293.45,0,0
CRI_MV,D,20230328,000000,293.45,302.97,289.49,302.97,0,0
CRI_MV,D,20230329,000000,297.42,306.54,289.49,303.37,0,0
CRI_MV,D,20230330,000000,303.37,306.54,303.37,306.54,0,0
CRI_MV,D,20230331,000000,307.33,309.32,305.35,309.32,0,0
CRI_MV,D,20230403,000000,312.09,343.02,312.09,322.8,0,0
CRI_MV,D,20230404,000000,322.8,322.8,309.32,318.83,0,0
CRI_MV,D,20230405,000000,309.71,326.76,309.32,311.3,0,0
CRI_MV,D,20230406,000000,315.26,316.85,315.26,316.85,0,0
CRI_MV,D,20230411,000000,317.25,323.19,317.25,323.19,0,0
CRI_MV,D,20230412,000000,314.47,322.01,314.47,322.01,0,0
CRI_MV,D,20230413,000000,323.19,325.57,320.02,323.19,0,0
CRI_MV,D,20230414,000000,325.57,325.57,317.25,319.63,0,0
CRI_MV,D,20230417,000000,325.18,325.18,306.94,309.32,0,0
CRI_MV,D,20230418,000000,305.35,307.33,289.49,307.33,0,0
CRI_MV,D,20230419,000000,308.13,308.13,283.54,307.33,0,0
CRI_MV,D,20230420,000000,307.33,307.33,299.4,301.38,0,0
CRI_MV,D,20230421,000000,299.4,305.35,297.42,305.35,0,0
CRI_MV,D,20230424,000000,305.35,305.35,305.35,305.35,0,0
CRI_MV,D,20230425,000000,304.36,305.35,294.44,301.38,0,0
CRI_MV,D,20230426,000000,303.37,303.37,293.45,303.37,0,0
CRI_MV,D,20230427,000000,293.45,319.23,293.45,305.35,0,0
CRI_MV,D,20230428,000000,305.35,305.35,298.41,298.41,0,0
CRI_MV,D,20230502,000000,299.4,315.26,299.4,315.26,0,0
CRI_MV,D,20230504,000000,303.37,315.26,303.37,309.32,0,0
CRI_MV,D,20230505,000000,301.38,329.14,297.42,324.19,0,0
CRI_MV,D,20230508,000000,317.25,325.18,317.25,325.18,0,0
CRI_MV,D,20230509,000000,325.18,331.13,325.18,331.13,0,0
CRI_MV,D,20230510,000000,327.16,331.13,313.28,319.23,0,0
CRI_MV,D,20230511,000000,319.23,343.02,319.23,337.07,0,0
CRI_MV,D,20230512,000000,337.07,354.92,335.09,351.95,0,0
CRI_MV,D,20230515,000000,352.94,357.89,350.95,357.89,0,0
CRI_MV,D,20230516,000000,356.9,365.82,356.9,360.87,0,0
CRI_MV,D,20230517,000000,360.87,360.87,330.13,335.09,0,0
CRI_MV,D,20230518,000000,345.01,348.97,335.09,335.09,0,0
CRI_MV,D,20230519,000000,348.97,348.97,346.99,348.97,0,0
CRI_MV,D,20230522,000000,346.99,360.87,346.99,360.87,0,0
CRI_MV,D,20230523,000000,360.87,360.87,346.99,354.92,0,0
CRI_MV,D,20230524,000000,348.97,398.54,346.99,386.64,0,0
CRI_MV,D,20230525,000000,392.59,392.59,368.8,388.63,0,0
CRI_MV,D,20230526,000000,382.68,385.65,362.85,381.69,0,0
CRI_MV,D,20230529,000000,379.7,382.68,367.81,372.76,0,0
CRI_MV,D,20230530,000000,370.78,389.62,370.78,380.7,0,0
CRI_MV,D,20230531,000000,385.65,385.65,362.85,370.78,0,0
CRI_MV,D,20230601,000000,374.75,376.73,372.76,375.74,0,0
CRI_MV,D,20230602,000000,373.76,376.73,368.8,374.75,0,0
CRI_MV,D,20230605,000000,375.74,394.58,374.75,393.58,0,0
CRI_MV,D,20230606,000000,392.59,393.58,389.62,392.59,0,0
CRI_MV,D,20230607,000000,388.63,420.35,386.64,412.42,0,0
CRI_MV,D,20230609,000000,416.39,418.37,386.64,386.64,0,0
CRI_MV,D,20230612,000000,386.64,400.52,386.64,398.54,0,0
CRI_MV,D,20230613,000000,398.54,400.52,393.58,398.54,0,0
CRI_MV,D,20230614,000000,402.51,402.51,393.58,402.51,0,0
CRI_MV,D,20230615,000000,402.51,404.49,394.58,404.49,0,0
CRI_MV,D,20230616,000000,404.49,404.49,394.58,402.51,0,0
CRI_MV,D,20230619,000000,402.51,402.51,386.64,386.64,0,0
CRI_MV,D,20230620,000000,385.65,389.62,364.83,364.83,0,0
CRI_MV,D,20230621,000000,368.8,386.64,364.83,386.64,0,0
CRI_MV,D,20230622,000000,377.72,396.56,377.72,396.56,0,0
CRI_MV,D,20230623,000000,390.61,396.56,390.61,396.56,0,0
CRI_MV,D,20230626,000000,395.57,395.57,377.72,380.7,0,0
CRI_MV,D,20230627,000000,389.62,393.58,377.72,392.59,0,0
CRI_MV,D,20230628,000000,392.59,392.59,384.66,391.6,0,0
CRI_MV,D,20230629,000000,389.62,389.62,383.67,386.64,0,0
CRI_MV,D,20230630,000000,386.64,392.59,383.67,392.59,0,0
CRI_MV,D,20230703,000000,388.63,394.58,388.63,392.59,0,0
CRI_MV,D,20230704,000000,386.64,392.59,385.65,391.6,0,0
CRI_MV,D,20230705,000000,391.6,393.58,386.64,392.59,0,0
CRI_MV,D,20230706,000000,390.61,393.58,388.63,392.59,0,0
CRI_MV,D,20230707,000000,386.64,391.6,384.66,391.6,0,0
CRI_MV,D,20230710,000000,396.56,398.54,386.64,396.56,0,0
CRI_MV,D,20230711,000000,398.54,426.3,386.64,414.4,0,0
CRI_MV,D,20230712,000000,422.33,426.3,416.39,424.32,0,0
CRI_MV,D,20230713,000000,426.3,434.23,420.35,434.23,0,0
CRI_MV,D,20230714,000000,434.23,452.08,430.27,452.08,0,0
CRI_MV,D,20230717,000000,454.06,456.04,448.11,456.04,0,0
CRI_MV,D,20230718,000000,456.04,465.96,450.09,456.04,0,0
CRI_MV,D,20230719,000000,463.97,465.96,452.08,465.96,0,0
CRI_MV,D,20230720,000000,465.96,465.96,450.09,456.04,0,0
CRI_MV,D,20230721,000000,456.04,465.96,414.4,436.21,0,0
CRI_MV,D,20230724,000000,456.04,456.04,426.3,436.21,0,0
CRI_MV,D,20230725,000000,426.3,436.21,424.32,432.25,0,0
CRI_MV,D,20230726,000000,426.3,432.25,424.32,432.25,0,0
CRI_MV,D,20230727,000000,426.3,430.27,418.37,424.32,0,0
CRI_MV,D,20230728,000000,426.3,428.28,418.37,422.33,0,0
CRI_MV,D,20230731,000000,418.37,418.37,396.56,406.47,0,0
CRI_MV,D,20230801,000000,406.47,410.44,396.56,404.49,0,0
CRI_MV,D,20230802,000000,400.52,414.4,400.52,410.44,0,0
CRI_MV,D,20230803,000000,404.49,422.33,402.51,418.37,0,0
CRI_MV,D,20230804,000000,418.37,452.08,418.37,452.08,0,0
CRI_MV,D,20230807,000000,452.08,452.08,430.27,444.14,0,0
CRI_MV,D,20230808,000000,444.14,454.06,434.23,434.23,0,0
CRI_MV,D,20230809,000000,434.23,475.87,434.23,465.96,0,0
CRI_MV,D,20230810,000000,469.92,469.92,454.06,463.97,0,0
CRI_MV,D,20230811,000000,456.04,473.89,446.13,473.89,0,0
CRI_MV,D,20230814,000000,473.89,473.89,452.08,461.99,0,0
CRI_MV,D,20230816,000000,460.01,461.99,446.13,461.99,0,0
CRI_MV,D,20230817,000000,452.08,452.08,426.3,450.09,0,0
CRI_MV,D,20230818,000000,450.09,450.09,430.27,444.14,0,0
CRI_MV,D,20230821,000000,434.23,444.14,430.27,436.21,0,0
CRI_MV,D,20230822,000000,444.14,446.13,436.21,436.21,0,0
CRI_MV,D,20230823,000000,434.23,446.13,432.25,440.18,0,0
CRI_MV,D,20230824,000000,440.18,460.01,440.18,446.13,0,0
CRI_MV,D,20230825,000000,454.06,473.89,444.14,473.89,0,0
CRI_MV,D,20230828,000000,475.87,483.8,460.01,467.94,0,0
CRI_MV,D,20230829,000000,467.94,475.87,454.06,475.87,0,0
CRI_MV,D,20230830,000000,471.9,477.85,463.97,463.97,0,0
CRI_MV,D,20230831,000000,463.97,473.89,458.02,465.96,0,0
CRI_MV,D,20230901,000000,465.96,465.96,460.01,465.96,0,0
CRI_MV,D,20230904,000000,467.94,473.89,460.01,469.92,0,0
CRI_MV,D,20230905,000000,467.94,469.92,446.13,469.92,0,0
CRI_MV,D,20230906,000000,463.97,465.96,440.18,440.18,0,0
CRI_MV,D,20230907,000000,458.02,463.97,442.16,456.04,0,0
CRI_MV,D,20230908,000000,460.01,460.01,460.01,460.01,0,0
CRI_MV,D,20230911,000000,460.01,463.97,452.08,463.97,0,0
CRI_MV,D,20230912,000000,458.02,463.97,448.11,463.97,0,0
CRI_MV,D,20230913,000000,463.97,463.97,456.04,463.97,0,0
CRI_MV,D,20230914,000000,463.97,463.97,446.13,463.97,0,0
CRI_MV,D,20230915,000000,461.99,461.99,438.2,456.04,0,0
CRI_MV,D,20230918,000000,454.06,461.99,450.09,461.99,0,0
CRI_MV,D,20230919,000000,461.99,461.99,450.09,460.01,0,0
CRI_MV,D,20230920,000000,448.11,452.08,444.14,450.09,0,0
CRI_MV,D,20230921,000000,446.13,446.13,428.28,438.2,0,0
CRI_MV,D,20230922,000000,436.21,440.18,426.3,440.18,0,0
CRI_MV,D,20230925,000000,440.18,446.13,436.21,436.21,0,0
CRI_MV,D,20230926,000000,430.27,436.21,416.39,426.3,0,0
CRI_MV,D,20230927,000000,426.3,426.3,414.4,416.39,0,0
CRI_MV,D,20230928,000000,412.42,420.35,406.47,416.39,0,0
CRI_MV,D,20230929,000000,416.39,416.39,414.4,416.39,0,0
CRI_MV,D,20231002,000000,414.4,416.39,414.4,416.39,0,0
CRI_MV,D,20231003,000000,416.39,416.39,406.47,412.42,0,0
CRI_MV,D,20231004,000000,408.45,408.45,393.58,394.58,0,0
CRI_MV,D,20231005,000000,390.61,394.58,374.75,377.72,0,0
CRI_MV,D,20231006,000000,346.99,381.69,346.99,370.78,0,0
CRI_MV,D,20231009,000000,356.9,394.58,356.9,394.58,0,0
CRI_MV,D,20231010,000000,380.7,410.44,380.7,410.44,0,0
CRI_MV,D,20231011,000000,410.44,412.42,392.59,404.49,0,0
CRI_MV,D,20231012,000000,404.49,408.45,392.59,404.49,0,0
CRI_MV,D,20231013,000000,394.58,420.35,394.58,418.37,0,0
CRI_MV,D,20231016,000000,420.35,420.35,400.52,404.49,0,0
CRI_MV,D,20231017,000000,414.4,438.2,414.4,438.2,0,0
CRI_MV,D,20231018,000000,436.21,436.21,430.27,436.21,0,0
CRI_MV,D,20231019,000000,436.21,438.2,432.25,436.21,0,0
CRI_MV,D,20231020,000000,438.2,469.92,426.3,450.09,0,0
CRI_MV,D,20231023,000000,461.99,463.97,450.09,460.01,0,0
CRI_MV,D,20231024,000000,458.02,460.01,444.14,454.06,0,0
CRI_MV,D,20231025,000000,458.02,458.02,412.42,412.42,0,0
CRI_MV,D,20231026,000000,412.42,420.35,381.69,395.57,0,0
CRI_MV,D,20231027,000000,396.56,406.47,392.59,392.59,0,0
CRI_MV,D,20231030,000000,394.58,410.44,394.58,404.49,0,0
CRI_MV,D,20231031,000000,408.45,410.44,373.76,373.76,0,0
CRI_MV,D,20231102,000000,380.7,410.44,373.76,396.56,0,0
CRI_MV,D,20231103,000000,406.47,410.44,396.56,408.45,0,0
CRI_MV,D,20231106,000000,412.42,414.4,404.49,406.47,0,0
CRI_MV,D,20231107,000000,408.45,416.39,402.51,402.51,0,0
CRI_MV,D,20231108,000000,400.52,410.44,394.58,394.58,0,0
CRI_MV,D,20231109,000000,402.51,410.44,394.58,398.54,0,0
CRI_MV,D,20231110,000000,404.49,404.49,394.58,400.52,0,0
CRI_MV,D,20231113,000000,394.58,400.52,388.63,396.56,0,0
CRI_MV,D,20231114,000000,402.51,404.49,390.61,404.49,0,0
CRI_MV,D,20231115,000000,398.54,404.49,392.59,398.54,0,0
CRI_MV,D,20231116,000000,400.52,400.52,395.57,396.56,0,0
CRI_MV,D,20231117,000000,398.54,404.49,394.58,404.49,0,0
CRI_MV,D,20231120,000000,404.49,406.47,395.57,406.47,0,0
CRI_MV,D,20231121,000000,396.56,406.47,394.58,404.49,0,0
CRI_MV,D,20231122,000000,398.54,404.49,398.54,400.52,0,0
CRI_MV,D,20231123,000000,400.52,412.42,400.52,410.44,0,0
CRI_MV,D,20231124,000000,416.39,438.2,410.44,438.2,0,0
CRI_MV,D,20231127,000000,452.08,454.06,420.35,446.13,0,0
CRI_MV,D,20231128,000000,450.09,452.08,444.14,444.14,0,0
CRI_MV,D,20231129,000000,452.08,460.01,432.25,460.01,0,0
CRI_MV,D,20231130,000000,465.96,465.96,442.16,465.96,0,0
CRI_MV,D,20231201,000000,456.04,465.96,436.21,436.21,0,0
CRI_MV,D,20231204,000000,452.08,452.08,436.21,436.21,0,0
CRI_MV,D,20231205,000000,436.21,485.39,394.58,485.39,0,0
CRI_MV,D,20231206,000000,487.77,494.9,474.68,478.25,0,0
CRI_MV,D,20231207,000000,474.68,490.15,471.11,473.49,0,0
CRI_MV,D,20231208,000000,483.01,483.01,456.83,469.92,0,0
CRI_MV,D,20231211,000000,485.39,485.39,440.18,452.08,0,0
CRI_MV,D,20231212,000000,452.08,455.64,438.99,452.08,0,0
CRI_MV,D,20231213,000000,450.89,456.83,442.56,447.32,0,0
CRI_MV,D,20231214,000000,444.94,459.21,437.8,438.99,0,0
CRI_MV,D,20231215,000000,436.61,459.21,435.42,447.32,0,0
CRI_MV,D,20231218,000000,446.13,446.13,425.9,429.47,0,0
CRI_MV,D,20231219,000000,428.28,433.04,411.63,411.63,0,0
CRI_MV,D,20231220,000000,416.39,416.39,394.97,404.49,0,0
CRI_MV,D,20231221,000000,405.68,408.06,392.59,402.11,0,0
CRI_MV,D,20231222,000000,394.97,412.82,394.97,411.63,0,0
CRI_MV,D,20231227,000000,416.39,433.04,416.39,428.28,0,0
CRI_MV,D,20231228,000000,425.9,453.27,425.9,449.7,0,0
CRI_MV,D,20231229,000000,452.08,471.11,452.08,452.08,0,0
CRI_MV,D,20240102,000000,466.35,466.35,455.64,458.02,0,0
CRI_MV,D,20240103,000000,461.59,463.97,437.8,458.02,0,0
CRI_MV,D,20240104,000000,458.02,468.73,456.83,463.97,0,0
CRI_MV,D,20240105,000000,461.59,461.59,454.46,460.4,0,0
CRI_MV,D,20240108,000000,460.4,461.59,441.37,461.59,0,0
CRI_MV,D,20240109,000000,460.4,465.16,458.02,461.59,0,0
CRI_MV,D,20240110,000000,463.97,466.35,462.78,463.97,0,0
CRI_MV,D,20240111,000000,463.97,463.97,452.08,460.4,0,0
CRI_MV,D,20240112,000000,462.78,462.78,452.08,461.59,0,0
CRI_MV,D,20240115,000000,461.59,463.97,452.08,456.83,0,0
CRI_MV,D,20240116,000000,456.83,465.16,456.83,459.21,0,0
CRI_MV,D,20240117,000000,459.21,459.21,452.08,456.83,0,0
CRI_MV,D,20240118,000000,456.83,465.16,452.08,452.08,0,0
CRI_MV,D,20240119,000000,452.08,452.08,447.32,447.32,0,0
CRI_MV,D,20240122,000000,442.56,452.08,435.42,447.32,0,0
CRI_MV,D,20240123,000000,447.32,452.08,442.56,452.08,0,0
CRI_MV,D,20240124,000000,452.08,461.59,449.7,461.59,0,0
CRI_MV,D,20240125,000000,461.59,461.59,455.64,455.64,0,0
CRI_MV,D,20240126,000000,455.64,459.21,455.64,459.21,0,0
CRI_MV,D,20240129,000000,459.21,461.59,447.32,461.59,0,0
CRI_MV,D,20240130,000000,460.4,460.4,448.51,459.21,0,0
CRI_MV,D,20240131,000000,459.21,461.59,449.7,461.59,0,0
CRI_MV,D,20240201,000000,459.21,461.59,452.08,455.64,0,0
CRI_MV,D,20240202,000000,460.4,461.59,455.64,461.59,0,0
CRI_MV,D,20240205,000000,463.97,467.54,459.21,463.97,0,0
CRI_MV,D,20240206,000000,463.97,471.11,453.27,471.11,0,0
CRI_MV,D,20240207,000000,472.3,472.3,456.83,456.83,0,0
CRI_MV,D,20240208,000000,460.4,466.35,456.83,461.59,0,0
CRI_MV,D,20240209,000000,460.4,460.4,455.64,456.83,0,0
CRI_MV,D,20240212,000000,455.64,456.83,452.08,453.27,0,0
CRI_MV,D,20240213,000000,460.4,460.4,442.56,455.64,0,0
CRI_MV,D,20240214,000000,455.64,456.83,441.37,441.37,0,0
CRI_MV,D,20240215,000000,452.08,452.08,423.52,423.52,0,0
CRI_MV,D,20240216,000000,428.28,434.23,422.33,434.23,0,0
CRI_MV,D,20240219,000000,437.8,444.94,428.28,436.61,0,0
CRI_MV,D,20240220,000000,436.61,437.8,428.28,433.04,0,0
CRI_MV,D,20240221,000000,435.42,453.27,431.85,453.27,0,0
CRI_MV,D,20240222,000000,453.27,455.64,444.94,449.7,0,0
CRI_MV,D,20240223,000000,449.7,452.08,443.75,449.7,0,0
CRI_MV,D,20240226,000000,447.32,453.27,440.18,442.56,0,0
CRI_MV,D,20240227,000000,442.56,442.56,428.28,428.28,0,0
CRI_MV,D,20240228,000000,429.47,440.18,428.28,428.28,0,0
CRI_MV,D,20240229,000000,428.28,440.18,428.28,428.28,0,0
CRI_MV,D,20240301,000000,433.04,433.04,428.28,433.04,0,0
CRI_MV,D,20240304,000000,433.04,437.8,428.28,435.42,0,0
CRI_MV,D,20240305,000000,428.28,433.04,427.09,428.28,0,0
CRI_MV,D,20240306,000000,428.28,433.04,425.9,428.28,0,0
CRI_MV,D,20240307,000000,429.47,433.04,424.71,431.85,0,0
CRI_MV,D,20240308,000000,433.04,435.42,428.28,433.04,0,0
CRI_MV,D,20240311,000000,430.66,437.8,428.28,431.85,0,0
CRI_MV,D,20240312,000000,431.85,437.8,427.09,435.42,0,0
CRI_MV,D,20240313,000000,437.8,442.56,428.28,440.18,0,0
CRI_MV,D,20240314,000000,435.42,443.75,431.85,442.56,0,0
CRI_MV,D,20240315,000000,437.8,444.94,425.9,444.94,0,0
CRI_MV,D,20240318,000000,444.94,444.94,428.28,440.18,0,0
CRI_MV,D,20240319,000000,440.18,442.56,428.28,440.18,0,0
CRI_MV,D,20240320,000000,431.85,441.37,428.28,433.04,0,0
CRI_MV,D,20240321,000000,431.85,461.59,429.47,461.59,0,0
CRI_MV,D,20240322,000000,452.08,467.54,444.94,449.7,0,0
CRI_MV,D,20240325,000000,459.21,459.21,446.13,455.64,0,0
CRI_MV,D,20240326,000000,455.64,455.64,443.75,447.32,0,0
CRI_MV,D,20240327,000000,443.75,459.21,443.75,456.83,0,0
CRI_MV,D,20240328,000000,440.18,458.02,440.18,456.83,0,0
CRI_MV,D,20240402,000000,458.02,459.21,449.7,459.21,0,0
CRI_MV,D,20240403,000000,459.21,459.21,452.08,454.46,0,0
CRI_MV,D,20240404,000000,456.83,463.97,453.27,461.59,0,0
CRI_MV,D,20240405,000000,462.78,462.78,449.7,454.46,0,0
CRI_MV,D,20240408,000000,452.08,452.08,447.32,449.7,0,0
CRI_MV,D,20240409,000000,450.89,450.89,442.56,444.94,0,0
CRI_MV,D,20240410,000000,443.75,447.32,440.18,442.56,0,0
CRI_MV,D,20240411,000000,442.56,442.56,423.52,423.52,0,0
CRI_MV,D,20240412,000000,425.9,430.66,416.39,428.28,0,0
CRI_MV,D,20240415,000000,428.28,428.28,418.77,428.28,0,0
CRI_MV,D,20240416,000000,428.28,430.66,425.9,430.66,0,0
CRI_MV,D,20240417,000000,428.28,443.75,425.9,443.75,0,0
CRI_MV,D,20240418,000000,440.18,449.7,436.61,444.94,0,0
CRI_MV,D,20240419,000000,444.94,460.4,443.75,449.7,0,0
CRI_MV,D,20240422,000000,449.7,449.7,433.04,442.56,0,0
CRI_MV,D,20240423,000000,436.61,440.18,433.04,434.23,0,0
CRI_MV,D,20240424,000000,438.99,443.75,437.8,441.37,0,0
CRI_MV,D,20240425,000000,437.8,441.37,425.9,430.66,0,0
CRI_MV,D,20240426,000000,430.66,438.99,427.09,428.28,0,0
CRI_MV,D,20240429,000000,437.8,444.94,421.14,435.42,0,0
CRI_MV,D,20240430,000000,440.18,440.18,425.9,436.61,0,0
CRI_MV,D,20240502,000000,428.28,436.61,414.01,418.77,0,0
CRI_MV,D,20240506,000000,416.39,427.09,416.39,427.09,0,0
CRI_MV,D,20240507,000000,425.9,428.28,425.9,428.28,0,0
CRI_MV,D,20240508,000000,428.28,438.99,422.33,430.66,0,0
CRI_MV,D,20240509,000000,428.28,440.18,428.28,440.18,0,0
CRI_MV,D,20240510,000000,437.8,441.37,433.04,441.37,0,0
CRI_MV,D,20240513,000000,436.61,456.83,436.61,456.83,0,0
CRI_MV,D,20240514,000000,456.83,502.04,456.83,494.9,0,0
CRI_MV,D,20240515,000000,487.77,521.08,480.63,494.9,0,0
CRI_MV,D,20240516,000000,494.9,509.18,487.77,497.28,0,0
CRI_MV,D,20240517,000000,494.9,499.66,467.54,497.28,0,0
CRI_MV,D,20240520,000000,502.04,511.56,478.25,483.01,0,0
CRI_MV,D,20240521,000000,483.01,499.66,469.92,473.49,0,0
CRI_MV,D,20240522,000000,471.11,492.52,467.54,485.39,0,0
CRI_MV,D,20240523,000000,485.39,494.9,469.92,480.63,0,0
CRI_MV,D,20240524,000000,475.87,475.87,443.75,463.97,0,0
CRI_MV,D,20240527,000000,468.73,471.11,452.08,467.54,0,0
CRI_MV,D,20240528,000000,468.73,468.73,443.75,449.7,0,0
CRI_MV,D,20240529,000000,448.51,448.51,437.8,444.94,0,0
CRI_MV,D,20240531,000000,441.37,442.56,430.66,440.18,0,0
CRI_MV,D,20240603,000000,440.18,440.18,425.9,435.42,0,0
CRI_MV,D,20240604,000000,433.04,437.8,421.14,428.28,0,0
CRI_MV,D,20240605,000000,428.28,431.85,406.87,431.85,0,0
CRI_MV,D,20240606,000000,433.04,433.04,414.01,415.2,0,0
CRI_MV,D,20240607,000000,421.14,421.14,406.87,406.87,0,0
CRI_MV,D,20240610,000000,415.2,425.9,406.87,408.06,0,0
CRI_MV,D,20240611,000000,412.82,416.39,406.87,412.82,0,0
CRI_MV,D,20240612,000000,414.01,424.71,408.06,416.39,0,0
CRI_MV,D,20240613,000000,418.77,423.52,411.63,414.01,0,0
CRI_MV,D,20240614,000000,416.39,424.71,416.39,424.71,0,0
CRI_MV,D,20240617,000000,424.71,454.46,424.71,449.7,0,0
CRI_MV,D,20240618,000000,454.46,463.97,438.99,447.32,0,0
CRI_MV,D,20240619,000000,456.83,463.97,454.46,463.97,0,0
CRI_MV,D,20240620,000000,463.97,467.54,455.64,463.97,0,0
CRI_MV,D,20240621,000000,463.97,463.97,452.08,463.97,0,0
CRI_MV,D,20240624,000000,463.97,473.49,447.32,447.32,0,0
CRI_MV,D,20240625,000000,456.83,460.4,442.56,460.4,0,0
CRI_MV,D,20240626,000000,461.59,466.35,456.83,466.35,0,0
CRI_MV,D,20240627,000000,466.35,469.92,456.83,469.92,0,0
CRI_MV,D,20240628,000000,471.11,485.39,471.11,480.63,0,0
CRI_MV,D,20240701,000000,474.68,485.39,473.49,478.25,0,0
CRI_MV,D,20240702,000000,475.87,475.87,459.21,474.68,0,0
CRI_MV,D,20240703,000000,475.87,478.25,463.97,473.49,0,0
CRI_MV,D,20240704,000000,475.87,478.25,469.92,475.87,0,0
CRI_MV,D,20240705,000000,475.87,504.42,475.87,499.66,0,0
CRI_MV,D,20240708,000000,502.04,504.42,492.52,499.66,0,0
CRI_MV,D,20240709,000000,502.04,509.18,490.15,509.18,0,0
CRI_MV,D,20240710,000000,509.18,511.56,497.28,506.8,0,0
CRI_MV,D,20240711,000000,504.42,504.42,494.9,494.9,0,0
CRI_MV,D,20240712,000000,497.28,511.56,485.39,494.9,0,0
CRI_MV,D,20240715,000000,487.77,487.77,465.16,475.87,0,0
CRI_MV,D,20240716,000000,473.49,475.87,458.02,461.59,0,0
CRI_MV,D,20240717,000000,463.97,465.16,441.37,447.32,0,0
CRI_MV,D,20240718,000000,444.94,459.21,440.18,458.02,0,0
CRI_MV,D,20240719,000000,462.78,485.39,450.89,485.39,0,0
CRI_MV,D,20240722,000000,485.39,487.77,473.49,483.01,0,0
CRI_MV,D,20240723,000000,485.39,485.39,468.73,475.87,0,0
CRI_MV,D,20240724,000000,478.25,478.25,454.46,473.49,0,0
CRI_MV,D,20240725,000000,471.11,480.63,461.59,469.92,0,0
CRI_MV,D,20240726,000000,469.92,469.92,453.27,456.83,0,0
CRI_MV,D,20240729,000000,456.83,467.54,444.94,454.46,0,0
CRI_MV,D,20240730,000000,454.46,473.49,452.08,454.46,0,0
CRI_MV,D,20240731,000000,466.35,475.87,462.78,475.87,0,0
CRI_MV,D,20240801,000000,473.49,485.39,471.11,485.39,0,0
CRI_MV,D,20240802,000000,478.25,492.52,473.49,475.87,0,0
CRI_MV,D,20240805,000000,468.73,468.73,435.42,452.08,0,0
CRI_MV,D,20240806,000000,455.64,466.35,454.46,461.59,0,0
CRI_MV,D,20240807,000000,463.97,471.11,462.78,471.11,0,0
CRI_MV,D,20240808,000000,471.11,472.3,461.59,472.3,0,0
CRI_MV,D,20240809,000000,474.68,478.25,472.3,478.25,0,0
CRI_MV,D,20240812,000000,478.25,478.25,471.11,475.87,0,0
CRI_MV,D,20240813,000000,463.97,475.87,463.97,475.87,0,0
CRI_MV,D,20240814,000000,475.87,478.25,473.49,474.68,0,0
CRI_MV,D,20240816,000000,478.25,494.9,475.87,492.52,0,0
CRI_MV,D,20240819,000000,540.11,585.32,540.11,559.15,0,0
CRI_MV,D,20240820,000000,563.91,563.91,549.63,556.77,0,0
CRI_MV,D,20240821,000000,554.39,556.77,547.25,554.39,0,0
CRI_MV,D,20240822,000000,547.25,563.91,547.25,554.39,0,0
CRI_MV,D,20240823,000000,556.77,559.15,547.25,552.01,0,0
CRI_MV,D,20240826,000000,398.54,452.08,398.54,421.14,0,0
CRI_MV,D,20240827,000000,425.9,437.8,423.52,428.28,0,0
CRI_MV,D,20240828,000000,428.28,428.28,409.25,416.39,0,0
CRI_MV,D,20240829,000000,416.39,416.39,406.87,412.82,0,0
CRI_MV,D,20240830,000000,412.82,414.01,399.73,404.49,0,0
CRI_MV,D,20240902,000000,404.49,411.63,402.11,404.49,0,0
CRI_MV,D,20240903,000000,406.87,466.35,404.49,427.09,0,0
CRI_MV,D,20240904,000000,425.9,458.02,416.39,446.13,0,0
CRI_MV,D,20240905,000000,447.32,447.32,437.8,446.13,0,0
CRI_MV,D,20240906,000000,446.13,449.7,437.8,449.7,0,0
CRI_MV,D,20240909,000000,455.64,455.64,434.23,452.08,0,0
CRI_MV,D,20240910,000000,454.46,458.02,444.94,458.02,0,0
CRI_MV,D,20240911,000000,459.21,459.21,449.7,452.08,0,0
CRI_MV,D,20240912,000000,452.08,454.46,447.32,452.08,0,0
CRI_MV,D,20240913,000000,453.27,453.27,438.99,440.18,0,0
CRI_MV,D,20240916,000000,441.37,452.08,441.37,446.13,0,0
CRI_MV,D,20240917,000000,446.13,450.89,438.99,444.94,0,0
CRI_MV,D,20240918,000000,444.94,444.94,435.42,435.42,0,0
CRI_MV,D,20240919,000000,435.42,446.13,416.39,437.8,0,0
CRI_MV,D,20240920,000000,436.61,436.61,416.39,416.39,0,0
CRI_MV,D,20240923,000000,433.04,433.04,393.78,404.49,0,0
CRI_MV,D,20240924,000000,404.49,425.9,404.49,412.82,0,0
CRI_MV,D,20240925,000000,408.06,411.63,400.92,404.49,0,0
CRI_MV,D,20240926,000000,404.49,411.63,397.35,405.68,0,0
CRI_MV,D,20240927,000000,412.82,412.82,396.16,404.49,0,0
CRI_MV,D,20240930,000000,393.78,403.3,375.94,381.89,0,0
CRI_MV,D,20241001,000000,371.18,371.18,340.25,340.25,0,0
CRI_MV,D,20241002,000000,340.25,353.33,333.11,349.76,0,0
CRI_MV,D,20241003,000000,349.76,350.95,311.69,334.3,0,0
CRI_MV,D,20241004,000000,334.3,337.87,316.45,337.87,0,0
CRI_MV,D,20241007,000000,337.87,343.82,317.64,335.49,0,0
CRI_MV,D,20241008,000000,335.49,336.68,323.59,336.68,0,0
CRI_MV,D,20241009,000000,339.06,339.06,323.59,333.11,0,0
CRI_MV,D,20241010,000000,333.11,333.11,318.83,321.21,0,0
CRI_MV,D,20241011,000000,318.83,318.83,298.61,305.75,0,0
CRI_MV,D,20241014,000000,315.26,316.45,299.8,300.99,0,0
CRI_MV,D,20241015,000000,304.56,311.69,274.81,310.5,0,0
CRI_MV,D,20241016,000000,311.69,321.21,304.56,312.88,0,0
CRI_MV,D,20241017,000000,310.5,310.5,292.66,298.61,0,0
CRI_MV,D,20241018,000000,305.75,312.88,293.85,306.94,0,0
CRI_MV,D,20241021,000000,310.5,310.5,290.28,297.42,0,0
CRI_MV,D,20241022,000000,302.18,303.37,292.66,297.42,0,0
CRI_MV,D,20241023,000000,297.42,314.07,296.23,306.94,0,0
CRI_MV,D,20241024,000000,297.42,309.32,296.23,304.56,0,0
CRI_MV,D,20241025,000000,308.13,323.59,304.56,323.59,0,0
CRI_MV,D,20241028,000000,324.78,345.01,323.59,345.01,0,0
CRI_MV,D,20241029,000000,346.19,373.56,345.01,361.66,0,0
CRI_MV,D,20241030,000000,362.85,377.13,354.52,354.52,0,0
CRI_MV,D,20241031,000000,353.33,360.47,337.87,349.76,0,0
CRI_MV,D,20241104,000000,354.52,367.61,354.52,361.66,0,0
CRI_MV,D,20241105,000000,361.66,369.99,356.9,366.42,0,0
CRI_MV,D,20241106,000000,369.99,374.75,362.85,374.75,0,0
CRI_MV,D,20241107,000000,374.75,381.89,367.61,378.32,0,0
CRI_MV,D,20241108,000000,381.89,385.45,369.99,378.32,0,0
CRI_MV,D,20241112,000000,380.7,380.7,368.8,373.56,0,0
CRI_MV,D,20241113,000000,371.18,375.94,366.42,368.8,0,0
CRI_MV,D,20241114,000000,364.04,368.8,334.3,364.04,0,0
CRI_MV,D,20241115,000000,361.66,361.66,349.76,356.9,0,0
CRI_MV,D,20241118,000000,356.9,375.94,356.9,368.8,0,0
CRI_MV,D,20241119,000000,368.8,368.8,345.01,361.66,0,0
CRI_MV,D,20241120,000000,354.52,361.66,342.63,358.09,0,0
CRI_MV,D,20241121,000000,360.47,360.47,354.52,358.09,0,0
CRI_MV,D,20241122,000000,358.09,358.09,352.14,358.09,0,0
CRI_MV,D,20241125,000000,353.33,366.42,353.33,361.66,0,0
CRI_MV,D,20241126,000000,354.52,358.09,352.14,358.09,0,0
CRI_MV,D,20241127,000000,355.71,358.09,352.14,356.9,0,0
CRI_MV,D,20241128,000000,355.71,355.71,339.06,347.38,0,0
CRI_MV,D,20241129,000000,348.57,348.57,337.87,342.63,0,0
CRI_MV,D,20241202,000000,339.06,345.01,335.49,345.01,0,0
CRI_MV,D,20241203,000000,345.01,348.57,337.87,345.01,0,0
CRI_MV,D,20241204,000000,345.01,356.9,342.63,355.71,0,0
CRI_MV,D,20241205,000000,355.71,356.9,345.01,352.14,0,0
CRI_MV,D,20241206,000000,353.33,355.71,345.01,352.14,0,0
CRI_MV,D,20241209,000000,358.09,365.23,353.33,361.66,0,0
CRI_MV,D,20241210,000000,361.66,364.04,354.52,361.66,0,0
CRI_MV,D,20241211,000000,361.66,364.04,356.9,359.28,0,0
CRI_MV,D,20241212,000000,361.66,364.04,354.52,359.28,0,0
CRI_MV,D,20241213,000000,356.9,359.28,354.52,356.9,0,0
CRI_MV,D,20241216,000000,354.52,364.04,354.52,356.9,0,0
CRI_MV,D,20241217,000000,359.28,361.66,354.52,361.66,0,0
CRI_MV,D,20241218,000000,361.66,361.66,354.52,361.66,0,0
CRI_MV,D,20241219,000000,360.47,367.61,354.52,358.09,0,0
CRI_MV,D,20241220,000000,364.04,437.8,364.04,414.01,0,0
CRI_MV,D,20241223,000000,412.82,414.01,397.35,414.01,0,0
CRI_MV,D,20241227,000000,414.01,414.01,393.78,397.35,0,0
CRI_MV,D,20241230,000000,402.11,411.63,394.97,411.63,0,0
CRI_MV,D,20250102,000000,411.63,412.82,403.3,411.63,0,0
CRI_MV,D,20250103,000000,414.01,415.2,374.75,383.07,0,0
CRI_MV,D,20250107,000000,385.45,404.49,385.45,404.49,0,0
CRI_MV,D,20250108,000000,406.87,419.95,394.97,398.54,0,0
CRI_MV,D,20250109,000000,404.49,427.09,404.49,419.95,0,0
CRI_MV,D,20250110,000000,419.95,452.08,419.95,421.14,0,0
CRI_MV,D,20250113,000000,427.09,443.75,418.77,441.37,0,0
CRI_MV,D,20250114,000000,442.56,449.7,437.8,437.8,0,0
CRI_MV,D,20250115,000000,438.99,449.7,437.8,444.94,0,0
CRI_MV,D,20250116,000000,444.94,461.59,438.99,452.08,0,0
CRI_MV,D,20250117,000000,456.83,473.49,456.83,469.92,0,0
CRI_MV,D,20250120,000000,471.11,473.49,447.32,454.46,0,0
CRI_MV,D,20250121,000000,454.46,454.46,435.42,443.75,0,0
CRI_MV,D,20250122,000000,441.37,449.7,436.61,440.18,0,0
CRI_MV,D,20250123,000000,440.18,452.08,440.18,450.89,0,0
CRI_MV,D,20250124,000000,449.7,449.7,442.56,446.13,0,0
CRI_MV,D,20250127,000000,433.04,440.18,430.66,437.8,0,0
CRI_MV,D,20250128,000000,437.8,443.75,430.66,433.04,0,0
CRI_MV,D,20250129,000000,433.04,435.42,427.09,435.42,0,0
CRI_MV,D,20250130,000000,435.42,443.75,428.28,428.28,0,0
CRI_MV,D,20250131,000000,431.85,435.42,425.9,429.47,0,0
CRI_MV,D,20250203,000000,430.66,430.66,409.25,423.52,0,0
CRI_MV,D,20250204,000000,430.66,440.18,425.9,431.85,0,0
CRI_MV,D,20250205,000000,421.14,444.94,421.14,443.75,0,0
CRI_MV,D,20250206,000000,444.94,456.83,444.94,453.27,0,0
CRI_MV,D,20250207,000000,454.46,458.02,441.37,452.08,0,0
CRI_MV,D,20250210,000000,453.27,455.64,443.75,450.89,0,0
CRI_MV,D,20250211,000000,452.08,452.08,442.56,444.94,0,0
CRI_MV,D,20250212,000000,441.37,452.08,441.37,448.51,0,0
CRI_MV,D,20250213,000000,443.75,474.68,443.75,474.68,0,0
CRI_MV,D,20250214,000000,474.68,474.68,463.97,463.97,0,0
CRI_MV,D,20250217,000000,472.3,472.3,460.4,467.54,0,0
CRI_MV,D,20250218,000000,467.54,471.11,454.46,471.11,0,0
CRI_MV,D,20250219,000000,471.11,471.11,459.21,459.21,0,0
CRI_MV,D,20250220,000000,461.59,461.59,455.64,459.21,0,0
CRI_MV,D,20250221,000000,462.78,466.35,454.46,459.21,0,0
CRI_MV,D,20250224,000000,459.21,463.97,453.27,454.46,0,0
CRI_MV,D,20250225,000000,458.02,459.21,436.61,438.99,0,0
CRI_MV,D,20250226,000000,442.56,453.27,442.56,450.89,0,0
CRI_MV,D,20250227,000000,449.7,454.46,442.56,453.27,0,0
CRI_MV,D,20250228,000000,453.27,458.02,440.18,454.46,0,0
CRI_MV,D,20250303,000000,453.27,456.83,444.94,456.83,0,0
CRI_MV,D,20250304,000000,458.02,458.02,438.99,446.13,0,0
CRI_MV,D,20250305,000000,447.32,452.08,442.56,448.51,0,0
CRI_MV,D,20250306,000000,448.51,473.49,447.32,471.11,0,0
CRI_MV,D,20250307,000000,472.3,472.3,461.59,466.35,0,0
CRI_MV,D,20250310,000000,471.11,511.56,471.11,494.9,0,0
CRI_MV,D,20250311,000000,499.66,518.7,478.25,483.01,0,0
CRI_MV,D,20250312,000000,502.04,502.04,471.11,472.3,0,0
CRI_MV,D,20250313,000000,478.25,480.63,466.35,480.63,0,0
CRI_MV,D,20250314,000000,485.39,509.18,485.39,509.18,0,0
CRI_MV,D,20250317,000000,509.18,509.18,492.52,497.28,0,0
CRI_MV,D,20250318,000000,497.28,504.42,480.63,487.77,0,0
CRI_MV,D,20250319,000000,487.77,492.52,480.63,492.52,0,0
CRI_MV,D,20250320,000000,494.9,497.28,475.87,483.01,0,0
CRI_MV,D,20250321,000000,483.01,483.01,471.11,471.11,0,0
CRI_MV,D,20250324,000000,480.63,490.15,475.87,487.77,0,0
CRI_MV,D,20250325,000000,490.15,509.18,487.77,497.28,0,0
CRI_MV,D,20250326,000000,499.66,502.04,487.77,499.66,0,0
CRI_MV,D,20250327,000000,492.52,502.04,492.52,502.04,0,0
CRI_MV,D,20250328,000000,506.8,506.8,492.52,499.66,0,0
CRI_MV,D,20250331,000000,506.8,516.32,504.42,504.42,0,0
CRI_MV,D,20250401,000000,511.56,516.32,507.99,513.94,0,0
CRI_MV,D,20250402,000000,517.51,523.46,513.94,521.08,0,0
CRI_MV,D,20250403,000000,522.27,531.78,513.94,521.08,0,0
CRI_MV,D,20250404,000000,521.08,521.08,474.44,509.18,0,0
CRI_MV,D,20250407,000000,487.77,507.99,465.88,506.8,0,0
CRI_MV,D,20250408,000000,506.8,532.97,506.8,521.08,0,0
CRI_MV,D,20250409,000000,509.18,519.89,509.18,517.51,0,0
CRI_MV,D,20250410,000000,532.97,559.15,530.59,554.39,0,0
CRI_MV,D,20250411,000000,556.77,556.77,528.22,528.22,0,0
CRI_MV,D,20250414,000000,546.06,561.53,540.11,559.15,0,0
CRI_MV,D,20250415,000000,565.09,588.89,565.09,584.13,0,0
CRI_MV,D,20250416,000000,582.94,630.53,582.94,630.53,0,0
CRI_MV,D,20250417,000000,647.18,668.6,647.18,668.6,0,0
CRI_MV,D,20250422,000000,670.98,670.98,644.8,655.51,0,0
CRI_MV,D,20250423,000000,655.51,655.51,623.39,650.75,0,0
CRI_MV,D,20250424,000000,647.18,661.46,644.8,659.08,0,0
CRI_MV,D,20250425,000000,659.08,661.46,648.37,656.7,0,0
CRI_MV,D,20250428,000000,656.7,656.7,625.77,637.66,0,0
CRI_MV,D,20250429,000000,637.66,649.56,628.15,644.8,0,0
CRI_MV,D,20250430,000000,644.8,756.4,630.53,756.4,0,0
CRI_MV,D,20250502,000000,763.54,809.21,763.54,804.93,0,0
CRI_MV,D,20250505,000000,806.35,827.76,806.35,822.05,0,0
CRI_MV,D,20250506,000000,823.48,827.76,790.65,827.76,0,0
CRI_MV,D,20250507,000000,833.47,901.97,833.47,874.86,0,0
CRI_MV,D,20250508,000000,873.43,873.43,852.02,867.72,0,0
CRI_MV,D,20250509,000000,867.72,891.98,867.72,884.85,0,0
CRI_MV,D,20250512,000000,893.41,901.97,876.28,887.7,0,0
CRI_MV,D,20250513,000000,884.85,884.85,866.29,874.86,0,0
CRI_MV,D,20250514,000000,877.71,890.56,867.72,876.28,0,0
CRI_MV,D,20250515,000000,876.28,880.57,844.89,849.17,0,0
CRI_MV,D,20250516,000000,853.45,863.44,834.9,846.31,0,0
CRI_MV,D,20250519,000000,839.18,866.29,836.32,853.45,0,0
CRI_MV,D,20250520,000000,853.45,853.45,836.32,849.17,0,0
CRI_MV,D,20250521,000000,849.17,849.17,824.91,846.31,0,0
CRI_MV,D,20250522,000000,844.89,844.89,822.05,824.91,0,0
CRI_MV,D,20250523,000000,822.05,830.61,799.22,826.33,0,0
CRI_MV,D,20250526,000000,827.76,857.73,827.76,850.6,0,0
CRI_MV,D,20250527,000000,850.6,850.6,837.75,849.17,0,0
CRI_MV,D,20250528,000000,850.6,867.72,834.9,844.89,0,0
CRI_MV,D,20250529,000000,836.32,847.74,830.61,833.47,0,0
CRI_MV,D,20250530,000000,834.9,839.18,820.62,839.18,0,0
CRI_MV,D,20250602,000000,839.18,864.87,830.61,856.3,0,0
CRI_MV,D,20250603,000000,859.16,863.44,827.76,837.75,0,0
CRI_MV,D,20250604,000000,839.18,847.74,834.9,839.18,0,0
CRI_MV,D,20250605,000000,846.31,854.88,830.61,836.32,0,0
CRI_MV,D,20250606,000000,840.61,842.03,822.05,842.03,0,0
CRI_MV,D,20250609,000000,839.18,839.18,823.48,824.91,0,0
CRI_MV,D,20250610,000000,833.47,833.47,816.34,832.04,0,0
CRI_MV,D,20250611,000000,832.04,833.47,813.49,822.05,0,0
CRI_MV,D,20250612,000000,822.05,826.33,807.78,810.63,0,0
CRI_MV,D,20250613,000000,810.63,822.05,803.5,809.21,0,0
CRI_MV,D,20250616,000000,803.5,822.05,803.5,819.2,0,0
CRI_MV,D,20250617,000000,819.2,822.05,800.64,822.05,0,0
CRI_MV,D,20250618,000000,819.2,822.05,804.93,807.78,0,0
CRI_MV,D,20250620,000000,807.78,840.61,802.07,840.61,0,0
CRI_MV,D,20250623,000000,836.32,836.32,807.78,814.92,0,0
CRI_MV,D,20250624,000000,816.34,833.47,816.34,833.47,0,0
CRI_MV,D,20250625,000000,834.9,839.18,824.91,832.04,0,0
CRI_MV,D,20250626,000000,832.04,833.47,810.63,819.2,0,0
CRI_MV,D,20250627,000000,817.77,836.32,810.63,813.49,0,0
CRI_MV,D,20250630,000000,813.49,827.76,813.49,823.48,0,0
CRI_MV,D,20250701,000000,827.76,827.76,814.92,826.33,0,0
CRI_MV,D,20250702,000000,827.76,839.18,827.76,839.18,0,0
CRI_MV,D,20250703,000000,839.18,840.61,827.76,833.47,0,0
CRI_MV,D,20250704,000000,833.47,836.32,824.91,826.33,0,0
CRI_MV,D,20250707,000000,833.47,833.47,814.92,829.19,0,0
CRI_MV,D,20250708,000000,827.76,827.76,807.78,812.06,0,0
CRI_MV,D,20250709,000000,809.21,817.77,803.5,816.34,0,0
CRI_MV,D,20250710,000000,810.63,810.63,799.22,799.22,0,0
CRI_MV,D,20250711,000000,803.5,804.93,787.8,790.65,0,0
CRI_MV,D,20250714,000000,790.65,816.34,790.65,802.07,0,0
CRI_MV,D,20250715,000000,802.07,812.06,792.08,804.93,0,0
CRI_MV,D,20250716,000000,804.93,822.05,804.93,817.77,0,0
CRI_MV,D,20250717,000000,819.2,879.14,809.21,879.14,0,0
CRI_MV,D,20250718,000000,879.14,879.14,857.73,879.14,0,0
CRI_MV,D,20250721,000000,873.43,879.14,859.16,859.16,0,0
CRI_MV,D,20250722,000000,862.01,873.43,827.76,836.32,0,0
CRI_MV,D,20250723,000000,839.18,850.6,832.04,842.03,0,0
CRI_MV,D,20250724,000000,842.03,856.3,836.32,850.6,0,0
CRI_MV,D,20250725,000000,850.6,850.6,827.76,832.04,0,0
CRI_MV,D,20250728,000000,833.47,842.03,812.06,816.34,0,0
CRI_MV,D,20250729,000000,816.34,826.33,813.49,823.48,0,0
CRI_MV,D,20250730,000000,823.48,852.02,823.48,852.02,0,0
CRI_MV,D,20250731,000000,849.17,849.17,823.48,823.48,0,0
CRI_MV,D,20250801,000000,822.05,824.91,806.35,824.91,0,0
CRI_MV,D,20250804,000000,813.49,832.04,810.63,824.91,0,0
CRI_MV,D,20250805,000000,824.91,836.32,817.77,836.32,0,0
CRI_MV,D,20250806,000000,834.9,834.9,822.05,833.47,0,0
CRI_MV,D,20250807,000000,830.61,830.61,813.49,824.91,0,0
CRI_MV,D,20250808,000000,824.91,843.46,813.49,826.33,0,0
CRI_MV,D,20250811,000000,827.76,832.04,809.21,822.05,0,0
CRI_MV,D,20250812,000000,822.05,822.05,804.93,809.21,0,0
CRI_MV,D,20250813,000000,810.63,823.48,810.63,820.62,0,0
CRI_MV,D,20250814,000000,822.05,822.05,806.35,810.63,0,0
CRI_MV,D,20250818,000000,810.63,819.2,810.63,813.49,0,0
CRI_MV,D,20250819,000000,813.49,820.62,810.63,814.92,0,0
CRI_MV,D,20250820,000000,816.34,816.34,810.63,813.49,0,0
CRI_MV,D,20250821,000000,814.92,819.2,804.93,819.2,0,0
CRI_MV,D,20250822,000000,820.62,820.62,804.93,810.63,0,0
CRI_MV,D,20250825,000000,807.78,842.03,807.78,840.61,0,0
CRI_MV,D,20250826,000000,842.03,842.03,819.2,827.76,0,0
CRI_MV,D,20250827,000000,827.76,827.76,819.2,824.91,0,0
CRI_MV,D,20250828,000000,820.62,820.62,813.49,819.2,0,0
CRI_MV,D,20250829,000000,817.77,824.91,804.93,819.2,0,0
CRI_MV,D,20250901,000000,820.62,854.88,820.62,837.75,0,0
CRI_MV,D,20250902,000000,842.03,876.28,842.03,876.28,0,0
CRI_MV,D,20250903,000000,877.71,901.97,877.71,891.98,0,0
CRI_MV,D,20250904,000000,896.26,906.26,881.99,893.41,0,0
CRI_MV,D,20250905,000000,893.41,903.4,879.14,894.84,0,0
CRI_MV,D,20250908,000000,900.55,906.26,897.69,903.4,0,0
CRI_MV,D,20250909,000000,904.83,904.83,870.58,884.85,0,0
CRI_MV,D,20250910,000000,881.99,881.99,850.6,876.28,0,0
CRI_MV,D,20250911,000000,880.57,903.4,880.57,894.84,0,0
CRI_MV,D,20250912,000000,894.84,930.52,889.13,924.81,0,0
CRI_MV,D,20250915,000000,924.81,960.49,924.81,944.79,0,0
CRI_MV,D,20250916,000000,941.93,954.78,933.37,941.93,0,0
CRI_MV,D,20250917,000000,947.64,947.64,930.52,936.23,0,0
CRI_MV,D,20250918,000000,937.65,970.48,933.37,961.91,0,0
CRI_MV,D,20250919,000000,973.33,987.6,954.78,969.05,0,0
CRI_MV,D,20250922,000000,974.76,974.76,944.79,959.06,0,0
CRI_MV,D,20250923,000000,959.06,991.89,953.35,984.75,0,0
CRI_MV,D,20250924,000000,990.46,990.46,953.35,967.62,0,0
CRI_MV,D,20250925,000000,969.05,969.05,950.5,957.63,0,0
CRI_MV,D,20250926,000000,961.91,983.32,919.1,983.32,0,0
CRI_MV,D,20250929,000000,990.46,1059,990.46,1049,0,0
CRI_MV,D,20250930,000000,1050.4,1084.7,1047.5,1054.7,0,0
CRI_MV,D,20251001,000000,1051.8,1059,1021.9,1059,0,0
CRI_MV,D,20251002,000000,1059,1084.7,1050.4,1078.9,0,0
CRI_MV,D,20251003,000000,1098.9,1136,1093.2,1131.8,0,0
CRI_MV,D,20251006,000000,1133.2,1138.9,1104.6,1124.6,0,0
CRI_MV,D,20251007,000000,1124.6,1124.6,1097.5,1103.2,0,0
CRI_MV,D,20251008,000000,1103.2,1127.5,1078.9,1124.6,0,0
CRI_MV,D,20251009,000000,1126,1130.3,1096.1,1108.9,0,0
CRI_MV,D,20251010,000000,1108.9,1113.2,1084.7,1110.3,0,0
CRI_MV,D,20251013,000000,1088.9,1097.5,1060.4,1067.5,0,0
CRI_MV,D,20251014,000000,1067.5,1096.1,1041.8,1056.1,0,0
CRI_MV,D,20251015,000000,1067.5,1071.8,1056.1,1067.5,0,0
CRI_MV,D,20251016,000000,1070.4,1081.8,1041.8,1046.1,0,0
CRI_MV,D,20251017,000000,1046.1,1057.5,1029,1046.1,0,0
CRI_MV,D,20251020,000000,1056.1,1060.4,1037.6,1049,0,0
CRI_MV,D,20251021,000000,1061.8,1114.6,1061.8,1077.5,0,0
CRI_MV,D,20251022,000000,1077.5,1113.2,1077.5,1087.5,0,0
CRI_MV,D,20251023,000000,1107.5,1131.7,1103.2,1117.5,0,0
CRI_MV,D,20251024,000000,1116,1136,1098.9,1116.1,0,0
CRI_MV,D,20251027,000000,1118.9,1168.9,1118.9,1136,0,0
CRI_MV,D,20251028,000000,1136,1164.6,1124.6,1160.3,0,0
CRI_MV,D,20251029,000000,1163.1,1163.1,1120.3,1130.3,0,0
CRI_MV,D,20251030,000000,1106.1,1128.9,1106.1,1107.5,0,0
CRI_MV,D,20251031,000000,1107.5,1123.2,1090.4,1094.6,0,0
CRI_MV,D,20251103,000000,1094.6,1107.5,1090.4,1096.1,0,0
CRI_MV,D,20251104,000000,1096.1,1098.9,1076.1,1086.1,0,0
CRI_MV,D,20251105,000000,1086.1,1103.2,1076.1,1101.8,0,0
CRI_MV,D,20251106,000000,1104.6,1104.6,1088.9,1088.9,0,0
CRI_MV,D,20251107,000000,1100.4,1113.2,1063.2,1086.1,0,0
CRI_MV,D,20251110,000000,1104.6,1128.9,1096.1,1127.5,0,0
CRI_MV,D,20251112,000000,1127.5,1127.5,1096.1,1113.2,0,0
CRI_MV,D,20251113,000000,1116,1116,1084.7,1084.7,0,0
CRI_MV,D,20251114,000000,1078.9,1078.9,1057.5,1061.8,0,0
CRI_MV,D,20251117,000000,1066.1,1066.1,1040.4,1041.8,0,0
CRI_MV,D,20251118,000000,1029,1029,1001.9,1024.7,0,0
CRI_MV,D,20251119,000000,1016.1,1031.8,1007.6,1021.9,0,0
CRI_MV,D,20251120,000000,1030.4,1044.7,1011.9,1034.7,0,0
CRI_MV,D,20251121,000000,1010.4,1011.9,980.47,999.02,0,0
CRI_MV,D,20251124,000000,1001.9,1034.7,1001.9,1027.6,0,0
CRI_MV,D,20251125,000000,1027.6,1037.6,1016.1,1024.7,0,0
CRI_MV,D,20251126,000000,1041.8,1041.8,1024.7,1031.9,0,0
CRI_MV,D,20251127,000000,999.02,1114.6,999.02,1114.6,0,0
CRI_MV,D,20251128,000000,1123.2,1123.2,1074.7,1081.8,0,0
CRI_MV,D,20251201,000000,1106.1,1106.1,1066.1,1073.2,0,0
CRI_MV,D,20251202,000000,1081.8,1090.4,1070.4,1090.4,0,0
CRI_MV,D,20251203,000000,1090.4,1110.3,1081.8,1081.8,0,0
CRI_MV,D,20251204,000000,1096.1,1100.4,1073.2,1074.7,0,0
CRI_MV,D,20251205,000000,1074.7,1083.2,1061.8,1063.2,0,0
CRI_MV,D,20251208,000000,1069,1090.4,1069,1081.8,0,0
CRI_MV,D,20251209,000000,1087.5,1103.2,1086.1,1090.4,0,0
CRI_MV,D,20251210,000000,1093.2,1093.2,1076.1,1084.7,0,0
CRI_MV,D,20251211,000000,1088.9,1093.2,1074.7,1084.7,0,0
CRI_MV,D,20251212,000000,1084.7,1096.1,1063.2,1071.8,0,0
CRI_MV,D,20251215,000000,1083.2,1083.2,1050.4,1060.4,0,0
CRI_MV,D,20251216,000000,1064.7,1064.7,1036.1,1044.7,0,0
CRI_MV,D,20251217,000000,1044.7,1044.7,1010.4,1013.3,0,0
CRI_MV,D,20251218,000000,1016.1,1026.1,1001.9,1010.4,0,0
CRI_MV,D,20251219,000000,1006.2,1039,1006.2,1039,0,0
CRI_MV,D,20251222,000000,1044.7,1056.1,1041.8,1047.6,0,0
CRI_MV,D,20251223,000000,1051.8,1060.4,1043.3,1054.7,0,0
CRI_MV,D,20251229,000000,1054.7,1090.4,1054.7,1084.7,0,0
CRI_MV,D,20251230,000000,1084.7,1117.5,1080.4,1096.1,0,0
CRI_MV,D,20260102,000000,1110.3,1213.1,1110.3,1213.1,0,0
CRI_MV,D,20260105,000000,1213.1,1247.3,1213.1,1243.1,0,0
CRI_MV,D,20260107,000000,1247.3,1264.5,1227.4,1235.9,0,0
CRI_MV,D,20260108,000000,1238.8,1275.9,1213.1,1251.6,0,0
CRI_MV,D,20260109,000000,1260.2,1335.8,1253.1,1335.8,0,0
CRI_MV,D,20260112,000000,1353,1398.6,1335.8,1367.2,0,0
CRI_MV,D,20260113,000000,1372.9,1387.2,1347.3,1367.2,0,0
CRI_MV,D,20260114,000000,1375.8,1382.9,1335.8,1361.5,0,0
CRI_MV,D,20260115,000000,1361.5,1384.4,1344.4,1370.1,0,0
CRI_MV,D,20260116,000000,1380.1,1470,1380.1,1470,0,0
CRI_MV,D,20260119,000000,1472.8,1544.2,1472.8,1544.2,0,0
CRI_MV,D,20260120,000000,1552.8,1581.3,1507.1,1564.2,0,0
CRI_MV,D,20260121,000000,1569.9,1569.9,1521.4,1569.9,0,0
CRI_MV,D,20260122,000000,1555.6,1706.9,1555.6,1692.6,0,0
CRI_MV,D,20260123,000000,1695.5,1712.6,1666.9,1686.9,0,0
