<TICKER>,<PER>,<DATE>,<TIME>,<OPEN>,<HIGH>,<LOW>,<CLOSE>,<VOL>,<OPENINT>
CSR_MV,D,20111208,000000,56.366,56.366,56.366,56.366,0,0
CSR_MV,D,20111209,000000,58.5064,61.8206,45.1157,45.2301,0,0
CSR_MV,D,20111212,000000,47.2543,47.2543,40.1631,41.6409,0,0
CSR_MV,D,20111213,000000,43.8806,45.0075,41.6277,42.7537,0,0
CSR_MV,D,20111214,000000,43.4285,43.4285,43.4285,43.4285,0,0
CSR_MV,D,20111215,000000,42.8699,42.8699,42.6403,42.6403,0,0
CSR_MV,D,20111216,000000,42.1943,42.1943,42.1943,42.1943,0,0
CSR_MV,D,20111219,000000,41.6277,41.6277,41.6277,41.6277,0,0
CSR_MV,D,20111220,000000,41.6277,41.6277,41.6277,41.6277,0,0
CSR_MV,D,20111222,000000,41.6277,41.6277,41.6277,41.6277,0,0
CSR_MV,D,20111228,000000,43.8806,43.8806,43.8806,43.8806,0,0
CSR_MV,D,20111229,000000,44.8923,45.0075,44.8923,45.0075,0,0
CSR_MV,D,20120111,000000,43.0916,43.0916,43.0916,43.0916,0,0
CSR_MV,D,20120127,000000,42.9764,42.9764,42.9764,42.9764,0,0
CSR_MV,D,20120131,000000,45.0075,45.0075,45.0075,45.0075,0,0
CSR_MV,D,20120202,000000,45.0075,45.0075,45.0075,45.0075,0,0
CSR_MV,D,20120227,000000,48.0502,56.2465,48.0502,56.2465,0,0
CSR_MV,D,20120229,000000,58.6006,60.9434,58.6006,60.9434,0,0
CSR_MV,D,20120301,000000,62.1138,64.4637,62.1138,64.4637,0,0
CSR_MV,D,20120302,000000,64.4637,77.3507,64.4637,77.3507,0,0
CSR_MV,D,20120305,000000,64.4,64.4,62.1138,62.1138,0,0
CSR_MV,D,20120309,000000,62.1069,67.9796,62.1069,66.8047,0,0
CSR_MV,D,20120314,000000,53.9108,53.9108,53.9108,53.9108,0,0
CSR_MV,D,20120315,000000,53.9108,53.9108,52.7384,52.7384,0,0
CSR_MV,D,20120525,000000,46.8772,46.8772,46.8772,46.8772,0,0
CSR_MV,D,20120720,000000,45.7085,46.8649,45.7085,46.8649,0,0
CSR_MV,D,20120829,000000,46.2932,46.2932,46.2932,46.2932,0,0
CSR_MV,D,20120830,000000,46.2932,46.8772,46.2932,46.2932,0,0
CSR_MV,D,20120913,000000,45.121,45.121,45.121,45.121,0,0
CSR_MV,D,20121120,000000,44.7709,44.7709,43.6013,43.6013,0,0
CSR_MV,D,20121217,000000,41.4175,41.4175,41.4175,41.4175,0,0
CSR_MV,D,20121220,000000,39.2605,39.2605,35.1607,35.1607,0,0
CSR_MV,D,20121221,000000,32.7123,32.7123,32.7123,32.7123,0,0
CSR_MV,D,20130110,000000,33.3984,33.3984,33.3984,33.3984,0,0
CSR_MV,D,20130111,000000,35.2768,35.2768,35.2768,35.2768,0,0
CSR_MV,D,20130122,000000,35.2768,35.2768,35.2768,35.2768,0,0
CSR_MV,D,20130227,000000,37.9181,42.1943,37.9181,42.1943,0,0
CSR_MV,D,20130228,000000,45.3567,45.3567,45.3567,45.3567,0,0
CSR_MV,D,20130301,000000,54.1463,54.1463,42.1943,42.1943,0,0
CSR_MV,D,20130327,000000,42.1943,42.1943,42.1943,42.1943,0,0
CSR_MV,D,20130419,000000,41.6085,41.6085,40.342,40.342,0,0
CSR_MV,D,20130520,000000,41.0238,41.0238,41.0238,41.0238,0,0
CSR_MV,D,20130604,000000,46.8772,46.8772,46.8772,46.8772,0,0
CSR_MV,D,20130704,000000,36.9177,36.9177,36.9177,36.9177,0,0
CSR_MV,D,20130705,000000,37.5043,38.0901,37.5043,38.0901,0,0
CSR_MV,D,20130708,000000,39.6857,39.6857,39.6857,39.6857,0,0
CSR_MV,D,20131016,000000,45.1917,45.1917,43.9313,43.9313,0,0
CSR_MV,D,20131017,000000,45.1917,45.8158,44.434,45.1917,0,0
CSR_MV,D,20131021,000000,43.2059,43.2059,41.4611,41.4611,0,0
CSR_MV,D,20131120,000000,43.3089,45.8158,43.3089,45.8158,0,0
CSR_MV,D,20131121,000000,45.8158,45.8158,45.8158,45.8158,0,0
CSR_MV,D,20131122,000000,45.8158,45.8158,45.8158,45.8158,0,0
CSR_MV,D,20131126,000000,45.8158,45.8158,45.8158,45.8158,0,0
CSR_MV,D,20131127,000000,45.8158,45.8158,45.8158,45.8158,0,0
CSR_MV,D,20131128,000000,47.6985,47.6985,45.8158,45.8158,0,0
CSR_MV,D,20131129,000000,47.6985,47.6985,47.6985,47.6985,0,0
CSR_MV,D,20131202,000000,50.2072,50.2072,50.2072,50.2072,0,0
CSR_MV,D,20131206,000000,50.2072,50.2072,50.2072,50.2072,0,0
CSR_MV,D,20131209,000000,60.8788,60.8788,60.8788,60.8788,0,0
CSR_MV,D,20131227,000000,60.8788,60.8788,60.8788,60.8788,0,0
CSR_MV,D,20140127,000000,57.225,57.225,47.6985,47.6985,0,0
CSR_MV,D,20140128,000000,57.239,57.239,57.239,57.239,0,0
CSR_MV,D,20140211,000000,50.2072,50.2072,49.041,49.041,0,0
CSR_MV,D,20140218,000000,50.2072,52.7211,50.2072,52.7211,0,0
CSR_MV,D,20140225,000000,55.2279,60.8788,55.2279,60.8788,0,0
CSR_MV,D,20140228,000000,48.9528,50.8364,48.9528,50.8364,0,0
CSR_MV,D,20140306,000000,50.8364,50.8364,50.8364,50.8364,0,0
CSR_MV,D,20140310,000000,50.8364,50.8364,50.8364,50.8364,0,0
CSR_MV,D,20140312,000000,50.8364,50.8364,50.8364,50.8364,0,0
CSR_MV,D,20140313,000000,50.8364,50.8364,50.8364,50.8364,0,0
CSR_MV,D,20140314,000000,50.8364,57.3271,50.8364,57.3271,0,0
CSR_MV,D,20140331,000000,56.4883,56.4883,56.2334,56.2334,0,0
CSR_MV,D,20140403,000000,56.4883,56.4883,56.4883,56.4883,0,0
CSR_MV,D,20140404,000000,56.5135,56.5135,56.5135,56.5135,0,0
CSR_MV,D,20140408,000000,56.5135,56.5135,56.5135,56.5135,0,0
CSR_MV,D,20140422,000000,56.7353,56.7353,56.7353,56.7353,0,0
CSR_MV,D,20140428,000000,56.9518,58.9951,56.9518,58.9951,0,0
CSR_MV,D,20140502,000000,58.9951,58.9951,58.9951,58.9951,0,0
CSR_MV,D,20140508,000000,58.9951,58.9951,58.9951,58.9951,0,0
CSR_MV,D,20140509,000000,58.9951,58.9951,58.9951,58.9951,0,0
CSR_MV,D,20140513,000000,58.9951,58.9951,58.9951,58.9951,0,0
CSR_MV,D,20140514,000000,58.9951,58.9951,58.9951,58.9951,0,0
CSR_MV,D,20140515,000000,58.9951,58.9951,58.9951,58.9951,0,0
CSR_MV,D,20140520,000000,58.9951,58.9951,58.9951,58.9951,0,0
CSR_MV,D,20140522,000000,58.9951,58.9951,58.9951,58.9951,0,0
CSR_MV,D,20140523,000000,58.9951,58.9951,58.9951,58.9951,0,0
CSR_MV,D,20140527,000000,58.9951,58.9951,58.9951,58.9951,0,0
CSR_MV,D,20140528,000000,58.9951,58.9951,58.9951,58.9951,0,0
CSR_MV,D,20140529,000000,57.7417,57.7417,56.0624,56.0624,0,0
CSR_MV,D,20140703,000000,57.0242,58.0201,57.0242,58.0201,0,0
CSR_MV,D,20140714,000000,57.4031,57.4031,52.8161,52.8161,0,0
CSR_MV,D,20140814,000000,50.1051,53.8575,50.1051,53.8575,0,0
CSR_MV,D,20140819,000000,50.1051,50.1051,50.1051,50.1051,0,0
CSR_MV,D,20140901,000000,47.8636,47.8636,47.8636,47.8636,0,0
CSR_MV,D,20140912,000000,47.8636,47.8636,47.8636,47.8636,0,0
CSR_MV,D,20140917,000000,48.0233,48.4029,48.0233,48.4029,0,0
CSR_MV,D,20140922,000000,48.4029,48.4029,48.4029,48.4029,0,0
CSR_MV,D,20140923,000000,48.4029,48.4029,48.4029,48.4029,0,0
CSR_MV,D,20141008,000000,48.4029,48.4029,48.4029,48.4029,0,0
CSR_MV,D,20141014,000000,48.4029,48.4029,48.4029,48.4029,0,0
CSR_MV,D,20141015,000000,48.4029,48.4029,48.4029,48.4029,0,0
CSR_MV,D,20141027,000000,48.4029,48.4029,48.4029,48.4029,0,0
CSR_MV,D,20141028,000000,48.4029,48.4029,48.4029,48.4029,0,0
CSR_MV,D,20150108,000000,47.6698,48.1515,47.6698,48.1515,0,0
CSR_MV,D,20150109,000000,48.3445,48.3445,48.3445,48.3445,0,0
CSR_MV,D,20150121,000000,44.9847,44.9847,44.9847,44.9847,0,0
CSR_MV,D,20150209,000000,44.3485,44.3485,44.3485,44.3485,0,0
CSR_MV,D,20150210,000000,44.3485,44.3485,44.3485,44.3485,0,0
CSR_MV,D,20150220,000000,46.9888,46.9888,45.3636,45.3636,0,0
CSR_MV,D,20150318,000000,44.2132,44.2132,43.7191,43.7191,0,0
CSR_MV,D,20150408,000000,44.098,44.098,44.098,44.098,0,0
CSR_MV,D,20150410,000000,42.4465,42.4465,33.9605,35.4828,0,0
CSR_MV,D,20150413,000000,38.2725,38.4575,37.3847,38.2725,0,0
CSR_MV,D,20150414,000000,38.6504,38.6504,38.6504,38.6504,0,0
CSR_MV,D,20150506,000000,40.5516,41.1311,40.5516,41.1311,0,0
CSR_MV,D,20150629,000000,38.4863,39.5154,38.4863,39.5154,0,0
CSR_MV,D,20150708,000000,36.7641,39.5154,36.7641,36.8828,0,0
CSR_MV,D,20150723,000000,36.1496,36.1496,36.1496,36.1496,0,0
CSR_MV,D,20150806,000000,36.162,36.162,36.162,36.162,0,0
CSR_MV,D,20150817,000000,33.642,33.642,33.642,33.642,0,0
CSR_MV,D,20150820,000000,33.6279,33.6279,33.6279,33.6279,0,0
CSR_MV,D,20150826,000000,33.3216,33.3216,33.3216,33.3216,0,0
CSR_MV,D,20150827,000000,33.6279,34.7015,33.6279,34.7015,0,0
CSR_MV,D,20150901,000000,32.8031,32.8031,32.8031,32.8031,0,0
CSR_MV,D,20150915,000000,33.1889,33.1889,33.1889,33.1889,0,0
CSR_MV,D,20151118,000000,30.7615,30.7615,30.7615,30.7615,0,0
CSR_MV,D,20151119,000000,31.691,31.691,31.691,31.691,0,0
CSR_MV,D,20151222,000000,30.0397,30.0397,30.0397,30.0397,0,0
CSR_MV,D,20160122,000000,34.6893,34.7015,34.6893,34.7015,0,0
CSR_MV,D,20160211,000000,32.2864,32.2864,32.2864,32.2864,0,0
CSR_MV,D,20160310,000000,32.934,32.934,32.934,32.934,0,0
CSR_MV,D,20160421,000000,30.6428,30.6428,30.6428,30.6428,0,0
CSR_MV,D,20160531,000000,28.8359,28.8359,28.8359,28.8359,0,0
CSR_MV,D,20160602,000000,28.9267,28.9267,28.9267,28.9267,0,0
CSR_MV,D,20160713,000000,28.0373,28.0373,26.962,26.962,0,0
CSR_MV,D,20160803,000000,26.2042,26.2042,24.3711,24.3711,0,0
CSR_MV,D,20160809,000000,24.6305,24.6305,24.6305,24.6305,0,0
CSR_MV,D,20160919,000000,24.6305,24.6305,24.6305,24.6305,0,0
CSR_MV,D,20161004,000000,24.8958,24.8958,24.8958,24.8958,0,0
CSR_MV,D,20161017,000000,25.2083,25.2083,25.2083,25.2083,0,0
CSR_MV,D,20161024,000000,24.3442,24.3442,24.3442,24.3442,0,0
CSR_MV,D,20161104,000000,24.3711,24.3711,24.3442,24.3442,0,0
CSR_MV,D,20161107,000000,23.4678,23.4678,23.4678,23.4678,0,0
CSR_MV,D,20161115,000000,24.6305,24.6305,24.6305,24.6305,0,0
CSR_MV,D,20161215,000000,24.6968,24.6968,24.6968,24.6968,0,0
CSR_MV,D,20170102,000000,24.8304,24.8304,24.8304,24.8304,0,0
CSR_MV,D,20170112,000000,25.5471,25.5471,25.5471,25.5471,0,0
CSR_MV,D,20170117,000000,26.2976,26.2976,26.2976,26.2976,0,0
CSR_MV,D,20170217,000000,27.6061,27.6061,27.6061,27.6061,0,0
CSR_MV,D,20170405,000000,30.1296,30.263,30.1296,30.1296,0,0
CSR_MV,D,20170410,000000,30.263,30.263,30.263,30.263,0,0
CSR_MV,D,20170511,000000,28.822,28.822,28.822,28.822,0,0
CSR_MV,D,20170620,000000,29.9908,29.9908,29.9908,29.9908,0,0
CSR_MV,D,20170712,000000,31.0391,31.0391,31.0391,31.0391,0,0
CSR_MV,D,20170714,000000,31.0391,31.0391,31.0391,31.0391,0,0
CSR_MV,D,20170828,000000,30.2177,30.2177,30.2177,30.2177,0,0
CSR_MV,D,20171117,000000,29.6914,29.6914,25.6465,25.6465,0,0
CSR_MV,D,20171206,000000,25.6465,25.6465,25.6465,25.6465,0,0
CSR_MV,D,20171208,000000,25.6465,25.6465,25.6465,25.6465,0,0
CSR_MV,D,20171213,000000,24.8321,24.8321,24.8321,24.8321,0,0
CSR_MV,D,20171214,000000,24.901,24.901,24.901,24.901,0,0
CSR_MV,D,20180103,000000,26.1807,26.1807,26.1807,26.1807,0,0
CSR_MV,D,20180104,000000,26.7201,26.7201,26.1807,26.1807,0,0
CSR_MV,D,20180108,000000,26.8589,26.8589,26.8589,26.8589,0,0
CSR_MV,D,20180119,000000,27.8025,27.8025,27.8025,27.8025,0,0
CSR_MV,D,20180201,000000,26.8589,26.8589,26.8589,26.8589,0,0
CSR_MV,D,20180302,000000,26.8589,26.8589,26.8589,26.8589,0,0
CSR_MV,D,20180308,000000,26.7201,26.7201,26.7201,26.7201,0,0
CSR_MV,D,20180313,000000,26.7201,26.7201,26.7201,26.7201,0,0
CSR_MV,D,20180316,000000,26.7201,26.7201,26.7201,26.7201,0,0
CSR_MV,D,20180320,000000,26.9942,26.9942,26.9942,26.9942,0,0
CSR_MV,D,20180322,000000,26.7201,26.7201,26.7201,26.7201,0,0
CSR_MV,D,20180425,000000,25.7766,25.7766,25.1061,25.1061,0,0
CSR_MV,D,20180427,000000,25.1061,25.1061,25.1061,25.1061,0,0
CSR_MV,D,20180507,000000,26.3168,26.3168,26.3168,26.3168,0,0
CSR_MV,D,20180601,000000,26.1807,26.1807,26.1807,26.1807,0,0
CSR_MV,D,20180626,000000,26.1816,26.1816,26.1816,26.1816,0,0
CSR_MV,D,20180627,000000,25.9005,25.9005,25.9005,25.9005,0,0
CSR_MV,D,20180702,000000,24.9054,24.9054,24.9054,24.9054,0,0
CSR_MV,D,20180704,000000,24.1905,24.1905,24.1905,24.1905,0,0
CSR_MV,D,20180705,000000,23.7646,23.7646,23.7646,23.7646,0,0
CSR_MV,D,20180709,000000,24.9054,24.9054,24.9054,24.9054,0,0
CSR_MV,D,20180710,000000,25.7565,25.7565,25.7565,25.7565,0,0
CSR_MV,D,20181008,000000,28.3174,28.3174,28.3174,28.3174,0,0
CSR_MV,D,20190115,000000,28.7435,28.7435,28.7435,28.7435,0,0
CSR_MV,D,20190116,000000,28.4614,28.4614,28.4614,28.4614,0,0
CSR_MV,D,20190118,000000,28.4614,35.2873,28.4614,35.2873,0,0
CSR_MV,D,20190129,000000,35.5753,35.5753,35.5753,35.5753,0,0
CSR_MV,D,20190207,000000,35.2873,35.2873,35.2873,35.2873,0,0
CSR_MV,D,20190304,000000,34.1544,34.1544,34.1544,34.1544,0,0
CSR_MV,D,20190306,000000,32.7254,32.7254,32.7254,32.7254,0,0
CSR_MV,D,20190510,000000,30.7353,30.7353,29.8834,29.8834,0,0
CSR_MV,D,20190517,000000,29.0323,29.0323,29.0323,29.0323,0,0
CSR_MV,D,20190521,000000,30.1645,30.1645,30.1645,30.1645,0,0
CSR_MV,D,20190522,000000,31.3036,31.3036,31.3036,31.3036,0,0
CSR_MV,D,20190530,000000,31.3036,33.8663,31.3036,33.8663,0,0
CSR_MV,D,20190702,000000,42.3348,42.3348,42.3348,42.3348,0,0
CSR_MV,D,20190712,000000,42.3348,43.7934,42.3348,43.7934,0,0
CSR_MV,D,20190718,000000,43.7934,43.7934,43.7934,43.7934,0,0
CSR_MV,D,20190805,000000,41.7499,41.7499,39.9964,39.9964,0,0
CSR_MV,D,20190816,000000,39.9964,39.9964,39.7074,39.7074,0,0
CSR_MV,D,20191106,000000,38.8346,38.8346,36.4953,36.4953,0,0
CSR_MV,D,20191108,000000,32.1136,32.1136,32.1136,32.1136,0,0
CSR_MV,D,20191112,000000,32.1136,33.5721,32.1136,33.5721,0,0
CSR_MV,D,20191113,000000,34.7417,34.7417,34.7417,34.7417,0,0
CSR_MV,D,20191114,000000,33.2832,33.2832,31.5296,32.9944,0,0
CSR_MV,D,20191127,000000,34.4529,34.4529,34.4529,34.4529,0,0
CSR_MV,D,20191202,000000,35.6224,35.6224,35.6224,35.6224,0,0
CSR_MV,D,20200205,000000,35.6224,35.6224,35.6224,35.6224,0,0
CSR_MV,D,20200207,000000,35.6224,35.6224,35.6224,35.6224,0,0
CSR_MV,D,20200214,000000,36.1986,36.1986,36.1986,36.1986,0,0
CSR_MV,D,20200306,000000,40.8771,40.8771,36.1986,36.1986,0,0
CSR_MV,D,20200326,000000,36.7843,43.5053,35.0368,36.7843,0,0
CSR_MV,D,20200327,000000,36.7843,36.7843,35.0368,35.0368,0,0
CSR_MV,D,20200330,000000,35.0368,42.0398,35.0368,35.0368,0,0
CSR_MV,D,20200403,000000,36.1986,36.1986,35.9106,35.9106,0,0
CSR_MV,D,20200407,000000,35.9106,35.9106,34.7417,34.7417,0,0
CSR_MV,D,20200416,000000,34.7417,34.7417,34.7417,34.7417,0,0
CSR_MV,D,20200417,000000,36.1986,37.9539,36.1986,37.9539,0,0
CSR_MV,D,20200422,000000,36.1986,36.1986,36.1986,36.1986,0,0
CSR_MV,D,20200424,000000,36.1986,39.9964,36.1986,39.9964,0,0
CSR_MV,D,20200427,000000,43.7934,46.7174,43.7934,46.7174,0,0
CSR_MV,D,20200428,000000,46.7174,46.7174,46.7174,46.7174,0,0
CSR_MV,D,20200429,000000,46.7174,46.7174,46.7174,46.7174,0,0
CSR_MV,D,20200430,000000,51.0905,51.0905,46.7174,46.7174,0,0
CSR_MV,D,20200504,000000,51.0905,51.0905,46.7174,46.7174,0,0
CSR_MV,D,20200505,000000,46.7174,46.7174,46.7174,46.7174,0,0
CSR_MV,D,20200506,000000,46.7174,46.7174,46.7174,46.7174,0,0
CSR_MV,D,20200508,000000,44.6672,44.6672,42.6237,42.6237,0,0
CSR_MV,D,20200519,000000,42.6237,42.6237,42.6237,42.6237,0,0
CSR_MV,D,20200521,000000,39.4107,39.4107,39.4107,39.4107,0,0
CSR_MV,D,20200522,000000,39.4107,39.4107,39.4107,39.4107,0,0
CSR_MV,D,20200525,000000,41.1661,41.1661,39.4107,39.4107,0,0
CSR_MV,D,20200605,000000,40.5812,40.8771,38.8346,38.8346,0,0
CSR_MV,D,20200608,000000,37.3691,37.3691,37.3691,37.3691,0,0
CSR_MV,D,20200610,000000,38.8346,42.9196,38.8346,40.5812,0,0
CSR_MV,D,20200612,000000,38.8346,40.5812,36.4953,39.4107,0,0
CSR_MV,D,20200615,000000,39.7074,39.7074,37.9539,37.9539,0,0
CSR_MV,D,20200616,000000,39.7074,39.7074,39.7074,39.7074,0,0
CSR_MV,D,20200617,000000,41.1661,42.3348,41.1661,42.3348,0,0
CSR_MV,D,20200618,000000,42.3348,59.8539,42.3348,59.8539,0,0
CSR_MV,D,20200619,000000,51.0905,59.8539,51.0905,54.3026,0,0
CSR_MV,D,20200623,000000,51.5418,51.5418,51.5418,51.5418,0,0
CSR_MV,D,20200624,000000,51.2389,51.2389,46.9382,46.9382,0,0
CSR_MV,D,20200629,000000,46.9382,46.9382,46.9382,46.9382,0,0
CSR_MV,D,20200630,000000,44.4872,44.4872,44.4872,44.4872,0,0
CSR_MV,D,20200706,000000,43.8737,46.02,43.8737,46.02,0,0
CSR_MV,D,20200707,000000,54.9171,62.8969,54.9171,62.8969,0,0
CSR_MV,D,20200708,000000,61.3571,61.3571,61.3571,61.3571,0,0
CSR_MV,D,20200709,000000,62.8969,62.8969,62.8969,62.8969,0,0
CSR_MV,D,20200710,000000,52.1563,55.5324,49.0925,55.2287,0,0
CSR_MV,D,20200714,000000,49.0925,49.0925,47.552,47.552,0,0
CSR_MV,D,20200715,000000,49.0925,49.0925,49.0925,49.0925,0,0
CSR_MV,D,20200723,000000,50.6245,50.6245,49.0925,49.0925,0,0
CSR_MV,D,20200724,000000,50.6245,50.6245,50.6245,50.6245,0,0
CSR_MV,D,20200730,000000,53.0737,53.0737,53.0737,53.0737,0,0
CSR_MV,D,20200804,000000,53.3853,53.3853,53.3853,53.3853,0,0
CSR_MV,D,20200807,000000,54.6143,62.8969,54.3026,62.8969,0,0
CSR_MV,D,20200810,000000,54.6143,54.6143,54.6143,54.6143,0,0
CSR_MV,D,20200813,000000,54.6143,62.8969,54.3026,62.8969,0,0
CSR_MV,D,20200818,000000,61.3571,61.3571,61.3571,61.3571,0,0
CSR_MV,D,20200820,000000,57.0635,57.0635,57.0635,57.0635,0,0
CSR_MV,D,20200826,000000,62.587,62.587,61.9716,61.9716,0,0
CSR_MV,D,20200827,000000,61.6687,61.6687,61.6687,61.6687,0,0
CSR_MV,D,20200901,000000,61.9716,62.587,61.9716,62.587,0,0
CSR_MV,D,20200903,000000,59.8252,59.8252,59.8252,59.8252,0,0
CSR_MV,D,20200908,000000,58.907,58.907,58.907,58.907,0,0
CSR_MV,D,20200916,000000,57.9896,57.9896,57.0635,57.0635,0,0
CSR_MV,D,20200922,000000,55.2287,55.2287,55.2287,55.2287,0,0
CSR_MV,D,20200923,000000,57.9896,57.9896,57.9896,57.9896,0,0
CSR_MV,D,20201002,000000,57.9896,59.8252,57.9896,59.8252,0,0
CSR_MV,D,20201005,000000,62.587,62.8969,62.587,62.8969,0,0
CSR_MV,D,20201006,000000,63.8151,63.8151,63.8151,63.8151,0,0
CSR_MV,D,20201008,000000,61.3571,61.3571,61.3571,61.3571,0,0
CSR_MV,D,20201016,000000,61.3571,61.3571,61.3571,61.3571,0,0
CSR_MV,D,20201019,000000,62.8969,62.8969,62.8969,62.8969,0,0
CSR_MV,D,20201023,000000,62.8969,67.4942,62.8969,67.4942,0,0
CSR_MV,D,20201026,000000,65.9615,65.9615,65.9615,65.9615,0,0
CSR_MV,D,20201027,000000,65.9615,67.4942,65.9615,67.4942,0,0
CSR_MV,D,20201028,000000,69.0339,69.0339,65.9615,65.9615,0,0
CSR_MV,D,20201106,000000,62.8969,62.8969,61.3571,61.3571,0,0
CSR_MV,D,20201110,000000,64.4296,69.0339,64.4296,69.0339,0,0
CSR_MV,D,20201112,000000,67.4942,69.0339,67.4942,69.0339,0,0
CSR_MV,D,20201113,000000,69.0339,70.5657,69.0339,70.5657,0,0
CSR_MV,D,20201116,000000,75.1701,75.1701,73.6305,73.6305,0,0
CSR_MV,D,20201117,000000,75.1701,75.1701,75.1701,75.1701,0,0
CSR_MV,D,20201124,000000,75.1701,75.1701,75.1701,75.1701,0,0
CSR_MV,D,20201126,000000,73.6305,73.6305,73.6305,73.6305,0,0
CSR_MV,D,20201127,000000,76.7702,76.7702,76.7702,76.7702,0,0
CSR_MV,D,20201130,000000,76.7702,76.7702,76.7702,76.7702,0,0
CSR_MV,D,20201201,000000,73.3223,73.3223,73.3223,73.3223,0,0
CSR_MV,D,20201203,000000,73.6322,75.1973,73.6322,75.1973,0,0
CSR_MV,D,20201204,000000,76.7702,78.3343,76.7702,78.3343,0,0
CSR_MV,D,20201207,000000,79.8994,79.8994,79.8994,79.8994,0,0
CSR_MV,D,20201208,000000,79.8994,84.6016,79.8994,84.6016,0,0
CSR_MV,D,20201209,000000,86.1665,90.8652,86.1665,90.8652,0,0
CSR_MV,D,20201210,000000,86.9547,86.9547,84.6016,84.6016,0,0
CSR_MV,D,20201214,000000,86.1665,86.1665,86.1665,86.1665,0,0
CSR_MV,D,20201215,000000,86.9547,86.9547,86.9547,86.9547,0,0
CSR_MV,D,20201216,000000,86.9547,86.9547,86.9547,86.9547,0,0
CSR_MV,D,20201217,000000,87.7316,89.3027,87.7316,89.3027,0,0
CSR_MV,D,20201221,000000,88.5171,88.5171,88.5171,88.5171,0,0
CSR_MV,D,20201222,000000,90.8652,91.6505,90.8652,91.6505,0,0
CSR_MV,D,20201223,000000,91.6505,92.4364,91.6505,92.4364,0,0
CSR_MV,D,20201228,000000,93.9983,108.095,93.9983,108.095,0,0
CSR_MV,D,20201229,000000,108.095,117.505,108.095,112.014,0,0
CSR_MV,D,20210105,000000,116.718,120.63,112.8,115.149,0,0
CSR_MV,D,20210107,000000,117.505,117.505,115.933,115.933,0,0
CSR_MV,D,20210111,000000,115.933,115.933,112.014,112.014,0,0
CSR_MV,D,20210112,000000,106.534,106.534,106.534,106.534,0,0
CSR_MV,D,20210114,000000,106.534,106.534,106.534,106.534,0,0
CSR_MV,D,20210115,000000,106.534,115.933,106.534,115.933,0,0
CSR_MV,D,20210118,000000,112.8,119.068,112.8,119.068,0,0
CSR_MV,D,20210120,000000,114.364,115.933,114.364,115.933,0,0
CSR_MV,D,20210121,000000,120.63,122.201,120.63,122.201,0,0
CSR_MV,D,20210122,000000,128.459,128.459,122.201,123.773,0,0
CSR_MV,D,20210125,000000,122.987,122.987,119.068,122.201,0,0
CSR_MV,D,20210126,000000,120.63,120.63,120.63,120.63,0,0
CSR_MV,D,20210127,000000,122.201,122.201,122.201,122.201,0,0
CSR_MV,D,20210128,000000,123.773,126.897,123.773,126.897,0,0
CSR_MV,D,20210129,000000,126.897,126.897,122.201,126.897,0,0
CSR_MV,D,20210201,000000,126.897,126.897,125.334,125.334,0,0
CSR_MV,D,20210203,000000,122.201,125.334,122.201,125.334,0,0
CSR_MV,D,20210208,000000,121.416,123.773,121.416,123.773,0,0
CSR_MV,D,20210210,000000,125.334,128.459,125.334,128.459,0,0
CSR_MV,D,20210211,000000,133.164,140.217,133.164,140.217,0,0
CSR_MV,D,20210212,000000,148.841,151.966,148.841,151.18,0,0
CSR_MV,D,20210215,000000,151.18,151.966,151.18,151.966,0,0
CSR_MV,D,20210216,000000,129.254,136.307,129.254,136.307,0,0
CSR_MV,D,20210217,000000,136.307,136.307,136.307,136.307,0,0
CSR_MV,D,20210218,000000,130.816,130.816,130.04,130.04,0,0
CSR_MV,D,20210219,000000,130.04,130.04,130.04,130.04,0,0
CSR_MV,D,20210222,000000,136.307,136.307,130.04,130.04,0,0
CSR_MV,D,20210303,000000,148.841,148.841,148.841,148.841,0,0
CSR_MV,D,20210304,000000,148.841,148.841,139.432,139.432,0,0
CSR_MV,D,20210305,000000,139.432,139.432,139.432,139.432,0,0
CSR_MV,D,20210309,000000,140.217,140.217,140.217,140.217,0,0
CSR_MV,D,20210311,000000,144.136,145.698,144.136,145.698,0,0
CSR_MV,D,20210312,000000,148.841,148.841,142.574,142.574,0,0
CSR_MV,D,20210316,000000,156.671,156.671,144.136,144.136,0,0
CSR_MV,D,20210317,000000,144.913,144.913,144.913,144.913,0,0
CSR_MV,D,20210319,000000,155.1,155.1,155.1,155.1,0,0
CSR_MV,D,20210322,000000,144.913,156.671,144.913,155.885,0,0
CSR_MV,D,20210323,000000,155.885,156.671,155.885,156.671,0,0
CSR_MV,D,20210324,000000,156.671,156.671,156.671,156.671,0,0
CSR_MV,D,20210325,000000,156.671,156.671,149.617,149.617,0,0
CSR_MV,D,20210326,000000,149.617,156.671,149.617,156.671,0,0
CSR_MV,D,20210330,000000,149.617,149.617,149.617,149.617,0,0
CSR_MV,D,20210406,000000,150.402,156.671,150.402,156.671,0,0
CSR_MV,D,20210407,000000,167.633,167.633,159.795,159.795,0,0
CSR_MV,D,20210409,000000,167.633,172.33,164.5,172.33,0,0
CSR_MV,D,20210412,000000,172.33,184.864,172.33,184.864,0,0
CSR_MV,D,20210413,000000,186.434,187.998,172.33,187.998,0,0
CSR_MV,D,20210414,000000,187.998,187.998,187.998,187.998,0,0
CSR_MV,D,20210415,000000,186.434,186.434,186.434,186.434,0,0
CSR_MV,D,20210416,000000,181.74,186.434,181.74,186.434,0,0
CSR_MV,D,20210419,000000,186.434,186.434,181.74,184.864,0,0
CSR_MV,D,20210420,000000,180.168,180.168,175.472,175.472,0,0
CSR_MV,D,20210423,000000,180.168,180.168,180.168,180.168,0,0
CSR_MV,D,20210426,000000,175.472,180.168,175.472,180.168,0,0
CSR_MV,D,20210427,000000,180.168,181.74,180.168,181.74,0,0
CSR_MV,D,20210428,000000,184.864,187.998,184.864,187.998,0,0
CSR_MV,D,20210429,000000,187.998,187.998,186.434,186.434,0,0
CSR_MV,D,20210430,000000,184.864,184.864,184.864,184.864,0,0
CSR_MV,D,20210504,000000,184.864,184.864,184.864,184.864,0,0
CSR_MV,D,20210505,000000,184.864,184.864,184.864,184.864,0,0
CSR_MV,D,20210507,000000,184.864,184.864,184.864,184.864,0,0
CSR_MV,D,20210510,000000,187.998,187.998,184.864,184.864,0,0
CSR_MV,D,20210511,000000,183.302,183.302,183.302,183.302,0,0
CSR_MV,D,20210512,000000,181.74,181.74,181.74,181.74,0,0
CSR_MV,D,20210513,000000,181.74,181.74,181.74,181.74,0,0
CSR_MV,D,20210514,000000,180.168,180.168,159.795,180.168,0,0
CSR_MV,D,20210517,000000,159.795,180.168,159.795,180.168,0,0
CSR_MV,D,20210519,000000,164.5,164.5,164.5,164.5,0,0
CSR_MV,D,20210520,000000,159.795,159.795,152.751,152.751,0,0
CSR_MV,D,20210524,000000,148.841,148.841,148.841,148.841,0,0
CSR_MV,D,20210525,000000,153.528,159.795,153.528,159.795,0,0
CSR_MV,D,20210527,000000,159.795,159.795,159.795,159.795,0,0
CSR_MV,D,20210528,000000,159.795,159.795,159.795,159.795,0,0
CSR_MV,D,20210531,000000,164.5,172.33,164.5,172.33,0,0
CSR_MV,D,20210601,000000,172.33,172.33,172.33,172.33,0,0
CSR_MV,D,20210602,000000,172.33,183.302,172.33,183.302,0,0
CSR_MV,D,20210604,000000,183.302,183.302,183.302,183.302,0,0
CSR_MV,D,20210607,000000,156.671,181.74,156.671,181.74,0,0
CSR_MV,D,20210608,000000,172.33,172.33,156.671,158.233,0,0
CSR_MV,D,20210609,000000,180.168,183.302,175.472,175.472,0,0
CSR_MV,D,20210610,000000,175.472,175.472,166.064,166.064,0,0
CSR_MV,D,20210611,000000,166.064,166.064,164.5,164.5,0,0
CSR_MV,D,20210614,000000,159.795,159.795,148.841,155.1,0,0
CSR_MV,D,20210615,000000,154.314,154.314,154.314,154.314,0,0
CSR_MV,D,20210618,000000,152.751,152.751,148.841,148.841,0,0
CSR_MV,D,20210621,000000,155.1,155.1,155.1,155.1,0,0
CSR_MV,D,20210622,000000,161.366,161.366,154.314,154.314,0,0
CSR_MV,D,20210623,000000,155.1,155.1,155.1,155.1,0,0
CSR_MV,D,20210624,000000,155.1,155.1,155.1,155.1,0,0
CSR_MV,D,20210625,000000,156.671,156.671,155.885,155.885,0,0
CSR_MV,D,20210629,000000,156.671,156.671,156.671,156.671,0,0
CSR_MV,D,20210630,000000,172.164,172.164,172.164,172.164,0,0
CSR_MV,D,20210705,000000,168.716,168.716,168.716,168.716,0,0
CSR_MV,D,20210707,000000,164.413,164.413,164.413,164.413,0,0
CSR_MV,D,20210708,000000,164.413,164.413,164.413,164.413,0,0
CSR_MV,D,20210709,000000,164.413,164.413,164.413,164.413,0,0
CSR_MV,D,20210712,000000,164.413,164.413,164.413,164.413,0,0
CSR_MV,D,20210713,000000,161.83,161.83,161.83,161.83,0,0
CSR_MV,D,20210714,000000,165.277,165.277,165.277,165.277,0,0
CSR_MV,D,20210715,000000,165.277,165.277,165.277,165.277,0,0
CSR_MV,D,20210719,000000,160.974,160.974,160.974,160.974,0,0
CSR_MV,D,20210721,000000,156.671,156.671,156.671,156.671,0,0
CSR_MV,D,20210722,000000,149.783,149.783,149.783,149.783,0,0
CSR_MV,D,20210723,000000,149.783,149.783,149.783,149.783,0,0
CSR_MV,D,20210726,000000,145.48,145.48,145.48,145.48,0,0
CSR_MV,D,20210727,000000,148.056,148.056,148.056,148.056,0,0
CSR_MV,D,20210729,000000,142.896,142.896,137.729,137.729,0,0
CSR_MV,D,20210730,000000,134.29,134.29,134.29,134.29,0,0
CSR_MV,D,20210803,000000,135.145,135.145,135.145,135.145,0,0
CSR_MV,D,20210804,000000,130.843,130.843,130.843,130.843,0,0
CSR_MV,D,20210805,000000,135.145,135.145,128.259,129.978,0,0
CSR_MV,D,20210806,000000,130.843,130.843,130.843,130.843,0,0
CSR_MV,D,20210809,000000,134.29,134.29,134.29,134.29,0,0
CSR_MV,D,20210810,000000,135.145,135.145,135.145,135.145,0,0
CSR_MV,D,20210811,000000,134.29,134.29,134.29,134.29,0,0
CSR_MV,D,20210812,000000,129.123,129.123,129.123,129.123,0,0
CSR_MV,D,20210813,000000,135.145,135.145,135.145,135.145,0,0
CSR_MV,D,20210816,000000,136.865,142.032,136.865,142.032,0,0
CSR_MV,D,20210817,000000,164.413,164.413,164.413,164.413,0,0
CSR_MV,D,20210818,000000,163.558,163.558,163.558,163.558,0,0
CSR_MV,D,20210819,000000,161.83,161.83,161.83,161.83,0,0
CSR_MV,D,20210820,000000,161.83,161.83,161.83,161.83,0,0
CSR_MV,D,20210825,000000,154.942,154.942,154.942,154.942,0,0
CSR_MV,D,20210827,000000,149.783,149.783,149.783,149.783,0,0
CSR_MV,D,20210831,000000,149.783,149.783,149.783,149.783,0,0
CSR_MV,D,20210901,000000,153.223,153.223,148.056,148.056,0,0
CSR_MV,D,20210903,000000,144.616,144.616,144.616,144.616,0,0
CSR_MV,D,20210906,000000,149.783,149.783,149.783,149.783,0,0
CSR_MV,D,20210914,000000,144.616,144.616,144.616,144.616,0,0
CSR_MV,D,20210917,000000,149.783,149.783,149.783,149.783,0,0
CSR_MV,D,20210920,000000,144.616,144.616,144.616,144.616,0,0
CSR_MV,D,20210921,000000,142.896,142.896,142.896,142.896,0,0
CSR_MV,D,20210927,000000,143.752,143.752,143.752,143.752,0,0
CSR_MV,D,20211006,000000,137.729,137.729,131.707,132.562,0,0
CSR_MV,D,20211012,000000,132.562,137.729,132.562,137.729,0,0
CSR_MV,D,20211019,000000,136.865,137.729,136.865,137.729,0,0
CSR_MV,D,20211020,000000,131.707,132.562,131.707,132.562,0,0
CSR_MV,D,20211021,000000,132.562,132.562,132.562,132.562,0,0
CSR_MV,D,20211025,000000,133.425,133.425,133.425,133.425,0,0
CSR_MV,D,20211026,000000,136.865,136.865,136.865,136.865,0,0
CSR_MV,D,20211102,000000,136.01,136.01,136.01,136.01,0,0
CSR_MV,D,20211104,000000,134.29,134.29,134.29,134.29,0,0
CSR_MV,D,20211108,000000,134.29,134.29,134.29,134.29,0,0
CSR_MV,D,20211109,000000,135.145,135.145,129.123,134.29,0,0
CSR_MV,D,20211110,000000,136.01,140.313,136.01,140.313,0,0
CSR_MV,D,20211112,000000,140.313,140.313,140.313,140.313,0,0
CSR_MV,D,20211115,000000,145.48,145.48,142.896,142.896,0,0
CSR_MV,D,20211117,000000,148.919,148.919,148.919,148.919,0,0
CSR_MV,D,20211118,000000,155.807,156.671,150.639,150.639,0,0
CSR_MV,D,20211119,000000,156.671,157.526,156.671,157.526,0,0
CSR_MV,D,20211122,000000,157.526,158.39,157.526,158.39,0,0
CSR_MV,D,20211123,000000,158.39,169.581,158.39,169.581,0,0
CSR_MV,D,20211124,000000,169.581,169.581,169.581,169.581,0,0
CSR_MV,D,20211126,000000,170.436,170.436,163.558,163.558,0,0
CSR_MV,D,20211129,000000,171.299,171.299,166.996,168.716,0,0
CSR_MV,D,20211130,000000,167.861,167.861,167.861,167.861,0,0
CSR_MV,D,20211202,000000,168.716,168.716,166.996,166.996,0,0
CSR_MV,D,20211206,000000,155.807,171.299,155.807,171.299,0,0
CSR_MV,D,20211207,000000,175.602,175.602,175.602,175.602,0,0
CSR_MV,D,20211208,000000,204.87,204.87,175.602,180.77,0,0
CSR_MV,D,20211209,000000,189.377,189.377,187.657,189.377,0,0
CSR_MV,D,20211210,000000,189.377,189.377,189.377,189.377,0,0
CSR_MV,D,20211213,000000,189.377,189.377,189.377,189.377,0,0
CSR_MV,D,20211214,000000,189.377,189.377,189.377,189.377,0,0
CSR_MV,D,20211215,000000,189.377,191.096,189.377,191.096,0,0
CSR_MV,D,20211220,000000,191.096,191.096,191.096,191.096,0,0
CSR_MV,D,20211222,000000,191.096,191.096,191.096,191.096,0,0
CSR_MV,D,20211223,000000,187.657,191.096,187.657,191.096,0,0
CSR_MV,D,20211227,000000,191.096,191.096,191.096,191.096,0,0
CSR_MV,D,20211228,000000,191.096,191.096,191.096,191.096,0,0
CSR_MV,D,20211229,000000,191.096,191.096,184.208,191.096,0,0
CSR_MV,D,20211230,000000,182.489,191.096,182.489,191.096,0,0
CSR_MV,D,20220103,000000,196.264,204.87,196.264,204.87,0,0
CSR_MV,D,20220104,000000,203.151,203.151,189.377,189.377,0,0
CSR_MV,D,20220105,000000,189.377,197.984,189.377,194.545,0,0
CSR_MV,D,20220107,000000,194.545,194.545,194.545,194.545,0,0
CSR_MV,D,20220110,000000,194.545,194.545,194.545,194.545,0,0
CSR_MV,D,20220112,000000,189.377,189.377,189.377,189.377,0,0
CSR_MV,D,20220117,000000,194.545,194.545,194.545,194.545,0,0
CSR_MV,D,20220119,000000,185.938,185.938,184.208,184.208,0,0
CSR_MV,D,20220120,000000,184.208,184.208,184.208,184.208,0,0
CSR_MV,D,20220121,000000,184.208,184.208,179.05,182.489,0,0
CSR_MV,D,20220124,000000,182.489,192.824,172.164,172.164,0,0
CSR_MV,D,20220125,000000,166.996,166.996,159.245,159.245,0,0
CSR_MV,D,20220127,000000,164.413,166.996,164.413,166.996,0,0
CSR_MV,D,20220131,000000,171.299,171.299,171.299,171.299,0,0
CSR_MV,D,20220201,000000,171.299,171.299,167.861,167.861,0,0
CSR_MV,D,20220202,000000,172.164,172.164,172.164,172.164,0,0
CSR_MV,D,20220204,000000,172.164,173.883,172.164,173.883,0,0
CSR_MV,D,20220207,000000,173.883,173.883,173.883,173.883,0,0
CSR_MV,D,20220208,000000,173.883,173.883,173.883,173.883,0,0
CSR_MV,D,20220209,000000,172.164,172.164,172.164,172.164,0,0
CSR_MV,D,20220214,000000,175.602,177.322,172.164,172.164,0,0
CSR_MV,D,20220215,000000,164.413,164.413,163.558,163.558,0,0
CSR_MV,D,20220221,000000,156.671,156.671,125.675,130.843,0,0
CSR_MV,D,20220222,000000,146.335,146.335,146.335,146.335,0,0
CSR_MV,D,20220223,000000,146.335,156.671,146.335,156.671,0,0
CSR_MV,D,20220224,000000,130.843,137.729,130.843,137.729,0,0
CSR_MV,D,20220228,000000,137.729,156.671,136.865,136.865,0,0
CSR_MV,D,20220303,000000,142.032,142.032,142.032,142.032,0,0
CSR_MV,D,20220307,000000,142.032,142.032,137.729,137.729,0,0
CSR_MV,D,20220308,000000,142.896,142.896,142.896,142.896,0,0
CSR_MV,D,20220309,000000,149.783,149.783,149.783,149.783,0,0
CSR_MV,D,20220310,000000,150.639,150.639,150.639,150.639,0,0
CSR_MV,D,20220311,000000,154.942,154.942,154.942,154.942,0,0
CSR_MV,D,20220314,000000,159.245,159.245,159.245,159.245,0,0
CSR_MV,D,20220315,000000,154.942,159.245,154.942,159.245,0,0
CSR_MV,D,20220316,000000,163.558,172.164,163.558,172.164,0,0
CSR_MV,D,20220317,000000,175.602,177.322,169.581,169.581,0,0
CSR_MV,D,20220318,000000,169.581,170.436,169.581,170.436,0,0
CSR_MV,D,20220321,000000,163.558,163.558,162.693,163.558,0,0
CSR_MV,D,20220323,000000,158.39,158.39,158.39,158.39,0,0
CSR_MV,D,20220330,000000,158.39,158.39,158.39,158.39,0,0
CSR_MV,D,20220331,000000,166.132,192.824,166.132,170.436,0,0
CSR_MV,D,20220401,000000,170.436,172.164,164.413,172.164,0,0
CSR_MV,D,20220404,000000,168.716,169.581,168.716,169.581,0,0
CSR_MV,D,20220411,000000,172.164,173.883,166.996,166.996,0,0
CSR_MV,D,20220412,000000,172.164,172.164,164.413,166.996,0,0
CSR_MV,D,20220413,000000,166.996,166.996,166.996,166.996,0,0
CSR_MV,D,20220422,000000,166.996,166.996,160.974,160.974,0,0
CSR_MV,D,20220428,000000,159.245,159.245,159.245,159.245,0,0
CSR_MV,D,20220504,000000,156.671,156.671,151.504,151.504,0,0
CSR_MV,D,20220506,000000,151.504,151.504,137.729,137.729,0,0
CSR_MV,D,20220513,000000,140.313,140.313,140.313,140.313,0,0
CSR_MV,D,20220516,000000,144.616,144.616,144.616,144.616,0,0
CSR_MV,D,20220518,000000,148.056,148.056,148.056,148.056,0,0
CSR_MV,D,20220520,000000,151.504,154.087,151.504,154.087,0,0
CSR_MV,D,20220523,000000,154.087,154.087,154.087,154.087,0,0
CSR_MV,D,20220524,000000,154.087,154.942,154.087,154.942,0,0
CSR_MV,D,20220525,000000,166.132,166.132,166.132,166.132,0,0
CSR_MV,D,20220526,000000,165.277,165.277,165.277,165.277,0,0
CSR_MV,D,20220527,000000,158.39,158.39,158.39,158.39,0,0
CSR_MV,D,20220602,000000,154.942,154.942,152.367,152.367,0,0
CSR_MV,D,20220603,000000,142.032,142.032,142.032,142.032,0,0
CSR_MV,D,20220606,000000,133.425,137.729,129.978,130.843,0,0
CSR_MV,D,20220610,000000,127.404,129.123,127.404,129.123,0,0
CSR_MV,D,20220613,000000,154.942,154.942,154.942,154.942,0,0
CSR_MV,D,20220623,000000,141.168,141.168,141.168,141.168,0,0
CSR_MV,D,20220627,000000,141.168,141.168,141.168,141.168,0,0
CSR_MV,D,20220705,000000,141.168,141.168,141.168,141.168,0,0
CSR_MV,D,20220711,000000,141.171,141.171,141.171,141.171,0,0
CSR_MV,D,20220712,000000,139.375,139.375,134.881,134.881,0,0
CSR_MV,D,20220713,000000,135.774,135.774,135.774,135.774,0,0
CSR_MV,D,20220714,000000,135.774,135.774,135.774,135.774,0,0
CSR_MV,D,20220718,000000,134.881,134.881,134.881,134.881,0,0
CSR_MV,D,20220721,000000,134.881,134.881,134.881,134.881,0,0
CSR_MV,D,20220722,000000,134.881,134.881,134.881,134.881,0,0
CSR_MV,D,20220725,000000,133.083,133.083,133.083,133.083,0,0
CSR_MV,D,20220729,000000,133.083,133.083,133.083,133.083,0,0
CSR_MV,D,20220801,000000,135.774,135.774,135.774,135.774,0,0
CSR_MV,D,20220802,000000,135.774,135.774,135.774,135.774,0,0
CSR_MV,D,20220804,000000,133.083,133.083,132.181,132.181,0,0
CSR_MV,D,20220805,000000,160.957,160.957,133.978,133.978,0,0
CSR_MV,D,20220809,000000,148.365,148.365,148.365,148.365,0,0
CSR_MV,D,20220810,000000,143.871,143.871,143.871,143.871,0,0
CSR_MV,D,20220811,000000,143.871,143.871,143.871,143.871,0,0
CSR_MV,D,20220816,000000,151.064,151.064,151.064,151.064,0,0
CSR_MV,D,20220819,000000,143.871,143.871,143.871,143.871,0,0
CSR_MV,D,20220822,000000,128.579,128.579,103.406,103.406,0,0
CSR_MV,D,20220823,000000,124.085,124.085,106.105,106.105,0,0
CSR_MV,D,20220824,000000,117.793,117.793,117.793,117.793,0,0
CSR_MV,D,20220826,000000,125.89,125.89,125.89,125.89,0,0
CSR_MV,D,20220909,000000,145.666,173.539,145.666,173.539,0,0
CSR_MV,D,20220913,000000,179.84,179.84,161.851,166.346,0,0
CSR_MV,D,20220914,000000,172.646,172.646,162.753,169.947,0,0
CSR_MV,D,20220915,000000,169.044,169.947,160.957,168.151,0,0
CSR_MV,D,20220916,000000,169.044,169.044,169.044,169.044,0,0
CSR_MV,D,20220919,000000,165.452,165.452,157.355,157.355,0,0
CSR_MV,D,20220920,000000,158.259,161.851,158.259,161.851,0,0
CSR_MV,D,20220921,000000,172.646,172.646,172.646,172.646,0,0
CSR_MV,D,20220922,000000,172.646,172.646,156.462,162.753,0,0
CSR_MV,D,20220923,000000,161.851,162.753,161.851,162.753,0,0
CSR_MV,D,20220926,000000,160.957,160.957,160.957,160.957,0,0
CSR_MV,D,20220927,000000,160.957,160.957,160.957,160.957,0,0
CSR_MV,D,20220928,000000,160.957,160.957,160.957,160.957,0,0
CSR_MV,D,20220929,000000,160.957,160.957,160.957,160.957,0,0
CSR_MV,D,20220930,000000,160.957,160.957,160.957,160.957,0,0
CSR_MV,D,20221004,000000,160.957,160.957,160.957,160.957,0,0
CSR_MV,D,20221005,000000,160.957,160.957,160.957,160.957,0,0
CSR_MV,D,20221006,000000,160.957,162.753,155.56,160.957,0,0
CSR_MV,D,20221007,000000,162.753,162.753,160.957,162.753,0,0
CSR_MV,D,20221010,000000,162.753,162.753,156.462,162.753,0,0
CSR_MV,D,20221011,000000,156.462,162.753,156.462,162.753,0,0
CSR_MV,D,20221012,000000,162.753,162.753,162.753,162.753,0,0
CSR_MV,D,20221013,000000,162.753,162.753,156.462,159.161,0,0
CSR_MV,D,20221014,000000,162.753,162.753,159.161,159.161,0,0
CSR_MV,D,20221017,000000,161.851,161.851,161.851,161.851,0,0
CSR_MV,D,20221018,000000,161.851,161.851,159.161,159.161,0,0
CSR_MV,D,20221019,000000,161.851,161.851,154.657,154.657,0,0
CSR_MV,D,20221020,000000,161.851,161.851,155.56,155.56,0,0
CSR_MV,D,20221021,000000,156.462,156.462,156.462,156.462,0,0
CSR_MV,D,20221024,000000,156.462,156.462,156.462,156.462,0,0
CSR_MV,D,20221025,000000,157.355,157.355,157.355,157.355,0,0
CSR_MV,D,20221026,000000,157.355,157.355,156.462,156.462,0,0
CSR_MV,D,20221027,000000,157.355,157.355,156.462,156.462,0,0
CSR_MV,D,20221028,000000,156.462,156.462,151.064,156.462,0,0
CSR_MV,D,20221031,000000,157.355,157.355,157.355,157.355,0,0
CSR_MV,D,20221102,000000,157.355,157.355,156.462,156.462,0,0
CSR_MV,D,20221103,000000,157.355,157.355,156.462,156.462,0,0
CSR_MV,D,20221104,000000,154.657,154.657,154.657,154.657,0,0
CSR_MV,D,20221107,000000,154.657,154.657,151.064,151.064,0,0
CSR_MV,D,20221108,000000,151.064,151.064,150.162,150.162,0,0
CSR_MV,D,20221109,000000,149.268,149.268,149.268,149.268,0,0
CSR_MV,D,20221110,000000,154.657,154.657,149.268,149.268,0,0
CSR_MV,D,20221114,000000,149.268,149.268,149.268,149.268,0,0
CSR_MV,D,20221115,000000,149.268,149.268,149.268,149.268,0,0
CSR_MV,D,20221116,000000,154.657,154.657,154.657,154.657,0,0
CSR_MV,D,20221117,000000,154.657,154.657,149.268,149.268,0,0
CSR_MV,D,20221118,000000,149.268,149.268,149.268,149.268,0,0
CSR_MV,D,20221121,000000,142.968,149.268,142.968,149.268,0,0
CSR_MV,D,20221122,000000,149.268,154.657,149.268,154.657,0,0
CSR_MV,D,20221123,000000,154.657,154.657,154.657,154.657,0,0
CSR_MV,D,20221124,000000,154.657,154.657,154.657,154.657,0,0
CSR_MV,D,20221125,000000,154.657,154.657,144.773,154.657,0,0
CSR_MV,D,20221128,000000,154.657,154.657,154.657,154.657,0,0
CSR_MV,D,20221129,000000,154.657,154.657,154.657,154.657,0,0
CSR_MV,D,20221130,000000,154.657,154.657,154.657,154.657,0,0
CSR_MV,D,20221201,000000,154.657,154.657,152.86,152.86,0,0
CSR_MV,D,20221202,000000,152.86,152.86,148.365,151.967,0,0
CSR_MV,D,20221205,000000,152.86,152.86,152.86,152.86,0,0
CSR_MV,D,20221206,000000,154.657,154.657,154.657,154.657,0,0
CSR_MV,D,20221207,000000,154.657,154.657,154.657,154.657,0,0
CSR_MV,D,20221208,000000,154.657,154.657,144.773,146.57,0,0
CSR_MV,D,20221209,000000,154.657,154.657,146.57,147.463,0,0
CSR_MV,D,20221212,000000,142.968,142.968,142.968,142.968,0,0
CSR_MV,D,20221213,000000,142.968,142.968,142.968,142.968,0,0
CSR_MV,D,20221214,000000,138.473,141.171,138.473,141.171,0,0
CSR_MV,D,20221215,000000,141.171,141.171,137.579,137.579,0,0
CSR_MV,D,20221216,000000,138.473,148.365,138.473,141.171,0,0
CSR_MV,D,20221219,000000,141.171,141.171,141.171,141.171,0,0
CSR_MV,D,20221220,000000,141.171,141.171,135.774,135.774,0,0
CSR_MV,D,20221221,000000,134.881,135.774,124.085,130.385,0,0
CSR_MV,D,20221222,000000,130.385,130.385,130.385,130.385,0,0
CSR_MV,D,20221223,000000,130.385,130.385,128.579,128.579,0,0
CSR_MV,D,20221227,000000,128.579,128.579,126.784,126.784,0,0
CSR_MV,D,20221228,000000,124.085,125.89,124.085,125.89,0,0
CSR_MV,D,20221229,000000,125.89,125.89,125.89,125.89,0,0
CSR_MV,D,20221230,000000,129.482,129.482,129.482,129.482,0,0
CSR_MV,D,20230102,000000,129.482,129.482,129.482,129.482,0,0
CSR_MV,D,20230103,000000,129.482,129.482,129.482,129.482,0,0
CSR_MV,D,20230104,000000,127.686,127.686,127.686,127.686,0,0
CSR_MV,D,20230105,000000,127.686,127.686,123.192,123.192,0,0
CSR_MV,D,20230109,000000,126.784,126.784,126.784,126.784,0,0
CSR_MV,D,20230110,000000,126.784,126.784,121.394,121.394,0,0
CSR_MV,D,20230111,000000,119.589,120.492,116.89,116.89,0,0
CSR_MV,D,20230112,000000,116.89,116.89,115.997,116.89,0,0
CSR_MV,D,20230113,000000,116.89,116.89,114.201,116.89,0,0
CSR_MV,D,20230116,000000,116.89,116.89,114.201,114.201,0,0
CSR_MV,D,20230117,000000,114.201,116.89,114.201,115.997,0,0
CSR_MV,D,20230118,000000,116.89,116.89,116.89,116.89,0,0
CSR_MV,D,20230119,000000,116.89,116.89,112.396,115.997,0,0
CSR_MV,D,20230120,000000,115.095,115.095,111.502,115.095,0,0
CSR_MV,D,20230123,000000,115.095,115.095,113.298,115.095,0,0
CSR_MV,D,20230124,000000,115.095,115.095,114.201,114.201,0,0
CSR_MV,D,20230125,000000,115.095,115.095,114.201,114.201,0,0
CSR_MV,D,20230126,000000,115.095,115.095,113.298,115.095,0,0
CSR_MV,D,20230127,000000,114.201,115.095,114.201,114.201,0,0
CSR_MV,D,20230130,000000,114.201,114.201,113.298,113.298,0,0
CSR_MV,D,20230131,000000,113.298,115.095,113.298,115.095,0,0
CSR_MV,D,20230201,000000,115.095,115.095,114.201,115.095,0,0
CSR_MV,D,20230202,000000,115.095,115.095,108.803,114.201,0,0
CSR_MV,D,20230203,000000,115.095,115.095,112.396,115.095,0,0
CSR_MV,D,20230206,000000,115.095,115.095,115.095,115.095,0,0
CSR_MV,D,20230207,000000,115.095,115.095,115.095,115.095,0,0
CSR_MV,D,20230208,000000,115.095,115.095,115.095,115.095,0,0
CSR_MV,D,20230209,000000,115.095,115.095,115.095,115.095,0,0
CSR_MV,D,20230210,000000,115.095,115.095,107.9,112.396,0,0
CSR_MV,D,20230213,000000,112.396,112.396,112.396,112.396,0,0
CSR_MV,D,20230214,000000,115.095,115.095,112.396,112.396,0,0
CSR_MV,D,20230215,000000,112.396,112.396,107.9,112.396,0,0
CSR_MV,D,20230216,000000,115.095,115.095,112.396,112.396,0,0
CSR_MV,D,20230217,000000,115.095,115.095,112.396,112.396,0,0
CSR_MV,D,20230220,000000,115.095,115.095,114.201,115.095,0,0
CSR_MV,D,20230221,000000,115.095,115.095,114.201,114.201,0,0
CSR_MV,D,20230222,000000,115.095,115.095,115.095,115.095,0,0
CSR_MV,D,20230223,000000,115.095,115.095,115.095,115.095,0,0
CSR_MV,D,20230224,000000,115.095,115.095,114.201,114.201,0,0
CSR_MV,D,20230227,000000,115.095,115.095,114.201,114.201,0,0
CSR_MV,D,20230228,000000,114.201,114.201,114.201,114.201,0,0
CSR_MV,D,20230301,000000,115.095,115.095,111.502,113.298,0,0
CSR_MV,D,20230302,000000,115.095,115.095,114.201,114.201,0,0
CSR_MV,D,20230303,000000,115.095,115.095,115.095,115.095,0,0
CSR_MV,D,20230306,000000,115.095,115.095,108.803,114.201,0,0
CSR_MV,D,20230307,000000,115.095,115.095,114.201,114.201,0,0
CSR_MV,D,20230308,000000,115.095,115.095,114.201,114.201,0,0
CSR_MV,D,20230309,000000,115.095,115.095,113.298,114.201,0,0
CSR_MV,D,20230310,000000,115.095,115.095,115.095,115.095,0,0
CSR_MV,D,20230313,000000,115.095,115.095,115.095,115.095,0,0
CSR_MV,D,20230314,000000,116.89,116.89,114.201,114.201,0,0
CSR_MV,D,20230315,000000,114.201,114.201,109.697,113.298,0,0
CSR_MV,D,20230316,000000,114.201,114.201,105.201,108.803,0,0
CSR_MV,D,20230317,000000,116.89,116.89,110.599,110.599,0,0
CSR_MV,D,20230320,000000,114.201,114.201,114.201,114.201,0,0
CSR_MV,D,20230321,000000,116.89,116.89,114.201,114.201,0,0
CSR_MV,D,20230322,000000,114.201,114.201,114.201,114.201,0,0
CSR_MV,D,20230323,000000,112.396,117.793,112.396,117.793,0,0
CSR_MV,D,20230324,000000,121.394,121.394,118.696,118.696,0,0
CSR_MV,D,20230327,000000,121.394,121.394,114.201,121.394,0,0
CSR_MV,D,20230328,000000,121.394,121.394,116.89,116.89,0,0
CSR_MV,D,20230329,000000,121.394,121.394,121.394,121.394,0,0
CSR_MV,D,20230330,000000,119.589,119.589,116.89,116.89,0,0
CSR_MV,D,20230331,000000,121.394,121.394,121.394,121.394,0,0
CSR_MV,D,20230403,000000,121.394,121.394,121.394,121.394,0,0
CSR_MV,D,20230404,000000,121.394,121.394,121.394,121.394,0,0
CSR_MV,D,20230405,000000,121.394,121.394,121.394,121.394,0,0
CSR_MV,D,20230406,000000,120.492,120.492,120.492,120.492,0,0
CSR_MV,D,20230411,000000,120.492,120.492,113.298,120.492,0,0
CSR_MV,D,20230412,000000,120.492,120.492,115.095,119.589,0,0
CSR_MV,D,20230413,000000,120.492,120.492,115.095,120.492,0,0
CSR_MV,D,20230414,000000,120.492,120.492,120.492,120.492,0,0
CSR_MV,D,20230417,000000,120.492,120.492,120.492,120.492,0,0
CSR_MV,D,20230418,000000,120.492,120.492,120.492,120.492,0,0
CSR_MV,D,20230419,000000,120.492,120.492,120.492,120.492,0,0
CSR_MV,D,20230420,000000,118.696,118.696,115.095,115.095,0,0
CSR_MV,D,20230421,000000,120.492,120.492,115.095,115.095,0,0
CSR_MV,D,20230424,000000,115.997,115.997,110.599,115.095,0,0
CSR_MV,D,20230425,000000,119.589,119.589,105.201,105.201,0,0
CSR_MV,D,20230426,000000,107.007,107.007,98.9097,99.8129,0,0
CSR_MV,D,20230427,000000,100.707,107.007,99.8129,99.8129,0,0
CSR_MV,D,20230428,000000,99.8129,99.8129,92.6188,92.6188,0,0
CSR_MV,D,20230502,000000,92.6188,92.6188,90.8135,90.8135,0,0
CSR_MV,D,20230504,000000,91.7161,95.3177,90.8135,95.3177,0,0
CSR_MV,D,20230505,000000,95.3177,95.3177,93.5123,95.3177,0,0
CSR_MV,D,20230508,000000,95.3177,95.3177,95.3177,95.3177,0,0
CSR_MV,D,20230509,000000,95.3177,95.3177,95.3177,95.3177,0,0
CSR_MV,D,20230510,000000,95.3177,95.3177,93.5123,94.415,0,0
CSR_MV,D,20230511,000000,95.3177,95.3177,91.7161,94.415,0,0
CSR_MV,D,20230512,000000,95.3177,95.3177,94.415,94.415,0,0
CSR_MV,D,20230515,000000,95.3177,95.3177,95.3177,95.3177,0,0
CSR_MV,D,20230516,000000,95.3177,95.3177,91.7161,94.415,0,0
CSR_MV,D,20230517,000000,95.3177,95.3177,90.8135,90.8135,0,0
CSR_MV,D,20230518,000000,90.8135,95.3177,90.8135,95.3177,0,0
CSR_MV,D,20230519,000000,95.3177,95.3177,95.3177,95.3177,0,0
CSR_MV,D,20230522,000000,95.3177,95.3177,93.5123,93.5123,0,0
CSR_MV,D,20230523,000000,93.5123,95.3177,93.5123,95.3177,0,0
CSR_MV,D,20230524,000000,95.3177,95.3177,95.3177,95.3177,0,0
CSR_MV,D,20230525,000000,95.3177,95.3177,95.3177,95.3177,0,0
CSR_MV,D,20230526,000000,95.3177,95.3177,95.3177,95.3177,0,0
CSR_MV,D,20230529,000000,95.3177,102.513,95.3177,99.8129,0,0
CSR_MV,D,20230530,000000,102.513,102.513,102.513,102.513,0,0
CSR_MV,D,20230531,000000,102.513,102.513,102.513,102.513,0,0
CSR_MV,D,20230601,000000,102.513,102.513,98.9097,98.9097,0,0
CSR_MV,D,20230602,000000,100.707,100.707,100.707,100.707,0,0
CSR_MV,D,20230605,000000,102.513,102.513,95.3177,99.8129,0,0
CSR_MV,D,20230606,000000,100.707,100.707,100.707,100.707,0,0
CSR_MV,D,20230607,000000,98.9097,98.9097,98.9097,98.9097,0,0
CSR_MV,D,20230609,000000,98.9097,98.9097,89.9199,89.9199,0,0
CSR_MV,D,20230612,000000,89.9199,96.2112,89.9199,96.2112,0,0
CSR_MV,D,20230613,000000,98.9097,98.9097,98.0079,98.0079,0,0
CSR_MV,D,20230614,000000,98.9097,98.9097,98.0079,98.0079,0,0
CSR_MV,D,20230615,000000,98.0079,98.0079,98.0079,98.0079,0,0
CSR_MV,D,20230616,000000,98.0079,98.0079,98.0079,98.0079,0,0
CSR_MV,D,20230619,000000,101.609,101.609,98.0079,101.609,0,0
CSR_MV,D,20230620,000000,101.609,101.609,98.0079,98.0079,0,0
CSR_MV,D,20230621,000000,101.609,101.609,99.8129,99.8129,0,0
CSR_MV,D,20230622,000000,98.9097,101.609,98.9097,101.609,0,0
CSR_MV,D,20230623,000000,103.406,107.9,99.8129,107.9,0,0
CSR_MV,D,20230626,000000,110.738,110.738,102.226,102.226,0,0
CSR_MV,D,20230627,000000,106.006,106.006,99.3844,99.3844,0,0
CSR_MV,D,20230628,000000,104.115,104.115,102.226,102.226,0,0
CSR_MV,D,20230629,000000,104.115,104.115,104.115,104.115,0,0
CSR_MV,D,20230630,000000,104.115,104.115,104.115,104.115,0,0
CSR_MV,D,20230703,000000,105.066,105.066,99.3844,99.3844,0,0
CSR_MV,D,20230704,000000,104.115,104.115,101.275,103.166,0,0
CSR_MV,D,20230705,000000,104.115,104.115,100.335,100.335,0,0
CSR_MV,D,20230706,000000,104.115,104.115,96.5433,104.115,0,0
CSR_MV,D,20230707,000000,104.115,104.115,102.226,102.226,0,0
CSR_MV,D,20230710,000000,104.115,104.115,104.115,104.115,0,0
CSR_MV,D,20230711,000000,104.115,104.115,102.226,102.226,0,0
CSR_MV,D,20230712,000000,104.115,104.115,104.115,104.115,0,0
CSR_MV,D,20230713,000000,104.115,104.115,104.115,104.115,0,0
CSR_MV,D,20230714,000000,104.115,104.115,104.115,104.115,0,0
CSR_MV,D,20230717,000000,104.115,104.115,102.226,102.226,0,0
CSR_MV,D,20230718,000000,104.115,104.115,102.226,102.226,0,0
CSR_MV,D,20230719,000000,104.115,123.042,104.115,123.042,0,0
CSR_MV,D,20230720,000000,125.884,125.884,120.211,125.884,0,0
CSR_MV,D,20230721,000000,125.884,125.884,125.884,125.884,0,0
CSR_MV,D,20230724,000000,125.884,125.884,123.042,125.884,0,0
CSR_MV,D,20230725,000000,125.884,125.884,125.884,125.884,0,0
CSR_MV,D,20230726,000000,125.884,125.884,124.943,124.943,0,0
CSR_MV,D,20230727,000000,123.042,123.042,123.042,123.042,0,0
CSR_MV,D,20230728,000000,123.042,123.042,120.211,123.042,0,0
CSR_MV,D,20230731,000000,123.042,123.042,123.042,123.042,0,0
CSR_MV,D,20230801,000000,122.102,122.102,122.102,122.102,0,0
CSR_MV,D,20230802,000000,116.421,116.421,116.421,116.421,0,0
CSR_MV,D,20230803,000000,116.421,121.152,114.53,119.261,0,0
CSR_MV,D,20230804,000000,123.042,123.042,113.579,113.579,0,0
CSR_MV,D,20230807,000000,123.042,123.042,117.37,117.37,0,0
CSR_MV,D,20230808,000000,123.042,123.042,111.689,111.689,0,0
CSR_MV,D,20230809,000000,111.689,113.579,111.689,113.579,0,0
CSR_MV,D,20230810,000000,113.579,113.579,113.579,113.579,0,0
CSR_MV,D,20230811,000000,114.53,114.53,114.53,114.53,0,0
CSR_MV,D,20230814,000000,113.579,123.042,113.579,123.042,0,0
CSR_MV,D,20230816,000000,123.042,123.042,123.042,123.042,0,0
CSR_MV,D,20230817,000000,123.042,123.042,123.042,123.042,0,0
CSR_MV,D,20230818,000000,123.042,123.042,123.042,123.042,0,0
CSR_MV,D,20230821,000000,123.042,123.042,111.689,111.689,0,0
CSR_MV,D,20230822,000000,111.689,111.689,108.847,111.689,0,0
CSR_MV,D,20230823,000000,113.579,113.579,108.847,111.689,0,0
CSR_MV,D,20230824,000000,111.689,111.689,111.689,111.689,0,0
CSR_MV,D,20230825,000000,109.798,111.689,109.798,111.689,0,0
CSR_MV,D,20230828,000000,110.738,110.738,109.798,109.798,0,0
CSR_MV,D,20230829,000000,110.738,111.689,110.738,111.689,0,0
CSR_MV,D,20230830,000000,112.639,112.639,111.689,112.639,0,0
CSR_MV,D,20230831,000000,112.639,112.639,110.738,110.738,0,0
CSR_MV,D,20230901,000000,112.639,112.639,111.689,111.689,0,0
CSR_MV,D,20230904,000000,113.579,113.579,113.579,113.579,0,0
CSR_MV,D,20230905,000000,113.579,113.579,113.579,113.579,0,0
CSR_MV,D,20230906,000000,108.847,108.847,108.847,108.847,0,0
CSR_MV,D,20230907,000000,108.847,108.847,108.847,108.847,0,0
CSR_MV,D,20230908,000000,108.847,108.847,108.847,108.847,0,0
CSR_MV,D,20230911,000000,113.579,113.579,113.579,113.579,0,0
CSR_MV,D,20230912,000000,113.579,113.579,113.579,113.579,0,0
CSR_MV,D,20230913,000000,113.579,113.579,113.579,113.579,0,0
CSR_MV,D,20230914,000000,113.579,113.579,107.907,108.847,0,0
CSR_MV,D,20230915,000000,109.798,109.798,103.166,103.166,0,0
CSR_MV,D,20230918,000000,109.798,109.798,99.3844,99.3844,0,0
CSR_MV,D,20230919,000000,99.3844,99.3844,98.4341,98.4341,0,0
CSR_MV,D,20230920,000000,99.3844,102.226,91.8116,93.2321,0,0
CSR_MV,D,20230921,000000,94.6515,94.6525,94.6515,94.6525,0,0
CSR_MV,D,20230922,000000,95.5979,95.5979,95.5931,95.5931,0,0
CSR_MV,D,20230925,000000,99.3844,99.3844,99.3844,99.3844,0,0
CSR_MV,D,20230926,000000,104.115,104.115,104.115,104.115,0,0
CSR_MV,D,20230927,000000,104.115,104.115,104.115,104.115,0,0
CSR_MV,D,20230928,000000,104.115,104.115,104.115,104.115,0,0
CSR_MV,D,20230929,000000,103.166,103.166,103.166,103.166,0,0
CSR_MV,D,20231002,000000,104.115,104.115,103.166,104.115,0,0
CSR_MV,D,20231003,000000,109.798,109.798,104.115,109.798,0,0
CSR_MV,D,20231004,000000,109.798,109.798,109.798,109.798,0,0
CSR_MV,D,20231005,000000,109.798,109.798,109.798,109.798,0,0
CSR_MV,D,20231006,000000,109.798,109.798,109.798,109.798,0,0
CSR_MV,D,20231009,000000,109.798,109.798,109.798,109.798,0,0
CSR_MV,D,20231010,000000,109.798,109.798,109.798,109.798,0,0
CSR_MV,D,20231011,000000,109.798,109.798,109.798,109.798,0,0
CSR_MV,D,20231012,000000,109.798,109.798,109.798,109.798,0,0
CSR_MV,D,20231013,000000,109.798,109.798,109.798,109.798,0,0
CSR_MV,D,20231016,000000,109.798,109.798,109.798,109.798,0,0
CSR_MV,D,20231017,000000,109.798,109.798,109.798,109.798,0,0
CSR_MV,D,20231018,000000,109.798,109.798,109.798,109.798,0,0
CSR_MV,D,20231019,000000,109.798,109.798,99.3844,99.3844,0,0
CSR_MV,D,20231020,000000,104.115,109.798,94.1784,94.1823,0,0
CSR_MV,D,20231023,000000,99.3844,103.166,94.6515,102.226,0,0
CSR_MV,D,20231024,000000,99.3844,99.3844,92.758,92.7618,0,0
CSR_MV,D,20231025,000000,92.758,97.4935,92.758,97.4935,0,0
CSR_MV,D,20231026,000000,97.4935,97.4935,93.2311,93.2321,0,0
CSR_MV,D,20231027,000000,97.4935,97.4935,92.2819,92.2819,0,0
CSR_MV,D,20231030,000000,97.4935,97.4935,95.5979,96.5433,0,0
CSR_MV,D,20231031,000000,97.4935,97.4935,90.8653,96.5433,0,0
CSR_MV,D,20231102,000000,99.3844,99.3844,96.5433,99.3844,0,0
CSR_MV,D,20231103,000000,99.3844,99.3844,99.3844,99.3844,0,0
CSR_MV,D,20231106,000000,90.8653,90.8653,90.8614,90.8614,0,0
CSR_MV,D,20231107,000000,90.8653,90.8653,90.8614,90.8614,0,0
CSR_MV,D,20231108,000000,90.8653,90.8653,90.8614,90.8614,0,0
CSR_MV,D,20231109,000000,94.6515,94.6525,94.6515,94.6525,0,0
CSR_MV,D,20231110,000000,94.6515,94.6525,94.6515,94.6525,0,0
CSR_MV,D,20231113,000000,90.8653,99.3844,90.8653,92.7618,0,0
CSR_MV,D,20231114,000000,94.6515,94.6525,94.6515,94.6525,0,0
CSR_MV,D,20231115,000000,92.758,92.7618,92.758,92.7618,0,0
CSR_MV,D,20231116,000000,92.758,96.5433,92.758,96.5433,0,0
CSR_MV,D,20231117,000000,95.5979,99.3844,94.1784,99.3844,0,0
CSR_MV,D,20231120,000000,99.3844,99.3844,99.3844,99.3844,0,0
CSR_MV,D,20231121,000000,99.3844,99.3844,99.3844,99.3844,0,0
CSR_MV,D,20231122,000000,95.5979,99.3844,94.6515,99.3844,0,0
CSR_MV,D,20231123,000000,99.3844,99.3844,99.3844,99.3844,0,0
CSR_MV,D,20231124,000000,99.3844,99.3844,94.1784,94.1823,0,0
CSR_MV,D,20231127,000000,99.3844,99.3844,99.3844,99.3844,0,0
CSR_MV,D,20231128,000000,99.3844,99.3844,89.919,96.5433,0,0
CSR_MV,D,20231129,000000,96.5433,96.5433,89.4458,96.5433,0,0
CSR_MV,D,20231130,000000,96.5433,96.5433,88.9726,96.5433,0,0
CSR_MV,D,20231201,000000,94.6515,96.5433,90.8653,94.6525,0,0
CSR_MV,D,20231204,000000,96.5433,96.5433,91.3385,96.5433,0,0
CSR_MV,D,20231205,000000,96.5433,96.5433,87.5522,92.7618,0,0
CSR_MV,D,20231206,000000,92.758,92.758,86.6058,91.8116,0,0
CSR_MV,D,20231207,000000,89.919,89.919,85.6595,88.9707,0,0
CSR_MV,D,20231208,000000,88.9726,88.9726,86.6058,87.08,0,0
CSR_MV,D,20231211,000000,87.079,94.1784,87.079,92.7618,0,0
CSR_MV,D,20231212,000000,95.5979,95.5979,95.5931,95.5931,0,0
CSR_MV,D,20231213,000000,93.2311,93.2321,89.919,93.2321,0,0
CSR_MV,D,20231214,000000,95.5979,95.5979,95.5931,95.5931,0,0
CSR_MV,D,20231215,000000,95.5979,95.5979,95.5931,95.5931,0,0
CSR_MV,D,20231218,000000,90.8653,90.8653,90.3912,90.3912,0,0
CSR_MV,D,20231219,000000,90.8653,90.8653,90.8614,90.8614,0,0
CSR_MV,D,20231220,000000,90.8653,90.8653,86.6058,86.6096,0,0
CSR_MV,D,20231221,000000,90.8653,90.8653,87.079,87.08,0,0
CSR_MV,D,20231222,000000,90.8653,90.8653,86.1298,86.1298,0,0
CSR_MV,D,20231227,000000,90.8653,90.8653,90.8614,90.8614,0,0
CSR_MV,D,20231228,000000,88.9726,88.9726,88.9707,88.9707,0,0
CSR_MV,D,20231229,000000,82.8195,84.24,81.3981,81.3981,0,0
CSR_MV,D,20240102,000000,81.4,84.24,81.4,84.239,0,0
CSR_MV,D,20240103,000000,84.24,85.1892,84.24,85.1892,0,0
CSR_MV,D,20240104,000000,85.1863,85.1892,85.1863,85.1892,0,0
CSR_MV,D,20240105,000000,89.919,89.919,81.8732,85.1892,0,0
CSR_MV,D,20240108,000000,84.24,85.1892,84.24,85.1892,0,0
CSR_MV,D,20240109,000000,85.1863,85.1892,85.1863,85.1892,0,0
CSR_MV,D,20240110,000000,86.1326,88.5004,84.7131,88.5004,0,0
CSR_MV,D,20240111,000000,88.4985,88.9726,88.0253,88.9707,0,0
CSR_MV,D,20240112,000000,90.3921,90.3921,90.3912,90.3912,0,0
CSR_MV,D,20240115,000000,89.919,90.3921,86.1326,90.3912,0,0
CSR_MV,D,20240116,000000,96.5433,96.5433,87.079,87.08,0,0
CSR_MV,D,20240117,000000,88.0253,89.4458,88.0253,89.441,0,0
CSR_MV,D,20240118,000000,95.5979,95.5979,89.4458,92.7618,0,0
CSR_MV,D,20240119,000000,92.758,92.7618,92.758,92.7618,0,0
CSR_MV,D,20240122,000000,94.6515,94.6515,88.9726,91.3413,0,0
CSR_MV,D,20240123,000000,91.3385,91.3385,88.4985,88.9707,0,0
CSR_MV,D,20240124,000000,91.3385,91.3413,91.3385,91.3413,0,0
CSR_MV,D,20240125,000000,91.3385,91.3413,91.3385,91.3413,0,0
CSR_MV,D,20240126,000000,90.8653,90.8653,90.8614,90.8614,0,0
CSR_MV,D,20240129,000000,93.2311,93.2311,88.0253,88.0301,0,0
CSR_MV,D,20240130,000000,91.3385,91.3413,91.3385,91.3413,0,0
CSR_MV,D,20240131,000000,90.3921,91.3385,88.0253,88.9707,0,0
CSR_MV,D,20240201,000000,89.919,89.9208,89.919,89.9208,0,0
CSR_MV,D,20240202,000000,88.4985,89.9208,87.5522,88.0301,0,0
CSR_MV,D,20240205,000000,88.0253,88.0301,88.0253,88.0301,0,0
CSR_MV,D,20240206,000000,88.0253,88.0253,87.5502,87.5502,0,0
CSR_MV,D,20240207,000000,87.5522,87.5522,87.5502,87.5502,0,0
CSR_MV,D,20240208,000000,88.0253,88.0301,88.0253,88.0301,0,0
CSR_MV,D,20240209,000000,88.0253,88.0301,88.0253,88.0301,0,0
CSR_MV,D,20240212,000000,88.0253,88.0301,88.0253,88.0301,0,0
CSR_MV,D,20240213,000000,88.0253,88.0301,88.0253,88.0301,0,0
CSR_MV,D,20240214,000000,88.0253,88.0301,88.0253,88.0301,0,0
CSR_MV,D,20240215,000000,88.0253,88.0301,88.0253,88.0301,0,0
CSR_MV,D,20240216,000000,88.0253,88.0301,88.0253,88.0301,0,0
CSR_MV,D,20240219,000000,88.0253,88.0301,88.0253,88.0301,0,0
CSR_MV,D,20240220,000000,88.0253,88.0301,88.0253,88.0301,0,0
CSR_MV,D,20240221,000000,88.0253,88.0301,85.1863,88.0301,0,0
CSR_MV,D,20240222,000000,88.0253,88.0301,88.0253,88.0301,0,0
CSR_MV,D,20240223,000000,88.0253,88.0301,88.0253,88.0301,0,0
CSR_MV,D,20240226,000000,88.0253,88.0301,88.0253,88.0301,0,0
CSR_MV,D,20240227,000000,88.0253,88.0301,88.0253,88.0301,0,0
CSR_MV,D,20240228,000000,88.0253,88.0253,85.1863,86.1298,0,0
CSR_MV,D,20240229,000000,88.0253,88.0301,88.0253,88.0301,0,0
CSR_MV,D,20240301,000000,88.0253,88.0301,88.0253,88.0301,0,0
CSR_MV,D,20240304,000000,88.0253,88.0253,88.0253,88.0253,0,0
CSR_MV,D,20240305,000000,88.0253,88.0301,88.0253,88.0301,0,0
CSR_MV,D,20240306,000000,88.0253,88.0253,84.7131,85.1892,0,0
CSR_MV,D,20240307,000000,85.1863,85.1892,85.1863,85.1892,0,0
CSR_MV,D,20240308,000000,83.2927,83.2927,83.2889,83.2889,0,0
CSR_MV,D,20240311,000000,83.2927,85.1892,83.2927,85.1892,0,0
CSR_MV,D,20240312,000000,85.1863,85.1892,85.1863,85.1892,0,0
CSR_MV,D,20240313,000000,85.1863,85.1892,85.1863,85.1892,0,0
CSR_MV,D,20240314,000000,85.1863,85.1892,83.2927,85.1892,0,0
CSR_MV,D,20240315,000000,85.1863,85.1863,85.1863,85.1863,0,0
CSR_MV,D,20240318,000000,85.1863,85.6595,85.1863,85.6595,0,0
CSR_MV,D,20240319,000000,81.4,84.7131,81.4,84.7093,0,0
CSR_MV,D,20240320,000000,86.1326,86.1326,86.1298,86.1298,0,0
CSR_MV,D,20240321,000000,86.1326,86.1326,86.1298,86.1298,0,0
CSR_MV,D,20240322,000000,86.1326,86.1326,86.1298,86.1298,0,0
CSR_MV,D,20240325,000000,85.1863,85.6595,85.1863,85.6595,0,0
CSR_MV,D,20240326,000000,85.6595,85.6595,85.6595,85.6595,0,0
CSR_MV,D,20240327,000000,85.1863,85.1892,85.1863,85.1892,0,0
CSR_MV,D,20240328,000000,85.1863,85.1892,85.1863,85.1892,0,0
CSR_MV,D,20240402,000000,85.1863,85.1892,85.1863,85.1892,0,0
CSR_MV,D,20240403,000000,85.1863,85.1892,85.1863,85.1892,0,0
CSR_MV,D,20240404,000000,85.1863,85.1863,82.3463,82.8185,0,0
CSR_MV,D,20240405,000000,82.8195,82.8195,82.8185,82.8185,0,0
CSR_MV,D,20240408,000000,81.4,81.4,81.3981,81.3981,0,0
CSR_MV,D,20240409,000000,81.4,81.4,81.3981,81.3981,0,0
CSR_MV,D,20240410,000000,81.4,81.4,81.3981,81.3981,0,0
CSR_MV,D,20240411,000000,84.24,84.24,84.239,84.239,0,0
CSR_MV,D,20240412,000000,84.24,84.24,84.239,84.239,0,0
CSR_MV,D,20240415,000000,88.0253,88.0253,82.8185,82.8185,0,0
CSR_MV,D,20240416,000000,83.2927,85.6595,83.2927,85.6595,0,0
CSR_MV,D,20240417,000000,88.0253,88.0301,88.0253,88.0301,0,0
CSR_MV,D,20240418,000000,86.6058,86.6096,86.6058,86.6096,0,0
CSR_MV,D,20240419,000000,86.1326,86.1326,81.3981,81.3981,0,0
CSR_MV,D,20240422,000000,80.9268,80.9268,79.0342,79.0371,0,0
CSR_MV,D,20240423,000000,79.0342,79.0371,79.0342,79.0371,0,0
CSR_MV,D,20240424,000000,78.0869,79.0371,78.0869,79.0371,0,0
CSR_MV,D,20240425,000000,78.0869,79.0371,78.0869,79.0371,0,0
CSR_MV,D,20240426,000000,78.0869,79.0371,78.0869,79.0371,0,0
CSR_MV,D,20240429,000000,78.0869,79.0371,78.0869,79.0371,0,0
CSR_MV,D,20240430,000000,78.0869,78.0869,78.0869,78.0869,0,0
CSR_MV,D,20240502,000000,78.0869,78.0869,78.0869,78.0869,0,0
CSR_MV,D,20240506,000000,78.0869,85.1892,78.0869,85.1892,0,0
CSR_MV,D,20240507,000000,84.7131,84.7131,84.239,84.239,0,0
CSR_MV,D,20240508,000000,84.24,84.7131,83.7668,84.7093,0,0
CSR_MV,D,20240509,000000,84.7131,84.7131,84.7093,84.7093,0,0
CSR_MV,D,20240510,000000,84.7131,84.7131,84.7093,84.7093,0,0
CSR_MV,D,20240513,000000,84.7131,84.7131,83.7668,83.7688,0,0
CSR_MV,D,20240514,000000,83.7668,83.7688,83.7668,83.7688,0,0
CSR_MV,D,20240515,000000,84.7131,84.7131,84.7093,84.7093,0,0
CSR_MV,D,20240516,000000,83.7668,83.7668,80.4537,80.4576,0,0
CSR_MV,D,20240517,000000,84.7131,84.7131,84.7093,84.7093,0,0
CSR_MV,D,20240520,000000,78.5601,79.5073,78.5601,79.5073,0,0
CSR_MV,D,20240521,000000,84.7131,84.7131,80.4537,80.4576,0,0
CSR_MV,D,20240522,000000,78.5601,78.5601,76.6674,78.5572,0,0
CSR_MV,D,20240523,000000,75.7211,78.0869,75.7211,78.0869,0,0
CSR_MV,D,20240524,000000,78.0869,78.0869,78.0869,78.0869,0,0
CSR_MV,D,20240527,000000,78.0869,78.0869,78.0869,78.0869,0,0
CSR_MV,D,20240528,000000,78.0869,78.0869,78.0869,78.0869,0,0
CSR_MV,D,20240529,000000,78.0869,78.5601,78.0869,78.5572,0,0
CSR_MV,D,20240531,000000,75.7211,78.5601,75.7211,78.5572,0,0
CSR_MV,D,20240603,000000,78.5601,78.5601,78.5572,78.5572,0,0
CSR_MV,D,20240604,000000,78.0869,78.0869,77.6138,78.0869,0,0
CSR_MV,D,20240605,000000,78.0869,82.3483,78.0869,82.3483,0,0
CSR_MV,D,20240606,000000,82.3463,82.3483,82.3463,82.3483,0,0
CSR_MV,D,20240607,000000,82.3463,82.3483,82.3463,82.3483,0,0
CSR_MV,D,20240610,000000,88.0253,88.0301,88.0253,88.0301,0,0
CSR_MV,D,20240611,000000,83.2927,83.2927,83.2889,83.2889,0,0
CSR_MV,D,20240612,000000,79.5073,79.5073,79.5073,79.5073,0,0
CSR_MV,D,20240613,000000,79.5073,79.5073,79.5073,79.5073,0,0
CSR_MV,D,20240614,000000,79.5073,79.5073,79.5073,79.5073,0,0
CSR_MV,D,20240617,000000,82.8195,82.8195,79.0342,79.0371,0,0
CSR_MV,D,20240618,000000,81.4,81.4,81.4,81.4,0,0
CSR_MV,D,20240619,000000,81.4,81.4,78.0869,78.0869,0,0
CSR_MV,D,20240620,000000,81.8732,81.8779,81.8732,81.8779,0,0
CSR_MV,D,20240621,000000,80.9268,80.9268,80.4537,80.4576,0,0
CSR_MV,D,20240624,000000,80.4537,80.9278,78.0869,80.9278,0,0
CSR_MV,D,20240625,000000,80.9268,80.9278,80.9268,80.9278,0,0
CSR_MV,D,20240626,000000,78.0869,79.5073,78.0869,79.5073,0,0
CSR_MV,D,20240627,000000,77.1406,80.9278,77.1406,80.9278,0,0
CSR_MV,D,20240628,000000,80.9268,80.9278,80.9268,80.9278,0,0
CSR_MV,D,20240701,000000,80.4537,80.9278,79.5073,80.9278,0,0
CSR_MV,D,20240702,000000,79.5073,80.9278,79.5073,80.9278,0,0
CSR_MV,D,20240703,000000,79.5073,80.9278,79.5073,80.9278,0,0
CSR_MV,D,20240704,000000,78.5601,80.9278,78.5601,80.9278,0,0
CSR_MV,D,20240705,000000,79.0342,80.9278,79.0342,80.9278,0,0
CSR_MV,D,20240708,000000,79.9572,82.8662,79.9572,82.8662,0,0
CSR_MV,D,20240709,000000,80.4417,82.8662,80.4417,82.8662,0,0
CSR_MV,D,20240710,000000,80.4417,83.8342,80.4417,82.3847,0,0
CSR_MV,D,20240711,000000,82.3807,82.3847,82.3807,82.3847,0,0
CSR_MV,D,20240712,000000,83.8342,83.8391,83.8342,83.8391,0,0
CSR_MV,D,20240715,000000,80.4417,80.4417,80.4388,80.4388,0,0
CSR_MV,D,20240716,000000,80.4417,80.4417,80.4388,80.4388,0,0
CSR_MV,D,20240717,000000,80.4417,80.4417,80.4388,80.4388,0,0
CSR_MV,D,20240718,000000,83.8342,83.8342,79.9572,82.8662,0,0
CSR_MV,D,20240719,000000,83.8342,83.8391,83.8342,83.8391,0,0
CSR_MV,D,20240722,000000,83.8342,83.8391,83.8342,83.8391,0,0
CSR_MV,D,20240723,000000,83.8342,83.8391,83.8342,83.8391,0,0
CSR_MV,D,20240724,000000,83.8342,83.8342,82.8652,82.8662,0,0
CSR_MV,D,20240725,000000,83.8342,83.8342,79.9572,82.8662,0,0
CSR_MV,D,20240726,000000,82.8652,82.8662,82.8652,82.8662,0,0
CSR_MV,D,20240729,000000,83.8342,83.8391,83.8342,83.8391,0,0
CSR_MV,D,20240730,000000,83.8342,83.8391,82.8652,82.8662,0,0
CSR_MV,D,20240731,000000,78.0192,82.8662,78.0192,82.8662,0,0
CSR_MV,D,20240801,000000,78.0192,80.9302,78.0192,80.9302,0,0
CSR_MV,D,20240802,000000,78.0192,82.8662,78.0192,82.8662,0,0
CSR_MV,D,20240805,000000,82.8652,82.8652,77.5298,77.5298,0,0
CSR_MV,D,20240806,000000,81.8962,81.8962,77.5298,77.5298,0,0
CSR_MV,D,20240807,000000,82.8652,82.8662,82.8652,82.8662,0,0
CSR_MV,D,20240808,000000,82.8652,82.8662,82.8652,82.8662,0,0
CSR_MV,D,20240809,000000,82.8662,82.8662,82.8662,82.8662,0,0
CSR_MV,D,20240812,000000,82.8652,82.8652,74.6268,74.6307,0,0
CSR_MV,D,20240813,000000,74.6268,74.6307,74.6268,74.6307,0,0
CSR_MV,D,20240814,000000,74.6268,74.6307,74.6268,74.6307,0,0
CSR_MV,D,20240816,000000,74.6268,74.6307,74.6268,74.6307,0,0
CSR_MV,D,20240819,000000,74.6268,74.6307,74.6268,74.6307,0,0
CSR_MV,D,20240820,000000,74.6268,77.0502,74.6268,77.0483,0,0
CSR_MV,D,20240821,000000,82.8652,82.8662,82.8652,82.8662,0,0
CSR_MV,D,20240822,000000,76.5657,77.0502,76.5657,77.0483,0,0
CSR_MV,D,20240823,000000,77.0502,77.0502,72.6848,72.6848,0,0
CSR_MV,D,20240826,000000,72.6888,72.6888,72.6848,72.6848,0,0
CSR_MV,D,20240827,000000,72.6888,76.5667,72.6888,76.5667,0,0
CSR_MV,D,20240828,000000,82.8652,82.8652,76.0812,76.0852,0,0
CSR_MV,D,20240829,000000,73.6578,78.9882,73.6578,78.9843,0,0
CSR_MV,D,20240830,000000,78.9882,78.9882,78.9843,78.9843,0,0
CSR_MV,D,20240902,000000,83.8342,83.8342,75.1113,75.1113,0,0
CSR_MV,D,20240903,000000,81.4117,81.4117,76.0812,76.0852,0,0
CSR_MV,D,20240904,000000,77.5347,77.5347,77.5298,77.5298,0,0
CSR_MV,D,20240905,000000,83.8342,83.8342,77.5298,77.5298,0,0
CSR_MV,D,20240906,000000,78.5037,78.5037,78.5028,78.5028,0,0
CSR_MV,D,20240909,000000,79.4727,79.4727,74.6268,74.6307,0,0
CSR_MV,D,20240910,000000,78.5037,78.5037,73.6578,75.1122,0,0
CSR_MV,D,20240911,000000,78.5037,78.5037,78.5028,78.5028,0,0
CSR_MV,D,20240912,000000,78.5037,78.5037,78.5028,78.5028,0,0
CSR_MV,D,20240913,000000,82.8652,83.8391,82.8652,83.8391,0,0
CSR_MV,D,20240916,000000,83.8342,83.8391,83.8342,83.8391,0,0
CSR_MV,D,20240917,000000,83.8342,83.8391,83.8342,83.8391,0,0
CSR_MV,D,20240918,000000,83.8342,83.8391,83.8342,83.8391,0,0
CSR_MV,D,20240919,000000,83.8342,83.8391,83.8342,83.8391,0,0
CSR_MV,D,20240920,000000,83.8342,83.8391,83.8342,83.8391,0,0
CSR_MV,D,20240924,000000,76.0812,76.0852,76.0812,76.0852,0,0
CSR_MV,D,20240925,000000,76.5657,76.5667,76.5657,76.5667,0,0
CSR_MV,D,20240926,000000,82.3807,82.3847,76.5667,82.3847,0,0
CSR_MV,D,20240927,000000,82.3807,82.3807,77.5298,77.5298,0,0
CSR_MV,D,20240930,000000,82.3807,82.3807,77.5298,77.5298,0,0
CSR_MV,D,20241001,000000,82.3807,82.3807,77.0483,77.0483,0,0
CSR_MV,D,20241002,000000,82.3807,82.3807,77.0483,77.0483,0,0
CSR_MV,D,20241003,000000,77.0502,77.0502,77.0483,77.0483,0,0
CSR_MV,D,20241004,000000,76.5657,77.0483,76.5657,76.5667,0,0
CSR_MV,D,20241007,000000,76.5657,76.5667,76.5657,76.5667,0,0
CSR_MV,D,20241008,000000,76.5657,76.5667,76.5657,76.5667,0,0
CSR_MV,D,20241009,000000,74.1423,74.1423,74.1393,74.1393,0,0
CSR_MV,D,20241010,000000,76.0812,76.0852,76.0812,76.0852,0,0
CSR_MV,D,20241011,000000,74.1423,74.1423,74.1393,74.1393,0,0
CSR_MV,D,20241014,000000,74.1423,74.1423,74.1393,74.1393,0,0
CSR_MV,D,20241015,000000,72.2043,76.0852,72.2043,76.0852,0,0
CSR_MV,D,20241016,000000,76.5657,76.5667,76.5657,76.5667,0,0
CSR_MV,D,20241017,000000,82.3807,82.3807,75.5938,75.5938,0,0
CSR_MV,D,20241018,000000,75.5967,75.5967,75.5938,75.5938,0,0
CSR_MV,D,20241021,000000,77.5347,85.2877,77.5347,83.3478,0,0
CSR_MV,D,20241022,000000,83.3497,83.3497,75.5967,78.5028,0,0
CSR_MV,D,20241023,000000,79.4727,83.3497,74.6268,75.1122,0,0
CSR_MV,D,20241024,000000,75.5967,75.5967,75.1113,75.1122,0,0
CSR_MV,D,20241025,000000,79.9572,79.9572,72.2043,75.1122,0,0
CSR_MV,D,20241028,000000,75.1113,75.1122,75.1113,75.1122,0,0
CSR_MV,D,20241029,000000,75.5967,75.5967,75.1122,75.5938,0,0
CSR_MV,D,20241030,000000,80.4417,80.4417,80.4388,80.4388,0,0
CSR_MV,D,20241031,000000,74.6268,74.6307,74.6268,74.6307,0,0
CSR_MV,D,20241104,000000,74.6268,74.6307,74.6268,74.6307,0,0
CSR_MV,D,20241105,000000,75.5967,75.5967,75.5938,75.5938,0,0
CSR_MV,D,20241106,000000,76.5657,76.5657,69.2943,69.2943,0,0
CSR_MV,D,20241107,000000,67.8428,67.8428,65.9048,66.8767,0,0
CSR_MV,D,20241108,000000,67.8428,67.8428,66.8738,66.8767,0,0
CSR_MV,D,20241112,000000,65.9048,66.8767,65.9048,66.8767,0,0
CSR_MV,D,20241113,000000,70.7508,70.7508,63.9658,63.9678,0,0
CSR_MV,D,20241114,000000,66.8738,66.8738,63.4813,64.4493,0,0
CSR_MV,D,20241115,000000,64.9348,64.9348,62.0278,64.4493,0,0
CSR_MV,D,20241118,000000,62.0278,62.0317,62.0278,62.0317,0,0
CSR_MV,D,20241119,000000,62.0278,63.9678,62.0278,63.9678,0,0
CSR_MV,D,20241120,000000,64.4503,64.4503,62.0278,62.0317,0,0
CSR_MV,D,20241121,000000,61.5433,64.4503,61.5433,64.4493,0,0
CSR_MV,D,20241122,000000,64.4503,64.4503,64.4493,64.4493,0,0
CSR_MV,D,20241125,000000,61.5433,61.5433,61.5403,61.5403,0,0
CSR_MV,D,20241126,000000,61.5433,61.5433,61.5403,61.5403,0,0
CSR_MV,D,20241127,000000,61.5433,62.9968,61.5433,62.9948,0,0
CSR_MV,D,20241128,000000,62.9968,62.9968,62.9948,62.9948,0,0
CSR_MV,D,20241129,000000,62.9968,62.9968,62.9948,62.9948,0,0
CSR_MV,D,20241202,000000,62.9968,62.9968,61.5433,62.9948,0,0
CSR_MV,D,20241203,000000,62.9968,62.9968,62.9948,62.9948,0,0
CSR_MV,D,20241204,000000,62.9968,63.9678,62.9968,63.9678,0,0
CSR_MV,D,20241205,000000,64.4503,64.4503,63.9658,63.9678,0,0
CSR_MV,D,20241206,000000,64.4503,64.4503,63.4813,63.9678,0,0
CSR_MV,D,20241209,000000,64.4503,64.4503,63.9658,63.9678,0,0
CSR_MV,D,20241210,000000,64.4503,64.4503,64.4493,64.4493,0,0
CSR_MV,D,20241211,000000,63.4813,63.4813,62.9948,62.9948,0,0
CSR_MV,D,20241212,000000,63.9658,63.9678,63.9658,63.9678,0,0
CSR_MV,D,20241213,000000,67.3583,67.3583,63.9658,63.9678,0,0
CSR_MV,D,20241216,000000,61.0588,63.9678,61.0588,63.9678,0,0
CSR_MV,D,20241217,000000,63.9658,63.9678,63.9658,63.9678,0,0
CSR_MV,D,20241218,000000,62.9968,63.9678,62.9968,63.9678,0,0
CSR_MV,D,20241219,000000,64.4503,64.4503,58.1508,62.0317,0,0
CSR_MV,D,20241220,000000,65.4203,65.4222,65.4203,65.4222,0,0
CSR_MV,D,20241223,000000,63.4813,67.8428,63.4813,67.8398,0,0
CSR_MV,D,20241227,000000,67.8428,74.6307,67.8428,74.6307,0,0
CSR_MV,D,20241230,000000,76.5657,76.5667,76.5657,76.5667,0,0
CSR_MV,D,20250102,000000,73.6578,73.6578,70.7508,73.6578,0,0
CSR_MV,D,20250103,000000,71.7198,71.7217,71.7198,71.7217,0,0
CSR_MV,D,20250107,000000,71.2353,71.2353,68.8118,71.2303,0,0
CSR_MV,D,20250108,000000,71.7198,71.7217,69.7808,71.7217,0,0
CSR_MV,D,20250109,000000,71.7198,71.7217,71.7198,71.7217,0,0
CSR_MV,D,20250110,000000,71.7198,71.7217,71.7198,71.7217,0,0
CSR_MV,D,20250113,000000,68.8118,71.7217,68.8118,71.7217,0,0
CSR_MV,D,20250114,000000,76.5657,76.5667,76.5657,76.5667,0,0
CSR_MV,D,20250115,000000,76.5657,76.5657,71.7198,71.7217,0,0
CSR_MV,D,20250116,000000,76.5657,76.5657,69.2963,72.2033,0,0
CSR_MV,D,20250117,000000,76.5657,76.5667,76.5657,76.5667,0,0
CSR_MV,D,20250120,000000,76.5657,76.5657,72.6848,72.6848,0,0
CSR_MV,D,20250121,000000,76.5657,76.5667,76.5657,76.5667,0,0
CSR_MV,D,20250122,000000,76.5657,76.5657,69.2963,72.2033,0,0
CSR_MV,D,20250123,000000,76.5657,76.5657,72.2033,72.2033,0,0
CSR_MV,D,20250124,000000,76.5657,76.5657,71.7198,71.7217,0,0
CSR_MV,D,20250127,000000,74.6268,74.6307,74.6268,74.6307,0,0
CSR_MV,D,20250128,000000,76.5657,76.5667,76.5657,76.5667,0,0
CSR_MV,D,20250129,000000,76.5657,76.5667,76.5657,76.5667,0,0
CSR_MV,D,20250130,000000,77.0502,77.0502,72.2043,75.1122,0,0
CSR_MV,D,20250131,000000,75.5967,75.5967,75.5938,75.5938,0,0
CSR_MV,D,20250203,000000,75.5967,76.0812,75.1113,75.1122,0,0
CSR_MV,D,20250204,000000,79.4727,79.4727,76.5657,76.5667,0,0
CSR_MV,D,20250205,000000,77.0502,77.0502,77.0483,77.0483,0,0
CSR_MV,D,20250206,000000,75.5967,75.5967,72.6888,75.1122,0,0
CSR_MV,D,20250207,000000,75.1113,75.1122,75.1113,75.1122,0,0
CSR_MV,D,20250210,000000,75.1113,75.1122,72.2043,75.1122,0,0
CSR_MV,D,20250211,000000,74.6268,74.6307,74.6268,74.6307,0,0
CSR_MV,D,20250212,000000,75.1113,75.1122,75.1113,75.1122,0,0
CSR_MV,D,20250213,000000,75.5967,75.5967,72.2043,75.1122,0,0
CSR_MV,D,20250214,000000,75.5967,75.5967,75.5938,75.5938,0,0
CSR_MV,D,20250217,000000,75.5967,75.5967,75.5938,75.5938,0,0
CSR_MV,D,20250218,000000,75.5967,75.5967,75.5938,75.5938,0,0
CSR_MV,D,20250219,000000,75.5967,75.5967,75.5938,75.5938,0,0
CSR_MV,D,20250220,000000,75.1113,75.1122,75.1113,75.1122,0,0
CSR_MV,D,20250221,000000,75.5967,75.5967,75.5938,75.5938,0,0
CSR_MV,D,20250224,000000,76.0812,76.0852,76.0812,76.0852,0,0
CSR_MV,D,20250225,000000,76.5657,76.5657,74.1423,75.5938,0,0
CSR_MV,D,20250226,000000,75.5967,75.5967,75.5938,75.5938,0,0
CSR_MV,D,20250227,000000,75.5967,75.5967,75.5938,75.5938,0,0
CSR_MV,D,20250228,000000,76.0812,76.0812,75.5938,75.5938,0,0
CSR_MV,D,20250303,000000,76.0812,76.0812,75.5938,75.5938,0,0
CSR_MV,D,20250304,000000,75.5967,75.5967,68.3273,69.2943,0,0
CSR_MV,D,20250305,000000,70.7508,70.7508,66.3853,66.3853,0,0
CSR_MV,D,20250306,000000,70.2663,70.2672,70.2663,70.2672,0,0
CSR_MV,D,20250307,000000,66.8738,67.3583,63.9658,66.3853,0,0
CSR_MV,D,20250310,000000,66.3893,66.3893,65.9048,66.3853,0,0
CSR_MV,D,20250311,000000,66.3893,66.3893,66.3853,66.3853,0,0
CSR_MV,D,20250312,000000,66.3893,66.3893,66.3853,66.3853,0,0
CSR_MV,D,20250313,000000,66.8738,66.8738,62.9948,62.9948,0,0
CSR_MV,D,20250314,000000,66.3893,66.8738,61.5433,62.0317,0,0
CSR_MV,D,20250317,000000,62.0278,62.0317,62.0278,62.0317,0,0
CSR_MV,D,20250318,000000,62.0278,62.0278,57.1818,57.1867,0,0
CSR_MV,D,20250319,000000,57.1818,57.1818,54.7593,55.7322,0,0
CSR_MV,D,20250320,000000,55.7283,55.7283,54.7593,55.2409,0,0
CSR_MV,D,20250321,000000,55.2438,55.2438,55.2409,55.2409,0,0
CSR_MV,D,20250324,000000,55.2438,55.7322,55.2438,55.7322,0,0
CSR_MV,D,20250325,000000,55.2438,55.2438,51.8513,52.3319,0,0
CSR_MV,D,20250326,000000,51.3668,52.3358,51.3668,52.3319,0,0
CSR_MV,D,20250327,000000,53.3048,53.3048,53.3048,53.3048,0,0
CSR_MV,D,20250328,000000,51.8513,52.8233,51.8513,52.8233,0,0
CSR_MV,D,20250331,000000,51.8513,62.5133,51.8513,62.5133,0,0
CSR_MV,D,20250401,000000,62.5123,62.5123,60.0898,60.5772,0,0
CSR_MV,D,20250402,000000,62.5123,68.3312,61.0588,68.3312,0,0
CSR_MV,D,20250403,000000,64.4503,64.4503,64.4503,64.4503,0,0
CSR_MV,D,20250404,000000,67.3583,67.3583,61.0588,61.0588,0,0
CSR_MV,D,20250407,000000,61.5433,61.5433,55.7283,55.7283,0,0
CSR_MV,D,20250408,000000,55.7283,55.7322,55.7283,55.7322,0,0
CSR_MV,D,20250409,000000,55.7283,55.7322,55.7283,55.7322,0,0
CSR_MV,D,20250410,000000,55.7283,55.7283,55.7283,55.7283,0,0
CSR_MV,D,20250411,000000,55.7283,55.7322,55.7283,55.7322,0,0
CSR_MV,D,20250414,000000,55.7283,55.7322,55.2438,55.7322,0,0
CSR_MV,D,20250415,000000,55.7283,55.7283,55.2409,55.2409,0,0
CSR_MV,D,20250416,000000,55.7283,55.7283,50.8823,52.3319,0,0
CSR_MV,D,20250417,000000,52.3358,55.2438,52.3358,54.2778,0,0
CSR_MV,D,20250422,000000,54.2738,54.2778,54.2738,54.2778,0,0
CSR_MV,D,20250423,000000,54.2738,54.2738,50.8774,50.8774,0,0
CSR_MV,D,20250424,000000,54.2738,54.2738,49.4288,50.8774,0,0
CSR_MV,D,20250425,000000,54.2738,54.2778,49.9133,54.2778,0,0
CSR_MV,D,20250428,000000,54.2738,54.2738,48.9433,52.8233,0,0
CSR_MV,D,20250429,000000,54.2738,54.2738,50.3978,51.3688,0,0
CSR_MV,D,20250430,000000,52.3358,52.3358,51.8503,51.8503,0,0
CSR_MV,D,20250502,000000,51.8513,51.8513,51.8503,51.8503,0,0
CSR_MV,D,20250505,000000,52.3358,52.3358,51.3668,51.3688,0,0
CSR_MV,D,20250506,000000,52.3358,56.2138,52.3358,56.2138,0,0
CSR_MV,D,20250507,000000,55.7283,56.2138,55.7283,56.2138,0,0
CSR_MV,D,20250508,000000,56.2128,56.2138,56.2128,56.2138,0,0
CSR_MV,D,20250509,000000,56.2128,56.2138,55.7283,56.2138,0,0
CSR_MV,D,20250512,000000,52.3358,54.7593,52.3358,54.7593,0,0
CSR_MV,D,20250513,000000,56.2128,56.2128,54.7593,55.2409,0,0
CSR_MV,D,20250514,000000,55.2438,55.2438,55.2409,55.2409,0,0
CSR_MV,D,20250515,000000,56.2128,56.2128,53.3048,53.3048,0,0
CSR_MV,D,20250516,000000,53.3048,55.2438,53.3048,54.7593,0,0
CSR_MV,D,20250519,000000,56.2128,56.2128,52.3358,52.8233,0,0
CSR_MV,D,20250520,000000,56.2128,56.2128,50.3978,55.7322,0,0
CSR_MV,D,20250521,000000,52.3358,52.3358,51.8513,52.3358,0,0
CSR_MV,D,20250522,000000,55.7283,55.7283,50.3978,51.8503,0,0
CSR_MV,D,20250523,000000,55.7283,55.7283,52.8203,52.8233,0,0
CSR_MV,D,20250526,000000,55.7283,55.7283,52.8203,52.8233,0,0
CSR_MV,D,20250527,000000,55.7283,60.0898,52.8203,58.1498,0,0
CSR_MV,D,20250528,000000,60.0898,60.0898,54.7593,55.2409,0,0
CSR_MV,D,20250529,000000,55.2438,58.6353,53.7893,58.6314,0,0
CSR_MV,D,20250530,000000,58.6353,58.6353,58.6314,58.6314,0,0
CSR_MV,D,20250602,000000,58.6353,58.6353,58.6314,58.6314,0,0
CSR_MV,D,20250603,000000,58.6353,58.6353,58.6314,58.6314,0,0
CSR_MV,D,20250604,000000,58.6353,58.6353,58.6314,58.6314,0,0
CSR_MV,D,20250605,000000,58.6353,58.6353,58.6314,58.6314,0,0
CSR_MV,D,20250606,000000,58.6353,58.6353,58.6314,58.6314,0,0
CSR_MV,D,20250609,000000,59.1198,59.1198,54.7593,54.7593,0,0
CSR_MV,D,20250610,000000,59.1198,59.1198,53.3048,53.3048,0,0
CSR_MV,D,20250611,000000,53.3048,55.2438,53.3048,53.7864,0,0
CSR_MV,D,20250612,000000,53.3048,55.7322,53.3048,55.7322,0,0
CSR_MV,D,20250613,000000,52.3358,59.1228,52.3358,59.1228,0,0
CSR_MV,D,20250616,000000,59.1198,59.1198,54.7593,54.7593,0,0
CSR_MV,D,20250617,000000,57.6663,57.6663,52.3358,56.2138,0,0
CSR_MV,D,20250618,000000,56.2128,56.2138,56.2128,56.2138,0,0
CSR_MV,D,20250620,000000,56.2128,56.2128,54.2738,54.2778,0,0
CSR_MV,D,20250623,000000,54.2738,54.2778,54.2738,54.2778,0,0
CSR_MV,D,20250624,000000,54.2738,54.2778,54.2738,54.2778,0,0
CSR_MV,D,20250625,000000,54.2738,54.2778,54.2738,54.2778,0,0
CSR_MV,D,20250626,000000,54.2738,54.2778,51.3668,54.2778,0,0
CSR_MV,D,20250627,000000,54.2738,54.2778,54.2738,54.2778,0,0
CSR_MV,D,20250630,000000,53.3048,56.2138,53.3048,56.2138,0,0
CSR_MV,D,20250701,000000,56.2128,56.2138,54.7593,56.2138,0,0
CSR_MV,D,20250702,000000,56.2128,56.2138,56.2128,56.2138,0,0
CSR_MV,D,20250703,000000,54.2738,56.2138,52.8203,56.2138,0,0
CSR_MV,D,20250704,000000,57.199,58.68,57.199,58.68,0,0
CSR_MV,D,20250707,000000,57.199,57.2,56.706,57.2,0,0
CSR_MV,D,20250708,000000,57.199,57.199,56.706,56.71,0,0
CSR_MV,D,20250709,000000,56.706,56.71,51.775,56.71,0,0
CSR_MV,D,20250710,000000,56.706,56.71,51.775,56.71,0,0
CSR_MV,D,20250711,000000,56.706,56.71,53.254,56.71,0,0
CSR_MV,D,20250714,000000,56.706,56.706,53.25,53.25,0,0
CSR_MV,D,20250715,000000,51.775,54.733,51.775,54.73,0,0
CSR_MV,D,20250716,000000,58.678,58.678,47.929,47.93,0,0
CSR_MV,D,20250717,000000,47.731,51.282,38.856,39.45,0,0
CSR_MV,D,20250718,000000,39.447,39.45,39.053,39.45,0,0
CSR_MV,D,20250721,000000,39.053,39.45,39.053,39.45,0,0
CSR_MV,D,20250722,000000,39.447,39.447,39.05,39.05,0,0
CSR_MV,D,20250723,000000,39.053,42.603,38.856,39.25,0,0
CSR_MV,D,20250724,000000,39.053,39.053,38.659,39.05,0,0
CSR_MV,D,20250725,000000,39.053,39.053,39.05,39.05,0,0
CSR_MV,D,20250728,000000,38.856,38.86,38.659,38.86,0,0
CSR_MV,D,20250729,000000,38.856,38.86,38.856,38.86,0,0
CSR_MV,D,20250730,000000,39.447,39.447,38.659,38.66,0,0
CSR_MV,D,20250731,000000,39.447,39.45,39.447,39.45,0,0
CSR_MV,D,20250801,000000,39.447,39.45,39.447,39.45,0,0
CSR_MV,D,20250804,000000,39.842,39.842,39.84,39.84,0,0
CSR_MV,D,20250805,000000,39.842,39.842,39.84,39.84,0,0
CSR_MV,D,20250806,000000,39.447,39.45,39.447,39.45,0,0
CSR_MV,D,20250807,000000,39.447,39.447,39.05,39.05,0,0
CSR_MV,D,20250808,000000,39.842,41.025,38.659,39.64,0,0
CSR_MV,D,20250811,000000,39.645,40.828,38.856,40.04,0,0
CSR_MV,D,20250812,000000,40.434,40.434,39.05,39.05,0,0
CSR_MV,D,20250813,000000,38.659,38.86,38.659,38.86,0,0
CSR_MV,D,20250814,000000,38.856,39.45,38.856,39.45,0,0
CSR_MV,D,20250818,000000,41.025,41.025,38.856,38.86,0,0
CSR_MV,D,20250819,000000,41.025,41.025,38.856,38.86,0,0
CSR_MV,D,20250820,000000,38.856,38.86,38.856,38.86,0,0
CSR_MV,D,20250821,000000,38.856,38.86,38.856,38.86,0,0
CSR_MV,D,20250825,000000,38.856,38.86,38.461,38.86,0,0
CSR_MV,D,20250826,000000,41.025,41.025,38.461,40.43,0,0
CSR_MV,D,20250827,000000,40.434,40.434,40.43,40.43,0,0
CSR_MV,D,20250828,000000,40.434,40.434,39.053,39.45,0,0
CSR_MV,D,20250829,000000,40.236,40.434,39.447,40.43,0,0
CSR_MV,D,20250901,000000,39.447,39.447,38.461,38.86,0,0
CSR_MV,D,20250902,000000,40.434,40.434,38.46,38.46,0,0
CSR_MV,D,20250903,000000,38.461,38.461,38.46,38.46,0,0
CSR_MV,D,20250904,000000,38.461,40.24,38.461,40.24,0,0
CSR_MV,D,20250905,000000,39.447,39.45,39.447,39.45,0,0
CSR_MV,D,20250908,000000,39.447,39.45,39.447,39.45,0,0
CSR_MV,D,20250909,000000,39.447,39.45,38.461,39.45,0,0
CSR_MV,D,20250910,000000,39.447,39.45,37.672,39.45,0,0
CSR_MV,D,20250911,000000,39.447,39.45,39.447,39.45,0,0
CSR_MV,D,20250912,000000,39.447,39.45,39.447,39.45,0,0
CSR_MV,D,20250915,000000,39.447,39.45,38.461,39.45,0,0
CSR_MV,D,20250916,000000,39.447,39.45,38.461,39.45,0,0
CSR_MV,D,20250917,000000,39.447,39.45,38.264,39.45,0,0
CSR_MV,D,20250918,000000,39.447,39.45,39.447,39.45,0,0
CSR_MV,D,20250919,000000,39.25,40.434,39.25,40.43,0,0
CSR_MV,D,20250922,000000,40.434,40.434,39.25,39.25,0,0
CSR_MV,D,20250923,000000,39.053,39.053,38.461,38.86,0,0
CSR_MV,D,20250924,000000,40.434,40.434,39.447,40.24,0,0
CSR_MV,D,20250925,000000,40.236,40.236,38.46,38.46,0,0
CSR_MV,D,20250926,000000,38.461,38.461,38.46,38.46,0,0
CSR_MV,D,20250929,000000,40.039,40.04,40.039,40.04,0,0
CSR_MV,D,20250930,000000,38.461,38.461,38.46,38.46,0,0
CSR_MV,D,20251001,000000,38.461,39.447,38.461,39.25,0,0
CSR_MV,D,20251002,000000,39.25,39.25,39.25,39.25,0,0
CSR_MV,D,20251003,000000,38.461,39.25,38.26,38.26,0,0
CSR_MV,D,20251006,000000,40.236,40.236,38.856,38.86,0,0
CSR_MV,D,20251007,000000,40.236,40.24,40.236,40.24,0,0
CSR_MV,D,20251008,000000,39.447,39.447,38.659,38.66,0,0
CSR_MV,D,20251009,000000,40.236,40.236,37.475,38.66,0,0
CSR_MV,D,20251010,000000,40.236,40.236,37.672,39.84,0,0
CSR_MV,D,20251013,000000,37.475,39.447,37.475,37.48,0,0
CSR_MV,D,20251014,000000,40.236,40.24,40.236,40.24,0,0
CSR_MV,D,20251015,000000,39.447,39.447,39.05,39.05,0,0
CSR_MV,D,20251016,000000,39.447,39.447,36.883,37.48,0,0
CSR_MV,D,20251017,000000,37.87,37.87,36.489,37.87,0,0
CSR_MV,D,20251020,000000,39.447,39.447,37.87,37.87,0,0
CSR_MV,D,20251021,000000,37.87,37.87,37.87,37.87,0,0
CSR_MV,D,20251022,000000,37.87,37.87,37.87,37.87,0,0
CSR_MV,D,20251023,000000,39.447,39.447,36.489,37.87,0,0
CSR_MV,D,20251024,000000,36.686,37.672,36.489,37.48,0,0
CSR_MV,D,20251027,000000,37.475,37.48,37.475,37.48,0,0
CSR_MV,D,20251028,000000,37.672,39.447,36.88,36.88,0,0
CSR_MV,D,20251029,000000,39.447,39.447,38.26,38.26,0,0
CSR_MV,D,20251030,000000,39.447,39.447,37.87,37.87,0,0
CSR_MV,D,20251031,000000,39.25,39.25,39.25,39.25,0,0
CSR_MV,D,20251103,000000,39.25,39.25,38.856,38.86,0,0
CSR_MV,D,20251104,000000,38.659,39.45,38.659,39.45,0,0
CSR_MV,D,20251105,000000,39.25,39.25,39.25,39.25,0,0
CSR_MV,D,20251106,000000,37.475,39.25,37.475,39.05,0,0
CSR_MV,D,20251107,000000,39.053,39.053,39.05,39.05,0,0
CSR_MV,D,20251110,000000,38.856,39.053,38.856,39.05,0,0
CSR_MV,D,20251112,000000,39.053,39.053,39.05,39.05,0,0
CSR_MV,D,20251113,000000,39.053,39.053,39.05,39.05,0,0
CSR_MV,D,20251114,000000,39.053,39.053,39.05,39.05,0,0
CSR_MV,D,20251117,000000,39.053,39.053,39.05,39.05,0,0
CSR_MV,D,20251118,000000,39.053,39.053,36.489,38.86,0,0
CSR_MV,D,20251119,000000,38.856,39.053,38.856,39.05,0,0
CSR_MV,D,20251120,000000,39.053,39.053,37.87,39.05,0,0
CSR_MV,D,20251121,000000,39.053,39.053,39.05,39.05,0,0
CSR_MV,D,20251124,000000,39.053,39.053,38.856,38.86,0,0
CSR_MV,D,20251125,000000,38.856,38.86,38.856,38.86,0,0
CSR_MV,D,20251126,000000,38.856,39.45,38.856,39.45,0,0
CSR_MV,D,20251127,000000,39.447,39.45,39.447,39.45,0,0
CSR_MV,D,20251128,000000,39.447,39.45,39.447,39.45,0,0
CSR_MV,D,20251201,000000,39.25,39.25,39.05,39.05,0,0
CSR_MV,D,20251202,000000,39.053,39.053,38.461,39.05,0,0
CSR_MV,D,20251203,000000,39.053,45.365,39.053,41.42,0,0
CSR_MV,D,20251204,000000,39.447,42.21,39.447,42.21,0,0
CSR_MV,D,20251205,000000,42.209,42.209,40.236,41.42,0,0
CSR_MV,D,20251208,000000,42.209,42.209,41.22,41.22,0,0
CSR_MV,D,20251209,000000,41.617,41.62,41.617,41.62,0,0
CSR_MV,D,20251210,000000,41.617,41.62,41.617,41.62,0,0
CSR_MV,D,20251211,000000,41.617,41.62,41.617,41.62,0,0
CSR_MV,D,20251212,000000,41.617,41.62,41.617,41.62,0,0
CSR_MV,D,20251215,000000,41.617,41.62,41.617,41.62,0,0
CSR_MV,D,20251216,000000,36.883,39.842,36.883,39.84,0,0
CSR_MV,D,20251217,000000,40.434,40.631,38.067,39.64,0,0
CSR_MV,D,20251218,000000,39.645,39.645,39.447,39.64,0,0
CSR_MV,D,20251219,000000,39.645,45.17,39.645,45.17,0,0
CSR_MV,D,20251222,000000,44.97,49.309,43.195,49.11,0,0
CSR_MV,D,20251223,000000,49.112,49.112,47.534,49.112,0,0
CSR_MV,D,20251229,000000,49.112,49.112,44.181,47.73,0,0
CSR_MV,D,20251230,000000,48.323,48.323,46.351,47.34,0,0
CSR_MV,D,20260102,000000,47.337,47.337,47.14,47.14,0,0
CSR_MV,D,20260105,000000,49.309,49.309,45.167,45.17,0,0
CSR_MV,D,20260107,000000,45.167,45.17,45.167,45.17,0,0
CSR_MV,D,20260108,000000,45.365,46.942,44.97,46.75,0,0
CSR_MV,D,20260109,000000,49.112,49.112,49.11,49.11,0,0
CSR_MV,D,20260112,000000,49.112,49.112,45.365,46.94,0,0
CSR_MV,D,20260113,000000,46.942,46.942,46.94,46.94,0,0
CSR_MV,D,20260114,000000,46.942,46.942,46.94,46.94,0,0
CSR_MV,D,20260115,000000,46.942,46.942,46.94,46.94,0,0
CSR_MV,D,20260116,000000,46.745,46.75,46.745,46.75,0,0
CSR_MV,D,20260119,000000,46.942,46.942,45.36,45.36,0,0
CSR_MV,D,20260120,000000,46.745,46.745,44.576,46.15,0,0
CSR_MV,D,20260121,000000,46.154,46.55,46.154,46.55,0,0
CSR_MV,D,20260122,000000,46.548,46.55,46.548,46.55,0,0
CSR_MV,D,20260123,000000,46.351,47.34,45.365,47.34,0,0
