<TICKER>,<PER>,<DATE>,<TIME>,<OPEN>,<HIGH>,<LOW>,<CLOSE>,<VOL>,<OPENINT>
CSR_PE,D,20111208,000000,102.465,102.465,102.465,102.465,0,0
CSR_PE,D,20111209,000000,106.341,112.39,82.0361,82.2264,0,0
CSR_PE,D,20111212,000000,85.9203,85.9203,73.0631,75.7288,0,0
CSR_PE,D,20111213,000000,79.8042,81.8449,75.7288,77.7058,0,0
CSR_PE,D,20111214,000000,78.9113,78.9811,78.9113,78.9811,0,0
CSR_PE,D,20111215,000000,77.9624,77.9624,77.5034,77.5034,0,0
CSR_PE,D,20111216,000000,76.6915,76.6915,76.6915,76.6915,0,0
CSR_PE,D,20111219,000000,75.6773,75.6773,75.6773,75.6773,0,0
CSR_PE,D,20111220,000000,75.6773,75.6773,75.6773,75.6773,0,0
CSR_PE,D,20111222,000000,75.6773,75.6773,75.6773,75.6773,0,0
CSR_PE,D,20111228,000000,79.7404,79.8042,79.7404,79.8042,0,0
CSR_PE,D,20111229,000000,81.6469,81.8449,81.6469,81.8449,0,0
CSR_PE,D,20120111,000000,78.398,78.398,78.3431,78.3431,0,0
CSR_PE,D,20120127,000000,78.1493,78.1493,78.1493,78.1493,0,0
CSR_PE,D,20120131,000000,81.8449,81.8449,81.8449,81.8449,0,0
CSR_PE,D,20120202,000000,81.8449,81.8449,81.8449,81.8449,0,0
CSR_PE,D,20120227,000000,72.6799,85.086,72.6799,85.086,0,0
CSR_PE,D,20120229,000000,88.6568,92.2185,88.6568,92.2185,0,0
CSR_PE,D,20120301,000000,93.9983,97.4982,93.9983,97.4982,0,0
CSR_PE,D,20120302,000000,97.4982,117.043,97.4982,117.043,0,0
CSR_PE,D,20120305,000000,97.4378,97.4378,93.9983,93.9983,0,0
CSR_PE,D,20120309,000000,93.9983,102.858,93.9983,101.07,0,0
CSR_PE,D,20120314,000000,81.5831,81.5831,81.5831,81.5831,0,0
CSR_PE,D,20120315,000000,81.5831,81.5831,79.8042,79.8042,0,0
CSR_PE,D,20120525,000000,84.9035,84.9035,84.9035,84.9035,0,0
CSR_PE,D,20120720,000000,82.7273,84.9035,82.7273,84.9035,0,0
CSR_PE,D,20120829,000000,2306.29,2314.7,2306.29,2314.7,0,0
CSR_PE,D,20120830,000000,2306.29,2335.45,2306.29,2314.7,0,0
CSR_PE,D,20120913,000000,2247.87,2256.08,2247.87,2256.08,0,0
CSR_PE,D,20121120,000000,2230.37,2230.37,2171.94,2179.91,0,0
CSR_PE,D,20131016,000000,836.177,836.177,812.952,813.589,0,0
CSR_PE,D,20131017,000000,836.177,847.761,822.247,836.806,0,0
CSR_PE,D,20131021,000000,799.464,799.464,767.187,767.763,0,0
CSR_PE,D,20131120,000000,801.316,848.459,801.316,848.459,0,0
CSR_PE,D,20131121,000000,847.761,847.761,847.761,847.761,0,0
CSR_PE,D,20131122,000000,847.761,848.459,847.761,848.459,0,0
CSR_PE,D,20131126,000000,847.761,848.459,847.761,848.459,0,0
CSR_PE,D,20131127,000000,847.761,848.459,847.761,848.459,0,0
CSR_PE,D,20131128,000000,882.65,882.65,847.761,848.459,0,0
CSR_PE,D,20131129,000000,882.65,883.347,882.65,883.347,0,0
CSR_PE,D,20131202,000000,929.097,929.79,929.097,929.79,0,0
CSR_PE,D,20131206,000000,929.097,929.79,929.097,929.79,0,0
CSR_PE,D,20131209,000000,1126.51,1127.4,1126.51,1127.4,0,0
CSR_PE,D,20131227,000000,1126.51,1127.4,1126.51,1127.4,0,0
CSR_PE,D,20140127,000000,1058.94,1058.94,882.65,883.347,0,0
CSR_PE,D,20140128,000000,1059.12,1060.01,1059.12,1060.01,0,0
CSR_PE,D,20140211,000000,305.991,305.991,298.86,299.051,0,0
CSR_PE,D,20140218,000000,306.306,321.642,306.306,321.458,0,0
CSR_PE,D,20140225,000000,82.3459,90.7604,82.3459,90.7604,0,0
CSR_PE,D,20140228,000000,72.9907,75.7969,72.9907,75.7288,0,0
CSR_PE,D,20140306,000000,75.7288,75.7288,75.7288,75.7288,0,0
CSR_PE,D,20140310,000000,75.7288,75.7288,75.7288,75.7288,0,0
CSR_PE,D,20140312,000000,75.7288,75.7288,75.7288,75.7288,0,0
CSR_PE,D,20140313,000000,75.7288,75.7288,75.7288,75.7288,0,0
CSR_PE,D,20140314,000000,75.7288,85.4193,75.7288,85.4193,0,0
CSR_PE,D,20140331,000000,84.1328,84.1328,83.7514,83.8151,0,0
CSR_PE,D,20140403,000000,84.2042,84.2042,84.2042,84.2042,0,0
CSR_PE,D,20140404,000000,84.2603,84.2603,84.2042,84.2042,0,0
CSR_PE,D,20140408,000000,84.2042,84.2042,84.2042,84.2042,0,0
CSR_PE,D,20140422,000000,84.5221,84.57,84.5221,84.57,0,0
CSR_PE,D,20140428,000000,84.9035,87.9498,84.9035,87.9498,0,0
CSR_PE,D,20140502,000000,87.9498,87.9498,87.9498,87.9498,0,0
CSR_PE,D,20140508,000000,87.9498,87.9498,87.9498,87.9498,0,0
CSR_PE,D,20140509,000000,87.9498,87.9498,87.9498,87.9498,0,0
CSR_PE,D,20140513,000000,87.9498,87.9498,87.9498,87.9498,0,0
CSR_PE,D,20140514,000000,87.9498,87.9498,87.9498,87.9498,0,0
CSR_PE,D,20140515,000000,87.9498,87.9498,87.9498,87.9498,0,0
CSR_PE,D,20140520,000000,87.9498,87.9498,87.9498,87.9498,0,0
CSR_PE,D,20140522,000000,87.9498,87.9498,87.9498,87.9498,0,0
CSR_PE,D,20140523,000000,87.9498,87.9498,87.9498,87.9498,0,0
CSR_PE,D,20140527,000000,87.9498,87.9498,87.9498,87.9498,0,0
CSR_PE,D,20140528,000000,87.9498,87.9498,87.9498,87.9498,0,0
CSR_PE,D,20140529,000000,86.1028,86.1028,83.5689,83.5689,0,0
CSR_PE,D,20140703,000000,84.9349,86.4764,84.9349,86.4764,0,0
CSR_PE,D,20140714,000000,85.5782,85.5782,54.8647,54.8647,0,0
CSR_PE,D,20140814,000000,52.0401,55.9585,52.0401,55.9585,0,0
CSR_PE,D,20140819,000000,52.0401,52.0401,52.0401,52.0401,0,0
CSR_PE,D,20140901,000000,49.7253,49.7253,49.7253,49.7253,0,0
CSR_PE,D,20140912,000000,41.8879,41.8879,41.8879,41.8879,0,0
CSR_PE,D,20140917,000000,42.0171,42.4028,42.0171,42.4028,0,0
CSR_PE,D,20140922,000000,42.4028,42.4028,42.4028,42.4028,0,0
CSR_PE,D,20140923,000000,42.4028,42.4028,42.4028,42.4028,0,0
CSR_PE,D,20141008,000000,42.4028,42.4028,42.4028,42.4028,0,0
CSR_PE,D,20141014,000000,42.4028,42.4028,42.4028,42.4028,0,0
CSR_PE,D,20141015,000000,42.4028,42.4028,42.4028,42.4028,0,0
CSR_PE,D,20141027,000000,42.4028,42.4028,42.4028,42.4028,0,0
CSR_PE,D,20141028,000000,42.4028,42.4028,42.4028,42.4028,0,0
CSR_PE,D,20150108,000000,32.1877,32.5727,32.1877,32.5727,0,0
CSR_PE,D,20150109,000000,32.701,32.701,32.701,32.701,0,0
CSR_PE,D,20150121,000000,30.4525,30.4525,30.3879,30.3879,0,0
CSR_PE,D,20150209,000000,29.9393,30.003,29.9393,30.003,0,0
CSR_PE,D,20150210,000000,30.003,30.003,30.003,30.003,0,0
CSR_PE,D,20150220,000000,33.6656,33.6656,32.509,32.5727,0,0
CSR_PE,D,20150318,000000,31.7373,31.7373,31.3507,31.3507,0,0
CSR_PE,D,20150408,000000,31.609,31.6727,31.609,31.6727,0,0
CSR_PE,D,20150410,000000,30.5162,30.5162,24.4131,25.4422,0,0
CSR_PE,D,20150413,000000,27.4332,27.5616,26.79,27.4332,0,0
CSR_PE,D,20150414,000000,27.6899,27.7537,27.6899,27.7537,0,0
CSR_PE,D,20150506,000000,28.4606,28.8463,28.4606,28.8463,0,0
CSR_PE,D,20150629,000000,28.7442,29.5299,28.7442,29.4644,0,0
CSR_PE,D,20150708,000000,27.4332,29.4644,27.4332,27.4987,0,0
CSR_PE,D,20150723,000000,26.9751,26.9751,26.9751,26.9751,0,0
CSR_PE,D,20150806,000000,26.9751,26.9751,26.9751,26.9751,0,0
CSR_PE,D,20150817,000000,25.0783,25.0783,25.0783,25.0783,0,0
CSR_PE,D,20150820,000000,25.0783,25.0783,25.0783,25.0783,0,0
CSR_PE,D,20150826,000000,30.5781,30.5781,30.5119,30.5119,0,0
CSR_PE,D,20150827,000000,30.7746,31.822,30.7746,31.822,0,0
CSR_PE,D,20150901,000000,30.0535,30.0535,30.0535,30.0535,0,0
CSR_PE,D,20150915,000000,30.38,30.38,30.38,30.38,0,0
CSR_PE,D,20151118,000000,28.1543,28.2197,28.1543,28.2197,0,0
CSR_PE,D,20151119,000000,29.0707,29.0707,29.0707,29.0707,0,0
CSR_PE,D,20151222,000000,37.2556,37.2556,37.2556,37.2556,0,0
CSR_PE,D,20160122,000000,43.0182,43.0182,43.0182,43.0182,0,0
CSR_PE,D,20160211,000000,40.0052,40.0052,40.0052,40.0052,0,0
CSR_PE,D,20160310,000000,37.6493,37.6493,37.6493,37.6493,0,0
CSR_PE,D,20160421,000000,35.0297,35.0297,35.0297,35.0297,0,0
CSR_PE,D,20160531,000000,38.3694,38.3694,38.3694,38.3694,0,0
CSR_PE,D,20160602,000000,38.5003,38.5003,38.5003,38.5003,0,0
CSR_PE,D,20160713,000000,37.2652,37.2652,35.8695,35.8695,0,0
CSR_PE,D,20160803,000000,34.8727,34.8727,32.4156,32.4156,0,0
CSR_PE,D,20160809,000000,32.7473,32.7473,32.7473,32.7473,0,0
CSR_PE,D,20160919,000000,32.8136,32.8136,32.8136,32.8136,0,0
CSR_PE,D,20161004,000000,33.1453,33.1453,33.1453,33.1453,0,0
CSR_PE,D,20161017,000000,33.5442,33.5442,33.5442,33.5442,0,0
CSR_PE,D,20161024,000000,32.4156,32.4156,32.4156,32.4156,0,0
CSR_PE,D,20161104,000000,32.4818,32.4818,32.4156,32.4156,0,0
CSR_PE,D,20161107,000000,31.2198,31.2198,31.2198,31.2198,0,0
CSR_PE,D,20161115,000000,32.7473,32.8136,32.7473,32.8136,0,0
CSR_PE,D,20161215,000000,26.0401,26.0401,26.0401,26.0401,0,0
CSR_PE,D,20170102,000000,26.1719,26.1719,26.1719,26.1719,0,0
CSR_PE,D,20170112,000000,26.9016,26.9689,26.9016,26.9689,0,0
CSR_PE,D,20170117,000000,27.7649,27.7649,27.7649,27.7649,0,0
CSR_PE,D,20170217,000000,20.1929,20.1929,20.1929,20.1929,0,0
CSR_PE,D,20170405,000000,22.052,22.1201,22.052,22.052,0,0
CSR_PE,D,20170410,000000,22.1201,22.1201,22.1201,22.1201,0,0
CSR_PE,D,20170511,000000,20.9915,21.0561,20.9915,21.0561,0,0
CSR_PE,D,20170620,000000,18.6662,18.6662,18.6662,18.6662,0,0
CSR_PE,D,20170712,000000,19.3645,19.3645,19.3645,19.3645,0,0
CSR_PE,D,20170714,000000,19.3645,19.3645,19.3645,19.3645,0,0
CSR_PE,D,20170828,000000,16.2859,16.2859,16.217,16.217,0,0
CSR_PE,D,20171117,000000,15.9438,15.9438,13.7546,13.7546,0,0
CSR_PE,D,20171206,000000,14.4371,14.4371,14.4371,14.4371,0,0
CSR_PE,D,20171208,000000,14.4371,14.4371,14.4371,14.4371,0,0
CSR_PE,D,20171213,000000,13.958,14.0278,13.958,14.0278,0,0
CSR_PE,D,20171214,000000,14.0951,14.0951,14.0278,14.0278,0,0
CSR_PE,D,20180103,000000,14.7811,14.7811,14.7811,14.7811,0,0
CSR_PE,D,20180104,000000,15.0543,15.0543,14.7811,14.7811,0,0
CSR_PE,D,20180108,000000,15.5335,15.5335,15.1223,15.1223,0,0
CSR_PE,D,20180119,000000,15.6697,15.6697,15.6697,15.6697,0,0
CSR_PE,D,20180201,000000,15.1223,15.1223,15.1223,15.1223,0,0
CSR_PE,D,20180302,000000,10.6742,10.6742,10.6742,10.6742,0,0
CSR_PE,D,20180308,000000,10.6062,10.6742,10.6062,10.6742,0,0
CSR_PE,D,20180313,000000,10.6742,10.6742,10.6742,10.6742,0,0
CSR_PE,D,20180316,000000,10.6742,10.6742,10.6742,10.6742,0,0
CSR_PE,D,20180320,000000,10.8112,10.8112,10.744,10.744,0,0
CSR_PE,D,20180322,000000,10.6062,10.6742,10.6062,10.6742,0,0
CSR_PE,D,20180425,000000,10.6062,10.6062,10.3321,10.3321,0,0
CSR_PE,D,20180427,000000,10.3321,10.3321,10.3321,10.3321,0,0
CSR_PE,D,20180507,000000,10.8112,10.8803,10.8112,10.8803,0,0
CSR_PE,D,20180601,000000,11.7697,11.7697,11.7697,11.7697,0,0
CSR_PE,D,20180626,000000,11.7601,11.7601,11.7601,11.7601,0,0
CSR_PE,D,20180627,000000,11.6161,11.6884,11.6161,11.6884,0,0
CSR_PE,D,20180702,000000,11.2556,11.2556,11.1823,11.1823,0,0
CSR_PE,D,20180704,000000,10.8943,10.8943,10.8943,10.8943,0,0
CSR_PE,D,20180705,000000,10.6779,10.6779,10.6779,10.6779,0,0
CSR_PE,D,20180709,000000,11.1823,11.1823,11.1823,11.1823,0,0
CSR_PE,D,20180710,000000,11.5437,11.6161,11.5437,11.6161,0,0
CSR_PE,D,20181008,000000,14.2845,14.2845,14.2845,14.2845,0,0
CSR_PE,D,20190115,000000,13.3469,13.3469,13.3469,13.3469,0,0
CSR_PE,D,20190116,000000,13.203,13.203,13.203,13.203,0,0
CSR_PE,D,20190118,000000,13.203,16.3767,13.203,16.3767,0,0
CSR_PE,D,20190129,000000,16.5215,16.5215,16.5215,16.5215,0,0
CSR_PE,D,20190207,000000,16.3767,16.3767,16.3767,16.3767,0,0
CSR_PE,D,20190304,000000,28.0643,28.0643,28.0643,28.0643,0,0
CSR_PE,D,20190306,000000,26.9113,26.9113,26.9113,26.9113,0,0
CSR_PE,D,20190510,000000,24.3861,24.3861,23.7367,23.7367,0,0
CSR_PE,D,20190517,000000,23.0873,23.0873,23.0873,23.0873,0,0
CSR_PE,D,20190521,000000,23.0873,23.0873,23.0873,23.0873,0,0
CSR_PE,D,20190522,000000,23.9522,23.9522,23.9522,23.9522,0,0
CSR_PE,D,20190530,000000,23.9522,25.9721,23.9522,25.9721,0,0
CSR_PE,D,20190702,000000,32.4915,32.4915,32.4183,32.4183,0,0
CSR_PE,D,20190712,000000,32.4183,33.5276,32.4183,33.5276,0,0
CSR_PE,D,20190718,000000,33.5276,33.5276,33.5276,33.5276,0,0
CSR_PE,D,20190805,000000,31.9739,31.9739,30.641,30.641,0,0
CSR_PE,D,20190816,000000,19.0215,19.0215,18.873,18.873,0,0
CSR_PE,D,20191106,000000,18.4287,18.4287,17.3194,17.3194,0,0
CSR_PE,D,20191108,000000,15.2463,15.2463,15.2463,15.2463,0,0
CSR_PE,D,20191112,000000,15.2463,15.9132,15.2463,15.9132,0,0
CSR_PE,D,20191113,000000,16.4307,16.5049,16.4307,16.5049,0,0
CSR_PE,D,20191114,000000,15.839,15.839,14.9513,15.6906,0,0
CSR_PE,D,20191127,000000,15.5431,15.5431,15.5431,15.5431,0,0
CSR_PE,D,20191202,000000,16.0607,16.0607,16.0607,16.0607,0,0
CSR_PE,D,20200205,000000,16.0607,16.0607,16.0607,16.0607,0,0
CSR_PE,D,20200207,000000,16.0607,16.0607,16.0607,16.0607,0,0
CSR_PE,D,20200214,000000,16.3574,16.3574,8.95558,8.95558,0,0
CSR_PE,D,20200306,000000,10.1392,10.1392,8.95558,8.95558,0,0
CSR_PE,D,20200326,000000,9.10398,10.7318,8.65968,9.10398,0,0
CSR_PE,D,20200327,000000,9.10398,9.10398,8.65968,8.65968,0,0
CSR_PE,D,20200330,000000,8.65968,10.3618,8.65968,8.65968,0,0
CSR_PE,D,20200403,000000,8.95558,8.95558,8.8814,8.8814,0,0
CSR_PE,D,20200407,000000,8.8814,8.8814,8.58549,8.58549,0,0
CSR_PE,D,20200416,000000,8.58549,8.58549,8.58549,8.58549,0,0
CSR_PE,D,20200417,000000,8.95558,9.39901,8.95558,9.39901,0,0
CSR_PE,D,20200422,000000,8.95558,8.95558,8.95558,8.95558,0,0
CSR_PE,D,20200424,000000,8.95558,10.1392,8.95558,10.1392,0,0
CSR_PE,D,20200427,000000,11.1019,11.8421,11.1019,11.8421,0,0
CSR_PE,D,20200428,000000,11.8421,11.8421,11.8421,11.8421,0,0
CSR_PE,D,20200429,000000,11.8421,11.8421,11.8421,11.8421,0,0
CSR_PE,D,20200430,000000,12.9516,12.9516,11.8421,11.8421,0,0
CSR_PE,D,20200504,000000,12.9516,12.9516,11.8421,11.8421,0,0
CSR_PE,D,20200505,000000,11.8421,11.8421,11.8421,11.8421,0,0
CSR_PE,D,20200506,000000,11.8421,11.8421,11.8421,11.8421,0,0
CSR_PE,D,20200508,000000,11.3245,11.3245,10.8069,10.8069,0,0
CSR_PE,D,20200519,000000,9.47406,9.47406,9.47406,9.47406,0,0
CSR_PE,D,20200521,000000,8.73301,8.8072,8.73301,8.8072,0,0
CSR_PE,D,20200522,000000,8.8072,8.8072,8.8072,8.8072,0,0
CSR_PE,D,20200525,000000,9.17727,9.17727,8.8072,8.8072,0,0
CSR_PE,D,20200605,000000,9.10398,9.10398,8.65968,8.65968,0,0
CSR_PE,D,20200608,000000,8.36291,8.36291,8.36291,8.36291,0,0
CSR_PE,D,20200610,000000,8.65968,9.6216,8.65968,9.02978,0,0
CSR_PE,D,20200612,000000,8.65968,9.02978,8.14163,8.8072,0,0
CSR_PE,D,20200615,000000,8.8814,8.8814,8.43711,8.43711,0,0
CSR_PE,D,20200616,000000,8.8072,8.8814,8.8072,8.8814,0,0
CSR_PE,D,20200617,000000,9.17727,9.47406,9.17727,9.47406,0,0
CSR_PE,D,20200618,000000,9.47406,13.3958,9.47406,13.3958,0,0
CSR_PE,D,20200619,000000,11.3987,13.3958,11.3987,12.1382,0,0
CSR_PE,D,20200623,000000,11.5112,11.5112,11.5112,11.5112,0,0
CSR_PE,D,20200624,000000,11.4336,11.4336,10.4997,10.4997,0,0
CSR_PE,D,20200629,000000,10.4997,10.4997,10.4997,10.4997,0,0
CSR_PE,D,20200630,000000,9.95505,9.95505,9.95505,9.95505,0,0
CSR_PE,D,20200706,000000,9.8006,10.2667,9.8006,10.2667,0,0
CSR_PE,D,20200707,000000,12.2891,13.9999,12.2891,13.9999,0,0
CSR_PE,D,20200708,000000,13.6883,13.6883,13.6883,13.6883,0,0
CSR_PE,D,20200709,000000,13.9999,13.9999,13.9999,13.9999,0,0
CSR_PE,D,20200710,000000,11.589,12.3667,10.8881,12.2891,0,0
CSR_PE,D,20200714,000000,10.8881,10.8881,10.5774,10.5774,0,0
CSR_PE,D,20200715,000000,10.8881,10.9658,10.8881,10.9658,0,0
CSR_PE,D,20200723,000000,11.2774,11.2774,10.9658,10.9658,0,0
CSR_PE,D,20200724,000000,11.2774,11.2774,11.2774,11.2774,0,0
CSR_PE,D,20200730,000000,11.8221,11.8221,11.8221,11.8221,0,0
CSR_PE,D,20200804,000000,11.8997,11.8997,11.8997,11.8997,0,0
CSR_PE,D,20200807,000000,12.2105,13.9999,12.1328,13.9999,0,0
CSR_PE,D,20200810,000000,12.1328,12.2105,12.1328,12.2105,0,0
CSR_PE,D,20200813,000000,12.2105,14.0775,8.71118,8.71118,0,0
CSR_PE,D,20200818,000000,8.47726,8.55582,8.47726,8.55582,0,0
CSR_PE,D,20200820,000000,7.93355,7.93355,7.93355,7.93355,0,0
CSR_PE,D,20200826,000000,8.71118,8.71118,8.6335,8.6335,0,0
CSR_PE,D,20200827,000000,8.55582,8.55582,8.55582,8.55582,0,0
CSR_PE,D,20200901,000000,8.6335,8.71118,8.6335,8.71118,0,0
CSR_PE,D,20200903,000000,8.32189,8.32189,8.32189,8.32189,0,0
CSR_PE,D,20200908,000000,8.16625,8.16625,8.16625,8.16625,0,0
CSR_PE,D,20200916,000000,8.01062,8.01062,7.93355,7.93355,0,0
CSR_PE,D,20200922,000000,7.69996,7.69996,7.69996,7.69996,0,0
CSR_PE,D,20200923,000000,8.0884,8.0884,8.0884,8.0884,0,0
CSR_PE,D,20201002,000000,8.0884,8.32189,8.0884,8.32189,0,0
CSR_PE,D,20201005,000000,8.71118,8.71118,8.71118,8.71118,0,0
CSR_PE,D,20201006,000000,8.86656,8.86656,8.86656,8.86656,0,0
CSR_PE,D,20201008,000000,8.55582,8.55582,8.55582,8.55582,0,0
CSR_PE,D,20201016,000000,8.55582,8.55582,8.55582,8.55582,0,0
CSR_PE,D,20201019,000000,8.78887,8.78887,8.71118,8.71118,0,0
CSR_PE,D,20201023,000000,8.71118,9.33354,8.71118,9.33354,0,0
CSR_PE,D,20201026,000000,9.09961,9.17727,9.09961,9.17727,0,0
CSR_PE,D,20201027,000000,9.17727,9.41123,9.17727,9.33354,0,0
CSR_PE,D,20201028,000000,9.5666,9.5666,9.09961,9.17727,0,0
CSR_PE,D,20201106,000000,8.78887,8.78887,8.55582,8.55582,0,0
CSR_PE,D,20201110,000000,8.94424,9.64425,8.94424,9.5666,0,0
CSR_PE,D,20201112,000000,9.33354,9.5666,9.33354,9.5666,0,0
CSR_PE,D,20201113,000000,9.5666,9.8006,8.6335,8.6335,0,0
CSR_PE,D,20201116,000000,9.17727,9.17727,9.02192,9.02192,0,0
CSR_PE,D,20201117,000000,9.17727,9.25495,9.17727,9.25495,0,0
CSR_PE,D,20201124,000000,9.25495,9.25495,9.25495,9.25495,0,0
CSR_PE,D,20201126,000000,9.09961,9.09961,9.02192,9.02192,0,0
CSR_PE,D,20201127,000000,9.61113,9.61113,9.45226,9.45226,0,0
CSR_PE,D,20201130,000000,9.45226,9.45226,9.45226,9.45226,0,0
CSR_PE,D,20201201,000000,9.0551,9.0551,8.97566,8.97566,0,0
CSR_PE,D,20201203,000000,8.97566,9.21392,8.97566,9.21392,0,0
CSR_PE,D,20201204,000000,9.37284,9.61113,9.37284,9.61113,0,0
CSR_PE,D,20201207,000000,9.76989,9.76989,9.76989,9.76989,0,0
CSR_PE,D,20201208,000000,9.76989,10.4054,9.76989,10.4054,0,0
CSR_PE,D,20201209,000000,10.5643,11.1996,10.5643,11.1203,0,0
CSR_PE,D,20201210,000000,10.6437,10.6437,10.3259,10.4054,0,0
CSR_PE,D,20201214,000000,10.5643,10.5643,10.5643,10.5643,0,0
CSR_PE,D,20201215,000000,10.6437,10.6437,10.6437,10.6437,0,0
CSR_PE,D,20201216,000000,10.6437,10.6437,10.6437,10.6437,0,0
CSR_PE,D,20201217,000000,10.7232,10.9614,10.7232,10.9614,0,0
CSR_PE,D,20201221,000000,10.8821,10.8821,10.8821,10.8821,0,0
CSR_PE,D,20201222,000000,11.1996,11.2792,11.1996,11.2792,0,0
CSR_PE,D,20201223,000000,11.2792,11.3586,11.2792,11.3586,0,0
CSR_PE,D,20201228,000000,11.5174,13.2649,11.5174,13.2649,0,0
CSR_PE,D,20201229,000000,13.2649,14.4564,13.2649,13.7415,0,0
CSR_PE,D,20210105,000000,14.2976,14.774,13.821,14.1387,0,0
CSR_PE,D,20210107,000000,14.4564,14.4564,14.2181,14.2181,0,0
CSR_PE,D,20210111,000000,14.2181,14.2181,13.7415,13.7415,0,0
CSR_PE,D,20210112,000000,13.1061,13.1061,13.1061,13.1061,0,0
CSR_PE,D,20210114,000000,13.1061,13.1061,13.1061,13.1061,0,0
CSR_PE,D,20210115,000000,13.1061,14.2976,13.1061,14.2181,0,0
CSR_PE,D,20210118,000000,13.821,14.6152,13.821,14.6152,0,0
CSR_PE,D,20210120,000000,14.0591,14.2181,14.0591,14.2181,0,0
CSR_PE,D,20210121,000000,14.774,15.0124,14.774,15.0124,0,0
CSR_PE,D,20210122,000000,15.8068,15.8068,15.0124,15.1711,0,0
CSR_PE,D,20210125,000000,15.0918,15.0918,14.6152,15.0124,0,0
CSR_PE,D,20210126,000000,14.8536,14.8536,14.774,14.774,0,0
CSR_PE,D,20210127,000000,14.9329,15.0124,14.9329,15.0124,0,0
CSR_PE,D,20210128,000000,15.1711,15.5685,15.1711,15.5685,0,0
CSR_PE,D,20210129,000000,15.5685,15.5685,15.0124,15.5685,0,0
CSR_PE,D,20210201,000000,15.5685,15.5685,15.4096,15.4096,0,0
CSR_PE,D,20210203,000000,15.0124,15.4096,15.0124,15.4096,0,0
CSR_PE,D,20210208,000000,14.9329,15.2506,14.9329,15.1711,0,0
CSR_PE,D,20210210,000000,15.3302,15.7273,15.3302,15.7273,0,0
CSR_PE,D,20210211,000000,16.2832,17.157,5.40129,5.40129,0,0
CSR_PE,D,20210212,000000,5.719,5.87786,5.719,5.79844,0,0
CSR_PE,D,20210215,000000,5.79844,5.79844,5.79844,5.79844,0,0
CSR_PE,D,20210216,000000,4.92469,5.24243,4.92469,5.24243,0,0
CSR_PE,D,20210217,000000,5.24243,5.24243,5.24243,5.24243,0,0
CSR_PE,D,20210218,000000,5.00414,5.00414,5.00414,5.00414,0,0
CSR_PE,D,20210219,000000,5.00414,5.00414,5.00414,5.00414,0,0
CSR_PE,D,20210222,000000,5.24243,5.24243,5.00414,5.00414,0,0
CSR_PE,D,20210303,000000,5.719,5.719,5.719,5.719,0,0
CSR_PE,D,20210304,000000,5.719,5.719,5.32184,5.32184,0,0
CSR_PE,D,20210305,000000,5.32184,5.32184,5.32184,5.32184,0,0
CSR_PE,D,20210309,000000,5.32184,5.40129,5.32184,5.40129,0,0
CSR_PE,D,20210311,000000,5.56014,5.63958,5.56014,5.56014,0,0
CSR_PE,D,20210312,000000,5.719,5.719,5.40129,5.48071,0,0
CSR_PE,D,20210316,000000,6.03672,6.03672,5.56014,5.56014,0,0
CSR_PE,D,20210317,000000,5.56014,5.56014,5.56014,5.56014,0,0
CSR_PE,D,20210319,000000,5.95731,5.95731,5.95731,5.95731,0,0
CSR_PE,D,20210322,000000,5.56014,6.03672,5.56014,5.95731,0,0
CSR_PE,D,20210323,000000,5.95731,6.03672,5.95731,6.03672,0,0
CSR_PE,D,20210324,000000,6.03672,6.03672,6.03672,6.03672,0,0
CSR_PE,D,20210325,000000,6.03672,6.03672,5.719,5.719,0,0
CSR_PE,D,20210326,000000,5.719,6.03672,5.719,6.03672,0,0
CSR_PE,D,20210330,000000,5.79844,5.79844,5.719,5.719,0,0
CSR_PE,D,20210406,000000,5.719,6.03672,5.719,6.03672,0,0
CSR_PE,D,20210407,000000,6.43388,6.43388,6.11616,6.11616,0,0
CSR_PE,D,20210409,000000,6.43388,6.59275,6.27501,6.59275,0,0
CSR_PE,D,20210412,000000,6.59275,7.06932,6.59275,7.06932,0,0
CSR_PE,D,20210413,000000,7.14876,7.22818,6.59275,7.22818,0,0
CSR_PE,D,20210414,000000,7.22818,7.22818,7.22818,7.22818,0,0
CSR_PE,D,20210415,000000,7.14876,7.14876,7.14876,7.14876,0,0
CSR_PE,D,20210416,000000,6.9899,7.14876,6.9899,7.14876,0,0
CSR_PE,D,20210419,000000,7.14876,7.14876,6.9899,7.06932,0,0
CSR_PE,D,20210420,000000,6.91047,6.91047,6.67216,6.75161,0,0
CSR_PE,D,20210423,000000,6.91047,6.91047,6.91047,6.91047,0,0
CSR_PE,D,20210426,000000,6.75161,6.91047,6.75161,6.91047,0,0
CSR_PE,D,20210427,000000,6.91047,3123.13,6.91047,3123.13,0,0
CSR_PE,D,20210428,000000,3177.22,3231.08,7.22818,7.22818,0,0
CSR_PE,D,20210429,000000,7.22818,7.22818,7.14876,7.14876,0,0
CSR_PE,D,20210430,000000,7.06932,7.06932,7.06932,7.06932,0,0
CSR_PE,D,20210504,000000,7.06932,7.06932,7.06932,7.06932,0,0
CSR_PE,D,20210505,000000,7.06932,7.06932,7.06932,7.06932,0,0
CSR_PE,D,20210507,000000,7.06932,7.06932,7.06932,7.06932,0,0
CSR_PE,D,20210510,000000,7.22818,7.22818,7.06932,7.06932,0,0
CSR_PE,D,20210511,000000,6.9899,7.06932,6.9899,7.06932,0,0
CSR_PE,D,20210512,000000,6.9899,6.9899,6.9899,6.9899,0,0
CSR_PE,D,20210513,000000,6.9899,6.9899,6.9899,6.9899,0,0
CSR_PE,D,20210514,000000,6.91047,6.91047,6.11616,6.59275,0,0
CSR_PE,D,20210517,000000,5.87786,6.59275,5.87786,6.59275,0,0
CSR_PE,D,20210519,000000,6.03672,6.03672,6.03672,6.03672,0,0
CSR_PE,D,20210520,000000,5.87786,5.87786,5.63958,5.63958,0,0
CSR_PE,D,20210524,000000,5.48071,5.48071,5.48071,5.48071,0,0
CSR_PE,D,20210525,000000,5.63958,5.87786,5.63958,5.87786,0,0
CSR_PE,D,20210527,000000,5.87786,5.87786,5.87786,5.87786,0,0
CSR_PE,D,20210528,000000,5.87786,5.87786,5.87786,5.87786,0,0
CSR_PE,D,20210531,000000,6.03672,6.35446,6.03672,6.35446,0,0
CSR_PE,D,20210601,000000,6.35446,6.35446,6.35446,6.35446,0,0
CSR_PE,D,20210602,000000,6.35446,6.75161,6.35446,6.75161,0,0
CSR_PE,D,20210604,000000,6.75161,6.75161,6.75161,6.75161,0,0
CSR_PE,D,20210607,000000,5.79844,6.67216,5.79844,6.67216,0,0
CSR_PE,D,20210608,000000,6.35446,6.35446,5.719,5.79844,0,0
CSR_PE,D,20210609,000000,6.59275,6.75161,6.43388,6.43388,0,0
CSR_PE,D,20210610,000000,6.43388,6.43388,6.11616,6.11616,0,0
CSR_PE,D,20210611,000000,6.11616,6.11616,6.03672,6.03672,0,0
CSR_PE,D,20210614,000000,5.87786,5.87786,5.48071,5.719,0,0
CSR_PE,D,20210615,000000,5.719,5.719,5.63958,5.63958,0,0
CSR_PE,D,20210618,000000,5.56014,5.56014,5.40129,5.48071,0,0
CSR_PE,D,20210621,000000,5.719,5.719,5.719,5.719,0,0
CSR_PE,D,20210622,000000,5.95731,5.95731,5.63958,5.63958,0,0
CSR_PE,D,20210623,000000,5.63958,5.719,5.63958,5.719,0,0
CSR_PE,D,20210624,000000,5.719,5.719,5.719,5.719,0,0
CSR_PE,D,20210625,000000,5.79844,5.79844,5.719,5.719,0,0
CSR_PE,D,20210629,000000,5.719,5.719,5.719,5.719,0,0
CSR_PE,D,20210630,000000,6.28462,6.28462,6.28462,6.28462,0,0
CSR_PE,D,20210705,000000,6.19733,6.19733,6.19733,6.19733,0,0
CSR_PE,D,20210707,000000,6.02277,6.02277,6.02277,6.02277,0,0
CSR_PE,D,20210708,000000,6.02277,6.02277,6.02277,6.02277,0,0
CSR_PE,D,20210709,000000,6.02277,6.02277,6.02277,6.02277,0,0
CSR_PE,D,20210712,000000,6.02277,6.02277,6.02277,6.02277,0,0
CSR_PE,D,20210713,000000,5.93548,5.93548,5.93548,5.93548,0,0
CSR_PE,D,20210714,000000,6.02277,6.02277,6.02277,6.02277,0,0
CSR_PE,D,20210715,000000,6.02277,6.02277,6.02277,6.02277,0,0
CSR_PE,D,20210719,000000,5.84819,5.93548,5.84819,5.93548,0,0
CSR_PE,D,20210721,000000,5.7609,5.7609,5.7609,5.7609,0,0
CSR_PE,D,20210722,000000,5.49906,5.49906,5.49906,5.49906,0,0
CSR_PE,D,20210723,000000,5.49906,5.49906,5.49906,5.49906,0,0
CSR_PE,D,20210726,000000,5.32447,5.32447,5.32447,5.32447,0,0
CSR_PE,D,20210727,000000,5.41176,5.41176,5.41176,5.41176,0,0
CSR_PE,D,20210729,000000,5.23719,5.23719,5.06261,5.06261,0,0
CSR_PE,D,20210730,000000,4.97532,4.97532,4.88804,4.88804,0,0
CSR_PE,D,20210803,000000,4.88804,4.97532,4.88804,4.97532,0,0
CSR_PE,D,20210804,000000,4.80075,4.80075,4.80075,4.80075,0,0
CSR_PE,D,20210805,000000,4.97532,4.97532,4.71346,4.80075,0,0
CSR_PE,D,20210806,000000,4.80075,4.80075,4.80075,4.80075,0,0
CSR_PE,D,20210809,000000,4.88804,4.88804,4.88804,4.88804,0,0
CSR_PE,D,20210810,000000,4.88804,4.97532,4.88804,4.97532,0,0
CSR_PE,D,20210811,000000,4.97532,4.97532,4.88804,4.88804,0,0
CSR_PE,D,20210812,000000,4.71346,5.06261,4.71346,5.06261,0,0
CSR_PE,D,20210813,000000,5.32447,5.32447,5.23719,5.23719,0,0
CSR_PE,D,20210816,000000,5.32447,5.49906,5.32447,5.49906,0,0
CSR_PE,D,20210817,000000,6.3719,6.3719,6.3719,6.3719,0,0
CSR_PE,D,20210818,000000,6.3719,6.3719,6.3719,6.3719,0,0
CSR_PE,D,20210819,000000,6.28462,6.28462,6.28462,6.28462,0,0
CSR_PE,D,20210820,000000,6.28462,6.28462,6.28462,6.28462,0,0
CSR_PE,D,20210825,000000,6.02277,6.02277,6.02277,6.02277,0,0
CSR_PE,D,20210827,000000,5.84819,5.84819,5.84819,5.84819,0,0
CSR_PE,D,20210831,000000,5.84819,5.84819,5.84819,5.84819,0,0
CSR_PE,D,20210901,000000,6.02277,6.02277,5.7609,5.7609,0,0
CSR_PE,D,20210903,000000,5.58633,5.58633,5.58633,5.58633,0,0
CSR_PE,D,20210906,000000,5.7609,5.84819,5.7609,5.84819,0,0
CSR_PE,D,20210914,000000,5.67361,5.67361,5.58633,5.58633,0,0
CSR_PE,D,20210917,000000,5.7609,5.84819,5.7609,5.84819,0,0
CSR_PE,D,20210920,000000,5.67361,5.67361,5.58633,5.58633,0,0
CSR_PE,D,20210921,000000,5.49906,5.58633,5.49906,5.58633,0,0
CSR_PE,D,20210927,000000,5.58633,5.58633,5.58633,5.58633,0,0
CSR_PE,D,20211006,000000,5.32447,5.32447,5.1499,5.1499,0,0
CSR_PE,D,20211012,000000,5.1499,5.32447,5.1499,5.32447,0,0
CSR_PE,D,20211019,000000,5.32447,5.32447,5.32447,5.32447,0,0
CSR_PE,D,20211020,000000,5.06261,5.1499,5.06261,5.1499,0,0
CSR_PE,D,20211021,000000,5.1499,5.1499,5.1499,5.1499,0,0
CSR_PE,D,20211025,000000,5.1499,5.1499,5.1499,5.1499,0,0
CSR_PE,D,20211026,000000,5.32447,5.32447,5.32447,5.32447,0,0
CSR_PE,D,20211102,000000,5.32447,5.32447,5.32447,5.32447,0,0
CSR_PE,D,20211104,000000,26.2732,26.2732,5.23719,5.23719,0,0
CSR_PE,D,20211108,000000,5.23719,5.23719,5.23719,5.23719,0,0
CSR_PE,D,20211109,000000,5.23719,5.23719,5.06261,5.23719,0,0
CSR_PE,D,20211110,000000,5.32447,5.49906,5.23719,5.23719,0,0
CSR_PE,D,20211112,000000,5.23719,5.23719,5.23719,5.23719,0,0
CSR_PE,D,20211115,000000,5.41176,5.41176,5.32447,5.32447,0,0
CSR_PE,D,20211117,000000,5.58633,5.58633,5.58633,5.58633,0,0
CSR_PE,D,20211118,000000,5.84819,5.84819,5.67361,5.67361,0,0
CSR_PE,D,20211119,000000,5.93548,5.93548,5.93548,5.93548,0,0
CSR_PE,D,20211122,000000,5.93548,5.93548,5.93548,5.93548,0,0
CSR_PE,D,20211123,000000,5.93548,6.3719,5.93548,6.3719,0,0
CSR_PE,D,20211124,000000,6.3719,6.3719,6.3719,6.3719,0,0
CSR_PE,D,20211126,000000,6.3719,6.3719,6.11005,6.11005,0,0
CSR_PE,D,20211129,000000,6.3719,6.3719,6.19733,6.28462,0,0
CSR_PE,D,20211130,000000,6.28462,6.28462,6.28462,6.28462,0,0
CSR_PE,D,20211202,000000,6.28462,6.28462,6.28462,6.28462,0,0
CSR_PE,D,20211206,000000,5.84819,6.45919,5.84819,6.45919,0,0
CSR_PE,D,20211207,000000,6.63377,6.63377,6.54649,6.54649,0,0
CSR_PE,D,20211208,000000,7.6812,7.6812,6.54649,6.80835,0,0
CSR_PE,D,20211209,000000,7.15749,7.15749,7.0702,7.0702,0,0
CSR_PE,D,20211210,000000,7.0702,7.0702,7.0702,7.0702,0,0
CSR_PE,D,20211213,000000,7.0702,7.0702,7.0702,7.0702,0,0
CSR_PE,D,20211214,000000,7.0702,7.0702,7.0702,7.0702,0,0
CSR_PE,D,20211215,000000,7.0702,7.15749,7.0702,7.15749,0,0
CSR_PE,D,20211220,000000,7.15749,7.15749,7.15749,7.15749,0,0
CSR_PE,D,20211222,000000,7.15749,7.15749,7.15749,7.15749,0,0
CSR_PE,D,20211223,000000,7.0702,7.15749,7.0702,7.15749,0,0
CSR_PE,D,20211227,000000,7.15749,7.15749,7.15749,7.15749,0,0
CSR_PE,D,20211228,000000,7.15749,7.15749,7.15749,7.15749,0,0
CSR_PE,D,20211229,000000,7.15749,7.15749,6.89562,7.15749,0,0
CSR_PE,D,20211230,000000,6.80835,7.15749,6.80835,7.15749,0,0
CSR_PE,D,20220103,000000,7.33206,7.6812,7.33206,7.6812,0,0
CSR_PE,D,20220104,000000,7.59392,7.59392,7.0702,7.0702,0,0
CSR_PE,D,20220105,000000,7.0702,7.41935,7.0702,7.33206,0,0
CSR_PE,D,20220107,000000,7.33206,7.33206,7.33206,7.33206,0,0
CSR_PE,D,20220110,000000,7.33206,7.33206,7.33206,7.33206,0,0
CSR_PE,D,20220112,000000,7.15749,7.15749,7.0702,7.0702,0,0
CSR_PE,D,20220117,000000,7.24477,7.33206,7.24477,7.33206,0,0
CSR_PE,D,20220119,000000,6.98291,6.98291,6.89562,6.89562,0,0
CSR_PE,D,20220120,000000,6.89562,6.89562,6.89562,6.89562,0,0
CSR_PE,D,20220121,000000,6.89562,6.89562,6.72105,6.80835,0,0
CSR_PE,D,20220124,000000,6.80835,7.15749,6.45919,6.45919,0,0
CSR_PE,D,20220125,000000,6.28462,6.28462,5.93548,5.93548,0,0
CSR_PE,D,20220127,000000,6.11005,6.28462,6.11005,6.28462,0,0
CSR_PE,D,20220131,000000,6.45919,6.45919,6.45919,6.45919,0,0
CSR_PE,D,20220201,000000,6.45919,6.45919,6.28462,6.28462,0,0
CSR_PE,D,20220202,000000,6.45919,6.45919,6.45919,6.45919,0,0
CSR_PE,D,20220204,000000,6.45919,6.54649,6.45919,6.54649,0,0
CSR_PE,D,20220207,000000,6.54649,6.54649,6.54649,6.54649,0,0
CSR_PE,D,20220208,000000,6.54649,6.54649,6.54649,6.54649,0,0
CSR_PE,D,20220209,000000,6.45919,6.45919,6.45919,6.45919,0,0
CSR_PE,D,20220214,000000,6.54649,6.63377,6.45919,6.45919,0,0
CSR_PE,D,20220215,000000,6.19733,6.19733,6.11005,6.11005,0,0
CSR_PE,D,20220221,000000,18.8538,18.8538,15.1877,15.7987,0,0
CSR_PE,D,20220222,000000,17.6319,17.6319,17.6319,17.6319,0,0
CSR_PE,D,20220223,000000,17.6319,18.9412,17.6319,18.9412,0,0
CSR_PE,D,20220224,000000,15.7987,16.6718,15.7987,16.6718,0,0
CSR_PE,D,20220228,000000,16.6718,18.9412,16.4971,16.4971,0,0
CSR_PE,D,20220303,000000,17.1081,17.1953,17.1081,17.1953,0,0
CSR_PE,D,20220307,000000,17.1953,17.1953,16.6718,16.6718,0,0
CSR_PE,D,20220308,000000,17.2828,17.2828,17.2828,17.2828,0,0
CSR_PE,D,20220309,000000,18.1556,18.1556,18.0683,18.0683,0,0
CSR_PE,D,20220310,000000,18.1556,18.1556,18.1556,18.1556,0,0
CSR_PE,D,20220311,000000,18.6793,18.6793,18.6793,18.6793,0,0
CSR_PE,D,20220314,000000,19.2031,19.2031,19.2031,19.2031,0,0
CSR_PE,D,20220315,000000,18.6793,19.2031,18.6793,19.2031,0,0
CSR_PE,D,20220316,000000,19.7267,20.7741,19.7267,20.7741,0,0
CSR_PE,D,20220317,000000,21.2106,21.3852,20.425,20.5124,0,0
CSR_PE,D,20220318,000000,20.5124,20.5996,20.5124,20.5996,0,0
CSR_PE,D,20220321,000000,19.7267,19.7267,19.6394,19.7267,0,0
CSR_PE,D,20220323,000000,19.1156,19.1156,19.1156,19.1156,0,0
CSR_PE,D,20220330,000000,19.1156,19.1156,19.1156,19.1156,0,0
CSR_PE,D,20220331,000000,20.0759,23.3055,20.0759,20.5996,0,0
CSR_PE,D,20220401,000000,20.5996,20.7741,19.9014,20.7741,0,0
CSR_PE,D,20220404,000000,20.3377,20.5124,20.3377,20.5124,0,0
CSR_PE,D,20220411,000000,20.8615,21.0359,20.1632,20.1632,0,0
CSR_PE,D,20220412,000000,20.7741,20.7741,19.814,20.1632,0,0
CSR_PE,D,20220413,000000,20.1632,20.1632,20.1632,20.1632,0,0
CSR_PE,D,20220422,000000,20.1632,20.1632,19.4649,19.4649,0,0
CSR_PE,D,20220428,000000,19.2904,19.2904,19.2031,19.2031,0,0
CSR_PE,D,20220504,000000,18.8538,18.8538,18.2429,18.3302,0,0
CSR_PE,D,20220506,000000,18.3302,18.3302,16.6718,16.6718,0,0
CSR_PE,D,20220513,000000,17.0209,17.0209,16.9336,16.9336,0,0
CSR_PE,D,20220516,000000,17.4572,17.4572,17.4572,17.4572,0,0
CSR_PE,D,20220518,000000,17.8938,17.8938,17.8938,17.8938,0,0
CSR_PE,D,20220520,000000,18.3302,18.5921,18.3302,18.5921,0,0
CSR_PE,D,20220523,000000,18.5921,18.5921,18.5921,18.5921,0,0
CSR_PE,D,20220524,000000,18.5921,18.6793,18.5921,18.6793,0,0
CSR_PE,D,20220525,000000,19.9886,20.0759,19.9886,20.0759,0,0
CSR_PE,D,20220526,000000,19.9886,19.9886,19.9886,19.9886,0,0
CSR_PE,D,20220527,000000,19.1156,19.1156,19.1156,19.1156,0,0
CSR_PE,D,20220602,000000,19.4649,19.4649,19.1156,19.1156,0,0
CSR_PE,D,20220603,000000,17.8064,17.8064,17.8064,17.8064,0,0
CSR_PE,D,20220606,000000,16.759,17.2828,16.3225,16.4099,0,0
CSR_PE,D,20220610,000000,15.9735,16.2353,15.9735,16.2353,0,0
CSR_PE,D,20220613,000000,19.4649,19.4649,19.4649,19.4649,0,0
CSR_PE,D,20220623,000000,17.3701,17.3701,17.2828,17.2828,0,0
CSR_PE,D,20220627,000000,17.2828,17.2828,17.2828,17.2828,0,0
CSR_PE,D,20220705,000000,17.2828,17.2828,17.2828,17.2828,0,0
CSR_PE,D,20220711,000000,17.3239,17.3239,17.3239,17.3239,0,0
CSR_PE,D,20220712,000000,17.1415,17.1415,16.5033,16.5033,0,0
CSR_PE,D,20220713,000000,16.5945,16.6856,16.5945,16.6856,0,0
CSR_PE,D,20220714,000000,16.6856,16.6856,16.6856,16.6856,0,0
CSR_PE,D,20220718,000000,16.5945,16.5945,16.5033,16.5033,0,0
CSR_PE,D,20220721,000000,16.5033,16.5033,16.5033,16.5033,0,0
CSR_PE,D,20220722,000000,16.5033,16.5033,16.5033,16.5033,0,0
CSR_PE,D,20220725,000000,16.3209,16.3209,16.3209,16.3209,0,0
CSR_PE,D,20220729,000000,16.3209,16.3209,16.3209,16.3209,0,0
CSR_PE,D,20220801,000000,16.6856,16.6856,16.6856,16.6856,0,0
CSR_PE,D,20220802,000000,16.6856,16.6856,16.6856,16.6856,0,0
CSR_PE,D,20220804,000000,16.3209,16.3209,16.2297,16.2297,0,0
CSR_PE,D,20220805,000000,19.7857,19.7857,16.4121,16.4121,0,0
CSR_PE,D,20220809,000000,18.1445,18.2357,18.1445,18.2357,0,0
CSR_PE,D,20220810,000000,17.6886,17.6886,17.6886,17.6886,0,0
CSR_PE,D,20220811,000000,17.6886,17.6886,17.6886,17.6886,0,0
CSR_PE,D,20220816,000000,18.6004,23.2504,18.6004,23.2504,0,0
CSR_PE,D,20220819,000000,22.1563,22.1563,22.1563,22.1563,0,0
CSR_PE,D,20220822,000000,19.7857,19.7857,15.865,15.865,0,0
CSR_PE,D,20220823,000000,19.0563,19.0563,16.3209,16.3209,0,0
CSR_PE,D,20220824,000000,18.1445,18.1445,18.1445,18.1445,0,0
CSR_PE,D,20220826,000000,19.421,19.421,19.3298,19.3298,0,0
CSR_PE,D,20220909,000000,22.3387,26.7152,22.3387,26.7152,0,0
CSR_PE,D,20220913,000000,27.7181,27.7181,24.8916,25.6211,0,0
CSR_PE,D,20220914,000000,26.624,26.624,25.074,26.1681,0,0
CSR_PE,D,20220915,000000,25.9858,26.1681,24.8005,25.8946,0,0
CSR_PE,D,20220916,000000,25.9858,25.9858,25.9858,25.9858,0,0
CSR_PE,D,20220919,000000,25.4387,25.4387,24.1622,24.2534,0,0
CSR_PE,D,20220920,000000,24.4357,24.9828,24.4357,24.8916,0,0
CSR_PE,D,20220921,000000,26.5328,26.5328,26.5328,26.5328,0,0
CSR_PE,D,20220922,000000,26.5328,26.5328,24.071,24.9828,0,0
CSR_PE,D,20220923,000000,24.8916,24.9828,24.8916,24.9828,0,0
CSR_PE,D,20220926,000000,24.7093,24.7093,24.7093,24.7093,0,0
CSR_PE,D,20220927,000000,24.7093,24.7093,24.7093,24.7093,0,0
CSR_PE,D,20220928,000000,24.7093,24.7093,24.7093,24.7093,0,0
CSR_PE,D,20220929,000000,24.7093,24.7093,24.7093,24.7093,0,0
CSR_PE,D,20220930,000000,24.7093,24.7093,24.7093,24.7093,0,0
CSR_PE,D,20221004,000000,24.7093,24.7093,24.7093,24.7093,0,0
CSR_PE,D,20221005,000000,24.7093,24.7093,24.7093,24.7093,0,0
CSR_PE,D,20221006,000000,24.7093,24.9828,23.8887,24.8005,0,0
CSR_PE,D,20221007,000000,25.074,25.074,24.8005,25.074,0,0
CSR_PE,D,20221010,000000,25.074,25.074,24.071,25.074,0,0
CSR_PE,D,20221011,000000,24.071,25.074,24.071,25.074,0,0
CSR_PE,D,20221012,000000,25.074,25.074,25.074,25.074,0,0
CSR_PE,D,20221013,000000,25.074,25.074,24.071,24.5269,0,0
CSR_PE,D,20221014,000000,25.074,25.074,24.5269,24.5269,0,0
CSR_PE,D,20221017,000000,24.9828,24.9828,24.8916,24.8916,0,0
CSR_PE,D,20221018,000000,24.8916,24.8916,24.4357,24.5269,0,0
CSR_PE,D,20221019,000000,24.9828,24.9828,23.7975,23.7975,0,0
CSR_PE,D,20221020,000000,24.8916,24.8916,23.8887,23.8887,0,0
CSR_PE,D,20221021,000000,24.071,24.071,24.071,24.071,0,0
CSR_PE,D,20221024,000000,24.071,24.071,24.071,24.071,0,0
CSR_PE,D,20221025,000000,24.2534,24.2534,24.2534,24.2534,0,0
CSR_PE,D,20221026,000000,24.2534,24.2534,24.071,24.071,0,0
CSR_PE,D,20221027,000000,24.2534,24.2534,24.071,24.071,0,0
CSR_PE,D,20221028,000000,24.071,24.071,23.2504,24.071,0,0
CSR_PE,D,20221031,000000,24.2534,24.2534,24.2534,24.2534,0,0
CSR_PE,D,20221102,000000,24.2534,24.2534,24.071,24.071,0,0
CSR_PE,D,20221103,000000,24.2534,24.2534,24.071,24.071,0,0
CSR_PE,D,20221104,000000,23.7975,23.7975,23.7975,23.7975,0,0
CSR_PE,D,20221107,000000,23.7975,23.7975,23.2504,23.2504,0,0
CSR_PE,D,20221108,000000,23.2504,23.2504,23.0681,23.0681,0,0
CSR_PE,D,20221109,000000,22.8857,22.9769,22.8857,22.9769,0,0
CSR_PE,D,20221110,000000,23.7975,23.7975,22.9769,22.9769,0,0
CSR_PE,D,20221114,000000,22.9769,22.9769,22.9769,22.9769,0,0
CSR_PE,D,20221115,000000,22.9769,29.4505,22.9769,29.4505,0,0
CSR_PE,D,20221116,000000,30.5447,30.5447,30.5447,30.5447,0,0
CSR_PE,D,20221117,000000,30.5447,30.5447,29.4505,29.4505,0,0
CSR_PE,D,20221118,000000,29.4505,29.4505,29.4505,29.4505,0,0
CSR_PE,D,20221121,000000,28.174,29.4505,28.174,29.4505,0,0
CSR_PE,D,20221122,000000,29.4505,30.5447,29.4505,30.5447,0,0
CSR_PE,D,20221123,000000,30.5447,30.5447,30.5447,30.5447,0,0
CSR_PE,D,20221124,000000,30.5447,30.5447,30.5447,30.5447,0,0
CSR_PE,D,20221125,000000,30.5447,30.5447,28.6299,30.5447,0,0
CSR_PE,D,20221128,000000,30.5447,30.5447,30.5447,30.5447,0,0
CSR_PE,D,20221129,000000,30.5447,30.5447,30.5447,30.5447,0,0
CSR_PE,D,20221130,000000,30.5447,30.5447,30.5447,30.5447,0,0
CSR_PE,D,20221201,000000,30.5447,30.5447,30.1799,30.1799,0,0
CSR_PE,D,20221202,000000,30.1799,30.1799,29.2682,29.9976,0,0
CSR_PE,D,20221205,000000,30.1799,30.1799,30.1799,30.1799,0,0
CSR_PE,D,20221206,000000,30.5447,30.5447,30.5447,30.5447,0,0
CSR_PE,D,20221207,000000,30.5447,30.5447,30.5447,30.5447,0,0
CSR_PE,D,20221208,000000,30.5447,30.5447,28.6299,28.9946,0,0
CSR_PE,D,20221209,000000,30.6358,30.6358,28.9946,29.177,0,0
CSR_PE,D,20221212,000000,28.2652,28.2652,28.2652,28.2652,0,0
CSR_PE,D,20221213,000000,28.2652,28.2652,28.2652,28.2652,0,0
CSR_PE,D,20221214,000000,27.3534,27.9005,27.3534,27.9005,0,0
CSR_PE,D,20221215,000000,27.9005,27.9005,27.1711,27.1711,0,0
CSR_PE,D,20221216,000000,27.3534,29.2682,27.3534,27.9005,0,0
CSR_PE,D,20221219,000000,27.9005,27.9005,27.9005,27.9005,0,0
CSR_PE,D,20221220,000000,27.9005,27.9005,26.8064,26.8064,0,0
CSR_PE,D,20221221,000000,26.624,26.8064,24.5269,25.8034,0,0
CSR_PE,D,20221222,000000,25.8034,25.8034,25.8034,25.8034,0,0
CSR_PE,D,20221223,000000,25.8034,25.8034,25.4387,25.4387,0,0
CSR_PE,D,20221227,000000,25.4387,25.4387,25.074,25.074,0,0
CSR_PE,D,20221228,000000,24.5269,24.8916,24.5269,24.8916,0,0
CSR_PE,D,20221229,000000,24.8916,24.8916,24.8916,24.8916,0,0
CSR_PE,D,20221230,000000,25.6211,25.6211,25.6211,25.6211,0,0
CSR_PE,D,20230102,000000,25.6211,25.6211,25.6211,25.6211,0,0
CSR_PE,D,20230103,000000,25.6211,25.6211,25.6211,25.6211,0,0
CSR_PE,D,20230104,000000,25.2563,25.2563,25.2563,25.2563,0,0
CSR_PE,D,20230105,000000,25.2563,25.2563,24.3446,24.3446,0,0
CSR_PE,D,20230109,000000,25.074,25.074,25.074,25.074,0,0
CSR_PE,D,20230110,000000,25.074,25.074,23.9799,23.9799,0,0
CSR_PE,D,20230111,000000,23.6151,23.7975,23.0681,23.0681,0,0
CSR_PE,D,20230112,000000,23.0681,23.0681,22.8857,23.0681,0,0
CSR_PE,D,20230113,000000,23.0681,23.0681,22.521,23.0681,0,0
CSR_PE,D,20230116,000000,23.0681,23.0681,22.521,22.521,0,0
CSR_PE,D,20230117,000000,22.521,23.0681,22.521,22.8857,0,0
CSR_PE,D,20230118,000000,23.0681,23.0681,23.0681,23.0681,0,0
CSR_PE,D,20230119,000000,23.0681,23.0681,22.1563,22.8857,0,0
CSR_PE,D,20230120,000000,22.7034,22.7034,21.9739,22.7034,0,0
CSR_PE,D,20230123,000000,22.7034,22.7034,22.3387,22.7034,0,0
CSR_PE,D,20230124,000000,22.7034,22.7034,22.521,22.521,0,0
CSR_PE,D,20230125,000000,22.7034,22.7034,22.521,22.521,0,0
CSR_PE,D,20230126,000000,22.7034,22.7034,22.3387,22.7034,0,0
CSR_PE,D,20230127,000000,22.521,22.7034,22.521,22.521,0,0
CSR_PE,D,20230130,000000,22.521,22.521,22.3387,22.4298,0,0
CSR_PE,D,20230131,000000,22.4298,22.7945,22.4298,22.7034,0,0
CSR_PE,D,20230201,000000,22.7034,22.7034,22.521,22.7034,0,0
CSR_PE,D,20230202,000000,22.7034,22.7034,21.4269,22.521,0,0
CSR_PE,D,20230203,000000,22.7034,22.7034,22.1563,22.7034,0,0
CSR_PE,D,20230206,000000,22.7034,22.7034,22.7034,22.7034,0,0
CSR_PE,D,20230207,000000,22.7034,22.7034,22.7034,22.7034,0,0
CSR_PE,D,20230208,000000,22.7034,22.7034,22.7034,22.7034,0,0
CSR_PE,D,20230209,000000,22.7034,22.7034,22.7034,22.7034,0,0
CSR_PE,D,20230210,000000,22.7034,22.7034,21.2445,22.2475,0,0
CSR_PE,D,20230213,000000,22.2475,22.2475,22.2475,22.2475,0,0
CSR_PE,D,20230214,000000,22.7945,22.7945,22.2475,22.2475,0,0
CSR_PE,D,20230215,000000,22.2475,22.2475,21.3357,22.2475,0,0
CSR_PE,D,20230216,000000,22.7945,22.7945,22.2475,22.2475,0,0
CSR_PE,D,20230217,000000,22.7945,22.7945,22.2475,22.2475,0,0
CSR_PE,D,20230220,000000,22.7945,22.7945,22.6122,22.7034,0,0
CSR_PE,D,20230221,000000,22.7034,22.7034,22.521,22.521,0,0
CSR_PE,D,20230222,000000,22.7034,22.7034,22.7034,22.7034,0,0
CSR_PE,D,20230223,000000,22.7034,22.7034,22.7034,22.7034,0,0
CSR_PE,D,20230224,000000,22.7034,22.7034,22.521,22.521,0,0
CSR_PE,D,20230227,000000,22.7034,22.7034,22.521,22.521,0,0
CSR_PE,D,20230228,000000,22.521,22.521,22.521,22.521,0,0
CSR_PE,D,20230301,000000,22.7034,22.7034,21.9739,22.4298,0,0
CSR_PE,D,20230302,000000,22.7945,22.7945,22.521,22.521,0,0
CSR_PE,D,20230303,000000,22.7034,22.7034,22.7034,22.7034,0,0
CSR_PE,D,20230306,000000,22.7034,22.7034,21.4269,22.521,0,0
CSR_PE,D,20230307,000000,22.7034,22.7034,22.521,22.521,0,0
CSR_PE,D,20230308,000000,22.7034,22.7034,22.521,22.521,0,0
CSR_PE,D,20230309,000000,22.7034,22.7034,22.3387,22.521,0,0
CSR_PE,D,20230310,000000,22.7034,22.7034,22.7034,22.7034,0,0
CSR_PE,D,20230313,000000,22.7034,22.7034,22.7034,22.7034,0,0
CSR_PE,D,20230314,000000,23.0681,23.0681,22.521,22.521,0,0
CSR_PE,D,20230315,000000,22.521,22.521,21.6092,22.4298,0,0
CSR_PE,D,20230316,000000,22.6122,22.6122,20.7886,21.5181,0,0
CSR_PE,D,20230317,000000,23.1593,23.1593,21.8828,21.8828,0,0
CSR_PE,D,20230320,000000,22.6122,22.6122,22.521,22.521,0,0
CSR_PE,D,20230321,000000,23.0681,23.0681,22.521,22.521,0,0
CSR_PE,D,20230322,000000,22.521,22.521,22.521,22.521,0,0
CSR_PE,D,20230323,000000,22.1563,23.2504,22.1563,23.2504,0,0
CSR_PE,D,20230324,000000,23.9799,23.9799,23.4328,23.4328,0,0
CSR_PE,D,20230327,000000,23.9799,23.9799,22.521,23.9799,0,0
CSR_PE,D,20230328,000000,23.9799,23.9799,23.0681,23.0681,0,0
CSR_PE,D,20230329,000000,23.9799,23.9799,23.9799,23.9799,0,0
CSR_PE,D,20230330,000000,23.6151,23.6151,23.0681,23.0681,0,0
CSR_PE,D,20230331,000000,23.9799,23.9799,23.9799,23.9799,0,0
CSR_PE,D,20230403,000000,23.9799,28.6299,23.9799,28.6299,0,0
CSR_PE,D,20230404,000000,28.6299,28.6299,28.6299,28.6299,0,0
CSR_PE,D,20230405,000000,28.6299,28.6299,28.6299,28.6299,0,0
CSR_PE,D,20230406,000000,28.4476,28.4476,28.4476,28.4476,0,0
CSR_PE,D,20230411,000000,28.4476,28.4476,26.7152,28.4476,0,0
CSR_PE,D,20230412,000000,28.4476,28.4476,27.1711,28.174,0,0
CSR_PE,D,20230413,000000,28.3564,28.4476,27.0799,28.4476,0,0
CSR_PE,D,20230414,000000,28.4476,28.4476,28.4476,28.4476,0,0
CSR_PE,D,20230417,000000,28.4476,28.4476,28.4476,28.4476,0,0
CSR_PE,D,20230418,000000,28.4476,28.4476,28.4476,28.4476,0,0
CSR_PE,D,20230419,000000,28.4476,28.4476,28.4476,28.4476,0,0
CSR_PE,D,20230420,000000,27.9917,27.9917,27.1711,27.1711,0,0
CSR_PE,D,20230421,000000,28.4476,28.4476,27.1711,27.1711,0,0
CSR_PE,D,20230424,000000,27.3534,27.3534,26.0769,27.1711,0,0
CSR_PE,D,20230425,000000,28.2652,28.2652,24.8005,24.8005,0,0
CSR_PE,D,20230426,000000,25.2563,25.2563,23.3416,23.524,0,0
CSR_PE,D,20230427,000000,23.7063,25.2563,23.524,23.524,0,0
CSR_PE,D,20230428,000000,23.524,23.524,21.7916,21.8828,0,0
CSR_PE,D,20230502,000000,21.8828,21.8828,21.4269,21.4269,0,0
CSR_PE,D,20230504,000000,21.6092,22.521,21.4269,22.521,0,0
CSR_PE,D,20230505,000000,22.521,22.521,22.0651,22.521,0,0
CSR_PE,D,20230508,000000,22.521,22.521,22.521,22.521,0,0
CSR_PE,D,20230509,000000,22.521,22.521,22.521,22.521,0,0
CSR_PE,D,20230510,000000,22.521,22.521,22.0651,22.2475,0,0
CSR_PE,D,20230511,000000,22.4298,22.4298,21.6092,22.2475,0,0
CSR_PE,D,20230512,000000,22.4298,26.4417,22.2475,26.4417,0,0
CSR_PE,D,20230515,000000,26.7152,26.7152,26.624,26.624,0,0
CSR_PE,D,20230516,000000,26.624,26.624,25.6211,26.4417,0,0
CSR_PE,D,20230517,000000,26.7152,26.7152,25.4387,25.4387,0,0
CSR_PE,D,20230518,000000,25.4387,26.7152,25.4387,26.624,0,0
CSR_PE,D,20230519,000000,26.624,26.624,26.624,26.624,0,0
CSR_PE,D,20230522,000000,26.624,26.624,26.1681,26.1681,0,0
CSR_PE,D,20230523,000000,26.1681,26.624,26.1681,26.624,0,0
CSR_PE,D,20230524,000000,26.624,26.624,26.624,26.624,0,0
CSR_PE,D,20230525,000000,26.624,26.624,26.624,26.624,0,0
CSR_PE,D,20230526,000000,26.624,26.624,26.624,26.624,0,0
CSR_PE,D,20230529,000000,26.624,28.6299,26.624,27.9005,0,0
CSR_PE,D,20230530,000000,28.6299,28.7211,28.6299,28.7211,0,0
CSR_PE,D,20230531,000000,28.7211,28.7211,28.7211,28.7211,0,0
CSR_PE,D,20230601,000000,28.7211,28.7211,27.7181,27.7181,0,0
CSR_PE,D,20230602,000000,28.2652,28.2652,28.174,28.174,0,0
CSR_PE,D,20230605,000000,28.6299,28.6299,26.624,27.9005,0,0
CSR_PE,D,20230606,000000,28.174,28.174,28.174,28.174,0,0
CSR_PE,D,20230607,000000,27.627,27.7181,27.627,27.7181,0,0
CSR_PE,D,20230609,000000,27.7181,27.7181,25.1652,25.1652,0,0
CSR_PE,D,20230612,000000,25.1652,26.8975,25.1652,26.8975,0,0
CSR_PE,D,20230613,000000,27.627,27.627,27.4446,27.4446,0,0
CSR_PE,D,20230614,000000,27.7181,27.7181,27.4446,27.4446,0,0
CSR_PE,D,20230615,000000,27.4446,27.4446,27.4446,27.4446,0,0
CSR_PE,D,20230616,000000,27.4446,27.4446,27.4446,27.4446,0,0
CSR_PE,D,20230619,000000,28.4476,28.4476,27.4446,28.4476,0,0
CSR_PE,D,20230620,000000,28.4476,28.4476,27.4446,27.4446,0,0
CSR_PE,D,20230621,000000,28.4476,28.4476,27.9005,27.9005,0,0
CSR_PE,D,20230622,000000,27.627,28.4476,27.627,28.4476,0,0
CSR_PE,D,20230623,000000,28.9946,30.1799,27.9005,30.1799,0,0
CSR_PE,D,20230626,000000,32.6322,32.6322,28.6011,28.6011,0,0
CSR_PE,D,20230627,000000,29.6569,29.6569,27.8333,27.8333,0,0
CSR_PE,D,20230628,000000,29.177,29.177,28.6011,28.6011,0,0
CSR_PE,D,20230629,000000,29.177,29.177,29.177,29.177,0,0
CSR_PE,D,20230630,000000,29.177,29.177,29.177,29.177,0,0
CSR_PE,D,20230703,000000,29.465,29.465,27.8333,27.8333,0,0
CSR_PE,D,20230704,000000,29.177,29.177,28.3132,28.8891,0,0
CSR_PE,D,20230705,000000,29.177,29.177,28.0253,28.0253,0,0
CSR_PE,D,20230706,000000,29.081,29.177,26.9696,29.177,0,0
CSR_PE,D,20230707,000000,29.177,29.177,28.6011,28.6011,0,0
CSR_PE,D,20230710,000000,29.177,29.177,29.177,29.177,0,0
CSR_PE,D,20230711,000000,29.177,29.177,28.6011,28.6011,0,0
CSR_PE,D,20230712,000000,29.177,29.177,29.177,29.177,0,0
CSR_PE,D,20230713,000000,29.177,29.177,29.177,29.177,0,0
CSR_PE,D,20230714,000000,29.177,29.177,29.177,29.177,0,0
CSR_PE,D,20230717,000000,29.177,29.177,28.6011,28.6011,0,0
CSR_PE,D,20230718,000000,29.177,29.177,28.6011,28.6011,0,0
CSR_PE,D,20230719,000000,29.177,34.4557,29.177,34.4557,0,0
CSR_PE,D,20230720,000000,35.2235,35.2235,33.6879,35.2235,0,0
CSR_PE,D,20230721,000000,35.2235,35.2235,35.2235,35.2235,0,0
CSR_PE,D,20230724,000000,35.2235,35.2235,34.4557,35.2235,0,0
CSR_PE,D,20230725,000000,35.2235,35.2235,35.2235,35.2235,0,0
CSR_PE,D,20230726,000000,35.2235,35.2235,34.9356,34.9356,0,0
CSR_PE,D,20230727,000000,34.4557,34.4557,34.4557,34.4557,0,0
CSR_PE,D,20230728,000000,34.4557,34.4557,33.6879,34.4557,0,0
CSR_PE,D,20230731,000000,34.4557,34.4557,34.4557,34.4557,0,0
CSR_PE,D,20230801,000000,34.1679,34.1679,34.1679,34.1679,0,0
CSR_PE,D,20230802,000000,32.5362,32.5362,32.5362,32.5362,0,0
CSR_PE,D,20230803,000000,32.5362,33.8799,32.0563,33.4,0,0
CSR_PE,D,20230804,000000,34.4557,34.4557,31.7684,31.7684,0,0
CSR_PE,D,20230807,000000,34.4193,34.4193,32.8241,32.8241,0,0
CSR_PE,D,20230808,000000,34.4097,34.4097,31.2338,31.2885,0,0
CSR_PE,D,20230809,000000,31.2856,31.8154,31.2856,31.7684,0,0
CSR_PE,D,20230810,000000,31.7713,31.7713,31.7684,31.7684,0,0
CSR_PE,D,20230811,000000,32.0362,32.0563,32.0362,32.0563,0,0
CSR_PE,D,20230814,000000,31.7895,34.4557,31.7895,34.4557,0,0
CSR_PE,D,20230816,000000,34.4577,34.4577,34.4557,34.4557,0,0
CSR_PE,D,20230817,000000,34.4577,34.4577,34.4557,34.4557,0,0
CSR_PE,D,20230818,000000,34.4577,34.4577,34.4557,34.4557,0,0
CSR_PE,D,20230821,000000,34.4577,34.4577,31.277,31.2885,0,0
CSR_PE,D,20230822,000000,31.2856,31.2885,30.49,31.2885,0,0
CSR_PE,D,20230823,000000,31.8154,31.8154,30.49,31.2885,0,0
CSR_PE,D,20230824,000000,31.2856,31.2885,31.2856,31.2885,0,0
CSR_PE,D,20230825,000000,30.7548,31.2885,30.7548,31.2885,0,0
CSR_PE,D,20230828,000000,31.0198,31.0198,30.7127,30.7127,0,0
CSR_PE,D,20230829,000000,30.9775,31.2885,30.9775,31.2885,0,0
CSR_PE,D,20230830,000000,31.5505,31.5505,31.2856,31.4804,0,0
CSR_PE,D,20230831,000000,31.4804,31.4804,30.9516,31.0005,0,0
CSR_PE,D,20230901,000000,31.5333,31.5333,31.2683,31.2885,0,0
CSR_PE,D,20230904,000000,31.8154,31.8154,31.7684,31.7684,0,0
CSR_PE,D,20230905,000000,31.7713,31.7713,31.7684,31.7684,0,0
CSR_PE,D,20230906,000000,30.4477,30.4477,30.4247,30.4247,0,0
CSR_PE,D,20230907,000000,30.4228,30.4247,30.4228,30.4247,0,0
CSR_PE,D,20230908,000000,30.4228,30.4247,30.4228,30.4247,0,0
CSR_PE,D,20230911,000000,31.7454,31.7684,31.7454,31.7684,0,0
CSR_PE,D,20230912,000000,31.7713,31.7713,31.7684,31.7684,0,0
CSR_PE,D,20230913,000000,31.7713,32.9202,31.7713,32.9202,0,0
CSR_PE,D,20230914,000000,32.9163,32.9163,31.2703,31.5764,0,0
CSR_PE,D,20230915,000000,31.8547,31.8547,29.9324,29.9449,0,0
CSR_PE,D,20230918,000000,31.8644,31.8644,28.7931,28.7931,0,0
CSR_PE,D,20230919,000000,28.7931,28.7931,28.5186,28.6011,0,0
CSR_PE,D,20230920,000000,28.8756,29.701,26.6758,27.0656,0,0
CSR_PE,D,20230921,000000,27.4772,27.4772,27.4494,27.4494,0,0
CSR_PE,D,20230922,000000,27.7201,27.7374,27.7201,27.7374,0,0
CSR_PE,D,20230925,000000,28.8343,28.8343,28.7931,28.7931,0,0
CSR_PE,D,20230926,000000,30.1646,30.2328,30.1646,30.2328,0,0
CSR_PE,D,20230927,000000,30.2337,30.2337,30.2328,30.2328,0,0
CSR_PE,D,20230928,000000,30.2337,30.2337,30.2328,30.2328,0,0
CSR_PE,D,20230929,000000,29.9582,29.9582,29.9449,29.9449,0,0
CSR_PE,D,20231002,000000,30.2165,30.2328,29.9449,30.2328,0,0
CSR_PE,D,20231003,000000,31.8826,31.8826,30.2328,31.8644,0,0
CSR_PE,D,20231004,000000,31.8644,31.8644,31.8644,31.8644,0,0
CSR_PE,D,20231005,000000,31.8644,31.8644,31.8644,31.8644,0,0
CSR_PE,D,20231006,000000,31.8644,31.8644,31.8644,31.8644,0,0
CSR_PE,D,20231009,000000,31.8644,31.8644,31.8644,31.8644,0,0
CSR_PE,D,20231010,000000,31.8644,31.8644,31.8644,31.8644,0,0
CSR_PE,D,20231011,000000,31.8644,31.8644,31.8644,31.8644,0,0
CSR_PE,D,20231012,000000,31.8644,31.8644,31.8644,31.8644,0,0
CSR_PE,D,20231013,000000,31.8644,31.8644,31.8644,31.8644,0,0
CSR_PE,D,20231016,000000,31.8644,31.8644,31.8644,31.8644,0,0
CSR_PE,D,20231017,000000,31.8644,31.8644,31.8644,31.8644,0,0
CSR_PE,D,20231018,000000,31.8644,31.8644,31.8644,31.8644,0,0
CSR_PE,D,20231019,000000,31.8644,31.8644,28.7931,28.7931,0,0
CSR_PE,D,20231020,000000,30.1646,31.8096,27.2853,27.3534,0,0
CSR_PE,D,20231023,000000,28.867,29.9669,27.4926,29.6569,0,0
CSR_PE,D,20231024,000000,28.8343,28.8343,26.8735,26.8735,0,0
CSR_PE,D,20231025,000000,26.8735,28.3132,26.8735,28.3132,0,0
CSR_PE,D,20231026,000000,28.3093,28.3093,27.0656,27.0656,0,0
CSR_PE,D,20231027,000000,28.3017,28.3017,26.7776,26.7776,0,0
CSR_PE,D,20231030,000000,28.2854,28.2854,27.7354,28.0253,0,0
CSR_PE,D,20231031,000000,28.3017,28.3017,26.3783,28.0253,0,0
CSR_PE,D,20231102,000000,28.8506,28.8506,28.0253,28.7931,0,0
CSR_PE,D,20231103,000000,28.7931,28.7931,28.7931,28.7931,0,0
CSR_PE,D,20231106,000000,26.3255,26.3937,26.3255,26.3937,0,0
CSR_PE,D,20231107,000000,26.3927,26.3937,26.3927,26.3937,0,0
CSR_PE,D,20231108,000000,26.3927,26.3937,26.3927,26.3937,0,0
CSR_PE,D,20231109,000000,27.4926,27.4926,27.4494,27.4494,0,0
CSR_PE,D,20231110,000000,27.4456,27.4456,14.3006,14.3006,0,0
CSR_PE,D,20231113,000000,13.7295,31.0005,13.7295,31.0005,0,0
CSR_PE,D,20231114,000000,31.634,31.6724,31.634,31.6724,0,0
CSR_PE,D,20231115,000000,31.0418,31.0418,31.0005,31.0005,0,0
CSR_PE,D,20231116,000000,31.0015,32.3443,31.0015,32.3443,0,0
CSR_PE,D,20231117,000000,32.0237,33.2925,31.5486,33.208,0,0
CSR_PE,D,20231120,000000,33.2042,33.208,33.2042,33.208,0,0
CSR_PE,D,20231121,000000,33.2042,33.208,33.2042,33.208,0,0
CSR_PE,D,20231122,000000,31.9393,33.208,31.6235,33.208,0,0
CSR_PE,D,20231123,000000,33.2042,33.208,33.2042,33.208,0,0
CSR_PE,D,20231124,000000,33.2042,33.2042,31.4651,31.4804,0,0
CSR_PE,D,20231127,000000,33.2158,33.2158,33.208,33.208,0,0
CSR_PE,D,20231128,000000,33.2042,33.2042,30.0418,32.3443,0,0
CSR_PE,D,20231129,000000,32.3414,32.3443,29.963,32.3443,0,0
CSR_PE,D,20231130,000000,32.3414,32.3443,29.8047,32.3443,0,0
CSR_PE,D,20231201,000000,31.7069,32.3443,30.4391,31.6724,0,0
CSR_PE,D,20231204,000000,32.3088,32.3443,30.5667,32.3443,0,0
CSR_PE,D,20231205,000000,32.3414,32.3414,29.3287,31.0005,0,0
CSR_PE,D,20231206,000000,31.0015,31.0015,28.9447,30.7127,0,0
CSR_PE,D,20231207,000000,30.082,30.082,28.6568,29.7529,0,0
CSR_PE,D,20231208,000000,29.7558,29.7558,28.964,29.177,0,0
CSR_PE,D,20231211,000000,29.1799,31.5591,29.1799,31.0005,0,0
CSR_PE,D,20231212,000000,31.9498,31.9604,31.9498,31.9604,0,0
CSR_PE,D,20231213,000000,31.1695,31.1926,30.0619,31.1926,0,0
CSR_PE,D,20231214,000000,31.9814,31.9814,31.9604,31.9604,0,0
CSR_PE,D,20231215,000000,31.9604,31.9604,31.9604,31.9604,0,0
CSR_PE,D,20231218,000000,30.3786,30.3786,30.2203,30.2328,0,0
CSR_PE,D,20231219,000000,30.3883,30.4247,30.3883,30.4247,0,0
CSR_PE,D,20231220,000000,30.4286,30.4286,28.9851,28.9851,0,0
CSR_PE,D,20231221,000000,30.4084,30.4084,29.1415,29.177,0,0
CSR_PE,D,20231222,000000,30.4487,30.4487,28.7931,28.7931,0,0
CSR_PE,D,20231227,000000,30.3786,30.4247,30.3786,30.4247,0,0
CSR_PE,D,20231228,000000,29.7951,29.7951,29.7529,29.7529,0,0
CSR_PE,D,20231229,000000,27.698,28.1731,27.2229,27.2575,0,0
CSR_PE,D,20240102,000000,27.2594,28.2173,27.2594,28.2173,0,0
CSR_PE,D,20240103,000000,28.2191,28.5359,28.2191,28.5052,0,0
CSR_PE,D,20240104,000000,28.5081,28.5081,28.5052,28.5052,0,0
CSR_PE,D,20240105,000000,30.0917,30.0917,27.3995,28.5052,0,0
CSR_PE,D,20240108,000000,28.1913,28.5081,28.1913,28.5052,0,0
CSR_PE,D,20240109,000000,28.5081,28.5081,28.5052,28.5052,0,0
CSR_PE,D,20240110,000000,28.8248,29.6166,28.3497,29.5609,0,0
CSR_PE,D,20240111,000000,29.558,29.7529,29.3997,29.7529,0,0
CSR_PE,D,20240112,000000,30.2299,30.2328,30.2299,30.2328,0,0
CSR_PE,D,20240115,000000,30.0715,30.2328,28.8055,30.2328,0,0
CSR_PE,D,20240116,000000,32.2877,32.2877,29.1223,29.177,0,0
CSR_PE,D,20240117,000000,29.4976,29.9727,29.4976,29.9449,0,0
CSR_PE,D,20240118,000000,32.0026,32.0026,29.9429,31.0005,0,0
CSR_PE,D,20240119,000000,31.0015,31.0015,31.0005,31.0005,0,0
CSR_PE,D,20240122,000000,31.634,31.634,29.7356,30.5207,0,0
CSR_PE,D,20240123,000000,30.5168,30.5168,29.5677,29.7529,0,0
CSR_PE,D,20240124,000000,30.5466,30.5466,30.5207,30.5207,0,0
CSR_PE,D,20240125,000000,30.5168,30.5207,30.5168,30.5207,0,0
CSR_PE,D,20240126,000000,30.3585,30.4247,30.3585,30.4247,0,0
CSR_PE,D,20240129,000000,31.2214,31.2214,29.465,29.465,0,0
CSR_PE,D,20240130,000000,30.5774,30.5774,30.5207,30.5207,0,0
CSR_PE,D,20240131,000000,30.2002,30.5168,29.4102,29.7529,0,0
CSR_PE,D,20240201,000000,30.0715,30.0715,30.0408,30.0408,0,0
CSR_PE,D,20240202,000000,29.5677,30.0408,29.2519,29.465,0,0
CSR_PE,D,20240205,000000,29.4678,29.4678,29.465,29.465,0,0
CSR_PE,D,20240206,000000,29.4678,29.4678,29.2729,29.2729,0,0
CSR_PE,D,20240207,000000,29.2711,29.2729,29.2711,29.2729,0,0
CSR_PE,D,20240208,000000,29.4294,29.465,29.4294,29.465,0,0
CSR_PE,D,20240209,000000,29.4678,29.4678,29.465,29.465,0,0
CSR_PE,D,20240212,000000,29.4678,29.4678,29.465,29.465,0,0
CSR_PE,D,20240213,000000,29.4678,29.4678,29.465,29.465,0,0
CSR_PE,D,20240214,000000,29.4678,29.4678,29.465,29.465,0,0
CSR_PE,D,20240215,000000,29.4678,29.4678,29.465,29.465,0,0
CSR_PE,D,20240216,000000,29.4678,29.4678,29.465,29.465,0,0
CSR_PE,D,20240219,000000,29.4678,29.4678,29.465,29.465,0,0
CSR_PE,D,20240220,000000,29.4678,29.4678,29.465,29.465,0,0
CSR_PE,D,20240221,000000,29.4678,29.4678,28.5177,29.465,0,0
CSR_PE,D,20240222,000000,29.4678,29.4678,29.465,29.465,0,0
CSR_PE,D,20240223,000000,29.4678,29.4678,29.465,29.465,0,0
CSR_PE,D,20240226,000000,29.4678,29.4678,29.465,29.465,0,0
CSR_PE,D,20240227,000000,29.4678,29.4678,29.465,29.465,0,0
CSR_PE,D,20240228,000000,29.4678,29.4678,28.5177,28.7931,0,0
CSR_PE,D,20240229,000000,29.4294,29.465,29.4294,29.465,0,0
CSR_PE,D,20240301,000000,29.4678,29.4678,29.465,29.465,0,0
CSR_PE,D,20240304,000000,29.4678,29.4678,29.4678,29.4678,0,0
CSR_PE,D,20240305,000000,29.4678,29.4678,29.465,29.465,0,0
CSR_PE,D,20240306,000000,29.4678,29.4678,28.3593,28.5052,0,0
CSR_PE,D,20240307,000000,28.5081,28.5081,28.5052,28.5052,0,0
CSR_PE,D,20240308,000000,27.8746,27.8746,27.8333,27.8333,0,0
CSR_PE,D,20240311,000000,27.8381,28.5052,27.8381,28.5052,0,0
CSR_PE,D,20240312,000000,28.5081,28.5081,28.5052,28.5052,0,0
CSR_PE,D,20240313,000000,28.5081,28.5081,28.5052,28.5052,0,0
CSR_PE,D,20240314,000000,28.5081,28.5081,27.8746,28.5052,0,0
CSR_PE,D,20240315,000000,28.5081,28.5081,28.5081,28.5081,0,0
CSR_PE,D,20240318,000000,28.5081,28.6971,28.5081,28.6971,0,0
CSR_PE,D,20240319,000000,27.268,28.3775,27.268,28.3132,0,0
CSR_PE,D,20240320,000000,28.7864,28.7931,28.7864,28.7931,0,0
CSR_PE,D,20240321,000000,28.796,28.796,28.7931,28.7931,0,0
CSR_PE,D,20240322,000000,28.796,28.796,28.7931,28.7931,0,0
CSR_PE,D,20240325,000000,28.4802,28.6971,28.4802,28.6971,0,0
CSR_PE,D,20240326,000000,28.6952,28.6971,28.6952,28.6971,0,0
CSR_PE,D,20240327,000000,28.5359,28.5359,28.5052,28.5052,0,0
CSR_PE,D,20240328,000000,28.5081,28.5081,28.5052,28.5052,0,0
CSR_PE,D,20240402,000000,28.5081,28.5081,28.5052,28.5052,0,0
CSR_PE,D,20240403,000000,28.5081,34.1679,28.5081,34.1679,0,0
CSR_PE,D,20240404,000000,34.1687,34.1687,33.0305,33.208,0,0
CSR_PE,D,20240405,000000,33.2071,33.208,33.2071,33.208,0,0
CSR_PE,D,20240408,000000,32.6379,32.6379,32.6322,32.6322,0,0
CSR_PE,D,20240409,000000,32.6379,32.6379,32.6322,32.6322,0,0
CSR_PE,D,20240410,000000,32.6379,32.6379,32.6322,32.6322,0,0
CSR_PE,D,20240411,000000,33.7762,33.7839,33.7762,33.7839,0,0
CSR_PE,D,20240412,000000,33.7897,33.7897,33.7839,33.7839,0,0
CSR_PE,D,20240415,000000,35.3081,35.3081,33.208,33.208,0,0
CSR_PE,D,20240416,000000,33.3962,34.3598,33.3962,34.3598,0,0
CSR_PE,D,20240417,000000,35.3081,35.3196,35.3081,35.3196,0,0
CSR_PE,D,20240418,000000,34.7523,34.7523,34.7437,34.7437,0,0
CSR_PE,D,20240419,000000,34.5489,34.5489,32.6322,32.6322,0,0
CSR_PE,D,20240422,000000,32.4479,32.4479,31.6724,31.6724,0,0
CSR_PE,D,20240423,000000,31.6763,31.6763,31.6724,31.6724,0,0
CSR_PE,D,20240424,000000,31.2971,31.6763,31.2971,31.6724,0,0
CSR_PE,D,20240425,000000,31.2971,31.6763,31.2971,31.6724,0,0
CSR_PE,D,20240426,000000,31.2971,31.6763,31.2971,31.6724,0,0
CSR_PE,D,20240429,000000,31.2971,31.6763,31.2971,31.6724,0,0
CSR_PE,D,20240430,000000,31.2971,31.2971,31.2885,31.2885,0,0
CSR_PE,D,20240502,000000,31.2846,31.2846,31.2846,31.2846,0,0
CSR_PE,D,20240506,000000,31.2846,34.1679,31.2846,34.1679,0,0
CSR_PE,D,20240507,000000,33.9788,33.9788,33.7839,33.7839,0,0
CSR_PE,D,20240508,000000,33.7897,33.9788,33.5996,33.9758,0,0
CSR_PE,D,20240509,000000,33.9788,33.9788,33.9758,33.9758,0,0
CSR_PE,D,20240510,000000,33.9788,33.9788,33.9758,33.9758,0,0
CSR_PE,D,20240513,000000,33.9788,47.2207,33.5996,47.2207,0,0
CSR_PE,D,20240514,000000,47.215,47.2207,47.215,47.2207,0,0
CSR_PE,D,20240515,000000,47.7486,47.7966,47.7486,47.7966,0,0
CSR_PE,D,20240516,000000,47.2677,47.2677,45.3972,45.3972,0,0
CSR_PE,D,20240517,000000,47.8014,47.8014,47.7966,47.7966,0,0
CSR_PE,D,20240520,000000,44.3299,44.8644,44.3299,44.8213,0,0
CSR_PE,D,20240521,000000,47.7486,47.7486,45.3472,45.3972,0,0
CSR_PE,D,20240522,000000,44.3299,44.3414,43.2616,44.3414,0,0
CSR_PE,D,20240523,000000,42.728,44.0631,42.728,44.0534,0,0
CSR_PE,D,20240524,000000,44.0631,44.0631,44.0534,44.0534,0,0
CSR_PE,D,20240527,000000,44.0631,44.0631,44.0534,44.0534,0,0
CSR_PE,D,20240528,000000,44.0631,44.0631,44.0534,44.0534,0,0
CSR_PE,D,20240529,000000,44.0631,44.3414,44.0631,44.3414,0,0
CSR_PE,D,20240531,000000,42.728,44.3414,42.728,44.3414,0,0
CSR_PE,D,20240603,000000,44.3299,44.3414,44.3299,44.3414,0,0
CSR_PE,D,20240604,000000,44.0631,44.0631,43.7962,44.0534,0,0
CSR_PE,D,20240605,000000,44.0631,46.4663,44.0631,46.4528,0,0
CSR_PE,D,20240606,000000,46.4404,46.4528,46.4404,46.4528,0,0
CSR_PE,D,20240607,000000,46.4404,46.4528,46.4404,46.4528,0,0
CSR_PE,D,20240610,000000,49.6432,49.6432,49.6201,49.6201,0,0
CSR_PE,D,20240611,000000,46.9481,46.9481,46.9327,46.9327,0,0
CSR_PE,D,20240612,000000,44.7896,44.8213,44.7896,44.8213,0,0
CSR_PE,D,20240613,000000,44.8146,44.8213,44.8146,44.8213,0,0
CSR_PE,D,20240614,000000,44.8146,44.8213,44.8146,44.8213,0,0
CSR_PE,D,20240617,000000,46.6813,46.6813,44.5333,44.5333,0,0
CSR_PE,D,20240618,000000,45.8559,45.8559,45.8559,45.8559,0,0
CSR_PE,D,20240619,000000,45.8559,45.8559,43.9892,44.0534,0,0
CSR_PE,D,20240620,000000,46.1995,46.1995,46.165,46.165,0,0
CSR_PE,D,20240621,000000,45.6399,45.6399,45.3732,45.3972,0,0
CSR_PE,D,20240624,000000,45.398,45.685,44.0631,45.685,0,0
CSR_PE,D,20240625,000000,45.6908,45.6908,45.685,45.685,0,0
CSR_PE,D,20240626,000000,44.087,44.8894,44.087,44.8213,0,0
CSR_PE,D,20240627,000000,43.4805,45.685,43.4805,45.685,0,0
CSR_PE,D,20240628,000000,45.6908,45.6908,45.685,45.685,0,0
CSR_PE,D,20240701,000000,45.423,45.6908,44.8894,45.685,0,0
CSR_PE,D,20240702,000000,44.8894,45.6908,44.8894,45.685,0,0
CSR_PE,D,20240703,000000,44.8894,45.6908,44.8894,45.685,0,0
CSR_PE,D,20240704,000000,44.3548,45.6908,44.3548,45.685,0,0
CSR_PE,D,20240705,000000,44.6217,45.6908,44.6217,45.685,0,0
CSR_PE,D,20240708,000000,45.143,46.7852,45.143,46.7793,0,0
CSR_PE,D,20240709,000000,45.4172,46.7852,45.4172,46.7793,0,0
CSR_PE,D,20240710,000000,45.4172,47.3326,45.4172,46.4845,0,0
CSR_PE,D,20240711,000000,46.4855,46.4855,46.4845,46.4845,0,0
CSR_PE,D,20240712,000000,47.3061,47.3061,47.2707,47.2707,0,0
CSR_PE,D,20240715,000000,45.3661,45.4034,45.3661,45.4034,0,0
CSR_PE,D,20240716,000000,45.3917,45.4034,45.3917,45.4034,0,0
CSR_PE,D,20240717,000000,46.4796,46.4796,45.4034,45.4034,0,0
CSR_PE,D,20240718,000000,47.3061,47.3061,45.1184,46.7793,0,0
CSR_PE,D,20240719,000000,47.3326,47.3326,47.2707,47.2707,0,0
CSR_PE,D,20240722,000000,47.2795,47.2795,47.2707,47.2707,0,0
CSR_PE,D,20240723,000000,47.2795,47.2795,47.2707,47.2707,0,0
CSR_PE,D,20240724,000000,47.2795,47.2795,46.7331,46.7793,0,0
CSR_PE,D,20240725,000000,47.3326,47.3326,45.143,46.7793,0,0
CSR_PE,D,20240726,000000,46.7852,46.7852,46.7793,46.7793,0,0
CSR_PE,D,20240729,000000,47.3326,47.3326,47.2707,47.2707,0,0
CSR_PE,D,20240730,000000,47.2795,47.2795,46.7331,46.7793,0,0
CSR_PE,D,20240731,000000,44.0492,46.7852,44.0492,46.7793,0,0
CSR_PE,D,20240801,000000,44.0492,45.6904,44.0492,45.6,0,0
CSR_PE,D,20240802,000000,43.9509,46.7793,43.9509,46.7793,0,0
CSR_PE,D,20240805,000000,46.7852,46.7852,43.7328,43.7328,0,0
CSR_PE,D,20240806,000000,46.1867,46.1867,43.7269,43.7328,0,0
CSR_PE,D,20240807,000000,46.7331,46.7793,46.7331,46.7793,0,0
CSR_PE,D,20240808,000000,46.7852,46.7852,46.7793,46.7793,0,0
CSR_PE,D,20240809,000000,46.7793,46.7793,46.7793,46.7793,0,0
CSR_PE,D,20240812,000000,46.7852,46.7852,42.0621,42.0621,0,0
CSR_PE,D,20240813,000000,42.064,42.064,42.0621,42.0621,0,0
CSR_PE,D,20240814,000000,42.064,42.064,42.0621,42.0621,0,0
CSR_PE,D,20240816,000000,42.064,42.064,42.0621,42.0621,0,0
CSR_PE,D,20240819,000000,42.064,42.064,42.0621,42.0621,0,0
CSR_PE,D,20240820,000000,42.064,43.4379,42.064,43.4379,0,0
CSR_PE,D,20240821,000000,46.7066,46.7793,46.7066,46.7793,0,0
CSR_PE,D,20240822,000000,43.2286,43.5018,43.2286,43.4379,0,0
CSR_PE,D,20240823,000000,43.4291,43.4291,40.9712,40.981,0,0
CSR_PE,D,20240826,000000,40.9712,40.981,40.9712,40.981,0,0
CSR_PE,D,20240827,000000,40.9712,43.1559,40.9712,43.1431,0,0
CSR_PE,D,20240828,000000,46.681,46.681,42.8591,42.9466,0,0
CSR_PE,D,20240829,000000,41.5864,44.5966,41.5864,44.519,0,0
CSR_PE,D,20240830,000000,44.5219,44.5219,44.519,44.519,0,0
CSR_PE,D,20240902,000000,47.253,47.253,42.3363,42.3363,0,0
CSR_PE,D,20240903,000000,45.8879,45.8879,42.8827,42.9466,0,0
CSR_PE,D,20240904,000000,43.775,43.775,43.7328,43.7328,0,0
CSR_PE,D,20240905,000000,47.2795,47.2795,43.7269,43.7328,0,0
CSR_PE,D,20240906,000000,44.2733,44.3224,44.2733,44.3224,0,0
CSR_PE,D,20240909,000000,44.8698,44.8698,42.0621,42.0621,0,0
CSR_PE,D,20240910,000000,44.2487,44.2487,41.5176,42.3569,0,0
CSR_PE,D,20240911,000000,44.2733,44.3224,44.2733,44.3224,0,0
CSR_PE,D,20240912,000000,44.3224,44.3224,44.3224,44.3224,0,0
CSR_PE,D,20240913,000000,46.7852,47.3326,46.7852,47.2707,0,0
CSR_PE,D,20240916,000000,47.2795,47.2795,44.9121,44.9121,0,0
CSR_PE,D,20240917,000000,44.9072,44.9121,44.9072,44.9121,0,0
CSR_PE,D,20240918,000000,44.9072,44.9121,44.9072,44.9121,0,0
CSR_PE,D,20240919,000000,44.9072,44.9121,44.9072,44.9121,0,0
CSR_PE,D,20240920,000000,44.9072,44.9121,44.9072,44.9121,0,0
CSR_PE,D,20240924,000000,40.754,40.7845,40.754,40.7845,0,0
CSR_PE,D,20240925,000000,41.0351,41.0351,40.981,40.981,0,0
CSR_PE,D,20240926,000000,44.1052,44.1259,40.981,44.1259,0,0
CSR_PE,D,20240927,000000,44.1278,44.1278,41.5324,41.5707,0,0
CSR_PE,D,20240930,000000,44.175,44.175,41.5707,41.5707,0,0
CSR_PE,D,20241001,000000,44.175,44.175,41.2759,41.2759,0,0
CSR_PE,D,20241002,000000,44.1278,44.1278,41.2729,41.2759,0,0
CSR_PE,D,20241003,000000,41.2729,41.2759,41.2729,41.2759,0,0
CSR_PE,D,20241004,000000,41.0135,41.2759,40.981,40.981,0,0
CSR_PE,D,20241007,000000,40.9918,40.9918,40.981,40.981,0,0
CSR_PE,D,20241008,000000,40.9918,40.9918,40.981,40.981,0,0
CSR_PE,D,20241009,000000,39.6946,39.7034,39.6946,39.7034,0,0
CSR_PE,D,20241010,000000,40.7324,40.7845,40.7324,40.7845,0,0
CSR_PE,D,20241011,000000,39.7359,39.7359,39.7034,39.7034,0,0
CSR_PE,D,20241014,000000,39.6946,39.7034,39.6946,39.7034,0,0
CSR_PE,D,20241015,000000,38.6568,40.7845,38.6568,40.7845,0,0
CSR_PE,D,20241016,000000,41.0351,41.0351,40.981,40.981,0,0
CSR_PE,D,20241017,000000,44.1052,44.1052,40.4729,40.4897,0,0
CSR_PE,D,20241018,000000,40.4936,40.4936,40.4897,40.4897,0,0
CSR_PE,D,20241021,000000,41.5324,45.6855,41.5324,44.6172,0,0
CSR_PE,D,20241022,000000,44.6241,44.6241,40.4729,42.0621,0,0
CSR_PE,D,20241023,000000,42.5702,44.6477,39.9747,40.1948,0,0
CSR_PE,D,20241024,000000,40.4513,40.4513,40.1919,40.1948,0,0
CSR_PE,D,20241025,000000,42.7854,42.7854,38.6362,40.1948,0,0
CSR_PE,D,20241028,000000,40.1919,40.1948,40.1919,40.1948,0,0
CSR_PE,D,20241029,000000,40.4513,40.4897,40.1948,40.4897,0,0
CSR_PE,D,20241030,000000,43.09,43.09,43.0448,43.0448,0,0
CSR_PE,D,20241031,000000,39.9324,39.9983,39.9324,39.9983,0,0
CSR_PE,D,20241104,000000,39.9963,39.9983,39.9963,39.9983,0,0
CSR_PE,D,20241105,000000,40.5152,40.5152,40.4897,40.4897,0,0
CSR_PE,D,20241106,000000,41.0135,41.0135,37.1198,37.1483,0,0
CSR_PE,D,20241107,000000,36.3601,36.3601,35.3213,35.7724,0,0
CSR_PE,D,20241108,000000,36.2834,36.2834,35.7646,35.7724,0,0
CSR_PE,D,20241112,000000,35.2466,35.7646,29.4828,29.4828,0,0
CSR_PE,D,20241113,000000,31.1918,31.1918,28.2012,28.2052,0,0
CSR_PE,D,20241114,000000,29.4828,29.4828,27.987,28.4017,0,0
CSR_PE,D,20241115,000000,28.616,28.616,27.3344,28.4017,0,0
CSR_PE,D,20241118,000000,27.3344,27.419,27.3344,27.419,0,0
CSR_PE,D,20241119,000000,27.418,28.2749,27.418,28.2052,0,0
CSR_PE,D,20241120,000000,28.4145,28.4145,27.3462,27.419,0,0
CSR_PE,D,20241121,000000,27.2037,28.4892,27.2037,28.4017,0,0
CSR_PE,D,20241122,000000,28.4017,28.4017,28.4017,28.4017,0,0
CSR_PE,D,20241125,000000,27.1212,27.1241,27.1212,27.1241,0,0
CSR_PE,D,20241126,000000,27.1212,27.1241,27.1212,27.1241,0,0
CSR_PE,D,20241127,000000,27.1212,27.8121,27.1212,27.8121,0,0
CSR_PE,D,20241128,000000,27.8101,27.8121,27.8101,27.8121,0,0
CSR_PE,D,20241129,000000,27.8101,27.8121,27.8101,27.8121,0,0
CSR_PE,D,20241202,000000,27.8101,27.8121,27.1684,27.8121,0,0
CSR_PE,D,20241203,000000,27.8101,27.8121,27.8101,27.8121,0,0
CSR_PE,D,20241204,000000,27.8101,28.2376,27.8101,28.2052,0,0
CSR_PE,D,20241205,000000,28.4145,28.4145,28.2012,28.2052,0,0
CSR_PE,D,20241206,000000,28.4145,28.4145,27.987,28.2052,0,0
CSR_PE,D,20241209,000000,28.4145,28.4145,28.2012,28.2052,0,0
CSR_PE,D,20241210,000000,28.4145,28.4145,28.4017,28.4017,0,0
CSR_PE,D,20241211,000000,27.9752,27.9752,27.7619,27.8121,0,0
CSR_PE,D,20241212,000000,28.2376,28.2376,28.2052,28.2052,0,0
CSR_PE,D,20241213,000000,29.696,29.696,28.2012,28.2052,0,0
CSR_PE,D,20241216,000000,26.9187,28.2052,26.9187,28.2052,0,0
CSR_PE,D,20241217,000000,28.2012,28.2052,28.2012,28.2052,0,0
CSR_PE,D,20241218,000000,27.7737,28.2052,27.7737,28.2052,0,0
CSR_PE,D,20241219,000000,28.4145,28.4145,25.6372,27.419,0,0
CSR_PE,D,20241220,000000,28.9177,28.9177,28.8931,28.8931,0,0
CSR_PE,D,20241223,000000,28.0361,29.9741,28.0361,29.9741,0,0
CSR_PE,D,20241227,000000,29.9751,32.9725,29.9751,32.9224,0,0
CSR_PE,D,20241230,000000,33.7705,33.8069,33.7705,33.8069,0,0
CSR_PE,D,20250102,000000,32.5165,32.5293,31.2331,32.5293,0,0
CSR_PE,D,20250103,000000,31.6743,31.6743,31.6448,31.6448,0,0
CSR_PE,D,20250107,000000,31.4326,31.4483,30.3633,31.4483,0,0
CSR_PE,D,20250108,000000,31.6606,31.6606,30.8046,31.6448,0,0
CSR_PE,D,20250109,000000,31.6468,31.6468,31.6448,31.6448,0,0
CSR_PE,D,20250110,000000,31.6468,31.6468,31.6448,31.6448,0,0
CSR_PE,D,20250113,000000,30.3633,31.6468,30.3633,31.6448,0,0
CSR_PE,D,20250114,000000,33.7853,33.8069,33.7853,33.8069,0,0
CSR_PE,D,20250115,000000,33.8,33.8,31.6448,31.6448,0,0
CSR_PE,D,20250116,000000,33.7853,33.7853,30.5776,31.8414,0,0
CSR_PE,D,20250117,000000,33.7705,33.8069,33.7705,33.8069,0,0
CSR_PE,D,20250120,000000,33.8,33.8,32.0379,32.0379,0,0
CSR_PE,D,20250121,000000,33.7411,33.8069,33.7411,33.8069,0,0
CSR_PE,D,20250122,000000,33.8,33.8,30.5913,31.8414,0,0
CSR_PE,D,20250123,000000,33.7705,33.7705,31.8414,31.8414,0,0
CSR_PE,D,20250124,000000,33.7705,33.7705,31.633,31.6448,0,0
CSR_PE,D,20250127,000000,32.9293,32.9293,32.9224,32.9224,0,0
CSR_PE,D,20250128,000000,33.7705,33.8069,33.7705,33.8069,0,0
CSR_PE,D,20250129,000000,33.8,33.8069,33.8,33.8069,0,0
CSR_PE,D,20250130,000000,34.0133,34.0133,31.8748,33.119,0,0
CSR_PE,D,20250131,000000,33.3283,33.3283,33.3155,33.3155,0,0
CSR_PE,D,20250203,000000,33.3136,33.5278,33.1003,33.119,0,0
CSR_PE,D,20250204,000000,35.0373,35.0373,33.7558,33.8069,0,0
CSR_PE,D,20250205,000000,34.0133,34.0133,34.0034,34.0034,0,0
CSR_PE,D,20250206,000000,33.3578,33.3578,32.0743,33.119,0,0
CSR_PE,D,20250207,000000,33.115,33.119,33.115,33.119,0,0
CSR_PE,D,20250210,000000,33.115,33.119,31.8325,33.119,0,0
CSR_PE,D,20250211,000000,32.9008,32.9224,32.9008,32.9224,0,0
CSR_PE,D,20250212,000000,33.1288,33.1288,33.119,33.119,0,0
CSR_PE,D,20250213,000000,33.3283,33.3283,31.8325,33.119,0,0
CSR_PE,D,20250214,000000,33.3283,33.3283,33.3155,33.3155,0,0
CSR_PE,D,20250217,000000,33.3136,33.3155,33.3136,33.3155,0,0
CSR_PE,D,20250218,000000,33.3136,33.3155,33.3136,33.3155,0,0
CSR_PE,D,20250219,000000,33.3136,33.3155,33.3136,33.3155,0,0
CSR_PE,D,20250220,000000,33.1003,33.119,33.1003,33.119,0,0
CSR_PE,D,20250221,000000,33.3283,33.3283,33.3155,33.3155,0,0
CSR_PE,D,20250224,000000,33.5278,33.6103,33.5278,33.6103,0,0
CSR_PE,D,20250225,000000,33.8295,33.8295,32.7583,33.3155,0,0
CSR_PE,D,20250226,000000,33.3136,33.3155,33.3136,33.3155,0,0
CSR_PE,D,20250227,000000,33.3136,33.3155,33.3136,33.3155,0,0
CSR_PE,D,20250228,000000,33.5278,33.5278,33.3136,33.3155,0,0
CSR_PE,D,20250303,000000,33.5278,33.5278,33.3136,33.3155,0,0
CSR_PE,D,20250304,000000,33.3136,33.3136,30.1107,30.5638,0,0
CSR_PE,D,20250305,000000,31.2055,31.2055,29.2823,29.2862,0,0
CSR_PE,D,20250306,000000,30.9913,31.0552,30.9913,31.0552,0,0
CSR_PE,D,20250307,000000,29.5594,29.7737,28.2749,29.2862,0,0
CSR_PE,D,20250310,000000,29.2823,29.2862,29.068,29.2862,0,0
CSR_PE,D,20250311,000000,29.2823,29.2862,29.2823,29.2862,0,0
CSR_PE,D,20250312,000000,29.2823,29.2862,29.2823,29.2862,0,0
CSR_PE,D,20250313,000000,29.4955,29.4955,27.7855,27.8121,0,0
CSR_PE,D,20250314,000000,29.3078,29.5211,27.1684,27.419,0,0
CSR_PE,D,20250317,000000,27.418,27.419,27.418,27.419,0,0
CSR_PE,D,20250318,000000,27.418,27.418,25.2569,25.2569,0,0
CSR_PE,D,20250319,000000,25.2539,25.2539,24.1837,24.569,0,0
CSR_PE,D,20250320,000000,24.569,24.569,24.1415,24.3724,0,0
CSR_PE,D,20250321,000000,24.3763,24.3763,24.3724,24.3724,0,0
CSR_PE,D,20250324,000000,24.3763,24.5906,24.3763,24.569,0,0
CSR_PE,D,20250325,000000,24.3557,24.3557,22.8599,23.0948,0,0
CSR_PE,D,20250326,000000,22.6663,23.0948,22.6663,23.0948,0,0
CSR_PE,D,20250327,000000,23.5213,23.5213,23.4879,23.4879,0,0
CSR_PE,D,20250328,000000,22.8501,23.2914,22.8501,23.2914,0,0
CSR_PE,D,20250331,000000,22.8599,35.0845,22.8599,35.0845,0,0
CSR_PE,D,20250401,000000,35.0796,35.0796,33.7194,34.0034,0,0
CSR_PE,D,20250402,000000,35.0982,38.4259,34.2826,38.4259,0,0
CSR_PE,D,20250403,000000,36.2471,36.2471,36.2471,36.2471,0,0
CSR_PE,D,20250404,000000,37.8824,37.8824,34.2983,34.2983,0,0
CSR_PE,D,20250407,000000,34.5734,34.5734,31.3068,31.3068,0,0
CSR_PE,D,20250408,000000,31.3068,31.35,31.3068,31.35,0,0
CSR_PE,D,20250409,000000,31.3412,31.35,31.3412,31.35,0,0
CSR_PE,D,20250410,000000,31.3412,31.3412,31.3412,31.3412,0,0
CSR_PE,D,20250411,000000,31.3412,31.35,31.3412,31.35,0,0
CSR_PE,D,20250414,000000,31.3412,31.35,31.0689,31.35,0,0
CSR_PE,D,20250415,000000,31.3412,31.3412,31.0552,31.0552,0,0
CSR_PE,D,20250416,000000,31.3244,31.3244,28.6002,29.3845,0,0
CSR_PE,D,20250417,000000,29.3845,31.0168,29.3845,30.4655,0,0
CSR_PE,D,20250422,000000,30.4734,30.4734,30.4655,30.4655,0,0
CSR_PE,D,20250423,000000,30.4734,30.4734,28.5688,28.5983,0,0
CSR_PE,D,20250424,000000,30.5068,30.5068,27.7836,28.5983,0,0
CSR_PE,D,20250425,000000,30.5068,30.5068,28.0558,30.4655,0,0
CSR_PE,D,20250428,000000,30.4734,30.4734,27.4799,29.6793,0,0
CSR_PE,D,20250429,000000,30.4901,30.4901,28.3123,28.8931,0,0
CSR_PE,D,20250430,000000,29.4336,29.4336,29.0897,29.0897,0,0
CSR_PE,D,20250502,000000,29.0965,29.0965,29.0897,29.0897,0,0
CSR_PE,D,20250505,000000,29.3688,29.3688,28.8243,28.8931,0,0
CSR_PE,D,20250506,000000,29.4336,31.6144,29.4336,31.5466,0,0
CSR_PE,D,20250507,000000,31.2724,31.5466,31.2724,31.5466,0,0
CSR_PE,D,20250508,000000,31.5436,31.5466,31.5436,31.5466,0,0
CSR_PE,D,20250509,000000,31.5436,31.5466,31.2724,31.5466,0,0
CSR_PE,D,20250512,000000,29.3688,30.7603,29.3688,30.7603,0,0
CSR_PE,D,20250513,000000,31.579,31.579,30.7623,31.0552,0,0
CSR_PE,D,20250514,000000,31.0512,31.0552,31.0512,31.0552,0,0
CSR_PE,D,20250515,000000,31.5967,31.5967,29.9623,29.9741,0,0
CSR_PE,D,20250516,000000,29.9791,31.0689,29.9791,30.7603,0,0
CSR_PE,D,20250519,000000,31.579,31.579,29.4012,29.6793,0,0
CSR_PE,D,20250520,000000,31.579,31.579,25.7483,25.7483,0,0
CSR_PE,D,20250521,000000,24.1768,24.1768,23.9538,24.1768,0,0
CSR_PE,D,20250522,000000,25.7443,25.7443,23.2816,23.9793,0,0
CSR_PE,D,20250523,000000,25.7679,25.7679,24.3724,24.3724,0,0
CSR_PE,D,20250526,000000,25.709,25.709,24.3675,24.3724,0,0
CSR_PE,D,20250527,000000,25.709,27.7207,24.3675,26.8293,0,0
CSR_PE,D,20250528,000000,27.7207,27.7207,25.2618,25.5517,0,0
CSR_PE,D,20250529,000000,25.5557,27.1241,24.8825,27.1241,0,0
CSR_PE,D,20250530,000000,27.1241,27.1241,27.1241,27.1241,0,0
CSR_PE,D,20250602,000000,27.1241,27.1241,27.1241,27.1241,0,0
CSR_PE,D,20250603,000000,27.1241,27.1241,27.1241,27.1241,0,0
CSR_PE,D,20250604,000000,27.1241,27.1241,27.1241,27.1241,0,0
CSR_PE,D,20250605,000000,27.1241,27.1241,27.1241,27.1241,0,0
CSR_PE,D,20250606,000000,27.1241,27.1241,27.1241,27.1241,0,0
CSR_PE,D,20250609,000000,27.3482,27.3482,25.2569,25.2569,0,0
CSR_PE,D,20250610,000000,27.2745,27.2745,24.5916,24.6672,0,0
CSR_PE,D,20250611,000000,24.6702,25.5674,24.6702,24.8638,0,0
CSR_PE,D,20250612,000000,24.6358,25.7561,24.6358,25.7483,0,0
CSR_PE,D,20250613,000000,24.1768,27.3207,24.1768,27.3207,0,0
CSR_PE,D,20250616,000000,27.3236,27.3236,25.2569,25.2569,0,0
CSR_PE,D,20250617,000000,26.6033,26.6033,24.1444,25.9448,0,0
CSR_PE,D,20250618,000000,25.9448,25.9448,25.9448,25.9448,0,0
CSR_PE,D,20250620,000000,25.9448,25.9448,25.0495,25.0603,0,0
CSR_PE,D,20250623,000000,25.0613,25.0613,25.0603,25.0603,0,0
CSR_PE,D,20250624,000000,25.0613,25.0613,25.0603,25.0603,0,0
CSR_PE,D,20250625,000000,25.0613,25.0613,25.0603,25.0603,0,0
CSR_PE,D,20250626,000000,25.0613,25.0613,23.7189,25.0603,0,0
CSR_PE,D,20250627,000000,25.0613,25.0613,25.0603,25.0603,0,0
CSR_PE,D,20250630,000000,24.6142,25.9566,24.6142,25.9448,0,0
CSR_PE,D,20250701,000000,25.9448,25.9448,25.2736,25.9448,0,0
CSR_PE,D,20250702,000000,25.9448,25.9448,25.9448,25.9448,0,0
CSR_PE,D,20250703,000000,25.0495,25.9448,24.3793,25.9448,0,0
CSR_PE,D,20250704,000000,26.863,27.558,26.863,27.1,0,0
CSR_PE,D,20250707,000000,26.412,26.412,26.184,26.4,0,0
CSR_PE,D,20250708,000000,26.4,26.4,26.172,26.2,0,0
CSR_PE,D,20250709,000000,26.196,26.2,23.918,26.2,0,0
CSR_PE,D,20250710,000000,26.196,26.2,23.918,26.2,0,0
CSR_PE,D,20250711,000000,26.196,26.2,24.601,26.2,0,0
CSR_PE,D,20250714,000000,26.196,26.196,24.6,24.6,0,0
CSR_PE,D,20250715,000000,23.918,25.3,23.918,25.3,0,0
CSR_PE,D,20250716,000000,27.119,27.119,22.1,22.1,0,0
CSR_PE,D,20250717,000000,22.01,23.647,17.917,18.2,0,0
CSR_PE,D,20250718,000000,18.198,18.2,18.016,18.2,0,0
CSR_PE,D,20250721,000000,18.016,18.2,18.016,18.2,0,0
CSR_PE,D,20250722,000000,18.198,18.198,18,18,0,0
CSR_PE,D,20250723,000000,18,19.636,17.909,18.1,0,0
CSR_PE,D,20250724,000000,18.008,18.008,17.826,18,0,0
CSR_PE,D,20250725,000000,18,18,18,18,0,0
CSR_PE,D,20250728,000000,17.909,18,17.818,18,0,0
CSR_PE,D,20250729,000000,17.999,18,17.999,18,0,0
CSR_PE,D,20250730,000000,18.273,18.273,17.9,17.9,0,0
CSR_PE,D,20250731,000000,18.265,18.265,18.2,18.2,0,0
CSR_PE,D,20250801,000000,18.198,18.2,18.198,18.2,0,0
CSR_PE,D,20250804,000000,18.38,18.4,18.38,18.4,0,0
CSR_PE,D,20250805,000000,18.397,18.4,18.397,18.4,0,0
CSR_PE,D,20250806,000000,18.215,18.215,18.2,18.2,0,0
CSR_PE,D,20250807,000000,18.198,18.198,18,18,0,0
CSR_PE,D,20250808,000000,18.364,18.909,17.818,18.3,0,0
CSR_PE,D,20250811,000000,18.298,18.844,17.934,18.5,0,0
CSR_PE,D,20250812,000000,18.679,18.679,18,18,0,0
CSR_PE,D,20250813,000000,17.818,18,17.818,18,0,0
CSR_PE,D,20250814,000000,17.999,18.273,17.999,18.2,0,0
CSR_PE,D,20250818,000000,18.926,18.926,17.925,18,0,0
CSR_PE,D,20250819,000000,19.004,19.004,17.999,18,0,0
CSR_PE,D,20250820,000000,17.999,18,17.999,18,0,0
CSR_PE,D,20250821,000000,17.999,18,17.999,18,0,0
CSR_PE,D,20250825,000000,17.999,18,17.816,18,0,0
CSR_PE,D,20250826,000000,19.004,19.004,17.816,18.7,0,0
CSR_PE,D,20250827,000000,18.696,18.7,18.696,18.7,0,0
CSR_PE,D,20250828,000000,18.696,18.696,18.057,18.2,0,0
CSR_PE,D,20250829,000000,18.562,18.7,18.198,18.7,0,0
CSR_PE,D,20250901,000000,18.24,18.24,17.784,18,0,0
CSR_PE,D,20250902,000000,18.73,18.73,17.8,17.8,0,0
CSR_PE,D,20250903,000000,17.8,17.8,17.8,17.8,0,0
CSR_PE,D,20250904,000000,17.8,18.622,17.8,18.6,0,0
CSR_PE,D,20250905,000000,18.232,18.232,18.2,18.2,0,0
CSR_PE,D,20250908,000000,18.198,18.2,18.198,18.2,0,0
CSR_PE,D,20250909,000000,18.198,18.2,17.743,18.2,0,0
CSR_PE,D,20250910,000000,18.198,18.2,17.379,18.2,0,0
CSR_PE,D,20250911,000000,18.198,18.2,18.198,18.2,0,0
CSR_PE,D,20250912,000000,18.198,18.2,18.198,18.2,0,0
CSR_PE,D,20250915,000000,18.198,18.2,17.743,18.2,0,0
CSR_PE,D,20250916,000000,18.198,18.2,17.743,18.2,0,0
CSR_PE,D,20250917,000000,18.198,18.2,17.652,18.2,0,0
CSR_PE,D,20250918,000000,18.198,18.2,18.198,18.2,0,0
CSR_PE,D,20250919,000000,18.107,24.5,18.107,24.5,0,0
CSR_PE,D,20250922,000000,24.507,24.507,23.79,23.8,0,0
CSR_PE,D,20250923,000000,23.684,23.684,23.325,23.6,0,0
CSR_PE,D,20250924,000000,24.566,24.566,23.966,24.4,0,0
CSR_PE,D,20250925,000000,24.402,24.402,23.3,23.3,0,0
CSR_PE,D,20250926,000000,23.297,23.3,23.297,23.3,0,0
CSR_PE,D,20250929,000000,24.253,24.3,24.253,24.3,0,0
CSR_PE,D,20250930,000000,23.339,23.339,23.3,23.3,0,0
CSR_PE,D,20251001,000000,23.297,23.895,23.297,23.8,0,0
CSR_PE,D,20251002,000000,23.804,23.804,23.8,23.8,0,0
CSR_PE,D,20251003,000000,23.325,23.804,23.2,23.2,0,0
CSR_PE,D,20251006,000000,24.402,24.402,23.565,23.6,0,0
CSR_PE,D,20251007,000000,24.446,24.446,24.4,24.4,0,0
CSR_PE,D,20251008,000000,23.923,23.923,23.4,23.4,0,0
CSR_PE,D,20251009,000000,24.358,24.358,22.687,23.4,0,0
CSR_PE,D,20251010,000000,24.358,24.358,22.806,24.2,0,0
CSR_PE,D,20251013,000000,22.768,23.966,22.7,22.7,0,0
CSR_PE,D,20251014,000000,24.373,24.4,24.373,24.4,0,0
CSR_PE,D,20251015,000000,23.923,23.923,23.684,23.7,0,0
CSR_PE,D,20251016,000000,23.938,23.938,22.382,22.7,0,0
CSR_PE,D,20251017,000000,22.939,23,22.103,23,0,0
CSR_PE,D,20251020,000000,23.952,23.952,22.994,23,0,0
CSR_PE,D,20251021,000000,22.994,23,22.994,23,0,0
CSR_PE,D,20251022,000000,22.994,23,22.994,23,0,0
CSR_PE,D,20251023,000000,23.952,23.952,22.156,23,0,0
CSR_PE,D,20251024,000000,22.275,22.874,22.156,22.7,0,0
CSR_PE,D,20251027,000000,22.7,22.7,22.7,22.7,0,0
CSR_PE,D,20251028,000000,22.82,23.895,22.342,22.4,0,0
CSR_PE,D,20251029,000000,23.952,23.952,23.2,23.2,0,0
CSR_PE,D,20251030,000000,23.923,23.923,22.967,23,0,0
CSR_PE,D,20251031,000000,23.832,23.832,23.832,23.832,0,0
CSR_PE,D,20251103,000000,23.832,23.832,23.593,23.6,0,0
CSR_PE,D,20251104,000000,23.487,23.966,23.487,23.9,0,0
CSR_PE,D,20251105,000000,23.775,23.8,23.775,23.8,0,0
CSR_PE,D,20251106,000000,22.727,23.804,22.727,23.7,0,0
CSR_PE,D,20251107,000000,23.698,23.7,23.698,23.7,0,0
CSR_PE,D,20251110,000000,23.579,23.7,23.579,23.7,0,0
CSR_PE,D,20251112,000000,23.698,23.7,23.698,23.7,0,0
CSR_PE,D,20251113,000000,23.698,23.7,23.698,23.7,0,0
CSR_PE,D,20251114,000000,23.698,23.7,23.698,23.7,0,0
CSR_PE,D,20251117,000000,23.698,23.7,23.698,23.7,0,0
CSR_PE,D,20251118,000000,23.698,23.698,22.142,23.6,0,0
CSR_PE,D,20251119,000000,23.607,23.727,23.607,23.7,0,0
CSR_PE,D,20251120,000000,23.698,23.7,22.98,23.7,0,0
CSR_PE,D,20251121,000000,23.698,23.7,23.698,23.7,0,0
CSR_PE,D,20251124,000000,23.698,23.698,23.579,23.6,0,0
CSR_PE,D,20251125,000000,23.607,23.607,23.6,23.6,0,0
CSR_PE,D,20251126,000000,23.607,23.966,23.607,23.9,0,0
CSR_PE,D,20251127,000000,23.895,23.9,23.895,23.9,0,0
CSR_PE,D,20251128,000000,23.895,23.9,23.895,23.9,0,0
CSR_PE,D,20251201,000000,23.775,23.775,23.656,23.7,0,0
CSR_PE,D,20251202,000000,23.698,23.698,23.339,23.4,0,0
CSR_PE,D,20251203,000000,23.404,27.187,23.404,24.8,0,0
CSR_PE,D,20251204,000000,23.613,25.3,23.613,25.3,0,0
CSR_PE,D,20251205,000000,25.296,25.296,24.113,24.8,0,0
CSR_PE,D,20251208,000000,25.266,25.266,24.675,24.7,0,0
CSR_PE,D,20251209,000000,24.941,24.941,24.9,24.9,0,0
CSR_PE,D,20251210,000000,24.897,24.9,24.897,24.9,0,0
CSR_PE,D,20251211,000000,24.897,24.9,24.897,24.9,0,0
CSR_PE,D,20251212,000000,24.897,24.9,24.897,24.9,0,0
CSR_PE,D,20251215,000000,24.897,24.9,24.897,24.9,0,0
CSR_PE,D,20251216,000000,22.065,23.9,22.065,23.9,0,0
CSR_PE,D,20251217,000000,24.26,24.379,22.84,23.8,0,0
CSR_PE,D,20251218,000000,23.801,23.801,23.683,23.8,0,0
CSR_PE,D,20251219,000000,23.801,27.117,23.801,27.1,0,0
CSR_PE,D,20251222,000000,26.982,29.586,25.917,29.4,0,0
CSR_PE,D,20251223,000000,29.398,29.398,28.453,29.398,0,0
CSR_PE,D,20251229,000000,29.398,29.398,26.446,28.6,0,0
CSR_PE,D,20251230,000000,28.96,28.96,27.778,28.4,0,0
CSR_PE,D,20260102,000000,28.402,28.402,28.2,28.2,0,0
CSR_PE,D,20260105,000000,29.499,29.499,27.021,27.1,0,0
CSR_PE,D,20260107,000000,27.101,27.101,27.1,27.1,0,0
CSR_PE,D,20260108,000000,27.219,28.166,26.982,28,0,0
CSR_PE,D,20260109,000000,29.415,29.415,29.4,29.4,0,0
CSR_PE,D,20260112,000000,29.398,29.398,27.155,28.1,0,0
CSR_PE,D,20260113,000000,28.099,28.1,28.099,28.1,0,0
CSR_PE,D,20260114,000000,28.099,28.1,28.099,28.1,0,0
CSR_PE,D,20260115,000000,28.099,28.1,28.099,28.1,0,0
CSR_PE,D,20260116,000000,27.981,28,27.981,28,0,0
CSR_PE,D,20260119,000000,28.116,28.116,27.171,27.2,0,0
CSR_PE,D,20260120,000000,28.031,28.031,26.73,27.7,0,0
CSR_PE,D,20260121,000000,27.692,27.929,27.692,27.9,0,0
CSR_PE,D,20260122,000000,27.896,27.9,27.896,27.9,0,0
CSR_PE,D,20260123,000000,27.778,28.4,27.187,28.4,0,0
