<TICKER>,<PER>,<DATE>,<TIME>,<OPEN>,<HIGH>,<LOW>,<CLOSE>,<VOL>,<OPENINT>
CTS_PE,D,20151116,000000,5.1803,5.1803,5.1803,5.1803,0,0
CTS_PE,D,20151120,000000,5.29297,5.29297,5.23664,5.23664,0,0
CTS_PE,D,20151123,000000,5.34922,5.34922,5.34922,5.34922,0,0
CTS_PE,D,20151124,000000,5.40555,5.85597,5.34922,5.34922,0,0
CTS_PE,D,20151125,000000,5.23664,5.74347,5.23664,5.57447,0,0
CTS_PE,D,20151126,000000,5.29297,5.29297,5.29297,5.29297,0,0
CTS_PE,D,20151127,000000,5.57447,6.0248,5.57447,6.0248,0,0
CTS_PE,D,20151130,000000,5.46189,5.68722,5.23664,5.23664,0,0
CTS_PE,D,20151201,000000,5.23664,5.23664,3.6037,3.6037,0,0
CTS_PE,D,20151209,000000,3.54736,3.54736,3.54736,3.54736,0,0
CTS_PE,D,20151210,000000,3.54736,3.54736,3.54736,3.54736,0,0
CTS_PE,D,20160107,000000,3.71628,3.77262,3.71628,3.77262,0,0
CTS_PE,D,20160108,000000,3.77262,4.05412,3.77262,3.94145,0,0
CTS_PE,D,20160111,000000,3.94145,3.94145,3.88521,3.88521,0,0
CTS_PE,D,20160112,000000,3.88521,3.88521,3.88521,3.88521,0,0
CTS_PE,D,20160203,000000,3.71628,3.71628,3.66003,3.66003,0,0
CTS_PE,D,20160216,000000,3.66003,3.66003,3.49112,3.49112,0,0
CTS_PE,D,20160308,000000,3.43469,3.49112,3.43469,3.49112,0,0
CTS_PE,D,20160413,000000,3.6037,3.66003,3.6037,3.66003,0,0
CTS_PE,D,20160414,000000,3.66003,3.94145,3.66003,3.88521,0,0
CTS_PE,D,20160415,000000,3.99779,4.50454,3.99779,4.50454,0,0
CTS_PE,D,20160418,000000,4.95513,5.51822,4.95513,5.51822,0,0
CTS_PE,D,20160419,000000,5.51822,5.79981,5.01138,5.51822,0,0
CTS_PE,D,20160420,000000,6.0248,6.58807,5.01138,5.40555,0,0
CTS_PE,D,20160425,000000,4.95513,4.95513,4.89879,4.89879,0,0
CTS_PE,D,20160426,000000,4.89879,5.23664,4.89879,5.1803,0,0
CTS_PE,D,20160428,000000,4.05412,4.05412,4.05412,4.05412,0,0
CTS_PE,D,20160429,000000,4.39196,4.39196,4.05412,4.39196,0,0
CTS_PE,D,20160502,000000,4.61721,5.12397,4.61721,5.12397,0,0
CTS_PE,D,20160504,000000,5.12397,5.29297,5.12397,5.29297,0,0
CTS_PE,D,20160505,000000,5.51822,6.0248,5.51822,5.51822,0,0
CTS_PE,D,20160506,000000,5.01138,5.51822,5.01138,5.51822,0,0
CTS_PE,D,20160510,000000,4.72988,4.72988,4.72988,4.72988,0,0
CTS_PE,D,20160511,000000,4.44829,4.44829,4.44829,4.44829,0,0
CTS_PE,D,20160517,000000,4.50454,4.50454,4.50454,4.50454,0,0
CTS_PE,D,20160518,000000,4.50454,4.50454,4.05412,4.50454,0,0
CTS_PE,D,20160519,000000,4.50454,4.50454,4.05412,4.05412,0,0
CTS_PE,D,20160520,000000,4.22295,4.22295,4.22295,4.22295,0,0
CTS_PE,D,20160523,000000,4.44829,4.44829,4.44829,4.44829,0,0
CTS_PE,D,20160530,000000,4.67721,4.73635,4.67721,4.73635,0,0
CTS_PE,D,20160601,000000,4.73635,4.73635,4.73635,4.73635,0,0
CTS_PE,D,20160602,000000,4.73635,4.73635,4.73635,4.73635,0,0
CTS_PE,D,20160606,000000,4.26284,5.44688,4.26284,5.44688,0,0
CTS_PE,D,20160607,000000,4.91405,4.91405,4.20361,4.20361,0,0
CTS_PE,D,20160608,000000,4.38113,4.44037,4.20361,4.44037,0,0
CTS_PE,D,20160609,000000,4.44037,4.91405,4.44037,4.8549,0,0
CTS_PE,D,20160610,000000,5.09166,5.09166,4.91405,4.97328,0,0
CTS_PE,D,20160613,000000,5.26928,5.50603,4.91405,4.91405,0,0
CTS_PE,D,20160614,000000,5.03243,5.03243,4.97328,4.97328,0,0
CTS_PE,D,20160615,000000,5.03243,5.09166,4.8549,4.8549,0,0
CTS_PE,D,20160616,000000,5.1509,5.1509,4.79559,4.8549,0,0
CTS_PE,D,20160617,000000,5.21004,5.21004,4.91405,4.91405,0,0
CTS_PE,D,20160620,000000,5.09166,5.09166,4.91405,4.91405,0,0
CTS_PE,D,20160621,000000,4.91405,4.97328,4.79559,4.97328,0,0
CTS_PE,D,20160622,000000,4.91405,5.03243,4.91405,5.03243,0,0
CTS_PE,D,20160623,000000,5.03243,5.09166,4.97328,5.09166,0,0
CTS_PE,D,20160624,000000,5.1509,5.1509,4.91405,4.91405,0,0
CTS_PE,D,20160627,000000,4.91405,4.97328,4.8549,4.8549,0,0
CTS_PE,D,20160628,000000,4.8549,5.21004,4.67721,4.91405,0,0
CTS_PE,D,20160629,000000,5.1509,5.1509,5.09166,5.1509,0,0
CTS_PE,D,20160630,000000,5.1509,5.38774,5.1509,5.38774,0,0
CTS_PE,D,20160701,000000,5.38774,5.38774,4.8549,4.8549,0,0
CTS_PE,D,20160704,000000,5.1509,5.1509,5.1509,5.1509,0,0
CTS_PE,D,20160705,000000,4.38113,4.38113,4.32199,4.32199,0,0
CTS_PE,D,20160706,000000,5.09166,5.09166,5.09166,5.09166,0,0
CTS_PE,D,20160707,000000,5.03243,5.03243,5.03243,5.03243,0,0
CTS_PE,D,20160708,000000,5.03243,5.03243,4.97328,4.97328,0,0
CTS_PE,D,20160711,000000,5.03243,5.09166,5.03243,5.09166,0,0
CTS_PE,D,20160712,000000,5.1509,5.1509,5.1509,5.1509,0,0
CTS_PE,D,20160713,000000,5.26928,5.26928,5.26928,5.26928,0,0
CTS_PE,D,20160714,000000,5.26928,5.3285,5.26928,5.3285,0,0
CTS_PE,D,20160715,000000,5.38774,5.38774,5.38774,5.38774,0,0
CTS_PE,D,20160718,000000,5.38774,5.38774,5.38774,5.38774,0,0
CTS_PE,D,20160719,000000,5.44688,5.44688,5.44688,5.44688,0,0
CTS_PE,D,20160720,000000,5.38774,5.38774,5.38774,5.38774,0,0
CTS_PE,D,20160803,000000,5.03243,5.09166,5.03243,5.09166,0,0
CTS_PE,D,20160804,000000,5.09166,5.1509,5.09166,5.1509,0,0
CTS_PE,D,20160805,000000,5.09166,5.3285,5.09166,5.3285,0,0
CTS_PE,D,20160808,000000,5.3285,5.38774,5.3285,5.38774,0,0
CTS_PE,D,20160809,000000,5.38774,5.50603,5.38774,5.50603,0,0
CTS_PE,D,20160810,000000,5.44688,5.56535,5.44688,5.56535,0,0
CTS_PE,D,20160811,000000,5.56535,5.68373,5.56535,5.68373,0,0
CTS_PE,D,20160812,000000,5.68373,5.74296,5.62441,5.74296,0,0
CTS_PE,D,20160816,000000,5.80211,5.80211,5.74296,5.74296,0,0
CTS_PE,D,20160817,000000,5.74296,5.74296,5.56535,5.56535,0,0
CTS_PE,D,20160818,000000,5.56535,5.74296,5.56535,5.68373,0,0
CTS_PE,D,20160819,000000,5.68373,5.68373,5.68373,5.68373,0,0
CTS_PE,D,20160822,000000,5.68373,5.74296,5.68373,5.68373,0,0
CTS_PE,D,20160823,000000,5.68373,5.68373,5.50603,5.68373,0,0
CTS_PE,D,20160824,000000,5.68373,5.68373,5.62441,5.62441,0,0
CTS_PE,D,20160825,000000,5.56535,5.56535,5.56535,5.56535,0,0
CTS_PE,D,20160826,000000,5.21004,5.21004,5.1509,5.1509,0,0
CTS_PE,D,20160829,000000,5.38774,5.50603,5.38774,5.50603,0,0
CTS_PE,D,20160830,000000,5.56535,5.62441,5.50603,5.56535,0,0
CTS_PE,D,20160831,000000,5.50603,5.62441,5.50603,5.62441,0,0
CTS_PE,D,20160901,000000,5.62441,5.62441,5.56535,5.62441,0,0
CTS_PE,D,20160902,000000,5.62441,5.68373,5.56535,5.68373,0,0
CTS_PE,D,20160905,000000,5.68373,5.97981,5.44688,5.97981,0,0
CTS_PE,D,20160906,000000,5.97981,5.97981,5.92048,5.97981,0,0
CTS_PE,D,20160907,000000,5.97981,6.03895,5.92048,6.03895,0,0
CTS_PE,D,20160908,000000,5.97981,6.03895,5.92048,6.03895,0,0
CTS_PE,D,20160909,000000,6.09819,6.09819,6.03895,6.09819,0,0
CTS_PE,D,20160912,000000,6.03895,6.09819,5.97981,6.03895,0,0
CTS_PE,D,20160913,000000,6.03895,6.03895,5.97981,6.03895,0,0
CTS_PE,D,20160914,000000,6.09819,6.09819,5.97981,5.97981,0,0
CTS_PE,D,20160915,000000,5.97981,6.03895,5.92048,6.03895,0,0
CTS_PE,D,20160916,000000,5.92048,6.03895,5.80211,6.03895,0,0
CTS_PE,D,20160919,000000,6.03895,6.09819,5.97981,6.09819,0,0
CTS_PE,D,20160920,000000,6.09819,6.15741,6.03895,6.15741,0,0
CTS_PE,D,20160921,000000,6.15741,6.21657,6.03895,6.21657,0,0
CTS_PE,D,20160922,000000,6.09819,6.21657,6.03895,6.21657,0,0
CTS_PE,D,20160923,000000,6.21657,6.27571,6.09819,6.21657,0,0
CTS_PE,D,20160926,000000,6.15741,6.39443,6.09819,6.39443,0,0
CTS_PE,D,20160927,000000,5.97981,6.39443,5.97981,6.33495,0,0
CTS_PE,D,20160928,000000,6.15741,6.39443,6.03895,6.39443,0,0
CTS_PE,D,20160929,000000,6.21657,6.39443,6.15741,6.39443,0,0
CTS_PE,D,20160930,000000,6.21657,6.27571,6.09819,6.21657,0,0
CTS_PE,D,20161003,000000,5.97981,6.27571,5.86134,6.27571,0,0
CTS_PE,D,20161004,000000,6.21657,6.33495,6.09819,6.33495,0,0
CTS_PE,D,20161005,000000,6.27571,6.33495,5.97981,6.27571,0,0
CTS_PE,D,20161006,000000,6.21657,6.27571,5.97981,6.03895,0,0
CTS_PE,D,20161007,000000,6.27571,6.27571,6.09819,6.21657,0,0
CTS_PE,D,20161010,000000,6.21657,6.27571,6.03895,6.27571,0,0
CTS_PE,D,20161011,000000,6.21657,6.21657,6.03895,6.15741,0,0
CTS_PE,D,20161012,000000,6.27571,6.27571,6.09819,6.27571,0,0
CTS_PE,D,20161013,000000,6.27571,6.33495,6.15741,6.33495,0,0
CTS_PE,D,20161014,000000,6.33495,6.33495,6.09819,6.21657,0,0
CTS_PE,D,20161017,000000,5.92048,6.27571,5.92048,6.27571,0,0
CTS_PE,D,20161018,000000,6.21657,6.27571,6.09819,6.27571,0,0
CTS_PE,D,20161019,000000,6.27571,6.39443,6.15741,6.33495,0,0
CTS_PE,D,20161020,000000,6.09819,6.39443,6.09819,6.39443,0,0
CTS_PE,D,20161021,000000,6.33495,6.51272,6.21657,6.4535,0,0
CTS_PE,D,20161024,000000,6.4535,6.51272,6.33495,6.4535,0,0
CTS_PE,D,20161025,000000,6.4535,6.57187,6.21657,6.57187,0,0
CTS_PE,D,20161026,000000,6.57187,6.80838,6.33495,6.80838,0,0
CTS_PE,D,20161027,000000,6.86777,7.10436,6.63119,7.04496,0,0
CTS_PE,D,20161028,000000,7.04496,7.28248,7.04496,7.28248,0,0
CTS_PE,D,20161102,000000,6.92701,6.92701,6.92701,6.92701,0,0
CTS_PE,D,20161103,000000,6.92701,6.92701,6.92701,6.92701,0,0
CTS_PE,D,20161104,000000,6.92701,6.92701,6.92701,6.92701,0,0
CTS_PE,D,20161107,000000,6.92701,6.92701,6.92701,6.92701,0,0
CTS_PE,D,20161108,000000,6.92701,6.92701,6.92701,6.92701,0,0
CTS_PE,D,20161109,000000,6.92701,6.92701,6.80838,6.92701,0,0
CTS_PE,D,20161110,000000,6.92701,6.92701,6.86777,6.86777,0,0
CTS_PE,D,20161114,000000,6.86777,6.86777,6.63119,6.86777,0,0
CTS_PE,D,20161115,000000,6.86777,6.86777,6.80838,6.80838,0,0
CTS_PE,D,20161116,000000,6.80838,6.80838,6.74905,6.74905,0,0
CTS_PE,D,20161117,000000,6.6905,6.74905,6.6905,6.74905,0,0
CTS_PE,D,20161118,000000,6.74905,6.92701,6.63119,6.92701,0,0
CTS_PE,D,20161121,000000,6.92701,7.04496,6.74905,6.74905,0,0
CTS_PE,D,20161122,000000,6.74905,6.80838,6.63119,6.80838,0,0
CTS_PE,D,20161123,000000,6.80838,7.04496,6.6905,7.04496,0,0
CTS_PE,D,20161124,000000,6.98641,7.04496,6.80838,7.04496,0,0
CTS_PE,D,20161125,000000,6.98641,7.04496,6.86777,7.04496,0,0
CTS_PE,D,20161128,000000,6.86777,7.04496,6.86777,7.04496,0,0
CTS_PE,D,20161129,000000,7.04496,7.04496,6.86777,7.04496,0,0
CTS_PE,D,20161130,000000,7.04496,7.04496,6.86777,6.98641,0,0
CTS_PE,D,20161201,000000,6.98641,11.7825,6.92701,11.7825,0,0
CTS_PE,D,20161202,000000,11.7825,11.8413,11.7825,11.8413,0,0
CTS_PE,D,20161205,000000,11.7825,11.901,11.7825,11.7825,0,0
CTS_PE,D,20161206,000000,11.7825,11.7825,11.5448,11.7825,0,0
CTS_PE,D,20161207,000000,11.7825,11.7825,11.249,11.7228,0,0
CTS_PE,D,20161208,000000,11.7228,11.901,11.6623,11.901,0,0
CTS_PE,D,20161209,000000,11.8413,11.8413,11.5448,11.6623,0,0
CTS_PE,D,20161212,000000,11.7228,11.7228,11.1893,11.7228,0,0
CTS_PE,D,20161213,000000,11.7228,11.7228,11.5448,11.6623,0,0
CTS_PE,D,20161214,000000,11.6623,11.7228,11.5448,11.7228,0,0
CTS_PE,D,20161216,000000,11.7228,11.7228,11.6043,11.7228,0,0
CTS_PE,D,20161219,000000,11.6623,11.8413,11.5448,11.8413,0,0
CTS_PE,D,20161220,000000,11.7825,11.8413,11.7228,11.8413,0,0
CTS_PE,D,20161222,000000,11.1893,11.6623,11.1893,11.6623,0,0
CTS_PE,D,20161223,000000,11.6043,11.7228,11.6043,11.7228,0,0
CTS_PE,D,20161227,000000,11.6623,12.0185,11.6623,12.0185,0,0
CTS_PE,D,20161228,000000,11.6623,12.6101,11.6623,12.6101,0,0
CTS_PE,D,20161230,000000,12.2555,12.2555,12.2555,12.2555,0,0
CTS_PE,D,20170102,000000,11.8413,12.3152,11.8413,12.3152,0,0
CTS_PE,D,20170103,000000,12.1967,13.1436,12.1967,12.1967,0,0
CTS_PE,D,20170104,000000,11.9598,13.2032,11.9598,13.2032,0,0
CTS_PE,D,20170105,000000,12.3152,12.5512,12.0185,12.1379,0,0
CTS_PE,D,20170109,000000,12.374,12.6101,12.374,12.6101,0,0
CTS_PE,D,20170110,000000,12.4327,12.6101,12.4327,12.5512,0,0
CTS_PE,D,20170111,000000,12.5512,12.6697,12.5512,12.6101,0,0
CTS_PE,D,20170112,000000,12.0782,12.6101,12.0782,12.6101,0,0
CTS_PE,D,20170113,000000,12.0782,12.5512,12.0782,12.5512,0,0
CTS_PE,D,20170116,000000,12.4916,12.4916,12.4916,12.4916,0,0
CTS_PE,D,20170117,000000,12.4327,12.4327,12.374,12.374,0,0
CTS_PE,D,20170118,000000,12.374,12.374,12.3152,12.374,0,0
CTS_PE,D,20170119,000000,12.3152,12.3152,12.0782,12.1967,0,0
CTS_PE,D,20170120,000000,12.1379,12.1967,12.0782,12.0782,0,0
CTS_PE,D,20170123,000000,12.0782,12.3152,11.7228,12.3152,0,0
CTS_PE,D,20170124,000000,12.1967,12.4916,12.1967,12.4916,0,0
CTS_PE,D,20170125,000000,12.4916,12.5512,12.0782,12.5512,0,0
CTS_PE,D,20170126,000000,12.6101,12.6101,12.5512,12.6101,0,0
CTS_PE,D,20170127,000000,12.374,12.374,11.8413,12.374,0,0
CTS_PE,D,20170130,000000,12.374,12.4327,12.374,12.4327,0,0
CTS_PE,D,20170131,000000,12.4327,12.4327,12.4327,12.4327,0,0
CTS_PE,D,20170201,000000,12.1967,12.374,12.1967,12.374,0,0
CTS_PE,D,20170202,000000,12.1967,12.2555,12.1967,12.2555,0,0
CTS_PE,D,20170203,000000,12.2555,12.2555,12.2555,12.2555,0,0
CTS_PE,D,20170208,000000,12.1967,12.4327,12.1967,12.4327,0,0
CTS_PE,D,20170209,000000,12.4327,12.4327,12.0782,12.2555,0,0
CTS_PE,D,20170213,000000,12.2555,12.4916,12.2555,12.4916,0,0
CTS_PE,D,20170214,000000,12.374,12.5512,11.6623,11.6623,0,0
CTS_PE,D,20170215,000000,11.6623,11.6623,11.1297,11.6623,0,0
CTS_PE,D,20170216,000000,11.6623,11.6623,11.6623,11.6623,0,0
CTS_PE,D,20170217,000000,12.0185,12.0185,11.7228,11.7228,0,0
CTS_PE,D,20170221,000000,11.9598,11.9598,11.7228,11.7228,0,0
CTS_PE,D,20170222,000000,11.7825,12.1967,11.7825,12.1379,0,0
CTS_PE,D,20170223,000000,12.1379,12.1967,12.1379,12.1967,0,0
CTS_PE,D,20170224,000000,12.2555,12.2555,11.7228,12.2555,0,0
CTS_PE,D,20170227,000000,11.4851,12.1967,11.4851,11.9598,0,0
CTS_PE,D,20170228,000000,11.4263,11.901,11.4263,11.901,0,0
CTS_PE,D,20170301,000000,11.9598,28.2414,11.0121,28.2414,0,0
CTS_PE,D,20170302,000000,27.5306,27.5306,24.8656,24.9848,0,0
CTS_PE,D,20170303,000000,24.9848,27.234,24.9848,27.234,0,0
CTS_PE,D,20170306,000000,27.234,27.5306,26.9382,27.4121,0,0
CTS_PE,D,20170307,000000,28.3002,28.4774,28.3002,28.4774,0,0
CTS_PE,D,20170308,000000,28.4774,28.4774,28.4178,28.4178,0,0
CTS_PE,D,20170309,000000,28.4178,28.8925,28.4178,28.8925,0,0
CTS_PE,D,20170310,000000,29.0101,29.3655,28.0045,29.3067,0,0
CTS_PE,D,20170313,000000,29.3067,29.3067,28.4178,29.2471,0,0
CTS_PE,D,20170314,000000,28.359,29.6033,28.359,29.4848,0,0
CTS_PE,D,20170315,000000,28.9513,29.5428,28.1817,29.5428,0,0
CTS_PE,D,20170316,000000,28.3002,29.5428,28.3002,29.5428,0,0
CTS_PE,D,20170317,000000,28.6556,28.7144,28.6556,28.7144,0,0
CTS_PE,D,20170320,000000,28.7144,30.2536,28.7144,30.2536,0,0
CTS_PE,D,20170321,000000,30.0175,30.0175,29.7217,29.8394,0,0
CTS_PE,D,20170322,000000,29.8394,30.1351,29.8394,29.9579,0,0
CTS_PE,D,20170323,000000,29.3655,29.9579,29.0698,29.8394,0,0
CTS_PE,D,20170324,000000,29.8394,29.8982,29.8394,29.8982,0,0
CTS_PE,D,20170327,000000,30.1351,30.1947,30.1351,30.1947,0,0
CTS_PE,D,20170328,000000,30.1947,30.1947,29.8982,29.9579,0,0
CTS_PE,D,20170329,000000,29.7805,30.1947,29.7805,30.1947,0,0
CTS_PE,D,20170330,000000,30.1947,30.1947,30.0175,30.1351,0,0
CTS_PE,D,20170331,000000,30.1351,31.497,30.1351,31.497,0,0
CTS_PE,D,20170403,000000,30.1351,31.3197,30.1351,31.3197,0,0
CTS_PE,D,20170404,000000,29.9579,30.7283,29.9579,30.6686,0,0
CTS_PE,D,20170405,000000,30.3124,30.3124,30.1351,30.1351,0,0
CTS_PE,D,20170406,000000,31.2013,31.7331,31.2013,31.6751,0,0
CTS_PE,D,20170407,000000,31.5559,32.7992,31.5559,32.7992,0,0
CTS_PE,D,20170410,000000,32.2666,33.5697,32.2666,33.5697,0,0
CTS_PE,D,20170411,000000,33.2143,34.2797,33.2143,34.2797,0,0
CTS_PE,D,20170412,000000,34.2797,34.3393,34.2797,34.2797,0,0
CTS_PE,D,20170413,000000,34.6947,35.0493,34.3981,34.9896,0,0
CTS_PE,D,20170418,000000,34.3981,36.2331,34.3981,36.2331,0,0
CTS_PE,D,20170419,000000,36.2331,37.9512,35.9969,36.4708,0,0
CTS_PE,D,20170420,000000,36.8262,36.8262,36.2331,36.5305,0,0
CTS_PE,D,20170421,000000,35.7004,36.5305,35.287,36.3523,0,0
CTS_PE,D,20170424,000000,36.8859,37.6546,36.6481,36.9438,0,0
CTS_PE,D,20170425,000000,31.6155,31.7331,30.8467,31.024,0,0
CTS_PE,D,20170426,000000,31.3197,31.3785,31.024,31.0837,0,0
CTS_PE,D,20170427,000000,31.26,31.26,31.0837,31.1425,0,0
CTS_PE,D,20170428,000000,31.1425,31.3197,31.1425,31.1425,0,0
CTS_PE,D,20170502,000000,31.1425,31.1425,31.1425,31.1425,0,0
CTS_PE,D,20170504,000000,31.1425,32.622,31.1425,32.622,0,0
CTS_PE,D,20170505,000000,32.6817,32.7992,32.6817,32.7992,0,0
CTS_PE,D,20170508,000000,32.0305,32.2666,32.0305,32.2666,0,0
CTS_PE,D,20170509,000000,32.3263,32.5044,32.3263,32.5044,0,0
CTS_PE,D,20170510,000000,32.622,32.7405,32.5044,32.5044,0,0
CTS_PE,D,20170511,000000,32.5044,32.6817,32.5044,32.6817,0,0
CTS_PE,D,20170512,000000,32.6817,32.7405,32.6817,32.7405,0,0
CTS_PE,D,20170515,000000,32.3859,32.3859,32.0305,32.0305,0,0
CTS_PE,D,20170516,000000,32.0305,32.0893,32.0305,32.0893,0,0
CTS_PE,D,20170517,000000,32.0893,32.9774,32.0893,32.9774,0,0
CTS_PE,D,20170518,000000,32.5632,32.858,32.5632,32.5632,0,0
CTS_PE,D,20170519,000000,31.7331,32.9186,28.5968,32.6817,0,0
CTS_PE,D,20170522,000000,33.1547,33.1547,29.9579,30.0175,0,0
CTS_PE,D,20170523,000000,28.4178,28.7741,26.8198,28.7741,0,0
CTS_PE,D,20170524,000000,29.0101,29.3067,28.7741,29.2471,0,0
CTS_PE,D,20170525,000000,29.3067,29.6033,29.3067,29.6033,0,0
CTS_PE,D,20170526,000000,29.6033,30.1351,29.6033,30.1351,0,0
CTS_PE,D,20170529,000000,30.3721,30.5501,30.3721,30.5501,0,0
CTS_PE,D,20170530,000000,30.7283,30.7283,30.7283,30.7283,0,0
CTS_PE,D,20170531,000000,30.7283,30.7283,30.7283,30.7283,0,0
CTS_PE,D,20170601,000000,30.7283,32.0305,25.1033,25.1033,0,0
CTS_PE,D,20170602,000000,25.2218,25.2815,25.2218,25.2218,0,0
CTS_PE,D,20170605,000000,25.3991,25.5764,24.0969,24.0969,0,0
CTS_PE,D,20170606,000000,24.5698,24.6295,24.5698,24.6295,0,0
CTS_PE,D,20170607,000000,24.6295,24.6883,24.6295,24.6295,0,0
CTS_PE,D,20170608,000000,24.6295,24.6883,24.6295,24.6295,0,0
CTS_PE,D,20170609,000000,24.6883,24.748,24.6295,24.6295,0,0
CTS_PE,D,20170612,000000,23.9196,24.5111,23.9196,24.5111,0,0
CTS_PE,D,20170613,000000,24.5111,24.5111,24.4523,24.4523,0,0
CTS_PE,D,20170616,000000,23.5045,23.5045,23.0306,23.0306,0,0
CTS_PE,D,20170619,000000,23.0903,23.0903,22.9718,22.9718,0,0
CTS_PE,D,20170621,000000,22.498,23.386,22.498,23.3273,0,0
CTS_PE,D,20170622,000000,22.5568,22.5568,22.4392,22.4392,0,0
CTS_PE,D,20170623,000000,22.4392,22.4392,22.4392,22.4392,0,0
CTS_PE,D,20170626,000000,22.4392,22.5568,22.4392,22.5568,0,0
CTS_PE,D,20170627,000000,22.5568,23.0903,21.7284,22.8525,0,0
CTS_PE,D,20170628,000000,22.6752,23.5045,22.6752,23.5045,0,0
CTS_PE,D,20170629,000000,23.6827,23.8002,23.623,23.623,0,0
CTS_PE,D,20170630,000000,23.623,24.0969,23.623,24.0969,0,0
CTS_PE,D,20170703,000000,24.0372,24.2153,23.623,23.6827,0,0
CTS_PE,D,20170706,000000,22.4392,22.4392,22.4392,22.4392,0,0
CTS_PE,D,20170712,000000,23.2676,23.386,23.2676,23.3273,0,0
CTS_PE,D,20170713,000000,23.386,23.4457,23.386,23.4457,0,0
CTS_PE,D,20170714,000000,23.5633,23.5633,22.4392,23.5633,0,0
CTS_PE,D,20170717,000000,23.5633,23.5633,23.5633,23.5633,0,0
CTS_PE,D,20170718,000000,23.3273,23.5633,23.3273,23.4457,0,0
CTS_PE,D,20170720,000000,23.386,23.386,23.386,23.386,0,0
CTS_PE,D,20170721,000000,23.3273,23.5633,23.3273,23.5633,0,0
CTS_PE,D,20170724,000000,23.5633,23.5633,23.5045,23.5045,0,0
CTS_PE,D,20170725,000000,23.5045,23.6827,23.5045,23.623,0,0
CTS_PE,D,20170726,000000,22.498,23.2676,22.498,23.15,0,0
CTS_PE,D,20170727,000000,23.2079,23.2079,23.0903,23.0903,0,0
CTS_PE,D,20170728,000000,23.15,23.15,23.0903,23.0903,0,0
CTS_PE,D,20170731,000000,22.9718,22.9718,22.9122,22.9122,0,0
CTS_PE,D,20170801,000000,23.3273,23.3273,22.0838,22.9122,0,0
CTS_PE,D,20170802,000000,22.9718,23.0306,22.6752,22.6752,0,0
CTS_PE,D,20170803,000000,21.9065,22.3795,21.9065,21.9653,0,0
CTS_PE,D,20170804,000000,21.9653,21.9653,21.9653,21.9653,0,0
CTS_PE,D,20170807,000000,21.9653,22.498,21.1957,22.498,0,0
CTS_PE,D,20170808,000000,21.9065,22.498,21.4914,22.2022,0,0
CTS_PE,D,20170809,000000,22.4392,22.498,22.1426,22.1426,0,0
CTS_PE,D,20170810,000000,22.3795,22.3795,22.3795,22.3795,0,0
CTS_PE,D,20170811,000000,22.3795,22.3795,22.3207,22.3207,0,0
CTS_PE,D,20170814,000000,22.3207,22.5568,22.3207,22.498,0,0
CTS_PE,D,20170816,000000,22.2619,22.2619,22.2619,22.2619,0,0
CTS_PE,D,20170817,000000,22.2619,22.3207,22.2619,22.3207,0,0
CTS_PE,D,20170821,000000,22.3795,22.3795,21.9065,22.2619,0,0
CTS_PE,D,20170822,000000,22.2619,22.6752,22.025,22.6752,0,0
CTS_PE,D,20170823,000000,22.0838,22.3207,22.025,22.025,0,0
CTS_PE,D,20170824,000000,22.2619,22.2619,21.788,22.2619,0,0
CTS_PE,D,20170825,000000,21.4914,22.2619,21.4914,22.2619,0,0
CTS_PE,D,20170828,000000,21.4914,22.3795,21.4914,22.3795,0,0
CTS_PE,D,20170829,000000,22.3795,22.4392,22.3795,22.4392,0,0
CTS_PE,D,20170830,000000,22.4392,22.5568,22.4392,22.5568,0,0
CTS_PE,D,20170831,000000,22.3207,22.7937,22.3207,22.7937,0,0
CTS_PE,D,20170901,000000,22.9718,23.8599,13.9132,13.9132,0,0
CTS_PE,D,20170904,000000,13.5586,13.6174,13.5586,13.6174,0,0
CTS_PE,D,20170905,000000,13.6174,13.7359,13.6174,13.6762,0,0
CTS_PE,D,20170906,000000,13.6762,13.7947,13.6762,13.7947,0,0
CTS_PE,D,20170907,000000,13.7947,13.8535,13.7947,13.8535,0,0
CTS_PE,D,20170908,000000,13.5586,13.9728,13.5586,13.9728,0,0
CTS_PE,D,20170911,000000,13.5586,14.0913,13.5586,14.0913,0,0
CTS_PE,D,20170912,000000,13.9728,14.0913,13.9728,14.0913,0,0
CTS_PE,D,20170913,000000,14.1501,14.2089,14.1501,14.1501,0,0
CTS_PE,D,20170914,000000,14.1501,14.2089,14.1501,14.1501,0,0
CTS_PE,D,20170918,000000,14.0913,14.2089,14.0913,14.2089,0,0
CTS_PE,D,20170919,000000,14.2686,14.2686,14.2686,14.2686,0,0
CTS_PE,D,20170920,000000,14.2686,14.3282,14.2686,14.2686,0,0
CTS_PE,D,20170921,000000,14.2686,14.3282,14.2686,14.3282,0,0
CTS_PE,D,20170925,000000,14.3282,14.387,14.3282,14.387,0,0
CTS_PE,D,20170926,000000,14.387,14.4458,14.387,14.4458,0,0
CTS_PE,D,20170927,000000,14.4458,14.4458,14.4458,14.4458,0,0
CTS_PE,D,20170928,000000,14.4458,14.4458,14.4458,14.4458,0,0
CTS_PE,D,20170929,000000,14.3282,14.3282,14.3282,14.3282,0,0
CTS_PE,D,20171002,000000,14.3282,14.3282,14.3282,14.3282,0,0
CTS_PE,D,20171003,000000,14.3282,14.3282,14.3282,14.3282,0,0
CTS_PE,D,20171004,000000,14.2686,14.3282,14.2686,14.3282,0,0
CTS_PE,D,20171005,000000,14.3282,14.387,14.3282,14.387,0,0
CTS_PE,D,20171006,000000,14.387,14.387,14.387,14.387,0,0
CTS_PE,D,20171009,000000,14.3282,14.387,14.3282,14.387,0,0
CTS_PE,D,20171011,000000,14.3282,14.3282,13.2032,13.6762,0,0
CTS_PE,D,20171012,000000,14.0913,14.387,14.0913,14.387,0,0
CTS_PE,D,20171016,000000,14.2089,14.5055,14.2089,14.5055,0,0
CTS_PE,D,20171017,000000,14.5055,14.7415,14.5055,14.7415,0,0
CTS_PE,D,20171018,000000,14.5643,14.624,14.5643,14.624,0,0
CTS_PE,D,20171019,000000,14.7415,14.8012,14.7415,14.8012,0,0
CTS_PE,D,20171020,000000,14.8012,14.9197,14.7415,14.7415,0,0
CTS_PE,D,20171023,000000,14.7415,14.7415,14.2686,14.2686,0,0
CTS_PE,D,20171024,000000,14.8012,14.8609,14.8012,14.8609,0,0
CTS_PE,D,20171025,000000,14.9197,15.0978,14.8609,14.8609,0,0
CTS_PE,D,20171026,000000,14.8012,15.0978,14.8012,15.0978,0,0
CTS_PE,D,20171027,000000,14.9785,15.3339,14.9785,15.2751,0,0
CTS_PE,D,20171030,000000,15.8666,15.9262,15.2751,15.8666,0,0
CTS_PE,D,20171031,000000,15.8069,15.985,15.8069,15.985,0,0
CTS_PE,D,20171102,000000,15.985,16.0447,15.985,15.985,0,0
CTS_PE,D,20171103,000000,15.9262,15.9262,15.2751,15.3339,0,0
CTS_PE,D,20171106,000000,15.7489,15.7489,15.7489,15.7489,0,0
CTS_PE,D,20171107,000000,15.2751,15.985,15.2751,15.985,0,0
CTS_PE,D,20171108,000000,15.8666,15.985,15.8666,15.985,0,0
CTS_PE,D,20171110,000000,15.8666,15.985,15.8666,15.985,0,0
CTS_PE,D,20171113,000000,15.985,16.0447,15.985,16.0447,0,0
CTS_PE,D,20171114,000000,16.0447,16.1035,16.0447,16.0447,0,0
CTS_PE,D,20171115,000000,16.0447,16.1035,16.0447,16.1035,0,0
CTS_PE,D,20171116,000000,16.1035,16.1631,16.1035,16.1035,0,0
CTS_PE,D,20171117,000000,16.0447,16.1035,16.0447,16.0447,0,0
CTS_PE,D,20171120,000000,16.0447,16.0447,15.7489,15.7489,0,0
CTS_PE,D,20171121,000000,16.0447,17.4654,16.0447,17.4654,0,0
CTS_PE,D,20171122,000000,17.4075,17.4654,17.4075,17.4075,0,0
CTS_PE,D,20171123,000000,16.8731,17.0512,16.4,16.4,0,0
CTS_PE,D,20171124,000000,17.0512,17.0512,16.5185,16.5782,0,0
CTS_PE,D,20171127,000000,16.6958,16.7546,16.6958,16.7546,0,0
CTS_PE,D,20171128,000000,16.9319,17.1099,16.9319,17.1099,0,0
CTS_PE,D,20171129,000000,17.0512,17.1099,17.0512,17.1099,0,0
CTS_PE,D,20171130,000000,17.1099,17.1688,17.1099,17.1688,0,0
CTS_PE,D,20171201,000000,17.1688,17.1688,15.985,15.985,0,0
CTS_PE,D,20171204,000000,15.985,16.0447,15.985,16.0447,0,0
CTS_PE,D,20171205,000000,16.0447,16.1631,16.0447,16.1631,0,0
CTS_PE,D,20171206,000000,16.2228,16.2228,16.2228,16.2228,0,0
CTS_PE,D,20171207,000000,16.1631,16.1631,16.1035,16.1035,0,0
CTS_PE,D,20171208,000000,16.1035,16.1035,16.1035,16.1035,0,0
CTS_PE,D,20171211,000000,16.1035,16.1631,16.1035,16.1631,0,0
CTS_PE,D,20171212,000000,16.1631,16.1631,16.1035,16.1035,0,0
CTS_PE,D,20171213,000000,16.1631,16.1631,16.1631,16.1631,0,0
CTS_PE,D,20171214,000000,16.1631,16.1631,16.1035,16.1035,0,0
CTS_PE,D,20171215,000000,16.1035,16.1035,16.1035,16.1035,0,0
CTS_PE,D,20171218,000000,15.985,16.1035,15.985,16.0447,0,0
CTS_PE,D,20171219,000000,16.0447,16.0447,16.0447,16.0447,0,0
CTS_PE,D,20171220,000000,16.0447,16.1035,16.0447,16.1035,0,0
CTS_PE,D,20171221,000000,16.0447,16.0447,15.2162,16.0447,0,0
CTS_PE,D,20171222,000000,16.1035,16.1035,16.0447,16.1035,0,0
CTS_PE,D,20171227,000000,16.1035,16.1035,16.1035,16.1035,0,0
CTS_PE,D,20171228,000000,15.985,16.5185,15.9262,16.5185,0,0
CTS_PE,D,20171229,000000,16.2228,16.5782,16.2228,16.5782,0,0
CTS_PE,D,20180103,000000,16.5782,16.637,16.5782,16.637,0,0
CTS_PE,D,20180104,000000,16.7546,16.7546,16.7546,16.7546,0,0
CTS_PE,D,20180105,000000,16.2228,16.7546,16.2228,16.6958,0,0
CTS_PE,D,20180108,000000,16.4,17.4075,16.4,16.8142,0,0
CTS_PE,D,20180109,000000,16.4,16.8142,15.6893,16.8142,0,0
CTS_PE,D,20180111,000000,15.8069,16.4597,15.6296,15.6296,0,0
CTS_PE,D,20180112,000000,15.6296,16.8731,15.5112,15.9262,0,0
CTS_PE,D,20180115,000000,15.9262,16.9319,15.9262,16.9319,0,0
CTS_PE,D,20180116,000000,16.1035,16.637,16.1035,16.637,0,0
CTS_PE,D,20180117,000000,16.637,16.9319,16.1035,16.8731,0,0
CTS_PE,D,20180118,000000,16.0447,16.8731,16.0447,16.8731,0,0
CTS_PE,D,20180122,000000,16.4,17.0512,16.4,17.0512,0,0
CTS_PE,D,20180123,000000,17.4654,17.4654,17.4654,17.4654,0,0
CTS_PE,D,20180124,000000,16.637,16.637,16.637,16.637,0,0
CTS_PE,D,20180126,000000,16.637,16.6958,16.637,16.6958,0,0
CTS_PE,D,20180129,000000,16.6958,16.6958,15.5708,15.8666,0,0
CTS_PE,D,20180131,000000,16.7546,16.7546,16.4597,16.4597,0,0
CTS_PE,D,20180201,000000,16.2228,16.4597,16.2228,16.4597,0,0
CTS_PE,D,20180202,000000,16.4597,16.4597,16.4597,16.4597,0,0
CTS_PE,D,20180205,000000,16.4597,16.4597,16.4,16.4,0,0
CTS_PE,D,20180206,000000,16.4,16.6958,16.4,16.6958,0,0
CTS_PE,D,20180207,000000,16.4,17.1099,16.4,17.1099,0,0
CTS_PE,D,20180208,000000,17.4075,17.4075,17.3478,17.3478,0,0
CTS_PE,D,20180209,000000,16.4,17.762,16.4,17.7023,0,0
CTS_PE,D,20180212,000000,16.3404,17.2881,16.3404,17.1688,0,0
CTS_PE,D,20180213,000000,16.3404,17.1099,16.3404,17.1099,0,0
CTS_PE,D,20180214,000000,16.5782,17.2284,16.5782,16.7546,0,0
CTS_PE,D,20180215,000000,17.5847,17.998,17.5847,17.998,0,0
CTS_PE,D,20180216,000000,16.637,17.4654,16.4597,16.8142,0,0
CTS_PE,D,20180219,000000,17.2284,17.525,16.8142,17.525,0,0
CTS_PE,D,20180220,000000,16.8142,18.235,16.8142,18.235,0,0
CTS_PE,D,20180221,000000,17.1099,18.235,17.1099,18.1174,0,0
CTS_PE,D,20180222,000000,17.998,18.5307,17.2881,18.4728,0,0
CTS_PE,D,20180223,000000,17.3478,17.762,16.4,17.7023,0,0
CTS_PE,D,20180226,000000,16.9916,17.5847,16.9916,17.5847,0,0
CTS_PE,D,20180227,000000,16.637,17.762,16.637,17.762,0,0
CTS_PE,D,20180228,000000,17.762,17.762,17.762,17.762,0,0
CTS_PE,D,20180301,000000,17.2284,18.4728,8.7621,8.7621,0,0
CTS_PE,D,20180302,000000,8.28824,8.28824,7.75608,7.75608,0,0
CTS_PE,D,20180305,000000,8.11096,8.16977,8.11096,8.16977,0,0
CTS_PE,D,20180306,000000,8.11096,8.16977,8.11096,8.16977,0,0
CTS_PE,D,20180307,000000,7.81566,8.22858,7.81566,8.16977,0,0
CTS_PE,D,20180308,000000,8.11096,8.16977,8.11096,8.16977,0,0
CTS_PE,D,20180309,000000,7.81566,8.11096,7.81566,7.81566,0,0
CTS_PE,D,20180312,000000,8.05174,8.05174,7.81566,7.81566,0,0
CTS_PE,D,20180313,000000,7.81566,7.81566,7.81566,7.81566,0,0
CTS_PE,D,20180314,000000,7.69651,8.22858,7.69651,8.05174,0,0
CTS_PE,D,20180315,000000,8.11096,8.11096,7.81566,7.87379,0,0
CTS_PE,D,20180319,000000,7.87379,7.87379,7.69651,7.69651,0,0
CTS_PE,D,20180320,000000,7.46053,7.57813,7.28248,7.57813,0,0
CTS_PE,D,20180321,000000,7.69651,7.69651,7.46053,7.69651,0,0
CTS_PE,D,20180322,000000,7.6377,7.6377,7.57813,7.57813,0,0
CTS_PE,D,20180323,000000,7.6377,7.69651,7.57813,7.69651,0,0
CTS_PE,D,20180326,000000,7.81566,7.81566,7.81566,7.81566,0,0
CTS_PE,D,20180327,000000,7.81566,8.16977,7.81566,8.16977,0,0
CTS_PE,D,20180328,000000,7.81566,7.81566,7.1636,7.1636,0,0
CTS_PE,D,20180329,000000,7.81566,8.05174,7.81566,8.05174,0,0
CTS_PE,D,20180403,000000,7.6377,7.6377,7.6377,7.6377,0,0
CTS_PE,D,20180405,000000,7.75608,7.75608,7.1636,7.22291,0,0
CTS_PE,D,20180406,000000,7.22291,7.22291,6.57187,6.57187,0,0
CTS_PE,D,20180409,000000,6.09819,6.6905,6.09819,6.6905,0,0
CTS_PE,D,20180410,000000,6.63119,6.63119,6.57187,6.57187,0,0
CTS_PE,D,20180411,000000,6.51272,6.51272,6.27571,6.27571,0,0
CTS_PE,D,20180412,000000,6.03895,6.51272,5.86134,6.51272,0,0
CTS_PE,D,20180413,000000,6.6905,6.6905,6.15741,6.21657,0,0
CTS_PE,D,20180416,000000,6.09819,6.33495,5.92048,5.92048,0,0
CTS_PE,D,20180417,000000,5.92048,6.21657,5.92048,6.21657,0,0
CTS_PE,D,20180418,000000,6.09819,6.09819,6.09819,6.09819,0,0
CTS_PE,D,20180419,000000,6.09819,6.51272,6.09819,6.4535,0,0
CTS_PE,D,20180420,000000,6.86777,6.86777,6.86777,6.86777,0,0
CTS_PE,D,20180423,000000,6.63119,7.28248,6.63119,7.22291,0,0
CTS_PE,D,20180424,000000,7.22291,7.6377,7.22291,7.57813,0,0
CTS_PE,D,20180425,000000,7.40095,7.40095,6.86777,6.86777,0,0
CTS_PE,D,20180426,000000,7.34138,7.34138,7.34138,7.34138,0,0
CTS_PE,D,20180427,000000,7.28248,7.28248,7.22291,7.22291,0,0
CTS_PE,D,20180430,000000,7.46053,7.51932,7.46053,7.51932,0,0
CTS_PE,D,20180502,000000,7.34138,7.81566,7.04496,7.81566,0,0
CTS_PE,D,20180504,000000,7.81566,7.81566,7.69651,7.69651,0,0
CTS_PE,D,20180508,000000,7.34138,7.40095,7.34138,7.40095,0,0
CTS_PE,D,20180509,000000,7.28248,7.28248,7.22291,7.22291,0,0
CTS_PE,D,20180510,000000,7.22291,7.69651,7.22291,7.69651,0,0
CTS_PE,D,20180511,000000,7.34138,7.34138,6.98641,7.1636,0,0
CTS_PE,D,20180514,000000,7.40095,7.40095,7.10436,7.1636,0,0
CTS_PE,D,20180515,000000,7.28248,7.28248,7.28248,7.28248,0,0
CTS_PE,D,20180516,000000,7.34138,7.51932,7.1636,7.46053,0,0
CTS_PE,D,20180517,000000,7.46053,7.46053,7.46053,7.46053,0,0
CTS_PE,D,20180518,000000,7.46053,7.81566,7.46053,7.81566,0,0
CTS_PE,D,20180521,000000,7.81566,7.81566,7.81566,7.81566,0,0
CTS_PE,D,20180522,000000,7.69651,7.69651,7.10436,7.10436,0,0
CTS_PE,D,20180528,000000,6.98641,7.10436,6.98641,6.98641,0,0
CTS_PE,D,20180529,000000,6.80838,6.80838,6.80838,6.80838,0,0
CTS_PE,D,20180530,000000,6.80838,6.80838,6.80838,6.80838,0,0
CTS_PE,D,20180601,000000,6.51272,6.6905,6.39443,6.63119,0,0
CTS_PE,D,20180605,000000,6.51272,6.98641,6.51272,6.98641,0,0
CTS_PE,D,20180606,000000,7.46053,7.46053,6.98641,7.40095,0,0
CTS_PE,D,20180607,000000,7.10436,7.40095,7.10436,7.40095,0,0
CTS_PE,D,20180611,000000,7.81566,7.81566,7.69651,7.75608,0,0
CTS_PE,D,20180612,000000,7.46053,7.81566,7.40095,7.81566,0,0
CTS_PE,D,20180613,000000,8.05174,8.05174,7.46053,7.46053,0,0
CTS_PE,D,20180618,000000,7.81566,7.81566,7.81566,7.81566,0,0
CTS_PE,D,20180619,000000,7.46053,8.16977,7.46053,8.16977,0,0
CTS_PE,D,20180621,000000,7.81566,8.05174,7.81566,8.05174,0,0
CTS_PE,D,20180626,000000,7.51932,8.05174,7.51932,7.99293,0,0
CTS_PE,D,20180627,000000,7.99293,8.05174,7.99293,8.05174,0,0
CTS_PE,D,20180628,000000,7.81566,8.28824,7.46053,8.28824,0,0
CTS_PE,D,20180629,000000,8.13568,8.47147,8.13568,8.33767,0,0
CTS_PE,D,20180704,000000,8.33767,8.33767,8.27035,8.27035,0,0
CTS_PE,D,20180706,000000,8.33767,8.405,8.33767,8.405,0,0
CTS_PE,D,20180710,000000,8.13568,8.74079,8.13568,8.74079,0,0
CTS_PE,D,20180716,000000,8.47147,8.74079,8.47147,8.74079,0,0
CTS_PE,D,20180717,000000,8.47147,8.80897,8.47147,8.80897,0,0
CTS_PE,D,20180723,000000,8.5388,8.94192,8.5388,8.94192,0,0
CTS_PE,D,20180724,000000,8.5388,8.94192,8.5388,8.94192,0,0
CTS_PE,D,20180726,000000,8.94192,9.07742,8.94192,9.07742,0,0
CTS_PE,D,20180727,000000,8.67346,9.07742,8.67346,9.07742,0,0
CTS_PE,D,20180730,000000,9.07742,9.14478,8.80897,9.14478,0,0
CTS_PE,D,20180731,000000,8.5388,9.27859,8.5388,9.27859,0,0
CTS_PE,D,20180801,000000,8.67346,8.94192,8.67346,8.94192,0,0
CTS_PE,D,20180802,000000,9.01007,9.01007,9.01007,9.01007,0,0
CTS_PE,D,20180803,000000,8.74079,9.27859,8.74079,9.27859,0,0
CTS_PE,D,20180806,000000,9.01007,9.01007,9.01007,9.01007,0,0
CTS_PE,D,20180807,000000,9.27859,9.27859,9.27859,9.27859,0,0
CTS_PE,D,20180808,000000,9.07742,9.14478,9.07742,9.14478,0,0
CTS_PE,D,20180809,000000,8.74079,8.74079,8.47147,8.47147,0,0
CTS_PE,D,20180810,000000,8.47147,8.47147,8.47147,8.47147,0,0
CTS_PE,D,20180813,000000,8.80897,8.80897,8.405,8.405,0,0
CTS_PE,D,20180814,000000,8.60698,8.60698,8.5388,8.5388,0,0
CTS_PE,D,20180816,000000,8.80897,8.80897,8.80897,8.80897,0,0
CTS_PE,D,20180821,000000,8.5388,8.74079,8.5388,8.74079,0,0
CTS_PE,D,20180822,000000,8.74079,9.01007,8.74079,8.94192,0,0
CTS_PE,D,20180828,000000,8.80897,8.87545,8.80897,8.87545,0,0
CTS_PE,D,20180829,000000,8.87545,9.07742,8.87545,9.01007,0,0
CTS_PE,D,20180830,000000,8.80897,9.01007,8.80897,9.01007,0,0
CTS_PE,D,20180831,000000,9.07742,9.68253,9.07742,9.68253,0,0
CTS_PE,D,20180903,000000,9.34585,9.34585,9.21124,9.21124,0,0
CTS_PE,D,20180906,000000,9.21124,9.21124,9.21124,9.21124,0,0
CTS_PE,D,20180907,000000,9.21124,9.21124,9.14478,9.14478,0,0
CTS_PE,D,20180910,000000,9.14478,9.14478,9.07742,9.14478,0,0
CTS_PE,D,20180911,000000,9.21124,9.21124,8.94192,8.94192,0,0
CTS_PE,D,20180912,000000,8.87545,8.87545,8.87545,8.87545,0,0
CTS_PE,D,20180913,000000,8.94192,8.94192,8.74079,8.74079,0,0
CTS_PE,D,20180914,000000,8.94192,9.01007,8.94192,8.94192,0,0
CTS_PE,D,20180917,000000,9.14478,9.14478,9.07742,9.07742,0,0
CTS_PE,D,20180920,000000,9.14478,9.4141,9.14478,9.4141,0,0
CTS_PE,D,20180921,000000,9.4141,9.88449,9.4141,9.88449,0,0
CTS_PE,D,20180924,000000,9.4141,9.4141,9.14478,9.14478,0,0
CTS_PE,D,20180925,000000,9.4141,9.88449,9.27859,9.27859,0,0
CTS_PE,D,20180926,000000,8.94192,8.94192,8.94192,8.94192,0,0
CTS_PE,D,20180927,000000,8.94192,9.4141,8.94192,9.4141,0,0
CTS_PE,D,20180928,000000,9.34585,10.0857,9.34585,10.0857,0,0
CTS_PE,D,20181001,000000,9.74899,10.0857,9.74899,10.0857,0,0
CTS_PE,D,20181002,000000,9.74899,10.355,9.74899,10.355,0,0
CTS_PE,D,20181003,000000,9.74899,10.4223,9.74899,10.2868,0,0
CTS_PE,D,20181004,000000,10.2868,10.5569,10.2868,10.5569,0,0
CTS_PE,D,20181005,000000,10.7581,10.7581,10.6908,10.6908,0,0
CTS_PE,D,20181008,000000,10.2203,11.1621,10.2203,10.5569,0,0
CTS_PE,D,20181009,000000,10.8927,10.8927,10.6243,10.6908,0,0
CTS_PE,D,20181011,000000,10.355,10.5569,10.355,10.5569,0,0
CTS_PE,D,20181012,000000,10.8927,10.8927,10.8927,10.8927,0,0
CTS_PE,D,20181015,000000,10.6908,10.7581,10.6908,10.7581,0,0
CTS_PE,D,20181016,000000,10.9601,10.9601,10.6908,10.6908,0,0
CTS_PE,D,20181017,000000,10.9601,10.9601,9.88449,9.88449,0,0
CTS_PE,D,20181018,000000,9.95096,10.7581,9.95096,10.7581,0,0
CTS_PE,D,20181019,000000,10.2868,10.4223,10.2868,10.4223,0,0
CTS_PE,D,20181022,000000,10.6908,10.6908,10.6243,10.6243,0,0
CTS_PE,D,20181023,000000,10.6908,10.7581,9.81723,10.7581,0,0
CTS_PE,D,20181024,000000,10.7581,10.8254,10.7581,10.7581,0,0
CTS_PE,D,20181025,000000,10.5569,10.6908,10.5569,10.6243,0,0
CTS_PE,D,20181026,000000,10.6243,10.9601,10.6243,10.9601,0,0
CTS_PE,D,20181029,000000,10.9601,11.3632,10.9601,11.3632,0,0
CTS_PE,D,20181030,000000,10.8254,11.1621,10.355,10.355,0,0
CTS_PE,D,20181031,000000,10.2868,11.2285,10.0183,11.2285,0,0
CTS_PE,D,20181102,000000,10.6243,10.9601,10.6243,10.9601,0,0
CTS_PE,D,20181105,000000,10.355,10.355,9.81723,9.81723,0,0
CTS_PE,D,20181106,000000,10.355,10.355,9.81723,10.2868,0,0
CTS_PE,D,20181113,000000,10.355,10.6908,10.355,10.6908,0,0
CTS_PE,D,20181114,000000,10.355,10.6243,10.355,10.5569,0,0
CTS_PE,D,20181115,000000,10.2868,10.355,9.95096,9.95096,0,0
CTS_PE,D,20181116,000000,10.5569,10.5569,10.5569,10.5569,0,0
CTS_PE,D,20181119,000000,10.355,10.5569,10.355,10.4888,0,0
CTS_PE,D,20181120,000000,10.1538,10.1538,9.95096,9.95096,0,0
CTS_PE,D,20181121,000000,10.1538,10.1538,10.1538,10.1538,0,0
CTS_PE,D,20181122,000000,10.355,10.355,10.355,10.355,0,0
CTS_PE,D,20181123,000000,9.88449,10.2203,9.81723,10.2203,0,0
CTS_PE,D,20181126,000000,9.68253,10.2203,9.68253,10.2203,0,0
CTS_PE,D,20181127,000000,10.0183,10.1538,10.0183,10.1538,0,0
CTS_PE,D,20181128,000000,9.88449,10.0857,9.88449,10.0183,0,0
CTS_PE,D,20181129,000000,10.0183,10.5569,10.0183,10.5569,0,0
CTS_PE,D,20181130,000000,10.7581,11.0265,10.7581,11.0265,0,0
CTS_PE,D,20181204,000000,9.48056,9.48056,9.27859,9.27859,0,0
CTS_PE,D,20181210,000000,9.21124,9.27859,9.21124,9.27859,0,0
CTS_PE,D,20181220,000000,9.14478,9.14478,9.01007,9.01007,0,0
CTS_PE,D,20181221,000000,9.07742,9.74899,9.01007,9.74899,0,0
CTS_PE,D,20181227,000000,9.74899,10.6243,9.74899,10.6243,0,0
CTS_PE,D,20181228,000000,10.6243,11.1621,10.1538,11.1621,0,0
CTS_PE,D,20190102,000000,10.6908,11.1621,10.6908,11.0939,0,0
CTS_PE,D,20190103,000000,10.7581,10.7581,10.7581,10.7581,0,0
CTS_PE,D,20190107,000000,10.8254,10.8254,10.8254,10.8254,0,0
CTS_PE,D,20190108,000000,10.5569,10.8927,10.5569,10.8927,0,0
CTS_PE,D,20190109,000000,11.0265,11.1621,11.0265,11.0939,0,0
CTS_PE,D,20190111,000000,10.6908,11.0265,10.6243,11.0265,0,0
CTS_PE,D,20190114,000000,11.2959,11.2959,11.2959,11.2959,0,0
CTS_PE,D,20190115,000000,11.2959,11.2959,11.2959,11.2959,0,0
CTS_PE,D,20190116,000000,11.2959,11.2959,11.2959,11.2959,0,0
CTS_PE,D,20190117,000000,11.2959,11.4305,11.2959,11.4305,0,0
CTS_PE,D,20190121,000000,10.8927,11.3632,10.8927,11.2959,0,0
CTS_PE,D,20190122,000000,11.4305,11.4305,11.4305,11.4305,0,0
CTS_PE,D,20190124,000000,11.497,11.8336,11.497,11.7664,0,0
CTS_PE,D,20190125,000000,11.4305,11.4305,11.4305,11.4305,0,0
CTS_PE,D,20190129,000000,11.4305,12.1029,11.4305,12.1029,0,0
CTS_PE,D,20190130,000000,12.1029,12.1029,12.1029,12.1029,0,0
CTS_PE,D,20190131,000000,12.1029,12.5061,12.1029,12.5061,0,0
CTS_PE,D,20190205,000000,12.5734,12.5734,12.5734,12.5734,0,0
CTS_PE,D,20190206,000000,12.3049,12.3049,12.3049,12.3049,0,0
CTS_PE,D,20190207,000000,12.3049,12.3049,12.2367,12.2367,0,0
CTS_PE,D,20190214,000000,12.1703,12.4396,12.1703,12.3723,0,0
CTS_PE,D,20190215,000000,12.6408,12.6408,12.3723,12.3723,0,0
CTS_PE,D,20190218,000000,12.0357,12.1029,12.0357,12.1029,0,0
CTS_PE,D,20190226,000000,11.5652,12.0357,11.5652,12.0357,0,0
CTS_PE,D,20190301,000000,11.3632,16.9446,11.3632,16.9446,0,0
CTS_PE,D,20190305,000000,16.3395,16.3395,16.2049,16.2714,0,0
CTS_PE,D,20190306,000000,15.3305,15.3305,15.2632,15.2632,0,0
CTS_PE,D,20190311,000000,14.5233,14.5233,13.7836,13.7836,0,0
CTS_PE,D,20190312,000000,13.7836,13.8518,13.7836,13.8518,0,0
CTS_PE,D,20190313,000000,13.9848,14.4561,13.9848,14.4561,0,0
CTS_PE,D,20190314,000000,14.9274,15.3305,14.9274,15.2632,0,0
CTS_PE,D,20190315,000000,15.5316,15.5316,15.5316,15.5316,0,0
CTS_PE,D,20190318,000000,15.5316,15.6671,15.2632,15.6671,0,0
CTS_PE,D,20190319,000000,15.6671,15.6671,15.6671,15.6671,0,0
CTS_PE,D,20190321,000000,15.0612,15.4651,14.7927,15.4651,0,0
CTS_PE,D,20190326,000000,15.7335,15.7335,15.6671,15.6671,0,0
CTS_PE,D,20190328,000000,15.8009,15.8009,15.8009,15.8009,0,0
CTS_PE,D,20190329,000000,16.5407,16.5407,16.4734,16.4734,0,0
CTS_PE,D,20190401,000000,15.6671,15.7335,15.6671,15.7335,0,0
CTS_PE,D,20190402,000000,15.1284,15.1967,15.0612,15.0612,0,0
CTS_PE,D,20190404,000000,15.1284,15.7335,15.1284,15.7335,0,0
CTS_PE,D,20190405,000000,15.7335,15.7335,15.7335,15.7335,0,0
CTS_PE,D,20190410,000000,15.5316,15.5998,15.5316,15.5998,0,0
CTS_PE,D,20190412,000000,15.5316,15.5316,15.5316,15.5316,0,0
CTS_PE,D,20190415,000000,15.5316,15.5316,15.5316,15.5316,0,0
CTS_PE,D,20190417,000000,15.5998,15.8009,15.5998,15.8009,0,0
CTS_PE,D,20190424,000000,14.86,15.5316,14.86,15.5316,0,0
CTS_PE,D,20190430,000000,15.5998,15.8009,15.5998,15.7335,0,0
CTS_PE,D,20190510,000000,16.7427,16.7427,16.7427,16.7427,0,0
CTS_PE,D,20190513,000000,16.7427,16.7427,16.6753,16.6753,0,0
CTS_PE,D,20190516,000000,15.8683,16.8765,15.8683,16.8091,0,0
CTS_PE,D,20190520,000000,16.7427,16.9446,16.6753,16.6753,0,0
CTS_PE,D,20190521,000000,17.2131,17.2131,17.2131,17.2131,0,0
CTS_PE,D,20190523,000000,15.9356,16.8765,15.9356,16.8765,0,0
CTS_PE,D,20190527,000000,17.1458,17.2131,17.1458,17.2131,0,0
CTS_PE,D,20190528,000000,15.9356,16.6753,15.9356,16.6753,0,0
CTS_PE,D,20190529,000000,15.8683,16.6753,15.8683,16.6753,0,0
CTS_PE,D,20190531,000000,16.9446,17.0111,16.608,17.0111,0,0
CTS_PE,D,20190603,000000,16.0029,19.6344,15.9356,19.6344,0,0
CTS_PE,D,20190604,000000,18.7591,18.8264,18.7591,18.8264,0,0
CTS_PE,D,20190605,000000,18.4906,18.558,18.4906,18.558,0,0
CTS_PE,D,20190606,000000,18.558,18.558,18.558,18.558,0,0
CTS_PE,D,20190610,000000,19.4324,19.4324,18.558,19.4324,0,0
CTS_PE,D,20190611,000000,19.4324,20.0366,19.4324,20.0366,0,0
CTS_PE,D,20190612,000000,19.0276,19.0276,18.9611,18.9611,0,0
CTS_PE,D,20190613,000000,18.8947,19.5662,18.8947,19.5662,0,0
CTS_PE,D,20190614,000000,18.558,19.4989,18.558,19.4989,0,0
CTS_PE,D,20190617,000000,18.6244,18.7591,18.6244,18.7591,0,0
CTS_PE,D,20190618,000000,18.8264,19.9029,18.8264,19.9029,0,0
CTS_PE,D,20190619,000000,18.7591,18.7591,18.6926,18.6926,0,0
CTS_PE,D,20190621,000000,18.6926,18.6926,18.6926,18.6926,0,0
CTS_PE,D,20190624,000000,18.2887,18.2887,17.8183,17.8855,0,0
CTS_PE,D,20190625,000000,17.5489,17.5489,17.5489,17.5489,0,0
CTS_PE,D,20190627,000000,17.2131,17.2131,17.2131,17.2131,0,0
CTS_PE,D,20190628,000000,17.6836,17.8183,17.0785,17.0785,0,0
CTS_PE,D,20190701,000000,17.0785,17.1458,17.0785,17.1458,0,0
CTS_PE,D,20190702,000000,16.8091,16.8091,16.3395,16.406,0,0
CTS_PE,D,20190703,000000,15.9356,15.9356,15.5998,15.5998,0,0
CTS_PE,D,20190704,000000,15.5998,15.9356,15.5998,15.9356,0,0
CTS_PE,D,20190705,000000,15.9356,15.9356,15.5998,15.5998,0,0
CTS_PE,D,20190708,000000,15.5998,15.5998,15.5998,15.5998,0,0
CTS_PE,D,20190709,000000,15.5998,15.5998,15.5316,15.5316,0,0
CTS_PE,D,20190710,000000,15.5316,15.5316,15.5316,15.5316,0,0
CTS_PE,D,20190711,000000,15.5316,15.5316,15.3305,15.3305,0,0
CTS_PE,D,20190712,000000,15.3305,15.3305,15.3305,15.3305,0,0
CTS_PE,D,20190715,000000,15.1967,15.1967,15.1967,15.1967,0,0
CTS_PE,D,20190716,000000,14.7245,15.1284,14.7245,15.1284,0,0
CTS_PE,D,20190717,000000,14.4561,14.86,14.4561,14.86,0,0
CTS_PE,D,20190718,000000,14.1876,14.1876,14.1203,14.1203,0,0
CTS_PE,D,20190724,000000,14.1876,14.1876,14.1876,14.1876,0,0
CTS_PE,D,20190726,000000,14.1876,14.254,14.1203,14.254,0,0
CTS_PE,D,20190729,000000,14.254,14.254,14.1876,14.1876,0,0
CTS_PE,D,20190730,000000,14.86,15.5998,14.86,15.5316,0,0
CTS_PE,D,20190731,000000,15.0612,15.0612,15.0612,15.0612,0,0
CTS_PE,D,20190801,000000,14.9938,14.9938,14.9274,14.9274,0,0
CTS_PE,D,20190802,000000,14.9274,14.9274,14.9274,14.9274,0,0
CTS_PE,D,20190808,000000,14.9938,14.9938,14.9274,14.9274,0,0
CTS_PE,D,20190809,000000,14.86,14.86,14.86,14.86,0,0
CTS_PE,D,20190812,000000,14.86,14.86,14.86,14.86,0,0
CTS_PE,D,20190814,000000,14.9274,14.9274,14.86,14.86,0,0
CTS_PE,D,20190816,000000,14.86,15.2632,14.86,15.1967,0,0
CTS_PE,D,20190820,000000,15.1967,15.1967,14.7245,14.7245,0,0
CTS_PE,D,20190821,000000,14.7245,14.7245,14.7245,14.7245,0,0
CTS_PE,D,20190822,000000,14.7245,14.7245,14.7245,14.7245,0,0
CTS_PE,D,20190823,000000,15.1967,15.1967,14.7245,14.7245,0,0
CTS_PE,D,20190826,000000,14.7245,14.7245,14.7245,14.7245,0,0
CTS_PE,D,20190828,000000,14.658,15.1284,14.658,15.1284,0,0
CTS_PE,D,20190829,000000,14.658,14.658,14.4561,14.4561,0,0
CTS_PE,D,20190830,000000,15.0612,15.0612,14.5907,14.658,0,0
CTS_PE,D,20190904,000000,16.8091,16.8765,16.8091,16.8765,0,0
CTS_PE,D,20190905,000000,16.9446,17.0785,16.9446,17.0785,0,0
CTS_PE,D,20190906,000000,17.0785,17.0785,17.0785,17.0785,0,0
CTS_PE,D,20190909,000000,17.0785,17.0785,16.9446,16.9446,0,0
CTS_PE,D,20190910,000000,16.9446,16.9446,16.9446,16.9446,0,0
CTS_PE,D,20190911,000000,16.9446,17.0111,16.9446,17.0111,0,0
CTS_PE,D,20190913,000000,17.4151,17.4151,16.9446,16.9446,0,0
CTS_PE,D,20190916,000000,16.9446,16.9446,16.9446,16.9446,0,0
CTS_PE,D,20190917,000000,16.9446,17.0111,16.9446,17.0111,0,0
CTS_PE,D,20190918,000000,17.0111,17.0111,16.9446,16.9446,0,0
CTS_PE,D,20190919,000000,16.9446,16.9446,16.9446,16.9446,0,0
CTS_PE,D,20190920,000000,16.9446,16.9446,16.9446,16.9446,0,0
CTS_PE,D,20190923,000000,16.9446,16.9446,16.9446,16.9446,0,0
CTS_PE,D,20190924,000000,16.9446,16.9446,16.7427,16.7427,0,0
CTS_PE,D,20190925,000000,16.7427,16.8091,16.7427,16.8091,0,0
CTS_PE,D,20190926,000000,16.8091,16.8091,16.8091,16.8091,0,0
CTS_PE,D,20190927,000000,16.8091,16.8091,16.8091,16.8091,0,0
CTS_PE,D,20190930,000000,16.8091,16.8091,16.8091,16.8091,0,0
CTS_PE,D,20191001,000000,16.8091,16.8091,16.8091,16.8091,0,0
CTS_PE,D,20191002,000000,16.8091,16.8091,16.5407,16.5407,0,0
CTS_PE,D,20191003,000000,16.8091,16.8091,16.8091,16.8091,0,0
CTS_PE,D,20191008,000000,17.0111,17.0111,17.0111,17.0111,0,0
CTS_PE,D,20191009,000000,17.0111,17.0111,17.0111,17.0111,0,0
CTS_PE,D,20191010,000000,17.0111,17.0111,17.0111,17.0111,0,0
CTS_PE,D,20191014,000000,17.0111,17.0785,17.0111,17.0785,0,0
CTS_PE,D,20191021,000000,16.9446,16.9446,16.9446,16.9446,0,0
CTS_PE,D,20191022,000000,16.9446,16.9446,16.9446,16.9446,0,0
CTS_PE,D,20191025,000000,17.2131,17.2131,16.9446,16.9446,0,0
CTS_PE,D,20191030,000000,17.2131,17.2131,17.2131,17.2131,0,0
CTS_PE,D,20191105,000000,17.2796,17.2796,17.2796,17.2796,0,0
CTS_PE,D,20191113,000000,16.4734,16.4734,16.406,16.406,0,0
CTS_PE,D,20191119,000000,16.8765,16.8765,16.8091,16.8091,0,0
CTS_PE,D,20191120,000000,16.8091,16.8091,16.8091,16.8091,0,0
CTS_PE,D,20191121,000000,16.8091,16.8091,16.8091,16.8091,0,0
CTS_PE,D,20191127,000000,16.0694,16.0694,16.0029,16.0029,0,0
CTS_PE,D,20191128,000000,16.0029,16.0029,16.0029,16.0029,0,0
CTS_PE,D,20191129,000000,16.0029,16.0029,16.0029,16.0029,0,0
CTS_PE,D,20191205,000000,24.7437,24.7437,24.7437,24.7437,0,0
CTS_PE,D,20191212,000000,24.7437,24.8783,24.7437,24.8783,0,0
CTS_PE,D,20191213,000000,24.7437,24.7437,24.7437,24.7437,0,0
CTS_PE,D,20191216,000000,25.9539,26.0885,24.7437,26.0885,0,0
CTS_PE,D,20191227,000000,24.9457,25.0795,24.9457,25.0795,0,0
CTS_PE,D,20200103,000000,25.0795,25.0795,25.0795,25.0795,0,0
CTS_PE,D,20200107,000000,24.9457,25.0795,24.9457,25.0795,0,0
CTS_PE,D,20200116,000000,25.2815,25.3488,25.2815,25.3488,0,0
CTS_PE,D,20200117,000000,25.3488,25.3488,25.3488,25.3488,0,0
CTS_PE,D,20200120,000000,25.3488,25.3488,25.3488,25.3488,0,0
CTS_PE,D,20200121,000000,25.8866,25.8866,25.8866,25.8866,0,0
CTS_PE,D,20200122,000000,25.3488,25.3488,25.3488,25.3488,0,0
CTS_PE,D,20200124,000000,26.1551,26.1551,26.1551,26.1551,0,0
CTS_PE,D,20200206,000000,26.1551,26.1551,26.1551,26.1551,0,0
CTS_PE,D,20200214,000000,24.9457,24.9457,24.9457,24.9457,0,0
CTS_PE,D,20200217,000000,24.9457,24.9457,23.3988,23.3988,0,0
CTS_PE,D,20200218,000000,23.6673,23.6673,22.5917,22.5917,0,0
CTS_PE,D,20200219,000000,22.5917,22.5917,21.4497,21.4497,0,0
CTS_PE,D,20200220,000000,20.6426,20.6426,20.6426,20.6426,0,0
CTS_PE,D,20200227,000000,20.6426,20.7755,20.6426,20.7755,0,0
CTS_PE,D,20200228,000000,19.9702,19.9702,19.9702,19.9702,0,0
CTS_PE,D,20200305,000000,12.3049,12.3049,12.2367,12.2367,0,0
CTS_PE,D,20200312,000000,12.0357,12.0357,11.3632,11.3632,0,0
CTS_PE,D,20200316,000000,11.0265,11.0265,10.4888,10.4888,0,0
CTS_PE,D,20200317,000000,10.1538,10.1538,10.1538,10.1538,0,0
CTS_PE,D,20200320,000000,10.0857,10.1538,10.0857,10.0857,0,0
CTS_PE,D,20200408,000000,10.355,10.4888,10.355,10.4888,0,0
CTS_PE,D,20200409,000000,10.6908,11.0265,10.6908,11.0265,0,0
CTS_PE,D,20200414,000000,11.497,11.5652,11.497,11.5652,0,0
CTS_PE,D,20200415,000000,11.3632,11.5652,11.3632,11.5652,0,0
CTS_PE,D,20200417,000000,11.5652,11.5652,11.5652,11.5652,0,0
CTS_PE,D,20200427,000000,11.5652,11.5652,11.5652,11.5652,0,0
CTS_PE,D,20200428,000000,11.5652,11.5652,11.5652,11.5652,0,0
CTS_PE,D,20200430,000000,13.5817,13.5817,13.5817,13.5817,0,0
CTS_PE,D,20200504,000000,13.9182,28.509,13.9182,28.509,0,0
CTS_PE,D,20200505,000000,29.9212,29.9212,29.853,29.853,0,0
CTS_PE,D,20200507,000000,29.1814,30.3916,29.1814,30.3916,0,0
CTS_PE,D,20200513,000000,29.1814,29.1814,29.1814,29.1814,0,0
CTS_PE,D,20200514,000000,28.509,28.509,22.7937,26.2897,0,0
CTS_PE,D,20200520,000000,30.3916,30.3916,30.3916,30.3916,0,0
CTS_PE,D,20200521,000000,30.8621,30.8621,29.1814,29.1814,0,0
CTS_PE,D,20200522,000000,28.509,28.509,28.509,28.509,0,0
CTS_PE,D,20200527,000000,26.761,27.0295,26.761,27.0295,0,0
CTS_PE,D,20200529,000000,26.8948,30.4589,26.761,30.3243,0,0
CTS_PE,D,20200602,000000,23.3988,24.9457,23.3988,24.9457,0,0
CTS_PE,D,20200603,000000,24.6772,25.0795,23.6008,25.0795,0,0
CTS_PE,D,20200605,000000,24.407,24.407,24.3397,24.3397,0,0
CTS_PE,D,20200608,000000,24.3397,24.4752,24.3397,24.4752,0,0
CTS_PE,D,20200609,000000,24.7437,24.7437,24.609,24.609,0,0
CTS_PE,D,20200610,000000,24.609,24.609,24.5417,24.5417,0,0
CTS_PE,D,20200618,000000,27.0295,27.0295,27.0295,27.0295,0,0
CTS_PE,D,20200619,000000,27.2979,27.5681,27.2979,27.5008,0,0
CTS_PE,D,20200622,000000,28.307,28.3743,26.8283,28.3743,0,0
CTS_PE,D,20200623,000000,28.3743,29.72,28.3743,29.72,0,0
CTS_PE,D,20200624,000000,29.72,30.5263,29.72,30.5263,0,0
CTS_PE,D,20200625,000000,30.9294,30.9294,30.9294,30.9294,0,0
CTS_PE,D,20200626,000000,31.1979,31.1979,30.9967,30.9967,0,0
CTS_PE,D,20200629,000000,33.2186,33.2186,29.2411,29.2411,0,0
CTS_PE,D,20200630,000000,27.9848,27.9848,25.1929,26.7286,0,0
CTS_PE,D,20200701,000000,25.7519,25.821,25.7519,25.821,0,0
CTS_PE,D,20200702,000000,27.0772,27.0772,25.1929,25.1929,0,0
CTS_PE,D,20200707,000000,25.1238,25.1238,25.1238,25.1238,0,0
CTS_PE,D,20200709,000000,25.1238,25.1238,22.6105,22.6105,0,0
CTS_PE,D,20200710,000000,22.6105,26.3801,22.6105,26.3801,0,0
CTS_PE,D,20200713,000000,25.1238,25.1238,25.1238,25.1238,0,0
CTS_PE,D,20200715,000000,25.0531,25.1238,25.0531,25.1238,0,0
CTS_PE,D,20200716,000000,25.1238,25.1238,24.984,24.984,0,0
CTS_PE,D,20200717,000000,24.984,25.0531,24.984,25.0531,0,0
CTS_PE,D,20200720,000000,21.4242,21.4949,21.4242,21.4949,0,0
CTS_PE,D,20200721,000000,25.4025,25.4025,25.1238,25.2627,0,0
CTS_PE,D,20200722,000000,27.3567,27.3567,26.0997,26.1704,0,0
CTS_PE,D,20200723,000000,26.7286,26.8675,26.7286,26.8675,0,0
CTS_PE,D,20200727,000000,25.4716,27.2169,25.4716,27.2169,0,0
CTS_PE,D,20200728,000000,27.2169,27.2169,27.2169,27.2169,0,0
CTS_PE,D,20200729,000000,27.2169,27.2169,25.5423,26.519,0,0
CTS_PE,D,20200730,000000,25.4025,25.4716,25.4025,25.4716,0,0
CTS_PE,D,20200806,000000,25.821,25.821,25.7519,25.7519,0,0
CTS_PE,D,20200810,000000,25.7519,26.0997,25.7519,26.0997,0,0
CTS_PE,D,20200811,000000,25.5423,25.5423,25.5423,25.5423,0,0
CTS_PE,D,20200814,000000,25.5423,25.5423,25.5423,25.5423,0,0
CTS_PE,D,20200817,000000,25.5423,25.5423,24.984,25.0531,0,0
CTS_PE,D,20200818,000000,24.7744,24.7744,24.7053,24.7053,0,0
CTS_PE,D,20200819,000000,25.2627,25.3326,23.8667,25.3326,0,0
CTS_PE,D,20200821,000000,24.984,25.0531,24.984,25.0531,0,0
CTS_PE,D,20200825,000000,24.0763,24.1463,24.0763,24.1463,0,0
CTS_PE,D,20200831,000000,25.1929,25.2627,25.1929,25.2627,0,0
CTS_PE,D,20200902,000000,13.8876,14.5157,13.8876,14.4458,0,0
CTS_PE,D,20200916,000000,13.6779,13.6779,13.6779,13.6779,0,0
CTS_PE,D,20200917,000000,13.0498,13.0498,13.0498,13.0498,0,0
CTS_PE,D,20200918,000000,13.0498,13.6779,13.0498,13.6089,0,0
CTS_PE,D,20200923,000000,12.841,12.841,11.8635,12.2129,0,0
CTS_PE,D,20200924,000000,12.6313,12.6313,12.5615,12.5615,0,0
CTS_PE,D,20200925,000000,12.143,12.143,12.0731,12.0731,0,0
CTS_PE,D,20200928,000000,11.7936,11.7936,11.6539,11.6539,0,0
CTS_PE,D,20201005,000000,11.7245,11.7245,11.6539,11.6539,0,0
CTS_PE,D,20201006,000000,11.445,11.445,11.3061,11.445,0,0
CTS_PE,D,20201007,000000,11.6539,12.2129,11.6539,12.2129,0,0
CTS_PE,D,20201008,000000,11.2354,11.8635,11.2354,11.8635,0,0
CTS_PE,D,20201009,000000,12.0032,12.0032,12.0032,12.0032,0,0
CTS_PE,D,20201012,000000,12.6313,13.7487,12.0731,12.2129,0,0
CTS_PE,D,20201013,000000,12.4217,12.4217,12.4217,12.4217,0,0
CTS_PE,D,20201014,000000,12.4217,12.4916,12.4217,12.4217,0,0
CTS_PE,D,20201015,000000,12.3526,12.3526,12.143,12.143,0,0
CTS_PE,D,20201016,000000,12.143,12.3526,12.143,12.3526,0,0
CTS_PE,D,20201019,000000,12.3526,13.0498,12.3526,12.7711,0,0
CTS_PE,D,20201020,000000,12.3526,12.7711,12.3526,12.3526,0,0
CTS_PE,D,20201022,000000,12.5615,12.5615,12.5615,12.5615,0,0
CTS_PE,D,20201023,000000,12.3526,12.7013,11.9342,12.0032,0,0
CTS_PE,D,20201026,000000,12.6313,12.6313,12.0032,12.0032,0,0
CTS_PE,D,20201027,000000,12.6313,12.7013,12.6313,12.6313,0,0
CTS_PE,D,20201028,000000,12.5615,12.7013,11.7245,11.7245,0,0
CTS_PE,D,20201029,000000,13.7248,13.7248,11.2362,11.7646,0,0
CTS_PE,D,20201030,000000,11.2362,11.2362,10.3311,10.3311,0,0
CTS_PE,D,20201105,000000,11.7646,11.8396,11.7646,11.8396,0,0
CTS_PE,D,20201109,000000,11.7646,12.3672,10.7087,11.9154,0,0
CTS_PE,D,20201110,000000,11.9154,11.9154,11.8396,11.8396,0,0
CTS_PE,D,20201112,000000,12.518,12.518,11.8396,11.9154,0,0
CTS_PE,D,20201118,000000,12.443,12.518,12.443,12.518,0,0
CTS_PE,D,20201119,000000,12.518,12.518,12.518,12.518,0,0
CTS_PE,D,20201120,000000,12.518,12.518,12.518,12.518,0,0
CTS_PE,D,20201123,000000,12.3672,12.443,12.3672,12.443,0,0
CTS_PE,D,20201125,000000,11.9154,12.5939,11.9154,12.5939,0,0
CTS_PE,D,20201126,000000,11.6887,12.2163,11.6887,12.2163,0,0
CTS_PE,D,20201130,000000,12.518,12.5939,12.518,12.5939,0,0
CTS_PE,D,20201201,000000,12.518,12.5939,8.29506,8.29506,0,0
CTS_PE,D,20201202,000000,8.29506,8.29506,8.29506,8.29506,0,0
CTS_PE,D,20201203,000000,8.1442,8.22006,8.1442,8.1442,0,0
CTS_PE,D,20201204,000000,8.22006,8.29506,8.22006,8.29506,0,0
CTS_PE,D,20201207,000000,8.29506,8.52176,8.29506,8.44591,0,0
CTS_PE,D,20201208,000000,8.44591,8.52176,8.44591,8.52176,0,0
CTS_PE,D,20201209,000000,8.1442,8.22006,8.1442,8.22006,0,0
CTS_PE,D,20201210,000000,8.22006,8.59676,8.22006,8.59676,0,0
CTS_PE,D,20201211,000000,8.29506,8.59676,8.29506,8.52176,0,0
CTS_PE,D,20201214,000000,8.1442,8.52176,8.1442,8.52176,0,0
CTS_PE,D,20201215,000000,8.1442,8.1442,8.1442,8.1442,0,0
CTS_PE,D,20201216,000000,8.52176,8.59676,8.52176,8.59676,0,0
CTS_PE,D,20201217,000000,8.29506,8.29506,8.29506,8.29506,0,0
CTS_PE,D,20201218,000000,8.82346,8.82346,8.59676,8.59676,0,0
CTS_PE,D,20201221,000000,8.59676,8.59676,8.44591,8.44591,0,0
CTS_PE,D,20201223,000000,8.52176,8.52176,8.52176,8.52176,0,0
CTS_PE,D,20201229,000000,8.82346,8.9743,8.82346,8.89845,0,0
CTS_PE,D,20210104,000000,8.89845,8.89845,8.82346,8.82346,0,0
CTS_PE,D,20210107,000000,8.74761,8.9743,8.74761,8.9743,0,0
CTS_PE,D,20210108,000000,8.9743,8.9743,8.9743,8.9743,0,0
CTS_PE,D,20210125,000000,8.89845,9.04932,8.89845,9.04932,0,0
CTS_PE,D,20210129,000000,9.04932,9.04932,9.04932,9.04932,0,0
CTS_PE,D,20210203,000000,9.12515,9.20018,9.12515,9.20018,0,0
CTS_PE,D,20210204,000000,8.9743,9.65273,8.9743,9.65273,0,0
CTS_PE,D,20210205,000000,9.65273,9.87852,9.65273,9.80358,0,0
CTS_PE,D,20210208,000000,10.0294,10.4819,9.80358,9.87852,0,0
CTS_PE,D,20210209,000000,9.87852,9.87852,9.87852,9.87852,0,0
CTS_PE,D,20210210,000000,9.87852,9.87852,9.87852,9.87852,0,0
CTS_PE,D,20210215,000000,9.80358,9.87852,9.80358,9.87852,0,0
CTS_PE,D,20210216,000000,9.65273,9.65273,9.20018,9.20018,0,0
CTS_PE,D,20210217,000000,9.20018,9.20018,8.9743,8.9743,0,0
CTS_PE,D,20210218,000000,9.20018,9.20018,9.20018,9.20018,0,0
CTS_PE,D,20210219,000000,9.35103,10.1053,9.20018,9.80358,0,0
CTS_PE,D,20210222,000000,9.80358,9.80358,9.04932,9.04932,0,0
CTS_PE,D,20210224,000000,9.50188,9.50188,9.42685,9.42685,0,0
CTS_PE,D,20210226,000000,9.42685,9.42685,9.42685,9.42685,0,0
CTS_PE,D,20210305,000000,7.39038,7.76742,7.39038,7.692,0,0
CTS_PE,D,20210308,000000,7.61657,7.692,7.61657,7.692,0,0
CTS_PE,D,20210309,000000,7.692,8.06904,7.692,8.06904,0,0
CTS_PE,D,20210310,000000,7.692,7.692,7.692,7.692,0,0
CTS_PE,D,20210311,000000,7.9937,8.29506,7.692,8.1442,0,0
CTS_PE,D,20210315,000000,8.22006,8.22006,8.22006,8.22006,0,0
CTS_PE,D,20210316,000000,8.1442,8.1442,8.1442,8.1442,0,0
CTS_PE,D,20210317,000000,8.22006,8.37091,8.22006,8.29506,0,0
CTS_PE,D,20210318,000000,8.29506,8.44591,8.06904,8.22006,0,0
CTS_PE,D,20210319,000000,8.37091,8.37091,8.06904,8.1442,0,0
CTS_PE,D,20210322,000000,8.44591,8.44591,8.44591,8.44591,0,0
CTS_PE,D,20210324,000000,8.44591,8.89845,8.44591,8.74761,0,0
CTS_PE,D,20210325,000000,8.52176,8.74761,8.06904,8.06904,0,0
CTS_PE,D,20210326,000000,8.44591,8.6726,8.06904,8.6726,0,0
CTS_PE,D,20210329,000000,8.52176,8.6726,8.52176,8.6726,0,0
CTS_PE,D,20210330,000000,8.6726,9.12515,8.6726,8.74761,0,0
CTS_PE,D,20210408,000000,8.52176,8.82346,8.52176,8.82346,0,0
CTS_PE,D,20210409,000000,8.59676,8.59676,8.59676,8.59676,0,0
CTS_PE,D,20210412,000000,8.89845,8.89845,8.59676,8.59676,0,0
CTS_PE,D,20210413,000000,8.82346,8.82346,8.82346,8.82346,0,0
CTS_PE,D,20210414,000000,8.59676,8.6726,8.59676,8.6726,0,0
CTS_PE,D,20210415,000000,8.6726,8.89845,8.6726,8.89845,0,0
CTS_PE,D,20210416,000000,8.82346,8.89845,8.82346,8.89845,0,0
CTS_PE,D,20210419,000000,8.89845,8.89845,8.89845,8.89845,0,0
CTS_PE,D,20210420,000000,8.89845,8.89845,8.89845,8.89845,0,0
CTS_PE,D,20210421,000000,8.89845,8.89845,8.89845,8.89845,0,0
CTS_PE,D,20210422,000000,8.52176,8.52176,8.44591,8.44591,0,0
CTS_PE,D,20210426,000000,8.44591,8.89845,8.44591,8.89845,0,0
CTS_PE,D,20210427,000000,8.89845,8.9743,8.82346,8.82346,0,0
CTS_PE,D,20210428,000000,8.82346,8.89845,8.82346,8.89845,0,0
CTS_PE,D,20210430,000000,8.22006,8.89845,8.22006,8.89845,0,0
CTS_PE,D,20210504,000000,8.9743,10.5578,8.9743,10.5578,0,0
CTS_PE,D,20210505,000000,11.0853,11.2362,10.7087,10.7087,0,0
CTS_PE,D,20210506,000000,11.0104,12.0663,11.0104,12.0663,0,0
CTS_PE,D,20210507,000000,12.443,12.6689,12.443,12.6689,0,0
CTS_PE,D,20210510,000000,12.8956,13.3481,12.8956,13.3481,0,0
CTS_PE,D,20210511,000000,13.3481,13.3481,13.3481,13.3481,0,0
CTS_PE,D,20210512,000000,13.3481,13.3481,12.7447,13.3481,0,0
CTS_PE,D,20210513,000000,13.3481,14.0265,13.3481,14.0265,0,0
CTS_PE,D,20210514,000000,13.2723,13.3481,13.2723,13.3481,0,0
CTS_PE,D,20210517,000000,13.6498,13.9515,13.6498,13.9515,0,0
CTS_PE,D,20210518,000000,13.9515,13.9515,13.9515,13.9515,0,0
CTS_PE,D,20210519,000000,13.8757,14.1024,13.8757,14.1024,0,0
CTS_PE,D,20210520,000000,14.1024,14.2532,13.7248,14.2532,0,0
CTS_PE,D,20210521,000000,14.2532,14.3282,13.8757,14.3282,0,0
CTS_PE,D,20210524,000000,14.2532,15.535,14.2532,15.0825,0,0
CTS_PE,D,20210525,000000,15.1574,15.6858,15.1574,15.4591,0,0
CTS_PE,D,20210526,000000,15.4591,15.6858,15.3842,15.3842,0,0
CTS_PE,D,20210527,000000,15.3842,15.4591,15.3083,15.3083,0,0
CTS_PE,D,20210528,000000,15.3083,16.5909,15.3083,15.3083,0,0
CTS_PE,D,20210531,000000,15.7608,17.1935,15.7608,16.5151,0,0
CTS_PE,D,20210601,000000,17.2694,17.7969,16.5909,17.7969,0,0
CTS_PE,D,20210602,000000,17.8728,18.0986,17.8728,17.9478,0,0
CTS_PE,D,20210604,000000,18.1745,18.4004,18.1745,18.2495,0,0
CTS_PE,D,20210607,000000,18.4004,19.1546,18.2495,18.2495,0,0
CTS_PE,D,20210608,000000,16.7895,17.2157,15.2555,16.1077,0,0
CTS_PE,D,20210609,000000,18.7498,19.2611,16.0225,16.0225,0,0
CTS_PE,D,20210610,000000,16.0225,16.0225,14.9998,14.9998,0,0
CTS_PE,D,20210611,000000,15.7668,15.7668,14.9998,15.085,0,0
CTS_PE,D,20210614,000000,15.085,16.0225,15.085,15.7668,0,0
CTS_PE,D,20210615,000000,15.1703,16.3635,15.1703,16.2782,0,0
CTS_PE,D,20210616,000000,16.6191,17.0452,16.1077,16.1077,0,0
CTS_PE,D,20210617,000000,16.8748,16.8748,16.1077,16.8748,0,0
CTS_PE,D,20210618,000000,16.1077,16.1077,15.5963,15.5963,0,0
CTS_PE,D,20210621,000000,15.5963,16.5338,15.5963,16.5338,0,0
CTS_PE,D,20210622,000000,16.2782,16.2782,15.5963,15.5963,0,0
CTS_PE,D,20210623,000000,16.2782,16.5338,15.6816,15.7668,0,0
CTS_PE,D,20210624,000000,16.2782,16.5338,16.2782,16.4486,0,0
CTS_PE,D,20210625,000000,16.4486,16.4486,15.6816,15.852,0,0
CTS_PE,D,20210628,000000,16.4486,16.4486,15.852,15.852,0,0
CTS_PE,D,20210629,000000,15.9373,15.9373,15.7668,15.852,0,0
CTS_PE,D,20210630,000000,15.7668,15.7668,15.6816,15.6816,0,0
CTS_PE,D,20210701,000000,15.9373,16.1077,15.6816,15.6816,0,0
CTS_PE,D,20210702,000000,15.6816,15.6816,15.6816,15.6816,0,0
CTS_PE,D,20210705,000000,16.1077,16.1077,16.1077,16.1077,0,0
CTS_PE,D,20210706,000000,16.2782,16.2782,16.2782,16.2782,0,0
CTS_PE,D,20210707,000000,15.6816,15.6816,15.6816,15.6816,0,0
CTS_PE,D,20210708,000000,16.1077,16.5338,15.6816,16.1077,0,0
CTS_PE,D,20210709,000000,16.1077,16.5338,16.1077,16.4486,0,0
CTS_PE,D,20210712,000000,16.7043,16.7043,16.193,16.193,0,0
CTS_PE,D,20210714,000000,16.0225,16.0225,15.9373,15.9373,0,0
CTS_PE,D,20210716,000000,16.4486,16.5338,16.4486,16.5338,0,0
CTS_PE,D,20210719,000000,16.193,16.193,16.193,16.193,0,0
CTS_PE,D,20210720,000000,16.5338,16.5338,15.852,15.852,0,0
CTS_PE,D,20210721,000000,15.6816,15.6816,15.6816,15.6816,0,0
CTS_PE,D,20210722,000000,16.1077,16.6191,16.1077,16.6191,0,0
CTS_PE,D,20210723,000000,16.5338,16.7895,16.5338,16.7043,0,0
CTS_PE,D,20210727,000000,16.7895,16.7895,16.7043,16.7043,0,0
CTS_PE,D,20210728,000000,16.4486,16.4486,16.0225,16.0225,0,0
CTS_PE,D,20210729,000000,16.1077,16.193,16.0225,16.193,0,0
CTS_PE,D,20210730,000000,16.7043,16.96,16.7043,16.96,0,0
CTS_PE,D,20210802,000000,16.7895,16.8748,16.7895,16.8748,0,0
CTS_PE,D,20210804,000000,16.7895,16.7895,16.7895,16.7895,0,0
CTS_PE,D,20210809,000000,16.2782,16.7043,16.2782,16.6191,0,0
CTS_PE,D,20210810,000000,16.2782,16.8748,16.2782,16.7895,0,0
CTS_PE,D,20210811,000000,16.7895,16.8748,16.7895,16.7895,0,0
CTS_PE,D,20210812,000000,16.3635,16.3635,16.3635,16.3635,0,0
CTS_PE,D,20210813,000000,16.3635,16.3635,16.1077,16.193,0,0
CTS_PE,D,20210816,000000,16.193,16.193,16.1077,16.1077,0,0
CTS_PE,D,20210817,000000,15.852,15.852,15.5963,15.852,0,0
CTS_PE,D,20210818,000000,15.5963,15.6816,15.5112,15.6816,0,0
CTS_PE,D,20210819,000000,15.9373,16.1077,15.5963,15.5963,0,0
CTS_PE,D,20210820,000000,15.5963,16.0225,15.426,15.426,0,0
CTS_PE,D,20210823,000000,15.6816,16.193,15.6816,16.193,0,0
CTS_PE,D,20210824,000000,16.1077,16.193,16.1077,16.193,0,0
CTS_PE,D,20210825,000000,15.852,16.193,15.852,15.9373,0,0
CTS_PE,D,20210826,000000,16.2782,16.2782,16.193,16.193,0,0
CTS_PE,D,20210827,000000,16.1077,16.193,16.1077,16.193,0,0
CTS_PE,D,20210830,000000,15.852,15.852,14.7441,15.2555,0,0
CTS_PE,D,20210831,000000,14.9998,15.2555,14.9998,15.1703,0,0
CTS_PE,D,20210901,000000,15.085,28.1246,15.085,28.1246,0,0
CTS_PE,D,20210902,000000,29.8291,29.9143,29.8291,29.9143,0,0
CTS_PE,D,20210903,000000,29.9143,30.511,29.0621,30.4257,0,0
CTS_PE,D,20210906,000000,29.8291,29.9143,29.8291,29.9143,0,0
CTS_PE,D,20210907,000000,29.9143,30.3405,29.9143,30.3405,0,0
CTS_PE,D,20210908,000000,30.3405,30.6814,30.3405,30.6814,0,0
CTS_PE,D,20210910,000000,29.0621,30.511,28.8916,28.8916,0,0
CTS_PE,D,20210914,000000,29.7439,29.7439,29.5735,29.5735,0,0
CTS_PE,D,20210917,000000,29.9996,29.9996,29.4883,29.8291,0,0
CTS_PE,D,20210920,000000,29.8291,29.8291,28.5508,28.5508,0,0
CTS_PE,D,20210921,000000,28.2098,28.2098,28.1246,28.1246,0,0
CTS_PE,D,20210922,000000,28.1246,28.1246,28.0393,28.0393,0,0
CTS_PE,D,20210923,000000,28.3803,28.9768,28.3803,28.9768,0,0
CTS_PE,D,20210924,000000,28.9768,29.7439,28.9768,29.4883,0,0
CTS_PE,D,20210928,000000,29.5735,29.5735,28.1246,28.1246,0,0
CTS_PE,D,20210929,000000,27.7837,29.403,27.7837,29.403,0,0
CTS_PE,D,20210930,000000,29.403,29.403,29.3178,29.3178,0,0
CTS_PE,D,20211001,000000,29.3178,29.5735,29.3178,29.5735,0,0
CTS_PE,D,20211004,000000,28.2098,29.7439,28.2098,29.7439,0,0
CTS_PE,D,20211005,000000,29.7439,29.7439,29.5735,29.5735,0,0
CTS_PE,D,20211006,000000,29.3178,29.5735,28.636,28.636,0,0
CTS_PE,D,20211007,000000,29.403,29.9143,29.1473,29.9143,0,0
CTS_PE,D,20211008,000000,29.9143,29.9143,29.5735,29.5735,0,0
CTS_PE,D,20211012,000000,29.4883,29.6587,29.4883,29.6587,0,0
CTS_PE,D,20211013,000000,29.6587,29.6587,29.6587,29.6587,0,0
CTS_PE,D,20211015,000000,29.6587,29.7439,29.6587,29.7439,0,0
CTS_PE,D,20211018,000000,29.7439,29.7439,29.7439,29.7439,0,0
CTS_PE,D,20211020,000000,29.6587,29.6587,29.5735,29.5735,0,0
CTS_PE,D,20211021,000000,29.4883,29.5735,29.403,29.403,0,0
CTS_PE,D,20211022,000000,29.403,29.403,29.3178,29.3178,0,0
CTS_PE,D,20211025,000000,29.3178,29.3178,29.3178,29.3178,0,0
CTS_PE,D,20211026,000000,29.4883,29.5735,29.4883,29.4883,0,0
CTS_PE,D,20211027,000000,29.5735,29.5735,28.4655,28.4655,0,0
CTS_PE,D,20211028,000000,29.5735,29.5735,29.4883,29.4883,0,0
CTS_PE,D,20211102,000000,29.4883,30.4257,28.7212,28.8064,0,0
CTS_PE,D,20211104,000000,28.9768,28.9768,28.9768,28.9768,0,0
CTS_PE,D,20211105,000000,28.5508,29.2325,28.0393,28.0393,0,0
CTS_PE,D,20211108,000000,29.5735,29.6587,28.0393,29.6587,0,0
CTS_PE,D,20211109,000000,30.4257,30.4257,30.3405,30.4257,0,0
CTS_PE,D,20211110,000000,29.8291,30.511,29.8291,30.4257,0,0
CTS_PE,D,20211112,000000,30.4257,32.4711,30.4257,32.2155,0,0
CTS_PE,D,20211116,000000,31.8746,31.8746,30.8518,30.8518,0,0
CTS_PE,D,20211117,000000,32.2155,32.9825,32.2155,32.8973,0,0
CTS_PE,D,20211118,000000,32.8973,32.8973,32.8973,32.8973,0,0
CTS_PE,D,20211119,000000,32.8973,32.9825,32.6416,32.6416,0,0
CTS_PE,D,20211122,000000,31.9598,31.9598,31.7893,31.7893,0,0
CTS_PE,D,20211123,000000,32.5563,35.6245,32.5563,34.687,0,0
CTS_PE,D,20211124,000000,34.7723,35.8802,34.7723,35.8802,0,0
CTS_PE,D,20211125,000000,35.8802,36.3063,35.8802,36.3063,0,0
CTS_PE,D,20211126,000000,34.2609,34.2609,30.8518,30.8518,0,0
CTS_PE,D,20211129,000000,29.4883,29.4883,29.4883,29.4883,0,0
CTS_PE,D,20211130,000000,29.4883,29.4883,29.4883,29.4883,0,0
CTS_PE,D,20211201,000000,29.3178,30.0848,29.3178,30.0848,0,0
CTS_PE,D,20230302,000000,35.4541,35.6245,35.4541,35.6245,0,0
CTS_PE,D,20230306,000000,35.4541,35.4541,33.92,33.92,0,0
CTS_PE,D,20230307,000000,33.92,34.0905,33.92,34.0905,0,0
CTS_PE,D,20230308,000000,34.0905,34.0905,34.0052,34.0052,0,0
CTS_PE,D,20230309,000000,34.0052,35.4541,34.0052,35.1983,0,0
CTS_PE,D,20230310,000000,34.4313,34.4313,32.8973,32.8973,0,0
CTS_PE,D,20230313,000000,32.8973,32.8973,29.7439,29.7439,0,0
CTS_PE,D,20230314,000000,31.1075,33.153,31.1075,33.153,0,0
CTS_PE,D,20230315,000000,33.153,34.3461,33.153,34.2609,0,0
CTS_PE,D,20230317,000000,34.2609,34.2609,34.2609,34.2609,0,0
CTS_PE,D,20230320,000000,34.2609,35.4541,34.2609,35.3688,0,0
CTS_PE,D,20230321,000000,35.3688,35.3688,34.7723,34.8575,0,0
CTS_PE,D,20230322,000000,33.92,33.92,33.0678,33.153,0,0
CTS_PE,D,20230324,000000,34.4313,34.4313,34.3461,34.3461,0,0
CTS_PE,D,20230328,000000,34.3461,34.4313,34.3461,34.4313,0,0
CTS_PE,D,20230329,000000,33.8348,33.8348,33.7495,33.7495,0,0
CTS_PE,D,20230330,000000,33.153,33.2382,33.153,33.2382,0,0
CTS_PE,D,20230403,000000,33.4938,35.0279,33.4938,35.0279,0,0
CTS_PE,D,20230404,000000,34.0905,34.0905,31.4485,32.9825,0,0
CTS_PE,D,20230405,000000,32.9825,35.0279,32.9825,35.0279,0,0
CTS_PE,D,20230411,000000,35.0279,35.1131,35.0279,35.1131,0,0
CTS_PE,D,20230412,000000,34.2609,34.2609,34.0905,34.2609,0,0
CTS_PE,D,20230413,000000,33.4086,33.4938,33.4086,33.4938,0,0
CTS_PE,D,20230414,000000,32.6416,32.6416,32.6416,32.6416,0,0
CTS_PE,D,20230417,000000,31.9598,31.9598,31.6188,31.7893,0,0
CTS_PE,D,20230418,000000,31.4485,31.7893,31.4485,31.7893,0,0
CTS_PE,D,20230419,000000,32.3859,32.3859,32.3859,32.3859,0,0
CTS_PE,D,20230424,000000,33.4938,33.4938,33.4086,33.4086,0,0
CTS_PE,D,20230427,000000,35.1131,36.3063,34.5166,36.3063,0,0
CTS_PE,D,20230428,000000,34.1756,34.1756,33.5791,33.5791,0,0
CTS_PE,D,20230502,000000,35.1131,35.1131,35.1131,35.1131,0,0
CTS_PE,D,20231201,000000,43.2948,43.2948,43.2948,43.2948,0,0
CTS_PE,D,20231206,000000,41.1029,41.1029,40.5676,40.5676,0,0
CTS_PE,D,20231207,000000,40.9341,41.6338,40.9341,41.3346,0,0
CTS_PE,D,20231208,000000,41.3517,41.7608,41.3517,41.7608,0,0
CTS_PE,D,20231212,000000,40.2668,40.2668,37.8157,40.2268,0,0
CTS_PE,D,20231215,000000,40.5667,40.5667,40.4824,40.4824,0,0
CTS_PE,D,20231218,000000,40.4662,40.4662,40.3971,40.3971,0,0
CTS_PE,D,20231219,000000,40.3997,40.3997,40.312,40.312,0,0
CTS_PE,D,20231220,000000,40.3,40.312,40.3,40.312,0,0
CTS_PE,D,20231221,000000,40.3,40.3,40.2268,40.2268,0,0
CTS_PE,D,20231227,000000,39.9498,39.9498,39.5994,39.6301,0,0
CTS_PE,D,20231229,000000,40.5839,43.3826,39.4597,39.4597,0,0
CTS_PE,D,20240102,000000,41.2162,41.9313,41.2162,41.9313,0,0
CTS_PE,D,20240103,000000,40.8667,41.2162,40.8667,41.079,0,0
CTS_PE,D,20240104,000000,40.3853,46.0221,37.6,46.0221,0,0
CTS_PE,D,20240105,000000,43.2403,45.7664,43.2403,45.7664,0,0
CTS_PE,D,20240108,000000,43.3119,43.3119,43.2096,43.2096,0,0
CTS_PE,D,20240109,000000,43.2053,43.2053,39.0241,41.3346,0,0
CTS_PE,D,20240110,000000,39.5994,39.5994,39.5449,39.5449,0,0
CTS_PE,D,20240111,000000,39.8841,39.8841,39.8006,39.8006,0,0
CTS_PE,D,20240112,000000,39.4375,39.7861,39.0881,39.7153,0,0
CTS_PE,D,20240116,000000,39.2125,39.2125,38.6926,38.6926,0,0
CTS_PE,D,20240117,000000,38.0168,38.0168,37.3256,37.329,0,0
CTS_PE,D,20240118,000000,37.3256,39.0531,37.2438,37.2438,0,0
CTS_PE,D,20240119,000000,38.6134,38.7778,38.6134,38.7778,0,0
CTS_PE,D,20240123,000000,37.9793,37.9793,37.1586,37.1586,0,0
CTS_PE,D,20240124,000000,35.0765,35.7711,35.0765,35.7098,0,0
CTS_PE,D,20240125,000000,37.7935,37.8404,37.7935,37.8404,0,0
CTS_PE,D,20240129,000000,37.0699,37.0699,36.7231,36.9029,0,0
CTS_PE,D,20240130,000000,37.2515,37.2515,36.5552,36.562,0,0
CTS_PE,D,20240131,000000,36.5552,36.5552,35.8589,36.0506,0,0
CTS_PE,D,20240201,000000,35.7149,35.7149,33.4743,33.5791,0,0
CTS_PE,D,20240202,000000,33.5842,33.5842,30.3524,30.4257,0,0
CTS_PE,D,20240205,000000,31.6956,31.6956,31.6188,31.6188,0,0
CTS_PE,D,20240206,000000,31.336,31.4766,31.336,31.3632,0,0
CTS_PE,D,20240207,000000,31.3734,31.3734,31.278,31.278,0,0
CTS_PE,D,20240208,000000,31.4101,31.4485,31.4101,31.4485,0,0
CTS_PE,D,20240209,000000,30.7376,30.7376,28.9206,30.6814,0,0
CTS_PE,D,20240212,000000,30.6839,31.2473,29.5581,31.1928,0,0
CTS_PE,D,20240213,000000,30.9149,30.9149,29.9314,30.7666,0,0
CTS_PE,D,20240215,000000,31.4356,31.4356,29.7593,31.278,0,0
CTS_PE,D,20240219,000000,30.8127,30.8127,30.7666,30.7666,0,0
CTS_PE,D,20240220,000000,31.4621,31.6188,31.4621,31.6188,0,0
CTS_PE,D,20240221,000000,32.3203,33.7248,31.6171,33.2382,0,0
CTS_PE,D,20240222,000000,31.8362,32.4004,31.6188,31.6188,0,0
CTS_PE,D,20240223,000000,30.2118,31.7578,29.5095,31.7041,0,0
CTS_PE,D,20240226,000000,29.461,33.6694,29.461,32.3007,0,0
CTS_PE,D,20240227,000000,32.8769,32.8973,32.8769,32.8973,0,0
CTS_PE,D,20240228,000000,31.7749,32.4805,31.7749,32.3859,0,0
CTS_PE,D,20240229,000000,31.3879,32.5138,31.3879,32.4711,0,0
CTS_PE,D,20240301,000000,33.0225,34.4313,33.0225,34.4313,0,0
CTS_PE,D,20240304,000000,34.4279,34.4279,33.1632,34.4279,0,0
CTS_PE,D,20240305,000000,34.4279,34.4313,34.4279,34.4313,0,0
CTS_PE,D,20240306,000000,33.1632,33.2382,33.1632,33.2382,0,0
CTS_PE,D,20240307,000000,33.1043,33.1043,31.8362,31.8746,0,0
CTS_PE,D,20240308,000000,32.2862,34.4313,32.1447,34.4313,0,0
CTS_PE,D,20240311,000000,34.1467,34.3461,34.1467,34.3461,0,0
CTS_PE,D,20240312,000000,34.6274,35.0279,33.2143,35.0279,0,0
CTS_PE,D,20240314,000000,34.6563,35.0279,30.5544,35.0279,0,0
CTS_PE,D,20240318,000000,34.8848,34.8848,34.687,34.687,0,0
CTS_PE,D,20240320,000000,35.1592,35.1592,35.1131,35.1131,0,0
CTS_PE,D,20240321,000000,33.1359,33.3234,31.872,33.3234,0,0
CTS_PE,D,20240322,000000,30.5033,33.4691,30.5033,33.3234,0,0
CTS_PE,D,20240325,000000,32.3467,33.5791,32.3467,33.5791,0,0
CTS_PE,D,20240327,000000,32.8769,34.5703,32.8769,34.5166,0,0
CTS_PE,D,20240328,000000,34.5131,34.5131,31.6956,33.7495,0,0
CTS_PE,D,20240402,000000,33.753,34.2609,33.753,34.2609,0,0
CTS_PE,D,20240403,000000,33.2697,34.5438,31.0044,33.2382,0,0
CTS_PE,D,20240404,000000,33.2415,33.2415,33.2382,33.2382,0,0
CTS_PE,D,20240405,000000,32.5342,33.3234,32.5342,33.3234,0,0
CTS_PE,D,20240408,000000,34.7424,35.0279,34.7424,35.0279,0,0
CTS_PE,D,20240409,000000,35.4515,35.4515,35.1685,35.3688,0,0
CTS_PE,D,20240410,000000,35.5172,35.6595,35.5172,35.6245,0,0
CTS_PE,D,20240411,000000,33.4921,35.6297,33.4921,35.6245,0,0
CTS_PE,D,20240412,000000,34.2046,34.9172,34.2046,34.8575,0,0
CTS_PE,D,20240415,000000,34.8592,34.8592,34.7723,34.7723,0,0
CTS_PE,D,20240416,000000,35.1975,35.4813,35.1131,35.1131,0,0
CTS_PE,D,20240417,000000,35.1012,35.1012,35.0279,35.0279,0,0
CTS_PE,D,20240419,000000,35.0151,35.0279,35.0151,35.0279,0,0
CTS_PE,D,20240422,000000,35.0151,35.0151,33.614,33.7495,0,0
CTS_PE,D,20240423,000000,35.1592,35.8623,33.753,35.7098,0,0
CTS_PE,D,20240424,000000,33.614,35.1983,33.614,35.1983,0,0
CTS_PE,D,20240425,000000,33.7811,36.9481,33.7811,36.9029,0,0
CTS_PE,D,20240426,000000,35.1592,35.1592,35.1131,35.1131,0,0
CTS_PE,D,20240429,000000,33.6976,35.1983,33.6976,35.1983,0,0
CTS_PE,D,20240430,000000,33.7811,35.1882,33.7811,35.1131,0,0
CTS_PE,D,20240502,000000,33.6976,35.1012,33.6976,35.1012,0,0
CTS_PE,D,20240506,000000,35.1012,36.856,35.1012,36.8177,0,0
CTS_PE,D,20240507,000000,36.8262,36.9881,36.8262,36.9881,0,0
CTS_PE,D,20240508,000000,36.9779,36.9779,35.1983,35.1983,0,0
CTS_PE,D,20240509,000000,35.8921,36.0506,35.8921,36.0506,0,0
CTS_PE,D,20240510,000000,36.0413,37.1006,36.0413,37.0733,0,0
CTS_PE,D,20240514,000000,36.0115,36.2211,36.0115,36.2211,0,0
CTS_PE,D,20240515,000000,36.2211,36.3063,36.2211,36.3063,0,0
CTS_PE,D,20240516,000000,34.1756,34.1756,34.1756,34.1756,0,0
CTS_PE,D,20240517,000000,34.1756,37.3802,33.7487,34.8575,0,0
CTS_PE,D,20240520,000000,34.2898,34.2898,34.0052,34.0905,0,0
CTS_PE,D,20240521,000000,33.9481,35.7098,32.2359,35.7098,0,0
CTS_PE,D,20240522,000000,35.0049,35.0049,34.9427,34.9427,0,0
CTS_PE,D,20240524,000000,35.4276,35.6245,35.4276,35.6245,0,0
CTS_PE,D,20240527,000000,35.6297,35.7098,35.6297,35.7098,0,0
CTS_PE,D,20240528,000000,35.7191,35.7191,35.6245,35.6245,0,0
CTS_PE,D,20240529,000000,35.6297,35.7098,34.2046,35.7098,0,0
CTS_PE,D,20240531,000000,35.7191,35.7191,35.6245,35.6245,0,0
CTS_PE,D,20240604,000000,33.8919,33.8919,33.8348,33.8348,0,0
CTS_PE,D,20240606,000000,36.9779,36.9779,35.2172,36.7325,0,0
CTS_PE,D,20240607,000000,37.1006,37.1586,37.1006,37.1586,0,0
CTS_PE,D,20240610,000000,37.1628,37.8702,36.9029,36.9029,0,0
CTS_PE,D,20240612,000000,38.4847,38.4847,36.735,36.8177,0,0
CTS_PE,D,20240613,000000,36.8262,36.8262,36.8177,36.8177,0,0
CTS_PE,D,20240614,000000,36.8262,36.8262,36.562,36.562,0,0
CTS_PE,D,20240617,000000,36.9037,36.9037,36.9029,36.9029,0,0
CTS_PE,D,20240619,000000,37.2515,37.2515,5.19879,5.19879,0,0
CTS_PE,D,20240620,000000,5.10078,5.11356,5.10078,5.11356,0,0
CTS_PE,D,20240621,000000,5.31044,5.6539,5.21158,5.45447,0,0
CTS_PE,D,20240624,000000,5.55248,5.55248,5.50391,5.5397,0,0
CTS_PE,D,20240625,000000,6.00553,6.78253,5.79856,6.60144,0,0
CTS_PE,D,20240626,000000,7.01894,7.01894,6.33381,6.33381,0,0
CTS_PE,D,20240627,000000,6.07422,6.22944,5.76199,5.79856,0,0
CTS_PE,D,20240628,000000,6.0082,6.58271,6.0082,6.51223,0,0
CTS_PE,D,20240701,000000,6.51223,6.69065,6.51223,6.69065,0,0
CTS_PE,D,20240703,000000,6.39447,6.39447,6.29188,6.33381,0,0
CTS_PE,D,20240704,000000,5.96984,6.22944,5.86636,5.88777,0,0
CTS_PE,D,20240705,000000,6.25263,6.25263,6.2446,6.2446,0,0
CTS_PE,D,20240708,000000,6.2446,6.2446,6.2446,6.2446,0,0
CTS_PE,D,20240709,000000,6.2446,6.33381,6.2446,6.33381,0,0
CTS_PE,D,20240712,000000,6.28118,6.28118,6.2446,6.2446,0,0
CTS_PE,D,20240716,000000,6.13934,6.1554,6.13934,6.1554,0,0
CTS_PE,D,20240722,000000,5.91096,5.97698,5.91096,5.97698,0,0
CTS_PE,D,20240723,000000,6.71117,6.71117,6.13488,6.1554,0,0
CTS_PE,D,20240726,000000,5.96271,5.97698,5.91096,5.97698,0,0
CTS_PE,D,20240729,000000,5.92524,5.92524,5.34806,5.88777,0,0
CTS_PE,D,20240730,000000,5.88777,6.30794,5.6246,6.2446,0,0
CTS_PE,D,20240731,000000,6.14112,6.1554,6.14112,6.1554,0,0
CTS_PE,D,20240801,000000,5.7379,6.46852,5.7379,6.2446,0,0
CTS_PE,D,20240805,000000,6.2446,6.2446,5.62014,5.62014,0,0
CTS_PE,D,20240806,000000,5.67278,6.2446,5.51666,6.2446,0,0
CTS_PE,D,20240807,000000,5.93237,6.2446,5.82889,6.2446,0,0
CTS_PE,D,20240809,000000,5.82889,6.2446,5.82889,6.2446,0,0
CTS_PE,D,20240813,000000,5.88063,5.88777,5.88063,5.88777,0,0
CTS_PE,D,20240816,000000,5.83514,5.88777,5.83514,5.88777,0,0
CTS_PE,D,20240822,000000,6.0983,6.30794,6.0983,6.2446,0,0
CTS_PE,D,20240823,000000,6.2446,6.2446,5.88063,5.88777,0,0
CTS_PE,D,20240826,000000,5.93951,6.25263,5.88777,6.2446,0,0
CTS_PE,D,20240830,000000,6.03675,6.03675,5.93237,5.97698,0,0
CTS_PE,D,20240902,000000,6.29188,6.29188,6.29188,6.29188,0,0
CTS_PE,D,20240910,000000,6.34898,6.42302,6.34898,6.42302,0,0
CTS_PE,D,20240911,000000,6.42302,6.42302,6.33381,6.33381,0,0
CTS_PE,D,20240913,000000,6.22944,6.2446,6.22944,6.2446,0,0
CTS_PE,D,20240918,000000,6.2446,6.33381,6.2446,6.33381,0,0
CTS_PE,D,20240919,000000,6.17502,6.17502,6.1554,6.1554,0,0
CTS_PE,D,20240930,000000,5.78696,5.78696,5.36679,5.62014,0,0
CTS_PE,D,20241007,000000,6.03675,6.03675,5.97698,5.97698,0,0
CTS_PE,D,20241008,000000,6.13131,6.13131,4.81727,4.81727,0,0
CTS_PE,D,20241009,000000,4.85741,4.90647,4.85741,4.90647,0,0
CTS_PE,D,20241010,000000,4.90647,4.90647,4.90647,4.90647,0,0
CTS_PE,D,20241011,000000,4.90647,4.90647,4.90647,4.90647,0,0
CTS_PE,D,20241014,000000,4.90647,4.90647,4.90647,4.90647,0,0
CTS_PE,D,20241015,000000,4.90647,4.90647,4.90647,4.90647,0,0
CTS_PE,D,20241016,000000,4.90647,4.90647,4.90647,4.90647,0,0
CTS_PE,D,20241018,000000,4.4979,4.4979,4.46043,4.46043,0,0
CTS_PE,D,20241021,000000,4.46043,4.46043,4.46043,4.46043,0,0
CTS_PE,D,20241024,000000,4.82529,4.82529,4.81727,4.81727,0,0
CTS_PE,D,20241025,000000,4.33108,4.85741,4.33108,4.81727,0,0
CTS_PE,D,20241112,000000,4.73698,4.73698,4.72806,4.72806,0,0
CTS_PE,D,20241113,000000,4.72806,4.72806,4.72806,4.72806,0,0
CTS_PE,D,20241114,000000,4.72806,4.72806,4.72806,4.72806,0,0
CTS_PE,D,20241115,000000,4.72806,4.81727,4.72806,4.81727,0,0
CTS_PE,D,20241205,000000,4.73609,4.73609,4.72806,4.72806,0,0
CTS_PE,D,20241206,000000,4.72806,4.72806,4.72806,4.72806,0,0
CTS_PE,D,20241209,000000,4.72806,4.72806,4.72806,4.72806,0,0
CTS_PE,D,20241210,000000,5.03404,5.08489,5.03404,5.08489,0,0
CTS_PE,D,20241219,000000,4.59871,4.59871,4.54964,4.54964,0,0
CTS_PE,D,20241220,000000,4.54964,5.08489,4.54964,5.08489,0,0
CTS_PE,D,20241223,000000,5.04029,5.04029,4.99568,4.99568,0,0
CTS_PE,D,20241227,000000,4.90826,4.90826,4.90647,4.90647,0,0
CTS_PE,D,20250113,000000,4.90647,4.90647,4.90647,4.90647,0,0
CTS_PE,D,20250114,000000,4.9939,4.99568,4.9939,4.99568,0,0
CTS_PE,D,20250116,000000,4.99568,4.99568,4.99568,4.99568,0,0
CTS_PE,D,20250121,000000,5.08311,5.08489,5.08311,5.08489,0,0
CTS_PE,D,20250225,000000,5.17232,5.1741,5.17232,5.1741,0,0
CTS_PE,D,20250226,000000,5.1286,5.1286,5.08489,5.08489,0,0
CTS_PE,D,20250317,000000,5.08489,5.08489,5.08489,5.08489,0,0
CTS_PE,D,20250318,000000,4.86009,4.90647,4.86009,4.90647,0,0
CTS_PE,D,20250326,000000,4.90647,4.90647,4.90647,4.90647,0,0
CTS_PE,D,20250331,000000,4.86098,4.86098,4.81727,4.81727,0,0
CTS_PE,D,20250404,000000,4.81727,4.81727,4.81727,4.81727,0,0
CTS_PE,D,20250409,000000,4.72806,5.08489,4.72806,5.08489,0,0
CTS_PE,D,20250415,000000,4.50504,4.50504,4.46043,4.46043,0,0
CTS_PE,D,20250416,000000,5.07865,5.08489,5.07865,5.08489,0,0
CTS_PE,D,20250425,000000,4.5541,4.81727,4.5541,4.81727,0,0
CTS_PE,D,20250428,000000,4.81727,4.81727,4.81727,4.81727,0,0
CTS_PE,D,20250429,000000,4.81727,4.81727,4.81727,4.81727,0,0
CTS_PE,D,20250506,000000,5.08935,5.08935,5.08489,5.08489,0,0
CTS_PE,D,20250508,000000,5.08489,5.08489,5.08489,5.08489,0,0
CTS_PE,D,20250509,000000,5.03404,5.08489,5.03404,5.08489,0,0
CTS_PE,D,20250513,000000,5.08489,5.08489,5.08489,5.08489,0,0
CTS_PE,D,20250514,000000,5.08489,5.08489,5.08489,5.08489,0,0
CTS_PE,D,20250519,000000,5.08489,5.08489,5.08489,5.08489,0,0
CTS_PE,D,20250521,000000,4.98319,4.98319,4.98319,4.98319,0,0
CTS_PE,D,20250522,000000,4.59692,4.63885,4.59692,4.63885,0,0
CTS_PE,D,20250523,000000,4.98587,4.99568,4.98587,4.99568,0,0
CTS_PE,D,20250528,000000,4.91361,4.91361,4.90647,4.90647,0,0
CTS_PE,D,20250529,000000,5.00906,5.00906,4.99568,4.99568,0,0
CTS_PE,D,20250530,000000,5.09738,5.30167,5.09738,5.26331,0,0
CTS_PE,D,20250602,000000,5.26331,5.26331,4.81727,4.81727,0,0
CTS_PE,D,20250603,000000,4.81727,4.81727,4.81727,4.81727,0,0
CTS_PE,D,20250604,000000,4.81727,4.81727,4.72806,4.72806,0,0
CTS_PE,D,20250605,000000,4.72806,4.91004,4.72806,4.90647,0,0
CTS_PE,D,20250609,000000,4.99747,5.08489,4.99747,5.08489,0,0
CTS_PE,D,20250610,000000,5.31594,5.31594,5.26331,5.26331,0,0
CTS_PE,D,20250611,000000,5.62906,5.88777,5.62906,5.88777,0,0
CTS_PE,D,20250612,000000,5.97965,5.97965,5.97698,5.97698,0,0
CTS_PE,D,20250613,000000,5.97698,5.97698,5.97698,5.97698,0,0
CTS_PE,D,20250616,000000,5.97698,5.97698,5.97698,5.97698,0,0
CTS_PE,D,20250617,000000,5.97698,5.97698,5.97698,5.97698,0,0
CTS_PE,D,20250618,000000,5.97698,5.97698,5.97698,5.97698,0,0
CTS_PE,D,20250620,000000,6.39091,6.39091,6.33381,6.33381,0,0
CTS_PE,D,20250623,000000,6.3802,6.42302,6.3802,6.42302,0,0
CTS_PE,D,20250624,000000,6.37663,6.37663,6.33024,6.33381,0,0
CTS_PE,D,20250625,000000,6.42659,6.42659,6.42302,6.42302,0,0
CTS_PE,D,20250626,000000,7.78,7.78,6.9,6.9,0,0
CTS_PE,D,20250627,000000,6.334,6.334,6.282,6.3,0,0
CTS_PE,D,20250630,000000,6.3,6.3,6.3,6.3,0,0
CTS_PE,D,20250701,000000,6.3,6.3,6.196,6.2,0,0
CTS_PE,D,20250702,000000,6.149,6.2,6.149,6.2,0,0
CTS_PE,D,20250703,000000,5.887,5.887,5.8,5.8,0,0
CTS_PE,D,20250707,000000,5.8,5.8,5.8,5.8,0,0
CTS_PE,D,20250709,000000,5.9,5.9,5.9,5.9,0,0
CTS_PE,D,20250710,000000,5.796,5.796,5.7,5.7,0,0
CTS_PE,D,20250714,000000,6.162,6.2,6.162,6.2,0,0
CTS_PE,D,20250715,000000,6.2,6.2,6.2,6.2,0,0
CTS_PE,D,20250722,000000,5.839,5.839,5.8,5.8,0,0
CTS_PE,D,20250723,000000,5.852,5.9,5.852,5.9,0,0
CTS_PE,D,20250728,000000,5.848,5.848,5.8,5.8,0,0
CTS_PE,D,20250729,000000,5.8,5.8,5.8,5.8,0,0
CTS_PE,D,20250731,000000,5.852,6.1,5.852,6.1,0,0
CTS_PE,D,20250801,000000,5.997,6,5.997,6,0,0
CTS_PE,D,20250804,000000,5.948,5.948,5.9,5.9,0,0
CTS_PE,D,20250811,000000,5.797,5.797,5.695,5.7,0,0
CTS_PE,D,20250813,000000,5.7,5.7,5.7,5.7,0,0
CTS_PE,D,20250814,000000,5.7,5.7,5.7,5.7,0,0
CTS_PE,D,20250818,000000,6.162,6.2,6.162,6.2,0,0
CTS_PE,D,20250821,000000,5.839,5.839,5.8,5.8,0,0
CTS_PE,D,20250822,000000,6.16,6.2,6.16,6.2,0,0
CTS_PE,D,20250825,000000,5.994,6,5.994,6,0,0
CTS_PE,D,20250826,000000,5.948,5.948,5.9,5.9,0,0
CTS_PE,D,20250905,000000,6.092,6.1,6.038,6.1,0,0
CTS_PE,D,20250916,000000,6.155,6.155,6.1,6.1,0,0
CTS_PE,D,20250922,000000,6.154,6.154,6.1,6.1,0,0
CTS_PE,D,20250924,000000,6.2,6.2,6.1,6.1,0,0
CTS_PE,D,20250926,000000,6.421,6.5,6.421,6.5,0,0
CTS_PE,D,20251002,000000,6.337,6.337,6.3,6.3,0,0
CTS_PE,D,20251006,000000,6.084,6.1,6.084,6.1,0,0
CTS_PE,D,20251007,000000,5.992,6,5.992,6,0,0
CTS_PE,D,20251008,000000,6.108,6.108,6,6,0,0
CTS_PE,D,20251010,000000,6,6,6,6,0,0
CTS_PE,D,20251013,000000,6,6,6,6,0,0
CTS_PE,D,20251016,000000,6.054,6.1,6.054,6.1,0,0
CTS_PE,D,20251017,000000,6.1,6.1,6.1,6.1,0,0
CTS_PE,D,20251028,000000,6.424,6.5,6.424,6.5,0,0
CTS_PE,D,20251030,000000,6.555,6.555,6.5,6.5,0,0
CTS_PE,D,20251031,000000,6.446,6.446,6.446,6.446,0,0
CTS_PE,D,20251106,000000,6.4,6.4,6.4,6.4,0,0
CTS_PE,D,20251124,000000,6.4,6.5,6.4,6.5,0,0
CTS_PE,D,20251128,000000,6.5,6.5,6.5,6.5,0,0
CTS_PE,D,20251201,000000,6.5,6.5,6,6,0,0
CTS_PE,D,20251202,000000,6,6,6,6,0,0
CTS_PE,D,20251203,000000,5.244,5.6,5.244,5.6,0,0
CTS_PE,D,20251205,000000,5.953,6,5.953,6,0,0
CTS_PE,D,20251209,000000,6,6,6,6,0,0
CTS_PE,D,20251210,000000,6,6.051,6,6,0,0
CTS_PE,D,20251216,000000,6.1,6.1,6.1,6.1,0,0
CTS_PE,D,20251222,000000,6.049,7.7,6.049,7.7,0,0
CTS_PE,D,20251223,000000,7.29,7.29,7.29,7.29,0,0
CTS_PE,D,20251229,000000,7.29,7.29,7.2,7.2,0,0
CTS_PE,D,20260116,000000,6.169,6.169,6.1,6.1,0,0
CTS_PE,D,20260119,000000,6.1,6.1,6.1,6.1,0,0
CTS_PE,D,20260121,000000,5.948,6.507,5.948,6.5,0,0
