<TICKER>,<PER>,<DATE>,<TIME>,<OPEN>,<HIGH>,<LOW>,<CLOSE>,<VOL>,<OPENINT>
CTX_MV,D,20210419,000000,560.05,560.05,560.05,560.05,0,0
CTX_MV,D,20210420,000000,562.72,562.72,488.47,501.63,0,0
CTX_MV,D,20210421,000000,504.75,550.41,498.89,547.09,0,0
CTX_MV,D,20210422,000000,543.83,569.23,543.83,566.56,0,0
CTX_MV,D,20210423,000000,560.11,567.54,560.05,567.54,0,0
CTX_MV,D,20210426,000000,586.16,586.16,561.16,579.33,0,0
CTX_MV,D,20210427,000000,579.65,579.65,572.03,579.2,0,0
CTX_MV,D,20210428,000000,579.52,579.52,550.34,577.89,0,0
CTX_MV,D,20210429,000000,579.46,579.46,556.92,576.2,0,0
CTX_MV,D,20210430,000000,576.07,581.54,573.14,579.65,0,0
CTX_MV,D,20210504,000000,561.74,577.89,554.45,577.89,0,0
CTX_MV,D,20210505,000000,560.76,566.63,560.5,563.37,0,0
CTX_MV,D,20210506,000000,563.37,563.37,554.64,560.11,0,0
CTX_MV,D,20210507,000000,563.24,563.24,556.86,558.81,0,0
CTX_MV,D,20210510,000000,560.11,560.11,553.67,560.05,0,0
CTX_MV,D,20210511,000000,560.11,560.11,556.86,556.86,0,0
CTX_MV,D,20210512,000000,556.86,558.48,553.6,553.6,0,0
CTX_MV,D,20210513,000000,556.73,556.73,541.49,549.04,0,0
CTX_MV,D,20210514,000000,550.34,555.23,550.28,555.23,0,0
CTX_MV,D,20210517,000000,560.05,560.05,548.06,553.6,0,0
CTX_MV,D,20210518,000000,556.86,556.86,556.79,556.79,0,0
CTX_MV,D,20210519,000000,556.73,556.79,555.23,556.79,0,0
CTX_MV,D,20210520,000000,547.09,556.79,547.09,556.79,0,0
CTX_MV,D,20210521,000000,541.23,556.73,541.23,556.73,0,0
CTX_MV,D,20210524,000000,556.73,556.73,541.88,553.6,0,0
CTX_MV,D,20210525,000000,542.2,551.97,542.2,551.97,0,0
CTX_MV,D,20210526,000000,553.6,553.6,542.27,553.27,0,0
CTX_MV,D,20210527,000000,552.95,552.95,552.95,552.95,0,0
CTX_MV,D,20210528,000000,542.4,552.88,542.4,551.97,0,0
CTX_MV,D,20210531,000000,551.65,551.65,538.62,550.34,0,0
CTX_MV,D,20210601,000000,550.34,569.88,538.03,553.6,0,0
CTX_MV,D,20210602,000000,553.6,566.63,543.83,566.63,0,0
CTX_MV,D,20210604,000000,568.25,569.56,566.3,566.63,0,0
CTX_MV,D,20210607,000000,566.63,566.63,566.63,566.63,0,0
CTX_MV,D,20210608,000000,566.63,579.65,566.63,579.65,0,0
CTX_MV,D,20210609,000000,579.65,599.19,579.65,599.19,0,0
CTX_MV,D,20210610,000000,599.19,599.19,598.54,599.19,0,0
CTX_MV,D,20210611,000000,599.13,762.85,595.93,762.85,0,0
CTX_MV,D,20210614,000000,763.67,767.8,749.23,767.39,0,0
CTX_MV,D,20210615,000000,756.08,767.39,753.77,767.39,0,0
CTX_MV,D,20210616,000000,765.74,781.59,765.74,772.34,0,0
CTX_MV,D,20210617,000000,771.52,772.34,755.42,765.74,0,0
CTX_MV,D,20210618,000000,765.74,776.06,763.67,775.81,0,0
CTX_MV,D,20210621,000000,763.67,775.48,759.55,775.48,0,0
CTX_MV,D,20210622,000000,771.85,771.85,769.87,769.87,0,0
CTX_MV,D,20210623,000000,769.87,793.23,767.8,784.31,0,0
CTX_MV,D,20210624,000000,800.83,813.21,792.57,804.95,0,0
CTX_MV,D,20210625,000000,804.95,821.47,804.95,817.34,0,0
CTX_MV,D,20210628,000000,817.34,825.59,792.57,825.59,0,0
CTX_MV,D,20210629,000000,825.59,837.98,813.62,829.72,0,0
CTX_MV,D,20210630,000000,819.73,835.5,819.73,820.64,0,0
CTX_MV,D,20210701,000000,823.53,833.44,813.87,823.94,0,0
CTX_MV,D,20210702,000000,825.59,825.59,817.34,823.12,0,0
CTX_MV,D,20210705,000000,823.12,823.12,814.04,823.12,0,0
CTX_MV,D,20210706,000000,807.02,821.47,807.02,821.47,0,0
CTX_MV,D,20210707,000000,809.25,821.05,809.25,821.05,0,0
CTX_MV,D,20210708,000000,820.64,821.05,804.95,819.82,0,0
CTX_MV,D,20210709,000000,819.82,819.82,797.94,817.34,0,0
CTX_MV,D,20210712,000000,814.86,815.27,798.6,815.27,0,0
CTX_MV,D,20210713,000000,817.34,817.34,747.16,792.16,0,0
CTX_MV,D,20210714,000000,796.7,796.7,776.06,776.06,0,0
CTX_MV,D,20210715,000000,787.2,787.2,767.8,780.19,0,0
CTX_MV,D,20210716,000000,776.06,817.34,776.06,804.95,0,0
CTX_MV,D,20210719,000000,804.95,809.08,804.95,804.95,0,0
CTX_MV,D,20210720,000000,809.08,809.08,792.82,804.54,0,0
CTX_MV,D,20210721,000000,796.7,821.47,784.31,804.95,0,0
CTX_MV,D,20210722,000000,804.95,807.02,786.38,804.95,0,0
CTX_MV,D,20210723,000000,804.95,807.02,804.95,807.02,0,0
CTX_MV,D,20210726,000000,807.02,807.02,784.31,796.7,0,0
CTX_MV,D,20210727,000000,804.95,804.95,790.51,804.95,0,0
CTX_MV,D,20210728,000000,804.95,804.95,784.31,792.57,0,0
CTX_MV,D,20210729,000000,792.57,804.87,780.19,792.57,0,0
CTX_MV,D,20210730,000000,792.57,792.57,788.44,788.44,0,0
CTX_MV,D,20210802,000000,792.57,792.57,776.88,788.44,0,0
CTX_MV,D,20210803,000000,752.12,796.29,752.12,796.29,0,0
CTX_MV,D,20210804,000000,796.29,796.29,771.93,792.57,0,0
CTX_MV,D,20210805,000000,794.63,794.63,772.1,784.31,0,0
CTX_MV,D,20210806,000000,776.06,794.55,776.06,788.36,0,0
CTX_MV,D,20210809,000000,788.03,804.87,784.31,804.87,0,0
CTX_MV,D,20210810,000000,800.83,800.83,784.31,800.74,0,0
CTX_MV,D,20210811,000000,800.74,800.74,792.57,796.7,0,0
CTX_MV,D,20210812,000000,800.74,800.74,776.72,788.44,0,0
CTX_MV,D,20210813,000000,800.74,800.74,784.31,786.38,0,0
CTX_MV,D,20210816,000000,784.31,792.57,782.66,784.31,0,0
CTX_MV,D,20210817,000000,784.31,796.7,782.66,796.7,0,0
CTX_MV,D,20210818,000000,800.74,800.74,786.38,786.38,0,0
CTX_MV,D,20210819,000000,765.74,788.36,763.67,786.38,0,0
CTX_MV,D,20210820,000000,784.31,792.57,764.09,792.57,0,0
CTX_MV,D,20210823,000000,764.83,784.31,764.83,784.31,0,0
CTX_MV,D,20210824,000000,784.31,784.31,784.31,784.31,0,0
CTX_MV,D,20210825,000000,788.44,788.44,764.58,784.31,0,0
CTX_MV,D,20210826,000000,784.31,784.31,780.19,784.31,0,0
CTX_MV,D,20210827,000000,784.73,792.16,764.83,784.31,0,0
CTX_MV,D,20210830,000000,763.67,784.31,763.67,783.08,0,0
CTX_MV,D,20210831,000000,783.08,783.9,761.2,783.9,0,0
CTX_MV,D,20210901,000000,776.06,779.36,751.29,779.36,0,0
CTX_MV,D,20210902,000000,776.06,776.06,776.06,776.06,0,0
CTX_MV,D,20210903,000000,779.69,779.69,767.8,778.04,0,0
CTX_MV,D,20210906,000000,759.55,773.99,756.24,757.98,0,0
CTX_MV,D,20210907,000000,757.98,778.12,757.98,767.8,0,0
CTX_MV,D,20210908,000000,778.12,778.12,758.47,763.76,0,0
CTX_MV,D,20210909,000000,758.31,776.06,758.31,767.8,0,0
CTX_MV,D,20210910,000000,763.67,780.02,759.88,763.84,0,0
CTX_MV,D,20210913,000000,763.84,780.1,760.7,767.8,0,0
CTX_MV,D,20210914,000000,767.8,778.54,763.67,763.76,0,0
CTX_MV,D,20210915,000000,767.22,776.06,763.76,776.06,0,0
CTX_MV,D,20210916,000000,763.67,778.95,760.54,776.06,0,0
CTX_MV,D,20210917,000000,764.09,784.31,763.76,783.9,0,0
CTX_MV,D,20210920,000000,776.14,779.77,761.36,778.95,0,0
CTX_MV,D,20210921,000000,763.67,776.06,761.28,776.06,0,0
CTX_MV,D,20210922,000000,760.54,776.06,760.54,776.06,0,0
CTX_MV,D,20210923,000000,766.65,780.19,766.65,780.19,0,0
CTX_MV,D,20210924,000000,767.8,780.19,767.8,767.8,0,0
CTX_MV,D,20210927,000000,760.7,783.65,760.37,783.65,0,0
CTX_MV,D,20210928,000000,783.74,783.74,764.17,775.65,0,0
CTX_MV,D,20210929,000000,780.19,780.19,763.76,771.44,0,0
CTX_MV,D,20210930,000000,771.44,776.06,763.67,776.06,0,0
CTX_MV,D,20211001,000000,764.09,780.19,761.78,767.8,0,0
CTX_MV,D,20211004,000000,767.8,776.06,761.53,768.05,0,0
CTX_MV,D,20211005,000000,782.25,782.25,764.34,767.8,0,0
CTX_MV,D,20211006,000000,776.06,784.31,772.43,780.19,0,0
CTX_MV,D,20211007,000000,780.19,796.7,780.19,790.51,0,0
CTX_MV,D,20211008,000000,788.44,792.57,759.55,784.31,0,0
CTX_MV,D,20211011,000000,784.31,784.31,784.31,784.31,0,0
CTX_MV,D,20211012,000000,776.06,780.19,776.06,778.12,0,0
CTX_MV,D,20211013,000000,780.19,792.57,771.93,788.44,0,0
CTX_MV,D,20211014,000000,784.31,788.44,784.31,784.31,0,0
CTX_MV,D,20211015,000000,784.31,861.92,784.31,833.85,0,0
CTX_MV,D,20211018,000000,845.82,845.82,784.31,809,0,0
CTX_MV,D,20211019,000000,809,825.59,802.89,825.59,0,0
CTX_MV,D,20211020,000000,825.18,825.18,812.8,815.27,0,0
CTX_MV,D,20211021,000000,813.21,815.27,809.08,811.15,0,0
CTX_MV,D,20211022,000000,808.26,813.21,804.95,813.05,0,0
CTX_MV,D,20211025,000000,813.13,813.13,803.72,806.94,0,0
CTX_MV,D,20211026,000000,807.02,807.02,780.19,784.31,0,0
CTX_MV,D,20211027,000000,784.31,795.87,780.19,784.31,0,0
CTX_MV,D,20211028,000000,784.31,804.95,779.44,804.95,0,0
CTX_MV,D,20211029,000000,804.87,813.13,792.57,792.57,0,0
CTX_MV,D,20211102,000000,784.31,804.87,784.31,800.74,0,0
CTX_MV,D,20211103,000000,796.7,796.7,751.29,752.12,0,0
CTX_MV,D,20211104,000000,751.29,780.19,743.28,780.19,0,0
CTX_MV,D,20211105,000000,760.37,784.31,759.55,783.49,0,0
CTX_MV,D,20211108,000000,760.37,783.49,760.37,779.77,0,0
CTX_MV,D,20211109,000000,759.96,780.19,743.03,751.29,0,0
CTX_MV,D,20211110,000000,747.16,763.67,747.16,763.67,0,0
CTX_MV,D,20211112,000000,763.59,784.31,763.59,783.74,0,0
CTX_MV,D,20211115,000000,779.77,800.74,779.77,783.74,0,0
CTX_MV,D,20211116,000000,784.31,799.92,784.31,799.92,0,0
CTX_MV,D,20211117,000000,784.31,792.57,784.31,792.57,0,0
CTX_MV,D,20211118,000000,784.31,792.57,743.03,764.09,0,0
CTX_MV,D,20211119,000000,747.16,771.93,747.16,767.8,0,0
CTX_MV,D,20211122,000000,763.67,763.67,759.55,763.26,0,0
CTX_MV,D,20211123,000000,753.35,759.55,753.35,759.55,0,0
CTX_MV,D,20211124,000000,757.48,759.55,735.69,758.23,0,0
CTX_MV,D,20211125,000000,757.81,757.9,757.81,757.9,0,0
CTX_MV,D,20211126,000000,743.45,763.67,743.03,763.67,0,0
CTX_MV,D,20211129,000000,743.03,766.89,730.9,766.89,0,0
CTX_MV,D,20211130,000000,763.67,778.12,743.45,763.67,0,0
CTX_MV,D,20211201,000000,763.67,773.99,763.67,773.75,0,0
CTX_MV,D,20211202,000000,779.69,783.9,779.69,779.69,0,0
CTX_MV,D,20211203,000000,751.29,767.8,751.29,766.98,0,0
CTX_MV,D,20211206,000000,763.67,763.67,755.42,755.42,0,0
CTX_MV,D,20211207,000000,751.29,751.29,743.03,751.21,0,0
CTX_MV,D,20211208,000000,743.03,745.1,743.03,745.1,0,0
CTX_MV,D,20211209,000000,745.1,745.1,736.02,743.03,0,0
CTX_MV,D,20211210,000000,742.21,742.21,737.26,737.26,0,0
CTX_MV,D,20211213,000000,731.06,743.03,731.06,742.54,0,0
CTX_MV,D,20211214,000000,742.54,742.54,724.87,736.43,0,0
CTX_MV,D,20211215,000000,725.28,742.21,718.76,738.91,0,0
CTX_MV,D,20211216,000000,730.65,730.65,718.27,718.27,0,0
CTX_MV,D,20211217,000000,734.78,734.78,734.78,734.78,0,0
CTX_MV,D,20211221,000000,734.78,734.78,714.14,722.4,0,0
CTX_MV,D,20211222,000000,726.52,734.78,712.16,722.4,0,0
CTX_MV,D,20211223,000000,728.17,728.17,710.01,726.11,0,0
CTX_MV,D,20211227,000000,726.11,740.97,716.2,738.49,0,0
CTX_MV,D,20211228,000000,738.82,738.91,730.65,738.91,0,0
CTX_MV,D,20211229,000000,738.91,742.21,734.78,742.21,0,0
CTX_MV,D,20211230,000000,743.03,751.29,734.78,742.21,0,0
CTX_MV,D,20220103,000000,724.05,734.78,724.05,734.78,0,0
CTX_MV,D,20220104,000000,726.52,734.37,722.4,722.4,0,0
CTX_MV,D,20220105,000000,722.4,722.4,714.14,722.4,0,0
CTX_MV,D,20220107,000000,722.4,743.03,722.4,743.03,0,0
CTX_MV,D,20220110,000000,743.03,743.03,707.95,743.03,0,0
CTX_MV,D,20220111,000000,738.91,738.91,722.4,734.78,0,0
CTX_MV,D,20220112,000000,743.03,759.46,730.73,743.03,0,0
CTX_MV,D,20220113,000000,758.64,758.64,740.97,743.03,0,0
CTX_MV,D,20220114,000000,718.35,738.91,718.27,738.82,0,0
CTX_MV,D,20220117,000000,738.49,738.91,738.49,738.91,0,0
CTX_MV,D,20220118,000000,722.4,737.34,710.18,736.84,0,0
CTX_MV,D,20220119,000000,734.7,734.7,718.27,730.24,0,0
CTX_MV,D,20220120,000000,730.65,771.93,730.65,759.55,0,0
CTX_MV,D,20220121,000000,743.03,759.55,734.86,742.62,0,0
CTX_MV,D,20220124,000000,723.63,734.78,702.58,716.2,0,0
CTX_MV,D,20220125,000000,714.06,714.06,694.74,699.69,0,0
CTX_MV,D,20220126,000000,701.84,738.91,701.84,734.78,0,0
CTX_MV,D,20220127,000000,701.76,734.78,697.54,705.88,0,0
CTX_MV,D,20220128,000000,710.01,734.04,701.76,705.88,0,0
CTX_MV,D,20220131,000000,722.4,722.4,705.88,716.2,0,0
CTX_MV,D,20220201,000000,718.27,718.27,701.76,717.69,0,0
CTX_MV,D,20220202,000000,697.63,714.14,690.2,701.76,0,0
CTX_MV,D,20220203,000000,695.15,710.01,692.26,710.01,0,0
CTX_MV,D,20220204,000000,692.26,710.01,689.37,705.88,0,0
CTX_MV,D,20220207,000000,716.62,720.74,716.62,720.74,0,0
CTX_MV,D,20220208,000000,719.51,719.51,663.78,705.8,0,0
CTX_MV,D,20220209,000000,714.96,720.33,693.91,720.33,0,0
CTX_MV,D,20220210,000000,720.33,726.52,710.18,726.52,0,0
CTX_MV,D,20220211,000000,722.4,724.46,705.88,720.33,0,0
CTX_MV,D,20220214,000000,698.04,722.4,688.13,714.14,0,0
CTX_MV,D,20220215,000000,701.76,714.14,701.76,714.14,0,0
CTX_MV,D,20220216,000000,722.31,722.31,696.39,718.27,0,0
CTX_MV,D,20220217,000000,722.4,722.4,691.52,705.88,0,0
CTX_MV,D,20220218,000000,705.88,714.14,693.5,714.14,0,0
CTX_MV,D,20220221,000000,713.31,714.96,685.49,713.64,0,0
CTX_MV,D,20220222,000000,685.24,709.6,660.48,709.6,0,0
CTX_MV,D,20220223,000000,709.6,771.93,705.88,771.93,0,0
CTX_MV,D,20220224,000000,718.18,722.4,606.81,722.4,0,0
CTX_MV,D,20220225,000000,717.77,747.16,705.88,747.16,0,0
CTX_MV,D,20220228,000000,743.03,747.16,712.24,747.16,0,0
CTX_MV,D,20220301,000000,749.23,749.23,727.51,742.62,0,0
CTX_MV,D,20220302,000000,720.74,747,720.74,730.65,0,0
CTX_MV,D,20220303,000000,722.4,743.03,704.23,722.4,0,0
CTX_MV,D,20220304,000000,722.4,731.48,704.48,722.4,0,0
CTX_MV,D,20220307,000000,704.23,709.19,681.36,697.54,0,0
CTX_MV,D,20220308,000000,685.24,701.76,681.12,681.12,0,0
CTX_MV,D,20220309,000000,697.79,701.76,697.79,700.52,0,0
CTX_MV,D,20220310,000000,700.76,700.76,697.63,698.04,0,0
CTX_MV,D,20220311,000000,698.04,722.4,698.04,722.31,0,0
CTX_MV,D,20220314,000000,687.31,711.17,683.18,710.67,0,0
CTX_MV,D,20220316,000000,701.76,709.93,687.31,701.67,0,0
CTX_MV,D,20220317,000000,697.54,697.54,681.12,681.12,0,0
CTX_MV,D,20220318,000000,693.5,701.76,681.03,681.03,0,0
CTX_MV,D,20220321,000000,669.97,681.03,669.97,680.29,0,0
CTX_MV,D,20220322,000000,680.29,690.03,680.29,681.12,0,0
CTX_MV,D,20220323,000000,685.24,685.24,660.48,660.48,0,0
CTX_MV,D,20220324,000000,681.03,681.03,662.54,676.99,0,0
CTX_MV,D,20220325,000000,668.73,676.99,660.48,668.73,0,0
CTX_MV,D,20220328,000000,668.73,676.99,668.73,676.99,0,0
CTX_MV,D,20220329,000000,680.95,689.37,660.48,660.48,0,0
CTX_MV,D,20220330,000000,660.56,660.56,656.35,660.48,0,0
CTX_MV,D,20220331,000000,660.48,660.48,652.22,660.48,0,0
CTX_MV,D,20220401,000000,676.99,676.99,648.92,660.39,0,0
CTX_MV,D,20220404,000000,660.39,660.39,631.58,639.59,0,0
CTX_MV,D,20220405,000000,639.59,639.84,619.2,639.84,0,0
CTX_MV,D,20220406,000000,627.45,627.45,608.88,619.2,0,0
CTX_MV,D,20220407,000000,619.2,619.2,607.22,619.2,0,0
CTX_MV,D,20220408,000000,598.56,619.2,598.47,606.81,0,0
CTX_MV,D,20220411,000000,619.28,639.75,606.81,637.19,0,0
CTX_MV,D,20220412,000000,619.2,637.19,598.89,610.94,0,0
CTX_MV,D,20220413,000000,615.07,615.07,573.79,573.79,0,0
CTX_MV,D,20220414,000000,590.3,635.71,590.3,623.32,0,0
CTX_MV,D,20220419,000000,619.2,681.12,594.43,681.12,0,0
CTX_MV,D,20220420,000000,720.33,720.33,660.48,697.63,0,0
CTX_MV,D,20220421,000000,681.12,712.08,672.86,672.86,0,0
CTX_MV,D,20220422,000000,685.24,685.24,639.84,639.84,0,0
CTX_MV,D,20220425,000000,615.07,670.8,610.94,668.73,0,0
CTX_MV,D,20220426,000000,660.48,662.54,660.48,662.54,0,0
CTX_MV,D,20220427,000000,662.54,662.54,608.88,621.26,0,0
CTX_MV,D,20220428,000000,600.62,627.45,600.62,627.45,0,0
CTX_MV,D,20220429,000000,627.45,656.35,602.68,627.45,0,0
CTX_MV,D,20220502,000000,643.96,652.22,619.2,637.77,0,0
CTX_MV,D,20220504,000000,619.2,631.58,619.2,631.58,0,0
CTX_MV,D,20220505,000000,619.2,631.58,619.2,623.32,0,0
CTX_MV,D,20220506,000000,621.26,623.32,615.07,623.32,0,0
CTX_MV,D,20220509,000000,621.26,621.26,604.75,619.2,0,0
CTX_MV,D,20220510,000000,619.2,619.2,602.68,619.2,0,0
CTX_MV,D,20220511,000000,600.62,623.32,594.43,623.32,0,0
CTX_MV,D,20220512,000000,586.17,598.85,571.72,598.85,0,0
CTX_MV,D,20220513,000000,594.7,611.33,561.43,590.54,0,0
CTX_MV,D,20220516,000000,578.06,605.09,565.58,598.85,0,0
CTX_MV,D,20220517,000000,582.22,590.54,561.43,586.38,0,0
CTX_MV,D,20220518,000000,582.22,609.25,569.74,598.85,0,0
CTX_MV,D,20220519,000000,596.77,596.77,565.58,594.7,0,0
CTX_MV,D,20220523,000000,580.14,580.14,530.24,569.74,0,0
CTX_MV,D,20220524,000000,548.95,590.54,540.63,540.63,0,0
CTX_MV,D,20220525,000000,546.87,573.9,532.31,569.74,0,0
CTX_MV,D,20220526,000000,571.82,578.06,540.63,567.66,0,0
CTX_MV,D,20220527,000000,573.9,573.9,559.35,559.35,0,0
CTX_MV,D,20220530,000000,557.27,559.35,553.11,553.11,0,0
CTX_MV,D,20220531,000000,540.63,559.35,532.31,559.35,0,0
CTX_MV,D,20220601,000000,540.63,573.9,532.31,573.9,0,0
CTX_MV,D,20220602,000000,573.9,573.9,544.79,563.51,0,0
CTX_MV,D,20220603,000000,536.47,551.03,528.16,548.95,0,0
CTX_MV,D,20220606,000000,553.11,607.17,553.11,594.7,0,0
CTX_MV,D,20220607,000000,594.7,627.97,594.7,611.33,0,0
CTX_MV,D,20220608,000000,598.85,613.41,586.38,607.17,0,0
CTX_MV,D,20220609,000000,582.22,607.17,578.06,590.54,0,0
CTX_MV,D,20220610,000000,590.54,592.62,567.66,588.46,0,0
CTX_MV,D,20220613,000000,567.66,578.06,548.95,548.95,0,0
CTX_MV,D,20220614,000000,544.79,544.79,532.31,540.63,0,0
CTX_MV,D,20220615,000000,532.31,540.63,511.52,536.47,0,0
CTX_MV,D,20220617,000000,509.44,536.47,486.57,530.24,0,0
CTX_MV,D,20220620,000000,509.44,509.44,486.57,509.44,0,0
CTX_MV,D,20220621,000000,509.44,532.31,486.57,532.31,0,0
CTX_MV,D,20220622,000000,519.84,528.16,519.84,528.16,0,0
CTX_MV,D,20220623,000000,499.05,515.68,499.05,515.68,0,0
CTX_MV,D,20220624,000000,490.73,507.36,482.41,499.05,0,0
CTX_MV,D,20220627,000000,478.25,482.41,457.46,482.41,0,0
CTX_MV,D,20220628,000000,455.38,478.25,451.22,478.25,0,0
CTX_MV,D,20220629,000000,474.09,499.05,474.09,499.05,0,0
CTX_MV,D,20220630,000000,488.65,496.97,488.65,494.89,0,0
CTX_MV,D,20220701,000000,507.36,507.36,484.49,484.49,0,0
CTX_MV,D,20220704,000000,494.89,499.05,486.57,499.05,0,0
CTX_MV,D,20220705,000000,499.05,499.05,488.65,496.97,0,0
CTX_MV,D,20220706,000000,457.46,480.33,457.46,457.46,0,0
CTX_MV,D,20220707,000000,482.41,569.74,482.41,534.39,0,0
CTX_MV,D,20220708,000000,540.63,544.79,494.89,499.05,0,0
CTX_MV,D,20220711,000000,515.68,515.68,476.17,499.05,0,0
CTX_MV,D,20220712,000000,482.41,499.05,474.09,474.09,0,0
CTX_MV,D,20220713,000000,474.09,476.17,461.62,476.17,0,0
CTX_MV,D,20220714,000000,461.62,465.78,440.82,461.62,0,0
CTX_MV,D,20220715,000000,453.3,461.62,449.14,459.54,0,0
CTX_MV,D,20220718,000000,457.46,461.62,430.43,461.62,0,0
CTX_MV,D,20220719,000000,461.62,465.78,426.27,428.35,0,0
CTX_MV,D,20220720,000000,436.66,451.22,428.35,451.22,0,0
CTX_MV,D,20220721,000000,434.59,449.14,432.51,449.14,0,0
CTX_MV,D,20220722,000000,449.14,451.22,436.66,451.22,0,0
CTX_MV,D,20220725,000000,465.78,490.73,457.46,478.25,0,0
CTX_MV,D,20220726,000000,478.25,478.25,469.93,474.09,0,0
CTX_MV,D,20220727,000000,474.09,480.33,474.09,474.09,0,0
CTX_MV,D,20220728,000000,482.41,517.76,482.41,486.57,0,0
CTX_MV,D,20220729,000000,486.57,517.76,461.62,517.76,0,0
CTX_MV,D,20220801,000000,515.68,575.98,515.68,575.98,0,0
CTX_MV,D,20220802,000000,575.98,623.81,548.95,623.81,0,0
CTX_MV,D,20220803,000000,621.73,623.81,582.22,603.01,0,0
CTX_MV,D,20220804,000000,603.01,665.39,603.01,665.39,0,0
CTX_MV,D,20220805,000000,665.39,665.39,634.2,657.08,0,0
CTX_MV,D,20220808,000000,661.23,665.39,640.44,644.6,0,0
CTX_MV,D,20220809,000000,663.31,663.31,663.31,663.31,0,0
CTX_MV,D,20220810,000000,644.6,663.31,640.44,663.31,0,0
CTX_MV,D,20220811,000000,663.31,663.31,657.08,657.08,0,0
CTX_MV,D,20220812,000000,655,663.31,613.41,663.31,0,0
CTX_MV,D,20220816,000000,648.76,682.03,648.76,682.03,0,0
CTX_MV,D,20220817,000000,682.03,682.03,644.6,644.6,0,0
CTX_MV,D,20220818,000000,665.39,706.98,644.6,706.98,0,0
CTX_MV,D,20220819,000000,698.66,702.82,675.79,696.58,0,0
CTX_MV,D,20220822,000000,698.66,698.66,627.97,627.97,0,0
CTX_MV,D,20220823,000000,627.97,652.92,627.97,652.92,0,0
CTX_MV,D,20220824,000000,652.92,659.16,636.28,644.6,0,0
CTX_MV,D,20220825,000000,632.12,648.76,630.04,642.52,0,0
CTX_MV,D,20220826,000000,630.04,648.76,630.04,648.76,0,0
CTX_MV,D,20220829,000000,623.81,642.52,586.38,586.38,0,0
CTX_MV,D,20220830,000000,605.09,609.25,590.54,609.25,0,0
CTX_MV,D,20220831,000000,609.25,638.36,590.54,627.97,0,0
CTX_MV,D,20220901,000000,615.49,623.81,584.3,607.17,0,0
CTX_MV,D,20220902,000000,586.38,615.49,575.98,615.49,0,0
CTX_MV,D,20220905,000000,615.49,619.65,615.49,615.49,0,0
CTX_MV,D,20220906,000000,588.46,603.01,588.46,588.46,0,0
CTX_MV,D,20220907,000000,588.46,609.25,586.38,594.7,0,0
CTX_MV,D,20220908,000000,586.38,615.49,586.38,604.38,0,0
CTX_MV,D,20220909,000000,602.29,612.72,583.54,602.29,0,0
CTX_MV,D,20220912,000000,591.87,600.21,579.37,600.21,0,0
CTX_MV,D,20220913,000000,602.29,602.29,602.29,602.29,0,0
CTX_MV,D,20220914,000000,575.2,614.8,575.2,614.8,0,0
CTX_MV,D,20220915,000000,591.87,614.8,585.62,614.8,0,0
CTX_MV,D,20220916,000000,583.54,604.38,581.45,604.38,0,0
CTX_MV,D,20220919,000000,604.38,606.46,604.38,606.46,0,0
CTX_MV,D,20220920,000000,610.63,616.88,600.21,608.55,0,0
CTX_MV,D,20220921,000000,612.72,612.72,596.04,608.55,0,0
CTX_MV,D,20220922,000000,608.55,621.05,585.62,614.8,0,0
CTX_MV,D,20220923,000000,612.72,614.8,583.54,602.29,0,0
CTX_MV,D,20220926,000000,600.21,600.21,575.2,598.13,0,0
CTX_MV,D,20220927,000000,591.87,591.87,575.2,585.62,0,0
CTX_MV,D,20220928,000000,583.54,583.54,562.7,583.54,0,0
CTX_MV,D,20220929,000000,579.37,579.37,558.53,579.37,0,0
CTX_MV,D,20220930,000000,571.03,575.2,560.61,575.2,0,0
CTX_MV,D,20221003,000000,573.12,573.12,533.52,571.03,0,0
CTX_MV,D,20221004,000000,573.12,575.2,573.12,575.2,0,0
CTX_MV,D,20221005,000000,573.12,596.04,564.78,575.2,0,0
CTX_MV,D,20221006,000000,573.12,573.12,573.12,573.12,0,0
CTX_MV,D,20221007,000000,566.87,583.54,562.7,583.54,0,0
CTX_MV,D,20221010,000000,562.7,577.29,558.53,564.78,0,0
CTX_MV,D,20221011,000000,583.54,602.29,583.54,602.29,0,0
CTX_MV,D,20221012,000000,602.29,602.29,583.54,600.21,0,0
CTX_MV,D,20221013,000000,600.21,600.21,575.2,600.21,0,0
CTX_MV,D,20221014,000000,600.21,614.8,575.2,614.8,0,0
CTX_MV,D,20221017,000000,614.8,614.8,614.8,614.8,0,0
CTX_MV,D,20221018,000000,575.2,612.72,575.2,612.72,0,0
CTX_MV,D,20221019,000000,612.72,616.88,612.72,616.88,0,0
CTX_MV,D,20221020,000000,612.72,625.22,612.72,625.22,0,0
CTX_MV,D,20221021,000000,625.22,625.22,625.22,625.22,0,0
CTX_MV,D,20221024,000000,635.64,666.9,633.56,652.31,0,0
CTX_MV,D,20221025,000000,658.56,660.65,650.23,654.4,0,0
CTX_MV,D,20221026,000000,656.48,658.56,656.48,658.56,0,0
CTX_MV,D,20221027,000000,658.56,658.56,656.48,658.56,0,0
CTX_MV,D,20221028,000000,658.56,658.56,650.23,658.56,0,0
CTX_MV,D,20221031,000000,658.56,664.82,643.98,643.98,0,0
CTX_MV,D,20221102,000000,637.72,654.4,625.22,637.72,0,0
CTX_MV,D,20221103,000000,646.06,646.06,641.89,641.89,0,0
CTX_MV,D,20221104,000000,637.72,646.06,633.56,646.06,0,0
CTX_MV,D,20221107,000000,658.56,666.9,641.89,641.89,0,0
CTX_MV,D,20221108,000000,660.65,685.66,652.31,679.41,0,0
CTX_MV,D,20221109,000000,679.41,687.74,679.41,687.74,0,0
CTX_MV,D,20221110,000000,687.74,708.58,687.74,708.58,0,0
CTX_MV,D,20221114,000000,779.44,779.44,668.98,691.91,0,0
CTX_MV,D,20221115,000000,708.58,723.17,704.41,723.17,0,0
CTX_MV,D,20221116,000000,708.58,721.09,700.25,719,0,0
CTX_MV,D,20221117,000000,710.67,748.18,708.58,748.18,0,0
CTX_MV,D,20221118,000000,750.26,783.61,727.34,783.61,0,0
CTX_MV,D,20221121,000000,766.94,766.94,746.1,766.94,0,0
CTX_MV,D,20221122,000000,762.77,783.61,752.35,783.61,0,0
CTX_MV,D,20221123,000000,762.77,779.44,746.1,750.26,0,0
CTX_MV,D,20221124,000000,750.26,764.85,739.84,764.85,0,0
CTX_MV,D,20221125,000000,766.94,781.52,758.6,779.44,0,0
CTX_MV,D,20221128,000000,779.44,783.61,766.94,783.61,0,0
CTX_MV,D,20221129,000000,766.94,783.61,746.1,758.6,0,0
CTX_MV,D,20221130,000000,764.85,764.85,744.01,758.6,0,0
CTX_MV,D,20221201,000000,766.94,769.02,716.92,727.34,0,0
CTX_MV,D,20221202,000000,725.25,744.01,716.92,716.92,0,0
CTX_MV,D,20221205,000000,708.58,723.17,683.57,719,0,0
CTX_MV,D,20221206,000000,723.17,725.25,723.17,723.17,0,0
CTX_MV,D,20221207,000000,698.16,721.09,698.16,719,0,0
CTX_MV,D,20221208,000000,716.92,719,708.58,708.58,0,0
CTX_MV,D,20221209,000000,700.25,708.58,687.74,706.5,0,0
CTX_MV,D,20221212,000000,706.5,721.09,685.66,685.66,0,0
CTX_MV,D,20221213,000000,704.41,704.41,679.41,702.33,0,0
CTX_MV,D,20221214,000000,683.57,704.41,683.57,700.25,0,0
CTX_MV,D,20221215,000000,700.25,700.25,675.24,696.08,0,0
CTX_MV,D,20221216,000000,679.41,687.74,658.56,677.32,0,0
CTX_MV,D,20221219,000000,664.82,704.41,646.06,646.06,0,0
CTX_MV,D,20221220,000000,641.89,666.9,639.81,666.9,0,0
CTX_MV,D,20221221,000000,654.4,673.15,654.4,673.15,0,0
CTX_MV,D,20221222,000000,652.31,673.15,652.31,666.9,0,0
CTX_MV,D,20221223,000000,666.9,671.07,666.9,671.07,0,0
CTX_MV,D,20221227,000000,648.14,666.9,648.14,658.56,0,0
CTX_MV,D,20221228,000000,650.23,658.56,633.56,633.56,0,0
CTX_MV,D,20221229,000000,635.64,662.73,627.3,662.73,0,0
CTX_MV,D,20221230,000000,646.06,698.16,646.06,666.9,0,0
CTX_MV,D,20230102,000000,666.9,685.66,658.56,685.66,0,0
CTX_MV,D,20230103,000000,666.9,689.83,662.73,689.83,0,0
CTX_MV,D,20230104,000000,685.66,685.66,673.15,683.57,0,0
CTX_MV,D,20230105,000000,681.49,683.57,656.48,683.57,0,0
CTX_MV,D,20230109,000000,683.57,696.08,662.73,696.08,0,0
CTX_MV,D,20230110,000000,683.57,700.25,675.24,700.25,0,0
CTX_MV,D,20230111,000000,696.08,708.58,691.91,708.58,0,0
CTX_MV,D,20230112,000000,712.75,739.84,712.75,733.59,0,0
CTX_MV,D,20230113,000000,737.76,754.43,729.42,752.35,0,0
CTX_MV,D,20230116,000000,752.35,766.94,746.1,748.18,0,0
CTX_MV,D,20230117,000000,762.77,762.77,737.76,754.43,0,0
CTX_MV,D,20230118,000000,758.6,760.68,750.26,758.6,0,0
CTX_MV,D,20230119,000000,750.26,750.26,733.59,733.59,0,0
CTX_MV,D,20230120,000000,727.34,748.18,727.34,741.93,0,0
CTX_MV,D,20230123,000000,741.93,741.93,725.25,741.93,0,0
CTX_MV,D,20230124,000000,733.59,748.18,723.17,748.18,0,0
CTX_MV,D,20230125,000000,729.42,748.18,725.25,725.25,0,0
CTX_MV,D,20230126,000000,741.93,741.93,741.93,741.93,0,0
CTX_MV,D,20230127,000000,725.25,741.93,725.25,737.76,0,0
CTX_MV,D,20230130,000000,754.43,754.43,721.09,744.01,0,0
CTX_MV,D,20230131,000000,716.92,750.26,716.92,750.26,0,0
CTX_MV,D,20230201,000000,750.26,750.26,733.59,746.1,0,0
CTX_MV,D,20230202,000000,746.1,746.1,731.51,737.76,0,0
CTX_MV,D,20230203,000000,737.76,739.84,719,729.42,0,0
CTX_MV,D,20230206,000000,727.34,729.42,712.75,729.42,0,0
CTX_MV,D,20230207,000000,721.09,729.42,721.09,729.42,0,0
CTX_MV,D,20230208,000000,708.58,725.25,708.58,725.25,0,0
CTX_MV,D,20230209,000000,725.25,725.25,704.41,712.75,0,0
CTX_MV,D,20230210,000000,675.24,698.72,671.07,698.72,0,0
CTX_MV,D,20230213,000000,698.72,713.45,698.72,707.14,0,0
CTX_MV,D,20230214,000000,711.35,713.45,698.72,705.03,0,0
CTX_MV,D,20230215,000000,705.03,707.14,686.09,707.14,0,0
CTX_MV,D,20230216,000000,694.51,717.66,690.3,715.56,0,0
CTX_MV,D,20230217,000000,715.56,723.97,683.99,723.97,0,0
CTX_MV,D,20230220,000000,723.97,723.97,723.97,723.97,0,0
CTX_MV,D,20230221,000000,723.97,753.44,723.97,730.29,0,0
CTX_MV,D,20230222,000000,730.29,745.02,719.76,745.02,0,0
CTX_MV,D,20230223,000000,732.39,751.33,732.39,745.02,0,0
CTX_MV,D,20230224,000000,736.6,740.81,730.29,734.5,0,0
CTX_MV,D,20230227,000000,717.66,740.81,717.66,736.6,0,0
CTX_MV,D,20230228,000000,736.6,736.6,732.39,736.6,0,0
CTX_MV,D,20230301,000000,717.66,734.5,717.66,734.5,0,0
CTX_MV,D,20230302,000000,734.5,736.6,719.76,736.6,0,0
CTX_MV,D,20230303,000000,736.6,736.6,719.76,734.5,0,0
CTX_MV,D,20230306,000000,734.5,749.23,734.5,749.23,0,0
CTX_MV,D,20230307,000000,736.6,740.81,707.14,728.18,0,0
CTX_MV,D,20230308,000000,728.18,732.39,681.88,705.03,0,0
CTX_MV,D,20230309,000000,696.61,719.76,696.61,719.76,0,0
CTX_MV,D,20230310,000000,719.76,719.76,667.15,671.36,0,0
CTX_MV,D,20230313,000000,673.46,694.51,658.73,683.99,0,0
CTX_MV,D,20230314,000000,683.99,683.99,644,660.84,0,0
CTX_MV,D,20230315,000000,652.42,679.78,629.27,639.79,0,0
CTX_MV,D,20230316,000000,627.16,631.37,595.59,614.54,0,0
CTX_MV,D,20230317,000000,614.54,631.37,589.28,604.01,0,0
CTX_MV,D,20230320,000000,604.01,618.74,589.28,604.01,0,0
CTX_MV,D,20230321,000000,601.91,629.27,589.28,614.54,0,0
CTX_MV,D,20230322,000000,614.54,629.27,597.7,629.27,0,0
CTX_MV,D,20230323,000000,622.95,622.95,610.33,620.85,0,0
CTX_MV,D,20230324,000000,606.12,622.95,597.7,620.85,0,0
CTX_MV,D,20230327,000000,599.8,618.74,599.8,604.01,0,0
CTX_MV,D,20230328,000000,618.74,648.21,618.74,641.9,0,0
CTX_MV,D,20230329,000000,644,650.31,639.79,644,0,0
CTX_MV,D,20230330,000000,650.31,650.31,646.1,646.1,0,0
CTX_MV,D,20230331,000000,652.42,654.52,648.21,654.52,0,0
CTX_MV,D,20230403,000000,654.52,654.52,633.48,633.48,0,0
CTX_MV,D,20230404,000000,622.95,652.42,614.54,644,0,0
CTX_MV,D,20230405,000000,652.42,658.73,635.58,635.58,0,0
CTX_MV,D,20230406,000000,635.58,650.31,631.37,648.21,0,0
CTX_MV,D,20230411,000000,631.37,652.42,618.74,652.42,0,0
CTX_MV,D,20230412,000000,656.63,683.99,627.16,683.99,0,0
CTX_MV,D,20230413,000000,681.88,681.88,656.63,656.63,0,0
CTX_MV,D,20230414,000000,673.46,681.88,656.63,681.88,0,0
CTX_MV,D,20230417,000000,681.88,694.51,677.67,694.51,0,0
CTX_MV,D,20230418,000000,694.51,694.51,673.46,694.51,0,0
CTX_MV,D,20230419,000000,688.2,688.2,646.1,673.46,0,0
CTX_MV,D,20230420,000000,692.41,694.51,656.63,686.09,0,0
CTX_MV,D,20230421,000000,692.41,692.41,673.46,688.2,0,0
CTX_MV,D,20230424,000000,667.15,700.82,652.42,673.46,0,0
CTX_MV,D,20230425,000000,665.05,686.09,662.94,686.09,0,0
CTX_MV,D,20230426,000000,660.84,683.99,656.63,683.99,0,0
CTX_MV,D,20230427,000000,681.88,683.99,658.73,683.99,0,0
CTX_MV,D,20230428,000000,660.84,694.51,660.84,694.51,0,0
CTX_MV,D,20230502,000000,675.57,692.41,673.46,692.41,0,0
CTX_MV,D,20230504,000000,681.88,694.51,681.88,694.51,0,0
CTX_MV,D,20230505,000000,686.09,694.51,673.46,694.51,0,0
CTX_MV,D,20230508,000000,690.3,690.3,667.15,690.3,0,0
CTX_MV,D,20230510,000000,665.05,683.99,665.05,683.99,0,0
CTX_MV,D,20230511,000000,669.25,686.09,665.05,686.09,0,0
CTX_MV,D,20230512,000000,677.67,683.99,673.46,683.99,0,0
CTX_MV,D,20230515,000000,677.67,683.99,677.67,683.99,0,0
CTX_MV,D,20230516,000000,660.84,690.3,660.84,690.3,0,0
CTX_MV,D,20230517,000000,694.51,694.51,686.09,694.51,0,0
CTX_MV,D,20230518,000000,679.78,692.41,673.46,692.41,0,0
CTX_MV,D,20230519,000000,673.46,681.88,665.05,673.46,0,0
CTX_MV,D,20230522,000000,673.46,690.3,665.05,690.3,0,0
CTX_MV,D,20230523,000000,690.3,692.41,681.88,690.3,0,0
CTX_MV,D,20230524,000000,673.46,690.3,673.46,686.09,0,0
CTX_MV,D,20230525,000000,686.09,686.09,677.67,686.09,0,0
CTX_MV,D,20230526,000000,675.57,681.88,675.57,681.88,0,0
CTX_MV,D,20230529,000000,688.2,690.3,665.05,681.88,0,0
CTX_MV,D,20230530,000000,677.67,681.88,677.67,681.88,0,0
CTX_MV,D,20230531,000000,675.57,686.09,673.46,677.67,0,0
CTX_MV,D,20230601,000000,665.05,677.67,665.05,677.67,0,0
CTX_MV,D,20230602,000000,662.94,677.67,662.94,677.67,0,0
CTX_MV,D,20230605,000000,654.52,683.99,654.52,683.99,0,0
CTX_MV,D,20230606,000000,665.05,683.99,665.05,683.99,0,0
CTX_MV,D,20230607,000000,654.52,673.46,652.42,652.42,0,0
CTX_MV,D,20230609,000000,644,665.05,639.79,665.05,0,0
CTX_MV,D,20230612,000000,639.79,665.05,639.79,665.05,0,0
CTX_MV,D,20230613,000000,652.42,665.05,644,665.05,0,0
CTX_MV,D,20230614,000000,660.84,673.46,660.84,673.46,0,0
CTX_MV,D,20230616,000000,654.52,662.94,644,650.31,0,0
CTX_MV,D,20230619,000000,644,644,644,644,0,0
CTX_MV,D,20230620,000000,644,652.42,622.95,637.69,0,0
CTX_MV,D,20230621,000000,616.64,673.46,616.64,669.25,0,0
CTX_MV,D,20230622,000000,665.05,673.46,646.1,667.15,0,0
CTX_MV,D,20230623,000000,669.25,669.25,646.1,669.25,0,0
CTX_MV,D,20230626,000000,652.42,652.42,652.42,652.42,0,0
CTX_MV,D,20230627,000000,635.58,648.21,614.54,620.85,0,0
CTX_MV,D,20230628,000000,631.37,631.37,622.95,622.95,0,0
CTX_MV,D,20230629,000000,627.16,652.42,627.16,627.16,0,0
CTX_MV,D,20230630,000000,627.16,644,627.16,639.79,0,0
CTX_MV,D,20230703,000000,635.58,635.58,612.43,627.16,0,0
CTX_MV,D,20230704,000000,622.95,622.95,610.33,616.64,0,0
CTX_MV,D,20230705,000000,612.43,614.54,610.33,610.33,0,0
CTX_MV,D,20230706,000000,610.33,610.33,599.8,610.33,0,0
CTX_MV,D,20230707,000000,610.33,610.33,601.91,601.91,0,0
CTX_MV,D,20230710,000000,599.8,599.8,589.28,593.49,0,0
CTX_MV,D,20230711,000000,593.49,618.74,589.28,618.74,0,0
CTX_MV,D,20230712,000000,591.39,618.74,591.39,618.74,0,0
CTX_MV,D,20230713,000000,614.54,616.64,591.39,614.54,0,0
CTX_MV,D,20230714,000000,614.54,614.54,610.33,614.54,0,0
CTX_MV,D,20230717,000000,614.54,614.54,591.39,612.43,0,0
CTX_MV,D,20230718,000000,614.54,618.74,601.91,612.43,0,0
CTX_MV,D,20230719,000000,593.49,612.43,593.49,612.43,0,0
CTX_MV,D,20230720,000000,610.33,610.33,582.97,606.12,0,0
CTX_MV,D,20230721,000000,585.07,601.91,585.07,601.91,0,0
CTX_MV,D,20230724,000000,595.59,601.91,587.18,587.18,0,0
CTX_MV,D,20230725,000000,587.18,587.18,555.61,568.24,0,0
CTX_MV,D,20230726,000000,576.65,589.28,568.24,585.07,0,0
CTX_MV,D,20230727,000000,585.07,585.07,566.13,585.07,0,0
CTX_MV,D,20230728,000000,572.44,601.91,572.44,589.28,0,0
CTX_MV,D,20230731,000000,593.49,593.49,572.44,593.49,0,0
CTX_MV,D,20230801,000000,589.28,589.28,564.03,587.18,0,0
CTX_MV,D,20230802,000000,570.34,585.07,570.34,585.07,0,0
CTX_MV,D,20230803,000000,582.97,582.97,574.55,580.86,0,0
CTX_MV,D,20230804,000000,576.65,576.65,559.82,572.44,0,0
CTX_MV,D,20230807,000000,559.82,566.13,559.82,564.03,0,0
CTX_MV,D,20230808,000000,551.4,561.92,542.98,557.71,0,0
CTX_MV,D,20230809,000000,547.19,555.61,540.88,553.5,0,0
CTX_MV,D,20230810,000000,553.5,553.5,534.56,549.29,0,0
CTX_MV,D,20230811,000000,538.77,547.19,505.1,542.98,0,0
CTX_MV,D,20230814,000000,542.98,545.08,542.98,545.08,0,0
CTX_MV,D,20230816,000000,538.77,538.77,526.14,532.46,0,0
CTX_MV,D,20230817,000000,526.14,526.14,519.83,526.14,0,0
CTX_MV,D,20230818,000000,519.83,519.83,511.41,519.11,0,0
CTX_MV,D,20230821,000000,527.56,527.56,508.56,519.11,0,0
CTX_MV,D,20230822,000000,514.89,531.78,514.89,527.56,0,0
CTX_MV,D,20230823,000000,527.56,527.56,514.89,527.56,0,0
CTX_MV,D,20230824,000000,527.56,527.56,519.11,519.11,0,0
CTX_MV,D,20230825,000000,517,523.33,517,523.33,0,0
CTX_MV,D,20230828,000000,519.11,531.78,519.11,531.78,0,0
CTX_MV,D,20230829,000000,531.78,531.78,531.78,531.78,0,0
CTX_MV,D,20230830,000000,517,529.67,512.78,529.67,0,0
CTX_MV,D,20230831,000000,529.67,531.78,527.56,531.78,0,0
CTX_MV,D,20230901,000000,531.78,540.22,519.11,540.22,0,0
CTX_MV,D,20230904,000000,540.22,540.22,525.44,540.22,0,0
CTX_MV,D,20230905,000000,523.33,540.22,523.33,540.22,0,0
CTX_MV,D,20230906,000000,531.78,531.78,519.11,519.11,0,0
CTX_MV,D,20230907,000000,514.89,514.89,506.45,510.67,0,0
CTX_MV,D,20230908,000000,527.56,531.78,506.45,506.45,0,0
CTX_MV,D,20230911,000000,508.56,510.67,498.01,506.45,0,0
CTX_MV,D,20230912,000000,506.45,529.67,498.01,529.67,0,0
CTX_MV,D,20230913,000000,527.56,527.56,500.12,506.45,0,0
CTX_MV,D,20230914,000000,508.56,508.56,493.79,498.01,0,0
CTX_MV,D,20230915,000000,500.12,512.78,487.46,506.45,0,0
CTX_MV,D,20230918,000000,510.67,519.11,510.67,519.11,0,0
CTX_MV,D,20230919,000000,500.12,506.45,487.46,502.23,0,0
CTX_MV,D,20230920,000000,498.01,500.12,491.68,496.75,0,0
CTX_MV,D,20230921,000000,498.87,498.87,488.26,488.26,0,0
CTX_MV,D,20230922,000000,486.13,560.43,486.13,509.49,0,0
CTX_MV,D,20230925,000000,496.75,513.73,488.26,513.73,0,0
CTX_MV,D,20230926,000000,477.64,500.99,471.27,475.52,0,0
CTX_MV,D,20230927,000000,494.63,496.75,471.27,496.75,0,0
CTX_MV,D,20230928,000000,473.4,496.75,469.15,481.89,0,0
CTX_MV,D,20230929,000000,481.89,481.89,467.03,467.03,0,0
CTX_MV,D,20231002,000000,467.03,467.03,437.31,452.17,0,0
CTX_MV,D,20231003,000000,439.43,452.17,424.57,424.57,0,0
CTX_MV,D,20231004,000000,433.06,437.31,424.57,437.31,0,0
CTX_MV,D,20231005,000000,426.69,437.31,424.57,437.31,0,0
CTX_MV,D,20231006,000000,424.57,437.31,411.83,437.31,0,0
CTX_MV,D,20231009,000000,441.55,441.55,433.06,441.55,0,0
CTX_MV,D,20231010,000000,437.31,437.31,437.31,437.31,0,0
CTX_MV,D,20231011,000000,435.19,435.19,424.57,424.57,0,0
CTX_MV,D,20231012,000000,424.57,430.94,424.57,430.94,0,0
CTX_MV,D,20231013,000000,424.57,424.57,401.64,401.64,0,0
CTX_MV,D,20231016,000000,416.08,424.57,405.89,424.57,0,0
CTX_MV,D,20231017,000000,422.87,443.68,422.87,428.82,0,0
CTX_MV,D,20231018,000000,443.68,443.68,428.82,439.43,0,0
CTX_MV,D,20231019,000000,454.29,454.29,439.43,452.17,0,0
CTX_MV,D,20231020,000000,443.68,452.17,443.68,450.05,0,0
CTX_MV,D,20231023,000000,450.05,462.78,445.8,462.78,0,0
CTX_MV,D,20231024,000000,462.78,506.38,462.78,506.38,0,0
CTX_MV,D,20231025,000000,490.12,490.12,469.22,485.48,0,0
CTX_MV,D,20231026,000000,466.89,504.06,455.28,462.71,0,0
CTX_MV,D,20231027,000000,462.71,464.57,462.71,464.57,0,0
CTX_MV,D,20231030,000000,464.57,483.15,455.28,469.22,0,0
CTX_MV,D,20231031,000000,478.51,478.51,455.28,459.93,0,0
CTX_MV,D,20231102,000000,457.14,469.22,457.14,464.57,0,0
CTX_MV,D,20231103,000000,455.28,478.51,455.28,478.51,0,0
CTX_MV,D,20231106,000000,473.86,473.86,464.57,466.89,0,0
CTX_MV,D,20231107,000000,473.86,473.86,461.78,461.78,0,0
CTX_MV,D,20231108,000000,473.86,476.19,463.64,463.64,0,0
CTX_MV,D,20231109,000000,464.57,464.57,455.28,464.57,0,0
CTX_MV,D,20231110,000000,471.54,471.54,448.78,463.64,0,0
CTX_MV,D,20231113,000000,450.63,459.93,448.78,448.78,0,0
CTX_MV,D,20231114,000000,459,478.51,448.78,452.49,0,0
CTX_MV,D,20231115,000000,452.49,459.93,441.34,447.85,0,0
CTX_MV,D,20231116,000000,450.63,450.63,441.34,445.99,0,0
CTX_MV,D,20231117,000000,442.27,442.27,440.41,440.41,0,0
CTX_MV,D,20231120,000000,439.48,442.27,419.04,430.19,0,0
CTX_MV,D,20231121,000000,430.19,430.19,414.4,422.76,0,0
CTX_MV,D,20231122,000000,419.04,420.9,412.54,418.11,0,0
CTX_MV,D,20231123,000000,415.33,415.33,406.04,408.82,0,0
CTX_MV,D,20231124,000000,407.89,407.89,390.24,400.46,0,0
CTX_MV,D,20231127,000000,404.18,404.18,397.67,399.53,0,0
CTX_MV,D,20231128,000000,399.53,413.47,399.53,403.25,0,0
CTX_MV,D,20231129,000000,405.11,412.54,402.32,406.04,0,0
CTX_MV,D,20231130,000000,407.89,411.61,406.04,411.61,0,0
CTX_MV,D,20231201,000000,411.61,413.47,380.95,402.32,0,0
CTX_MV,D,20231204,000000,411.61,417.18,402.32,417.18,0,0
CTX_MV,D,20231205,000000,420.9,446.92,418.11,446.92,0,0
CTX_MV,D,20231206,000000,455.28,461.78,445.99,450.63,0,0
CTX_MV,D,20231207,000000,457.14,458.07,450.63,456.21,0,0
CTX_MV,D,20231208,000000,456.21,466.89,455.28,464.57,0,0
CTX_MV,D,20231211,000000,445.99,466.89,445.99,466.89,0,0
CTX_MV,D,20231212,000000,466.89,466.89,458.07,466.89,0,0
CTX_MV,D,20231213,000000,464.57,466.89,459.93,466.89,0,0
CTX_MV,D,20231214,000000,466.89,487.8,464.57,487.8,0,0
CTX_MV,D,20231215,000000,494.77,506.38,487.8,499.41,0,0
CTX_MV,D,20231218,000000,499.41,501.74,492.45,501.74,0,0
CTX_MV,D,20231219,000000,501.74,501.74,473.86,492.45,0,0
CTX_MV,D,20231220,000000,490.12,490.12,469.22,473.86,0,0
CTX_MV,D,20231221,000000,459.93,473.86,453.42,459.93,0,0
CTX_MV,D,20231222,000000,463.64,464.57,458.07,459.93,0,0
CTX_MV,D,20231227,000000,462.71,476.19,458.07,459.93,0,0
CTX_MV,D,20231228,000000,464.57,464.57,460.85,464.57,0,0
CTX_MV,D,20231229,000000,461.78,476.19,459.93,459.93,0,0
CTX_MV,D,20240102,000000,464.57,473.86,457.14,464.57,0,0
CTX_MV,D,20240103,000000,464.57,466.89,463.64,464.57,0,0
CTX_MV,D,20240104,000000,464.57,471.54,464.57,469.22,0,0
CTX_MV,D,20240105,000000,469.22,471.54,462.71,469.22,0,0
CTX_MV,D,20240108,000000,461.78,469.22,461.78,464.57,0,0
CTX_MV,D,20240109,000000,469.22,471.54,469.22,471.54,0,0
CTX_MV,D,20240110,000000,471.54,473.86,464.57,473.86,0,0
CTX_MV,D,20240111,000000,464.57,471.54,464.57,471.54,0,0
CTX_MV,D,20240112,000000,469.22,473.86,463.64,463.64,0,0
CTX_MV,D,20240115,000000,450.63,462.71,445.99,458.07,0,0
CTX_MV,D,20240116,000000,459.93,459.93,450.63,450.63,0,0
CTX_MV,D,20240117,000000,446.92,459.93,445.06,459.93,0,0
CTX_MV,D,20240118,000000,459.93,459.93,445.06,459.93,0,0
CTX_MV,D,20240119,000000,445.99,459,445.99,459,0,0
CTX_MV,D,20240122,000000,455.28,459.93,449.7,455.28,0,0
CTX_MV,D,20240123,000000,459,459.93,446.92,459,0,0
CTX_MV,D,20240124,000000,450.63,457.14,450.63,457.14,0,0
CTX_MV,D,20240125,000000,457.14,457.14,457.14,457.14,0,0
CTX_MV,D,20240126,000000,457.14,457.14,445.99,454.35,0,0
CTX_MV,D,20240129,000000,454.35,454.35,440.41,450.63,0,0
CTX_MV,D,20240130,000000,445.99,450.63,445.99,449.7,0,0
CTX_MV,D,20240131,000000,441.34,441.34,432.05,441.34,0,0
CTX_MV,D,20240201,000000,441.34,452.49,441.34,452.49,0,0
CTX_MV,D,20240202,000000,452.49,452.49,451.56,452.49,0,0
CTX_MV,D,20240205,000000,444.13,451.56,443.2,451.56,0,0
CTX_MV,D,20240206,000000,443.2,450.63,441.34,450.63,0,0
CTX_MV,D,20240207,000000,449.7,449.7,441.34,441.34,0,0
CTX_MV,D,20240208,000000,441.34,441.34,432.05,436.7,0,0
CTX_MV,D,20240209,000000,432.05,439.48,422.76,432.05,0,0
CTX_MV,D,20240212,000000,432.05,436.7,418.11,431.12,0,0
CTX_MV,D,20240213,000000,418.11,429.26,418.11,422.76,0,0
CTX_MV,D,20240214,000000,423.69,424.62,418.11,423.69,0,0
CTX_MV,D,20240215,000000,422.76,432.05,422.76,432.05,0,0
CTX_MV,D,20240216,000000,432.05,433.91,418.11,433.91,0,0
CTX_MV,D,20240219,000000,419.97,441.34,419.97,438.56,0,0
CTX_MV,D,20240220,000000,438.56,438.56,419.04,436.7,0,0
CTX_MV,D,20240221,000000,436.7,440.41,436.7,436.7,0,0
CTX_MV,D,20240222,000000,436.7,436.7,436.7,436.7,0,0
CTX_MV,D,20240223,000000,424.62,432.98,419.97,432.05,0,0
CTX_MV,D,20240226,000000,435.77,435.77,434.84,435.77,0,0
CTX_MV,D,20240227,000000,432.05,439.48,430.19,434.84,0,0
CTX_MV,D,20240228,000000,429.26,429.26,417.18,427.41,0,0
CTX_MV,D,20240229,000000,427.41,429.26,419.04,419.04,0,0
CTX_MV,D,20240301,000000,419.04,431.12,417.18,422.76,0,0
CTX_MV,D,20240304,000000,427.41,427.41,406.04,418.11,0,0
CTX_MV,D,20240305,000000,406.04,420.9,406.04,420.9,0,0
CTX_MV,D,20240306,000000,414.4,415.33,414.4,415.33,0,0
CTX_MV,D,20240307,000000,407.89,407.89,388.38,393.96,0,0
CTX_MV,D,20240308,000000,393.96,393.96,361.44,372.59,0,0
CTX_MV,D,20240311,000000,371.66,371.66,311.26,311.26,0,0
CTX_MV,D,20240312,000000,308.48,308.48,288.03,297.33,0,0
CTX_MV,D,20240313,000000,303.83,322.41,303.83,322.41,0,0
CTX_MV,D,20240314,000000,325.2,325.2,318.7,320.55,0,0
CTX_MV,D,20240315,000000,315.91,315.91,301.04,304.76,0,0
CTX_MV,D,20240318,000000,304.76,309.4,289.89,298.25,0,0
CTX_MV,D,20240319,000000,294.54,295.47,284.32,286.18,0,0
CTX_MV,D,20240320,000000,288.96,292.68,282.46,292.68,0,0
CTX_MV,D,20240321,000000,292.68,292.68,283.39,288.03,0,0
CTX_MV,D,20240322,000000,295.47,295.47,287.11,291.75,0,0
CTX_MV,D,20240325,000000,292.68,298.25,288.03,288.03,0,0
CTX_MV,D,20240326,000000,289.89,297.33,289.89,297.33,0,0
CTX_MV,D,20240327,000000,297.33,300.11,291.75,300.11,0,0
CTX_MV,D,20240328,000000,300.11,301.97,274.1,292.68,0,0
CTX_MV,D,20240402,000000,304.76,304.76,278.74,282.46,0,0
CTX_MV,D,20240403,000000,282.46,306.62,281.53,306.62,0,0
CTX_MV,D,20240404,000000,303.83,315.91,290.82,315.91,0,0
CTX_MV,D,20240405,000000,315.91,329.85,311.26,320.55,0,0
CTX_MV,D,20240408,000000,321.48,333.56,320.55,320.55,0,0
CTX_MV,D,20240409,000000,334.49,342.85,334.49,339.14,0,0
CTX_MV,D,20240410,000000,337.28,348.43,326.13,348.43,0,0
CTX_MV,D,20240411,000000,350.29,371.66,346.57,371.66,0,0
CTX_MV,D,20240412,000000,379.09,384.66,367.01,376.3,0,0
CTX_MV,D,20240415,000000,367.01,381.88,367.01,367.01,0,0
CTX_MV,D,20240416,000000,378.16,380.02,367.01,367.94,0,0
CTX_MV,D,20240417,000000,379.09,380.95,368.87,380.02,0,0
CTX_MV,D,20240418,000000,380.02,382.81,377.23,382.81,0,0
CTX_MV,D,20240419,000000,381.88,381.88,372.59,372.59,0,0
CTX_MV,D,20240422,000000,380.95,380.95,371.66,371.66,0,0
CTX_MV,D,20240423,000000,379.09,379.09,367.94,377.23,0,0
CTX_MV,D,20240424,000000,380.95,380.95,370.73,377.23,0,0
CTX_MV,D,20240425,000000,380.02,380.02,370.73,371.66,0,0
CTX_MV,D,20240426,000000,371.66,371.66,370.73,370.73,0,0
CTX_MV,D,20240429,000000,370.73,371.66,370.73,370.73,0,0
CTX_MV,D,20240430,000000,370.73,384.66,370.73,371.66,0,0
CTX_MV,D,20240502,000000,384.66,385.59,370.73,385.59,0,0
CTX_MV,D,20240506,000000,385.59,401.39,371.66,371.66,0,0
CTX_MV,D,20240507,000000,376.3,385.59,376.3,384.66,0,0
CTX_MV,D,20240508,000000,376.3,380.95,352.14,368.87,0,0
CTX_MV,D,20240509,000000,373.52,373.52,362.37,362.37,0,0
CTX_MV,D,20240510,000000,362.37,370.73,345.64,354.93,0,0
CTX_MV,D,20240513,000000,354,367.01,349.36,357.72,0,0
CTX_MV,D,20240514,000000,357.72,360.51,337.28,358.65,0,0
CTX_MV,D,20240515,000000,358.65,359.58,338.21,358.65,0,0
CTX_MV,D,20240516,000000,347.5,357.72,341,353.07,0,0
CTX_MV,D,20240517,000000,343.78,357.72,343.78,353.07,0,0
CTX_MV,D,20240520,000000,359.58,361.44,343.78,353.07,0,0
CTX_MV,D,20240521,000000,361.44,361.44,354.93,354.93,0,0
CTX_MV,D,20240522,000000,355.86,362.37,355.86,362.37,0,0
CTX_MV,D,20240523,000000,354,365.15,354,364.22,0,0
CTX_MV,D,20240524,000000,364.22,364.22,350.29,353.07,0,0
CTX_MV,D,20240527,000000,353.07,353.07,347.5,347.5,0,0
CTX_MV,D,20240528,000000,347.5,365.15,345.64,365.15,0,0
CTX_MV,D,20240529,000000,364.22,364.22,351.22,352.14,0,0
CTX_MV,D,20240531,000000,348.43,348.43,338.21,339.14,0,0
CTX_MV,D,20240603,000000,339.14,348.43,338.21,338.21,0,0
CTX_MV,D,20240604,000000,338.21,348.43,338.21,348.43,0,0
CTX_MV,D,20240605,000000,364.22,364.22,324.27,339.14,0,0
CTX_MV,D,20240606,000000,339.14,339.14,325.2,332.63,0,0
CTX_MV,D,20240607,000000,331.7,343.78,323.34,343.78,0,0
CTX_MV,D,20240610,000000,343.78,343.78,326.13,331.7,0,0
CTX_MV,D,20240611,000000,331.7,331.7,325.2,325.2,0,0
CTX_MV,D,20240612,000000,330.77,330.77,322.41,329.85,0,0
CTX_MV,D,20240613,000000,341.92,366.08,331.7,366.08,0,0
CTX_MV,D,20240614,000000,367.01,367.01,343.78,367.01,0,0
CTX_MV,D,20240617,000000,367.01,367.01,343.78,343.78,0,0
CTX_MV,D,20240618,000000,343.78,367.01,343.78,367.01,0,0
CTX_MV,D,20240619,000000,362.37,367.01,362.37,362.37,0,0
CTX_MV,D,20240620,000000,367.01,367.01,362.37,366.08,0,0
CTX_MV,D,20240621,000000,366.08,371.66,362.37,371.66,0,0
CTX_MV,D,20240624,000000,371.66,371.66,349.36,371.66,0,0
CTX_MV,D,20240625,000000,375.37,375.37,349.36,365.15,0,0
CTX_MV,D,20240626,000000,354.93,373.52,354,372.59,0,0
CTX_MV,D,20240627,000000,354.93,367.94,344.71,367.94,0,0
CTX_MV,D,20240628,000000,353.07,359.58,349.36,359.58,0,0
CTX_MV,D,20240701,000000,359.58,359.58,353.07,358.11,0,0
CTX_MV,D,20240702,000000,354.38,354.38,345.05,348.78,0,0
CTX_MV,D,20240703,000000,345.05,347.85,327.33,343.19,0,0
CTX_MV,D,20240704,000000,336.66,338.52,324.53,334.79,0,0
CTX_MV,D,20240705,000000,336.66,336.66,326.4,332.93,0,0
CTX_MV,D,20240708,000000,335.72,346.92,332.93,346.92,0,0
CTX_MV,D,20240709,000000,340.39,373.03,340.39,363.7,0,0
CTX_MV,D,20240710,000000,370.23,370.23,354.38,358.11,0,0
CTX_MV,D,20240711,000000,359.04,363.7,352.51,363.7,0,0
CTX_MV,D,20240712,000000,353.44,368.36,353.44,368.36,0,0
CTX_MV,D,20240715,000000,368.36,368.36,354.38,363.7,0,0
CTX_MV,D,20240716,000000,366.5,366.5,354.38,363.7,0,0
CTX_MV,D,20240717,000000,355.31,368.36,355.31,363.7,0,0
CTX_MV,D,20240718,000000,360.9,364.63,356.24,356.24,0,0
CTX_MV,D,20240719,000000,356.24,363.7,351.58,363.7,0,0
CTX_MV,D,20240722,000000,363.7,372.1,359.04,372.1,0,0
CTX_MV,D,20240723,000000,374.89,377.69,367.43,374.89,0,0
CTX_MV,D,20240724,000000,377.69,377.69,366.5,368.36,0,0
CTX_MV,D,20240725,000000,367.43,367.43,354.38,359.04,0,0
CTX_MV,D,20240726,000000,359.04,367.43,357.17,367.43,0,0
CTX_MV,D,20240729,000000,367.43,367.43,357.17,357.17,0,0
CTX_MV,D,20240730,000000,362.77,362.77,356.24,361.84,0,0
CTX_MV,D,20240731,000000,359.04,375.83,359.04,375.83,0,0
CTX_MV,D,20240801,000000,368.36,390.75,368.36,387.02,0,0
CTX_MV,D,20240802,000000,386.08,386.08,377.69,382.35,0,0
CTX_MV,D,20240805,000000,377.69,377.69,349.71,364.63,0,0
CTX_MV,D,20240806,000000,364.63,382.35,364.63,382.35,0,0
CTX_MV,D,20240807,000000,385.15,385.15,374.89,383.29,0,0
CTX_MV,D,20240808,000000,383.29,383.29,374.89,381.42,0,0
CTX_MV,D,20240809,000000,375.83,380.49,373.96,374.89,0,0
CTX_MV,D,20240812,000000,375.83,383.29,375.83,375.83,0,0
CTX_MV,D,20240813,000000,377.69,377.69,373.03,373.03,0,0
CTX_MV,D,20240814,000000,373.03,377.69,371.16,373.03,0,0
CTX_MV,D,20240816,000000,373.03,377.69,368.36,373.03,0,0
CTX_MV,D,20240819,000000,368.36,377.69,368.36,377.69,0,0
CTX_MV,D,20240820,000000,377.69,377.69,373.03,377.69,0,0
CTX_MV,D,20240821,000000,373.03,383.29,371.16,376.76,0,0
CTX_MV,D,20240822,000000,380.49,380.49,374.89,376.76,0,0
CTX_MV,D,20240823,000000,391.68,391.68,368.36,377.69,0,0
CTX_MV,D,20240826,000000,377.69,377.69,360.9,362.77,0,0
CTX_MV,D,20240827,000000,360.9,360.9,344.12,353.44,0,0
CTX_MV,D,20240828,000000,352.51,352.51,343.19,349.71,0,0
CTX_MV,D,20240829,000000,347.85,358.11,345.05,358.11,0,0
CTX_MV,D,20240830,000000,354.38,360.9,354.38,356.24,0,0
CTX_MV,D,20240902,000000,354.38,357.17,345.05,352.51,0,0
CTX_MV,D,20240903,000000,349.71,354.38,349.71,354.38,0,0
CTX_MV,D,20240904,000000,349.71,353.44,345.05,345.05,0,0
CTX_MV,D,20240905,000000,345.05,352.51,345.05,352.51,0,0
CTX_MV,D,20240906,000000,352.51,381.42,352.51,381.42,0,0
CTX_MV,D,20240909,000000,386.08,386.08,373.03,377.69,0,0
CTX_MV,D,20240910,000000,377.69,377.69,368.36,368.36,0,0
CTX_MV,D,20240911,000000,368.36,368.36,362.77,368.36,0,0
CTX_MV,D,20240912,000000,368.36,368.36,354.38,359.04,0,0
CTX_MV,D,20240913,000000,359.04,363.7,354.38,359.04,0,0
CTX_MV,D,20240916,000000,361.84,361.84,361.84,361.84,0,0
CTX_MV,D,20240917,000000,361.84,363.7,358.11,358.11,0,0
CTX_MV,D,20240918,000000,357.17,357.17,338.52,342.25,0,0
CTX_MV,D,20240919,000000,344.12,357.17,340.39,356.24,0,0
CTX_MV,D,20240920,000000,356.24,356.24,345.98,345.98,0,0
CTX_MV,D,20240923,000000,345.05,354.38,342.25,354.38,0,0
CTX_MV,D,20240924,000000,354.38,356.24,343.19,346.92,0,0
CTX_MV,D,20240925,000000,354.38,354.38,350.65,350.65,0,0
CTX_MV,D,20240926,000000,343.19,354.38,343.19,354.38,0,0
CTX_MV,D,20240927,000000,345.05,356.24,345.05,356.24,0,0
CTX_MV,D,20240930,000000,359.04,359.04,349.71,349.71,0,0
CTX_MV,D,20241001,000000,358.11,359.04,343.19,352.51,0,0
CTX_MV,D,20241002,000000,358.11,359.04,345.05,345.05,0,0
CTX_MV,D,20241003,000000,345.05,351.58,335.72,351.58,0,0
CTX_MV,D,20241004,000000,354.38,354.38,336.66,354.38,0,0
CTX_MV,D,20241007,000000,354.38,354.38,335.72,340.39,0,0
CTX_MV,D,20241008,000000,340.39,340.39,338.52,340.39,0,0
CTX_MV,D,20241009,000000,340.39,340.39,326.4,331.06,0,0
CTX_MV,D,20241010,000000,331.99,331.99,321.74,326.4,0,0
CTX_MV,D,20241011,000000,326.4,331.99,300.29,331.99,0,0
CTX_MV,D,20241014,000000,331.99,338.52,330.13,338.52,0,0
CTX_MV,D,20241015,000000,338.52,338.52,331.99,336.66,0,0
CTX_MV,D,20241016,000000,332.93,335.72,328.26,335.72,0,0
CTX_MV,D,20241017,000000,335.72,335.72,317.07,317.07,0,0
CTX_MV,D,20241018,000000,321.74,321.74,307.75,307.75,0,0
CTX_MV,D,20241021,000000,312.41,312.41,306.82,307.75,0,0
CTX_MV,D,20241022,000000,307.75,312.41,307.75,307.75,0,0
CTX_MV,D,20241023,000000,312.41,319.87,307.75,319.87,0,0
CTX_MV,D,20241024,000000,318.94,318.94,313.34,317.07,0,0
CTX_MV,D,20241025,000000,316.14,323.6,316.14,322.67,0,0
CTX_MV,D,20241028,000000,325.47,331.06,318.94,331.06,0,0
CTX_MV,D,20241029,000000,331.06,336.66,326.4,326.4,0,0
CTX_MV,D,20241030,000000,330.13,330.13,321.74,321.74,0,0
CTX_MV,D,20241031,000000,318.94,321.74,318.94,321.74,0,0
CTX_MV,D,20241104,000000,318.94,326.4,307.75,326.4,0,0
CTX_MV,D,20241105,000000,323.6,323.6,310.55,321.74,0,0
CTX_MV,D,20241106,000000,317.07,321.74,306.82,306.82,0,0
CTX_MV,D,20241107,000000,299.35,307.75,272.31,293.76,0,0
CTX_MV,D,20241108,000000,293.76,293.76,277.91,291.89,0,0
CTX_MV,D,20241112,000000,291.89,293.76,277.91,277.91,0,0
CTX_MV,D,20241113,000000,275.11,282.57,271.38,275.11,0,0
CTX_MV,D,20241114,000000,275.11,279.77,264.85,276.97,0,0
CTX_MV,D,20241115,000000,273.24,273.24,256.46,257.39,0,0
CTX_MV,D,20241118,000000,256.46,263.92,243.4,243.4,0,0
CTX_MV,D,20241119,000000,242.47,247.13,231.28,237.81,0,0
CTX_MV,D,20241120,000000,238.74,267.65,237.81,240.6,0,0
CTX_MV,D,20241121,000000,247.13,263.92,233.14,233.14,0,0
CTX_MV,D,20241122,000000,233.14,233.14,206.56,210.76,0,0
CTX_MV,D,20241125,000000,211.23,222.42,208.9,212.63,0,0
CTX_MV,D,20241126,000000,214.49,214.96,205.63,209.83,0,0
CTX_MV,D,20241127,000000,213.09,217.29,205.17,215.89,0,0
CTX_MV,D,20241128,000000,218.69,223.82,216.82,223.35,0,0
CTX_MV,D,20241129,000000,223.35,223.35,210.29,221.02,0,0
CTX_MV,D,20241202,000000,223.35,230.81,223.35,228.48,0,0
CTX_MV,D,20241203,000000,230.81,233.14,228.01,228.01,0,0
CTX_MV,D,20241204,000000,232.21,232.68,230.81,232.21,0,0
CTX_MV,D,20241205,000000,232.21,232.21,226.61,231.28,0,0
CTX_MV,D,20241206,000000,231.28,231.28,223.82,223.82,0,0
CTX_MV,D,20241209,000000,231.28,231.28,223.82,229.88,0,0
CTX_MV,D,20241210,000000,230.81,230.81,224.28,227.55,0,0
CTX_MV,D,20241211,000000,227.08,227.08,217.29,222.42,0,0
CTX_MV,D,20241212,000000,222.88,222.88,215.42,221.49,0,0
CTX_MV,D,20241213,000000,221.02,222.88,208.43,221.51,0,0
CTX_MV,D,20241216,000000,213.56,221.04,213.56,220.57,0,0
CTX_MV,D,20241217,000000,220.57,223.37,210.76,210.76,0,0
CTX_MV,D,20241218,000000,211.22,223.37,204.68,223.37,0,0
CTX_MV,D,20241219,000000,219.17,219.17,207.95,209.82,0,0
CTX_MV,D,20241220,000000,214.5,214.5,195.34,195.34,0,0
CTX_MV,D,20241223,000000,194.4,198.61,192.06,195.34,0,0
CTX_MV,D,20241227,000000,193,198.61,193,196.27,0,0
CTX_MV,D,20241230,000000,198.61,198.61,195.8,197.67,0,0
CTX_MV,D,20250102,000000,198.14,210.29,198.14,210.29,0,0
CTX_MV,D,20250103,000000,218.7,218.7,205.62,210.29,0,0
CTX_MV,D,20250107,000000,210.29,210.29,200.94,204.21,0,0
CTX_MV,D,20250108,000000,204.21,205.62,200.94,205.15,0,0
CTX_MV,D,20250109,000000,205.15,205.15,200.94,200.94,0,0
CTX_MV,D,20250110,000000,202.81,204.21,199.54,204.21,0,0
CTX_MV,D,20250113,000000,204.21,204.21,199.07,203.75,0,0
CTX_MV,D,20250114,000000,203.75,204.21,200.48,204.21,0,0
CTX_MV,D,20250115,000000,204.21,206.55,200.94,206.55,0,0
CTX_MV,D,20250116,000000,206.55,212.16,203.28,205.62,0,0
CTX_MV,D,20250117,000000,209.82,209.82,205.62,205.62,0,0
CTX_MV,D,20250120,000000,205.62,220.57,205.62,219.17,0,0
CTX_MV,D,20250121,000000,217.3,220.57,216.83,219.17,0,0
CTX_MV,D,20250122,000000,219.17,225.24,219.17,225.24,0,0
CTX_MV,D,20250123,000000,212.16,225.24,212.16,225.24,0,0
CTX_MV,D,20250124,000000,225.24,247.67,225.24,242.07,0,0
CTX_MV,D,20250127,000000,234.59,238.33,234.59,238.33,0,0
CTX_MV,D,20250128,000000,238.33,242.07,234.59,242.07,0,0
CTX_MV,D,20250129,000000,243,243,239.26,239.26,0,0
CTX_MV,D,20250130,000000,242.07,242.07,236.46,237.39,0,0
CTX_MV,D,20250131,000000,238.33,243,238.33,243,0,0
CTX_MV,D,20250203,000000,239.26,239.26,233.66,235.52,0,0
CTX_MV,D,20250204,000000,235.52,241.13,234.59,234.59,0,0
CTX_MV,D,20250205,000000,238.33,241.13,233.66,237.39,0,0
CTX_MV,D,20250206,000000,241.13,241.13,238.33,241.13,0,0
CTX_MV,D,20250207,000000,239.26,243,233.66,243,0,0
CTX_MV,D,20250210,000000,247.67,256.09,243.94,252.35,0,0
CTX_MV,D,20250211,000000,251.41,252.35,245.81,245.81,0,0
CTX_MV,D,20250212,000000,254.22,254.22,247.67,247.67,0,0
CTX_MV,D,20250213,000000,247.67,248.61,236.46,239.26,0,0
CTX_MV,D,20250214,000000,233.19,238.33,225.71,228.98,0,0
CTX_MV,D,20250217,000000,233.66,243,233.66,243,0,0
CTX_MV,D,20250218,000000,243,245.81,240.2,245.81,0,0
CTX_MV,D,20250219,000000,245.81,280.27,227.11,280.27,0,0
CTX_MV,D,20250220,000000,280.27,280.27,274.78,276.98,0,0
CTX_MV,D,20250221,000000,274.78,274.78,265.44,270.38,0,0
CTX_MV,D,20250224,000000,270.38,274.78,258.29,267.63,0,0
CTX_MV,D,20250225,000000,263.79,265.99,257.74,262.69,0,0
CTX_MV,D,20250226,000000,262.69,262.69,258.29,262.69,0,0
CTX_MV,D,20250227,000000,262.69,262.69,254.44,258.29,0,0
CTX_MV,D,20250228,000000,258.29,260.49,252.8,260.49,0,0
CTX_MV,D,20250303,000000,260.49,260.49,257.74,258.29,0,0
CTX_MV,D,20250304,000000,256.09,257.19,237.96,249.5,0,0
CTX_MV,D,20250305,000000,248.4,250.6,241.81,246.75,0,0
CTX_MV,D,20250306,000000,244.55,247.85,236.31,247.85,0,0
CTX_MV,D,20250307,000000,247.3,247.3,244.55,244.55,0,0
CTX_MV,D,20250310,000000,247.85,249.5,240.16,240.16,0,0
CTX_MV,D,20250311,000000,239.06,241.81,230.81,230.81,0,0
CTX_MV,D,20250312,000000,223.12,226.42,215.43,224.22,0,0
CTX_MV,D,20250313,000000,224.77,226.42,221.47,226.42,0,0
CTX_MV,D,20250314,000000,226.42,228.62,226.42,228.62,0,0
CTX_MV,D,20250317,000000,228.62,234.11,226.42,233.56,0,0
CTX_MV,D,20250318,000000,233.56,237.41,230.81,233.01,0,0
CTX_MV,D,20250319,000000,233.01,233.01,227.52,230.81,0,0
CTX_MV,D,20250320,000000,230.81,232.46,225.32,228.07,0,0
CTX_MV,D,20250321,000000,231.36,231.36,219.82,228.07,0,0
CTX_MV,D,20250324,000000,225.32,225.32,215.98,218.17,0,0
CTX_MV,D,20250325,000000,218.72,225.32,217.08,219.27,0,0
CTX_MV,D,20250326,000000,219.27,219.27,211.58,211.58,0,0
CTX_MV,D,20250327,000000,213.78,213.78,198.94,203.89,0,0
CTX_MV,D,20250328,000000,207.18,216.53,207.18,216.53,0,0
CTX_MV,D,20250331,000000,217.62,225.32,208.83,214.33,0,0
CTX_MV,D,20250401,000000,225.32,225.32,211.58,222.57,0,0
CTX_MV,D,20250402,000000,222.57,222.57,214.88,218.72,0,0
CTX_MV,D,20250403,000000,218.72,218.72,209.38,211.58,0,0
CTX_MV,D,20250404,000000,211.58,211.58,203.34,203.34,0,0
CTX_MV,D,20250407,000000,203.34,203.34,182.45,189.6,0,0
CTX_MV,D,20250408,000000,187.4,196.19,180.25,182.45,0,0
CTX_MV,D,20250409,000000,182.45,182.45,175.86,175.86,0,0
CTX_MV,D,20250410,000000,185.2,192.89,176.96,181.35,0,0
CTX_MV,D,20250411,000000,186.3,186.85,181.35,184.1,0,0
CTX_MV,D,20250414,000000,185.2,190.15,181.35,185.2,0,0
CTX_MV,D,20250415,000000,188.5,188.5,179.16,183.55,0,0
CTX_MV,D,20250416,000000,184.1,185.2,182.45,184.65,0,0
CTX_MV,D,20250417,000000,183.55,194.54,183.55,194.54,0,0
CTX_MV,D,20250422,000000,189.6,189.6,181.35,186.3,0,0
CTX_MV,D,20250423,000000,186.3,187.95,181.35,184.65,0,0
CTX_MV,D,20250424,000000,184.65,184.65,173.11,173.11,0,0
CTX_MV,D,20250425,000000,181.35,181.35,173.11,173.66,0,0
CTX_MV,D,20250428,000000,178.61,178.61,175.31,175.86,0,0
CTX_MV,D,20250429,000000,178.06,178.06,172.01,175.86,0,0
CTX_MV,D,20250430,000000,172.56,175.86,172.56,175.26,0,0
CTX_MV,D,20250502,000000,182.45,182.45,178.02,178.02,0,0
CTX_MV,D,20250505,000000,181.89,193.5,178.58,191.29,0,0
CTX_MV,D,20250506,000000,194.61,195.72,187.98,192.4,0,0
CTX_MV,D,20250507,000000,191.29,201.25,190.19,196.27,0,0
CTX_MV,D,20250508,000000,196.27,196.27,190.74,194.06,0,0
CTX_MV,D,20250509,000000,194.61,195.72,191.85,193.5,0,0
CTX_MV,D,20250512,000000,195.72,195.72,190.74,192.95,0,0
CTX_MV,D,20250513,000000,194.06,195.16,182.45,192.95,0,0
CTX_MV,D,20250514,000000,197.37,201.25,194.61,201.25,0,0
CTX_MV,D,20250515,000000,201.25,203.46,196.82,199.59,0,0
CTX_MV,D,20250516,000000,199.59,199.59,188.53,188.53,0,0
CTX_MV,D,20250519,000000,189.08,193.5,188.53,190.19,0,0
CTX_MV,D,20250520,000000,189.08,191.29,186.87,186.87,0,0
CTX_MV,D,20250521,000000,188.53,203.46,187.98,201.25,0,0
CTX_MV,D,20250522,000000,201.25,214.51,200.14,204.01,0,0
CTX_MV,D,20250523,000000,206.22,206.22,190.74,195.16,0,0
CTX_MV,D,20250526,000000,200.69,200.69,189.63,192.4,0,0
CTX_MV,D,20250527,000000,192.4,193.5,187.42,187.42,0,0
CTX_MV,D,20250528,000000,187.42,196.27,183.55,191.85,0,0
CTX_MV,D,20250529,000000,191.85,192.95,187.98,187.98,0,0
CTX_MV,D,20250530,000000,192.4,200.69,184.66,184.66,0,0
CTX_MV,D,20250602,000000,190.19,190.19,174.15,176.37,0,0
CTX_MV,D,20250603,000000,176.92,181.34,173.05,173.6,0,0
CTX_MV,D,20250604,000000,179.68,181.89,176.37,178.02,0,0
CTX_MV,D,20250605,000000,180.24,180.79,176.92,178.58,0,0
CTX_MV,D,20250606,000000,179.13,180.24,175.26,178.58,0,0
CTX_MV,D,20250609,000000,173.6,181.34,173.6,181.34,0,0
CTX_MV,D,20250610,000000,181.34,182.45,177.47,179.68,0,0
CTX_MV,D,20250611,000000,181.89,194.06,181.34,185.21,0,0
CTX_MV,D,20250612,000000,185.21,192.95,178.58,190.74,0,0
CTX_MV,D,20250613,000000,189.63,189.63,182.45,185.76,0,0
CTX_MV,D,20250616,000000,183,187.98,181.34,186.87,0,0
CTX_MV,D,20250617,000000,186.87,188.53,182.45,188.53,0,0
CTX_MV,D,20250618,000000,182.45,187.42,181.34,185.76,0,0
CTX_MV,D,20250620,000000,185.76,185.76,180.79,183.55,0,0
CTX_MV,D,20250623,000000,181.89,181.89,176.92,179.68,0,0
CTX_MV,D,20250624,000000,179.68,181.34,177.47,178.02,0,0
CTX_MV,D,20250625,000000,180.79,180.79,175.26,176.37,0,0
CTX_MV,D,20250626,000000,176.37,178.02,174.15,176.37,0,0
CTX_MV,D,20250627,000000,176.37,180.79,174.71,180.79,0,0
CTX_MV,D,20250630,000000,181.89,186.87,181.89,186.32,0,0
CTX_MV,D,20250701,000000,186.32,193.5,186.32,193.5,0,0
CTX_MV,D,20250702,000000,193.5,199.03,188.53,193.5,0,0
CTX_MV,D,20250703,000000,195.72,204.01,193.5,204.01,0,0
CTX_MV,D,20250704,000000,204.01,204.01,196.27,199.03,0,0
CTX_MV,D,20250707,000000,203.46,208.99,199.59,204.56,0,0
CTX_MV,D,20250708,000000,206.22,210.09,205.67,208.99,0,0
CTX_MV,D,20250709,000000,212.3,213.96,208.99,212.86,0,0
CTX_MV,D,20250710,000000,213.41,213.41,206.22,208.43,0,0
CTX_MV,D,20250711,000000,206.22,210.09,204.56,208.43,0,0
CTX_MV,D,20250714,000000,208.43,228.89,208.43,228.34,0,0
CTX_MV,D,20250715,000000,228.89,232.76,227.78,230.55,0,0
CTX_MV,D,20250716,000000,229.99,229.99,223.91,229.99,0,0
CTX_MV,D,20250717,000000,225.57,230.55,225.57,227.78,0,0
CTX_MV,D,20250718,000000,227.78,231.65,225.57,228.34,0,0
CTX_MV,D,20250721,000000,228.89,229.44,221.15,224.47,0,0
CTX_MV,D,20250722,000000,229.44,231.1,223.36,226.12,0,0
CTX_MV,D,20250723,000000,227.78,229.44,222.25,225.57,0,0
CTX_MV,D,20250724,000000,225.57,235.52,222.81,225.02,0,0
CTX_MV,D,20250725,000000,225.57,227.78,224.47,226.12,0,0
CTX_MV,D,20250728,000000,237.18,258.19,237.18,248.24,0,0
CTX_MV,D,20250729,000000,253.21,259.85,251.56,257.08,0,0
CTX_MV,D,20250730,000000,257.08,258.74,231.65,248.79,0,0
CTX_MV,D,20250731,000000,241.05,250.45,232.21,232.21,0,0
CTX_MV,D,20250801,000000,228.89,237.73,210.09,216.73,0,0
CTX_MV,D,20250804,000000,216.73,237.18,210.64,225.57,0,0
CTX_MV,D,20250805,000000,232.76,234.42,228.34,233.31,0,0
CTX_MV,D,20250806,000000,234.97,234.97,227.78,232.76,0,0
CTX_MV,D,20250807,000000,232.21,232.76,223.91,223.91,0,0
CTX_MV,D,20250808,000000,226.68,231.65,223.91,227.78,0,0
CTX_MV,D,20250811,000000,231.65,234.97,229.44,229.44,0,0
CTX_MV,D,20250812,000000,229.99,236.08,229.44,236.08,0,0
CTX_MV,D,20250813,000000,234.42,234.42,227.78,232.21,0,0
CTX_MV,D,20250814,000000,231.65,231.65,223.36,228.89,0,0
CTX_MV,D,20250818,000000,228.89,228.89,218.38,222.81,0,0
CTX_MV,D,20250819,000000,221.15,232.76,218.94,222.81,0,0
CTX_MV,D,20250820,000000,231.65,231.65,221.15,227.78,0,0
CTX_MV,D,20250821,000000,227.78,229.44,223.91,228.89,0,0
CTX_MV,D,20250822,000000,228.89,228.89,218.94,226.68,0,0
CTX_MV,D,20250825,000000,226.12,234.97,221.7,234.97,0,0
CTX_MV,D,20250826,000000,233.86,233.86,228.34,232.21,0,0
CTX_MV,D,20250827,000000,227.78,232.21,227.23,227.23,0,0
CTX_MV,D,20250828,000000,228.34,228.34,221.15,226.68,0,0
CTX_MV,D,20250829,000000,224.47,227.78,221.15,227.23,0,0
CTX_MV,D,20250901,000000,227.78,227.78,220.04,223.36,0,0
CTX_MV,D,20250902,000000,221.15,225.57,214.51,215.62,0,0
CTX_MV,D,20250903,000000,217.83,217.83,207.88,210.09,0,0
CTX_MV,D,20250904,000000,202.9,210.09,201.8,205.67,0,0
CTX_MV,D,20250905,000000,208.43,209.54,189.63,194.61,0,0
CTX_MV,D,20250908,000000,193.5,198.48,182.45,191.29,0,0
CTX_MV,D,20250909,000000,191.29,202.35,191.29,199.59,0,0
CTX_MV,D,20250910,000000,199.59,200.69,190.19,197.93,0,0
CTX_MV,D,20250911,000000,198.48,203.46,193.5,200.69,0,0
CTX_MV,D,20250912,000000,200.69,206.22,199.03,202.35,0,0
CTX_MV,D,20250915,000000,202.35,203.46,196.27,203.46,0,0
CTX_MV,D,20250916,000000,197.37,202.9,196.82,202.9,0,0
CTX_MV,D,20250917,000000,202.35,202.35,192.95,196.27,0,0
CTX_MV,D,20250918,000000,196.27,201.8,194.06,200.14,0,0
CTX_MV,D,20250919,000000,203.46,203.46,196.27,202.9,0,0
CTX_MV,D,20250922,000000,203.46,203.46,199.03,202.35,0,0
CTX_MV,D,20250923,000000,202.9,203.46,200.69,202.35,0,0
CTX_MV,D,20250924,000000,202.35,202.35,195.72,199.59,0,0
CTX_MV,D,20250925,000000,202.35,216.73,201.8,210.09,0,0
CTX_MV,D,20250926,000000,211.2,212.3,205.67,212.3,0,0
CTX_MV,D,20250929,000000,213.41,237.18,213.41,222.81,0,0
CTX_MV,D,20250930,000000,226.68,226.68,219.49,223.36,0,0
CTX_MV,D,20251001,000000,219.49,225.57,217.83,221.15,0,0
CTX_MV,D,20251002,000000,218.38,224.47,215.07,215.07,0,0
CTX_MV,D,20251003,000000,215.07,215.07,208.99,210.09,0,0
CTX_MV,D,20251006,000000,210.09,221.7,210.09,216.17,0,0
CTX_MV,D,20251007,000000,216.17,220.6,213.41,214.51,0,0
CTX_MV,D,20251008,000000,218.94,218.94,212.3,213.96,0,0
CTX_MV,D,20251009,000000,214.51,214.51,210.64,211.2,0,0
CTX_MV,D,20251010,000000,210.64,212.3,208.43,210.09,0,0
CTX_MV,D,20251013,000000,210.64,213.96,208.99,210.64,0,0
CTX_MV,D,20251014,000000,216.17,216.73,208.43,213.41,0,0
CTX_MV,D,20251015,000000,213.41,222.81,210.09,218.38,0,0
CTX_MV,D,20251016,000000,217.28,233.31,217.28,233.31,0,0
CTX_MV,D,20251017,000000,233.31,233.31,225.02,228.34,0,0
CTX_MV,D,20251020,000000,231.65,233.31,222.25,233.31,0,0
CTX_MV,D,20251021,000000,232.21,251,232.21,248.24,0,0
CTX_MV,D,20251022,000000,248.24,248.24,240.5,242.16,0,0
CTX_MV,D,20251023,000000,244.92,244.92,238.29,240.5,0,0
CTX_MV,D,20251024,000000,244.37,266.48,243.26,259.85,0,0
CTX_MV,D,20251027,000000,276.44,279.75,265.93,271.46,0,0
CTX_MV,D,20251028,000000,273.67,273.67,261.51,268.14,0,0
CTX_MV,D,20251029,000000,267.04,267.04,260.4,264.83,0,0
CTX_MV,D,20251030,000000,268.14,268.14,260.4,265.38,0,0
CTX_MV,D,20251031,000000,260.4,267.04,260.4,267.04,0,0
CTX_MV,D,20251103,000000,265.38,268.14,263.17,267.59,0,0
CTX_MV,D,20251104,000000,267.59,274.22,267.04,270.35,0,0
CTX_MV,D,20251105,000000,270.35,270.35,255.43,259.85,0,0
CTX_MV,D,20251106,000000,257.64,263.72,257.08,258.19,0,0
CTX_MV,D,20251107,000000,256.53,256.53,243.82,248.79,0,0
CTX_MV,D,20251110,000000,243.82,249.34,243.82,243.82,0,0
CTX_MV,D,20251112,000000,248.24,267.59,248.24,262.61,0,0
CTX_MV,D,20251113,000000,264.83,265.38,260.96,263.17,0,0
CTX_MV,D,20251114,000000,265.38,265.38,251,260.4,0,0
CTX_MV,D,20251117,000000,259.85,259.85,252.11,255.98,0,0
CTX_MV,D,20251118,000000,281.96,283.07,272.57,283.07,0,0
CTX_MV,D,20251119,000000,286.39,286.39,277.54,283.07,0,0
CTX_MV,D,20251120,000000,285.28,285.28,275.88,284.18,0,0
CTX_MV,D,20251121,000000,276.44,283.07,266.48,283.07,0,0
CTX_MV,D,20251124,000000,286.39,286.39,270.91,285.28,0,0
CTX_MV,D,20251125,000000,284.18,298.55,279.75,298.55,0,0
CTX_MV,D,20251126,000000,294.13,342.78,294.13,333.93,0,0
CTX_MV,D,20251127,000000,331.72,358.26,326.19,356.05,0,0
CTX_MV,D,20251128,000000,358.26,367.11,352.73,363.79,0,0
CTX_MV,D,20251201,000000,364.89,381.48,350.52,374.85,0,0
CTX_MV,D,20251202,000000,375.95,408.02,369.32,404.7,0,0
CTX_MV,D,20251203,000000,401.38,423.5,401.38,416.86,0,0
CTX_MV,D,20251204,000000,419.08,421.29,396.96,405.81,0,0
CTX_MV,D,20251205,000000,403.6,413.55,400.28,403.6,0,0
CTX_MV,D,20251208,000000,398.07,403.6,375.95,390.33,0,0
CTX_MV,D,20251209,000000,389.22,391.43,382.59,384.8,0,0
CTX_MV,D,20251210,000000,381.48,385.9,371.53,377.06,0,0
CTX_MV,D,20251211,000000,375.95,375.95,362.68,369.32,0,0
CTX_MV,D,20251212,000000,364.89,364.89,346.1,358.26,0,0
CTX_MV,D,20251215,000000,354.94,393.64,354.94,383.69,0,0
CTX_MV,D,20251216,000000,383.69,383.69,369.32,374.85,0,0
CTX_MV,D,20251217,000000,381.48,381.48,370.42,381.48,0,0
CTX_MV,D,20251218,000000,381.48,381.48,368.21,370.42,0,0
CTX_MV,D,20251219,000000,370.42,379.27,364.89,375.95,0,0
CTX_MV,D,20251222,000000,371.53,383.69,371.53,375.95,0,0
CTX_MV,D,20251223,000000,382.59,385.9,377.06,385.9,0,0
CTX_MV,D,20251229,000000,385.9,403.6,384.8,395.86,0,0
CTX_MV,D,20251230,000000,398.07,398.07,392.54,398.07,0,0
CTX_MV,D,20260102,000000,405.81,419.08,398.07,414.65,0,0
CTX_MV,D,20260105,000000,419.08,442.3,419.08,442.3,0,0
CTX_MV,D,20260107,000000,447.83,451.14,438.98,447.83,0,0
CTX_MV,D,20260108,000000,447.83,464.41,443.4,464.41,0,0
CTX_MV,D,20260109,000000,464.41,464.41,458.88,464.41,0,0
CTX_MV,D,20260112,000000,464.41,464.41,451.14,457.78,0,0
CTX_MV,D,20260113,000000,454.46,454.46,436.77,453.35,0,0
CTX_MV,D,20260114,000000,451.14,451.14,433.45,433.45,0,0
CTX_MV,D,20260115,000000,438.98,462.2,424.6,455.57,0,0
CTX_MV,D,20260116,000000,454.46,461.09,447.83,453.35,0,0
CTX_MV,D,20260119,000000,447.83,451.14,442.3,446.72,0,0
CTX_MV,D,20260120,000000,447.83,447.83,427.92,445.61,0,0
CTX_MV,D,20260121,000000,447.83,447.83,427.92,436.77,0,0
CTX_MV,D,20260122,000000,436.77,440.09,427.92,435.66,0,0
CTX_MV,D,20260123,000000,431.24,435.66,427.92,429.83,0,0
