<TICKER>,<PER>,<DATE>,<TIME>,<OPEN>,<HIGH>,<LOW>,<CLOSE>,<VOL>,<OPENINT>
DAD_PB,D,20210312,000000,14.9622,14.9622,14.9622,14.9622,0,0
DAD_PB,D,20210315,000000,14.9622,15.2679,14.8438,15.2679,0,0
DAD_PB,D,20210316,000000,15.2581,15.2581,14.9425,14.9622,0,0
DAD_PB,D,20210317,000000,15.0707,15.189,14.8833,15.189,0,0
DAD_PB,D,20210318,000000,15.0707,15.2679,15.0016,15.0312,0,0
DAD_PB,D,20210319,000000,15.337,15.6427,15.0411,15.6427,0,0
DAD_PB,D,20210322,000000,15.6427,16.6981,15.6427,16.6981,0,0
DAD_PB,D,20210323,000000,16.6981,16.7178,15.84,15.84,0,0
DAD_PB,D,20210324,000000,16.0274,16.1063,15.8696,15.8696,0,0
DAD_PB,D,20210325,000000,16.0274,16.0274,15.6822,15.7611,0,0
DAD_PB,D,20210326,000000,15.7216,15.8005,15.6526,15.6822,0,0
DAD_PB,D,20210329,000000,15.6427,16.0274,15.6427,15.9485,0,0
DAD_PB,D,20210330,000000,15.9584,15.9584,15.6033,15.7216,0,0
DAD_PB,D,20210331,000000,15.8005,16.0274,15.5737,15.6526,0,0
DAD_PB,D,20210401,000000,15.6427,16.0274,15.5737,15.84,0,0
DAD_PB,D,20210406,000000,16.0175,16.0175,15.6427,15.9879,0,0
DAD_PB,D,20210407,000000,16.0175,16.0175,15.7216,15.909,0,0
DAD_PB,D,20210408,000000,16.1063,16.7178,16.0274,16.3332,0,0
DAD_PB,D,20210409,000000,16.491,16.9545,16.2937,16.9545,0,0
DAD_PB,D,20210412,000000,17.0334,18.1677,17.0334,17.931,0,0
DAD_PB,D,20210413,000000,18.1479,18.1479,17.5562,17.783,0,0
DAD_PB,D,20210414,000000,18.1677,18.1677,15.6329,15.6329,0,0
DAD_PB,D,20210415,000000,15.6329,15.8499,15.5836,15.8301,0,0
DAD_PB,D,20210416,000000,15.6822,16.6882,15.6822,16.3134,0,0
DAD_PB,D,20210419,000000,16.3134,16.6389,16.1162,16.3233,0,0
DAD_PB,D,20210420,000000,16.3233,16.4515,16.1162,16.1162,0,0
DAD_PB,D,20210421,000000,16.1162,16.4022,16.1162,16.1556,0,0
DAD_PB,D,20210422,000000,16.2148,16.3923,16.2148,16.2148,0,0
DAD_PB,D,20210423,000000,16.2247,16.4515,16.1162,16.2444,0,0
DAD_PB,D,20210426,000000,16.4515,16.4515,16.2542,16.2542,0,0
DAD_PB,D,20210427,000000,16.4318,16.5797,16.2542,16.5797,0,0
DAD_PB,D,20210428,000000,16.5205,17.1222,16.3923,17.063,0,0
DAD_PB,D,20210429,000000,17.4575,17.7337,17.063,17.7337,0,0
DAD_PB,D,20210430,000000,17.8619,17.931,17.4674,17.931,0,0
DAD_PB,D,20210504,000000,18.1381,18.1677,17.3984,17.4674,0,0
DAD_PB,D,20210505,000000,17.8027,17.8027,16.8953,17.3984,0,0
DAD_PB,D,20210506,000000,17.4674,18.6016,16.9249,17.4674,0,0
DAD_PB,D,20210507,000000,17.4674,17.4674,17.1912,17.4575,0,0
DAD_PB,D,20210510,000000,17.2603,17.4674,17.063,17.1912,0,0
DAD_PB,D,20210511,000000,17.1912,17.1912,16.5896,16.6192,0,0
DAD_PB,D,20210512,000000,16.5896,16.5896,15.5145,16.4121,0,0
DAD_PB,D,20210513,000000,16.4121,16.7868,16.2542,16.2542,0,0
DAD_PB,D,20210514,000000,16.5304,16.7868,16.3923,16.7277,0,0
DAD_PB,D,20210517,000000,16.7868,16.7868,16.5304,16.7277,0,0
DAD_PB,D,20210518,000000,16.5501,16.7277,16.3529,16.3529,0,0
DAD_PB,D,20210519,000000,16.5205,16.7178,16.3529,16.4515,0,0
DAD_PB,D,20210520,000000,16.6389,16.6586,16.4515,16.4614,0,0
DAD_PB,D,20210521,000000,16.5304,17.3195,16.5304,17.2997,0,0
DAD_PB,D,20210524,000000,17.4674,17.4674,2.99836,2.99836,0,0
DAD_PB,D,20210525,000000,3.00822,3.00822,2.9589,2.9589,0,0
DAD_PB,D,20210526,000000,2.9589,2.9589,2.9589,2.9589,0,0
DAD_PB,D,20210527,000000,2.9589,2.9589,2.94904,2.94904,0,0
DAD_PB,D,20210528,000000,2.94904,2.94904,2.83068,2.84055,0,0
DAD_PB,D,20210531,000000,2.83068,2.88,2.79123,2.83068,0,0
DAD_PB,D,20210601,000000,2.82082,2.82082,2.78137,2.79123,0,0
DAD_PB,D,20210602,000000,2.79123,2.79123,2.64329,2.6926,0,0
DAD_PB,D,20210604,000000,2.67288,2.82082,2.67288,2.82082,0,0
DAD_PB,D,20210607,000000,2.78137,2.85041,2.78137,2.85041,0,0
DAD_PB,D,20210608,000000,2.87014,2.88,2.77151,2.88,0,0
DAD_PB,D,20210609,000000,2.88986,2.88986,2.8011,2.86027,0,0
DAD_PB,D,20210610,000000,2.86027,2.86027,2.79123,2.79123,0,0
DAD_PB,D,20210611,000000,2.78137,2.78137,2.74192,2.74192,0,0
DAD_PB,D,20210614,000000,2.73205,2.74192,2.68274,2.73205,0,0
DAD_PB,D,20210615,000000,2.78137,2.78137,2.72219,2.73205,0,0
DAD_PB,D,20210616,000000,2.78137,2.81096,2.72219,2.81096,0,0
DAD_PB,D,20210617,000000,2.83068,2.94904,2.81096,2.94904,0,0
DAD_PB,D,20210618,000000,2.96877,3.00822,2.90959,2.94904,0,0
DAD_PB,D,20210621,000000,2.94904,2.98849,2.82082,2.86027,0,0
DAD_PB,D,20210622,000000,2.88,2.88,2.8011,2.86027,0,0
DAD_PB,D,20210623,000000,2.88,2.88,2.82082,2.82082,0,0
DAD_PB,D,20210624,000000,2.83068,2.85041,2.82082,2.83068,0,0
DAD_PB,D,20210625,000000,2.78137,2.88,2.77151,2.88,0,0
DAD_PB,D,20210628,000000,2.88,2.88,2.76164,2.77151,0,0
DAD_PB,D,20210629,000000,2.77151,2.82082,2.76164,2.82082,0,0
DAD_PB,D,20210630,000000,2.81096,2.83068,2.71233,2.74192,0,0
DAD_PB,D,20210701,000000,2.74192,2.8011,2.72219,2.72219,0,0
DAD_PB,D,20210702,000000,2.74192,2.83068,2.72219,2.74192,0,0
DAD_PB,D,20210705,000000,2.78137,2.78137,2.75178,2.78137,0,0
DAD_PB,D,20210706,000000,2.79123,2.83068,2.58411,2.67288,0,0
DAD_PB,D,20210707,000000,2.63342,2.71233,2.6137,2.63342,0,0
DAD_PB,D,20210708,000000,2.66301,2.66301,2.60384,2.64329,0,0
DAD_PB,D,20210709,000000,2.6137,2.64329,2.58411,2.6137,0,0
DAD_PB,D,20210712,000000,2.64329,2.64329,2.46575,2.54466,0,0
DAD_PB,D,20210713,000000,2.60384,2.64329,2.54466,2.64329,0,0
DAD_PB,D,20210714,000000,2.64329,2.71233,2.64329,2.67288,0,0
DAD_PB,D,20210715,000000,2.67288,2.67288,2.66301,2.66301,0,0
DAD_PB,D,20210716,000000,2.67288,2.67288,2.66301,2.67288,0,0
DAD_PB,D,20210719,000000,2.6926,2.6926,2.56438,2.58411,0,0
DAD_PB,D,20210720,000000,2.56438,2.64329,2.56438,2.64329,0,0
DAD_PB,D,20210721,000000,2.64329,2.66301,2.57425,2.63342,0,0
DAD_PB,D,20210722,000000,2.65315,2.65315,2.60384,2.6137,0,0
DAD_PB,D,20210723,000000,2.6137,2.6137,2.59397,2.59397,0,0
DAD_PB,D,20210726,000000,2.58411,2.60384,2.54466,2.54466,0,0
DAD_PB,D,20210727,000000,2.56438,2.60384,2.54466,2.56438,0,0
DAD_PB,D,20210728,000000,2.57425,2.63342,2.55452,2.55452,0,0
DAD_PB,D,20210729,000000,2.60384,2.64329,2.55452,2.56438,0,0
DAD_PB,D,20210730,000000,2.56438,2.56438,2.54466,2.54466,0,0
DAD_PB,D,20210802,000000,2.55452,2.62356,2.55452,2.60384,0,0
DAD_PB,D,20210803,000000,2.6137,2.64329,2.54466,2.64329,0,0
DAD_PB,D,20210804,000000,2.6926,2.6926,2.59397,2.60384,0,0
DAD_PB,D,20210805,000000,2.60384,2.64329,2.55452,2.55452,0,0
DAD_PB,D,20210806,000000,2.64329,2.64329,2.54466,2.59397,0,0
DAD_PB,D,20210809,000000,2.53479,2.60384,2.40658,2.52493,0,0
DAD_PB,D,20210810,000000,2.52493,2.55452,2.48548,2.55452,0,0
DAD_PB,D,20210811,000000,2.54466,2.54466,2.48548,2.48548,0,0
DAD_PB,D,20210812,000000,2.51507,2.54466,2.48548,2.48548,0,0
DAD_PB,D,20210813,000000,2.53479,2.53479,2.48548,2.52493,0,0
DAD_PB,D,20210816,000000,2.53479,2.53479,2.49534,2.50521,0,0
DAD_PB,D,20210817,000000,2.52493,2.52493,2.49534,2.50521,0,0
DAD_PB,D,20210818,000000,2.48548,2.52493,2.48548,2.48548,0,0
DAD_PB,D,20210819,000000,2.47562,2.48548,2.45589,2.48548,0,0
DAD_PB,D,20210820,000000,2.48548,2.50521,2.4263,2.44603,0,0
DAD_PB,D,20210823,000000,2.51507,2.58411,2.48548,2.53479,0,0
DAD_PB,D,20210824,000000,2.49534,2.50521,2.48548,2.50521,0,0
DAD_PB,D,20210825,000000,2.49534,2.49534,2.38685,2.38685,0,0
DAD_PB,D,20210826,000000,2.39671,2.39671,2.38685,2.38685,0,0
DAD_PB,D,20210827,000000,2.39671,2.39671,2.30795,2.31781,0,0
DAD_PB,D,20210830,000000,2.3474,2.35726,2.15014,2.18959,0,0
DAD_PB,D,20210831,000000,2.26849,2.26849,2.18959,2.2389,0,0
DAD_PB,D,20210901,000000,2.27836,2.27836,2.21918,2.21918,0,0
DAD_PB,D,20210902,000000,2.27836,2.27836,2.25863,2.25863,0,0
DAD_PB,D,20210903,000000,2.27836,2.33753,2.27836,2.28822,0,0
DAD_PB,D,20210906,000000,2.28822,2.28822,2.24877,2.24877,0,0
DAD_PB,D,20210907,000000,2.24877,2.3474,2.24877,2.32767,0,0
DAD_PB,D,20210908,000000,2.31781,2.31781,2.28822,2.29808,0,0
DAD_PB,D,20210909,000000,2.33753,2.33753,2.27836,2.31781,0,0
DAD_PB,D,20210910,000000,2.32767,2.32767,2.28822,2.30795,0,0
DAD_PB,D,20210913,000000,2.33753,2.33753,2.26849,2.26849,0,0
DAD_PB,D,20210914,000000,2.30795,2.30795,2.20932,2.2389,0,0
DAD_PB,D,20210915,000000,2.25863,2.27836,2.2389,2.27836,0,0
DAD_PB,D,20210916,000000,2.30795,2.30795,2.25863,2.27836,0,0
DAD_PB,D,20210917,000000,2.27836,2.28822,2.2389,2.27836,0,0
DAD_PB,D,20210920,000000,2.24877,2.26849,2.21918,2.24877,0,0
DAD_PB,D,20210921,000000,2.26849,2.26849,2.18959,2.19945,0,0
DAD_PB,D,20210922,000000,2.25863,2.25863,2.20932,2.20932,0,0
DAD_PB,D,20210923,000000,2.25863,2.25863,2.19945,2.22904,0,0
DAD_PB,D,20210924,000000,2.22904,2.22904,2.18959,2.18959,0,0
DAD_PB,D,20210927,000000,2.18959,2.18959,2.18959,2.18959,0,0
DAD_PB,D,20210928,000000,2.20932,2.20932,2.12055,2.14027,0,0
DAD_PB,D,20210929,000000,2.16986,2.16986,2.14027,2.16986,0,0
DAD_PB,D,20210930,000000,2.16986,2.17973,2.15014,2.16,0,0
DAD_PB,D,20211001,000000,2.18959,2.18959,2.15014,2.16986,0,0
DAD_PB,D,20211004,000000,2.16986,2.16986,2.14027,2.16,0,0
DAD_PB,D,20211005,000000,2.15014,2.15014,2.13041,2.13041,0,0
DAD_PB,D,20211006,000000,2.13041,2.15014,2.11068,2.11068,0,0
DAD_PB,D,20211007,000000,2.13041,2.13041,2.04164,2.06137,0,0
DAD_PB,D,20211008,000000,2.09096,2.16,2.09096,2.16,0,0
DAD_PB,D,20211011,000000,2.11068,2.18959,2.11068,2.18959,0,0
DAD_PB,D,20211012,000000,2.18959,2.18959,2.09096,2.18959,0,0
DAD_PB,D,20211013,000000,2.18959,2.18959,2.11068,2.12055,0,0
DAD_PB,D,20211014,000000,2.12055,2.12055,2.05151,2.06137,0,0
DAD_PB,D,20211015,000000,2.06137,2.11068,2.06137,2.11068,0,0
DAD_PB,D,20211018,000000,2.11068,2.13041,2.06137,2.09096,0,0
DAD_PB,D,20211019,000000,2.09096,2.09096,2.06137,2.07123,0,0
DAD_PB,D,20211020,000000,2.09096,2.09096,1.94301,1.96274,0,0
DAD_PB,D,20211021,000000,1.98247,2.03178,1.95288,1.95288,0,0
DAD_PB,D,20211022,000000,1.95288,1.99233,1.94301,1.99233,0,0
DAD_PB,D,20211025,000000,1.98247,1.98247,1.96274,1.96274,0,0
DAD_PB,D,20211026,000000,1.99233,1.99233,1.90356,1.91342,0,0
DAD_PB,D,20211027,000000,1.93315,1.94301,1.83452,1.92329,0,0
DAD_PB,D,20211028,000000,1.94301,1.94301,1.88384,1.90356,0,0
DAD_PB,D,20211029,000000,1.91342,1.94301,1.90356,1.94301,0,0
DAD_PB,D,20211102,000000,1.8937,1.91342,1.8937,1.8937,0,0
DAD_PB,D,20211103,000000,1.8937,1.90356,1.87397,1.8937,0,0
DAD_PB,D,20211104,000000,1.93315,1.96274,1.8937,1.96274,0,0
DAD_PB,D,20211105,000000,1.96274,2.04164,1.92329,1.94301,0,0
DAD_PB,D,20211108,000000,1.99233,1.99233,1.93315,1.93315,0,0
DAD_PB,D,20211109,000000,1.93315,1.9726,1.93315,1.93315,0,0
DAD_PB,D,20211110,000000,1.96274,1.96274,1.8937,1.8937,0,0
DAD_PB,D,20211112,000000,1.96274,1.96274,1.88384,1.90356,0,0
DAD_PB,D,20211115,000000,1.90356,1.91342,1.90356,1.90356,0,0
DAD_PB,D,20211116,000000,1.92329,1.92329,1.8937,1.8937,0,0
DAD_PB,D,20211117,000000,1.91342,1.91342,1.88384,1.91342,0,0
DAD_PB,D,20211118,000000,1.91342,1.91342,1.86411,1.88384,0,0
DAD_PB,D,20211119,000000,1.88384,1.91342,1.86411,1.86411,0,0
DAD_PB,D,20211122,000000,1.85425,1.85425,1.74575,1.77534,0,0
DAD_PB,D,20211123,000000,1.75562,1.79507,1.74575,1.75562,0,0
DAD_PB,D,20211124,000000,1.74575,1.85425,1.72603,1.82466,0,0
DAD_PB,D,20211125,000000,1.82466,1.82466,1.77534,1.82466,0,0
DAD_PB,D,20211126,000000,1.81479,1.81479,1.74575,1.75562,0,0
DAD_PB,D,20211129,000000,1.75562,1.75562,1.72603,1.74575,0,0
DAD_PB,D,20211130,000000,1.74575,1.74575,1.68658,1.68658,0,0
DAD_PB,D,20211201,000000,1.68658,1.7063,1.67671,1.68658,0,0
DAD_PB,D,20211202,000000,1.7063,1.7063,1.6274,1.68658,0,0
DAD_PB,D,20211203,000000,1.69644,1.74575,1.69644,1.74575,0,0
DAD_PB,D,20211206,000000,1.74575,1.79507,1.72603,1.79507,0,0
DAD_PB,D,20211207,000000,1.81479,1.81479,1.73589,1.78521,0,0
DAD_PB,D,20211208,000000,1.78521,1.78521,1.76548,1.78521,0,0
DAD_PB,D,20211209,000000,1.78521,1.79507,1.74575,1.75562,0,0
DAD_PB,D,20211210,000000,1.79507,1.79507,1.71616,1.71616,0,0
DAD_PB,D,20211213,000000,1.74575,1.74575,1.7063,1.73589,0,0
DAD_PB,D,20211214,000000,1.74575,1.76548,1.71616,1.75562,0,0
DAD_PB,D,20211215,000000,1.75562,1.75562,1.7063,1.73589,0,0
DAD_PB,D,20211216,000000,1.72603,1.72603,1.63726,1.72603,0,0
DAD_PB,D,20211217,000000,1.71616,1.72603,1.65699,1.65699,0,0
DAD_PB,D,20211220,000000,1.65699,1.65699,1.60767,1.60767,0,0
DAD_PB,D,20211221,000000,1.60767,1.6274,1.55836,1.55836,0,0
DAD_PB,D,20211222,000000,1.5189,1.56822,1.5189,1.53863,0,0
DAD_PB,D,20211223,000000,1.53863,1.55836,1.53863,1.53863,0,0
DAD_PB,D,20211227,000000,1.53863,1.55836,1.52877,1.55836,0,0
DAD_PB,D,20211228,000000,1.55836,1.55836,1.52877,1.52877,0,0
DAD_PB,D,20211229,000000,1.55836,1.55836,1.52877,1.55836,0,0
DAD_PB,D,20211230,000000,1.55836,1.55836,1.53863,1.54849,0,0
DAD_PB,D,20220103,000000,1.55836,1.6274,1.55836,1.59781,0,0
DAD_PB,D,20220104,000000,1.60767,1.8937,1.60767,1.85425,0,0
DAD_PB,D,20220105,000000,1.88384,1.94301,1.81479,1.84438,0,0
DAD_PB,D,20220107,000000,1.91342,1.91342,1.82466,1.8937,0,0
DAD_PB,D,20220110,000000,1.91342,1.92329,1.91342,1.91342,0,0
DAD_PB,D,20220111,000000,1.93315,2.00219,1.93315,1.95288,0,0
DAD_PB,D,20220112,000000,2.00219,2.00219,1.95288,2.00219,0,0
DAD_PB,D,20220113,000000,2.00219,2.01205,1.95288,2.00219,0,0
DAD_PB,D,20220114,000000,2.00219,2.00219,1.96274,1.9726,0,0
DAD_PB,D,20220117,000000,2.01205,2.01205,1.99233,2.00219,0,0
DAD_PB,D,20220118,000000,2.02192,2.04164,2.02192,2.03178,0,0
DAD_PB,D,20220119,000000,2.03178,2.03178,1.98247,2.01205,0,0
DAD_PB,D,20220120,000000,2.01205,2.01205,1.92329,1.93315,0,0
DAD_PB,D,20220121,000000,1.93315,1.93315,1.82466,1.88384,0,0
DAD_PB,D,20220124,000000,1.85425,1.92329,1.71616,1.71616,0,0
DAD_PB,D,20220125,000000,1.69644,1.79507,1.69644,1.73589,0,0
DAD_PB,D,20220126,000000,1.80493,1.92329,1.80493,1.8937,0,0
DAD_PB,D,20220127,000000,1.91342,1.91342,1.85425,1.85425,0,0
DAD_PB,D,20220128,000000,1.8937,1.93315,1.85425,1.90356,0,0
DAD_PB,D,20220131,000000,1.93315,1.93315,1.84438,1.84438,0,0
DAD_PB,D,20220201,000000,1.93315,1.93315,1.88384,1.91342,0,0
DAD_PB,D,20220202,000000,1.98247,2.02192,1.98247,2.02192,0,0
DAD_PB,D,20220203,000000,2.02192,2.02192,1.98247,2.01205,0,0
DAD_PB,D,20220204,000000,2.01205,2.01205,1.94301,1.99233,0,0
DAD_PB,D,20220207,000000,2.00219,2.00219,1.94301,1.96274,0,0
DAD_PB,D,20220208,000000,1.98247,1.98247,1.94301,1.94301,0,0
DAD_PB,D,20220209,000000,1.98247,1.98247,1.92329,1.92329,0,0
DAD_PB,D,20220210,000000,1.95288,1.95288,1.92329,1.92329,0,0
DAD_PB,D,20220211,000000,1.90356,1.90356,1.80493,1.83452,0,0
DAD_PB,D,20220214,000000,1.83452,1.8937,1.77534,1.77534,0,0
DAD_PB,D,20220215,000000,1.76548,1.86411,1.76548,1.84438,0,0
DAD_PB,D,20220216,000000,1.85425,1.85425,1.76548,1.83452,0,0
DAD_PB,D,20220217,000000,1.85425,1.85425,1.77534,1.80493,0,0
DAD_PB,D,20220218,000000,1.77534,1.80493,1.77534,1.78521,0,0
DAD_PB,D,20220221,000000,1.80493,1.80493,1.67671,1.75562,0,0
DAD_PB,D,20220222,000000,1.69644,1.77534,1.69644,1.73589,0,0
DAD_PB,D,20220223,000000,1.78521,1.78521,1.66685,1.66685,0,0
DAD_PB,D,20220224,000000,1.6274,1.64712,1.30192,1.56822,0,0
DAD_PB,D,20220225,000000,1.56822,1.57808,1.48932,1.5189,0,0
DAD_PB,D,20220228,000000,1.48932,1.5189,1.45973,1.5189,0,0
DAD_PB,D,20220301,000000,1.5189,1.53863,1.50904,1.50904,0,0
DAD_PB,D,20220302,000000,1.53863,1.55836,1.49918,1.54849,0,0
DAD_PB,D,20220303,000000,1.57808,1.69644,1.57808,1.64712,0,0
DAD_PB,D,20220304,000000,1.72603,1.72603,1.54849,1.55836,0,0
DAD_PB,D,20220307,000000,1.52877,1.57808,1.52877,1.55836,0,0
DAD_PB,D,20220308,000000,1.55836,1.57808,1.49918,1.49918,0,0
DAD_PB,D,20220309,000000,1.46959,1.53863,1.46959,1.53863,0,0
DAD_PB,D,20220310,000000,1.56822,1.56822,1.48932,1.50904,0,0
DAD_PB,D,20220311,000000,1.50904,1.52877,1.49918,1.5189,0,0
DAD_PB,D,20220314,000000,1.5189,1.5189,1.45973,1.45973,0,0
DAD_PB,D,20220315,000000,1.45973,1.45973,1.40055,1.44986,0,0
DAD_PB,D,20220316,000000,1.42027,1.46959,1.42027,1.44,0,0
DAD_PB,D,20220317,000000,1.46959,1.5189,1.46959,1.46959,0,0
DAD_PB,D,20220318,000000,1.46959,1.48932,1.45973,1.47945,0,0
DAD_PB,D,20220321,000000,1.47945,1.49918,1.46959,1.46959,0,0
DAD_PB,D,20220322,000000,1.45973,1.46959,1.41041,1.46959,0,0
DAD_PB,D,20220323,000000,1.46959,1.54849,1.46959,1.49918,0,0
DAD_PB,D,20220324,000000,1.6274,1.64712,1.61753,1.61753,0,0
DAD_PB,D,20220325,000000,1.60767,1.61753,1.56822,1.60767,0,0
DAD_PB,D,20220328,000000,1.69644,1.69644,1.55836,1.61753,0,0
DAD_PB,D,20220329,000000,1.68658,1.68658,1.57808,1.59781,0,0
DAD_PB,D,20220330,000000,1.67671,1.67671,1.55836,1.57808,0,0
DAD_PB,D,20220331,000000,1.57808,1.57808,1.54849,1.54849,0,0
DAD_PB,D,20220401,000000,1.54849,1.55836,1.52877,1.54849,0,0
DAD_PB,D,20220404,000000,1.55836,1.55836,1.54849,1.55836,0,0
DAD_PB,D,20220405,000000,1.57808,1.57808,1.54849,1.55836,0,0
DAD_PB,D,20220406,000000,1.57808,1.64712,1.52877,1.52877,0,0
DAD_PB,D,20220407,000000,1.55836,1.55836,1.52877,1.52877,0,0
DAD_PB,D,20220408,000000,1.5189,1.53863,1.48932,1.49918,0,0
DAD_PB,D,20220411,000000,1.52877,1.52877,1.48932,1.48932,0,0
DAD_PB,D,20220412,000000,1.48932,1.48932,1.45973,1.48932,0,0
DAD_PB,D,20220413,000000,1.50904,1.5189,1.44986,1.5189,0,0
DAD_PB,D,20220414,000000,1.5189,1.54849,1.47945,1.54849,0,0
DAD_PB,D,20220419,000000,1.49918,1.56822,1.49918,1.55836,0,0
DAD_PB,D,20220420,000000,1.56822,1.56822,1.45973,1.48932,0,0
DAD_PB,D,20220421,000000,1.46959,1.48932,1.45973,1.48932,0,0
DAD_PB,D,20220422,000000,1.48932,1.48932,1.46959,1.48932,0,0
DAD_PB,D,20220425,000000,1.48932,1.48932,1.40055,1.40055,0,0
DAD_PB,D,20220426,000000,1.44,1.44,1.31178,1.35123,0,0
DAD_PB,D,20220427,000000,1.41041,1.41041,1.35123,1.41041,0,0
DAD_PB,D,20220428,000000,1.41041,1.41041,1.35123,1.40055,0,0
DAD_PB,D,20220429,000000,1.40055,1.40055,1.35123,1.35123,0,0
DAD_PB,D,20220502,000000,1.35123,1.35123,1.31178,1.31178,0,0
DAD_PB,D,20220504,000000,1.40055,1.40055,1.33151,1.38082,0,0
DAD_PB,D,20220505,000000,1.38082,1.40055,1.3611,1.3611,0,0
DAD_PB,D,20220506,000000,1.31178,1.35123,1.30192,1.35123,0,0
DAD_PB,D,20220509,000000,1.35123,1.35123,1.30192,1.30192,0,0
DAD_PB,D,20220510,000000,1.35123,1.35123,1.30192,1.34137,0,0
DAD_PB,D,20220511,000000,1.34137,1.34137,1.26247,1.26247,0,0
DAD_PB,D,20220512,000000,1.30192,1.30192,1.2526,1.2526,0,0
DAD_PB,D,20220513,000000,1.2526,1.29205,1.2526,1.28219,0,0
DAD_PB,D,20220516,000000,1.30192,1.31178,1.26247,1.31178,0,0
DAD_PB,D,20220517,000000,1.31178,1.34137,1.26247,1.34137,0,0
DAD_PB,D,20220518,000000,1.34137,1.34137,1.31178,1.32164,0,0
DAD_PB,D,20220519,000000,1.34137,1.34137,1.31178,1.31178,0,0
DAD_PB,D,20220520,000000,1.34137,1.34137,1.31178,1.33151,0,0
DAD_PB,D,20220523,000000,1.37096,1.37096,1.2526,1.2526,0,0
DAD_PB,D,20220524,000000,1.27233,1.30192,1.2526,1.27233,0,0
DAD_PB,D,20220525,000000,1.28219,1.28219,1.2526,1.2526,0,0
DAD_PB,D,20220526,000000,1.2526,1.28219,1.24274,1.24274,0,0
DAD_PB,D,20220527,000000,1.31178,1.31178,1.26247,1.26247,0,0
DAD_PB,D,20220530,000000,1.2526,1.27233,1.2526,1.2526,0,0
DAD_PB,D,20220531,000000,1.26247,1.31178,1.26247,1.27233,0,0
DAD_PB,D,20220601,000000,1.31178,1.31178,1.2526,1.26247,0,0
DAD_PB,D,20220602,000000,1.29205,1.29205,1.23288,1.23288,0,0
DAD_PB,D,20220603,000000,1.27233,1.27233,1.23288,1.26247,0,0
DAD_PB,D,20220606,000000,1.27233,1.27233,1.21315,1.21315,0,0
DAD_PB,D,20220607,000000,1.26247,1.26247,1.20329,1.20329,0,0
DAD_PB,D,20220608,000000,1.2526,1.2526,1.15397,1.15397,0,0
DAD_PB,D,20220609,000000,1.20329,1.20329,1.15397,1.19342,0,0
DAD_PB,D,20220610,000000,1.20329,1.20329,1.15397,1.20329,0,0
DAD_PB,D,20220613,000000,1.22,1.22,1.13,1.17,0,0
DAD_PB,D,20220614,000000,1.21,1.21,1.17,1.17,0,0
DAD_PB,D,20220615,000000,1.21,1.21,1.17,1.21,0,0
DAD_PB,D,20220617,000000,1.21,1.21,1.17,1.19,0,0
DAD_PB,D,20220620,000000,1.2,1.2,1.17,1.17,0,0
DAD_PB,D,20220621,000000,1.2,1.22,1.17,1.22,0,0
DAD_PB,D,20220622,000000,1.19,1.2,1.19,1.2,0,0
DAD_PB,D,20220623,000000,1.22,1.22,1.21,1.21,0,0
DAD_PB,D,20220624,000000,1.23,1.23,1.21,1.23,0,0
DAD_PB,D,20220627,000000,1.23,1.28,1.22,1.28,0,0
DAD_PB,D,20220628,000000,1.27,1.33,1.23,1.33,0,0
DAD_PB,D,20220629,000000,1.35,1.35,1.29,1.35,0,0
DAD_PB,D,20220630,000000,1.38,1.38,1.32,1.33,0,0
DAD_PB,D,20220701,000000,1.33,1.37,1.33,1.35,0,0
DAD_PB,D,20220704,000000,1.33,1.37,1.33,1.33,0,0
DAD_PB,D,20220705,000000,1.37,1.37,1.29,1.29,0,0
DAD_PB,D,20220706,000000,1.32,1.39,1.31,1.37,0,0
DAD_PB,D,20220707,000000,1.39,1.41,1.37,1.39,0,0
DAD_PB,D,20220708,000000,1.39,1.4,1.39,1.4,0,0
DAD_PB,D,20220711,000000,1.4,1.4,1.38,1.4,0,0
DAD_PB,D,20220712,000000,1.4,1.4,1.37,1.38,0,0
DAD_PB,D,20220713,000000,1.38,1.38,1.38,1.38,0,0
DAD_PB,D,20220714,000000,1.42,1.42,1.33,1.41,0,0
DAD_PB,D,20220715,000000,1.41,1.41,1.39,1.41,0,0
DAD_PB,D,20220718,000000,1.41,1.41,1.34,1.41,0,0
DAD_PB,D,20220719,000000,1.41,1.41,1.34,1.4,0,0
DAD_PB,D,20220720,000000,1.42,1.42,1.37,1.4,0,0
DAD_PB,D,20220721,000000,1.41,1.41,1.36,1.36,0,0
DAD_PB,D,20220722,000000,1.39,1.39,1.33,1.37,0,0
DAD_PB,D,20220725,000000,1.38,1.38,1.31,1.31,0,0
DAD_PB,D,20220726,000000,1.31,1.33,1.31,1.33,0,0
DAD_PB,D,20220727,000000,1.38,1.38,1.37,1.37,0,0
DAD_PB,D,20220728,000000,1.38,1.41,1.29,1.29,0,0
DAD_PB,D,20220729,000000,1.29,1.29,1.22,1.22,0,0
DAD_PB,D,20220801,000000,1.22,1.22,1.22,1.22,0,0
DAD_PB,D,20220802,000000,1.27,1.27,1.24,1.24,0,0
DAD_PB,D,20220803,000000,1.24,1.27,1.24,1.24,0,0
DAD_PB,D,20220804,000000,1.24,1.31,1.24,1.31,0,0
DAD_PB,D,20220805,000000,1.33,1.33,1.27,1.27,0,0
DAD_PB,D,20220808,000000,1.29,1.31,1.29,1.31,0,0
DAD_PB,D,20220809,000000,1.3,1.32,1.27,1.31,0,0
DAD_PB,D,20220810,000000,1.31,1.31,1.26,1.29,0,0
DAD_PB,D,20220811,000000,1.31,1.31,1.3,1.31,0,0
DAD_PB,D,20220812,000000,1.31,1.31,1.3,1.3,0,0
DAD_PB,D,20220816,000000,1.32,1.32,1.3,1.32,0,0
DAD_PB,D,20220817,000000,1.32,1.32,1.26,1.32,0,0
DAD_PB,D,20220818,000000,1.32,1.32,1.27,1.31,0,0
DAD_PB,D,20220819,000000,1.31,1.31,1.26,1.3,0,0
DAD_PB,D,20220822,000000,1.31,1.31,1.26,1.27,0,0
DAD_PB,D,20220823,000000,1.28,1.28,1.25,1.25,0,0
DAD_PB,D,20220824,000000,1.25,1.29,1.24,1.24,0,0
DAD_PB,D,20220825,000000,1.24,1.24,1.19,1.22,0,0
DAD_PB,D,20220826,000000,1.24,1.24,1.17,1.17,0,0
DAD_PB,D,20220829,000000,1.17,1.17,1.16,1.17,0,0
DAD_PB,D,20220830,000000,1.14,1.24,1.14,1.24,0,0
DAD_PB,D,20220831,000000,1.24,1.24,1.17,1.2,0,0
DAD_PB,D,20220901,000000,1.21,1.21,1.17,1.18,0,0
DAD_PB,D,20220902,000000,1.18,1.18,1.14,1.17,0,0
DAD_PB,D,20220905,000000,1.18,1.18,1.16,1.16,0,0
DAD_PB,D,20220906,000000,1.16,1.17,1.16,1.16,0,0
DAD_PB,D,20220907,000000,1.18,1.18,1.17,1.17,0,0
DAD_PB,D,20220908,000000,1.18,1.18,1.14,1.14,0,0
DAD_PB,D,20220909,000000,1.14,1.17,1.14,1.17,0,0
DAD_PB,D,20220912,000000,1.15,1.16,1.15,1.16,0,0
DAD_PB,D,20220913,000000,1.15,1.15,1.11,1.11,0,0
DAD_PB,D,20220914,000000,1.11,1.16,1.11,1.16,0,0
DAD_PB,D,20220915,000000,1.16,1.16,1.11,1.11,0,0
DAD_PB,D,20220916,000000,1.13,1.13,1.06,1.06,0,0
DAD_PB,D,20220919,000000,1.06,1.08,1.06,1.06,0,0
DAD_PB,D,20220920,000000,1.05,1.07,1.02,1.02,0,0
DAD_PB,D,20220921,000000,1.06,1.06,0.96,0.97,0,0
DAD_PB,D,20220922,000000,1,1,0.96,1,0,0
DAD_PB,D,20220923,000000,1,1.02,0.96,1.02,0,0
DAD_PB,D,20220926,000000,1.04,1.04,0.97,1,0,0
DAD_PB,D,20220927,000000,1,1,0.96,0.98,0,0
DAD_PB,D,20220928,000000,1,1,0.95,0.95,0,0
DAD_PB,D,20220929,000000,0.97,0.97,0.94,0.95,0,0
DAD_PB,D,20220930,000000,1,1,0.96,0.96,0,0
DAD_PB,D,20221003,000000,0.96,0.97,0.96,0.96,0,0
DAD_PB,D,20221004,000000,0.97,0.97,0.93,0.93,0,0
DAD_PB,D,20221005,000000,0.93,1,0.93,0.96,0,0
DAD_PB,D,20221006,000000,1,1,0.97,0.99,0,0
DAD_PB,D,20221007,000000,1,1.1,0.98,1.1,0,0
DAD_PB,D,20221010,000000,1.09,1.09,0.98,0.98,0,0
DAD_PB,D,20221011,000000,1.01,1.02,0.96,0.96,0,0
DAD_PB,D,20221012,000000,1.03,1.03,1,1,0,0
DAD_PB,D,20221013,000000,0.99,0.99,0.99,0.99,0,0
DAD_PB,D,20221014,000000,1.09,1.09,1.01,1.01,0,0
DAD_PB,D,20221017,000000,1.06,1.06,0.98,0.98,0,0
DAD_PB,D,20221018,000000,0.98,1.02,0.97,1.01,0,0
DAD_PB,D,20221019,000000,1.04,1.04,1,1.01,0,0
DAD_PB,D,20221020,000000,1.01,1.01,0.97,0.98,0,0
DAD_PB,D,20221021,000000,1,1,1,1,0,0
DAD_PB,D,20221024,000000,1,1.01,0.99,1.01,0,0
DAD_PB,D,20221025,000000,1,1,0.98,1,0,0
DAD_PB,D,20221026,000000,1,1.01,0.99,1.01,0,0
DAD_PB,D,20221027,000000,1.01,1.01,0.99,1.01,0,0
DAD_PB,D,20221028,000000,1.01,1.02,1.01,1.02,0,0
DAD_PB,D,20221031,000000,1.01,1.07,1.01,1.06,0,0
DAD_PB,D,20221102,000000,1.06,1.13,1.05,1.13,0,0
DAD_PB,D,20221103,000000,1.13,1.13,1.07,1.11,0,0
DAD_PB,D,20221104,000000,1.09,1.13,1.09,1.13,0,0
DAD_PB,D,20221107,000000,1.13,1.13,1.09,1.09,0,0
DAD_PB,D,20221108,000000,1.1,1.1,1.06,1.09,0,0
DAD_PB,D,20221109,000000,1.13,1.13,1.05,1.1,0,0
DAD_PB,D,20221110,000000,1.08,1.1,1.03,1.03,0,0
DAD_PB,D,20221114,000000,1.07,1.1,1.01,1.02,0,0
DAD_PB,D,20221115,000000,1.05,1.05,1.02,1.04,0,0
DAD_PB,D,20221116,000000,1.04,1.04,0.95,1.01,0,0
DAD_PB,D,20221117,000000,1.01,1.01,1,1,0,0
DAD_PB,D,20221118,000000,1.01,1.01,0.97,1.01,0,0
DAD_PB,D,20221121,000000,1.01,1.01,0.99,1,0,0
DAD_PB,D,20221122,000000,1.01,1.01,0.98,1.01,0,0
DAD_PB,D,20221123,000000,1.01,1.02,1.01,1.02,0,0
DAD_PB,D,20221124,000000,1.03,1.03,1,1.03,0,0
DAD_PB,D,20221125,000000,1.03,1.09,1.03,1.07,0,0
DAD_PB,D,20221128,000000,1.08,1.08,1.06,1.06,0,0
DAD_PB,D,20221129,000000,1.08,1.08,1,1.06,0,0
DAD_PB,D,20221130,000000,1.07,1.07,1.03,1.03,0,0
DAD_PB,D,20221201,000000,1.05,1.07,1.03,1.07,0,0
DAD_PB,D,20221202,000000,1.08,1.08,1.03,1.08,0,0
DAD_PB,D,20221205,000000,1.07,1.07,1.04,1.04,0,0
DAD_PB,D,20221206,000000,1.04,1.06,1.04,1.06,0,0
DAD_PB,D,20221207,000000,1.06,1.06,1.04,1.05,0,0
DAD_PB,D,20221208,000000,1.05,1.07,1.05,1.05,0,0
DAD_PB,D,20221209,000000,1.05,1.08,1.05,1.08,0,0
DAD_PB,D,20221212,000000,1.08,1.1,1.08,1.1,0,0
DAD_PB,D,20221213,000000,1.1,1.13,1.1,1.11,0,0
DAD_PB,D,20221214,000000,1.11,1.16,1.11,1.13,0,0
DAD_PB,D,20221215,000000,1.13,1.13,1.08,1.08,0,0
DAD_PB,D,20221216,000000,1.1,1.12,1.08,1.11,0,0
DAD_PB,D,20221219,000000,1.13,1.14,1.08,1.08,0,0
DAD_PB,D,20221220,000000,1.08,1.08,1.07,1.07,0,0
DAD_PB,D,20221221,000000,1.06,1.07,1.05,1.06,0,0
DAD_PB,D,20221222,000000,1.06,1.07,1.06,1.06,0,0
DAD_PB,D,20221223,000000,1.06,1.1,1.06,1.08,0,0
DAD_PB,D,20221227,000000,1.08,1.1,1.08,1.1,0,0
DAD_PB,D,20221228,000000,1.11,1.11,1.07,1.1,0,0
DAD_PB,D,20221229,000000,1.1,1.12,1.09,1.12,0,0
DAD_PB,D,20221230,000000,1.12,1.12,1.1,1.11,0,0
DAD_PB,D,20230102,000000,1.12,1.12,1.11,1.12,0,0
DAD_PB,D,20230103,000000,1.11,1.13,1.11,1.13,0,0
DAD_PB,D,20230104,000000,1.14,1.2,1.14,1.2,0,0
DAD_PB,D,20230105,000000,1.22,1.23,1.2,1.23,0,0
DAD_PB,D,20230109,000000,1.23,1.23,1.2,1.23,0,0
DAD_PB,D,20230110,000000,1.26,1.27,1.23,1.23,0,0
DAD_PB,D,20230111,000000,1.27,1.27,1.23,1.23,0,0
DAD_PB,D,20230112,000000,1.25,1.25,1.24,1.25,0,0
DAD_PB,D,20230113,000000,1.25,1.25,1.22,1.22,0,0
DAD_PB,D,20230116,000000,1.26,1.28,1.24,1.25,0,0
DAD_PB,D,20230117,000000,1.27,1.29,1.27,1.27,0,0
DAD_PB,D,20230118,000000,1.28,1.29,1.25,1.25,0,0
DAD_PB,D,20230119,000000,1.25,1.25,1.24,1.24,0,0
DAD_PB,D,20230120,000000,1.25,1.25,1.24,1.24,0,0
DAD_PB,D,20230123,000000,1.24,1.29,1.24,1.24,0,0
DAD_PB,D,20230124,000000,1.24,1.27,1.24,1.25,0,0
DAD_PB,D,20230125,000000,1.26,1.29,1.25,1.29,0,0
DAD_PB,D,20230126,000000,1.29,1.31,1.28,1.29,0,0
DAD_PB,D,20230127,000000,1.29,1.31,1.28,1.29,0,0
DAD_PB,D,20230130,000000,1.3,1.3,1.23,1.24,0,0
DAD_PB,D,20230131,000000,1.24,1.29,1.24,1.28,0,0
DAD_PB,D,20230201,000000,1.28,1.28,1.28,1.28,0,0
DAD_PB,D,20230202,000000,1.28,1.29,1.28,1.29,0,0
DAD_PB,D,20230203,000000,1.29,1.31,1.29,1.3,0,0
DAD_PB,D,20230206,000000,1.3,1.3,1.26,1.26,0,0
DAD_PB,D,20230207,000000,1.26,1.3,1.26,1.28,0,0
DAD_PB,D,20230208,000000,1.3,1.3,1.26,1.26,0,0
DAD_PB,D,20230209,000000,1.27,1.28,1.26,1.26,0,0
DAD_PB,D,20230210,000000,1.26,1.26,1.19,1.19,0,0
DAD_PB,D,20230213,000000,1.19,1.21,1.19,1.19,0,0
DAD_PB,D,20230214,000000,1.19,1.21,1.19,1.21,0,0
DAD_PB,D,20230215,000000,1.19,1.21,1.15,1.18,0,0
DAD_PB,D,20230216,000000,1.18,1.21,1.17,1.17,0,0
DAD_PB,D,20230217,000000,1.2,1.2,1.16,1.2,0,0
DAD_PB,D,20230220,000000,1.2,1.21,1.17,1.2,0,0
DAD_PB,D,20230221,000000,1.2,1.2,1.15,1.19,0,0
DAD_PB,D,20230222,000000,1.19,1.19,1.19,1.19,0,0
DAD_PB,D,20230223,000000,1.19,1.2,1.19,1.2,0,0
DAD_PB,D,20230224,000000,1.2,1.21,1.2,1.21,0,0
DAD_PB,D,20230227,000000,1.2,1.23,1.2,1.23,0,0
DAD_PB,D,20230228,000000,1.23,1.23,1.2,1.23,0,0
DAD_PB,D,20230301,000000,1.23,1.27,1.23,1.26,0,0
DAD_PB,D,20230302,000000,1.26,1.26,1.22,1.22,0,0
DAD_PB,D,20230303,000000,1.25,1.27,1.22,1.26,0,0
DAD_PB,D,20230306,000000,1.26,1.27,1.26,1.27,0,0
DAD_PB,D,20230307,000000,1.27,1.27,1.22,1.25,0,0
DAD_PB,D,20230308,000000,1.25,1.28,1.25,1.28,0,0
DAD_PB,D,20230309,000000,1.28,1.28,1.24,1.24,0,0
DAD_PB,D,20230310,000000,1.24,1.24,1.21,1.21,0,0
DAD_PB,D,20230313,000000,1.22,1.22,1.19,1.19,0,0
DAD_PB,D,20230314,000000,1.19,1.19,1.16,1.19,0,0
DAD_PB,D,20230315,000000,1.19,1.19,1.15,1.15,0,0
DAD_PB,D,20230316,000000,1.16,1.18,1.15,1.18,0,0
DAD_PB,D,20230317,000000,1.2,1.23,1.18,1.18,0,0
DAD_PB,D,20230320,000000,1.18,1.23,1.15,1.15,0,0
DAD_PB,D,20230321,000000,1.16,1.22,1.16,1.22,0,0
DAD_PB,D,20230322,000000,1.2,1.2,1.14,1.15,0,0
DAD_PB,D,20230323,000000,1.15,1.18,1.11,1.12,0,0
DAD_PB,D,20230324,000000,1.09,1.12,1.09,1.11,0,0
DAD_PB,D,20230327,000000,1.14,1.18,1.12,1.17,0,0
DAD_PB,D,20230328,000000,1.18,1.18,1.15,1.15,0,0
DAD_PB,D,20230329,000000,1.15,1.15,1.13,1.13,0,0
DAD_PB,D,20230330,000000,1.13,1.2,1.13,1.19,0,0
DAD_PB,D,20230331,000000,1.2,1.2,1.19,1.19,0,0
DAD_PB,D,20230403,000000,1.2,1.23,1.19,1.21,0,0
DAD_PB,D,20230404,000000,1.22,1.27,1.18,1.18,0,0
DAD_PB,D,20230405,000000,1.18,1.22,1.18,1.18,0,0
DAD_PB,D,20230406,000000,1.2,1.26,1.18,1.25,0,0
DAD_PB,D,20230411,000000,1.27,1.39,1.27,1.39,0,0
DAD_PB,D,20230412,000000,1.37,1.39,1.34,1.34,0,0
DAD_PB,D,20230413,000000,1.37,1.42,1.37,1.41,0,0
DAD_PB,D,20230414,000000,1.41,1.48,1.39,1.4,0,0
DAD_PB,D,20230417,000000,1.4,1.44,1.37,1.43,0,0
DAD_PB,D,20230418,000000,1.43,1.45,1.41,1.44,0,0
DAD_PB,D,20230419,000000,1.45,1.47,1.41,1.41,0,0
DAD_PB,D,20230420,000000,1.41,1.45,1.36,1.36,0,0
DAD_PB,D,20230421,000000,1.37,1.46,1.37,1.37,0,0
DAD_PB,D,20230424,000000,1.42,1.42,1.38,1.42,0,0
DAD_PB,D,20230425,000000,1.42,1.42,1.38,1.38,0,0
DAD_PB,D,20230426,000000,1.38,1.42,1.36,1.42,0,0
DAD_PB,D,20230427,000000,1.42,1.53,1.35,1.53,0,0
DAD_PB,D,20230428,000000,1.54,1.57,1.53,1.53,0,0
DAD_PB,D,20230502,000000,1.53,1.61,1.53,1.6,0,0
DAD_PB,D,20230504,000000,1.61,1.62,1.55,1.55,0,0
DAD_PB,D,20230505,000000,1.55,1.57,1.54,1.57,0,0
DAD_PB,D,20230508,000000,1.57,1.62,1.57,1.57,0,0
DAD_PB,D,20230509,000000,1.61,1.61,1.56,1.56,0,0
DAD_PB,D,20230510,000000,1.54,1.54,1.43,1.48,0,0
DAD_PB,D,20230511,000000,1.52,1.52,1.44,1.45,0,0
DAD_PB,D,20230512,000000,1.51,1.56,1.48,1.54,0,0
DAD_PB,D,20230515,000000,1.53,1.54,1.48,1.53,0,0
DAD_PB,D,20230516,000000,1.54,1.55,1.49,1.55,0,0
DAD_PB,D,20230517,000000,1.56,1.56,1.51,1.56,0,0
DAD_PB,D,20230518,000000,1.56,1.56,1.51,1.54,0,0
DAD_PB,D,20230519,000000,1.53,1.53,1.51,1.51,0,0
DAD_PB,D,20230522,000000,1.53,1.62,1.5,1.56,0,0
DAD_PB,D,20230523,000000,1.6,1.72,1.59,1.7,0,0
DAD_PB,D,20230524,000000,1.71,1.71,1.64,1.67,0,0
DAD_PB,D,20230525,000000,1.64,1.69,1.62,1.66,0,0
DAD_PB,D,20230526,000000,1.69,1.73,1.64,1.69,0,0
DAD_PB,D,20230529,000000,1.66,1.68,1.66,1.68,0,0
DAD_PB,D,20230530,000000,1.68,1.7,1.65,1.69,0,0
DAD_PB,D,20230531,000000,1.68,1.68,1.59,1.66,0,0
DAD_PB,D,20230601,000000,1.59,1.66,1.59,1.66,0,0
DAD_PB,D,20230602,000000,1.7,1.7,1.66,1.66,0,0
DAD_PB,D,20230605,000000,1.71,1.76,1.71,1.76,0,0
DAD_PB,D,20230606,000000,1.75,1.75,1.73,1.75,0,0
DAD_PB,D,20230607,000000,1.75,1.75,1.69,1.73,0,0
DAD_PB,D,20230609,000000,1.71,1.72,1.69,1.69,0,0
DAD_PB,D,20230612,000000,1.71,1.74,1.71,1.71,0,0
DAD_PB,D,20230613,000000,1.74,1.82,1.7,1.81,0,0
DAD_PB,D,20230614,000000,1.82,1.82,1.75,1.77,0,0
DAD_PB,D,20230615,000000,1.77,1.77,1.74,1.77,0,0
DAD_PB,D,20230616,000000,1.77,1.79,1.74,1.79,0,0
DAD_PB,D,20230619,000000,1.78,1.78,1.71,1.71,0,0
DAD_PB,D,20230620,000000,1.78,1.78,1.7,1.71,0,0
DAD_PB,D,20230621,000000,1.69,1.77,1.69,1.71,0,0
DAD_PB,D,20230622,000000,1.76,1.77,1.69,1.77,0,0
DAD_PB,D,20230623,000000,1.77,1.77,1.72,1.76,0,0
DAD_PB,D,20230626,000000,1.75,1.75,1.74,1.74,0,0
DAD_PB,D,20230627,000000,1.74,1.75,1.72,1.72,0,0
DAD_PB,D,20230628,000000,1.69,1.75,1.69,1.75,0,0
DAD_PB,D,20230629,000000,1.77,1.77,1.7,1.77,0,0
DAD_PB,D,20230630,000000,1.76,1.76,1.7,1.72,0,0
DAD_PB,D,20230703,000000,1.76,1.76,1.73,1.76,0,0
DAD_PB,D,20230704,000000,1.75,1.82,1.75,1.77,0,0
DAD_PB,D,20230705,000000,1.82,1.82,1.76,1.79,0,0
DAD_PB,D,20230706,000000,1.79,1.79,1.7,1.75,0,0
DAD_PB,D,20230707,000000,1.71,1.75,1.71,1.75,0,0
DAD_PB,D,20230710,000000,1.75,1.75,1.73,1.75,0,0
DAD_PB,D,20230711,000000,1.76,1.76,1.72,1.72,0,0
DAD_PB,D,20230712,000000,1.72,1.72,1.66,1.68,0,0
DAD_PB,D,20230713,000000,1.69,1.69,1.66,1.69,0,0
DAD_PB,D,20230714,000000,1.71,1.72,1.67,1.7,0,0
DAD_PB,D,20230717,000000,1.7,1.7,1.67,1.7,0,0
DAD_PB,D,20230718,000000,1.7,1.7,1.69,1.69,0,0
DAD_PB,D,20230719,000000,1.7,1.74,1.67,1.74,0,0
DAD_PB,D,20230720,000000,1.74,1.76,1.72,1.72,0,0
DAD_PB,D,20230721,000000,1.76,1.77,1.72,1.72,0,0
DAD_PB,D,20230724,000000,1.72,1.78,1.72,1.78,0,0
DAD_PB,D,20230725,000000,1.8,1.87,1.8,1.87,0,0
DAD_PB,D,20230726,000000,1.87,1.87,1.83,1.84,0,0
DAD_PB,D,20230727,000000,1.86,1.86,1.84,1.86,0,0
DAD_PB,D,20230728,000000,1.86,1.88,1.86,1.87,0,0
DAD_PB,D,20230731,000000,1.87,1.89,1.87,1.88,0,0
DAD_PB,D,20230801,000000,1.87,1.88,1.86,1.87,0,0
DAD_PB,D,20230802,000000,1.87,1.88,1.86,1.86,0,0
DAD_PB,D,20230803,000000,1.84,1.86,1.84,1.84,0,0
DAD_PB,D,20230804,000000,1.84,1.85,1.835,1.835,0,0
DAD_PB,D,20230807,000000,1.835,1.846,1.835,1.835,0,0
DAD_PB,D,20230808,000000,1.835,1.863,1.835,1.841,0,0
DAD_PB,D,20230809,000000,1.841,1.852,1.835,1.841,0,0
DAD_PB,D,20230810,000000,1.841,1.869,1.835,1.869,0,0
DAD_PB,D,20230811,000000,1.869,1.869,1.835,1.852,0,0
DAD_PB,D,20230814,000000,1.852,1.852,1.846,1.846,0,0
DAD_PB,D,20230816,000000,1.846,1.846,1.835,1.835,0,0
DAD_PB,D,20230817,000000,1.835,1.841,1.774,1.841,0,0
DAD_PB,D,20230818,000000,1.746,1.869,1.746,1.824,0,0
DAD_PB,D,20230821,000000,1.791,1.835,1.773,1.773,0,0
DAD_PB,D,20230822,000000,1.779,1.8,1.762,1.8,0,0
DAD_PB,D,20230823,000000,1.8,1.8,1.757,1.757,0,0
DAD_PB,D,20230824,000000,1.757,1.795,1.741,1.795,0,0
DAD_PB,D,20230825,000000,1.79,1.8,1.752,1.8,0,0
DAD_PB,D,20230828,000000,1.8,1.8,1.79,1.8,0,0
DAD_PB,D,20230829,000000,1.795,1.795,1.752,1.79,0,0
DAD_PB,D,20230830,000000,1.79,1.79,1.73,1.735,0,0
DAD_PB,D,20230831,000000,1.714,1.795,1.714,1.757,0,0
DAD_PB,D,20230901,000000,1.795,1.795,1.719,1.784,0,0
DAD_PB,D,20230904,000000,1.784,1.795,1.725,1.773,0,0
DAD_PB,D,20230905,000000,1.735,1.784,1.735,1.784,0,0
DAD_PB,D,20230906,000000,1.79,1.795,1.746,1.795,0,0
DAD_PB,D,20230907,000000,1.795,1.795,1.757,1.795,0,0
DAD_PB,D,20230908,000000,1.795,1.795,1.762,1.779,0,0
DAD_PB,D,20230911,000000,1.806,1.806,1.79,1.8,0,0
DAD_PB,D,20230912,000000,1.8,1.8,1.79,1.79,0,0
DAD_PB,D,20230913,000000,1.8,1.8,1.79,1.79,0,0
DAD_PB,D,20230914,000000,1.79,1.795,1.768,1.79,0,0
DAD_PB,D,20230915,000000,1.795,1.795,1.795,1.795,0,0
DAD_PB,D,20230918,000000,1.795,1.795,1.746,1.79,0,0
DAD_PB,D,20230919,000000,1.79,1.79,1.768,1.79,0,0
DAD_PB,D,20230920,000000,1.784,1.79,1.746,1.79,0,0
DAD_PB,D,20230921,000000,1.795,1.795,1.746,1.746,0,0
DAD_PB,D,20230922,000000,1.746,1.746,1.746,1.746,0,0
DAD_PB,D,20230925,000000,1.79,1.795,1.773,1.79,0,0
DAD_PB,D,20230926,000000,1.795,1.795,1.741,1.79,0,0
DAD_PB,D,20230927,000000,1.779,1.779,1.779,1.779,0,0
DAD_PB,D,20230928,000000,1.779,1.795,1.752,1.79,0,0
DAD_PB,D,20230929,000000,1.79,1.79,1.768,1.768,0,0
DAD_PB,D,20231002,000000,1.746,1.822,1.746,1.79,0,0
DAD_PB,D,20231003,000000,1.79,1.822,1.768,1.79,0,0
DAD_PB,D,20231004,000000,1.806,1.806,1.762,1.768,0,0
DAD_PB,D,20231005,000000,1.806,1.806,1.741,1.741,0,0
DAD_PB,D,20231006,000000,1.795,1.795,1.735,1.784,0,0
DAD_PB,D,20231009,000000,1.773,1.795,1.773,1.79,0,0
DAD_PB,D,20231010,000000,1.795,1.828,1.79,1.79,0,0
DAD_PB,D,20231011,000000,1.784,1.811,1.784,1.795,0,0
DAD_PB,D,20231012,000000,1.795,1.806,1.79,1.79,0,0
DAD_PB,D,20231013,000000,1.806,1.806,1.784,1.79,0,0
DAD_PB,D,20231016,000000,1.79,1.844,1.79,1.844,0,0
DAD_PB,D,20231017,000000,1.844,1.865,1.844,1.865,0,0
DAD_PB,D,20231018,000000,1.844,1.898,1.8,1.898,0,0
DAD_PB,D,20231019,000000,1.898,1.909,1.838,1.865,0,0
DAD_PB,D,20231020,000000,1.865,1.887,1.8,1.833,0,0
DAD_PB,D,20231023,000000,1.833,1.833,1.757,1.768,0,0
DAD_PB,D,20231024,000000,1.8,1.8,1.757,1.79,0,0
DAD_PB,D,20231025,000000,1.795,1.795,1.795,1.795,0,0
DAD_PB,D,20231026,000000,1.795,1.8,1.795,1.795,0,0
DAD_PB,D,20231027,000000,1.79,1.8,1.79,1.79,0,0
DAD_PB,D,20231030,000000,1.8,1.806,1.79,1.79,0,0
DAD_PB,D,20231031,000000,1.79,1.79,1.784,1.79,0,0
DAD_PB,D,20231102,000000,1.757,1.79,1.757,1.779,0,0
DAD_PB,D,20231103,000000,1.779,1.779,1.725,1.762,0,0
DAD_PB,D,20231106,000000,1.725,1.844,1.725,1.844,0,0
DAD_PB,D,20231107,000000,1.838,1.838,1.757,1.838,0,0
DAD_PB,D,20231108,000000,1.838,1.838,1.838,1.838,0,0
DAD_PB,D,20231109,000000,1.768,1.768,1.738,1.738,0,0
DAD_PB,D,20231110,000000,1.738,1.754,1.738,1.738,0,0
DAD_PB,D,20231113,000000,1.738,1.754,1.738,1.738,0,0
DAD_PB,D,20231114,000000,1.738,1.771,1.722,1.722,0,0
DAD_PB,D,20231115,000000,1.727,1.765,1.722,1.722,0,0
DAD_PB,D,20231116,000000,1.722,1.776,1.722,1.727,0,0
DAD_PB,D,20231117,000000,1.765,1.765,1.733,1.76,0,0
DAD_PB,D,20231120,000000,1.76,1.76,1.76,1.76,0,0
DAD_PB,D,20231121,000000,1.76,1.76,1.711,1.711,0,0
DAD_PB,D,20231122,000000,1.711,1.824,1.711,1.765,0,0
DAD_PB,D,20231123,000000,1.797,1.884,1.738,1.819,0,0
DAD_PB,D,20231124,000000,1.83,1.83,1.771,1.83,0,0
DAD_PB,D,20231127,000000,1.83,1.83,1.765,1.787,0,0
DAD_PB,D,20231128,000000,1.797,1.797,1.744,1.744,0,0
DAD_PB,D,20231129,000000,1.738,1.76,1.727,1.727,0,0
DAD_PB,D,20231130,000000,1.727,1.733,1.727,1.733,0,0
DAD_PB,D,20231201,000000,1.738,1.792,1.733,1.744,0,0
DAD_PB,D,20231204,000000,1.744,1.744,1.727,1.727,0,0
DAD_PB,D,20231205,000000,1.727,1.738,1.722,1.738,0,0
DAD_PB,D,20231206,000000,1.738,1.738,1.722,1.727,0,0
DAD_PB,D,20231207,000000,1.738,1.744,1.722,1.722,0,0
DAD_PB,D,20231208,000000,1.711,1.722,1.711,1.711,0,0
DAD_PB,D,20231211,000000,1.711,1.711,1.647,1.647,0,0
DAD_PB,D,20231212,000000,1.647,1.668,1.647,1.668,0,0
DAD_PB,D,20231213,000000,1.668,1.668,1.577,1.587,0,0
DAD_PB,D,20231214,000000,1.587,1.587,1.512,1.512,0,0
DAD_PB,D,20231215,000000,1.604,1.604,1.518,1.518,0,0
DAD_PB,D,20231218,000000,1.555,1.555,1.496,1.501,0,0
DAD_PB,D,20231219,000000,1.507,1.593,1.496,1.571,0,0
DAD_PB,D,20231220,000000,1.577,1.701,1.523,1.701,0,0
DAD_PB,D,20231221,000000,1.701,1.701,1.641,1.641,0,0
DAD_PB,D,20231222,000000,1.641,1.846,1.641,1.657,0,0
DAD_PB,D,20231227,000000,1.657,1.695,1.625,1.625,0,0
DAD_PB,D,20231228,000000,1.625,1.744,1.625,1.722,0,0
DAD_PB,D,20231229,000000,1.722,1.733,1.657,1.717,0,0
DAD_PB,D,20240102,000000,1.744,1.744,1.727,1.727,0,0
DAD_PB,D,20240103,000000,1.727,1.738,1.657,1.701,0,0
DAD_PB,D,20240104,000000,1.647,1.808,1.647,1.738,0,0
DAD_PB,D,20240105,000000,1.797,1.797,1.722,1.797,0,0
DAD_PB,D,20240108,000000,1.776,1.776,1.744,1.744,0,0
DAD_PB,D,20240109,000000,1.776,1.776,1.727,1.727,0,0
DAD_PB,D,20240110,000000,1.722,1.727,1.701,1.727,0,0
DAD_PB,D,20240111,000000,1.727,1.857,1.727,1.824,0,0
DAD_PB,D,20240112,000000,1.776,1.84,1.776,1.808,0,0
DAD_PB,D,20240115,000000,1.819,1.819,1.765,1.787,0,0
DAD_PB,D,20240116,000000,1.814,1.814,1.76,1.76,0,0
DAD_PB,D,20240117,000000,1.76,1.765,1.744,1.744,0,0
DAD_PB,D,20240118,000000,1.744,1.744,1.711,1.711,0,0
DAD_PB,D,20240119,000000,1.711,1.738,1.711,1.738,0,0
DAD_PB,D,20240122,000000,1.738,1.744,1.738,1.744,0,0
DAD_PB,D,20240123,000000,1.711,1.722,1.711,1.717,0,0
DAD_PB,D,20240124,000000,1.76,1.771,1.722,1.722,0,0
DAD_PB,D,20240125,000000,1.754,1.754,1.754,1.754,0,0
DAD_PB,D,20240126,000000,1.727,1.727,1.727,1.727,0,0
DAD_PB,D,20240129,000000,1.727,1.776,1.722,1.76,0,0
DAD_PB,D,20240130,000000,1.76,1.765,1.727,1.765,0,0
DAD_PB,D,20240131,000000,1.771,1.776,1.749,1.749,0,0
DAD_PB,D,20240201,000000,1.792,1.792,1.744,1.754,0,0
DAD_PB,D,20240202,000000,1.754,1.792,1.754,1.765,0,0
DAD_PB,D,20240205,000000,1.771,1.787,1.771,1.787,0,0
DAD_PB,D,20240206,000000,1.803,1.803,1.776,1.797,0,0
DAD_PB,D,20240207,000000,1.797,1.808,1.776,1.808,0,0
DAD_PB,D,20240208,000000,1.797,1.814,1.765,1.765,0,0
DAD_PB,D,20240209,000000,1.765,1.776,1.765,1.765,0,0
DAD_PB,D,20240212,000000,1.803,1.803,1.765,1.797,0,0
DAD_PB,D,20240213,000000,1.797,1.797,1.754,1.754,0,0
DAD_PB,D,20240214,000000,1.754,1.776,1.754,1.776,0,0
DAD_PB,D,20240215,000000,1.776,1.776,1.776,1.776,0,0
DAD_PB,D,20240216,000000,1.754,1.797,1.754,1.76,0,0
DAD_PB,D,20240219,000000,1.76,1.765,1.754,1.765,0,0
DAD_PB,D,20240220,000000,1.787,1.787,1.754,1.787,0,0
DAD_PB,D,20240221,000000,1.776,1.787,1.754,1.787,0,0
DAD_PB,D,20240222,000000,1.803,1.803,1.754,1.781,0,0
DAD_PB,D,20240223,000000,1.765,1.781,1.765,1.765,0,0
DAD_PB,D,20240226,000000,1.765,1.781,1.765,1.781,0,0
DAD_PB,D,20240227,000000,1.781,1.781,1.749,1.771,0,0
DAD_PB,D,20240228,000000,1.776,1.776,1.668,1.749,0,0
DAD_PB,D,20240229,000000,1.749,1.749,1.749,1.749,0,0
DAD_PB,D,20240301,000000,1.749,1.754,1.749,1.754,0,0
DAD_PB,D,20240304,000000,1.754,1.754,1.749,1.749,0,0
DAD_PB,D,20240305,000000,1.776,1.776,1.776,1.776,0,0
DAD_PB,D,20240306,000000,1.776,1.792,1.776,1.792,0,0
DAD_PB,D,20240307,000000,1.792,1.792,1.754,1.781,0,0
DAD_PB,D,20240308,000000,1.792,1.792,1.754,1.754,0,0
DAD_PB,D,20240311,000000,1.76,1.76,1.76,1.76,0,0
DAD_PB,D,20240312,000000,1.76,1.787,1.76,1.76,0,0
DAD_PB,D,20240313,000000,1.792,1.792,1.76,1.76,0,0
DAD_PB,D,20240314,000000,1.787,1.787,1.754,1.754,0,0
DAD_PB,D,20240315,000000,1.754,1.754,1.733,1.754,0,0
DAD_PB,D,20240318,000000,1.765,1.765,1.754,1.754,0,0
DAD_PB,D,20240319,000000,1.754,1.754,1.722,1.754,0,0
DAD_PB,D,20240320,000000,1.754,1.754,1.722,1.722,0,0
DAD_PB,D,20240321,000000,1.717,1.754,1.711,1.711,0,0
DAD_PB,D,20240322,000000,1.722,1.722,1.684,1.722,0,0
DAD_PB,D,20240325,000000,1.722,1.754,1.679,1.711,0,0
DAD_PB,D,20240326,000000,1.717,1.738,1.717,1.738,0,0
DAD_PB,D,20240327,000000,1.717,1.717,1.717,1.717,0,0
DAD_PB,D,20240328,000000,1.717,1.738,1.695,1.695,0,0
DAD_PB,D,20240402,000000,1.695,1.814,1.674,1.754,0,0
DAD_PB,D,20240403,000000,1.792,1.808,1.684,1.787,0,0
DAD_PB,D,20240404,000000,1.787,1.787,1.727,1.738,0,0
DAD_PB,D,20240405,000000,1.776,1.776,1.733,1.733,0,0
DAD_PB,D,20240408,000000,1.744,1.776,1.744,1.744,0,0
DAD_PB,D,20240409,000000,1.744,1.776,1.733,1.776,0,0
DAD_PB,D,20240410,000000,1.776,1.776,1.744,1.771,0,0
DAD_PB,D,20240411,000000,1.771,1.776,1.749,1.749,0,0
DAD_PB,D,20240412,000000,1.749,1.819,1.749,1.765,0,0
DAD_PB,D,20240415,000000,1.819,1.862,1.819,1.851,0,0
DAD_PB,D,20240416,000000,1.857,1.932,1.84,1.916,0,0
DAD_PB,D,20240417,000000,1.91,1.916,1.851,1.884,0,0
DAD_PB,D,20240418,000000,1.884,1.916,1.884,1.916,0,0
DAD_PB,D,20240419,000000,1.916,1.932,1.894,1.916,0,0
DAD_PB,D,20240422,000000,1.916,1.932,1.91,1.91,0,0
DAD_PB,D,20240423,000000,1.91,1.91,1.867,1.867,0,0
DAD_PB,D,20240424,000000,1.867,1.91,1.857,1.857,0,0
DAD_PB,D,20240425,000000,1.857,1.991,1.857,1.991,0,0
DAD_PB,D,20240426,000000,2.002,2.013,1.959,1.975,0,0
DAD_PB,D,20240429,000000,1.986,2.045,1.986,2.045,0,0
DAD_PB,D,20240430,000000,2.04,2.04,1.975,2.007,0,0
DAD_PB,D,20240502,000000,2.029,2.029,1.959,1.959,0,0
DAD_PB,D,20240506,000000,1.964,1.964,1.862,1.926,0,0
DAD_PB,D,20240507,000000,1.937,2.085,1.937,2.003,0,0
DAD_PB,D,20240508,000000,2.014,2.014,1.948,1.948,0,0
DAD_PB,D,20240509,000000,1.948,2.019,1.948,2.003,0,0
DAD_PB,D,20240510,000000,2.008,2.008,2.003,2.003,0,0
DAD_PB,D,20240513,000000,2.008,2.008,1.942,1.97,0,0
DAD_PB,D,20240514,000000,1.959,2.003,1.937,1.942,0,0
DAD_PB,D,20240515,000000,1.937,1.992,1.931,1.931,0,0
DAD_PB,D,20240516,000000,1.931,1.97,1.86,1.909,0,0
DAD_PB,D,20240517,000000,1.909,1.915,1.882,1.882,0,0
DAD_PB,D,20240520,000000,1.904,1.975,1.871,1.871,0,0
DAD_PB,D,20240521,000000,1.876,1.898,1.86,1.898,0,0
DAD_PB,D,20240522,000000,1.915,1.915,1.86,1.904,0,0
DAD_PB,D,20240523,000000,1.926,1.97,1.876,1.926,0,0
DAD_PB,D,20240524,000000,2.041,2.135,2.025,2.091,0,0
DAD_PB,D,20240527,000000,2.124,2.278,2.124,2.161,0,0
DAD_PB,D,20240528,000000,2.172,2.194,2.102,2.107,0,0
DAD_PB,D,20240529,000000,2.14,2.156,2.053,2.156,0,0
DAD_PB,D,20240531,000000,2.107,2.172,2.107,2.172,0,0
DAD_PB,D,20240603,000000,2.183,2.183,2.064,2.064,0,0
DAD_PB,D,20240604,000000,2.064,2.156,2.064,2.091,0,0
DAD_PB,D,20240605,000000,2.091,2.172,2.064,2.161,0,0
DAD_PB,D,20240606,000000,2.194,2.269,2.194,2.226,0,0
DAD_PB,D,20240607,000000,2.226,2.248,2.183,2.248,0,0
DAD_PB,D,20240610,000000,2.259,2.302,2.205,2.248,0,0
DAD_PB,D,20240611,000000,2.248,2.248,2.172,2.226,0,0
DAD_PB,D,20240612,000000,2.226,2.226,2.194,2.194,0,0
DAD_PB,D,20240613,000000,2.215,2.215,2.172,2.215,0,0
DAD_PB,D,20240614,000000,2.226,2.226,2.172,2.172,0,0
DAD_PB,D,20240617,000000,2.215,2.215,2.151,2.205,0,0
DAD_PB,D,20240618,000000,2.205,2.205,2.134,2.161,0,0
DAD_PB,D,20240619,000000,2.161,2.161,2.129,2.156,0,0
DAD_PB,D,20240620,000000,2.161,2.161,2.091,2.107,0,0
DAD_PB,D,20240621,000000,2.107,2.107,1.994,2.01,0,0
DAD_PB,D,20240624,000000,2.01,2.086,2.01,2.032,0,0
DAD_PB,D,20240625,000000,2.032,2.129,2.032,2.129,0,0
DAD_PB,D,20240626,000000,2.129,2.129,2.07,2.07,0,0
DAD_PB,D,20240627,000000,2.123,2.129,2.123,2.129,0,0
DAD_PB,D,20240628,000000,2.14,2.14,2.107,2.113,0,0
DAD_PB,D,20240701,000000,2.183,2.183,2.145,2.145,0,0
DAD_PB,D,20240702,000000,2.14,2.302,2.14,2.269,0,0
DAD_PB,D,20240703,000000,2.259,2.356,2.237,2.356,0,0
DAD_PB,D,20240704,000000,2.378,2.799,2.378,2.68,0,0
DAD_PB,D,20240705,000000,2.81,2.918,2.756,2.788,0,0
DAD_PB,D,20240708,000000,2.788,2.788,2.669,2.713,0,0
DAD_PB,D,20240709,000000,2.669,2.669,2.615,2.637,0,0
DAD_PB,D,20240710,000000,2.648,2.658,2.626,2.658,0,0
DAD_PB,D,20240711,000000,2.658,2.68,2.518,2.55,0,0
DAD_PB,D,20240712,000000,2.583,2.615,2.561,2.594,0,0
DAD_PB,D,20240715,000000,2.594,2.594,2.518,2.518,0,0
DAD_PB,D,20240716,000000,2.507,2.507,2.378,2.431,0,0
DAD_PB,D,20240717,000000,2.442,2.475,2.378,2.421,0,0
DAD_PB,D,20240718,000000,2.41,2.518,2.41,2.518,0,0
DAD_PB,D,20240719,000000,2.518,2.572,2.431,2.561,0,0
DAD_PB,D,20240722,000000,2.572,2.626,2.54,2.626,0,0
DAD_PB,D,20240723,000000,2.637,2.691,2.626,2.658,0,0
DAD_PB,D,20240724,000000,2.702,2.723,2.486,2.561,0,0
DAD_PB,D,20240725,000000,2.572,2.648,2.518,2.561,0,0
DAD_PB,D,20240726,000000,2.561,2.637,2.486,2.594,0,0
DAD_PB,D,20240729,000000,2.54,2.615,2.54,2.604,0,0
DAD_PB,D,20240730,000000,2.604,2.604,2.518,2.604,0,0
DAD_PB,D,20240731,000000,2.594,2.604,2.518,2.518,0,0
DAD_PB,D,20240801,000000,2.583,2.604,2.583,2.583,0,0
DAD_PB,D,20240802,000000,2.572,2.572,2.475,2.475,0,0
DAD_PB,D,20240805,000000,2.378,2.378,2.28,2.356,0,0
DAD_PB,D,20240806,000000,2.378,2.421,2.323,2.323,0,0
DAD_PB,D,20240807,000000,2.334,2.453,2.334,2.388,0,0
DAD_PB,D,20240808,000000,2.367,2.399,2.356,2.399,0,0
DAD_PB,D,20240809,000000,2.378,2.399,2.367,2.378,0,0
DAD_PB,D,20240812,000000,2.399,2.518,2.378,2.486,0,0
DAD_PB,D,20240813,000000,2.518,2.54,2.464,2.486,0,0
DAD_PB,D,20240814,000000,2.637,2.702,2.459,2.459,0,0
DAD_PB,D,20240816,000000,2.489,2.589,2.459,2.579,0,0
DAD_PB,D,20240819,000000,2.579,2.589,2.559,2.559,0,0
DAD_PB,D,20240820,000000,2.559,2.599,2.559,2.579,0,0
DAD_PB,D,20240821,000000,2.589,2.599,2.489,2.489,0,0
DAD_PB,D,20240822,000000,2.489,2.549,2.469,2.489,0,0
DAD_PB,D,20240823,000000,2.489,2.489,2.359,2.429,0,0
DAD_PB,D,20240826,000000,2.419,2.419,2.369,2.369,0,0
DAD_PB,D,20240827,000000,2.379,2.379,2.308,2.308,0,0
DAD_PB,D,20240828,000000,2.308,2.359,2.288,2.288,0,0
DAD_PB,D,20240829,000000,2.288,2.338,2.258,2.258,0,0
DAD_PB,D,20240830,000000,2.258,2.278,2.198,2.198,0,0
DAD_PB,D,20240902,000000,2.208,2.258,2.178,2.178,0,0
DAD_PB,D,20240903,000000,2.208,2.208,2.148,2.158,0,0
DAD_PB,D,20240904,000000,2.158,2.158,2.027,2.108,0,0
DAD_PB,D,20240905,000000,2.198,2.198,2.098,2.098,0,0
DAD_PB,D,20240906,000000,2.078,2.078,2.002,2.007,0,0
DAD_PB,D,20240909,000000,2.007,2.128,2.007,2.128,0,0
DAD_PB,D,20240910,000000,2.138,2.138,2.067,2.067,0,0
DAD_PB,D,20240911,000000,2.058,2.128,2.058,2.098,0,0
DAD_PB,D,20240912,000000,2.128,2.138,2.047,2.088,0,0
DAD_PB,D,20240913,000000,2.118,2.118,2.078,2.118,0,0
DAD_PB,D,20240916,000000,2.118,2.158,2.098,2.158,0,0
DAD_PB,D,20240917,000000,2.138,2.158,2.058,2.128,0,0
DAD_PB,D,20240918,000000,2.188,2.208,2.108,2.188,0,0
DAD_PB,D,20240919,000000,2.188,2.248,2.148,2.198,0,0
DAD_PB,D,20240920,000000,2.198,2.198,2.128,2.128,0,0
DAD_PB,D,20240923,000000,2.128,2.168,2.098,2.148,0,0
DAD_PB,D,20240924,000000,2.148,2.168,2.128,2.148,0,0
DAD_PB,D,20240925,000000,2.198,2.218,2.158,2.208,0,0
DAD_PB,D,20240926,000000,2.178,2.228,2.168,2.228,0,0
DAD_PB,D,20240927,000000,2.238,2.238,2.168,2.188,0,0
DAD_PB,D,20240930,000000,2.208,2.208,2.158,2.178,0,0
DAD_PB,D,20241001,000000,2.027,2.168,2.027,2.168,0,0
DAD_PB,D,20241002,000000,2.158,2.208,2.108,2.118,0,0
DAD_PB,D,20241003,000000,2.148,2.188,2.108,2.138,0,0
DAD_PB,D,20241004,000000,2.138,2.158,2.108,2.148,0,0
DAD_PB,D,20241007,000000,2.158,2.178,2.118,2.158,0,0
DAD_PB,D,20241008,000000,2.158,2.158,2.138,2.158,0,0
DAD_PB,D,20241009,000000,2.158,2.158,2.128,2.148,0,0
DAD_PB,D,20241010,000000,2.158,2.198,2.128,2.198,0,0
DAD_PB,D,20241011,000000,2.198,2.208,2.198,2.208,0,0
DAD_PB,D,20241014,000000,2.228,2.248,2.158,2.228,0,0
DAD_PB,D,20241015,000000,2.228,2.228,2.178,2.208,0,0
DAD_PB,D,20241016,000000,2.208,2.208,2.098,2.168,0,0
DAD_PB,D,20241017,000000,2.128,2.168,2.108,2.128,0,0
DAD_PB,D,20241018,000000,2.128,2.128,2.067,2.108,0,0
DAD_PB,D,20241021,000000,2.128,2.148,2.088,2.088,0,0
DAD_PB,D,20241022,000000,2.088,2.128,2.078,2.128,0,0
DAD_PB,D,20241023,000000,2.128,2.168,2.078,2.168,0,0
DAD_PB,D,20241024,000000,2.198,2.198,2.088,2.138,0,0
DAD_PB,D,20241025,000000,2.138,2.138,2.088,2.088,0,0
DAD_PB,D,20241028,000000,2.098,2.128,2.088,2.128,0,0
DAD_PB,D,20241029,000000,2.128,2.158,2.088,2.158,0,0
DAD_PB,D,20241030,000000,2.158,2.158,2.088,2.088,0,0
DAD_PB,D,20241031,000000,2.088,2.088,2.047,2.047,0,0
DAD_PB,D,20241104,000000,2.027,2.108,2.027,2.037,0,0
DAD_PB,D,20241105,000000,2.098,2.098,2.058,2.058,0,0
DAD_PB,D,20241106,000000,2.098,2.108,2.067,2.067,0,0
DAD_PB,D,20241107,000000,2.148,2.178,2.053,2.053,0,0
DAD_PB,D,20241108,000000,2.072,2.091,2.034,2.043,0,0
DAD_PB,D,20241112,000000,2.063,2.091,2.024,2.053,0,0
DAD_PB,D,20241113,000000,2.053,2.111,2.053,2.091,0,0
DAD_PB,D,20241114,000000,2.082,2.091,2.024,2.034,0,0
DAD_PB,D,20241115,000000,2.034,2.082,1.986,2.034,0,0
DAD_PB,D,20241118,000000,2.034,2.082,2.015,2.063,0,0
DAD_PB,D,20241119,000000,2.053,2.053,1.904,1.976,0,0
DAD_PB,D,20241120,000000,1.976,1.995,1.938,1.947,0,0
DAD_PB,D,20241121,000000,1.995,1.995,1.947,1.995,0,0
DAD_PB,D,20241122,000000,1.995,1.995,1.928,1.995,0,0
DAD_PB,D,20241125,000000,1.928,1.995,1.928,1.995,0,0
DAD_PB,D,20241126,000000,1.928,1.995,1.928,1.967,0,0
DAD_PB,D,20241127,000000,1.967,1.967,1.919,1.967,0,0
DAD_PB,D,20241128,000000,1.967,1.986,1.967,1.986,0,0
DAD_PB,D,20241129,000000,1.995,2.015,1.967,2.005,0,0
DAD_PB,D,20241202,000000,2.015,2.149,2.015,2.082,0,0
DAD_PB,D,20241203,000000,2.149,2.159,2.101,2.13,0,0
DAD_PB,D,20241204,000000,2.13,2.13,2.053,2.072,0,0
DAD_PB,D,20241205,000000,2.091,2.091,2.005,2.005,0,0
DAD_PB,D,20241206,000000,2.043,2.043,1.995,1.995,0,0
DAD_PB,D,20241209,000000,2.053,2.053,1.967,1.986,0,0
DAD_PB,D,20241210,000000,2.053,2.053,1.947,1.976,0,0
DAD_PB,D,20241211,000000,1.976,1.995,1.967,1.976,0,0
DAD_PB,D,20241212,000000,1.976,1.986,1.919,1.947,0,0
DAD_PB,D,20241213,000000,1.947,2.005,1.947,1.995,0,0
DAD_PB,D,20241216,000000,1.995,2.005,1.957,1.957,0,0
DAD_PB,D,20241217,000000,1.957,2.005,1.957,2.005,0,0
DAD_PB,D,20241218,000000,2.005,2.005,1.866,1.871,0,0
DAD_PB,D,20241219,000000,1.88,1.88,1.871,1.871,0,0
DAD_PB,D,20241220,000000,1.871,1.88,1.852,1.852,0,0
DAD_PB,D,20241223,000000,1.871,1.919,1.871,1.9,0,0
DAD_PB,D,20241227,000000,1.938,1.995,1.919,1.986,0,0
DAD_PB,D,20241230,000000,1.967,1.995,1.967,1.995,0,0
DAD_PB,D,20250102,000000,1.995,1.995,1.947,1.995,0,0
DAD_PB,D,20250103,000000,1.995,2.072,1.976,2.063,0,0
DAD_PB,D,20250107,000000,2.063,2.283,2.053,2.283,0,0
DAD_PB,D,20250108,000000,2.302,2.302,2.216,2.264,0,0
DAD_PB,D,20250109,000000,2.341,2.341,2.235,2.245,0,0
DAD_PB,D,20250110,000000,2.245,2.245,2.187,2.245,0,0
DAD_PB,D,20250113,000000,2.207,2.207,2.12,2.12,0,0
DAD_PB,D,20250114,000000,2.13,2.178,2.063,2.13,0,0
DAD_PB,D,20250115,000000,2.13,2.168,2.12,2.149,0,0
DAD_PB,D,20250116,000000,2.139,2.226,2.139,2.216,0,0
DAD_PB,D,20250117,000000,2.245,2.293,2.207,2.245,0,0
DAD_PB,D,20250120,000000,2.264,2.283,2.255,2.255,0,0
DAD_PB,D,20250121,000000,2.255,2.274,2.226,2.264,0,0
DAD_PB,D,20250122,000000,2.264,2.274,2.216,2.216,0,0
DAD_PB,D,20250123,000000,2.216,2.245,2.216,2.226,0,0
DAD_PB,D,20250124,000000,2.226,2.264,2.226,2.245,0,0
DAD_PB,D,20250127,000000,2.264,2.264,2.216,2.255,0,0
DAD_PB,D,20250128,000000,2.255,2.264,2.207,2.245,0,0
DAD_PB,D,20250129,000000,2.255,2.36,2.255,2.312,0,0
DAD_PB,D,20250130,000000,2.312,2.331,2.274,2.331,0,0
DAD_PB,D,20250131,000000,2.331,2.331,2.274,2.322,0,0
DAD_PB,D,20250203,000000,2.235,2.302,2.235,2.235,0,0
DAD_PB,D,20250204,000000,2.235,2.302,2.235,2.283,0,0
DAD_PB,D,20250205,000000,2.255,2.283,2.235,2.235,0,0
DAD_PB,D,20250206,000000,2.302,2.312,2.255,2.312,0,0
DAD_PB,D,20250207,000000,2.302,2.35,2.302,2.331,0,0
DAD_PB,D,20250210,000000,2.331,2.35,2.312,2.312,0,0
DAD_PB,D,20250211,000000,2.36,2.379,2.322,2.37,0,0
DAD_PB,D,20250212,000000,2.37,2.379,2.331,2.35,0,0
DAD_PB,D,20250213,000000,2.35,2.389,2.35,2.35,0,0
DAD_PB,D,20250214,000000,2.35,2.37,2.302,2.312,0,0
DAD_PB,D,20250217,000000,2.35,2.37,2.322,2.35,0,0
DAD_PB,D,20250218,000000,2.37,2.418,2.37,2.418,0,0
DAD_PB,D,20250219,000000,2.418,2.446,2.331,2.331,0,0
DAD_PB,D,20250220,000000,2.418,2.446,2.36,2.398,0,0
DAD_PB,D,20250221,000000,2.427,2.466,2.302,2.437,0,0
DAD_PB,D,20250224,000000,2.437,2.437,2.37,2.437,0,0
DAD_PB,D,20250225,000000,2.475,2.523,2.408,2.408,0,0
DAD_PB,D,20250226,000000,2.475,2.542,2.437,2.437,0,0
DAD_PB,D,20250227,000000,2.466,2.475,2.379,2.418,0,0
DAD_PB,D,20250228,000000,2.427,2.427,2.36,2.427,0,0
DAD_PB,D,20250303,000000,2.418,2.418,2.37,2.37,0,0
DAD_PB,D,20250304,000000,2.37,2.37,2.245,2.312,0,0
DAD_PB,D,20250305,000000,2.302,2.341,2.264,2.341,0,0
DAD_PB,D,20250306,000000,2.341,2.379,2.293,2.379,0,0
DAD_PB,D,20250307,000000,2.37,2.37,2.293,2.35,0,0
DAD_PB,D,20250310,000000,2.37,2.37,2.255,2.312,0,0
DAD_PB,D,20250311,000000,2.312,2.322,2.235,2.274,0,0
DAD_PB,D,20250312,000000,2.274,2.293,2.226,2.226,0,0
DAD_PB,D,20250313,000000,2.283,2.283,2.207,2.226,0,0
DAD_PB,D,20250314,000000,2.235,2.264,2.187,2.264,0,0
DAD_PB,D,20250317,000000,2.264,2.398,2.264,2.331,0,0
DAD_PB,D,20250318,000000,2.36,2.398,2.36,2.398,0,0
DAD_PB,D,20250319,000000,2.312,2.402,2.302,2.402,0,0
DAD_PB,D,20250320,000000,2.382,2.412,2.352,2.382,0,0
DAD_PB,D,20250321,000000,2.382,2.432,2.372,2.412,0,0
DAD_PB,D,20250324,000000,2.402,2.412,2.372,2.402,0,0
DAD_PB,D,20250325,000000,2.422,2.422,2.362,2.382,0,0
DAD_PB,D,20250326,000000,2.382,2.412,2.352,2.352,0,0
DAD_PB,D,20250327,000000,2.333,2.372,2.323,2.352,0,0
DAD_PB,D,20250328,000000,2.352,2.352,2.303,2.323,0,0
DAD_PB,D,20250331,000000,2.313,2.313,2.273,2.293,0,0
DAD_PB,D,20250401,000000,2.293,2.551,2.283,2.491,0,0
DAD_PB,D,20250402,000000,2.521,2.571,2.481,2.541,0,0
DAD_PB,D,20250403,000000,2.521,2.531,2.501,2.531,0,0
DAD_PB,D,20250404,000000,2.501,2.561,2.501,2.541,0,0
DAD_PB,D,20250407,000000,2.471,2.481,2.352,2.462,0,0
DAD_PB,D,20250408,000000,2.462,2.511,2.412,2.452,0,0
DAD_PB,D,20250409,000000,2.382,2.412,2.362,2.382,0,0
DAD_PB,D,20250410,000000,2.412,2.432,2.382,2.382,0,0
DAD_PB,D,20250411,000000,2.412,2.412,2.372,2.392,0,0
DAD_PB,D,20250414,000000,2.402,2.402,2.372,2.372,0,0
DAD_PB,D,20250415,000000,2.382,2.481,2.362,2.481,0,0
DAD_PB,D,20250416,000000,2.481,2.481,2.422,2.471,0,0
DAD_PB,D,20250417,000000,2.471,2.511,2.432,2.511,0,0
DAD_PB,D,20250422,000000,2.511,2.521,2.392,2.521,0,0
DAD_PB,D,20250423,000000,2.521,2.7,2.521,2.65,0,0
DAD_PB,D,20250424,000000,2.69,2.859,2.66,2.859,0,0
DAD_PB,D,20250425,000000,2.809,2.839,2.759,2.809,0,0
DAD_PB,D,20250428,000000,2.789,2.809,2.73,2.739,0,0
DAD_PB,D,20250429,000000,2.739,2.809,2.73,2.799,0,0
DAD_PB,D,20250430,000000,2.799,2.799,2.739,2.739,0,0
DAD_PB,D,20250502,000000,2.739,2.819,2.7,2.819,0,0
DAD_PB,D,20250505,000000,2.819,2.859,2.799,2.849,0,0
DAD_PB,D,20250506,000000,2.849,2.849,2.789,2.819,0,0
DAD_PB,D,20250507,000000,2.839,2.908,2.819,2.908,0,0
DAD_PB,D,20250508,000000,2.888,2.958,2.859,2.948,0,0
DAD_PB,D,20250509,000000,2.948,2.968,2.928,2.958,0,0
DAD_PB,D,20250512,000000,2.968,2.968,2.799,2.839,0,0
DAD_PB,D,20250513,000000,2.849,2.849,2.799,2.799,0,0
DAD_PB,D,20250514,000000,2.799,2.978,2.799,2.968,0,0
DAD_PB,D,20250515,000000,2.978,2.988,2.948,2.948,0,0
DAD_PB,D,20250516,000000,2.968,3.156,2.968,3.047,0,0
DAD_PB,D,20250519,000000,3.127,3.127,2.978,2.988,0,0
DAD_PB,D,20250520,000000,2.988,3.047,2.988,3.047,0,0
DAD_PB,D,20250521,000000,3.047,3.176,3.047,3.176,0,0
DAD_PB,D,20250522,000000,3.186,3.246,3.007,3.017,0,0
DAD_PB,D,20250523,000000,3.037,3.127,3.017,3.117,0,0
DAD_PB,D,20250526,000000,3.117,3.375,3.117,3.242,0,0
DAD_PB,D,20250527,000000,3.242,3.368,3.232,3.271,0,0
DAD_PB,D,20250528,000000,3.271,3.271,3.175,3.175,0,0
DAD_PB,D,20250529,000000,3.175,3.213,3.078,3.126,0,0
DAD_PB,D,20250530,000000,3.126,3.281,3.059,3.281,0,0
DAD_PB,D,20250602,000000,3.31,3.31,3.165,3.223,0,0
DAD_PB,D,20250603,000000,3.348,3.348,3.213,3.281,0,0
DAD_PB,D,20250604,000000,3.319,3.454,3.319,3.425,0,0
DAD_PB,D,20250605,000000,3.454,3.474,3.339,3.348,0,0
DAD_PB,D,20250606,000000,3.397,3.657,3.377,3.647,0,0
DAD_PB,D,20250609,000000,3.618,3.86,3.618,3.821,0,0
DAD_PB,D,20250610,000000,3.763,3.763,3.647,3.676,0,0
DAD_PB,D,20250611,000000,3.667,3.667,3.512,3.618,0,0
DAD_PB,D,20250612,000000,3.599,3.609,3.541,3.609,0,0
DAD_PB,D,20250613,000000,3.58,3.59,3.561,3.57,0,0
DAD_PB,D,20250616,000000,3.57,3.57,3.503,3.561,0,0
DAD_PB,D,20250617,000000,3.551,3.57,3.512,3.551,0,0
DAD_PB,D,20250618,000000,3.551,3.715,3.551,3.705,0,0
DAD_PB,D,20250620,000000,3.705,3.898,3.705,3.86,0,0
DAD_PB,D,20250623,000000,3.86,3.927,3.84,3.918,0,0
DAD_PB,D,20250624,000000,3.927,4.014,3.908,4.014,0,0
DAD_PB,D,20250625,000000,3.975,3.975,3.811,3.84,0,0
DAD_PB,D,20250626,000000,3.84,3.84,3.763,3.811,0,0
DAD_PB,D,20250627,000000,3.811,3.908,3.782,3.86,0,0
DAD_PB,D,20250630,000000,3.86,3.86,3.609,3.618,0,0
DAD_PB,D,20250701,000000,3.599,3.879,3.474,3.84,0,0
DAD_PB,D,20250702,000000,3.908,4.149,3.908,4.149,0,0
DAD_PB,D,20250703,000000,4.226,4.516,4.188,4.516,0,0
DAD_PB,D,20250704,000000,4.516,4.786,4.313,4.342,0,0
DAD_PB,D,20250707,000000,4.342,4.632,4.294,4.574,0,0
DAD_PB,D,20250708,000000,4.506,4.815,4.487,4.67,0,0
DAD_PB,D,20250709,000000,4.661,4.661,4.516,4.593,0,0
DAD_PB,D,20250710,000000,4.593,4.603,4.487,4.545,0,0
DAD_PB,D,20250711,000000,4.487,4.545,4.487,4.487,0,0
DAD_PB,D,20250714,000000,4.487,4.612,4.448,4.583,0,0
DAD_PB,D,20250715,000000,4.632,4.641,4.583,4.632,0,0
DAD_PB,D,20250716,000000,4.641,4.651,4.545,4.632,0,0
DAD_PB,D,20250717,000000,4.632,4.632,4.574,4.622,0,0
DAD_PB,D,20250718,000000,4.612,4.632,4.554,4.593,0,0
DAD_PB,D,20250721,000000,4.632,4.728,4.554,4.728,0,0
DAD_PB,D,20250722,000000,4.728,4.902,4.728,4.863,0,0
DAD_PB,D,20250723,000000,4.863,4.902,4.786,4.863,0,0
DAD_PB,D,20250724,000000,4.882,4.921,4.825,4.921,0,0
DAD_PB,D,20250725,000000,4.902,5.307,4.844,5.268,0,0
DAD_PB,D,20250728,000000,5.249,5.268,5.075,5.075,0,0
DAD_PB,D,20250729,000000,5.056,5.114,4.96,5.075,0,0
DAD_PB,D,20250730,000000,5.075,5.075,4.651,4.709,0,0
DAD_PB,D,20250731,000000,4.709,4.728,4.641,4.728,0,0
DAD_PB,D,20250801,000000,4.728,4.747,4.583,4.747,0,0
DAD_PB,D,20250804,000000,4.728,4.728,4.39,4.622,0,0
DAD_PB,D,20250805,000000,4.603,4.612,4.439,4.506,0,0
DAD_PB,D,20250806,000000,4.506,4.506,4.313,4.361,0,0
DAD_PB,D,20250807,000000,4.342,4.429,4.342,4.4,0,0
DAD_PB,D,20250808,000000,4.429,4.535,4.352,4.535,0,0
DAD_PB,D,20250811,000000,4.574,4.738,4.574,4.699,0,0
DAD_PB,D,20250812,000000,4.738,4.882,4.738,4.844,0,0
DAD_PB,D,20250813,000000,4.844,4.844,4.699,4.728,0,0
DAD_PB,D,20250814,000000,4.825,4.825,4.545,4.786,0,0
DAD_PB,D,20250818,000000,4.825,4.882,4.805,4.882,0,0
DAD_PB,D,20250819,000000,4.882,4.998,4.882,4.979,0,0
DAD_PB,D,20250820,000000,4.979,5.075,4.493,4.493,0,0
DAD_PB,D,20250821,000000,4.632,4.701,4.58,4.701,0,0
DAD_PB,D,20250822,000000,4.684,4.719,4.563,4.615,0,0
DAD_PB,D,20250825,000000,4.597,4.649,4.51,4.649,0,0
DAD_PB,D,20250826,000000,4.632,4.667,4.528,4.597,0,0
DAD_PB,D,20250827,000000,4.563,4.58,4.441,4.493,0,0
DAD_PB,D,20250828,000000,4.493,4.597,4.337,4.354,0,0
DAD_PB,D,20250829,000000,4.424,4.597,4.337,4.51,0,0
DAD_PB,D,20250901,000000,4.615,4.667,4.563,4.649,0,0
DAD_PB,D,20250902,000000,4.684,4.979,4.684,4.857,0,0
DAD_PB,D,20250903,000000,4.927,5.118,4.857,5.083,0,0
DAD_PB,D,20250904,000000,5.17,5.465,5.17,5.43,0,0
DAD_PB,D,20250905,000000,5.43,5.43,5.222,5.274,0,0
DAD_PB,D,20250908,000000,5.291,5.291,5.118,5.204,0,0
DAD_PB,D,20250909,000000,5.274,5.291,5.118,5.291,0,0
DAD_PB,D,20250910,000000,5.309,5.326,5.204,5.222,0,0
DAD_PB,D,20250911,000000,5.291,5.361,5.274,5.326,0,0
DAD_PB,D,20250912,000000,5.395,5.447,5.343,5.378,0,0
DAD_PB,D,20250915,000000,5.465,5.517,5.326,5.361,0,0
DAD_PB,D,20250916,000000,5.343,5.361,5.222,5.343,0,0
DAD_PB,D,20250917,000000,5.343,5.361,5.239,5.361,0,0
DAD_PB,D,20250918,000000,5.361,5.361,5.204,5.343,0,0
DAD_PB,D,20250919,000000,5.309,5.361,5.239,5.361,0,0
DAD_PB,D,20250922,000000,5.326,5.378,5.274,5.361,0,0
DAD_PB,D,20250923,000000,5.343,5.343,5.1,5.204,0,0
DAD_PB,D,20250924,000000,5.204,5.204,5.152,5.204,0,0
DAD_PB,D,20250925,000000,5.204,5.239,5.1,5.239,0,0
DAD_PB,D,20250926,000000,5.222,5.239,5.204,5.239,0,0
DAD_PB,D,20250929,000000,5.257,5.274,5.222,5.239,0,0
DAD_PB,D,20250930,000000,5.274,5.291,5.187,5.274,0,0
DAD_PB,D,20251001,000000,5.239,5.638,5.204,5.638,0,0
DAD_PB,D,20251002,000000,5.655,6.02,5.655,5.708,0,0
DAD_PB,D,20251003,000000,5.725,6.072,5.725,5.933,0,0
DAD_PB,D,20251006,000000,5.95,6.002,5.586,5.708,0,0
DAD_PB,D,20251007,000000,5.638,5.638,5.482,5.534,0,0
DAD_PB,D,20251008,000000,5.551,5.551,5.465,5.499,0,0
DAD_PB,D,20251009,000000,5.499,5.534,5.395,5.395,0,0
DAD_PB,D,20251010,000000,5.499,5.534,5.395,5.447,0,0
DAD_PB,D,20251013,000000,5.43,5.43,5.291,5.43,0,0
DAD_PB,D,20251014,000000,5.395,5.465,5.309,5.413,0,0
DAD_PB,D,20251015,000000,5.413,5.517,5.413,5.482,0,0
DAD_PB,D,20251016,000000,5.534,5.534,5.465,5.517,0,0
DAD_PB,D,20251017,000000,5.551,5.551,5.465,5.517,0,0
DAD_PB,D,20251020,000000,5.517,5.517,5.43,5.447,0,0
DAD_PB,D,20251021,000000,5.482,5.482,5.378,5.447,0,0
DAD_PB,D,20251022,000000,5.378,5.378,5.239,5.378,0,0
DAD_PB,D,20251023,000000,5.343,5.482,5.239,5.447,0,0
DAD_PB,D,20251024,000000,5.447,5.534,5.395,5.395,0,0
DAD_PB,D,20251027,000000,5.395,5.465,5.274,5.361,0,0
DAD_PB,D,20251028,000000,5.291,5.291,5.17,5.204,0,0
DAD_PB,D,20251029,000000,5.204,5.378,5.204,5.361,0,0
DAD_PB,D,20251030,000000,5.361,5.361,5.239,5.326,0,0
DAD_PB,D,20251031,000000,5.291,5.309,5.222,5.222,0,0
DAD_PB,D,20251103,000000,5.204,5.326,5.187,5.257,0,0
DAD_PB,D,20251104,000000,5.274,5.274,5.1,5.187,0,0
DAD_PB,D,20251105,000000,5.1,5.135,4.944,5.031,0,0
DAD_PB,D,20251106,000000,4.979,5.135,4.927,4.944,0,0
DAD_PB,D,20251107,000000,4.927,4.962,4.892,4.944,0,0
DAD_PB,D,20251110,000000,4.909,5.257,4.909,5.239,0,0
DAD_PB,D,20251112,000000,5.274,5.343,5.152,5.291,0,0
DAD_PB,D,20251113,000000,5.395,5.395,4.845,4.845,0,0
DAD_PB,D,20251114,000000,4.78,4.78,4.699,4.715,0,0
DAD_PB,D,20251117,000000,4.748,4.748,4.618,4.683,0,0
DAD_PB,D,20251118,000000,4.618,4.618,4.375,4.391,0,0
DAD_PB,D,20251119,000000,4.391,4.472,4.359,4.375,0,0
DAD_PB,D,20251120,000000,4.375,4.57,4.375,4.456,0,0
DAD_PB,D,20251121,000000,4.44,4.537,4.343,4.359,0,0
DAD_PB,D,20251124,000000,4.375,4.618,4.31,4.602,0,0
DAD_PB,D,20251125,000000,4.651,4.78,4.618,4.699,0,0
DAD_PB,D,20251126,000000,4.715,4.78,4.699,4.748,0,0
DAD_PB,D,20251127,000000,4.845,4.845,4.748,4.796,0,0
DAD_PB,D,20251128,000000,4.845,4.845,4.683,4.78,0,0
DAD_PB,D,20251201,000000,4.764,4.796,4.683,4.78,0,0
DAD_PB,D,20251202,000000,4.748,4.813,4.634,4.748,0,0
DAD_PB,D,20251203,000000,4.796,4.796,4.553,4.618,0,0
DAD_PB,D,20251204,000000,4.553,4.683,4.375,4.456,0,0
DAD_PB,D,20251205,000000,4.44,4.618,4.44,4.602,0,0
DAD_PB,D,20251208,000000,4.667,4.796,4.602,4.715,0,0
DAD_PB,D,20251209,000000,4.78,4.942,4.667,4.877,0,0
DAD_PB,D,20251210,000000,4.942,4.942,4.699,4.748,0,0
DAD_PB,D,20251211,000000,4.748,4.942,4.748,4.861,0,0
DAD_PB,D,20251212,000000,4.877,5.007,4.732,4.813,0,0
DAD_PB,D,20251215,000000,4.861,4.91,4.78,4.829,0,0
DAD_PB,D,20251216,000000,4.813,4.861,4.78,4.829,0,0
DAD_PB,D,20251217,000000,4.894,4.894,4.796,4.861,0,0
DAD_PB,D,20251218,000000,4.861,4.861,4.748,4.796,0,0
DAD_PB,D,20251219,000000,4.845,4.845,4.618,4.618,0,0
DAD_PB,D,20251222,000000,4.715,4.764,4.586,4.683,0,0
DAD_PB,D,20251223,000000,4.796,4.796,4.651,4.651,0,0
DAD_PB,D,20251229,000000,4.651,4.764,4.651,4.651,0,0
DAD_PB,D,20251230,000000,4.667,4.748,4.667,4.667,0,0
DAD_PB,D,20260102,000000,4.651,4.796,4.651,4.764,0,0
DAD_PB,D,20260105,000000,4.78,5.104,4.78,4.958,0,0
DAD_PB,D,20260107,000000,5.023,5.153,5.023,5.137,0,0
DAD_PB,D,20260108,000000,5.153,5.185,5.104,5.169,0,0
DAD_PB,D,20260109,000000,5.153,5.169,5.088,5.169,0,0
DAD_PB,D,20260112,000000,5.104,5.153,5.072,5.104,0,0
DAD_PB,D,20260113,000000,5.185,5.477,5.185,5.428,0,0
DAD_PB,D,20260114,000000,5.477,5.85,5.477,5.817,0,0
DAD_PB,D,20260115,000000,5.915,5.979,5.785,5.866,0,0
DAD_PB,D,20260116,000000,5.996,6.19,5.996,6.19,0,0
DAD_PB,D,20260119,000000,6.19,6.773,6.012,6.028,0,0
DAD_PB,D,20260120,000000,6.028,6.077,5.801,6.077,0,0
DAD_PB,D,20260121,000000,6.077,6.077,5.833,6.044,0,0
DAD_PB,D,20260122,000000,6.158,6.303,5.996,6.028,0,0
DAD_PB,D,20260123,000000,6.093,6.109,5.947,5.963,0,0
