<TICKER>,<PER>,<DATE>,<TIME>,<OPEN>,<HIGH>,<LOW>,<CLOSE>,<VOL>,<OPENINT>
DBE_MV,D,20190710,000000,61.23,61.23,49.9,52.05,0,0
DBE_MV,D,20190711,000000,56.01,56.01,53.58,54.49,0,0
DBE_MV,D,20190712,000000,54.49,54.49,54.49,54.49,0,0
DBE_MV,D,20190715,000000,55.41,55.41,55.41,55.41,0,0
DBE_MV,D,20190716,000000,55.41,58.17,55.11,57.86,0,0
DBE_MV,D,20190717,000000,57.56,59.24,57.56,58.66,0,0
DBE_MV,D,20190718,000000,58.11,58.11,55.11,56.45,0,0
DBE_MV,D,20190719,000000,55.72,55.72,52.9,52.9,0,0
DBE_MV,D,20190722,000000,53.58,53.88,53.58,53.88,0,0
DBE_MV,D,20190723,000000,53.88,53.88,52.04,53.58,0,0
DBE_MV,D,20190724,000000,53.88,53.88,53.58,53.58,0,0
DBE_MV,D,20190725,000000,53.58,53.58,52.66,52.66,0,0
DBE_MV,D,20190726,000000,53.27,53.27,52.66,52.66,0,0
DBE_MV,D,20190729,000000,52.35,52.35,52.04,52.04,0,0
DBE_MV,D,20190730,000000,50.82,50.82,48.06,48.06,0,0
DBE_MV,D,20190731,000000,48.68,56.94,39.8,52.35,0,0
DBE_MV,D,20190802,000000,53.58,53.58,51.74,51.74,0,0
DBE_MV,D,20190806,000000,52.35,53.58,52.35,53.58,0,0
DBE_MV,D,20190808,000000,52.04,52.04,49.6,49.6,0,0
DBE_MV,D,20190809,000000,50.51,51.13,50.51,51.13,0,0
DBE_MV,D,20190812,000000,51.43,51.43,51.43,51.43,0,0
DBE_MV,D,20190813,000000,51.43,51.43,49.9,49.9,0,0
DBE_MV,D,20190814,000000,52.04,52.04,52.04,52.04,0,0
DBE_MV,D,20190816,000000,52.96,60.25,52.96,58.17,0,0
DBE_MV,D,20190819,000000,58.47,60.31,55.11,55.11,0,0
DBE_MV,D,20190820,000000,55.11,55.11,55.11,55.11,0,0
DBE_MV,D,20190821,000000,55.11,55.72,55.11,55.72,0,0
DBE_MV,D,20190822,000000,55.72,59.39,55.72,59.39,0,0
DBE_MV,D,20190823,000000,58.78,58.78,58.78,58.78,0,0
DBE_MV,D,20190826,000000,58.78,60.31,58.78,60.31,0,0
DBE_MV,D,20190827,000000,60.31,60.31,60,60.31,0,0
DBE_MV,D,20190828,000000,60.31,60.31,60.31,60.31,0,0
DBE_MV,D,20190829,000000,59.09,59.09,56.33,56.33,0,0
DBE_MV,D,20190904,000000,57.56,57.56,57.56,57.56,0,0
DBE_MV,D,20190905,000000,57.56,57.56,57.56,57.56,0,0
DBE_MV,D,20190906,000000,57.56,58.17,57.56,58.17,0,0
DBE_MV,D,20190909,000000,58.17,58.17,58.17,58.17,0,0
DBE_MV,D,20190910,000000,58.78,60.92,58.78,60.92,0,0
DBE_MV,D,20190911,000000,60.92,63.68,60.31,62.76,0,0
DBE_MV,D,20190912,000000,67.35,67.35,65.82,66.28,0,0
DBE_MV,D,20190913,000000,66.13,66.13,66.13,66.13,0,0
DBE_MV,D,20190916,000000,65.52,65.52,64.29,64.29,0,0
DBE_MV,D,20190917,000000,64.29,64.29,64.29,64.29,0,0
DBE_MV,D,20190918,000000,64.26,64.26,63.07,63.07,0,0
DBE_MV,D,20190919,000000,63.07,63.07,63.07,63.07,0,0
DBE_MV,D,20190920,000000,63.04,63.04,63.04,63.04,0,0
DBE_MV,D,20190923,000000,63.04,63.04,63.04,63.04,0,0
DBE_MV,D,20190924,000000,63.04,63.04,63.04,63.04,0,0
DBE_MV,D,20190925,000000,63.04,63.04,63.04,63.04,0,0
DBE_MV,D,20190927,000000,62.33,62.33,61.55,61.55,0,0
DBE_MV,D,20190930,000000,63.07,63.07,63.05,63.05,0,0
DBE_MV,D,20191001,000000,60.32,60.32,60.31,60.31,0,0
DBE_MV,D,20191002,000000,60.31,60.31,60.31,60.31,0,0
DBE_MV,D,20191003,000000,60.31,61.23,60.31,61.23,0,0
DBE_MV,D,20191004,000000,61.23,61.23,58.17,58.17,0,0
DBE_MV,D,20191008,000000,58.17,58.17,58.17,58.17,0,0
DBE_MV,D,20191009,000000,58.17,58.17,58.17,58.17,0,0
DBE_MV,D,20191010,000000,58.17,58.17,55.72,55.72,0,0
DBE_MV,D,20191011,000000,56.02,56.94,56.02,56.94,0,0
DBE_MV,D,20191014,000000,57.56,61.23,57.56,61.23,0,0
DBE_MV,D,20191015,000000,61.23,61.23,61.23,61.23,0,0
DBE_MV,D,20191016,000000,61.23,61.23,61.23,61.23,0,0
DBE_MV,D,20191017,000000,61.23,61.23,61.23,61.23,0,0
DBE_MV,D,20191018,000000,61.23,61.23,61.23,61.23,0,0
DBE_MV,D,20191022,000000,61.23,62.76,61.23,62.76,0,0
DBE_MV,D,20191023,000000,62.76,62.76,62.76,62.76,0,0
DBE_MV,D,20191024,000000,62.76,62.76,62.76,62.76,0,0
DBE_MV,D,20191025,000000,62.18,62.18,61.54,61.54,0,0
DBE_MV,D,20191028,000000,61.57,61.57,61.57,61.57,0,0
DBE_MV,D,20191029,000000,61.57,61.57,61.57,61.57,0,0
DBE_MV,D,20191030,000000,61.57,61.57,61.57,61.57,0,0
DBE_MV,D,20191031,000000,61.57,61.57,61.57,61.57,0,0
DBE_MV,D,20191104,000000,61.57,61.57,61.57,61.57,0,0
DBE_MV,D,20191105,000000,61.23,62.45,61.23,62.45,0,0
DBE_MV,D,20191106,000000,62.76,62.76,62.76,62.76,0,0
DBE_MV,D,20191107,000000,62.78,62.78,62.78,62.78,0,0
DBE_MV,D,20191108,000000,62.78,63.37,62.78,63.37,0,0
DBE_MV,D,20191112,000000,63.37,67.35,63.37,67.35,0,0
DBE_MV,D,20191113,000000,67.35,67.35,67.35,67.35,0,0
DBE_MV,D,20191114,000000,67.35,67.35,67.35,67.35,0,0
DBE_MV,D,20191115,000000,67.35,67.35,67.05,67.05,0,0
DBE_MV,D,20191118,000000,67.35,67.35,67.35,67.35,0,0
DBE_MV,D,20191119,000000,67.35,67.35,67.35,67.35,0,0
DBE_MV,D,20191120,000000,67.35,67.35,67.35,67.35,0,0
DBE_MV,D,20191121,000000,67.35,67.35,67.35,67.35,0,0
DBE_MV,D,20191122,000000,67.29,67.29,64.23,64.29,0,0
DBE_MV,D,20191125,000000,64.29,64.29,64.29,64.29,0,0
DBE_MV,D,20191126,000000,65.21,67.05,65.21,67.05,0,0
DBE_MV,D,20191127,000000,66.43,66.43,65.21,65.21,0,0
DBE_MV,D,20191128,000000,64.6,65.21,64.6,65.21,0,0
DBE_MV,D,20191129,000000,65.21,65.21,65.21,65.21,0,0
DBE_MV,D,20191202,000000,65.21,65.21,65.21,65.21,0,0
DBE_MV,D,20191203,000000,65.21,65.21,65.21,65.21,0,0
DBE_MV,D,20191204,000000,66.13,67.35,66.13,67.35,0,0
DBE_MV,D,20191205,000000,67.35,67.35,67.35,67.35,0,0
DBE_MV,D,20191206,000000,67.35,79.6,67.35,79.6,0,0
DBE_MV,D,20191209,000000,76.54,76.54,74.09,76.52,0,0
DBE_MV,D,20191210,000000,76.23,76.23,76.23,76.23,0,0
DBE_MV,D,20191211,000000,74.98,74.98,72.86,72.86,0,0
DBE_MV,D,20191212,000000,72.86,74.09,72.86,74.09,0,0
DBE_MV,D,20191213,000000,74.09,74.98,72.86,72.89,0,0
DBE_MV,D,20191216,000000,74.94,74.94,74.09,74.09,0,0
DBE_MV,D,20191217,000000,76.23,76.54,76.23,76.54,0,0
DBE_MV,D,20191218,000000,76.51,76.54,76.23,76.54,0,0
DBE_MV,D,20191219,000000,76.52,76.54,74.09,74.09,0,0
DBE_MV,D,20191220,000000,75.01,75.01,75.01,75.01,0,0
DBE_MV,D,20191223,000000,75.77,76.54,75.77,76.54,0,0
DBE_MV,D,20191227,000000,78.04,78.04,76.51,76.51,0,0
DBE_MV,D,20191230,000000,76.51,76.51,76.51,76.51,0,0
DBE_MV,D,20200102,000000,76.51,76.51,76.51,76.51,0,0
DBE_MV,D,20200103,000000,76.51,76.51,76.51,76.51,0,0
DBE_MV,D,20200107,000000,76.51,76.51,76.51,76.51,0,0
DBE_MV,D,20200108,000000,76.51,76.51,76.51,76.51,0,0
DBE_MV,D,20200109,000000,76.38,76.38,76.38,76.38,0,0
DBE_MV,D,20200110,000000,76.38,76.38,76.38,76.38,0,0
DBE_MV,D,20200113,000000,76.49,76.49,75.92,75.92,0,0
DBE_MV,D,20200114,000000,75.92,75.92,72.86,75.01,0,0
DBE_MV,D,20200115,000000,74.98,74.98,74.98,74.98,0,0
DBE_MV,D,20200116,000000,74.98,74.98,74.09,74.98,0,0
DBE_MV,D,20200117,000000,74.98,74.98,70.11,74.98,0,0
DBE_MV,D,20200120,000000,74.98,75.92,74.98,75.92,0,0
DBE_MV,D,20200121,000000,75.59,75.59,75.59,75.59,0,0
DBE_MV,D,20200122,000000,75.59,77.27,75.59,77.09,0,0
DBE_MV,D,20200123,000000,77.09,91.84,77.06,91.84,0,0
DBE_MV,D,20200124,000000,91.45,91.45,77.73,77.73,0,0
DBE_MV,D,20200127,000000,77.3,77.3,71.94,74.39,0,0
DBE_MV,D,20200128,000000,75.01,75.01,71.03,74.24,0,0
DBE_MV,D,20200129,000000,74.24,74.24,74.24,74.24,0,0
DBE_MV,D,20200130,000000,74.21,74.21,70.38,70.38,0,0
DBE_MV,D,20200131,000000,70.37,70.38,70.37,70.38,0,0
DBE_MV,D,20200203,000000,70.38,71.94,70.38,71.94,0,0
DBE_MV,D,20200204,000000,71.94,74.24,71.94,74.21,0,0
DBE_MV,D,20200205,000000,74.27,79.57,74.27,79.57,0,0
DBE_MV,D,20200206,000000,79.6,82.63,79.6,82.48,0,0
DBE_MV,D,20200207,000000,82.66,83.24,82.66,83.24,0,0
DBE_MV,D,20200210,000000,83.24,84.56,83.24,84.47,0,0
DBE_MV,D,20200211,000000,84.47,85.72,84.47,85.72,0,0
DBE_MV,D,20200212,000000,85.72,86.64,83.27,86.64,0,0
DBE_MV,D,20200213,000000,86.64,87.53,86.64,87.53,0,0
DBE_MV,D,20200214,000000,87.53,88.97,87.53,88.97,0,0
DBE_MV,D,20200217,000000,90.28,98.58,90.28,97.51,0,0
DBE_MV,D,20200218,000000,97.54,105.77,96.44,105.77,0,0
DBE_MV,D,20200219,000000,105.77,106.17,97.97,101.03,0,0
DBE_MV,D,20200220,000000,101.03,101.03,99.8,101.03,0,0
DBE_MV,D,20200221,000000,99.19,99.19,92.15,96.44,0,0
DBE_MV,D,20200224,000000,96.44,96.44,90.31,90.62,0,0
DBE_MV,D,20200225,000000,91.84,95.82,81.13,91.84,0,0
DBE_MV,D,20200226,000000,90.31,91.54,79.6,91.54,0,0
DBE_MV,D,20200227,000000,90.28,91.54,84.19,84.19,0,0
DBE_MV,D,20200228,000000,84.19,84.19,64.14,67.96,0,0
DBE_MV,D,20200302,000000,66.43,78.68,64.26,78.68,0,0
DBE_MV,D,20200303,000000,78.68,82.66,78.68,82.66,0,0
DBE_MV,D,20200304,000000,78.07,78.07,75.89,76.23,0,0
DBE_MV,D,20200305,000000,76.23,81.1,75.01,75.62,0,0
DBE_MV,D,20200306,000000,76.54,78.37,76.54,78.37,0,0
DBE_MV,D,20200309,000000,67.35,67.96,63.07,67.35,0,0
DBE_MV,D,20200310,000000,69.19,76.54,67.35,70.41,0,0
DBE_MV,D,20200311,000000,67.96,67.96,61.57,67.35,0,0
DBE_MV,D,20200312,000000,65.19,65.21,56.64,64.9,0,0
DBE_MV,D,20200313,000000,66.13,70.38,63.07,65.82,0,0
DBE_MV,D,20200316,000000,65.21,65.21,58.17,64.29,0,0
DBE_MV,D,20200317,000000,60.31,64.29,60.31,63.49,0,0
DBE_MV,D,20200318,000000,63.07,63.07,59.55,60.62,0,0
DBE_MV,D,20200319,000000,61.23,63.49,60.95,63.49,0,0
DBE_MV,D,20200320,000000,60.92,63.49,60.92,61.26,0,0
DBE_MV,D,20200323,000000,60.89,61.23,60.65,60.65,0,0
DBE_MV,D,20200324,000000,60.65,66.13,60.65,61.23,0,0
DBE_MV,D,20200325,000000,61.23,61.23,60.89,60.89,0,0
DBE_MV,D,20200326,000000,62.15,66.13,60.02,60.02,0,0
DBE_MV,D,20200327,000000,59.55,59.55,59.55,59.55,0,0
DBE_MV,D,20200330,000000,59.55,59.55,59.55,59.55,0,0
DBE_MV,D,20200331,000000,59.55,61.17,59.39,59.39,0,0
DBE_MV,D,20200401,000000,59.7,59.7,58.17,58.47,0,0
DBE_MV,D,20200402,000000,58.78,59.39,56.94,59.39,0,0
DBE_MV,D,20200403,000000,57.56,59.7,56.36,59.7,0,0
DBE_MV,D,20200406,000000,59.7,66.74,59.09,63.68,0,0
DBE_MV,D,20200407,000000,62.15,71.33,60.31,67.96,0,0
DBE_MV,D,20200408,000000,64.9,65.82,64.29,65.21,0,0
DBE_MV,D,20200409,000000,64.9,64.9,63.68,64.29,0,0
DBE_MV,D,20200414,000000,64.9,65.82,64.29,65.82,0,0
DBE_MV,D,20200415,000000,65.21,68.88,65.21,68.88,0,0
DBE_MV,D,20200416,000000,64.9,67.35,63.07,67.35,0,0
DBE_MV,D,20200417,000000,65.52,71.33,65.52,71.33,0,0
DBE_MV,D,20200420,000000,73.48,79.29,73.48,76.54,0,0
DBE_MV,D,20200421,000000,77.15,77.76,70.41,73.17,0,0
DBE_MV,D,20200422,000000,73.48,74.39,73.48,74.39,0,0
DBE_MV,D,20200423,000000,74.39,78.97,74.39,78.97,0,0
DBE_MV,D,20200424,000000,79.29,79.6,74.39,78.99,0,0
DBE_MV,D,20200427,000000,78.68,79.29,78.68,78.99,0,0
DBE_MV,D,20200428,000000,78.97,78.97,74.09,76.54,0,0
DBE_MV,D,20200429,000000,75.92,75.92,75.92,75.92,0,0
DBE_MV,D,20200430,000000,75.62,75.62,75.62,75.62,0,0
DBE_MV,D,20200504,000000,73.48,75.92,73.48,75.92,0,0
DBE_MV,D,20200505,000000,75.62,77.76,75.62,77.76,0,0
DBE_MV,D,20200506,000000,77.45,77.45,77.45,77.45,0,0
DBE_MV,D,20200507,000000,77.45,77.76,74.24,77.76,0,0
DBE_MV,D,20200508,000000,77.76,77.76,76.54,77.15,0,0
DBE_MV,D,20200511,000000,77,77,76.54,76.54,0,0
DBE_MV,D,20200512,000000,76.23,76.54,73.48,76.54,0,0
DBE_MV,D,20200513,000000,76.54,78.37,76.54,78.37,0,0
DBE_MV,D,20200514,000000,77.15,77.15,74.09,75.01,0,0
DBE_MV,D,20200515,000000,76.54,76.54,74.39,75.01,0,0
DBE_MV,D,20200518,000000,75.01,75.31,75.01,75.01,0,0
DBE_MV,D,20200519,000000,75.62,75.62,73.17,73.17,0,0
DBE_MV,D,20200520,000000,72.86,72.86,72.27,72.27,0,0
DBE_MV,D,20200521,000000,72.25,72.25,69.8,69.8,0,0
DBE_MV,D,20200522,000000,69.8,69.8,67.35,67.96,0,0
DBE_MV,D,20200525,000000,68.27,76.54,67.35,76.54,0,0
DBE_MV,D,20200526,000000,76.23,76.54,71.33,75.92,0,0
DBE_MV,D,20200527,000000,74.09,74.09,72.86,72.86,0,0
DBE_MV,D,20200528,000000,71.94,76.23,71.94,76.23,0,0
DBE_MV,D,20200529,000000,76.23,76.23,76.23,76.23,0,0
DBE_MV,D,20200601,000000,75.46,75.46,74.7,74.7,0,0
DBE_MV,D,20200602,000000,75.92,76.54,74.7,74.7,0,0
DBE_MV,D,20200603,000000,75.01,76.54,73.48,76.54,0,0
DBE_MV,D,20200604,000000,72.86,76.54,72.86,76.54,0,0
DBE_MV,D,20200605,000000,75.92,76.54,75.92,75.92,0,0
DBE_MV,D,20200608,000000,75.46,75.46,75.46,75.46,0,0
DBE_MV,D,20200609,000000,74.7,75.8,74.7,75.8,0,0
DBE_MV,D,20200610,000000,76.52,76.54,76.14,76.14,0,0
DBE_MV,D,20200612,000000,68.88,76.54,67.96,76.54,0,0
DBE_MV,D,20200615,000000,75.92,75.92,70.47,74.7,0,0
DBE_MV,D,20200616,000000,73.48,76.23,73.48,76.23,0,0
DBE_MV,D,20200617,000000,76.2,76.23,76.2,76.23,0,0
DBE_MV,D,20200618,000000,76.23,76.23,75.62,75.62,0,0
DBE_MV,D,20200619,000000,75.31,75.31,75.31,75.31,0,0
DBE_MV,D,20200622,000000,75.31,81.99,73.48,79.6,0,0
DBE_MV,D,20200623,000000,77,78.07,69.2,73.48,0,0
DBE_MV,D,20200624,000000,72.25,86.64,71.94,82.66,0,0
DBE_MV,D,20200625,000000,86.95,104.09,86.95,96.44,0,0
DBE_MV,D,20200626,000000,96.44,96.44,83.27,91.23,0,0
DBE_MV,D,20200629,000000,91.23,91.23,83.58,91.23,0,0
DBE_MV,D,20200630,000000,93.37,94.91,89.7,91.23,0,0
DBE_MV,D,20200701,000000,90.93,90.93,82.66,90.31,0,0
DBE_MV,D,20200702,000000,89.7,94.89,89.7,93.68,0,0
DBE_MV,D,20200703,000000,92.46,94.75,90.31,94.75,0,0
DBE_MV,D,20200706,000000,94.75,94.87,87.86,93.68,0,0
DBE_MV,D,20200707,000000,94.91,101.03,90.62,93.07,0,0
DBE_MV,D,20200708,000000,101.95,106.39,97.66,106.39,0,0
DBE_MV,D,20200709,000000,105.62,106.39,100.72,106.23,0,0
DBE_MV,D,20200710,000000,106.39,106.39,97.97,99.19,0,0
DBE_MV,D,20200713,000000,99.19,99.5,99.19,99.5,0,0
DBE_MV,D,20200714,000000,102.25,102.25,98.58,101.03,0,0
DBE_MV,D,20200715,000000,101.03,101.03,96.45,96.45,0,0
DBE_MV,D,20200716,000000,96.44,104.09,77.15,81.13,0,0
DBE_MV,D,20200717,000000,82.66,96.44,82.66,96.44,0,0
DBE_MV,D,20200720,000000,96.13,96.44,96.13,96.44,0,0
DBE_MV,D,20200721,000000,92.76,96.44,91.84,91.84,0,0
DBE_MV,D,20200722,000000,91.84,95.82,91.84,95.82,0,0
DBE_MV,D,20200723,000000,93.99,94.91,93.99,94.91,0,0
DBE_MV,D,20200724,000000,93.68,93.68,92.46,92.46,0,0
DBE_MV,D,20200727,000000,93.37,95.52,93.37,95.52,0,0
DBE_MV,D,20200728,000000,94.89,94.89,94.89,94.89,0,0
DBE_MV,D,20200729,000000,94.6,94.6,85.11,93.37,0,0
DBE_MV,D,20200730,000000,92.15,96.44,79.6,85.72,0,0
DBE_MV,D,20200731,000000,85.11,88.78,84.8,88.48,0,0
DBE_MV,D,20200803,000000,88.48,94.91,88.48,94.91,0,0
DBE_MV,D,20200805,000000,94.91,94.91,85.72,89.55,0,0
DBE_MV,D,20200806,000000,89.09,90.31,88.78,90.31,0,0
DBE_MV,D,20200807,000000,90.31,94.29,90.31,94.29,0,0
DBE_MV,D,20200810,000000,91.84,94.29,91.54,94.29,0,0
DBE_MV,D,20200811,000000,93.37,93.37,91.84,91.84,0,0
DBE_MV,D,20200812,000000,90.31,96.44,85.72,96.44,0,0
DBE_MV,D,20200813,000000,96.44,105.62,96.44,104.09,0,0
DBE_MV,D,20200814,000000,104.09,104.09,103.17,103.48,0,0
DBE_MV,D,20200817,000000,104.09,149.86,103.78,140.52,0,0
DBE_MV,D,20200818,000000,146.03,146.03,119.4,125.52,0,0
DBE_MV,D,20200819,000000,125.52,127.05,122.76,123.99,0,0
DBE_MV,D,20200820,000000,123.79,123.79,109.94,113.27,0,0
DBE_MV,D,20200821,000000,116.34,120.93,111.9,117.87,0,0
DBE_MV,D,20200824,000000,119.4,119.4,110.21,116.34,0,0
DBE_MV,D,20200825,000000,116.34,116.34,116.34,116.34,0,0
DBE_MV,D,20200826,000000,110.82,116.03,110.21,116.03,0,0
DBE_MV,D,20200827,000000,110.52,111.74,107.15,111.74,0,0
DBE_MV,D,20200828,000000,108.99,114.8,107,113.27,0,0
DBE_MV,D,20200831,000000,113.27,113.27,108.68,110.21,0,0
DBE_MV,D,20200901,000000,113.27,113.27,107.15,111.74,0,0
DBE_MV,D,20200902,000000,111.74,111.74,107.76,110.21,0,0
DBE_MV,D,20200903,000000,110.21,115.11,109.91,115.11,0,0
DBE_MV,D,20200904,000000,109.91,109.91,107.15,107.46,0,0
DBE_MV,D,20200907,000000,107.46,113.27,102.56,113.27,0,0
DBE_MV,D,20200908,000000,115.11,115.11,92.12,106.84,0,0
DBE_MV,D,20200909,000000,98.58,105.01,98.58,105.01,0,0
DBE_MV,D,20200910,000000,105.01,105.62,98.58,105.31,0,0
DBE_MV,D,20200911,000000,104.09,107.76,104.09,107.46,0,0
DBE_MV,D,20200914,000000,107.76,109.6,107.76,109.6,0,0
DBE_MV,D,20200915,000000,109.6,109.6,98.58,105.31,0,0
DBE_MV,D,20200916,000000,105.31,110.21,105.31,110.21,0,0
DBE_MV,D,20200917,000000,110.21,110.21,108.99,110.21,0,0
DBE_MV,D,20200918,000000,110.21,110.21,108.99,110.21,0,0
DBE_MV,D,20200921,000000,110.21,110.21,108.38,108.38,0,0
DBE_MV,D,20200922,000000,108.38,108.38,105.62,107.15,0,0
DBE_MV,D,20200923,000000,107.15,107.15,105.62,105.62,0,0
DBE_MV,D,20200924,000000,105.62,108.68,104.4,108.68,0,0
DBE_MV,D,20200925,000000,101.03,108.38,101.03,107.76,0,0
DBE_MV,D,20200928,000000,108.07,108.07,94.91,104.09,0,0
DBE_MV,D,20200929,000000,104.09,104.7,101.03,104.7,0,0
DBE_MV,D,20200930,000000,104.69,107.09,101.03,106.54,0,0
DBE_MV,D,20201001,000000,105.62,107.15,97.97,104.09,0,0
DBE_MV,D,20201002,000000,104.09,104.4,101.95,104.4,0,0
DBE_MV,D,20201005,000000,104.4,108.68,104.4,107.7,0,0
DBE_MV,D,20201006,000000,105.94,107.76,105.31,107.76,0,0
DBE_MV,D,20201007,000000,108.07,110.21,103.48,105.31,0,0
DBE_MV,D,20201008,000000,103.48,104.09,101.03,104.09,0,0
DBE_MV,D,20201009,000000,99.5,104.09,98.58,104.09,0,0
DBE_MV,D,20201012,000000,104.09,104.09,104.09,104.09,0,0
DBE_MV,D,20201013,000000,104.07,105.01,104.07,105.01,0,0
DBE_MV,D,20201014,000000,104.03,104.03,99.8,104.03,0,0
DBE_MV,D,20201015,000000,99.8,103.72,99.19,103.72,0,0
DBE_MV,D,20201016,000000,98.95,103.48,96.44,100.42,0,0
DBE_MV,D,20201019,000000,98.89,101.03,98.89,101.03,0,0
DBE_MV,D,20201020,000000,101.03,101.03,99.5,101.03,0,0
DBE_MV,D,20201021,000000,101.03,101.03,98.58,100.42,0,0
DBE_MV,D,20201022,000000,99.5,99.5,97.97,97.97,0,0
DBE_MV,D,20201023,000000,97.97,97.97,91.84,95.52,0,0
DBE_MV,D,20201026,000000,92.15,94.91,92.15,94.91,0,0
DBE_MV,D,20201027,000000,92.15,99.5,91.84,99.5,0,0
DBE_MV,D,20201028,000000,95.52,101.03,88.78,88.78,0,0
DBE_MV,D,20201029,000000,94.91,101.03,94.29,100.72,0,0
DBE_MV,D,20201030,000000,108.38,108.38,94.91,97.97,0,0
DBE_MV,D,20201102,000000,98.58,107.76,98.58,107.76,0,0
DBE_MV,D,20201103,000000,104.09,113.27,104.09,112.97,0,0
DBE_MV,D,20201104,000000,112.97,113.27,107.15,112.97,0,0
DBE_MV,D,20201105,000000,112.97,112.97,101.79,105.31,0,0
DBE_MV,D,20201106,000000,105.31,112.66,105.31,109.6,0,0
DBE_MV,D,20201109,000000,110.21,113.27,109.6,113.27,0,0
DBE_MV,D,20201110,000000,113.27,116.34,113.27,116.18,0,0
DBE_MV,D,20201112,000000,117.25,122.15,116.34,121.08,0,0
DBE_MV,D,20201113,000000,121.54,122.46,120.93,122.46,0,0
DBE_MV,D,20201116,000000,122.46,127.36,120.93,122.46,0,0
DBE_MV,D,20201117,000000,114.8,119.4,108.99,119.4,0,0
DBE_MV,D,20201118,000000,119.09,120.62,119.09,119.4,0,0
DBE_MV,D,20201119,000000,120.32,120.32,112.97,112.97,0,0
DBE_MV,D,20201120,000000,112.97,113.27,107.15,113.27,0,0
DBE_MV,D,20201123,000000,109.91,109.91,99.8,109.29,0,0
DBE_MV,D,20201124,000000,108.07,109.29,107.15,109.29,0,0
DBE_MV,D,20201125,000000,109.29,109.91,107.15,109.6,0,0
DBE_MV,D,20201127,000000,109.6,109.6,106.23,108.99,0,0
DBE_MV,D,20201130,000000,106.54,108.99,106.54,108.99,0,0
DBE_MV,D,20201201,000000,108.38,108.38,106.84,108.38,0,0
DBE_MV,D,20201202,000000,108.35,108.38,105.93,108.38,0,0
DBE_MV,D,20201203,000000,104.7,108.35,104.7,108.07,0,0
DBE_MV,D,20201204,000000,108.07,111.13,108.07,111.13,0,0
DBE_MV,D,20201207,000000,108.99,110.21,108.38,110.21,0,0
DBE_MV,D,20201208,000000,110.21,112.66,110.21,111.44,0,0
DBE_MV,D,20201209,000000,112.66,113.89,111.74,111.74,0,0
DBE_MV,D,20201210,000000,111.74,111.74,109.6,109.6,0,0
DBE_MV,D,20201211,000000,110.06,110.06,108.68,110.06,0,0
DBE_MV,D,20201214,000000,110.21,110.21,105.62,105.65,0,0
DBE_MV,D,20201215,000000,104.09,104.55,104.09,104.55,0,0
DBE_MV,D,20201216,000000,104.7,107.15,104.7,105.77,0,0
DBE_MV,D,20201217,000000,105.93,105.93,105.93,105.93,0,0
DBE_MV,D,20201218,000000,105.77,106.83,105.62,106.83,0,0
DBE_MV,D,20201221,000000,106.54,107.92,105.01,107.92,0,0
DBE_MV,D,20201222,000000,108.07,108.07,104.09,104.09,0,0
DBE_MV,D,20201223,000000,107.46,107.46,92.15,106.54,0,0
DBE_MV,D,20201228,000000,105.62,105.62,103.48,103.48,0,0
DBE_MV,D,20201229,000000,103.63,103.63,103.02,103.02,0,0
DBE_MV,D,20201230,000000,103.17,103.17,101.33,101.33,0,0
DBE_MV,D,20210104,000000,101.33,107.15,101.33,107.15,0,0
DBE_MV,D,20210105,000000,107.15,110.2,101.35,104.09,0,0
DBE_MV,D,20210107,000000,104.09,106.54,101.03,105.01,0,0
DBE_MV,D,20210108,000000,107.15,112.97,107.15,112.97,0,0
DBE_MV,D,20210111,000000,112.97,112.97,112.97,112.97,0,0
DBE_MV,D,20210112,000000,113.58,113.89,113.58,113.89,0,0
DBE_MV,D,20210113,000000,113.89,113.89,112.05,112.05,0,0
DBE_MV,D,20210114,000000,113.27,114.5,111.74,111.74,0,0
DBE_MV,D,20210115,000000,113.58,113.58,111.74,111.74,0,0
DBE_MV,D,20210118,000000,113.56,113.58,113.56,113.58,0,0
DBE_MV,D,20210119,000000,112.36,112.36,108.68,110.82,0,0
DBE_MV,D,20210120,000000,110.82,112.05,109.6,112.05,0,0
DBE_MV,D,20210121,000000,112.66,119.4,112.66,119.4,0,0
DBE_MV,D,20210122,000000,119.4,119.4,114.8,114.8,0,0
DBE_MV,D,20210125,000000,114.8,114.8,108.68,111.13,0,0
DBE_MV,D,20210126,000000,111.74,112.66,110.21,110.21,0,0
DBE_MV,D,20210127,000000,109.45,109.45,104.09,107.15,0,0
DBE_MV,D,20210128,000000,107.15,108.68,107.15,108.68,0,0
DBE_MV,D,20210129,000000,108.99,109.6,108.07,109.6,0,0
DBE_MV,D,20210201,000000,110.82,110.82,108.68,108.68,0,0
DBE_MV,D,20210202,000000,108.68,108.68,107.15,107.46,0,0
DBE_MV,D,20210203,000000,107.76,107.76,107.76,107.76,0,0
DBE_MV,D,20210204,000000,107.76,107.76,107.76,107.76,0,0
DBE_MV,D,20210208,000000,108.07,108.07,107.76,107.76,0,0
DBE_MV,D,20210209,000000,108.99,109.29,108.99,109.29,0,0
DBE_MV,D,20210210,000000,109.29,110.21,109.29,110.21,0,0
DBE_MV,D,20210211,000000,112.36,119.09,112.36,116.34,0,0
DBE_MV,D,20210212,000000,116.34,118.17,114.8,118.17,0,0
DBE_MV,D,20210215,000000,118.17,127.36,118.17,125.52,0,0
DBE_MV,D,20210216,000000,128.58,128.58,123.99,125.52,0,0
DBE_MV,D,20210217,000000,125.52,125.52,122.46,122.46,0,0
DBE_MV,D,20210218,000000,122.46,131.64,122.46,131.64,0,0
DBE_MV,D,20210219,000000,143.89,143.89,131.64,131.64,0,0
DBE_MV,D,20210222,000000,131.64,131.64,123.99,123.99,0,0
DBE_MV,D,20210223,000000,123.99,123.99,122.46,122.47,0,0
DBE_MV,D,20210224,000000,122.47,123.84,122.47,123.68,0,0
DBE_MV,D,20210225,000000,128.28,128.28,123.22,123.22,0,0
DBE_MV,D,20210226,000000,124.91,125.52,122.46,125.52,0,0
DBE_MV,D,20210301,000000,125.52,125.52,122.46,123.53,0,0
DBE_MV,D,20210302,000000,122.46,123.99,122.46,123.99,0,0
DBE_MV,D,20210303,000000,123.99,125.52,122.46,125.52,0,0
DBE_MV,D,20210304,000000,122.46,125.98,122.46,125.98,0,0
DBE_MV,D,20210305,000000,122.46,123.99,121.54,121.54,0,0
DBE_MV,D,20210308,000000,122.46,122.76,122.46,122.46,0,0
DBE_MV,D,20210309,000000,122.46,125.95,122.46,122.46,0,0
DBE_MV,D,20210310,000000,122.46,123.99,122.46,122.46,0,0
DBE_MV,D,20210311,000000,122.76,123.07,121.85,122.46,0,0
DBE_MV,D,20210312,000000,122.46,123.68,120.93,122.46,0,0
DBE_MV,D,20210315,000000,123.99,123.99,122.46,123.38,0,0
DBE_MV,D,20210316,000000,128.58,131.03,125.83,126.74,0,0
DBE_MV,D,20210317,000000,126.44,126.44,122.46,122.46,0,0
DBE_MV,D,20210318,000000,122.46,123.07,122.46,123.07,0,0
DBE_MV,D,20210319,000000,123.99,125.21,122.15,123.38,0,0
DBE_MV,D,20210322,000000,124.26,124.26,121.85,121.85,0,0
DBE_MV,D,20210323,000000,121.85,122.46,121.54,121.54,0,0
DBE_MV,D,20210324,000000,120.93,120.93,111.77,117.56,0,0
DBE_MV,D,20210325,000000,117.87,117.87,117.87,117.87,0,0
DBE_MV,D,20210326,000000,118.48,123.07,118.48,123.07,0,0
DBE_MV,D,20210329,000000,123.07,123.07,119.4,119.4,0,0
DBE_MV,D,20210330,000000,120.01,120.01,119.4,119.4,0,0
DBE_MV,D,20210331,000000,120.93,123.07,120.93,122.46,0,0
DBE_MV,D,20210401,000000,122.46,122.46,119.4,119.4,0,0
DBE_MV,D,20210406,000000,119.4,119.4,116.34,119.09,0,0
DBE_MV,D,20210407,000000,119.4,123.22,119.4,123.22,0,0
DBE_MV,D,20210408,000000,123.07,123.07,122.46,122.46,0,0
DBE_MV,D,20210409,000000,122.46,123.07,120.62,120.62,0,0
DBE_MV,D,20210412,000000,120.62,120.62,120.01,120.01,0,0
DBE_MV,D,20210413,000000,120.01,120.01,119.4,119.4,0,0
DBE_MV,D,20210414,000000,120.62,120.62,119.24,120.01,0,0
DBE_MV,D,20210415,000000,120.01,122.76,119.4,119.4,0,0
DBE_MV,D,20210416,000000,122.46,122.46,119.4,120.32,0,0
DBE_MV,D,20210419,000000,121.23,124.91,121.23,122.46,0,0
DBE_MV,D,20210420,000000,123.07,123.99,122.46,123.68,0,0
DBE_MV,D,20210421,000000,122.46,122.46,122.46,122.46,0,0
DBE_MV,D,20210422,000000,122.76,123.07,122.46,122.46,0,0
DBE_MV,D,20210426,000000,123.68,124.91,122.46,122.46,0,0
DBE_MV,D,20210427,000000,123.38,123.38,123.38,123.38,0,0
DBE_MV,D,20210428,000000,125.52,127.05,125.52,127.05,0,0
DBE_MV,D,20210429,000000,126.13,126.13,122.76,122.76,0,0
DBE_MV,D,20210430,000000,122.76,123.71,122.76,123.71,0,0
DBE_MV,D,20210504,000000,123.68,123.68,122.76,123.68,0,0
DBE_MV,D,20210505,000000,122.76,123.38,122.76,123.07,0,0
DBE_MV,D,20210506,000000,123.38,123.38,123.07,123.07,0,0
DBE_MV,D,20210507,000000,123.07,123.07,119.09,119.09,0,0
DBE_MV,D,20210510,000000,122.46,122.46,122.15,122.15,0,0
DBE_MV,D,20210511,000000,122.15,122.15,119.7,119.7,0,0
DBE_MV,D,20210512,000000,119.4,121.23,116.34,121.23,0,0
DBE_MV,D,20210513,000000,121.23,122.46,120.01,122.46,0,0
DBE_MV,D,20210514,000000,122.46,123.99,122.46,123.99,0,0
DBE_MV,D,20210517,000000,123.99,123.99,123.99,123.99,0,0
DBE_MV,D,20210518,000000,123.38,123.38,118.78,119.4,0,0
DBE_MV,D,20210519,000000,119.4,119.4,115.42,115.42,0,0
DBE_MV,D,20210520,000000,114.8,114.8,111.8,111.8,0,0
DBE_MV,D,20210521,000000,112.06,112.97,110.21,112.97,0,0
DBE_MV,D,20210524,000000,113.26,114.8,113.26,113.27,0,0
DBE_MV,D,20210525,000000,112.97,112.97,110.21,110.82,0,0
DBE_MV,D,20210526,000000,111.74,111.74,110.21,110.21,0,0
DBE_MV,D,20210527,000000,112.66,112.66,107.15,107.15,0,0
DBE_MV,D,20210528,000000,107.15,107.76,107.15,107.76,0,0
DBE_MV,D,20210531,000000,116.95,116.95,116.64,116.79,0,0
DBE_MV,D,20210601,000000,116.79,116.79,114.35,114.35,0,0
DBE_MV,D,20210602,000000,114.19,119.4,114.19,119.4,0,0
DBE_MV,D,20210604,000000,113.27,113.27,113.27,113.27,0,0
DBE_MV,D,20210607,000000,113.27,113.27,111.74,111.74,0,0
DBE_MV,D,20210608,000000,111.13,112.97,111.13,112.97,0,0
DBE_MV,D,20210610,000000,112.05,112.05,107.15,110.21,0,0
DBE_MV,D,20210611,000000,107.15,107.15,107.15,107.15,0,0
DBE_MV,D,20210614,000000,107.46,110.21,107.15,110.21,0,0
DBE_MV,D,20210615,000000,110.21,114.19,110.21,110.21,0,0
DBE_MV,D,20210616,000000,110.21,110.21,110.21,110.21,0,0
DBE_MV,D,20210618,000000,110.21,110.21,110.21,110.21,0,0
DBE_MV,D,20210621,000000,111.44,111.74,111.44,111.74,0,0
DBE_MV,D,20210623,000000,110.82,110.82,110.21,110.21,0,0
DBE_MV,D,20210624,000000,110.21,110.21,110.21,110.21,0,0
DBE_MV,D,20210625,000000,110.21,116.34,110.21,116.34,0,0
DBE_MV,D,20210628,000000,117.56,117.56,110.21,110.21,0,0
DBE_MV,D,20210629,000000,111.74,111.74,111.74,111.74,0,0
DBE_MV,D,20210630,000000,111.44,111.44,104.09,107.15,0,0
DBE_MV,D,20210701,000000,105.93,110.21,105.93,108.99,0,0
DBE_MV,D,20210702,000000,109.6,109.6,108.68,108.68,0,0
DBE_MV,D,20210705,000000,108.68,108.99,108.68,108.99,0,0
DBE_MV,D,20210706,000000,108.99,108.99,108.99,108.99,0,0
DBE_MV,D,20210707,000000,109.29,111.44,109.29,111.44,0,0
DBE_MV,D,20210708,000000,111.44,111.44,108.99,108.99,0,0
DBE_MV,D,20210709,000000,108.68,113.27,108.68,110.21,0,0
DBE_MV,D,20210712,000000,110.21,110.21,110.21,110.21,0,0
DBE_MV,D,20210713,000000,110.21,112.2,110.21,112.2,0,0
DBE_MV,D,20210714,000000,110.21,113.89,110.21,113.89,0,0
DBE_MV,D,20210715,000000,113.27,115.11,113.27,115.11,0,0
DBE_MV,D,20210716,000000,115.72,115.72,110.21,110.21,0,0
DBE_MV,D,20210719,000000,110.21,110.21,110.21,110.21,0,0
DBE_MV,D,20210720,000000,110.66,110.66,110.66,110.66,0,0
DBE_MV,D,20210721,000000,110.52,110.52,108.68,108.68,0,0
DBE_MV,D,20210722,000000,109.6,109.6,108.68,108.68,0,0
DBE_MV,D,20210723,000000,108.68,108.68,108.68,108.68,0,0
DBE_MV,D,20210726,000000,108.38,108.38,107.76,107.76,0,0
DBE_MV,D,20210727,000000,107.46,107.46,107.15,107.15,0,0
DBE_MV,D,20210728,000000,108.38,108.99,108.38,108.99,0,0
DBE_MV,D,20210729,000000,109.58,109.6,109.58,109.6,0,0
DBE_MV,D,20210730,000000,108.68,108.68,107.15,107.15,0,0
DBE_MV,D,20210802,000000,107.15,107.15,107.15,107.15,0,0
DBE_MV,D,20210803,000000,107.15,107.15,107.15,107.15,0,0
DBE_MV,D,20210804,000000,107.15,107.15,106.26,106.26,0,0
DBE_MV,D,20210805,000000,105.93,105.93,105.93,105.93,0,0
DBE_MV,D,20210806,000000,105.64,105.64,102.25,105.62,0,0
DBE_MV,D,20210809,000000,101.79,102.87,101.79,102.87,0,0
DBE_MV,D,20210810,000000,103.17,104.09,103.17,104.09,0,0
DBE_MV,D,20210811,000000,105.01,105.01,105.01,105.01,0,0
DBE_MV,D,20210812,000000,105.01,105.01,101.64,101.64,0,0
DBE_MV,D,20210813,000000,101.64,102.56,101.18,102.56,0,0
DBE_MV,D,20210816,000000,101.33,101.76,101.33,101.76,0,0
DBE_MV,D,20210817,000000,101.64,101.64,101.64,101.64,0,0
DBE_MV,D,20210818,000000,101.64,101.64,101.64,101.64,0,0
DBE_MV,D,20210819,000000,101.33,101.33,99.19,99.19,0,0
DBE_MV,D,20210820,000000,97.34,97.66,90.01,96.44,0,0
DBE_MV,D,20210823,000000,97.32,97.66,96.44,97.66,0,0
DBE_MV,D,20210824,000000,97.51,97.51,94.29,94.91,0,0
DBE_MV,D,20210825,000000,93.99,93.99,90.31,90.93,0,0
DBE_MV,D,20210826,000000,90.93,91.84,90.93,91.84,0,0
DBE_MV,D,20210827,000000,91.84,91.84,91.23,91.84,0,0
DBE_MV,D,20210830,000000,91.81,91.81,88.48,88.48,0,0
DBE_MV,D,20210831,000000,88.78,101.03,88.78,93.37,0,0
DBE_MV,D,20210901,000000,92.76,94.91,91.23,91.23,0,0
DBE_MV,D,20210902,000000,91.84,91.84,91.84,91.84,0,0
DBE_MV,D,20210903,000000,100.72,100.72,95.52,97.35,0,0
DBE_MV,D,20210906,000000,99.47,99.8,97.97,99.19,0,0
DBE_MV,D,20210907,000000,99.5,99.5,99.5,99.5,0,0
DBE_MV,D,20210908,000000,99.5,99.5,99.5,99.5,0,0
DBE_MV,D,20210909,000000,99.5,99.5,94.91,94.91,0,0
DBE_MV,D,20210910,000000,96.44,98.58,96.44,97.97,0,0
DBE_MV,D,20210913,000000,99.5,102.87,99.5,102.87,0,0
DBE_MV,D,20210914,000000,102.25,102.25,102.25,102.25,0,0
DBE_MV,D,20210915,000000,104.09,105.62,104.09,105.62,0,0
DBE_MV,D,20210916,000000,101.03,105.31,101.03,105.31,0,0
DBE_MV,D,20210917,000000,105.62,105.62,104.4,104.4,0,0
DBE_MV,D,20210920,000000,104.4,104.89,104.4,104.89,0,0
DBE_MV,D,20210921,000000,101.03,104.09,101.03,104.09,0,0
DBE_MV,D,20210922,000000,104.09,104.09,104.09,104.09,0,0
DBE_MV,D,20210923,000000,104.09,104.09,102.25,102.25,0,0
DBE_MV,D,20210927,000000,102.87,104.09,102.87,104.09,0,0
DBE_MV,D,20210928,000000,104.09,104.09,102.56,102.56,0,0
DBE_MV,D,20210929,000000,102.56,103.78,101.03,101.03,0,0
DBE_MV,D,20210930,000000,102.56,104.09,102.56,104.09,0,0
DBE_MV,D,20211001,000000,104.09,104.09,101.95,101.95,0,0
DBE_MV,D,20211004,000000,101.95,103.78,101.03,101.03,0,0
DBE_MV,D,20211005,000000,103.78,103.78,101.03,103.17,0,0
DBE_MV,D,20211006,000000,103.48,103.48,101.64,103.48,0,0
DBE_MV,D,20211007,000000,101.95,101.95,101.95,101.95,0,0
DBE_MV,D,20211008,000000,103.48,103.78,103.48,103.78,0,0
DBE_MV,D,20211011,000000,103.48,103.78,103.48,103.78,0,0
DBE_MV,D,20211012,000000,103.63,103.63,96.74,101.03,0,0
DBE_MV,D,20211013,000000,97.35,97.97,96.74,97.97,0,0
DBE_MV,D,20211015,000000,97.97,97.97,94.91,97.97,0,0
DBE_MV,D,20211018,000000,96.44,96.44,96.44,96.44,0,0
DBE_MV,D,20211019,000000,97.66,97.97,95.52,95.52,0,0
DBE_MV,D,20211020,000000,95.52,95.52,94.91,94.91,0,0
DBE_MV,D,20211021,000000,94.91,94.91,90.01,91.84,0,0
DBE_MV,D,20211022,000000,90.62,91.84,88.78,91.84,0,0
DBE_MV,D,20211025,000000,91.84,91.84,88.78,89.39,0,0
DBE_MV,D,20211026,000000,90.31,90.93,85.72,87.25,0,0
DBE_MV,D,20211027,000000,87.25,87.86,87.25,87.86,0,0
DBE_MV,D,20211028,000000,88.78,88.78,87.86,88.78,0,0
DBE_MV,D,20211029,000000,88.78,88.78,88.78,88.78,0,0
DBE_MV,D,20211102,000000,89.39,90.31,89.39,90.31,0,0
DBE_MV,D,20211103,000000,90.31,90.31,88.77,88.78,0,0
DBE_MV,D,20211104,000000,87.86,88.78,87.86,87.89,0,0
DBE_MV,D,20211105,000000,88.77,88.78,88.77,88.78,0,0
DBE_MV,D,20211108,000000,90.01,90.01,88.78,88.78,0,0
DBE_MV,D,20211109,000000,88.78,88.78,88.17,88.17,0,0
DBE_MV,D,20211110,000000,88.78,88.78,88.17,88.17,0,0
DBE_MV,D,20211112,000000,88.48,88.48,87.89,87.89,0,0
DBE_MV,D,20211115,000000,88.48,88.48,88.48,88.48,0,0
DBE_MV,D,20211116,000000,88.48,88.48,87.89,87.89,0,0
DBE_MV,D,20211117,000000,88.78,90.31,88.78,90.31,0,0
DBE_MV,D,20211118,000000,90.31,90.31,90.31,90.31,0,0
DBE_MV,D,20211119,000000,90.62,90.62,88.78,88.78,0,0
DBE_MV,D,20211122,000000,88.78,88.78,88.78,88.78,0,0
DBE_MV,D,20211123,000000,88.77,88.78,88.48,88.78,0,0
DBE_MV,D,20211124,000000,88.78,88.78,88.17,88.17,0,0
DBE_MV,D,20211125,000000,87.89,87.89,86.33,87.86,0,0
DBE_MV,D,20211126,000000,87.86,87.86,87.25,87.25,0,0
DBE_MV,D,20211129,000000,87.25,87.25,87.25,87.25,0,0
DBE_MV,D,20211130,000000,86.95,86.95,86.95,86.95,0,0
DBE_MV,D,20211201,000000,86.03,86.03,82.66,83.58,0,0
DBE_MV,D,20211202,000000,84.5,84.5,84.5,84.5,0,0
DBE_MV,D,20211203,000000,85.72,88.78,85.72,85.72,0,0
DBE_MV,D,20211206,000000,85.72,85.72,85.72,85.72,0,0
DBE_MV,D,20211207,000000,85.72,85.72,85.72,85.72,0,0
DBE_MV,D,20211208,000000,85.72,85.72,85.72,85.72,0,0
DBE_MV,D,20211209,000000,84.19,84.19,83.88,83.88,0,0
DBE_MV,D,20211210,000000,82.66,82.66,71.33,79.6,0,0
DBE_MV,D,20211213,000000,79.6,79.6,75.62,76.54,0,0
DBE_MV,D,20211214,000000,76.54,76.54,76.54,76.54,0,0
DBE_MV,D,20211215,000000,76.54,76.54,76.54,76.54,0,0
DBE_MV,D,20211216,000000,75.33,75.92,74.39,75.92,0,0
DBE_MV,D,20211217,000000,75.92,77.76,74.39,77.15,0,0
DBE_MV,D,20211220,000000,76.54,76.54,76.54,76.54,0,0
DBE_MV,D,20211221,000000,75.01,78.68,73.48,77.45,0,0
DBE_MV,D,20211222,000000,77.45,77.45,74.7,74.7,0,0
DBE_MV,D,20211223,000000,75.01,75.77,74.09,75.77,0,0
DBE_MV,D,20211227,000000,76.54,76.84,76.54,76.54,0,0
DBE_MV,D,20211228,000000,75.01,75.92,75.01,75.01,0,0
DBE_MV,D,20211229,000000,74.7,78.07,74.7,77.76,0,0
DBE_MV,D,20211230,000000,77.76,78.37,77.76,78.37,0,0
DBE_MV,D,20220103,000000,77.15,82.66,76.54,82.66,0,0
DBE_MV,D,20220104,000000,85.72,90.01,85.72,90.01,0,0
DBE_MV,D,20220105,000000,91.23,101.03,91.23,101.03,0,0
DBE_MV,D,20220107,000000,102.56,105.62,102.56,105.62,0,0
DBE_MV,D,20220110,000000,105.62,105.62,87.56,94.91,0,0
DBE_MV,D,20220111,000000,96.44,97.97,88.78,93.37,0,0
DBE_MV,D,20220112,000000,94.91,97.97,94.91,97.97,0,0
DBE_MV,D,20220113,000000,97.97,97.97,89.24,90.31,0,0
DBE_MV,D,20220117,000000,91.84,91.84,91.84,91.84,0,0
DBE_MV,D,20220118,000000,93.37,93.37,91.84,91.84,0,0
DBE_MV,D,20220120,000000,91.84,91.84,91.84,91.84,0,0
DBE_MV,D,20220121,000000,91.87,96.74,90.62,91.84,0,0
DBE_MV,D,20220124,000000,90.31,90.31,85.72,85.72,0,0
DBE_MV,D,20220125,000000,82.97,86.95,82.97,86.95,0,0
DBE_MV,D,20220126,000000,86.95,86.95,86.95,86.95,0,0
DBE_MV,D,20220127,000000,87.25,87.25,87.25,87.25,0,0
DBE_MV,D,20220128,000000,87.25,87.25,87.25,87.25,0,0
DBE_MV,D,20220131,000000,87.25,91.54,87.25,88.78,0,0
DBE_MV,D,20220201,000000,89.7,90.01,87.56,87.56,0,0
DBE_MV,D,20220203,000000,87.56,87.56,87.56,87.56,0,0
DBE_MV,D,20220208,000000,87.25,89.98,87.25,87.25,0,0
DBE_MV,D,20220209,000000,87.25,87.25,85.72,85.72,0,0
DBE_MV,D,20220210,000000,85.72,85.72,85.72,85.72,0,0
DBE_MV,D,20220211,000000,85.72,85.72,85.72,85.72,0,0
DBE_MV,D,20220214,000000,85.72,85.72,82.66,82.66,0,0
DBE_MV,D,20220215,000000,82.67,83.88,80.21,83.88,0,0
DBE_MV,D,20220216,000000,82.66,82.66,81.13,81.13,0,0
DBE_MV,D,20220217,000000,83.27,83.27,80.82,80.82,0,0
DBE_MV,D,20220218,000000,79.9,79.9,73.48,73.48,0,0
DBE_MV,D,20220221,000000,75.01,75.01,69.5,70.41,0,0
DBE_MV,D,20220222,000000,70.41,70.41,70.41,70.41,0,0
DBE_MV,D,20220223,000000,71.03,71.03,70.41,70.41,0,0
DBE_MV,D,20220224,000000,70.41,70.41,69.5,69.5,0,0
DBE_MV,D,20220225,000000,69.5,69.5,69.5,69.5,0,0
DBE_MV,D,20220228,000000,69.5,73.17,69.5,73.17,0,0
DBE_MV,D,20220301,000000,71.94,71.94,71.94,71.94,0,0
DBE_MV,D,20220302,000000,71.33,71.33,69.5,69.5,0,0
DBE_MV,D,20220303,000000,69.8,69.8,67.96,67.96,0,0
DBE_MV,D,20220304,000000,67.37,67.37,67.37,67.37,0,0
DBE_MV,D,20220307,000000,67.37,67.37,64.9,64.9,0,0
DBE_MV,D,20220308,000000,64.9,64.9,64.9,64.9,0,0
DBE_MV,D,20220309,000000,64.9,64.9,61.84,61.84,0,0
DBE_MV,D,20220310,000000,64.9,66.43,64.9,66.43,0,0
DBE_MV,D,20220311,000000,64.29,64.29,62.15,62.15,0,0
DBE_MV,D,20220314,000000,61.84,61.84,61.84,61.84,0,0
DBE_MV,D,20220315,000000,63.98,71.94,63.98,67.35,0,0
DBE_MV,D,20220316,000000,67.35,68.58,64.29,64.9,0,0
DBE_MV,D,20220317,000000,65.21,67.35,61.54,67.35,0,0
DBE_MV,D,20220318,000000,67.35,68.88,67.35,67.35,0,0
DBE_MV,D,20220321,000000,67.35,67.35,65.82,65.82,0,0
DBE_MV,D,20220322,000000,66.13,66.13,65.82,65.82,0,0
DBE_MV,D,20220323,000000,66.13,66.13,64.29,64.29,0,0
DBE_MV,D,20220324,000000,65.82,65.82,65.82,65.82,0,0
DBE_MV,D,20220325,000000,66.74,69.5,66.74,69.5,0,0
DBE_MV,D,20220328,000000,69.5,69.5,67.35,67.35,0,0
DBE_MV,D,20220329,000000,69.5,69.79,67.35,69.79,0,0
DBE_MV,D,20220331,000000,69.83,69.83,68.73,68.73,0,0
DBE_MV,D,20220401,000000,69.5,71.64,69.5,71.64,0,0
DBE_MV,D,20220404,000000,71.94,73.17,71.94,73.17,0,0
DBE_MV,D,20220405,000000,73.17,75.01,73.17,75.01,0,0
DBE_MV,D,20220406,000000,73.48,73.48,73.48,73.48,0,0
DBE_MV,D,20220407,000000,71.94,71.94,61.23,66.74,0,0
DBE_MV,D,20220408,000000,67.35,67.35,67.35,67.35,0,0
DBE_MV,D,20220411,000000,66.74,67.96,65.52,67.96,0,0
DBE_MV,D,20220412,000000,66.13,73.48,64.6,73.48,0,0
DBE_MV,D,20220413,000000,71.94,71.94,67.96,68.27,0,0
DBE_MV,D,20220414,000000,69.19,69.19,67.35,67.35,0,0
DBE_MV,D,20220419,000000,67.35,67.35,58.17,58.17,0,0
DBE_MV,D,20220420,000000,63.07,63.68,61.23,63.68,0,0
DBE_MV,D,20220421,000000,64.29,64.29,64.29,64.29,0,0
DBE_MV,D,20220425,000000,62.15,62.15,55.41,55.41,0,0
DBE_MV,D,20220426,000000,55.41,55.41,55.41,55.41,0,0
DBE_MV,D,20220427,000000,56.64,58.78,56.64,58.78,0,0
DBE_MV,D,20220428,000000,58.17,58.17,58.17,58.17,0,0
DBE_MV,D,20220429,000000,59.7,59.7,59.7,59.7,0,0
DBE_MV,D,20220502,000000,59.7,59.7,59.7,59.7,0,0
DBE_MV,D,20220504,000000,59.7,59.7,59.7,59.7,0,0
DBE_MV,D,20220505,000000,59.7,60.46,59.7,60.46,0,0
DBE_MV,D,20220506,000000,61.23,69.5,61.23,69.5,0,0
DBE_MV,D,20220509,000000,69.5,69.5,64.29,68.58,0,0
DBE_MV,D,20220510,000000,67.35,73.17,67.35,73.17,0,0
DBE_MV,D,20220511,000000,69.8,71.03,68.88,71.03,0,0
DBE_MV,D,20220512,000000,67.66,72.86,67.35,72.86,0,0
DBE_MV,D,20220513,000000,67.35,73.17,67.35,73.17,0,0
DBE_MV,D,20220516,000000,73.17,73.17,70.41,70.41,0,0
DBE_MV,D,20220517,000000,70.41,75.01,68.88,75.01,0,0
DBE_MV,D,20220518,000000,75.01,75.01,74.7,74.7,0,0
DBE_MV,D,20220519,000000,74.09,74.09,69.8,69.8,0,0
DBE_MV,D,20220520,000000,68.88,68.88,67.35,67.35,0,0
DBE_MV,D,20220523,000000,68.88,71.33,68.88,71.33,0,0
DBE_MV,D,20220526,000000,71.33,72.86,71.33,72.86,0,0
DBE_MV,D,20220527,000000,72.86,72.86,72.86,72.86,0,0
DBE_MV,D,20220530,000000,72.86,74.7,72.86,74.7,0,0
DBE_MV,D,20220531,000000,74.7,74.7,68.88,68.88,0,0
DBE_MV,D,20220601,000000,70.11,71.94,69.19,71.94,0,0
DBE_MV,D,20220602,000000,70.41,70.41,56.79,56.79,0,0
DBE_MV,D,20220603,000000,59.7,85.72,59.7,64.29,0,0
DBE_MV,D,20220606,000000,64.6,71.64,61.08,67.35,0,0
DBE_MV,D,20220607,000000,67.35,69.8,64.29,69.8,0,0
DBE_MV,D,20220608,000000,69.19,69.19,67.35,67.35,0,0
DBE_MV,D,20220609,000000,67.35,67.35,64.29,66.13,0,0
DBE_MV,D,20220610,000000,64.6,64.6,62.76,62.76,0,0
DBE_MV,D,20220613,000000,64.29,64.6,64.29,64.29,0,0
DBE_MV,D,20220614,000000,64.29,64.29,64.29,64.29,0,0
DBE_MV,D,20220615,000000,64.29,67.35,64.29,67.35,0,0
DBE_MV,D,20220617,000000,67.35,67.35,67.35,67.35,0,0
DBE_MV,D,20220620,000000,66.13,68.58,66.13,68.58,0,0
DBE_MV,D,20220621,000000,68.58,78.07,68.58,78.07,0,0
DBE_MV,D,20220622,000000,78.07,81.74,74.09,81.74,0,0
DBE_MV,D,20220623,000000,83.88,85.72,79.6,79.6,0,0
DBE_MV,D,20220624,000000,82.35,84.5,82.35,84.5,0,0
DBE_MV,D,20220627,000000,84.5,84.5,79.29,80.82,0,0
DBE_MV,D,20220628,000000,78.99,84.5,69.5,84.5,0,0
DBE_MV,D,20220629,000000,78.37,84.5,76.54,76.54,0,0
DBE_MV,D,20220630,000000,81.74,87.25,77.45,77.45,0,0
DBE_MV,D,20220701,000000,77.45,78.99,73.48,73.48,0,0
DBE_MV,D,20220704,000000,79.6,88.78,76.54,76.54,0,0
DBE_MV,D,20220705,000000,76.84,78.07,72.25,72.25,0,0
DBE_MV,D,20220706,000000,73.48,76.54,62.45,71.33,0,0
DBE_MV,D,20220707,000000,71.33,73.17,71.33,73.17,0,0
DBE_MV,D,20220708,000000,73.17,79.6,70.41,70.41,0,0
DBE_MV,D,20220711,000000,71.94,71.94,67.35,67.35,0,0
DBE_MV,D,20220712,000000,68.58,71.94,67.66,67.66,0,0
DBE_MV,D,20220713,000000,69.19,71.33,69.19,69.8,0,0
DBE_MV,D,20220714,000000,69.19,69.19,69.19,69.19,0,0
DBE_MV,D,20220715,000000,68.27,68.27,67.35,67.35,0,0
DBE_MV,D,20220718,000000,66.74,68.58,66.13,68.58,0,0
DBE_MV,D,20220719,000000,68.58,68.58,68.58,68.58,0,0
DBE_MV,D,20220720,000000,67.35,96.74,67.35,96.74,0,0
DBE_MV,D,20220721,000000,96.74,97.97,90.31,91.84,0,0
DBE_MV,D,20220722,000000,91.84,103.48,91.84,99.19,0,0
DBE_MV,D,20220725,000000,97.97,104.09,97.97,103.78,0,0
DBE_MV,D,20220726,000000,106.84,113.27,103.48,113.27,0,0
DBE_MV,D,20220727,000000,110.21,115.72,110.21,115.11,0,0
DBE_MV,D,20220728,000000,115.11,140.83,105.62,120.93,0,0
DBE_MV,D,20220729,000000,127.05,130.42,122.46,125.52,0,0
DBE_MV,D,20220801,000000,125.52,136.23,122.46,133.17,0,0
DBE_MV,D,20220802,000000,132.56,132.56,123.38,123.38,0,0
DBE_MV,D,20220803,000000,122.46,122.46,119.4,122.46,0,0
DBE_MV,D,20220804,000000,118.17,118.17,113.27,116.34,0,0
DBE_MV,D,20220805,000000,114.8,114.8,104.09,111.74,0,0
DBE_MV,D,20220808,000000,112.97,112.97,108.07,112.97,0,0
DBE_MV,D,20220809,000000,113.27,113.27,110.21,110.21,0,0
DBE_MV,D,20220810,000000,110.21,112.05,107.15,111.74,0,0
DBE_MV,D,20220811,000000,112.97,114.8,111.74,114.8,0,0
DBE_MV,D,20220812,000000,114.5,114.5,114.19,114.5,0,0
DBE_MV,D,20220816,000000,114.8,120.93,114.8,119.4,0,0
DBE_MV,D,20220817,000000,119.4,119.4,115.72,118.78,0,0
DBE_MV,D,20220818,000000,116.34,119.4,111.74,119.4,0,0
DBE_MV,D,20220819,000000,119.09,120.93,119.09,119.4,0,0
DBE_MV,D,20220822,000000,114.8,119.09,114.8,119.09,0,0
DBE_MV,D,20220823,000000,118.78,118.78,112.36,113.27,0,0
DBE_MV,D,20220824,000000,114.19,119.4,113.58,113.58,0,0
DBE_MV,D,20220825,000000,113.58,114.8,113.58,114.8,0,0
DBE_MV,D,20220826,000000,112.97,113.27,112.66,112.66,0,0
DBE_MV,D,20220829,000000,112.66,113.27,112.66,113.27,0,0
DBE_MV,D,20220830,000000,113.27,114.8,113.27,113.27,0,0
DBE_MV,D,20220831,000000,113.27,113.27,113.27,113.27,0,0
DBE_MV,D,20220901,000000,112.05,112.05,107.46,108.68,0,0
DBE_MV,D,20220902,000000,108.68,113.27,107.15,113.27,0,0
DBE_MV,D,20220905,000000,109.6,116.34,109.6,116.34,0,0
DBE_MV,D,20220906,000000,116.95,117.87,112.05,117.25,0,0
DBE_MV,D,20220907,000000,117.56,118.78,110.21,113.27,0,0
DBE_MV,D,20220908,000000,116.03,116.03,113.27,113.27,0,0
DBE_MV,D,20220909,000000,112.36,116.03,111.13,111.13,0,0
DBE_MV,D,20220912,000000,110.82,113.27,108.68,113.27,0,0
DBE_MV,D,20220913,000000,113.27,113.27,107.76,110.21,0,0
DBE_MV,D,20220914,000000,110.21,111.74,110.21,111.74,0,0
DBE_MV,D,20220915,000000,111.13,113.27,108.68,111.13,0,0
DBE_MV,D,20220916,000000,110.21,115.72,110.21,115.72,0,0
DBE_MV,D,20220919,000000,115.72,115.72,115.42,115.42,0,0
DBE_MV,D,20220920,000000,118.78,128.58,118.78,120.62,0,0
DBE_MV,D,20220921,000000,122.46,122.46,116.95,117.87,0,0
DBE_MV,D,20220922,000000,116.64,116.95,115.72,116.34,0,0
DBE_MV,D,20220923,000000,115.72,115.72,111.74,112.97,0,0
DBE_MV,D,20220926,000000,110.82,110.82,107.15,108.68,0,0
DBE_MV,D,20220927,000000,108.38,113.27,107.76,110.21,0,0
DBE_MV,D,20220928,000000,110.21,110.21,99.8,104.09,0,0
DBE_MV,D,20220929,000000,104.09,105.62,98.89,99.8,0,0
DBE_MV,D,20220930,000000,113.27,113.27,98.27,98.58,0,0
DBE_MV,D,20221003,000000,98.27,104.09,98.27,101.03,0,0
DBE_MV,D,20221004,000000,101.03,103.48,101.03,103.48,0,0
DBE_MV,D,20221005,000000,104.7,104.7,104.7,104.7,0,0
DBE_MV,D,20221006,000000,104.7,104.7,102.87,103.78,0,0
DBE_MV,D,20221007,000000,102.56,102.87,98.58,102.87,0,0
DBE_MV,D,20221010,000000,101.64,101.64,101.03,101.03,0,0
DBE_MV,D,20221011,000000,102.56,104.09,102.56,104.09,0,0
DBE_MV,D,20221012,000000,105.31,105.62,105.31,105.62,0,0
DBE_MV,D,20221013,000000,104.4,104.7,102.87,103.48,0,0
DBE_MV,D,20221014,000000,104.09,104.09,102.56,102.56,0,0
DBE_MV,D,20221017,000000,102.56,103.48,100.42,103.48,0,0
DBE_MV,D,20221018,000000,102.25,111.13,102.25,106.84,0,0
DBE_MV,D,20221019,000000,108.68,113.27,108.68,113.27,0,0
DBE_MV,D,20221020,000000,111.74,111.74,107.46,107.46,0,0
DBE_MV,D,20221021,000000,107.76,110.21,104.4,110.21,0,0
DBE_MV,D,20221024,000000,109.91,109.91,105.93,105.93,0,0
DBE_MV,D,20221025,000000,105.93,108.07,105.93,108.07,0,0
DBE_MV,D,20221026,000000,108.07,110.21,108.07,110.21,0,0
DBE_MV,D,20221027,000000,110.21,110.21,109.91,109.91,0,0
DBE_MV,D,20221028,000000,109.91,110.21,107.15,107.15,0,0
DBE_MV,D,20221031,000000,108.38,108.68,107.15,107.15,0,0
DBE_MV,D,20221102,000000,109.6,113.27,109.6,110.21,0,0
DBE_MV,D,20221103,000000,110.21,110.21,104.09,108.68,0,0
DBE_MV,D,20221104,000000,110.21,110.21,107.15,107.15,0,0
DBE_MV,D,20221107,000000,107.15,114.5,106.54,114.5,0,0
DBE_MV,D,20221108,000000,113.27,114.5,107.15,113.27,0,0
DBE_MV,D,20221109,000000,112.36,112.36,104.09,107.15,0,0
DBE_MV,D,20221110,000000,105.01,108.68,105.01,107.76,0,0
DBE_MV,D,20221114,000000,109.6,109.6,105.93,106.54,0,0
DBE_MV,D,20221115,000000,104.09,106.54,103.17,103.17,0,0
DBE_MV,D,20221116,000000,102.56,105.31,101.03,105.01,0,0
DBE_MV,D,20221117,000000,105.01,105.01,101.33,101.33,0,0
DBE_MV,D,20221118,000000,101.03,101.33,101.03,101.03,0,0
DBE_MV,D,20221121,000000,101.03,105.31,101.03,105.31,0,0
DBE_MV,D,20221122,000000,105.31,105.31,101.64,101.64,0,0
DBE_MV,D,20221123,000000,102.56,102.56,97.97,101.03,0,0
DBE_MV,D,20221124,000000,99.5,99.5,96.74,96.74,0,0
DBE_MV,D,20221125,000000,101.03,102.25,99.19,100.42,0,0
DBE_MV,D,20221128,000000,100.42,102.25,97.97,98.58,0,0
DBE_MV,D,20221129,000000,98.58,102.87,98.27,102.87,0,0
DBE_MV,D,20221130,000000,103.48,104.09,98.27,98.58,0,0
DBE_MV,D,20221201,000000,99.19,103.17,99.19,103.17,0,0
DBE_MV,D,20221202,000000,103.17,109.29,100.11,101.33,0,0
DBE_MV,D,20221205,000000,101.33,103.17,101.03,101.03,0,0
DBE_MV,D,20221206,000000,101.03,103.48,100.11,100.11,0,0
DBE_MV,D,20221207,000000,100.72,100.72,100.11,100.11,0,0
DBE_MV,D,20221208,000000,100.11,102.87,100.11,100.72,0,0
DBE_MV,D,20221209,000000,102.87,107.15,99.8,104.09,0,0
DBE_MV,D,20221212,000000,104.09,109.29,104.09,108.99,0,0
DBE_MV,D,20221213,000000,108.99,108.99,101.03,101.33,0,0
DBE_MV,D,20221214,000000,102.56,102.56,101.03,101.03,0,0
DBE_MV,D,20221215,000000,101.95,104.09,101.95,104.09,0,0
DBE_MV,D,20221219,000000,103.48,103.48,103.48,103.48,0,0
DBE_MV,D,20221220,000000,103.48,103.48,103.48,103.48,0,0
DBE_MV,D,20221221,000000,102.87,102.87,102.87,102.87,0,0
DBE_MV,D,20221222,000000,102.87,102.87,101.03,101.03,0,0
DBE_MV,D,20221223,000000,100.42,100.42,97.97,97.97,0,0
DBE_MV,D,20221227,000000,99.5,102.25,99.5,100.11,0,0
DBE_MV,D,20221228,000000,99.8,101.03,92.46,101.03,0,0
DBE_MV,D,20221229,000000,101.33,101.33,101.03,101.03,0,0
DBE_MV,D,20221230,000000,101.03,101.03,100.72,100.72,0,0
DBE_MV,D,20230102,000000,97.97,109.91,97.97,105.62,0,0
DBE_MV,D,20230103,000000,106.84,113.27,106.84,110.21,0,0
DBE_MV,D,20230104,000000,110.21,110.21,107.15,109.91,0,0
DBE_MV,D,20230105,000000,109.91,112.97,109.91,112.66,0,0
DBE_MV,D,20230109,000000,113.58,119.09,112.97,117.25,0,0
DBE_MV,D,20230110,000000,114.8,117.25,113.27,114.8,0,0
DBE_MV,D,20230111,000000,116.34,116.34,113.89,113.89,0,0
DBE_MV,D,20230112,000000,113.27,113.27,112.05,112.05,0,0
DBE_MV,D,20230113,000000,110.82,111.74,110.21,110.52,0,0
DBE_MV,D,20230116,000000,111.74,115.11,111.74,115.11,0,0
DBE_MV,D,20230117,000000,113.27,113.27,110.52,110.52,0,0
DBE_MV,D,20230118,000000,110.52,113.27,108.68,112.05,0,0
DBE_MV,D,20230119,000000,111.74,111.74,110.21,110.21,0,0
DBE_MV,D,20230120,000000,108.68,109.91,108.68,108.68,0,0
DBE_MV,D,20230123,000000,108.68,112.05,108.68,112.05,0,0
DBE_MV,D,20230124,000000,112.05,112.05,109.29,111.13,0,0
DBE_MV,D,20230125,000000,111.13,112.66,111.13,112.05,0,0
DBE_MV,D,20230126,000000,112.36,112.36,112.36,112.36,0,0
DBE_MV,D,20230127,000000,112.36,112.36,112.05,112.05,0,0
DBE_MV,D,20230130,000000,107.15,109.91,103.17,109.29,0,0
DBE_MV,D,20230131,000000,107.76,112.36,107.76,112.36,0,0
DBE_MV,D,20230201,000000,111.74,111.74,110.21,110.21,0,0
DBE_MV,D,20230202,000000,109.29,113.27,109.29,113.27,0,0
DBE_MV,D,20230203,000000,115.42,115.42,106.23,109.6,0,0
DBE_MV,D,20230206,000000,108.68,112.66,108.38,110.82,0,0
DBE_MV,D,20230207,000000,111.44,111.44,110.82,110.82,0,0
DBE_MV,D,20230208,000000,110.52,110.52,110.21,110.21,0,0
DBE_MV,D,20230209,000000,110.21,110.82,109.29,110.82,0,0
DBE_MV,D,20230210,000000,110.82,110.82,106.23,107.76,0,0
DBE_MV,D,20230213,000000,108.38,112.97,106.23,106.23,0,0
DBE_MV,D,20230214,000000,106.23,108.07,105.62,105.62,0,0
DBE_MV,D,20230215,000000,105.62,105.62,93.99,102.56,0,0
DBE_MV,D,20230216,000000,102.25,102.25,93.07,94.91,0,0
DBE_MV,D,20230217,000000,95.52,97.05,94.91,95.52,0,0
DBE_MV,D,20230220,000000,96.74,97.66,95.52,97.35,0,0
DBE_MV,D,20230221,000000,97.35,97.66,93.07,93.07,0,0
DBE_MV,D,20230222,000000,96.13,96.13,93.37,93.68,0,0
DBE_MV,D,20230223,000000,94.91,94.91,93.99,94.6,0,0
DBE_MV,D,20230224,000000,94.6,94.6,93.99,94.29,0,0
DBE_MV,D,20230227,000000,94.91,97.05,93.07,93.07,0,0
DBE_MV,D,20230228,000000,93.37,94.29,90.01,92.15,0,0
DBE_MV,D,20230301,000000,92.15,97.35,92.15,97.05,0,0
DBE_MV,D,20230302,000000,96.74,101.95,93.68,93.68,0,0
DBE_MV,D,20230303,000000,96.44,97.05,91.84,95.82,0,0
DBE_MV,D,20230306,000000,98.89,100.42,94.6,99.8,0,0
DBE_MV,D,20230307,000000,98.58,98.58,94.91,94.91,0,0
DBE_MV,D,20230308,000000,97.05,97.66,94.91,94.91,0,0
DBE_MV,D,20230309,000000,97.97,97.97,96.44,97.97,0,0
DBE_MV,D,20230310,000000,92.15,97.97,92.15,97.97,0,0
DBE_MV,D,20230313,000000,95.21,96.74,94.29,94.91,0,0
DBE_MV,D,20230314,000000,94.91,97.05,94.91,97.05,0,0
DBE_MV,D,20230315,000000,97.66,97.97,95.82,96.13,0,0
DBE_MV,D,20230316,000000,96.44,96.44,92.46,92.46,0,0
DBE_MV,D,20230317,000000,94.91,96.13,91.84,95.21,0,0
DBE_MV,D,20230320,000000,94.91,94.91,90.62,91.84,0,0
DBE_MV,D,20230321,000000,91.84,91.84,89.39,91.54,0,0
DBE_MV,D,20230322,000000,90.01,91.54,88.78,88.78,0,0
DBE_MV,D,20230323,000000,89.39,91.23,89.39,91.23,0,0
DBE_MV,D,20230324,000000,91.23,91.23,89.09,89.09,0,0
DBE_MV,D,20230327,000000,89.39,90.93,88.78,90.62,0,0
DBE_MV,D,20230328,000000,90.31,90.31,90.01,90.01,0,0
DBE_MV,D,20230329,000000,90.01,90.01,88.78,89.7,0,0
DBE_MV,D,20230330,000000,88.78,90.01,87.56,90.01,0,0
DBE_MV,D,20230331,000000,89.7,90.01,88.17,88.78,0,0
DBE_MV,D,20230403,000000,89.39,90.01,87.86,88.78,0,0
DBE_MV,D,20230404,000000,88.78,88.78,87.86,88.48,0,0
DBE_MV,D,20230405,000000,88.48,88.48,83.27,83.27,0,0
DBE_MV,D,20230406,000000,85.41,86.95,83.27,86.64,0,0
DBE_MV,D,20230411,000000,87.25,90.62,87.25,90.62,0,0
DBE_MV,D,20230412,000000,90.93,92.76,90.93,90.93,0,0
DBE_MV,D,20230413,000000,90.93,90.93,87.56,87.56,0,0
DBE_MV,D,20230414,000000,89.39,90.62,87.56,87.56,0,0
DBE_MV,D,20230417,000000,88.17,88.17,85.72,87.25,0,0
DBE_MV,D,20230418,000000,86.95,88.78,85.41,87.25,0,0
DBE_MV,D,20230419,000000,85.11,87.86,85.11,87.86,0,0
DBE_MV,D,20230420,000000,94.6,94.6,89.39,89.7,0,0
DBE_MV,D,20230421,000000,90.01,96.44,90.01,95.52,0,0
DBE_MV,D,20230424,000000,96.74,98.58,95.52,98.58,0,0
DBE_MV,D,20230425,000000,101.03,102.25,97.05,97.05,0,0
DBE_MV,D,20230426,000000,96.13,96.13,89.39,90.31,0,0
DBE_MV,D,20230427,000000,90.31,91.23,87.25,88.48,0,0
DBE_MV,D,20230428,000000,88.78,90.93,85.72,87.86,0,0
DBE_MV,D,20230502,000000,89.7,90.31,86.33,86.64,0,0
DBE_MV,D,20230504,000000,86.64,87.86,85.72,85.72,0,0
DBE_MV,D,20230505,000000,85.72,90.01,85.72,88.78,0,0
DBE_MV,D,20230508,000000,89.39,89.39,85.72,88.17,0,0
DBE_MV,D,20230509,000000,87.56,87.56,86.03,86.03,0,0
DBE_MV,D,20230510,000000,86.03,86.03,84.5,86.03,0,0
DBE_MV,D,20230511,000000,86.33,87.25,85.72,85.72,0,0
DBE_MV,D,20230512,000000,85.72,86.64,84.8,86.64,0,0
DBE_MV,D,20230515,000000,86.64,96.13,86.33,90.62,0,0
DBE_MV,D,20230516,000000,90.62,90.62,89.39,90.62,0,0
DBE_MV,D,20230517,000000,90.62,90.62,87.56,87.56,0,0
DBE_MV,D,20230518,000000,87.56,87.56,84.5,85.72,0,0
DBE_MV,D,20230519,000000,85.72,87.86,84.8,86.64,0,0
DBE_MV,D,20230522,000000,86.64,86.64,81.13,84.8,0,0
DBE_MV,D,20230523,000000,84.8,84.8,77.15,83.27,0,0
DBE_MV,D,20230524,000000,83.27,83.27,80.21,80.52,0,0
DBE_MV,D,20230525,000000,80.52,80.52,75.01,77.15,0,0
DBE_MV,D,20230526,000000,76.54,79.6,76.54,77.15,0,0
DBE_MV,D,20230529,000000,77.45,79.6,77.15,77.76,0,0
DBE_MV,D,20230530,000000,78.68,78.68,76.84,76.84,0,0
DBE_MV,D,20230531,000000,76.84,80.21,73.17,80.21,0,0
DBE_MV,D,20230601,000000,79.9,79.9,76.54,79.29,0,0
DBE_MV,D,20230602,000000,77.76,78.37,77.76,77.76,0,0
DBE_MV,D,20230605,000000,78.99,78.99,77.45,78.99,0,0
DBE_MV,D,20230606,000000,78.07,78.07,76.54,78.07,0,0
DBE_MV,D,20230607,000000,78.99,78.99,73.48,77.45,0,0
DBE_MV,D,20230609,000000,77.76,88.65,74.39,88.65,0,0
DBE_MV,D,20230612,000000,88.65,90.04,85.52,86.91,0,0
DBE_MV,D,20230613,000000,88.65,88.65,86.22,86.22,0,0
DBE_MV,D,20230614,000000,86.56,88.65,86.22,86.22,0,0
DBE_MV,D,20230615,000000,86.56,89.35,85.87,89.35,0,0
DBE_MV,D,20230616,000000,89.35,89.35,85.87,89,0,0
DBE_MV,D,20230619,000000,89.35,90.04,87.61,87.61,0,0
DBE_MV,D,20230620,000000,87.61,90.39,87.61,89,0,0
DBE_MV,D,20230621,000000,89.69,89.69,86.91,88.65,0,0
DBE_MV,D,20230622,000000,88.65,89,85.52,89,0,0
DBE_MV,D,20230623,000000,89.35,89.35,85.17,86.91,0,0
DBE_MV,D,20230626,000000,86.91,86.91,85.17,86.91,0,0
DBE_MV,D,20230627,000000,87.61,87.61,84.83,86.91,0,0
DBE_MV,D,20230628,000000,86.91,86.91,84.83,86.56,0,0
DBE_MV,D,20230629,000000,86.22,87.61,85.52,86.56,0,0
DBE_MV,D,20230630,000000,86.91,88.3,84.48,84.48,0,0
DBE_MV,D,20230703,000000,84.48,87.95,84.48,87.95,0,0
DBE_MV,D,20230704,000000,87.95,87.95,85.17,86.56,0,0
DBE_MV,D,20230705,000000,86.91,89.35,85.17,86.91,0,0
DBE_MV,D,20230706,000000,86.91,87.61,83.44,87.61,0,0
DBE_MV,D,20230707,000000,86.22,87.95,85.52,86.91,0,0
DBE_MV,D,20230710,000000,87.61,87.61,85.87,85.87,0,0
DBE_MV,D,20230711,000000,85.52,85.87,84.48,85.52,0,0
DBE_MV,D,20230712,000000,85.17,88.65,83.78,87.61,0,0
DBE_MV,D,20230713,000000,87.61,93.86,86.91,91.43,0,0
DBE_MV,D,20230714,000000,91.08,92.13,89.69,92.13,0,0
DBE_MV,D,20230717,000000,92.13,97.34,92.13,94.56,0,0
DBE_MV,D,20230718,000000,96.65,96.65,94.56,94.91,0,0
DBE_MV,D,20230719,000000,95.26,95.6,92.13,93.52,0,0
DBE_MV,D,20230720,000000,93.52,93.52,91.78,91.78,0,0
DBE_MV,D,20230721,000000,93.17,94.21,93.17,93.52,0,0
DBE_MV,D,20230724,000000,90.39,92.13,89.69,91.78,0,0
DBE_MV,D,20230725,000000,91.78,91.78,91.78,91.78,0,0
DBE_MV,D,20230726,000000,91.78,91.78,91.08,91.43,0,0
DBE_MV,D,20230727,000000,91.43,91.43,89.69,91.08,0,0
DBE_MV,D,20230728,000000,91.43,91.43,90.74,90.74,0,0
DBE_MV,D,20230731,000000,89.69,90.39,89,89,0,0
DBE_MV,D,20230801,000000,89,90.39,89,90.39,0,0
DBE_MV,D,20230802,000000,90.39,92.47,89,91.43,0,0
DBE_MV,D,20230803,000000,93.52,93.52,90.74,91.43,0,0
DBE_MV,D,20230804,000000,92.47,92.82,92.126,92.13,0,0
DBE_MV,D,20230807,000000,91.083,92.474,91.083,91.78,0,0
DBE_MV,D,20230808,000000,93.169,93.169,91.43,91.43,0,0
DBE_MV,D,20230809,000000,91.431,92.13,91.431,92.13,0,0
DBE_MV,D,20230810,000000,93.169,93.517,91.43,91.43,0,0
DBE_MV,D,20230811,000000,91.431,92.821,91.083,92.82,0,0
DBE_MV,D,20230814,000000,93.517,93.517,90.388,92.13,0,0
DBE_MV,D,20230816,000000,93.169,93.169,89.693,90.04,0,0
DBE_MV,D,20230817,000000,90.388,90.388,86.912,88.3,0,0
DBE_MV,D,20230818,000000,88.302,88.302,83.783,86.56,0,0
DBE_MV,D,20230821,000000,86.564,87.954,85.173,87.26,0,0
DBE_MV,D,20230822,000000,84.478,88.65,84.13,88.65,0,0
DBE_MV,D,20230823,000000,88.65,88.65,84.13,86.91,0,0
DBE_MV,D,20230824,000000,86.912,86.912,85.869,86.56,0,0
DBE_MV,D,20230825,000000,86.564,86.564,85.521,86.56,0,0
DBE_MV,D,20230828,000000,86.564,86.564,86.56,86.56,0,0
DBE_MV,D,20230829,000000,87.259,87.61,87.259,87.61,0,0
DBE_MV,D,20230830,000000,87.954,87.954,85.869,86.56,0,0
DBE_MV,D,20230831,000000,86.564,86.564,84.13,84.48,0,0
DBE_MV,D,20230901,000000,85.869,86.216,85.17,85.17,0,0
DBE_MV,D,20230904,000000,85.173,85.869,84.13,84.48,0,0
DBE_MV,D,20230905,000000,84.478,84.478,81.002,83.44,0,0
DBE_MV,D,20230906,000000,83.435,83.783,79.263,82.39,0,0
DBE_MV,D,20230907,000000,81.697,83.783,81.697,83.78,0,0
DBE_MV,D,20230908,000000,83.783,83.783,82.044,83.09,0,0
DBE_MV,D,20230911,000000,83.087,83.09,81.697,83.09,0,0
DBE_MV,D,20230912,000000,83.087,83.09,81.697,83.09,0,0
DBE_MV,D,20230913,000000,83.087,83.435,81.002,81.7,0,0
DBE_MV,D,20230914,000000,81.697,81.697,79.263,81,0,0
DBE_MV,D,20230915,000000,81.002,81.002,79.959,81,0,0
DBE_MV,D,20230918,000000,81.697,81.697,79.263,79.96,0,0
DBE_MV,D,20230919,000000,79.959,80.306,78.568,78.57,0,0
DBE_MV,D,20230920,000000,79.263,79.263,79.26,79.26,0,0
DBE_MV,D,20230921,000000,78.916,78.916,74.049,74.4,0,0
DBE_MV,D,20230922,000000,74.396,81.002,74.396,81,0,0
DBE_MV,D,20230925,000000,81.002,81.002,77.525,79.26,0,0
DBE_MV,D,20230926,000000,78.22,78.22,78.22,78.22,0,0
DBE_MV,D,20230927,000000,78.22,78.22,77.873,78.22,0,0
DBE_MV,D,20230928,000000,78.22,79.263,77.177,79.26,0,0
DBE_MV,D,20230929,000000,79.263,80.654,77.177,80.31,0,0
DBE_MV,D,20231002,000000,77.873,80.654,77.873,79.96,0,0
DBE_MV,D,20231003,000000,79.959,79.96,76.83,77.18,0,0
DBE_MV,D,20231004,000000,78.22,78.92,77.177,78.92,0,0
DBE_MV,D,20231005,000000,79.263,79.611,79.263,79.61,0,0
DBE_MV,D,20231006,000000,78.568,79.263,77.873,79.26,0,0
DBE_MV,D,20231009,000000,79.611,79.611,77.525,79.26,0,0
DBE_MV,D,20231010,000000,79.263,86.564,79.263,81.35,0,0
DBE_MV,D,20231011,000000,81.349,81.35,81.349,81.35,0,0
DBE_MV,D,20231012,000000,81.349,81.349,77.525,79.61,0,0
DBE_MV,D,20231013,000000,79.611,79.96,78.22,79.96,0,0
DBE_MV,D,20231016,000000,81.002,82.392,75.787,79.26,0,0
DBE_MV,D,20231017,000000,79.263,79.263,76.134,78.22,0,0
DBE_MV,D,20231018,000000,79.263,79.263,74.744,77.87,0,0
DBE_MV,D,20231019,000000,77.873,79.96,75.092,79.96,0,0
DBE_MV,D,20231020,000000,79.263,79.96,79.263,79.96,0,0
DBE_MV,D,20231023,000000,79.959,79.959,78.22,79.26,0,0
DBE_MV,D,20231024,000000,79.263,79.263,76.482,79.26,0,0
DBE_MV,D,20231025,000000,79.263,79.263,79.26,79.26,0,0
DBE_MV,D,20231026,000000,78.916,78.92,76.482,78.92,0,0
DBE_MV,D,20231027,000000,79.611,79.611,76.482,76.83,0,0
DBE_MV,D,20231030,000000,76.83,78.57,76.83,78.57,0,0
DBE_MV,D,20231031,000000,73.353,74.396,73.006,73.7,0,0
DBE_MV,D,20231102,000000,73.701,74.744,72.658,72.66,0,0
DBE_MV,D,20231103,000000,74.396,74.396,72.31,73.7,0,0
DBE_MV,D,20231106,000000,73.701,74.396,73.701,74.05,0,0
DBE_MV,D,20231107,000000,73.701,74.049,72.31,72.31,0,0
DBE_MV,D,20231108,000000,73.701,74.05,72.31,74.05,0,0
DBE_MV,D,20231109,000000,74.744,74.744,74.396,74.4,0,0
DBE_MV,D,20231110,000000,74.396,74.396,71.963,73.01,0,0
DBE_MV,D,20231113,000000,70.92,72.31,66.748,70.92,0,0
DBE_MV,D,20231114,000000,71.267,72.31,71.267,72.31,0,0
DBE_MV,D,20231115,000000,73.006,73.006,68.66,69.53,0,0
DBE_MV,D,20231116,000000,71.267,71.267,69.529,69.53,0,0
DBE_MV,D,20231117,000000,69.877,69.88,66.922,69.88,0,0
DBE_MV,D,20231120,000000,69.182,69.182,64.662,66.05,0,0
DBE_MV,D,20231121,000000,67.096,71.267,67.096,70.22,0,0
DBE_MV,D,20231122,000000,71.267,72.31,67.096,72.31,0,0
DBE_MV,D,20231123,000000,72.658,72.658,67.791,69.53,0,0
DBE_MV,D,20231124,000000,69.529,69.529,68.139,68.49,0,0
DBE_MV,D,20231127,000000,71.267,71.267,68.834,69.53,0,0
DBE_MV,D,20231128,000000,70.224,70.224,67.791,69.88,0,0
DBE_MV,D,20231129,000000,70.224,70.224,69.182,70.22,0,0
DBE_MV,D,20231130,000000,69.877,70.572,68.83,68.83,0,0
DBE_MV,D,20231201,000000,69.529,70.224,68.83,69.53,0,0
DBE_MV,D,20231204,000000,68.139,69.182,66.4,66.4,0,0
DBE_MV,D,20231205,000000,67.791,67.791,66.4,66.75,0,0
DBE_MV,D,20231206,000000,67.791,67.791,66.748,67.1,0,0
DBE_MV,D,20231207,000000,67.096,67.443,66.748,67.1,0,0
DBE_MV,D,20231208,000000,67.096,67.096,64.662,65.71,0,0
DBE_MV,D,20231211,000000,66.053,66.4,66.053,66.4,0,0
DBE_MV,D,20231212,000000,66.4,66.922,64.662,65.53,0,0
DBE_MV,D,20231213,000000,66.053,66.053,62.576,64.14,0,0
DBE_MV,D,20231214,000000,63.619,65.357,63.098,63.45,0,0
DBE_MV,D,20231215,000000,63.445,65.357,63.445,64.66,0,0
DBE_MV,D,20231218,000000,65.01,65.357,64.488,64.49,0,0
DBE_MV,D,20231219,000000,64.488,65.36,64.141,65.36,0,0
DBE_MV,D,20231220,000000,65.879,65.879,63.445,65.01,0,0
DBE_MV,D,20231221,000000,63.098,64.662,62.576,62.75,0,0
DBE_MV,D,20231222,000000,63.272,63.272,61.533,62.4,0,0
DBE_MV,D,20231227,000000,61.533,61.881,58.752,59.45,0,0
DBE_MV,D,20231228,000000,59.1,63.97,59.1,63.97,0,0
DBE_MV,D,20231229,000000,63.967,69.008,63.967,67.62,0,0
DBE_MV,D,20240102,000000,68.834,75.092,68.834,73.35,0,0
DBE_MV,D,20240103,000000,74.744,79.959,73.701,74.74,0,0
DBE_MV,D,20240104,000000,74.744,76.482,74.396,74.74,0,0
DBE_MV,D,20240105,000000,75.439,76.134,73.35,73.35,0,0
DBE_MV,D,20240108,000000,73.353,75.44,73.006,75.44,0,0
DBE_MV,D,20240109,000000,75.439,76.134,75.439,76.13,0,0
DBE_MV,D,20240110,000000,76.134,76.134,73.35,73.35,0,0
DBE_MV,D,20240111,000000,73.353,73.701,72.658,72.66,0,0
DBE_MV,D,20240112,000000,74.049,74.049,72.31,73.01,0,0
DBE_MV,D,20240115,000000,73.006,73.006,71.615,72.66,0,0
DBE_MV,D,20240116,000000,73.006,73.01,72.31,73.01,0,0
DBE_MV,D,20240117,000000,73.006,76.134,73.006,74.74,0,0
DBE_MV,D,20240118,000000,74.744,76.134,74.396,75.79,0,0
DBE_MV,D,20240119,000000,76.134,76.134,75.439,75.44,0,0
DBE_MV,D,20240122,000000,75.787,75.787,75.09,75.09,0,0
DBE_MV,D,20240123,000000,75.787,76.134,74.396,74.4,0,0
DBE_MV,D,20240124,000000,75.787,75.787,71.267,73.01,0,0
DBE_MV,D,20240125,000000,73.701,73.701,73.006,73.7,0,0
DBE_MV,D,20240126,000000,74.049,77.18,73.006,77.18,0,0
DBE_MV,D,20240129,000000,78.568,78.57,77.873,78.57,0,0
DBE_MV,D,20240130,000000,78.568,78.57,76.482,78.57,0,0
DBE_MV,D,20240131,000000,78.916,79.263,73.006,76.48,0,0
DBE_MV,D,20240201,000000,76.134,76.134,74.049,74.05,0,0
DBE_MV,D,20240202,000000,74.049,74.05,67.791,68.83,0,0
DBE_MV,D,20240205,000000,69.529,70.92,68.83,68.83,0,0
DBE_MV,D,20240206,000000,68.834,69.53,68.139,69.53,0,0
DBE_MV,D,20240207,000000,69.529,69.529,68.312,68.83,0,0
DBE_MV,D,20240208,000000,70.224,70.224,70.22,70.22,0,0
DBE_MV,D,20240209,000000,69.529,69.529,68.83,68.83,0,0
DBE_MV,D,20240212,000000,68.834,68.834,68.139,68.83,0,0
DBE_MV,D,20240213,000000,69.529,69.529,67.791,68.14,0,0
DBE_MV,D,20240214,000000,68.139,68.139,66.748,67.1,0,0
DBE_MV,D,20240215,000000,67.443,68.834,67.1,68.83,0,0
DBE_MV,D,20240216,000000,68.834,68.834,67.096,67.44,0,0
DBE_MV,D,20240219,000000,67.443,67.791,67.443,67.79,0,0
DBE_MV,D,20240220,000000,68.139,69.529,68.139,68.14,0,0
DBE_MV,D,20240221,000000,68.139,69.182,67.443,69.18,0,0
DBE_MV,D,20240222,000000,69.182,69.53,69.182,69.53,0,0
DBE_MV,D,20240223,000000,68.139,68.139,67.791,67.96,0,0
DBE_MV,D,20240226,000000,74.744,74.744,68.834,69.53,0,0
DBE_MV,D,20240227,000000,69.529,70.92,69.529,70.92,0,0
DBE_MV,D,20240228,000000,69.529,71.267,69.529,69.53,0,0
DBE_MV,D,20240229,000000,70.572,70.572,70.57,70.57,0,0
DBE_MV,D,20240301,000000,73.006,73.006,72.31,72.31,0,0
DBE_MV,D,20240304,000000,72.31,72.31,71.267,71.615,0,0
DBE_MV,D,20240305,000000,71.615,72.31,71.267,71.27,0,0
DBE_MV,D,20240306,000000,70.92,70.92,70.57,70.57,0,0
DBE_MV,D,20240307,000000,70.572,72.31,68.83,68.83,0,0
DBE_MV,D,20240308,000000,68.834,71.615,68.834,69.18,0,0
DBE_MV,D,20240311,000000,69.182,69.53,68.834,69.53,0,0
DBE_MV,D,20240312,000000,70.572,70.572,68.834,70.22,0,0
DBE_MV,D,20240313,000000,71.267,71.27,71.267,71.27,0,0
DBE_MV,D,20240314,000000,70.572,70.572,69.529,69.53,0,0
DBE_MV,D,20240315,000000,71.267,71.267,67.791,67.791,0,0
DBE_MV,D,20240318,000000,67.096,69.53,67.096,69.53,0,0
DBE_MV,D,20240319,000000,67.443,67.443,66.748,66.75,0,0
DBE_MV,D,20240320,000000,70.572,70.572,70.57,70.57,0,0
DBE_MV,D,20240321,000000,70.572,70.572,70.22,70.22,0,0
DBE_MV,D,20240322,000000,69.877,69.88,69.877,69.88,0,0
DBE_MV,D,20240325,000000,67.096,68.312,67.096,68.31,0,0
DBE_MV,D,20240326,000000,67.096,67.965,67.096,67.96,0,0
DBE_MV,D,20240327,000000,66.922,68.834,66.748,68.83,0,0
DBE_MV,D,20240328,000000,68.834,68.834,67.443,67.79,0,0
DBE_MV,D,20240402,000000,67.096,67.096,60.664,62.4,0,0
DBE_MV,D,20240403,000000,62.402,62.402,59.1,60.14,0,0
DBE_MV,D,20240404,000000,61.012,61.012,59.447,59.62,0,0
DBE_MV,D,20240405,000000,60.143,63.62,60.143,63.62,0,0
DBE_MV,D,20240408,000000,63.793,63.793,60.838,61.88,0,0
DBE_MV,D,20240409,000000,62.924,62.924,60.838,61.19,0,0
DBE_MV,D,20240410,000000,61.186,62.229,60.49,62.05,0,0
DBE_MV,D,20240411,000000,62.576,63.272,62.576,63.27,0,0
DBE_MV,D,20240412,000000,63.272,63.272,63.27,63.27,0,0
DBE_MV,D,20240415,000000,63.272,63.272,61.707,61.71,0,0
DBE_MV,D,20240416,000000,61.533,61.533,60.838,60.84,0,0
DBE_MV,D,20240417,000000,60.838,60.84,60.838,60.84,0,0
DBE_MV,D,20240418,000000,61.707,61.71,61.707,61.71,0,0
DBE_MV,D,20240419,000000,61.36,61.36,61.36,61.36,0,0
DBE_MV,D,20240422,000000,61.186,62.055,61.012,62.05,0,0
DBE_MV,D,20240423,000000,62.055,62.055,62.05,62.05,0,0
DBE_MV,D,20240424,000000,62.055,62.055,60.143,61.88,0,0
DBE_MV,D,20240425,000000,60.143,60.317,59.795,59.8,0,0
DBE_MV,D,20240426,000000,59.795,61.71,59.795,61.71,0,0
DBE_MV,D,20240429,000000,60.49,62.055,60.49,61.53,0,0
DBE_MV,D,20240430,000000,61.533,62.58,61.186,62.58,0,0
DBE_MV,D,20240502,000000,62.576,62.576,59.1,61.012,0,0
DBE_MV,D,20240506,000000,61.533,61.533,58.752,59.1,0,0
DBE_MV,D,20240507,000000,59.1,59.1,56.666,57.71,0,0
DBE_MV,D,20240508,000000,57.709,59.1,53.885,58.06,0,0
DBE_MV,D,20240509,000000,58.057,58.06,58.057,58.06,0,0
DBE_MV,D,20240510,000000,56.145,56.319,54.928,55.62,0,0
DBE_MV,D,20240513,000000,55.623,56.67,55.623,56.67,0,0
DBE_MV,D,20240514,000000,56.666,56.666,55.62,55.62,0,0
DBE_MV,D,20240515,000000,55.623,55.623,50.756,51.8,0,0
DBE_MV,D,20240516,000000,52.147,57.362,52.147,57.19,0,0
DBE_MV,D,20240517,000000,57.362,66.053,57.362,61.19,0,0
DBE_MV,D,20240520,000000,62.576,65.01,61.36,64.31,0,0
DBE_MV,D,20240521,000000,64.315,64.315,59.795,63.97,0,0
DBE_MV,D,20240522,000000,64.315,64.315,61.533,63.97,0,0
DBE_MV,D,20240523,000000,64.315,64.315,64.31,64.31,0,0
DBE_MV,D,20240524,000000,63.619,63.619,62.924,63.27,0,0
DBE_MV,D,20240527,000000,63.272,64.141,61.53,61.53,0,0
DBE_MV,D,20240528,000000,61.186,62.402,60.838,62.4,0,0
DBE_MV,D,20240529,000000,61.881,62.576,60.838,61.19,0,0
DBE_MV,D,20240531,000000,61.012,61.012,59.795,59.8,0,0
DBE_MV,D,20240603,000000,59.969,61.19,59.969,61.19,0,0
DBE_MV,D,20240604,000000,62.576,62.576,59.274,59.8,0,0
DBE_MV,D,20240605,000000,59.795,59.795,58.578,59.1,0,0
DBE_MV,D,20240606,000000,58.752,58.752,57.014,58.4,0,0
DBE_MV,D,20240607,000000,57.362,57.362,54.23,54.23,0,0
DBE_MV,D,20240610,000000,55.102,55.102,51.799,52.15,0,0
DBE_MV,D,20240611,000000,52.147,52.147,51.45,51.45,0,0
DBE_MV,D,20240612,000000,51.452,51.452,50.409,50.76,0,0
DBE_MV,D,20240613,000000,50.756,50.756,50.061,50.41,0,0
DBE_MV,D,20240614,000000,50.409,51.452,50.409,50.41,0,0
DBE_MV,D,20240617,000000,50.409,50.409,48.67,50.23,0,0
DBE_MV,D,20240618,000000,50.409,50.409,47.28,48.67,0,0
DBE_MV,D,20240619,000000,48.67,48.67,47.975,47.98,0,0
DBE_MV,D,20240620,000000,47.975,47.98,47.975,47.98,0,0
DBE_MV,D,20240621,000000,47.975,47.975,46.93,46.93,0,0
DBE_MV,D,20240624,000000,46.932,47.63,46.932,47.63,0,0
DBE_MV,D,20240625,000000,47.628,47.628,43.456,44.85,0,0
DBE_MV,D,20240626,000000,44.846,45.194,44.846,45.19,0,0
DBE_MV,D,20240627,000000,45.194,45.194,43.456,45.19,0,0
DBE_MV,D,20240628,000000,45.194,45.194,44.499,44.5,0,0
DBE_MV,D,20240701,000000,45.194,45.194,45.19,45.19,0,0
DBE_MV,D,20240702,000000,45.194,45.194,42.934,44.15,0,0
DBE_MV,D,20240703,000000,41.718,43.977,41.718,43.11,0,0
DBE_MV,D,20240704,000000,43.108,43.977,42.93,42.93,0,0
DBE_MV,D,20240705,000000,42.934,43.11,42.934,43.11,0,0
DBE_MV,D,20240708,000000,43.108,44.673,43.108,43.46,0,0
DBE_MV,D,20240709,000000,43.456,43.456,42.93,42.93,0,0
DBE_MV,D,20240710,000000,43.108,44.325,43.108,43.46,0,0
DBE_MV,D,20240711,000000,44.325,44.325,44.32,44.32,0,0
DBE_MV,D,20240712,000000,44.325,44.325,44.32,44.32,0,0
DBE_MV,D,20240715,000000,44.325,44.325,44.32,44.32,0,0
DBE_MV,D,20240716,000000,44.325,44.325,44.32,44.32,0,0
DBE_MV,D,20240717,000000,43.108,44.325,43.108,44.32,0,0
DBE_MV,D,20240718,000000,44.325,44.325,43.456,44.15,0,0
DBE_MV,D,20240719,000000,44.151,44.5,42.76,44.5,0,0
DBE_MV,D,20240722,000000,44.499,44.499,41.718,41.72,0,0
DBE_MV,D,20240723,000000,41.718,41.718,41.022,41.2,0,0
DBE_MV,D,20240724,000000,41.718,41.718,41.196,41.37,0,0
DBE_MV,D,20240725,000000,41.718,41.718,41.196,41.2,0,0
DBE_MV,D,20240726,000000,41.022,41.718,41.022,41.37,0,0
DBE_MV,D,20240729,000000,41.37,41.37,39.979,39.98,0,0
DBE_MV,D,20240730,000000,39.979,39.98,39.28,39.28,0,0
DBE_MV,D,20240801,000000,38.936,39.979,38.24,38.24,0,0
DBE_MV,D,20240802,000000,38.067,39.284,36.503,36.85,0,0
DBE_MV,D,20240805,000000,37.372,37.372,34.486,34.76,0,0
DBE_MV,D,20240806,000000,34.765,35.46,33.374,34.42,0,0
DBE_MV,D,20240807,000000,34.556,37.893,34.556,37.89,0,0
DBE_MV,D,20240808,000000,38.067,38.241,38.067,38.24,0,0
DBE_MV,D,20240809,000000,38.241,38.241,37.024,37.72,0,0
DBE_MV,D,20240812,000000,38.241,38.241,38.24,38.24,0,0
DBE_MV,D,20240813,000000,38.241,38.241,36.85,37.89,0,0
DBE_MV,D,20240814,000000,38.241,38.241,36.503,37.89,0,0
DBE_MV,D,20240816,000000,38.241,39.979,36.503,38.24,0,0
DBE_MV,D,20240819,000000,38.241,39.284,36.503,37.89,0,0
DBE_MV,D,20240820,000000,37.893,38.241,36.155,37.55,0,0
DBE_MV,D,20240821,000000,38.067,38.241,38.067,38.07,0,0
DBE_MV,D,20240822,000000,38.067,38.94,38.067,38.94,0,0
DBE_MV,D,20240823,000000,38.589,38.589,38.24,38.24,0,0
DBE_MV,D,20240826,000000,37.372,37.372,36.155,37.2,0,0
DBE_MV,D,20240827,000000,37.024,37.024,36.503,36.85,0,0
DBE_MV,D,20240828,000000,37.198,37.198,35.46,35.46,0,0
DBE_MV,D,20240829,000000,36.503,36.503,36.5,36.5,0,0
DBE_MV,D,20240830,000000,36.503,36.503,34.765,35.46,0,0
DBE_MV,D,20240902,000000,35.808,35.808,34.765,34.765,0,0
DBE_MV,D,20240903,000000,34.765,34.765,34.417,34.76,0,0
DBE_MV,D,20240904,000000,34.765,34.765,32.818,33.72,0,0
DBE_MV,D,20240905,000000,34.069,34.765,31.358,31.71,0,0
DBE_MV,D,20240906,000000,32.679,32.679,31.84,31.84,0,0
DBE_MV,D,20240909,000000,31.983,32.331,31.983,32.33,0,0
DBE_MV,D,20240910,000000,32.679,33.304,32.679,33.3,0,0
DBE_MV,D,20240911,000000,33.026,33.026,32.47,32.47,0,0
DBE_MV,D,20240912,000000,34.347,34.347,32.331,32.68,0,0
DBE_MV,D,20240913,000000,32.679,33.722,32.33,32.33,0,0
DBE_MV,D,20240916,000000,32.679,32.679,31.91,31.91,0,0
DBE_MV,D,20240917,000000,31.983,33.026,31.844,31.98,0,0
DBE_MV,D,20240918,000000,32.053,32.122,31.983,32.12,0,0
DBE_MV,D,20240919,000000,31.983,31.983,31.844,31.98,0,0
DBE_MV,D,20240920,000000,31.983,31.983,31.84,31.84,0,0
DBE_MV,D,20240923,000000,31.844,31.844,31.84,31.84,0,0
DBE_MV,D,20240924,000000,31.983,31.983,31.844,31.98,0,0
DBE_MV,D,20240925,000000,31.983,31.983,31.427,31.84,0,0
DBE_MV,D,20240926,000000,31.844,31.844,31.427,31.43,0,0
DBE_MV,D,20240927,000000,31.497,31.705,29.967,31.64,0,0
DBE_MV,D,20240930,000000,31.288,31.29,31.288,31.29,0,0
DBE_MV,D,20241001,000000,31.288,31.29,31.288,31.29,0,0
DBE_MV,D,20241002,000000,30.593,30.593,30.52,30.52,0,0
DBE_MV,D,20241003,000000,30.593,30.593,30.523,30.59,0,0
DBE_MV,D,20241004,000000,29.898,30.59,27.116,27.81,0,0
DBE_MV,D,20241007,000000,27.812,27.812,27.116,27.81,0,0
DBE_MV,D,20241008,000000,27.812,27.812,27.116,27.12,0,0
DBE_MV,D,20241009,000000,27.116,27.12,26.769,27.12,0,0
DBE_MV,D,20241010,000000,27.116,27.12,27.116,27.12,0,0
DBE_MV,D,20241011,000000,27.116,27.12,27.116,27.12,0,0
DBE_MV,D,20241014,000000,27.116,27.12,27.116,27.12,0,0
DBE_MV,D,20241015,000000,27.116,27.12,26.63,27.12,0,0
DBE_MV,D,20241016,000000,26.699,27.05,26.073,27.05,0,0
DBE_MV,D,20241017,000000,26.073,26.7,25.587,26.7,0,0
DBE_MV,D,20241018,000000,26.352,27.12,26.073,27.12,0,0
DBE_MV,D,20241021,000000,27.116,27.116,26.07,26.07,0,0
DBE_MV,D,20241022,000000,26.073,26.073,25.587,26,0,0
DBE_MV,D,20241023,000000,26.073,26.073,25.17,25.73,0,0
DBE_MV,D,20241024,000000,25.1,25.1,25.03,25.03,0,0
DBE_MV,D,20241025,000000,25.1,25.726,25.1,25.17,0,0
DBE_MV,D,20241028,000000,25.17,25.17,25.03,25.03,0,0
DBE_MV,D,20241029,000000,25.031,25.031,24.057,24.54,0,0
DBE_MV,D,20241030,000000,24.335,24.34,24.127,24.34,0,0
DBE_MV,D,20241031,000000,24.196,24.196,23.292,23.64,0,0
DBE_MV,D,20241104,000000,23.292,23.99,23.292,23.99,0,0
DBE_MV,D,20241105,000000,24.474,24.474,24.47,24.47,0,0
DBE_MV,D,20241106,000000,24.613,24.613,23.988,24.34,0,0
DBE_MV,D,20241107,000000,24.335,24.34,24.335,24.34,0,0
DBE_MV,D,20241108,000000,24.474,24.474,24.47,24.47,0,0
DBE_MV,D,20241112,000000,24.544,25.73,24.335,25.73,0,0
DBE_MV,D,20241113,000000,25.031,25.031,25.03,25.03,0,0
DBE_MV,D,20241114,000000,25.031,25.38,25.031,25.38,0,0
DBE_MV,D,20241115,000000,25.726,25.726,24.127,24.13,0,0
DBE_MV,D,20241118,000000,24.127,24.13,24.127,24.13,0,0
DBE_MV,D,20241119,000000,24.127,25.031,24.127,25.03,0,0
DBE_MV,D,20241120,000000,24.405,24.683,24.127,24.34,0,0
DBE_MV,D,20241121,000000,24.335,26.769,23.988,25.38,0,0
DBE_MV,D,20241122,000000,25.448,25.45,25.448,25.45,0,0
DBE_MV,D,20241125,000000,25.448,26.073,25.378,26.07,0,0
DBE_MV,D,20241126,000000,25.448,27.325,25.378,27.32,0,0
DBE_MV,D,20241127,000000,27.255,27.395,26.491,27.39,0,0
DBE_MV,D,20241128,000000,29.202,34.069,29.202,33.1,0,0
DBE_MV,D,20241129,000000,34.069,40.848,31.288,31.98,0,0
DBE_MV,D,20241202,000000,31.288,31.636,28.229,29.9,0,0
DBE_MV,D,20241203,000000,30.662,32.053,27.812,32.05,0,0
DBE_MV,D,20241204,000000,32.053,38.94,32.053,38.94,0,0
DBE_MV,D,20241205,000000,38.936,46.932,38.936,44.85,0,0
DBE_MV,D,20241206,000000,44.846,44.846,38.067,40.15,0,0
DBE_MV,D,20241209,000000,40.501,46.237,40.153,45.54,0,0
DBE_MV,D,20241210,000000,45.542,45.542,41.718,44.5,0,0
DBE_MV,D,20241211,000000,44.151,46.585,39.979,42.07,0,0
DBE_MV,D,20241212,000000,42.239,42.413,38.067,40.15,0,0
DBE_MV,D,20241213,000000,38.589,40.153,38.589,39.81,0,0
DBE_MV,D,20241216,000000,39.805,41.544,35.981,41.2,0,0
DBE_MV,D,20241217,000000,41.196,41.196,35.112,38.59,0,0
DBE_MV,D,20241218,000000,38.415,43.108,37.546,42.93,0,0
DBE_MV,D,20241219,000000,40.675,43.456,40.675,42.76,0,0
DBE_MV,D,20241220,000000,42.76,43.108,39.284,41.54,0,0
DBE_MV,D,20241223,000000,41.544,42.934,37.72,40.5,0,0
DBE_MV,D,20241227,000000,40.327,48.67,40.327,48.5,0,0
DBE_MV,D,20241230,000000,55.276,58.057,49.887,57.01,0,0
DBE_MV,D,20250102,000000,58.405,64.141,58.405,62.23,0,0
DBE_MV,D,20250103,000000,63.967,63.967,59.274,62.4,0,0
DBE_MV,D,20250107,000000,64.141,64.141,57.883,61.01,0,0
DBE_MV,D,20250108,000000,60.317,60.317,52.147,54.58,0,0
DBE_MV,D,20250109,000000,53.364,58.578,53.364,56.84,0,0
DBE_MV,D,20250110,000000,58.057,59.1,56.145,56.84,0,0
DBE_MV,D,20250113,000000,55.45,55.45,48.497,49.89,0,0
DBE_MV,D,20250114,000000,50.235,55.102,47.454,49.02,0,0
DBE_MV,D,20250115,000000,48.844,49.366,47.28,48.84,0,0
DBE_MV,D,20250116,000000,48.844,49.018,47.975,48.15,0,0
DBE_MV,D,20250117,000000,47.975,48.67,43.282,45.37,0,0
DBE_MV,D,20250120,000000,45.194,46.932,44.846,45.89,0,0
DBE_MV,D,20250121,000000,46.237,47.28,45.194,45.89,0,0
DBE_MV,D,20250122,000000,46.411,46.411,44.151,45.19,0,0
DBE_MV,D,20250123,000000,45.194,45.194,43.803,44.67,0,0
DBE_MV,D,20250124,000000,45.194,45.194,42.76,44.15,0,0
DBE_MV,D,20250127,000000,43.803,44.325,43.108,43.11,0,0
DBE_MV,D,20250128,000000,44.151,44.846,42.587,44.15,0,0
DBE_MV,D,20250129,000000,44.151,51.452,44.151,50.06,0,0
DBE_MV,D,20250130,000000,49.54,51.799,47.628,50.76,0,0
DBE_MV,D,20250131,000000,50.061,50.409,47.28,50.23,0,0
DBE_MV,D,20250203,000000,50.235,51.625,46.585,48.32,0,0
DBE_MV,D,20250204,000000,46.237,48.497,46.237,48.15,0,0
DBE_MV,D,20250205,000000,47.454,48.497,46.932,48.15,0,0
DBE_MV,D,20250206,000000,48.497,49.713,47.801,49.02,0,0
DBE_MV,D,20250207,000000,49.192,49.54,48.67,48.67,0,0
DBE_MV,D,20250210,000000,48.67,49.54,48.149,49.19,0,0
DBE_MV,D,20250211,000000,49.192,49.54,48.149,49.37,0,0
DBE_MV,D,20250212,000000,49.366,51.452,49.366,51.45,0,0
DBE_MV,D,20250213,000000,62.924,62.924,54.58,56.32,0,0
DBE_MV,D,20250214,000000,57.883,58.752,53.016,56.49,0,0
DBE_MV,D,20250217,000000,56.319,57.709,54.233,55.45,0,0
DBE_MV,D,20250218,000000,55.45,57.883,55.45,57.01,0,0
DBE_MV,D,20250219,000000,57.014,57.014,54.58,55.28,0,0
DBE_MV,D,20250220,000000,55.276,55.45,53.885,54.58,0,0
DBE_MV,D,20250221,000000,55.276,55.623,53.537,55.45,0,0
DBE_MV,D,20250224,000000,55.45,55.45,52.147,53.19,0,0
DBE_MV,D,20250225,000000,53.364,53.364,49.887,51.1,0,0
DBE_MV,D,20250226,000000,51.452,51.973,51.452,51.97,0,0
DBE_MV,D,20250227,000000,51.973,51.973,51.1,51.1,0,0
DBE_MV,D,20250228,000000,51.104,51.104,50.061,51.1,0,0
DBE_MV,D,20250303,000000,51.104,51.278,49.54,50.06,0,0
DBE_MV,D,20250304,000000,50.061,50.061,46.585,46.93,0,0
DBE_MV,D,20250305,000000,47.106,47.975,46.237,47.45,0,0
DBE_MV,D,20250306,000000,47.801,47.975,47.45,47.45,0,0
DBE_MV,D,20250307,000000,47.454,47.454,46.58,46.58,0,0
DBE_MV,D,20250310,000000,46.237,47.28,46.237,47.28,0,0
DBE_MV,D,20250311,000000,47.454,47.454,46.585,46.76,0,0
DBE_MV,D,20250312,000000,46.585,47.28,46.585,47.28,0,0
DBE_MV,D,20250313,000000,47.454,49.37,46.585,49.37,0,0
DBE_MV,D,20250314,000000,49.366,49.713,48.67,49.71,0,0
DBE_MV,D,20250317,000000,50.061,50.061,48.67,49.71,0,0
DBE_MV,D,20250318,000000,50.061,50.409,48.67,48.67,0,0
DBE_MV,D,20250319,000000,48.844,49.713,48.323,49.54,0,0
DBE_MV,D,20250320,000000,48.323,49.713,48.323,49.54,0,0
DBE_MV,D,20250321,000000,48.67,50.93,48.67,50.93,0,0
DBE_MV,D,20250324,000000,49.713,51.278,49.713,50.76,0,0
DBE_MV,D,20250325,000000,50.582,50.756,49.018,50.23,0,0
DBE_MV,D,20250326,000000,49.192,49.192,49.018,49.02,0,0
DBE_MV,D,20250327,000000,49.018,49.37,47.106,49.37,0,0
DBE_MV,D,20250328,000000,49.366,50.409,48.67,49.54,0,0
DBE_MV,D,20250331,000000,48.844,48.844,47.801,47.98,0,0
DBE_MV,D,20250401,000000,47.975,48.15,46.585,48.15,0,0
DBE_MV,D,20250402,000000,47.975,48.149,46.585,47.63,0,0
DBE_MV,D,20250403,000000,46.758,48.323,46.585,46.758,0,0
DBE_MV,D,20250404,000000,46.758,46.758,46.41,46.41,0,0
DBE_MV,D,20250407,000000,45.368,45.368,43.977,44.846,0,0
DBE_MV,D,20250408,000000,44.673,45.02,44.673,45.02,0,0
DBE_MV,D,20250409,000000,45.02,45.194,45.02,45.19,0,0
DBE_MV,D,20250410,000000,45.194,45.194,45.194,45.194,0,0
DBE_MV,D,20250411,000000,45.368,45.54,43.803,45.54,0,0
DBE_MV,D,20250414,000000,45.542,46.063,45.542,46.06,0,0
DBE_MV,D,20250415,000000,46.932,48.15,46.932,48.15,0,0
DBE_MV,D,20250416,000000,48.149,48.149,47.8,47.8,0,0
DBE_MV,D,20250417,000000,47.801,48.5,47.801,48.5,0,0
DBE_MV,D,20250422,000000,48.497,48.5,48.497,48.5,0,0
DBE_MV,D,20250423,000000,48.844,48.844,47.628,47.63,0,0
DBE_MV,D,20250424,000000,47.628,47.628,46.758,46.76,0,0
DBE_MV,D,20250425,000000,46.758,48.323,46.237,48.32,0,0
DBE_MV,D,20250428,000000,47.628,48.5,47.454,48.5,0,0
DBE_MV,D,20250429,000000,48.497,48.497,47.106,47.98,0,0
DBE_MV,D,20250430,000000,47.801,47.801,46.237,47.28,0,0
DBE_MV,D,20250502,000000,46.758,47.801,46.758,47.8,0,0
DBE_MV,D,20250505,000000,46.585,47.454,46.06,46.06,0,0
DBE_MV,D,20250506,000000,46.237,46.932,46.237,46.93,0,0
DBE_MV,D,20250507,000000,47.975,47.975,47.628,47.63,0,0
DBE_MV,D,20250508,000000,47.454,47.98,47.454,47.98,0,0
DBE_MV,D,20250509,000000,47.975,50.235,47.975,49.37,0,0
DBE_MV,D,20250512,000000,50.235,52.842,50.235,51.8,0,0
DBE_MV,D,20250513,000000,52.495,52.495,48.67,51.1,0,0
DBE_MV,D,20250514,000000,50.93,51.104,50.409,50.41,0,0
DBE_MV,D,20250515,000000,51.104,51.104,49.018,49.19,0,0
DBE_MV,D,20250516,000000,50.756,50.93,49.192,49.37,0,0
DBE_MV,D,20250519,000000,49.018,49.018,48.84,48.84,0,0
DBE_MV,D,20250520,000000,49.713,49.713,48.32,48.32,0,0
DBE_MV,D,20250521,000000,48.323,48.323,46.932,46.932,0,0
DBE_MV,D,20250522,000000,46.932,46.932,44.846,46.06,0,0
DBE_MV,D,20250523,000000,46.063,46.585,46.06,46.06,0,0
DBE_MV,D,20250526,000000,46.063,46.932,46.063,46.93,0,0
DBE_MV,D,20250527,000000,46.932,48.323,46.758,48.32,0,0
DBE_MV,D,20250528,000000,47.975,48.67,47.975,48.5,0,0
DBE_MV,D,20250529,000000,48.497,48.67,46.237,47.98,0,0
DBE_MV,D,20250530,000000,47.975,47.975,45.889,47.28,0,0
DBE_MV,D,20250602,000000,45.542,47.28,45.542,47.28,0,0
DBE_MV,D,20250603,000000,47.28,47.28,45.194,46.24,0,0
DBE_MV,D,20250604,000000,45.542,46.585,45.19,45.19,0,0
DBE_MV,D,20250605,000000,45.194,46.585,45.194,45.37,0,0
DBE_MV,D,20250606,000000,45.02,45.368,43.803,44.32,0,0
DBE_MV,D,20250609,000000,44.151,44.151,44.15,44.15,0,0
DBE_MV,D,20250610,000000,44.325,45.542,44.325,44.5,0,0
DBE_MV,D,20250611,000000,43.108,44.151,42.587,42.93,0,0
DBE_MV,D,20250612,000000,43.108,44.673,42.76,44.67,0,0
DBE_MV,D,20250613,000000,44.673,45.542,44.673,45.19,0,0
DBE_MV,D,20250616,000000,45.368,45.542,45.368,45.54,0,0
DBE_MV,D,20250617,000000,45.715,45.715,43.977,45.54,0,0
DBE_MV,D,20250618,000000,45.194,45.194,45.19,45.19,0,0
DBE_MV,D,20250620,000000,43.456,44.151,42.76,44.15,0,0
DBE_MV,D,20250623,000000,42.934,43.803,42.065,42.76,0,0
DBE_MV,D,20250624,000000,43.108,43.108,41.891,42.76,0,0
DBE_MV,D,20250625,000000,42.065,42.24,41.022,42.24,0,0
DBE_MV,D,20250626,000000,42.239,42.934,42.065,42.93,0,0
DBE_MV,D,20250627,000000,43.108,43.46,43.108,43.46,0,0
DBE_MV,D,20250630,000000,41.718,43.46,41.718,43.46,0,0
DBE_MV,D,20250701,000000,43.456,43.803,43.108,43.8,0,0
DBE_MV,D,20250702,000000,43.803,43.98,43.803,43.98,0,0
DBE_MV,D,20250703,000000,43.977,44.85,43.977,44.85,0,0
DBE_MV,D,20250704,000000,44.673,44.673,43.63,44.5,0,0
DBE_MV,D,20250707,000000,44.673,44.673,44.67,44.67,0,0
DBE_MV,D,20250708,000000,44.673,44.673,44.499,44.67,0,0
DBE_MV,D,20250709,000000,44.673,44.673,44.67,44.67,0,0
DBE_MV,D,20250710,000000,44.673,44.673,43.108,44.32,0,0
DBE_MV,D,20250711,000000,44.325,44.846,43.28,43.28,0,0
DBE_MV,D,20250714,000000,43.977,43.977,42.76,43.8,0,0
DBE_MV,D,20250715,000000,42.934,43.977,40.153,42.24,0,0
DBE_MV,D,20250716,000000,42.239,42.239,42.065,42.07,0,0
DBE_MV,D,20250717,000000,42.587,42.587,41.196,41.2,0,0
DBE_MV,D,20250718,000000,40.675,42.07,40.675,42.07,0,0
DBE_MV,D,20250721,000000,41.891,41.891,39.284,40.67,0,0
DBE_MV,D,20250722,000000,40.675,40.675,39.284,40.67,0,0
DBE_MV,D,20250723,000000,39.458,40.153,38.067,40.15,0,0
DBE_MV,D,20250724,000000,38.415,39.98,38.241,39.98,0,0
DBE_MV,D,20250725,000000,39.284,39.98,39.284,39.98,0,0
DBE_MV,D,20250728,000000,39.979,39.979,39.28,39.28,0,0
DBE_MV,D,20250729,000000,39.284,39.979,39.28,39.28,0,0
DBE_MV,D,20250730,000000,39.284,40.675,38.241,40.33,0,0
DBE_MV,D,20250731,000000,40.153,40.153,38.589,39.11,0,0
DBE_MV,D,20250801,000000,39.979,41.891,38.241,40.33,0,0
DBE_MV,D,20250804,000000,39.979,40.501,39.979,40.5,0,0
DBE_MV,D,20250805,000000,40.501,40.501,40.5,40.5,0,0
DBE_MV,D,20250806,000000,40.501,40.501,39.458,39.46,0,0
DBE_MV,D,20250807,000000,40.501,41.022,39.979,41.02,0,0
DBE_MV,D,20250808,000000,41.022,41.022,38.241,39.81,0,0
DBE_MV,D,20250811,000000,39.805,40.675,39.805,40.67,0,0
DBE_MV,D,20250812,000000,40.675,40.675,40.67,40.67,0,0
DBE_MV,D,20250813,000000,40.327,40.327,39.63,39.63,0,0
DBE_MV,D,20250814,000000,39.632,39.632,39.63,39.63,0,0
DBE_MV,D,20250818,000000,39.632,41.022,39.632,39.98,0,0
DBE_MV,D,20250819,000000,40.848,40.848,40.153,40.67,0,0
DBE_MV,D,20250820,000000,40.848,40.85,40.848,40.85,0,0
DBE_MV,D,20250821,000000,40.848,40.85,40.675,40.85,0,0
DBE_MV,D,20250822,000000,40.675,40.675,40.5,40.5,0,0
DBE_MV,D,20250825,000000,40.675,40.675,38.589,39.98,0,0
DBE_MV,D,20250827,000000,40.327,40.327,38.763,39.28,0,0
DBE_MV,D,20250828,000000,38.936,38.936,38.24,38.24,0,0
DBE_MV,D,20250829,000000,35.981,37.372,35.46,37.02,0,0
DBE_MV,D,20250901,000000,37.024,37.024,35.46,36.85,0,0
DBE_MV,D,20250902,000000,36.85,36.85,34.938,35.46,0,0
DBE_MV,D,20250903,000000,35.808,43.282,35.808,41.72,0,0
DBE_MV,D,20250904,000000,44.325,44.325,39.979,43.46,0,0
DBE_MV,D,20250905,000000,43.456,43.456,41.891,43.28,0,0
DBE_MV,D,20250908,000000,43.282,43.282,40.848,40.85,0,0
DBE_MV,D,20250909,000000,42.239,43.108,41.718,41.72,0,0
DBE_MV,D,20250910,000000,41.718,41.718,41.54,41.54,0,0
DBE_MV,D,20250911,000000,41.196,41.196,39.979,39.98,0,0
DBE_MV,D,20250912,000000,39.979,39.979,39.28,39.28,0,0
DBE_MV,D,20250915,000000,39.284,39.632,38.76,38.76,0,0
DBE_MV,D,20250916,000000,38.589,39.632,37.72,39.63,0,0
DBE_MV,D,20250917,000000,39.979,39.979,38.241,39.28,0,0
DBE_MV,D,20250918,000000,39.979,39.98,39.979,39.98,0,0
DBE_MV,D,20250919,000000,39.979,39.979,38.589,39.28,0,0
DBE_MV,D,20250922,000000,40.327,41.718,39.632,41.02,0,0
DBE_MV,D,20250923,000000,41.196,41.2,38.589,41.2,0,0
DBE_MV,D,20250924,000000,41.718,41.718,39.284,39.46,0,0
DBE_MV,D,20250925,000000,39.458,39.632,38.589,39.63,0,0
DBE_MV,D,20250926,000000,39.632,39.632,38.241,39.46,0,0
DBE_MV,D,20250929,000000,39.458,39.458,37.546,38.24,0,0
DBE_MV,D,20250930,000000,39.11,39.11,38.936,39.11,0,0
DBE_MV,D,20251001,000000,39.11,39.11,38.936,38.94,0,0
DBE_MV,D,20251002,000000,40.153,40.153,37.72,38.07,0,0
DBE_MV,D,20251003,000000,38.067,40.153,38.067,38.94,0,0
DBE_MV,D,20251006,000000,38.936,38.94,38.936,38.94,0,0
DBE_MV,D,20251007,000000,39.11,39.11,38.24,38.24,0,0
DBE_MV,D,20251008,000000,38.241,43.108,37.72,42.41,0,0
DBE_MV,D,20251009,000000,42.239,42.239,40.327,41.54,0,0
DBE_MV,D,20251010,000000,41.891,41.891,40.327,41.89,0,0
DBE_MV,D,20251013,000000,39.979,41.2,39.284,41.2,0,0
DBE_MV,D,20251014,000000,41.196,41.196,38.415,38.94,0,0
DBE_MV,D,20251015,000000,38.936,40.33,38.936,40.33,0,0
DBE_MV,D,20251016,000000,40.501,43.108,39.979,42.59,0,0
DBE_MV,D,20251017,000000,42.239,42.239,39.632,41.37,0,0
DBE_MV,D,20251020,000000,39.632,42.76,39.632,41.72,0,0
DBE_MV,D,20251021,000000,42.239,42.239,39.458,39.63,0,0
DBE_MV,D,20251022,000000,41.022,42.587,39.11,41.54,0,0
DBE_MV,D,20251023,000000,41.544,41.544,39.458,40.67,0,0
DBE_MV,D,20251024,000000,41.544,42.76,39.805,41.72,0,0
DBE_MV,D,20251027,000000,41.718,42.934,41.718,42.93,0,0
DBE_MV,D,20251028,000000,41.37,43.63,41.37,43.63,0,0
DBE_MV,D,20251029,000000,40.848,42.934,40.848,42.59,0,0
DBE_MV,D,20251030,000000,42.587,42.587,42.41,42.41,0,0
DBE_MV,D,20251031,000000,42.239,42.239,40.327,41.37,0,0
DBE_MV,D,20251103,000000,41.718,41.718,39.979,40.85,0,0
DBE_MV,D,20251104,000000,40.848,40.848,39.458,39.46,0,0
DBE_MV,D,20251105,000000,39.458,39.632,38.589,39.63,0,0
DBE_MV,D,20251106,000000,39.284,39.98,39.284,39.98,0,0
DBE_MV,D,20251107,000000,40.327,40.327,39.11,39.28,0,0
DBE_MV,D,20251110,000000,39.284,39.458,39.28,39.28,0,0
DBE_MV,D,20251112,000000,39.284,40.33,38.763,40.33,0,0
DBE_MV,D,20251113,000000,40.501,40.501,40.5,40.5,0,0
DBE_MV,D,20251114,000000,40.501,40.501,38.763,40.15,0,0
DBE_MV,D,20251117,000000,40.153,40.153,38.763,39.81,0,0
DBE_MV,D,20251118,000000,39.805,39.805,38.24,38.24,0,0
DBE_MV,D,20251119,000000,38.589,38.589,38.41,38.41,0,0
DBE_MV,D,20251120,000000,38.589,38.589,37.546,37.55,0,0
DBE_MV,D,20251121,000000,37.546,37.546,37.198,37.2,0,0
DBE_MV,D,20251124,000000,37.198,38.241,37.198,38.24,0,0
DBE_MV,D,20251125,000000,38.241,38.241,36.85,37.02,0,0
DBE_MV,D,20251126,000000,37.024,38.763,37.024,38.76,0,0
DBE_MV,D,20251127,000000,38.936,40.33,38.936,40.33,0,0
DBE_MV,D,20251128,000000,41.022,41.022,39.979,41.02,0,0
DBE_MV,D,20251201,000000,41.022,41.022,41.02,41.02,0,0
DBE_MV,D,20251202,000000,37.024,38.241,34.765,36.16,0,0
DBE_MV,D,20251203,000000,35.112,36.16,35.112,36.16,0,0
DBE_MV,D,20251204,000000,36.329,36.329,34.765,35.63,0,0
DBE_MV,D,20251205,000000,36.155,36.155,34.626,35.46,0,0
DBE_MV,D,20251208,000000,35.112,35.46,31.427,31.43,0,0
DBE_MV,D,20251209,000000,31.358,33.652,31.288,31.91,0,0
DBE_MV,D,20251210,000000,31.705,32.957,31.705,32.68,0,0
DBE_MV,D,20251211,000000,32.47,32.68,32.053,32.68,0,0
DBE_MV,D,20251212,000000,32.47,32.75,31.914,32.75,0,0
DBE_MV,D,20251215,000000,32.887,32.887,32.401,32.47,0,0
DBE_MV,D,20251216,000000,32.192,32.192,31.705,31.98,0,0
DBE_MV,D,20251217,000000,31.636,31.636,31.288,31.5,0,0
DBE_MV,D,20251218,000000,31.497,31.497,30.38,30.38,0,0
DBE_MV,D,20251219,000000,29.967,31.01,28.646,29.2,0,0
DBE_MV,D,20251222,000000,29.063,29.202,26.838,27.81,0,0
DBE_MV,D,20251223,000000,29.202,29.55,27.812,29.55,0,0
DBE_MV,D,20251229,000000,29.689,32.262,29.689,30.94,0,0
DBE_MV,D,20251230,000000,30.94,32.68,30.245,32.68,0,0
DBE_MV,D,20260102,000000,33.026,33.722,32.401,33.65,0,0
DBE_MV,D,20260105,000000,33.652,34.417,32.331,34.28,0,0
DBE_MV,D,20260107,000000,34.069,34.069,32.47,33.86,0,0
DBE_MV,D,20260108,000000,34,34,32.401,32.68,0,0
DBE_MV,D,20260109,000000,32.748,32.748,32.331,32.61,0,0
DBE_MV,D,20260112,000000,32.818,32.887,32.12,32.12,0,0
DBE_MV,D,20260113,000000,32.748,32.748,32.12,32.12,0,0
DBE_MV,D,20260114,000000,32.331,32.331,31.01,31.64,0,0
DBE_MV,D,20260115,000000,31.636,33.652,31.288,31.98,0,0
DBE_MV,D,20260116,000000,32.679,32.96,31.358,32.96,0,0
DBE_MV,D,20260119,000000,32.818,32.82,31.566,32.82,0,0
DBE_MV,D,20260120,000000,32.331,32.331,29.967,31.29,0,0
DBE_MV,D,20260121,000000,31.358,31.358,31.288,31.29,0,0
DBE_MV,D,20260122,000000,31.288,32.053,28.785,30.87,0,0
DBE_MV,D,20260123,000000,30.801,30.871,30.315,30.87,0,0
