<TICKER>,<PER>,<DATE>,<TIME>,<OPEN>,<HIGH>,<LOW>,<CLOSE>,<VOL>,<OPENINT>
DGE_MV,D,20210428,000000,27.63,27.63,27.63,27.63,0,0
DGE_MV,D,20210429,000000,28.12,29.05,23.87,24.31,0,0
DGE_MV,D,20210430,000000,24.32,29.1,24.32,28.23,0,0
DGE_MV,D,20210504,000000,29.31,34.63,29.31,32.57,0,0
DGE_MV,D,20210505,000000,33.66,33.66,30.51,32.02,0,0
DGE_MV,D,20210506,000000,32.57,32.57,29.96,31.16,0,0
DGE_MV,D,20210507,000000,31.7,31.7,30.72,31.47,0,0
DGE_MV,D,20210510,000000,32.35,33.44,30.41,31.21,0,0
DGE_MV,D,20210511,000000,30.94,30.94,30.4,30.77,0,0
DGE_MV,D,20210512,000000,30.72,32.14,29.31,31.8,0,0
DGE_MV,D,20210513,000000,31.48,32.03,30.51,31.81,0,0
DGE_MV,D,20210514,000000,30.94,31.59,30.45,31.47,0,0
DGE_MV,D,20210517,000000,31.47,34.57,30.78,34.52,0,0
DGE_MV,D,20210518,000000,34.51,34.51,32.35,33.33,0,0
DGE_MV,D,20210519,000000,32.58,33,31.92,33,0,0
DGE_MV,D,20210520,000000,32.35,33.43,31.81,33,0,0
DGE_MV,D,20210521,000000,32.24,32.9,32.03,32.57,0,0
DGE_MV,D,20210524,000000,31,33.11,31,32.57,0,0
DGE_MV,D,20210525,000000,32.03,32.03,30.94,31.97,0,0
DGE_MV,D,20210526,000000,32.03,32.03,30.4,31.48,0,0
DGE_MV,D,20210527,000000,31.47,32.03,30.51,32.02,0,0
DGE_MV,D,20210528,000000,32.01,34.06,32.01,33.49,0,0
DGE_MV,D,20210531,000000,33.53,34.61,33.53,34.2,0,0
DGE_MV,D,20210601,000000,34.6,34.6,33.22,34.2,0,0
DGE_MV,D,20210602,000000,34.2,34.73,33.64,34.71,0,0
DGE_MV,D,20210604,000000,34.71,35.27,33.34,35.26,0,0
DGE_MV,D,20210607,000000,35.28,36.49,35.28,36.49,0,0
DGE_MV,D,20210608,000000,36.59,39.03,36.59,38,0,0
DGE_MV,D,20210609,000000,38.22,43.75,37.89,43.21,0,0
DGE_MV,D,20210610,000000,43.43,45.6,41.25,44.29,0,0
DGE_MV,D,20210611,000000,46.03,48.85,38.22,44.51,0,0
DGE_MV,D,20210614,000000,46.57,46.68,43.43,44.51,0,0
DGE_MV,D,20210615,000000,43.97,45.05,40.82,43.75,0,0
DGE_MV,D,20210616,000000,42.77,43.43,41.31,43.43,0,0
DGE_MV,D,20210617,000000,42.35,43.32,40.71,43.31,0,0
DGE_MV,D,20210618,000000,40.83,42.12,40.83,42.12,0,0
DGE_MV,D,20210621,000000,42.12,42.12,40.17,41.15,0,0
DGE_MV,D,20210622,000000,41.8,43.43,40.17,42.34,0,0
DGE_MV,D,20210623,000000,40.71,42.34,40.09,42.34,0,0
DGE_MV,D,20210624,000000,40.72,42.85,40.72,42.85,0,0
DGE_MV,D,20210625,000000,41.8,43.32,40.93,42.56,0,0
DGE_MV,D,20210628,000000,43.3,43.32,40.61,41.15,0,0
DGE_MV,D,20210629,000000,40.33,40.33,38.76,39.63,0,0
DGE_MV,D,20210630,000000,38.22,39.63,35.28,37.98,0,0
DGE_MV,D,20210701,000000,38.54,38.54,36.43,38.53,0,0
DGE_MV,D,20210702,000000,39.08,39.95,39.08,39.95,0,0
DGE_MV,D,20210705,000000,40.06,42.86,40.06,42.55,0,0
DGE_MV,D,20210706,000000,42.34,42.34,40.49,41.25,0,0
DGE_MV,D,20210707,000000,41.24,41.24,40.17,40.71,0,0
DGE_MV,D,20210708,000000,39.63,41.25,39.08,41.24,0,0
DGE_MV,D,20210709,000000,41.24,41.24,39.95,41.14,0,0
DGE_MV,D,20210712,000000,40.39,40.71,38.01,40.11,0,0
DGE_MV,D,20210713,000000,40.17,40.17,37.62,38.98,0,0
DGE_MV,D,20210714,000000,40.15,40.15,39.08,39.08,0,0
DGE_MV,D,20210715,000000,39.08,40.15,38.38,40.14,0,0
DGE_MV,D,20210716,000000,40.14,40.71,39.2,40.71,0,0
DGE_MV,D,20210719,000000,39.24,41.8,38.45,41.8,0,0
DGE_MV,D,20210720,000000,41.15,46.68,41.15,44.03,0,0
DGE_MV,D,20210721,000000,45.6,47.12,44.35,46.56,0,0
DGE_MV,D,20210722,000000,46.68,46.68,44.08,45.59,0,0
DGE_MV,D,20210723,000000,45.6,45.6,44.08,45.49,0,0
DGE_MV,D,20210726,000000,45.16,45.16,43.43,44.73,0,0
DGE_MV,D,20210727,000000,42.45,44.73,42.34,44.08,0,0
DGE_MV,D,20210728,000000,42.34,44.51,42.34,44.51,0,0
DGE_MV,D,20210729,000000,44.29,44.29,42.34,44.08,0,0
DGE_MV,D,20210730,000000,42.34,43.43,41.25,43.43,0,0
DGE_MV,D,20210802,000000,43.32,44.51,41.4,42.88,0,0
DGE_MV,D,20210803,000000,42.88,44.51,41.8,44.5,0,0
DGE_MV,D,20210804,000000,44.5,44.73,41.37,41.63,0,0
DGE_MV,D,20210805,000000,41.63,45.6,41.63,43.43,0,0
DGE_MV,D,20210806,000000,43.43,44.13,42.34,43.21,0,0
DGE_MV,D,20210809,000000,43.21,43.64,42.08,43.64,0,0
DGE_MV,D,20210810,000000,43.75,44.95,43.53,44.95,0,0
DGE_MV,D,20210811,000000,45.38,45.38,44.46,44.46,0,0
DGE_MV,D,20210812,000000,44.46,45.59,42.79,45.15,0,0
DGE_MV,D,20210813,000000,46.14,46.14,43.05,45.27,0,0
DGE_MV,D,20210816,000000,43.97,46.12,43.97,46.12,0,0
DGE_MV,D,20210817,000000,46.14,49.99,45.72,49.83,0,0
DGE_MV,D,20210818,000000,52.11,53.82,49.4,53.2,0,0
DGE_MV,D,20210819,000000,53.46,54.27,51.69,53.7,0,0
DGE_MV,D,20210820,000000,51.64,53.7,51.64,53.63,0,0
DGE_MV,D,20210823,000000,53.63,54.28,52.6,53.18,0,0
DGE_MV,D,20210824,000000,54.28,54.28,50.29,51.57,0,0
DGE_MV,D,20210825,000000,51.68,54.28,50.59,51.57,0,0
DGE_MV,D,20210826,000000,51.03,52.11,51.03,51.57,0,0
DGE_MV,D,20210827,000000,52,52,50.29,51.03,0,0
DGE_MV,D,20210830,000000,51.89,53.09,49.51,49.93,0,0
DGE_MV,D,20210831,000000,50.69,50.69,47.77,48.75,0,0
DGE_MV,D,20210901,000000,48.75,49.94,47.44,48.79,0,0
DGE_MV,D,20210902,000000,48.72,49.92,46.79,49.92,0,0
DGE_MV,D,20210903,000000,49.94,51.46,49.4,50.47,0,0
DGE_MV,D,20210906,000000,49.07,49.94,48.2,49.87,0,0
DGE_MV,D,20210907,000000,48.31,49.83,47.77,48.8,0,0
DGE_MV,D,20210908,000000,48.8,49.81,46.68,47.77,0,0
DGE_MV,D,20210909,000000,47.36,49.72,47.36,48.62,0,0
DGE_MV,D,20210910,000000,48.6,48.85,46.9,48.85,0,0
DGE_MV,D,20210913,000000,49.94,49.94,47.89,48.72,0,0
DGE_MV,D,20210914,000000,48.72,48.72,42.34,46.64,0,0
DGE_MV,D,20210915,000000,43.43,47.23,42.55,46.63,0,0
DGE_MV,D,20210916,000000,59.71,64.27,49.94,62.97,0,0
DGE_MV,D,20210917,000000,68.4,68.4,59.6,62.43,0,0
DGE_MV,D,20210920,000000,78.17,93.8,78.17,90.46,0,0
DGE_MV,D,20210921,000000,92.28,130.28,92.28,116.6,0,0
DGE_MV,D,20210922,000000,103.14,110.74,101.73,104.01,0,0
DGE_MV,D,20210923,000000,108.46,108.46,93.37,97.71,0,0
DGE_MV,D,20210924,000000,97.71,106.39,94.99,101.51,0,0
DGE_MV,D,20210927,000000,113.99,113.99,95.35,95.35,0,0
DGE_MV,D,20210928,000000,96.04,99.32,91.74,96.66,0,0
DGE_MV,D,20210929,000000,96.73,99.12,86.42,86.85,0,0
DGE_MV,D,20210930,000000,86.85,93.37,83.81,93.15,0,0
DGE_MV,D,20211001,000000,92.82,92.82,87.94,90.76,0,0
DGE_MV,D,20211004,000000,90.98,93.25,87.96,92.93,0,0
DGE_MV,D,20211005,000000,92.27,93.91,90.11,91.63,0,0
DGE_MV,D,20211006,000000,90.11,94.45,89.05,90.78,0,0
DGE_MV,D,20211007,000000,93.23,101.4,90.22,99.86,0,0
DGE_MV,D,20211008,000000,101.18,105.09,81.45,97.49,0,0
DGE_MV,D,20211011,000000,98.58,99.23,93.37,95.86,0,0
DGE_MV,D,20211012,000000,92.27,100.37,89.57,99.77,0,0
DGE_MV,D,20211013,000000,98.79,101.73,97.06,99.77,0,0
DGE_MV,D,20211014,000000,97.34,98.9,94.67,97.71,0,0
DGE_MV,D,20211015,000000,97.72,97.72,92.82,95.15,0,0
DGE_MV,D,20211018,000000,94.45,95.32,91.2,94.13,0,0
DGE_MV,D,20211019,000000,95.19,96.62,93.41,94.67,0,0
DGE_MV,D,20211020,000000,95.86,95.86,90.76,92.82,0,0
DGE_MV,D,20211021,000000,92.92,93.74,90.22,93.37,0,0
DGE_MV,D,20211022,000000,93.16,95.21,91.75,93.8,0,0
DGE_MV,D,20211025,000000,93.37,94.22,92.63,93.93,0,0
DGE_MV,D,20211026,000000,92.88,93.37,91.2,93.37,0,0
DGE_MV,D,20211027,000000,95.52,95.52,92.93,93.76,0,0
DGE_MV,D,20211028,000000,93.76,94.44,92.73,94.23,0,0
DGE_MV,D,20211029,000000,93.25,94.56,92.28,94.34,0,0
DGE_MV,D,20211102,000000,93.38,98.47,92.82,97.23,0,0
DGE_MV,D,20211103,000000,98.25,98.79,92.28,94.4,0,0
DGE_MV,D,20211104,000000,93.47,96.83,93,96.51,0,0
DGE_MV,D,20211105,000000,94.67,95.95,92.93,95.54,0,0
DGE_MV,D,20211108,000000,93.37,94.02,92.28,93.88,0,0
DGE_MV,D,20211109,000000,93.37,93.91,83.38,83.38,0,0
DGE_MV,D,20211110,000000,83.6,83.6,73.82,73.82,0,0
DGE_MV,D,20211112,000000,80.12,93.25,80.12,86.85,0,0
DGE_MV,D,20211115,000000,88.7,88.7,80.68,83.38,0,0
DGE_MV,D,20211116,000000,83.38,83.38,79.25,80.3,0,0
DGE_MV,D,20211117,000000,80.23,80.23,77.3,78.82,0,0
DGE_MV,D,20211118,000000,77.31,78.11,73.82,76.64,0,0
DGE_MV,D,20211119,000000,77.3,79.24,77.3,78.93,0,0
DGE_MV,D,20211122,000000,77.19,89.02,77.19,89.02,0,0
DGE_MV,D,20211123,000000,89.02,89.02,85.77,87.78,0,0
DGE_MV,D,20211124,000000,87.51,87.62,82.51,82.56,0,0
DGE_MV,D,20211125,000000,82.89,85.77,79.9,80.34,0,0
DGE_MV,D,20211126,000000,79.92,81.75,78.06,80.66,0,0
DGE_MV,D,20211129,000000,78.75,81.11,78.17,80.21,0,0
DGE_MV,D,20211130,000000,78.7,84.55,78.38,84.32,0,0
DGE_MV,D,20211201,000000,83.48,83.6,79.48,80.61,0,0
DGE_MV,D,20211202,000000,79.78,80.88,78.72,80.56,0,0
DGE_MV,D,20211203,000000,80.56,82.06,80.56,82.03,0,0
DGE_MV,D,20211206,000000,82.03,82.92,78.38,80.88,0,0
DGE_MV,D,20211207,000000,79.68,83.6,79.58,82.29,0,0
DGE_MV,D,20211208,000000,81.87,82.39,79.69,81.39,0,0
DGE_MV,D,20211209,000000,81.4,83.6,79.25,80.92,0,0
DGE_MV,D,20211210,000000,80.3,80.3,78.38,79.52,0,0
DGE_MV,D,20211213,000000,78.28,79.23,76,77.07,0,0
DGE_MV,D,20211214,000000,77.07,77.08,74.44,75.83,0,0
DGE_MV,D,20211215,000000,75.83,76.43,74.04,75.87,0,0
DGE_MV,D,20211216,000000,74.58,77.08,74.22,76.92,0,0
DGE_MV,D,20211217,000000,74.92,77.06,74.37,75.13,0,0
DGE_MV,D,20211220,000000,74.92,75.33,73.94,74.64,0,0
DGE_MV,D,20211221,000000,75.88,75.88,70.68,72.63,0,0
DGE_MV,D,20211222,000000,71.66,71.66,69.81,70.35,0,0
DGE_MV,D,20211223,000000,68.99,70.35,65.94,69.79,0,0
DGE_MV,D,20211227,000000,69.8,70.02,65.74,68.39,0,0
DGE_MV,D,20211228,000000,66.83,72.51,66.55,72.37,0,0
DGE_MV,D,20211229,000000,73.82,74.25,70.13,73.69,0,0
DGE_MV,D,20211230,000000,73.68,73.68,72.3,73.28,0,0
DGE_MV,D,20220103,000000,75.89,77.84,72.41,77.06,0,0
DGE_MV,D,20220104,000000,76.86,77.84,73.29,73.63,0,0
DGE_MV,D,20220105,000000,73.41,75.34,73.41,74.13,0,0
DGE_MV,D,20220107,000000,73.82,75.77,73.28,75.77,0,0
DGE_MV,D,20220110,000000,75.67,78,74.48,75.85,0,0
DGE_MV,D,20220111,000000,77.04,81.42,76.56,81.42,0,0
DGE_MV,D,20220112,000000,82.4,82.4,79.92,81.27,0,0
DGE_MV,D,20220113,000000,82.51,83.76,80.35,80.88,0,0
DGE_MV,D,20220114,000000,82.03,82.21,77.52,77.69,0,0
DGE_MV,D,20220117,000000,78.17,80.76,78.17,78.64,0,0
DGE_MV,D,20220118,000000,79.04,79.04,76,76.92,0,0
DGE_MV,D,20220119,000000,74.92,75.98,72.74,73.8,0,0
DGE_MV,D,20220120,000000,72.75,74.78,72.2,73.72,0,0
DGE_MV,D,20220121,000000,72.26,72.26,70.56,71,0,0
DGE_MV,D,20220124,000000,71.11,71.11,65.16,66.98,0,0
DGE_MV,D,20220125,000000,67.31,68.88,67.31,68.12,0,0
DGE_MV,D,20220126,000000,67.31,70.51,66.98,69.47,0,0
DGE_MV,D,20220127,000000,69.46,69.7,67.09,69.7,0,0
DGE_MV,D,20220128,000000,69.48,69.48,66.22,67.51,0,0
DGE_MV,D,20220131,000000,68.61,70.57,67.43,67.78,0,0
DGE_MV,D,20220201,000000,67.88,69.37,66.88,68.34,0,0
DGE_MV,D,20220202,000000,68.34,68.34,64.81,66.66,0,0
DGE_MV,D,20220203,000000,66.22,66.66,65.57,66.31,0,0
DGE_MV,D,20220204,000000,65.79,67.15,64.92,65.84,0,0
DGE_MV,D,20220207,000000,65.84,66.44,65.14,66.06,0,0
DGE_MV,D,20220208,000000,66.97,68.83,66.97,68.82,0,0
DGE_MV,D,20220209,000000,69.48,69.48,67.64,69.47,0,0
DGE_MV,D,20220210,000000,70,70.57,69.05,70.57,0,0
DGE_MV,D,20220211,000000,70.52,71,68.56,70.57,0,0
DGE_MV,D,20220214,000000,65.18,67.22,64.29,66.17,0,0
DGE_MV,D,20220215,000000,65.36,67.85,65.14,65.9,0,0
DGE_MV,D,20220216,000000,66.12,70.55,66.12,68.5,0,0
DGE_MV,D,20220217,000000,68.5,70.02,65.69,67.2,0,0
DGE_MV,D,20220218,000000,66.22,67.3,65.14,66.12,0,0
DGE_MV,D,20220221,000000,67.36,67.64,62.12,66.01,0,0
DGE_MV,D,20220222,000000,63.62,67.31,63.62,66.2,0,0
DGE_MV,D,20220223,000000,67.08,69.05,65.57,67.07,0,0
DGE_MV,D,20220224,000000,61.88,62.32,51.57,55.8,0,0
DGE_MV,D,20220225,000000,58.08,59.39,56.45,59.06,0,0
DGE_MV,D,20220228,000000,59.16,63.84,58.08,62.97,0,0
DGE_MV,D,20220301,000000,62.75,64.05,59.88,61.12,0,0
DGE_MV,D,20220302,000000,59.22,60.8,57.11,58.27,0,0
DGE_MV,D,20220303,000000,57,57.2,54.61,56.88,0,0
DGE_MV,D,20220304,000000,55.48,57.43,54.34,56.89,0,0
DGE_MV,D,20220307,000000,54.28,55.37,50.81,55.28,0,0
DGE_MV,D,20220308,000000,54.17,54.83,52.11,53.63,0,0
DGE_MV,D,20220309,000000,53.63,57,52.65,57,0,0
DGE_MV,D,20220310,000000,55.15,58.41,54.96,55.38,0,0
DGE_MV,D,20220311,000000,57.54,58.19,54.28,57.76,0,0
DGE_MV,D,20220314,000000,55.41,56.87,54.61,55.76,0,0
DGE_MV,D,20220315,000000,55.59,56.67,54.41,56.45,0,0
DGE_MV,D,20220316,000000,57,59.17,57,58.95,0,0
DGE_MV,D,20220317,000000,57.9,61.34,57.9,58.79,0,0
DGE_MV,D,20220318,000000,61.1,61.11,58.78,59.7,0,0
DGE_MV,D,20220321,000000,60.79,60.8,58.63,60.17,0,0
DGE_MV,D,20220322,000000,60.31,61.32,59.17,61.31,0,0
DGE_MV,D,20220323,000000,61.31,62.97,60.8,61.88,0,0
DGE_MV,D,20220324,000000,60.93,62.92,60.93,61.88,0,0
DGE_MV,D,20220325,000000,62.86,66.01,62.86,64.92,0,0
DGE_MV,D,20220328,000000,66,66,62.34,63.84,0,0
DGE_MV,D,20220329,000000,61.23,66.01,61.23,65.88,0,0
DGE_MV,D,20220330,000000,65.79,69.26,64.16,66.22,0,0
DGE_MV,D,20220331,000000,67.53,67.53,65.14,65.9,0,0
DGE_MV,D,20220401,000000,65.9,66.66,64.92,65.14,0,0
DGE_MV,D,20220404,000000,66.44,66.66,65.14,66.53,0,0
DGE_MV,D,20220405,000000,66.98,66.98,65.14,66.55,0,0
DGE_MV,D,20220406,000000,65.57,66.22,65.14,66.01,0,0
DGE_MV,D,20220407,000000,66.22,66.22,64.05,64.05,0,0
DGE_MV,D,20220408,000000,65.09,65.1,63.19,63.4,0,0
DGE_MV,D,20220411,000000,64.27,64.6,63.02,63.02,0,0
DGE_MV,D,20220412,000000,64.54,64.54,60.81,62.86,0,0
DGE_MV,D,20220413,000000,62.86,62.86,60.8,62.75,0,0
DGE_MV,D,20220414,000000,61.77,62.53,60.58,60.58,0,0
DGE_MV,D,20220419,000000,60.8,60.8,58.63,59.28,0,0
DGE_MV,D,20220420,000000,59.6,59.6,58.08,58.63,0,0
DGE_MV,D,20220421,000000,59.49,59.49,57.87,58.63,0,0
DGE_MV,D,20220422,000000,58.63,59.6,57.21,58.08,0,0
DGE_MV,D,20220425,000000,58.3,58.3,55.59,55.59,0,0
DGE_MV,D,20220426,000000,57.11,58.84,56.02,56.35,0,0
DGE_MV,D,20220427,000000,56.35,56.35,54.61,55.04,0,0
DGE_MV,D,20220428,000000,56.78,57,54.72,54.72,0,0
DGE_MV,D,20220429,000000,55.37,57.43,54.83,56.45,0,0
DGE_MV,D,20220502,000000,55.15,57.11,55.04,56.45,0,0
DGE_MV,D,20220504,000000,56.45,58.08,55.48,57.76,0,0
DGE_MV,D,20220505,000000,57.76,58.63,57.54,58.3,0,0
DGE_MV,D,20220506,000000,58.3,58.63,54.28,54.28,0,0
DGE_MV,D,20220509,000000,54.93,55.59,53.2,54.17,0,0
DGE_MV,D,20220510,000000,54.07,54.07,51.03,51.73,0,0
DGE_MV,D,20220511,000000,53.41,53.9,52.11,53.2,0,0
DGE_MV,D,20220512,000000,52.33,52.33,49.94,51.46,0,0
DGE_MV,D,20220513,000000,52.98,52.98,49.51,51.89,0,0
DGE_MV,D,20220516,000000,52.65,52.87,49.94,52.87,0,0
DGE_MV,D,20220517,000000,52.55,52.55,50.7,52.55,0,0
DGE_MV,D,20220518,000000,51.24,53.96,51.03,53.2,0,0
DGE_MV,D,20220519,000000,51.24,52.65,51.03,52.49,0,0
DGE_MV,D,20220520,000000,51.57,52.76,50.86,52.44,0,0
DGE_MV,D,20220523,000000,52.98,53.85,51.68,53.2,0,0
DGE_MV,D,20220524,000000,51.79,53.74,51.57,53.74,0,0
DGE_MV,D,20220525,000000,52.17,53.2,52,52,0,0
DGE_MV,D,20220526,000000,52.87,53.09,51.57,52.65,0,0
DGE_MV,D,20220527,000000,51.68,53.9,51.57,53.09,0,0
DGE_MV,D,20220530,000000,53.09,54.07,52.27,53.2,0,0
DGE_MV,D,20220531,000000,53.9,57.43,53.52,55.15,0,0
DGE_MV,D,20220601,000000,56.13,56.13,53.63,54.28,0,0
DGE_MV,D,20220602,000000,55.15,56.45,53.2,55.91,0,0
DGE_MV,D,20220603,000000,54.28,55.37,53.9,55.37,0,0
DGE_MV,D,20220606,000000,55.37,55.37,53.52,54.61,0,0
DGE_MV,D,20220607,000000,53.74,54.17,52.82,53.14,0,0
DGE_MV,D,20220608,000000,53.14,53.47,51.13,52.38,0,0
DGE_MV,D,20220609,000000,52.65,52.65,51.03,51.46,0,0
DGE_MV,D,20220610,000000,51.68,51.68,48.64,48.64,0,0
DGE_MV,D,20220613,000000,47.88,47.88,44.19,44.19,0,0
DGE_MV,D,20220614,000000,46.57,46.68,44.62,46.52,0,0
DGE_MV,D,20220615,000000,46.68,47.5,45.71,46.47,0,0
DGE_MV,D,20220617,000000,46.3,46.68,45.6,45.6,0,0
DGE_MV,D,20220620,000000,45.6,47.55,45.6,46.36,0,0
DGE_MV,D,20220621,000000,46.03,47.44,45.92,46.68,0,0
DGE_MV,D,20220622,000000,46.68,46.68,46.25,46.68,0,0
DGE_MV,D,20220623,000000,46.68,46.68,45.81,46.3,0,0
DGE_MV,D,20220624,000000,45.71,47.88,45.65,45.98,0,0
DGE_MV,D,20220627,000000,46.03,48.2,45.81,45.81,0,0
DGE_MV,D,20220628,000000,45.87,47.23,45.6,45.71,0,0
DGE_MV,D,20220629,000000,45.6,47.17,45.6,45.71,0,0
DGE_MV,D,20220630,000000,45.81,47.99,45.71,46.25,0,0
DGE_MV,D,20220701,000000,47.12,49.94,46.9,46.9,0,0
DGE_MV,D,20220704,000000,49.29,49.29,47.44,47.88,0,0
DGE_MV,D,20220705,000000,48.31,48.96,45.6,46.14,0,0
DGE_MV,D,20220706,000000,46.14,47.88,46.14,47.88,0,0
DGE_MV,D,20220707,000000,47.88,50.7,47.88,50.05,0,0
DGE_MV,D,20220708,000000,49.94,50.92,48.64,49.4,0,0
DGE_MV,D,20220711,000000,49.4,51.84,48.75,51.79,0,0
DGE_MV,D,20220712,000000,51.79,51.79,49.18,50.7,0,0
DGE_MV,D,20220713,000000,50.7,50.7,48.31,49.34,0,0
DGE_MV,D,20220714,000000,48.09,48.53,47.12,47.12,0,0
DGE_MV,D,20220715,000000,47.12,48.09,45.81,47.23,0,0
DGE_MV,D,20220718,000000,45.92,48.04,44.57,47.77,0,0
DGE_MV,D,20220719,000000,46.25,47.44,46.14,46.3,0,0
DGE_MV,D,20220720,000000,46.3,47.71,45.71,47.71,0,0
DGE_MV,D,20220721,000000,47.93,49.83,47.77,47.77,0,0
DGE_MV,D,20220722,000000,48.75,49.07,47.66,49.07,0,0
DGE_MV,D,20220725,000000,49.4,51.24,48.31,50.92,0,0
DGE_MV,D,20220726,000000,50.92,50.92,48.96,50.48,0,0
DGE_MV,D,20220727,000000,50.48,51.03,49.56,49.89,0,0
DGE_MV,D,20220728,000000,49.89,51.89,49.18,49.94,0,0
DGE_MV,D,20220729,000000,51.03,53.41,51.03,53.41,0,0
DGE_MV,D,20220801,000000,53.74,63.62,53.74,63.51,0,0
DGE_MV,D,20220802,000000,65.03,65.03,60.8,62.86,0,0
DGE_MV,D,20220803,000000,62.86,67.85,62.86,67.85,0,0
DGE_MV,D,20220804,000000,67.96,67.96,63.51,65.36,0,0
DGE_MV,D,20220805,000000,64.49,64.92,61.23,64.05,0,0
DGE_MV,D,20220808,000000,62.43,63.95,60.8,62.97,0,0
DGE_MV,D,20220809,000000,63.4,65.79,62.32,65.68,0,0
DGE_MV,D,20220810,000000,65.68,66.44,64.6,66.12,0,0
DGE_MV,D,20220811,000000,64.6,68.29,64.05,67.96,0,0
DGE_MV,D,20220812,000000,66.55,68.4,65.25,68.4,0,0
DGE_MV,D,20220816,000000,64.16,68.07,64.16,67.2,0,0
DGE_MV,D,20220817,000000,67.2,68.29,63.08,64.92,0,0
DGE_MV,D,20220818,000000,63.95,65.9,63.4,64.38,0,0
DGE_MV,D,20220819,000000,65.14,67.31,64.6,65.25,0,0
DGE_MV,D,20220822,000000,66.66,67.2,65.46,65.57,0,0
DGE_MV,D,20220823,000000,67.31,70.57,65.57,66.98,0,0
DGE_MV,D,20220824,000000,67.96,68.61,67.42,67.42,0,0
DGE_MV,D,20220825,000000,68.5,68.94,67.09,67.31,0,0
DGE_MV,D,20220826,000000,67.31,67.31,62.97,63.62,0,0
DGE_MV,D,20220829,000000,63.62,66.12,63.51,63.51,0,0
DGE_MV,D,20220830,000000,63.62,64.49,61.99,62.53,0,0
DGE_MV,D,20220831,000000,63.95,66.12,62.75,64.27,0,0
DGE_MV,D,20220901,000000,65.79,65.79,62.43,63.19,0,0
DGE_MV,D,20220902,000000,64.92,66.12,63.62,65.14,0,0
DGE_MV,D,20220905,000000,65.68,68.94,65.68,68.83,0,0
DGE_MV,D,20220906,000000,68.61,68.94,65.68,68.4,0,0
DGE_MV,D,20220907,000000,69.48,69.48,66.22,67.31,0,0
DGE_MV,D,20220908,000000,67.31,67.31,65.57,66.12,0,0
DGE_MV,D,20220909,000000,66.55,66.55,63.08,64.6,0,0
DGE_MV,D,20220912,000000,63.95,63.95,55.15,55.48,0,0
DGE_MV,D,20220913,000000,57.54,57.54,52.11,55.69,0,0
DGE_MV,D,20220914,000000,54.39,55.37,53.2,54.39,0,0
DGE_MV,D,20220915,000000,48.85,50.48,45.6,46.36,0,0
DGE_MV,D,20220916,000000,46.47,47.33,44.24,46.57,0,0
DGE_MV,D,20220919,000000,49.94,49.94,47.55,47.55,0,0
DGE_MV,D,20220920,000000,47.77,48.8,45.71,46.36,0,0
DGE_MV,D,20220921,000000,46.36,46.36,42.45,43.53,0,0
DGE_MV,D,20220922,000000,44.02,46.36,43.21,43.21,0,0
DGE_MV,D,20220923,000000,43.21,43.81,40.71,40.77,0,0
DGE_MV,D,20220926,000000,40.82,41.25,37.56,39.63,0,0
DGE_MV,D,20220927,000000,39.73,42.77,39.73,42.61,0,0
DGE_MV,D,20220928,000000,42.77,43.21,40.93,41.15,0,0
DGE_MV,D,20220929,000000,42.29,42.29,39.3,39.63,0,0
DGE_MV,D,20220930,000000,40.71,41.69,39.3,40.93,0,0
DGE_MV,D,20221003,000000,39.35,40.17,37.89,38.76,0,0
DGE_MV,D,20221004,000000,40.93,40.93,38.22,38.43,0,0
DGE_MV,D,20221005,000000,39.63,40.55,38.65,40.49,0,0
DGE_MV,D,20221006,000000,40.82,40.82,39.63,40.82,0,0
DGE_MV,D,20221007,000000,40.82,40.82,38.22,38.22,0,0
DGE_MV,D,20221010,000000,36.97,38.54,35.94,36.8,0,0
DGE_MV,D,20221011,000000,36.26,38.43,35.28,38.16,0,0
DGE_MV,D,20221012,000000,38.38,38.38,37.02,38,0,0
DGE_MV,D,20221013,000000,37.67,39.08,35.94,38.43,0,0
DGE_MV,D,20221014,000000,38.54,40.66,37.46,39.52,0,0
DGE_MV,D,20221017,000000,39.52,40.39,38.54,39.63,0,0
DGE_MV,D,20221018,000000,39.95,39.95,37.78,39.63,0,0
DGE_MV,D,20221019,000000,39.57,39.84,37.89,39.84,0,0
DGE_MV,D,20221020,000000,39.08,41.09,39.08,41.04,0,0
DGE_MV,D,20221021,000000,41.09,42.12,39.19,40.66,0,0
DGE_MV,D,20221024,000000,40.93,40.93,36.97,37.89,0,0
DGE_MV,D,20221025,000000,38.38,39.08,37.29,38.6,0,0
DGE_MV,D,20221026,000000,39.19,39.19,36.91,37.18,0,0
DGE_MV,D,20221027,000000,37.89,37.89,35.83,36.7,0,0
DGE_MV,D,20221028,000000,36.15,37.84,35.77,36.91,0,0
DGE_MV,D,20221031,000000,36.59,38.98,36.59,38.54,0,0
DGE_MV,D,20221102,000000,39.08,40.06,37.56,38,0,0
DGE_MV,D,20221103,000000,37.84,44.19,37.84,41.04,0,0
DGE_MV,D,20221104,000000,43.97,46.14,43.75,46.03,0,0
DGE_MV,D,20221107,000000,46.47,51.24,46.47,49.07,0,0
DGE_MV,D,20221108,000000,47.88,48.85,45.6,48.2,0,0
DGE_MV,D,20221109,000000,48.75,48.8,46.14,47.66,0,0
DGE_MV,D,20221110,000000,48.2,51.24,46.57,48.85,0,0
DGE_MV,D,20221114,000000,49.07,52.44,47.61,48.42,0,0
DGE_MV,D,20221115,000000,47.12,50.92,45.05,50.37,0,0
DGE_MV,D,20221116,000000,47.55,50.75,47.55,48.85,0,0
DGE_MV,D,20221117,000000,50.16,51.41,47.99,48.31,0,0
DGE_MV,D,20221118,000000,51.13,51.35,49.29,51.08,0,0
DGE_MV,D,20221121,000000,51.57,54.28,51.03,52.44,0,0
DGE_MV,D,20221122,000000,52.11,56.45,51.03,56.02,0,0
DGE_MV,D,20221123,000000,54.07,54.83,52.65,54.83,0,0
DGE_MV,D,20221124,000000,55.48,55.48,53.31,53.31,0,0
DGE_MV,D,20221125,000000,53.36,58.08,51.03,57.54,0,0
DGE_MV,D,20221128,000000,57,57.32,55.15,56.67,0,0
DGE_MV,D,20221129,000000,57.21,57.21,53.2,54.28,0,0
DGE_MV,D,20221130,000000,52.87,56.24,52.55,56.24,0,0
DGE_MV,D,20221201,000000,56.24,56.24,51.57,52.17,0,0
DGE_MV,D,20221202,000000,52.55,54.28,50.81,51.89,0,0
DGE_MV,D,20221205,000000,52.11,53.69,51.57,51.89,0,0
DGE_MV,D,20221206,000000,52.65,52.65,51.24,52.55,0,0
DGE_MV,D,20221207,000000,51.41,51.41,50.48,51.03,0,0
DGE_MV,D,20221208,000000,52.11,52.44,51.46,52.44,0,0
DGE_MV,D,20221209,000000,52.55,52.65,51.13,52.33,0,0
DGE_MV,D,20221212,000000,51.24,53.2,50.59,53.2,0,0
DGE_MV,D,20221213,000000,53.2,55.48,53.2,54.39,0,0
DGE_MV,D,20221214,000000,54.28,54.5,53.2,54.28,0,0
DGE_MV,D,20221215,000000,54.5,54.72,53.2,53.2,0,0
DGE_MV,D,20221216,000000,53.2,53.2,51.24,52.06,0,0
DGE_MV,D,20221219,000000,51.24,52.44,51.24,52.44,0,0
DGE_MV,D,20221220,000000,52.06,53.03,50.16,51.57,0,0
DGE_MV,D,20221221,000000,51.24,52.98,49.51,52.71,0,0
DGE_MV,D,20221222,000000,52.33,55.37,51.79,53.31,0,0
DGE_MV,D,20221223,000000,56.02,56.24,54.28,55.15,0,0
DGE_MV,D,20221227,000000,55.91,56.24,53.2,54.83,0,0
DGE_MV,D,20221228,000000,55.37,55.37,53.2,54.28,0,0
DGE_MV,D,20221229,000000,54.17,54.83,53.63,54.83,0,0
DGE_MV,D,20221230,000000,56.89,56.89,53.74,53.74,0,0
DGE_MV,D,20230102,000000,55.37,56.45,53.2,54.17,0,0
DGE_MV,D,20230103,000000,53.2,53.74,52.11,53.63,0,0
DGE_MV,D,20230104,000000,53.74,53.74,52.27,52.49,0,0
DGE_MV,D,20230105,000000,52.33,53.2,51.03,52.11,0,0
DGE_MV,D,20230109,000000,51.24,52.11,50.81,52.06,0,0
DGE_MV,D,20230110,000000,52.06,52.11,51.57,52.11,0,0
DGE_MV,D,20230111,000000,52.11,57,52.11,54.5,0,0
DGE_MV,D,20230112,000000,54.5,55.37,52.55,53.74,0,0
DGE_MV,D,20230113,000000,54.07,54.28,53.85,54.17,0,0
DGE_MV,D,20230116,000000,53.74,54.07,52.65,53.31,0,0
DGE_MV,D,20230117,000000,53.2,54.83,52.38,53.14,0,0
DGE_MV,D,20230118,000000,53.14,53.14,51.68,52.55,0,0
DGE_MV,D,20230119,000000,52.76,53.85,51.89,51.89,0,0
DGE_MV,D,20230120,000000,52.06,55.15,52.06,54.61,0,0
DGE_MV,D,20230123,000000,54.5,58.41,54.5,58.41,0,0
DGE_MV,D,20230124,000000,55.37,57.97,55.37,57.97,0,0
DGE_MV,D,20230125,000000,58.63,62.86,58.41,60.69,0,0
DGE_MV,D,20230126,000000,60.8,61.67,59.17,61.56,0,0
DGE_MV,D,20230127,000000,61.77,65.57,60.8,65.14,0,0
DGE_MV,D,20230130,000000,65.03,65.14,61.88,62.97,0,0
DGE_MV,D,20230131,000000,63.95,64.92,60.8,62.32,0,0
DGE_MV,D,20230201,000000,61.88,63.51,60.25,62.43,0,0
DGE_MV,D,20230202,000000,61.34,61.34,58.63,59.17,0,0
DGE_MV,D,20230203,000000,57.65,59.49,55.15,56.35,0,0
DGE_MV,D,20230206,000000,56.45,57.21,55.48,56.13,0,0
DGE_MV,D,20230207,000000,55.59,60.8,55.59,56.78,0,0
DGE_MV,D,20230208,000000,56.78,61.56,56.78,60.36,0,0
DGE_MV,D,20230209,000000,60.36,62.21,58.63,58.63,0,0
DGE_MV,D,20230210,000000,60.8,62.21,58.08,58.95,0,0
DGE_MV,D,20230213,000000,61.12,62.32,60.8,62.1,0,0
DGE_MV,D,20230214,000000,62.1,64.71,61.56,63.73,0,0
DGE_MV,D,20230215,000000,59.71,61.12,55.37,60.04,0,0
DGE_MV,D,20230216,000000,52.11,52.33,47.01,51.46,0,0
DGE_MV,D,20230217,000000,51.24,51.24,46.52,49.83,0,0
DGE_MV,D,20230220,000000,49.23,53.9,49.23,53.41,0,0
DGE_MV,D,20230221,000000,53.41,54.07,50.32,51.68,0,0
DGE_MV,D,20230222,000000,52.44,52.55,49.94,51.03,0,0
DGE_MV,D,20230223,000000,52.55,52.65,49.18,50.16,0,0
DGE_MV,D,20230224,000000,50.27,50.59,48.85,49.18,0,0
DGE_MV,D,20230227,000000,48.85,51.46,48.42,51.03,0,0
DGE_MV,D,20230228,000000,50.7,51.24,49.72,50.7,0,0
DGE_MV,D,20230301,000000,50.59,51.89,49.56,50.81,0,0
DGE_MV,D,20230302,000000,50.81,50.81,49.07,50.37,0,0
DGE_MV,D,20230303,000000,49.4,51.03,49.4,49.89,0,0
DGE_MV,D,20230306,000000,49.89,49.89,47.55,47.93,0,0
DGE_MV,D,20230307,000000,47.88,49.29,47.55,48.31,0,0
DGE_MV,D,20230308,000000,49.29,49.29,47.99,48.85,0,0
DGE_MV,D,20230309,000000,48.85,48.96,47.88,48.91,0,0
DGE_MV,D,20230310,000000,48.91,48.91,47.44,47.44,0,0
DGE_MV,D,20230313,000000,46.68,47.77,44.24,45.6,0,0
DGE_MV,D,20230314,000000,45.6,45.81,44.51,45.81,0,0
DGE_MV,D,20230315,000000,45.81,47.23,44.51,45.81,0,0
DGE_MV,D,20230316,000000,45.92,48.31,45.38,48.31,0,0
DGE_MV,D,20230317,000000,48.2,48.2,46.25,47.77,0,0
DGE_MV,D,20230320,000000,46.36,47.23,45.38,46.14,0,0
DGE_MV,D,20230321,000000,45.71,47.55,44.4,46.14,0,0
DGE_MV,D,20230322,000000,45.6,45.92,45.11,45.6,0,0
DGE_MV,D,20230323,000000,45.43,45.6,44.67,45.54,0,0
DGE_MV,D,20230324,000000,45.6,45.6,44.51,45.27,0,0
DGE_MV,D,20230327,000000,45.27,45.49,43.43,43.43,0,0
DGE_MV,D,20230328,000000,44.29,46.14,42.67,45.81,0,0
DGE_MV,D,20230329,000000,46.57,46.9,44.62,46.47,0,0
DGE_MV,D,20230330,000000,45.92,46.57,44.24,44.78,0,0
DGE_MV,D,20230331,000000,45.6,45.65,44.57,45.49,0,0
DGE_MV,D,20230403,000000,45.49,45.49,44.02,44.13,0,0
DGE_MV,D,20230404,000000,44.13,45.16,43.97,43.97,0,0
DGE_MV,D,20230405,000000,43.91,44.73,43.7,43.7,0,0
DGE_MV,D,20230406,000000,44.51,45.05,43.97,45.05,0,0
DGE_MV,D,20230411,000000,44.95,44.95,43.81,44.73,0,0
DGE_MV,D,20230412,000000,44.67,44.73,43.7,43.7,0,0
DGE_MV,D,20230413,000000,44.08,45.27,41.8,44.95,0,0
DGE_MV,D,20230414,000000,45.05,45.49,44.51,45.38,0,0
DGE_MV,D,20230417,000000,45.6,45.6,44.08,44.08,0,0
DGE_MV,D,20230418,000000,44.51,46.68,44.08,46.63,0,0
DGE_MV,D,20230419,000000,46.63,47.17,44.84,46.68,0,0
DGE_MV,D,20230420,000000,47.23,47.88,45.49,47.55,0,0
DGE_MV,D,20230421,000000,47.66,48.09,46.57,46.57,0,0
DGE_MV,D,20230424,000000,48.2,48.2,46.25,46.25,0,0
DGE_MV,D,20230425,000000,46.25,48.09,46.14,47.77,0,0
DGE_MV,D,20230426,000000,47.77,48.09,46.68,47.77,0,0
DGE_MV,D,20230427,000000,49.4,50.37,47.77,49.83,0,0
DGE_MV,D,20230428,000000,48.96,49.51,47.77,47.88,0,0
DGE_MV,D,20230502,000000,47.99,47.99,46.68,46.68,0,0
DGE_MV,D,20230504,000000,47.77,47.77,46.68,47.44,0,0
DGE_MV,D,20230505,000000,47.66,48.53,45.81,48.53,0,0
DGE_MV,D,20230508,000000,48.31,48.31,47.12,47.12,0,0
DGE_MV,D,20230509,000000,46.9,47.77,46.9,47.77,0,0
DGE_MV,D,20230510,000000,46.68,47.33,46.25,46.25,0,0
DGE_MV,D,20230511,000000,46.25,47.33,45.05,45.05,0,0
DGE_MV,D,20230512,000000,46.36,46.47,44.95,45.6,0,0
DGE_MV,D,20230515,000000,46.25,46.57,45.38,45.38,0,0
DGE_MV,D,20230516,000000,45.92,46.68,45.16,46.36,0,0
DGE_MV,D,20230517,000000,46.36,46.36,45.05,45.81,0,0
DGE_MV,D,20230518,000000,45.38,45.92,44.51,45.71,0,0
DGE_MV,D,20230519,000000,45.38,46.14,44.62,46.03,0,0
DGE_MV,D,20230522,000000,46.03,46.47,44.62,45.38,0,0
DGE_MV,D,20230523,000000,45.27,45.71,43.97,44.95,0,0
DGE_MV,D,20230524,000000,44.95,45.05,43.64,44.73,0,0
DGE_MV,D,20230525,000000,44.84,44.84,43.43,43.43,0,0
DGE_MV,D,20230526,000000,43.1,44.4,43.1,44.4,0,0
DGE_MV,D,20230529,000000,44.29,44.95,43.43,44.95,0,0
DGE_MV,D,20230530,000000,44.51,45.6,44.51,45.6,0,0
DGE_MV,D,20230531,000000,44.19,45.6,43.53,43.53,0,0
DGE_MV,D,20230601,000000,43.53,44.51,42.56,42.56,0,0
DGE_MV,D,20230602,000000,43.86,43.86,42.23,42.56,0,0
DGE_MV,D,20230605,000000,42.56,43.97,41.58,43.97,0,0
DGE_MV,D,20230606,000000,44.08,44.08,42.99,42.99,0,0
DGE_MV,D,20230607,000000,43.86,43.97,42.88,43.21,0,0
DGE_MV,D,20230609,000000,43.21,44.95,42.77,44.51,0,0
DGE_MV,D,20230612,000000,43.64,44.51,42.99,43.21,0,0
DGE_MV,D,20230613,000000,43.1,43.75,42.67,43.43,0,0
DGE_MV,D,20230614,000000,43.43,44.51,43.21,43.21,0,0
DGE_MV,D,20230615,000000,43.43,44.62,43.1,43.1,0,0
DGE_MV,D,20230616,000000,42.99,43.86,42.34,42.67,0,0
DGE_MV,D,20230619,000000,43.86,43.86,41.36,42.56,0,0
DGE_MV,D,20230620,000000,42.34,43.53,41.91,43.53,0,0
DGE_MV,D,20230621,000000,42.23,44.51,42.23,44.51,0,0
DGE_MV,D,20230622,000000,45.6,45.6,44.4,45.05,0,0
DGE_MV,D,20230623,000000,44.08,44.84,42.67,44.51,0,0
DGE_MV,D,20230626,000000,44.51,44.51,43.75,43.75,0,0
DGE_MV,D,20230627,000000,44.4,44.84,43.43,44.08,0,0
DGE_MV,D,20230628,000000,44.08,44.29,43.43,43.53,0,0
DGE_MV,D,20230629,000000,44.08,44.19,43.43,43.43,0,0
DGE_MV,D,20230630,000000,43.43,43.97,43.43,43.53,0,0
DGE_MV,D,20230703,000000,43.64,43.97,43.43,43.43,0,0
DGE_MV,D,20230704,000000,43.43,43.43,43.43,43.43,0,0
DGE_MV,D,20230705,000000,43.43,43.97,42.99,42.99,0,0
DGE_MV,D,20230706,000000,42.99,43.43,42.88,42.99,0,0
DGE_MV,D,20230707,000000,42.99,43.21,40.71,42.45,0,0
DGE_MV,D,20230710,000000,42.45,44.62,42.45,44.4,0,0
DGE_MV,D,20230711,000000,44.4,46.36,44.4,45.6,0,0
DGE_MV,D,20230712,000000,45.6,47.77,45.6,47.44,0,0
DGE_MV,D,20230713,000000,47.66,47.66,45.92,47.55,0,0
DGE_MV,D,20230714,000000,47.55,52.22,47.55,51.03,0,0
DGE_MV,D,20230717,000000,50.92,54.28,50.92,52.55,0,0
DGE_MV,D,20230718,000000,52.87,53.2,51.68,52.87,0,0
DGE_MV,D,20230719,000000,52.22,52.98,51.57,52.55,0,0
DGE_MV,D,20230720,000000,52.55,52.55,51.35,51.35,0,0
DGE_MV,D,20230721,000000,52.22,53.96,52.11,53.09,0,0
DGE_MV,D,20230724,000000,53.2,53.2,51.79,52.65,0,0
DGE_MV,D,20230725,000000,52.65,52.65,51.57,52.33,0,0
DGE_MV,D,20230726,000000,52.44,53.2,51.68,51.68,0,0
DGE_MV,D,20230727,000000,52,52.11,51.13,51.24,0,0
DGE_MV,D,20230728,000000,51.57,52.55,51.57,51.57,0,0
DGE_MV,D,20230731,000000,52.44,55.37,52.44,54.93,0,0
DGE_MV,D,20230801,000000,55.37,59.28,55.37,57.11,0,0
DGE_MV,D,20230802,000000,57.32,59.49,55.37,56.67,0,0
DGE_MV,D,20230803,000000,56.89,57.54,54.5,54.5,0,0
DGE_MV,D,20230804,000000,53.74,56.02,53.74,55.37,0,0
DGE_MV,D,20230807,000000,56.237,58.191,54.934,55.8,0,0
DGE_MV,D,20230808,000000,56.454,58.63,56.02,58.63,0,0
DGE_MV,D,20230809,000000,59.711,61.665,57.105,57.11,0,0
DGE_MV,D,20230810,000000,57.323,61.665,57.323,59.06,0,0
DGE_MV,D,20230811,000000,58.625,61.014,56.454,61.01,0,0
DGE_MV,D,20230814,000000,61.665,62.534,59.277,60.36,0,0
DGE_MV,D,20230816,000000,59.711,59.711,55.368,57.11,0,0
DGE_MV,D,20230817,000000,56.888,56.888,54.934,56.24,0,0
DGE_MV,D,20230818,000000,56.237,59.28,56.237,59.28,0,0
DGE_MV,D,20230821,000000,59.06,59.06,56.454,57.32,0,0
DGE_MV,D,20230822,000000,56.454,56.454,54.717,56.45,0,0
DGE_MV,D,20230823,000000,56.454,57.54,54.934,57.54,0,0
DGE_MV,D,20230824,000000,54.934,55.151,54.283,55.15,0,0
DGE_MV,D,20230825,000000,54.283,55.803,53.848,53.85,0,0
DGE_MV,D,20230828,000000,53.848,54.934,53.848,54.93,0,0
DGE_MV,D,20230829,000000,54.5,55.151,54.283,55.15,0,0
DGE_MV,D,20230830,000000,54.717,54.717,52.546,54.28,0,0
DGE_MV,D,20230831,000000,54.283,54.283,48.529,50.05,0,0
DGE_MV,D,20230901,000000,49.614,49.614,47.877,49.29,0,0
DGE_MV,D,20230904,000000,49.289,49.397,48.095,48.85,0,0
DGE_MV,D,20230905,000000,48.637,51.786,48.637,51.57,0,0
DGE_MV,D,20230906,000000,51.46,51.46,50.157,50.16,0,0
DGE_MV,D,20230907,000000,50.157,51.46,49.397,50.37,0,0
DGE_MV,D,20230908,000000,49.614,51.243,49.506,51.24,0,0
DGE_MV,D,20230911,000000,51.243,51.46,50.049,50.48,0,0
DGE_MV,D,20230912,000000,50.483,51.243,49.506,50.59,0,0
DGE_MV,D,20230913,000000,50.483,56.02,50.483,54.93,0,0
DGE_MV,D,20230914,000000,53.197,55.368,53.197,54.28,0,0
DGE_MV,D,20230915,000000,54.717,56.454,54.717,56.45,0,0
DGE_MV,D,20230918,000000,56.237,56.237,55.368,55.8,0,0
DGE_MV,D,20230919,000000,56.02,59.711,56.02,56.24,0,0
DGE_MV,D,20230920,000000,57.974,59.711,57.974,58.19,0,0
DGE_MV,D,20230921,000000,58.191,58.408,56.888,56.89,0,0
DGE_MV,D,20230922,000000,56.888,57.323,55.803,56.89,0,0
DGE_MV,D,20230925,000000,58.843,58.843,57.105,57.32,0,0
DGE_MV,D,20230926,000000,57.105,58.625,56.02,56.02,0,0
DGE_MV,D,20230927,000000,56.02,59.711,56.02,59.49,0,0
DGE_MV,D,20230928,000000,57.757,59.711,57.323,59.28,0,0
DGE_MV,D,20230929,000000,59.494,59.711,58.191,59.71,0,0
DGE_MV,D,20231002,000000,59.711,59.711,57.757,59.28,0,0
DGE_MV,D,20231003,000000,58.408,58.843,58.408,58.84,0,0
DGE_MV,D,20231004,000000,59.277,59.277,57.54,57.76,0,0
DGE_MV,D,20231005,000000,57.974,60.58,57.974,60.58,0,0
DGE_MV,D,20231006,000000,60.362,61.882,57.54,60.36,0,0
DGE_MV,D,20231009,000000,60.58,63.837,60.58,61.88,0,0
DGE_MV,D,20231010,000000,62.968,62.968,59.494,60.8,0,0
DGE_MV,D,20231011,000000,60.797,61.882,60.36,60.36,0,0
DGE_MV,D,20231012,000000,61.882,61.882,57.97,57.97,0,0
DGE_MV,D,20231013,000000,59.494,60.797,59.277,59.49,0,0
DGE_MV,D,20231016,000000,59.06,61.882,58.843,61.88,0,0
DGE_MV,D,20231017,000000,61.665,61.882,61.448,61.45,0,0
DGE_MV,D,20231018,000000,61.014,61.882,57.757,60.15,0,0
DGE_MV,D,20231019,000000,58.625,58.63,56.888,58.63,0,0
DGE_MV,D,20231020,000000,57.323,57.76,56.888,57.76,0,0
DGE_MV,D,20231023,000000,57.757,57.757,52.76,52.76,0,0
DGE_MV,D,20231024,000000,53.306,56.237,53.197,53.2,0,0
DGE_MV,D,20231025,000000,57.54,59.711,56.454,58.84,0,0
DGE_MV,D,20231026,000000,59.277,59.711,56.45,56.45,0,0
DGE_MV,D,20231027,000000,59.06,59.277,56.45,56.45,0,0
DGE_MV,D,20231030,000000,56.454,61.882,56.454,61.88,0,0
DGE_MV,D,20231031,000000,61.882,64.49,60.797,64.49,0,0
DGE_MV,D,20231102,000000,65.139,67.962,62.534,64.05,0,0
DGE_MV,D,20231103,000000,64.922,64.922,60.797,61.88,0,0
DGE_MV,D,20231106,000000,62.317,68.179,62.099,66.22,0,0
DGE_MV,D,20231107,000000,67.962,67.962,63.402,63.84,0,0
DGE_MV,D,20231108,000000,63.837,63.837,60.797,61.23,0,0
DGE_MV,D,20231109,000000,61.448,62.751,60.36,60.36,0,0
DGE_MV,D,20231110,000000,62.099,63.619,60.362,61.67,0,0
DGE_MV,D,20231113,000000,61.665,66.008,61.665,61.88,0,0
DGE_MV,D,20231114,000000,61.014,63.619,60.362,63.19,0,0
DGE_MV,D,20231115,000000,62.751,64.271,61.882,62.53,0,0
DGE_MV,D,20231116,000000,62.534,62.968,57.757,58.41,0,0
DGE_MV,D,20231117,000000,59.494,60.797,58.625,60.36,0,0
DGE_MV,D,20231120,000000,58.191,60.145,58.191,59.71,0,0
DGE_MV,D,20231121,000000,59.711,60.145,58.19,58.19,0,0
DGE_MV,D,20231122,000000,58.191,59.494,57.323,58.63,0,0
DGE_MV,D,20231123,000000,58.625,61.882,55.368,56.02,0,0
DGE_MV,D,20231124,000000,58.408,58.625,56.237,56.24,0,0
DGE_MV,D,20231127,000000,57.757,57.974,55.586,57.54,0,0
DGE_MV,D,20231128,000000,57.54,59.711,54.934,59.06,0,0
DGE_MV,D,20231129,000000,56.671,59.494,56.45,56.45,0,0
DGE_MV,D,20231130,000000,56.454,59.06,56.454,58.41,0,0
DGE_MV,D,20231201,000000,57.757,59.277,57.757,57.76,0,0
DGE_MV,D,20231204,000000,62.534,62.534,56.45,56.45,0,0
DGE_MV,D,20231205,000000,58.843,59.06,57.105,57.54,0,0
DGE_MV,D,20231206,000000,58.625,58.843,56.02,56.45,0,0
DGE_MV,D,20231207,000000,56.454,57.974,56.454,57.97,0,0
DGE_MV,D,20231208,000000,58.843,60.797,58.625,59.49,0,0
DGE_MV,D,20231211,000000,58.625,60.58,58.625,60.15,0,0
DGE_MV,D,20231212,000000,60.145,60.145,57.757,59.49,0,0
DGE_MV,D,20231213,000000,57.757,59.494,57.54,58.19,0,0
DGE_MV,D,20231214,000000,58.191,60.58,58.191,60.58,0,0
DGE_MV,D,20231215,000000,60.362,60.8,59.06,60.8,0,0
DGE_MV,D,20231218,000000,60.797,60.797,57.757,57.76,0,0
DGE_MV,D,20231219,000000,60.362,61.014,59.711,60.36,0,0
DGE_MV,D,20231220,000000,60.362,62.968,60.145,61.88,0,0
DGE_MV,D,20231221,000000,62.751,62.751,59.928,62.32,0,0
DGE_MV,D,20231222,000000,60.58,62.32,58.625,62.1,0,0
DGE_MV,D,20231227,000000,61.882,62.099,58.625,58.63,0,0
DGE_MV,D,20231228,000000,60.145,61.014,58.843,61.01,0,0
DGE_MV,D,20231229,000000,59.277,62.97,59.277,62.97,0,0
DGE_MV,D,20240102,000000,65.139,65.139,62.968,63.84,0,0
DGE_MV,D,20240103,000000,62.968,63.837,61.882,62.97,0,0
DGE_MV,D,20240104,000000,62.751,62.97,61.665,62.97,0,0
DGE_MV,D,20240105,000000,59.928,65.14,59.928,65.14,0,0
DGE_MV,D,20240108,000000,62.968,65.139,62.75,62.75,0,0
DGE_MV,D,20240109,000000,64.922,64.922,62.751,63.84,0,0
DGE_MV,D,20240110,000000,63.185,63.19,62.751,63.19,0,0
DGE_MV,D,20240111,000000,63.402,64.054,61.01,61.01,0,0
DGE_MV,D,20240112,000000,63.402,63.402,61.882,63.4,0,0
DGE_MV,D,20240115,000000,63.402,63.402,62.751,63.19,0,0
DGE_MV,D,20240116,000000,63.185,63.185,60.145,61.23,0,0
DGE_MV,D,20240117,000000,61.882,63.185,60.797,61.67,0,0
DGE_MV,D,20240118,000000,63.185,63.402,60.58,61.01,0,0
DGE_MV,D,20240119,000000,60.797,60.797,58.19,58.19,0,0
DGE_MV,D,20240122,000000,58.191,60.145,57.105,57.11,0,0
DGE_MV,D,20240123,000000,57.105,60.145,57.105,59.71,0,0
DGE_MV,D,20240124,000000,61.665,62.534,59.711,62.32,0,0
DGE_MV,D,20240125,000000,62.317,63.185,60.36,60.36,0,0
DGE_MV,D,20240126,000000,61.882,62.099,59.711,60.8,0,0
DGE_MV,D,20240129,000000,60.797,63.62,60.797,63.62,0,0
DGE_MV,D,20240130,000000,57.323,58.191,51.677,55.59,0,0
DGE_MV,D,20240131,000000,54.283,56.02,50.37,50.37,0,0
DGE_MV,D,20240201,000000,49.397,52.003,48.854,49.94,0,0
DGE_MV,D,20240202,000000,51.026,56.02,48.854,56.02,0,0
DGE_MV,D,20240205,000000,57.757,59.711,55.368,55.37,0,0
DGE_MV,D,20240206,000000,57.54,60.58,56.671,60.36,0,0
DGE_MV,D,20240207,000000,60.58,60.58,57.105,57.54,0,0
DGE_MV,D,20240208,000000,59.06,59.06,56.45,56.45,0,0
DGE_MV,D,20240209,000000,57.974,57.974,54.93,54.93,0,0
DGE_MV,D,20240212,000000,55.151,56.671,54.283,55.15,0,0
DGE_MV,D,20240213,000000,54.283,56.454,52.329,52.33,0,0
DGE_MV,D,20240214,000000,54.934,57.54,53.089,54.93,0,0
DGE_MV,D,20240215,000000,53.414,56.237,53.414,55.59,0,0
DGE_MV,D,20240216,000000,55.586,55.803,53.306,55.15,0,0
DGE_MV,D,20240219,000000,55.151,55.151,52.11,52.11,0,0
DGE_MV,D,20240220,000000,52.111,54.283,52.111,52.22,0,0
DGE_MV,D,20240221,000000,54.717,54.717,52.437,54.28,0,0
DGE_MV,D,20240222,000000,54.717,54.717,52.329,52.44,0,0
DGE_MV,D,20240223,000000,52.437,55.37,51.677,55.37,0,0
DGE_MV,D,20240226,000000,52.22,55.151,51.46,52.22,0,0
DGE_MV,D,20240227,000000,52.22,53.631,51.786,52.44,0,0
DGE_MV,D,20240228,000000,54.174,54.717,53.197,53.2,0,0
DGE_MV,D,20240229,000000,53.631,56.237,53.414,54.93,0,0
DGE_MV,D,20240301,000000,53.74,54.934,52.654,54.28,0,0
DGE_MV,D,20240304,000000,52.654,53.197,50.917,52.003,0,0
DGE_MV,D,20240305,000000,51.351,51.351,49.397,50.16,0,0
DGE_MV,D,20240306,000000,49.94,49.94,45.163,45.49,0,0
DGE_MV,D,20240307,000000,38.106,38.106,33.33,33.33,0,0
DGE_MV,D,20240308,000000,33.112,33.33,29.42,29.42,0,0
DGE_MV,D,20240311,000000,30.724,31.267,29.096,29.31,0,0
DGE_MV,D,20240312,000000,30.181,30.4,29.313,30.4,0,0
DGE_MV,D,20240313,000000,30.398,31.918,30.398,31.38,0,0
DGE_MV,D,20240314,000000,31.918,32.135,31.158,31.59,0,0
DGE_MV,D,20240315,000000,32.135,32.135,29.964,30.941,0,0
DGE_MV,D,20240318,000000,30.724,30.941,30.398,30.83,0,0
DGE_MV,D,20240319,000000,30.941,31.05,30.398,30.72,0,0
DGE_MV,D,20240320,000000,31.375,31.81,30.724,31.81,0,0
DGE_MV,D,20240321,000000,31.918,32.244,31.158,32.24,0,0
DGE_MV,D,20240322,000000,31.158,31.81,30.615,30.62,0,0
DGE_MV,D,20240325,000000,30.615,30.615,27.684,28.01,0,0
DGE_MV,D,20240326,000000,27.901,27.901,25.839,26.06,0,0
DGE_MV,D,20240327,000000,26.056,26.924,25.839,26.38,0,0
DGE_MV,D,20240328,000000,26.924,27.033,26.27,26.27,0,0
DGE_MV,D,20240402,000000,26.924,27.25,26.273,26.82,0,0
DGE_MV,D,20240403,000000,26.381,27.033,25.404,25.73,0,0
DGE_MV,D,20240404,000000,26.273,27.684,25.839,26.92,0,0
DGE_MV,D,20240405,000000,27.467,27.576,27.141,27.47,0,0
DGE_MV,D,20240408,000000,27.467,29.096,27.033,28.99,0,0
DGE_MV,D,20240409,000000,27.576,28.661,27.359,28.66,0,0
DGE_MV,D,20240410,000000,28.227,28.227,27.141,28.01,0,0
DGE_MV,D,20240411,000000,28.01,28.01,26.707,26.71,0,0
DGE_MV,D,20240412,000000,27.467,27.467,25.947,25.95,0,0
DGE_MV,D,20240415,000000,26.49,26.707,26.056,26.16,0,0
DGE_MV,D,20240416,000000,26.056,26.599,23.667,25.73,0,0
DGE_MV,D,20240417,000000,25.73,25.73,24.97,25.73,0,0
DGE_MV,D,20240418,000000,25.187,25.73,25.187,25.73,0,0
DGE_MV,D,20240419,000000,25.513,25.95,25.187,25.95,0,0
DGE_MV,D,20240422,000000,26.056,30.398,26.056,29.42,0,0
DGE_MV,D,20240423,000000,29.53,29.86,28.987,29.86,0,0
DGE_MV,D,20240424,000000,29.856,30.073,28.227,29.53,0,0
DGE_MV,D,20240425,000000,28.227,28.878,27.141,27.25,0,0
DGE_MV,D,20240426,000000,27.141,28.01,26.816,27.68,0,0
DGE_MV,D,20240429,000000,28.01,28.118,26.164,26.27,0,0
DGE_MV,D,20240430,000000,27.033,27.359,26.381,26.92,0,0
DGE_MV,D,20240502,000000,26.924,27.033,26.056,26.707,0,0
DGE_MV,D,20240506,000000,27.141,28.661,26.164,27.58,0,0
DGE_MV,D,20240507,000000,27.141,27.141,26.49,27.03,0,0
DGE_MV,D,20240508,000000,27.033,27.033,24.97,25.73,0,0
DGE_MV,D,20240509,000000,26.056,26.599,24.319,24.54,0,0
DGE_MV,D,20240510,000000,25.296,25.513,24.102,24.86,0,0
DGE_MV,D,20240513,000000,24.427,25.079,24.427,24.54,0,0
DGE_MV,D,20240514,000000,24.319,25.513,24.102,25.4,0,0
DGE_MV,D,20240515,000000,25.404,25.404,24.644,25.19,0,0
DGE_MV,D,20240516,000000,24.644,25.187,24.102,24.21,0,0
DGE_MV,D,20240517,000000,24.861,25.296,24.102,24.75,0,0
DGE_MV,D,20240520,000000,24.753,26.164,24.319,25.51,0,0
DGE_MV,D,20240521,000000,26.273,27.141,25.621,26.06,0,0
DGE_MV,D,20240522,000000,26.816,27.141,26.27,26.27,0,0
DGE_MV,D,20240523,000000,27.033,27.141,26.273,26.6,0,0
DGE_MV,D,20240524,000000,26.056,28.661,26.056,28.44,0,0
DGE_MV,D,20240527,000000,28.661,28.661,26.599,26.71,0,0
DGE_MV,D,20240528,000000,26.816,27.25,26.816,27.14,0,0
DGE_MV,D,20240529,000000,26.924,27.141,26.056,27.14,0,0
DGE_MV,D,20240531,000000,26.49,27.576,26.49,27.47,0,0
DGE_MV,D,20240603,000000,27.25,27.467,26.27,26.27,0,0
DGE_MV,D,20240604,000000,26.381,27.033,26.27,26.27,0,0
DGE_MV,D,20240605,000000,26.816,26.816,26.056,26.06,0,0
DGE_MV,D,20240606,000000,26.056,26.49,26.056,26.49,0,0
DGE_MV,D,20240607,000000,26.49,26.49,25.839,26.49,0,0
DGE_MV,D,20240610,000000,26.056,26.599,25.4,25.4,0,0
DGE_MV,D,20240611,000000,26.49,26.49,23.884,24.21,0,0
DGE_MV,D,20240612,000000,24.427,24.97,23.884,24.75,0,0
DGE_MV,D,20240613,000000,24.861,25.513,24.861,25.51,0,0
DGE_MV,D,20240614,000000,25.404,25.839,24.861,25.4,0,0
DGE_MV,D,20240617,000000,25.404,26.164,24.861,24.97,0,0
DGE_MV,D,20240618,000000,25.947,26.164,24.644,25.839,0,0
DGE_MV,D,20240619,000000,25.839,26.82,25.839,26.82,0,0
DGE_MV,D,20240620,000000,26.49,27.359,25.4,25.4,0,0
DGE_MV,D,20240621,000000,25.404,26.49,24.102,25.08,0,0
DGE_MV,D,20240624,000000,24.97,25.73,24.97,25.73,0,0
DGE_MV,D,20240625,000000,25.73,25.73,24.319,25.3,0,0
DGE_MV,D,20240626,000000,25.296,26.49,25.079,25.95,0,0
DGE_MV,D,20240627,000000,24.97,25.84,24.97,25.84,0,0
DGE_MV,D,20240628,000000,25.839,26.056,24.861,25.95,0,0
DGE_MV,D,20240701,000000,25.947,26.49,24.97,26.16,0,0
DGE_MV,D,20240702,000000,26.056,26.164,24.861,25.95,0,0
DGE_MV,D,20240703,000000,24.97,25.621,24.753,25.51,0,0
DGE_MV,D,20240704,000000,25.513,26.273,24.97,26.06,0,0
DGE_MV,D,20240705,000000,25.187,26.273,25.187,26.27,0,0
DGE_MV,D,20240708,000000,26.273,26.273,25.296,26.27,0,0
DGE_MV,D,20240709,000000,25.513,26.273,25.404,26.27,0,0
DGE_MV,D,20240710,000000,25.621,25.73,25.079,25.73,0,0
DGE_MV,D,20240711,000000,26.164,27.359,24.753,25.51,0,0
DGE_MV,D,20240712,000000,26.056,27.359,25.73,27.03,0,0
DGE_MV,D,20240715,000000,26.164,26.599,26.056,26.49,0,0
DGE_MV,D,20240716,000000,26.599,26.599,25.513,26.38,0,0
DGE_MV,D,20240717,000000,25.839,26.6,25.513,26.6,0,0
DGE_MV,D,20240718,000000,25.839,25.839,25.51,25.51,0,0
DGE_MV,D,20240719,000000,25.404,25.404,23.884,24.97,0,0
DGE_MV,D,20240722,000000,24.97,24.97,22.799,23.45,0,0
DGE_MV,D,20240723,000000,23.559,24.536,23.559,24.43,0,0
DGE_MV,D,20240724,000000,24.536,24.644,23.667,23.67,0,0
DGE_MV,D,20240725,000000,24.753,24.753,23.233,23.99,0,0
DGE_MV,D,20240726,000000,24.536,24.536,22.147,23.12,0,0
DGE_MV,D,20240729,000000,23.233,23.884,22.907,23.88,0,0
DGE_MV,D,20240730,000000,23.124,23.88,22.364,22.8,0,0
DGE_MV,D,20240731,000000,23.342,23.342,22.039,22.8,0,0
DGE_MV,D,20240801,000000,22.799,23.56,22.799,23.56,0,0
DGE_MV,D,20240802,000000,23.342,23.342,22.799,23.02,0,0
DGE_MV,D,20240805,000000,22.256,23.667,21.822,22.69,0,0
DGE_MV,D,20240806,000000,22.799,23.67,22.799,23.67,0,0
DGE_MV,D,20240807,000000,23.667,24.54,23.124,24.54,0,0
DGE_MV,D,20240808,000000,24.536,24.644,24.536,24.64,0,0
DGE_MV,D,20240809,000000,24.644,24.861,24.644,24.86,0,0
DGE_MV,D,20240812,000000,24.427,24.427,23.016,24.1,0,0
DGE_MV,D,20240813,000000,24.102,24.102,24.1,24.1,0,0
DGE_MV,D,20240814,000000,24.21,24.21,23.124,23.78,0,0
DGE_MV,D,20240816,000000,23.776,23.884,23.124,23.88,0,0
DGE_MV,D,20240819,000000,23.884,23.993,22.69,23.23,0,0
DGE_MV,D,20240820,000000,22.799,23.016,22.473,22.8,0,0
DGE_MV,D,20240821,000000,23.124,23.559,23.124,23.34,0,0
DGE_MV,D,20240822,000000,22.582,23.233,22.473,23.02,0,0
DGE_MV,D,20240823,000000,23.016,23.016,22.582,22.8,0,0
DGE_MV,D,20240826,000000,22.799,22.8,22.364,22.8,0,0
DGE_MV,D,20240827,000000,22.256,23.02,22.039,23.02,0,0
DGE_MV,D,20240828,000000,23.016,23.342,23.016,23.34,0,0
DGE_MV,D,20240829,000000,23.342,23.67,23.342,23.67,0,0
DGE_MV,D,20240830,000000,23.667,24.43,22.799,24.43,0,0
DGE_MV,D,20240902,000000,24.21,24.21,22.907,23.776,0,0
DGE_MV,D,20240903,000000,23.776,23.78,22.907,23.78,0,0
DGE_MV,D,20240904,000000,23.667,23.776,22.907,23.56,0,0
DGE_MV,D,20240905,000000,23.559,23.776,23.34,23.34,0,0
DGE_MV,D,20240906,000000,23.342,23.776,22.907,23.67,0,0
DGE_MV,D,20240909,000000,23.667,23.776,22.907,23.67,0,0
DGE_MV,D,20240910,000000,23.233,23.67,23.233,23.67,0,0
DGE_MV,D,20240911,000000,23.233,23.233,22.799,23.23,0,0
DGE_MV,D,20240912,000000,23.233,24.319,23.233,24.21,0,0
DGE_MV,D,20240913,000000,23.233,24.102,23.233,24.1,0,0
DGE_MV,D,20240916,000000,23.124,24.32,23.124,24.32,0,0
DGE_MV,D,20240917,000000,23.342,24.21,23.233,24.21,0,0
DGE_MV,D,20240918,000000,23.233,24.21,23.233,24.21,0,0
DGE_MV,D,20240919,000000,23.233,24.102,23.124,23.67,0,0
DGE_MV,D,20240920,000000,23.667,24.21,23.667,24.21,0,0
DGE_MV,D,20240923,000000,23.233,23.993,22.799,23.99,0,0
DGE_MV,D,20240924,000000,23.124,23.884,22.799,23.78,0,0
DGE_MV,D,20240925,000000,22.907,23.233,21.17,22.58,0,0
DGE_MV,D,20240926,000000,21.822,23.124,21.496,22.58,0,0
DGE_MV,D,20240927,000000,22.582,23.02,21.93,23.02,0,0
DGE_MV,D,20240930,000000,22.039,23.02,21.822,23.02,0,0
DGE_MV,D,20241001,000000,23.016,24.536,23.016,24.32,0,0
DGE_MV,D,20241002,000000,23.776,23.993,23.016,23.56,0,0
DGE_MV,D,20241003,000000,23.776,23.776,22.256,22.69,0,0
DGE_MV,D,20241004,000000,23.776,23.776,22.69,23.67,0,0
DGE_MV,D,20241007,000000,22.799,24.753,22.799,23.12,0,0
DGE_MV,D,20241008,000000,23.124,24.427,21.93,24.21,0,0
DGE_MV,D,20241009,000000,23.776,24.102,23.016,24.1,0,0
DGE_MV,D,20241010,000000,24.102,24.102,24.1,24.1,0,0
DGE_MV,D,20241011,000000,23.124,23.78,22.907,23.78,0,0
DGE_MV,D,20241014,000000,23.776,23.884,22.907,22.91,0,0
DGE_MV,D,20241015,000000,23.559,23.776,22.799,23.67,0,0
DGE_MV,D,20241016,000000,23.776,23.776,22.582,23.45,0,0
DGE_MV,D,20241017,000000,22.799,23.67,22.799,23.67,0,0
DGE_MV,D,20241018,000000,22.907,23.45,22.799,23.45,0,0
DGE_MV,D,20241021,000000,23.342,23.342,22.799,23.23,0,0
DGE_MV,D,20241022,000000,22.799,23.233,22.364,22.58,0,0
DGE_MV,D,20241023,000000,22.364,23.02,22.039,23.02,0,0
DGE_MV,D,20241024,000000,22.69,22.69,22.256,22.69,0,0
DGE_MV,D,20241025,000000,22.69,22.69,21.822,22.04,0,0
DGE_MV,D,20241028,000000,22.256,22.582,21.71,21.71,0,0
DGE_MV,D,20241029,000000,22.039,22.256,21.33,21.33,0,0
DGE_MV,D,20241030,000000,21.387,22.473,21.279,22.15,0,0
DGE_MV,D,20241031,000000,21.713,22.15,21.225,22.15,0,0
DGE_MV,D,20241104,000000,21.822,22.582,21.822,22.58,0,0
DGE_MV,D,20241105,000000,22.582,22.69,22.364,22.69,0,0
DGE_MV,D,20241106,000000,22.69,22.799,22.69,22.69,0,0
DGE_MV,D,20241107,000000,23.124,23.233,22.364,23.12,0,0
DGE_MV,D,20241108,000000,23.124,23.67,23.124,23.67,0,0
DGE_MV,D,20241112,000000,23.342,23.884,23.342,23.88,0,0
DGE_MV,D,20241113,000000,23.993,24.102,23.884,24.1,0,0
DGE_MV,D,20241114,000000,24.102,24.102,23.342,23.88,0,0
DGE_MV,D,20241115,000000,23.776,23.993,23.776,23.99,0,0
DGE_MV,D,20241118,000000,23.884,23.884,23.776,23.78,0,0
DGE_MV,D,20241119,000000,23.667,23.78,23.233,23.78,0,0
DGE_MV,D,20241120,000000,23.016,23.78,23.016,23.78,0,0
DGE_MV,D,20241121,000000,23.016,23.78,22.799,23.78,0,0
DGE_MV,D,20241122,000000,22.907,22.907,21.822,22.36,0,0
DGE_MV,D,20241125,000000,22.364,23.56,22.364,23.56,0,0
DGE_MV,D,20241126,000000,23.776,23.776,23.016,23.12,0,0
DGE_MV,D,20241127,000000,23.124,23.776,22.799,22.8,0,0
DGE_MV,D,20241128,000000,22.799,23.45,22.799,23.45,0,0
DGE_MV,D,20241129,000000,23.45,23.993,23.45,23.99,0,0
DGE_MV,D,20241202,000000,22.799,23.233,21.93,22.15,0,0
DGE_MV,D,20241203,000000,22.907,22.907,21.822,21.93,0,0
DGE_MV,D,20241204,000000,21.822,22.582,21.713,22.47,0,0
DGE_MV,D,20241205,000000,21.93,23.667,21.93,22.91,0,0
DGE_MV,D,20241209,000000,22.69,22.69,22.039,22.69,0,0
DGE_MV,D,20241210,000000,22.147,22.69,21.713,22.47,0,0
DGE_MV,D,20241211,000000,22.039,22.582,21.605,22.26,0,0
DGE_MV,D,20241212,000000,22.256,22.256,21.17,22.04,0,0
DGE_MV,D,20241213,000000,21.333,22.364,21.333,22.36,0,0
DGE_MV,D,20241216,000000,22.473,22.473,21.496,22.47,0,0
DGE_MV,D,20241217,000000,21.713,21.93,21.713,21.93,0,0
DGE_MV,D,20241218,000000,22.147,22.256,20.085,21.39,0,0
DGE_MV,D,20241219,000000,21.713,21.713,21.6,21.6,0,0
DGE_MV,D,20241220,000000,20.953,21.333,20.3,20.3,0,0
DGE_MV,D,20241223,000000,20.302,21.279,19.542,20.41,0,0
DGE_MV,D,20241227,000000,19.27,21.17,18.999,20.9,0,0
DGE_MV,D,20241230,000000,20.085,20.79,20.085,20.79,0,0
DGE_MV,D,20250102,000000,21.062,21.062,20.139,20.79,0,0
DGE_MV,D,20250103,000000,20.899,20.953,20.845,20.95,0,0
DGE_MV,D,20250107,000000,20.953,21.605,20.79,21.5,0,0
DGE_MV,D,20250108,000000,21.17,22.582,21.17,22.58,0,0
DGE_MV,D,20250109,000000,22.364,22.364,22.36,22.36,0,0
DGE_MV,D,20250110,000000,22.256,22.256,21.279,21.28,0,0
DGE_MV,D,20250113,000000,22.147,22.147,21.333,21.71,0,0
DGE_MV,D,20250114,000000,21.713,21.822,21.713,21.82,0,0
DGE_MV,D,20250115,000000,21.333,22.473,21.279,22.47,0,0
DGE_MV,D,20250116,000000,21.822,22.256,21.116,21.82,0,0
DGE_MV,D,20250117,000000,21.713,22.8,21.713,22.8,0,0
DGE_MV,D,20250120,000000,22.799,23.016,21.442,22.69,0,0
DGE_MV,D,20250121,000000,21.713,22.8,21.713,22.8,0,0
DGE_MV,D,20250122,000000,21.713,23.233,21.225,23.12,0,0
DGE_MV,D,20250123,000000,23.124,23.233,22.799,23.23,0,0
DGE_MV,D,20250124,000000,23.124,23.342,22.473,23.34,0,0
DGE_MV,D,20250127,000000,23.124,23.233,22.69,22.69,0,0
DGE_MV,D,20250128,000000,22.69,23.233,22.69,23.23,0,0
DGE_MV,D,20250129,000000,22.69,22.8,22.364,22.8,0,0
DGE_MV,D,20250130,000000,22.364,22.799,22.364,22.69,0,0
DGE_MV,D,20250131,000000,22.256,22.69,22.147,22.58,0,0
DGE_MV,D,20250203,000000,22.582,23.016,21.93,22.69,0,0
DGE_MV,D,20250204,000000,22.256,22.799,22.256,22.69,0,0
DGE_MV,D,20250205,000000,22.256,22.69,21.55,22.69,0,0
DGE_MV,D,20250206,000000,22.69,24.536,22.69,23.56,0,0
DGE_MV,D,20250207,000000,23.233,24.21,22.799,24.21,0,0
DGE_MV,D,20250210,000000,24.21,25.513,24.21,25.51,0,0
DGE_MV,D,20250211,000000,25.513,25.513,24.319,25.51,0,0
DGE_MV,D,20250212,000000,25.296,26.816,23.776,24.64,0,0
DGE_MV,D,20250213,000000,23.884,24.753,23.884,24.64,0,0
DGE_MV,D,20250214,000000,24.753,24.753,24.75,24.75,0,0
DGE_MV,D,20250217,000000,24.319,24.644,24.319,24.64,0,0
DGE_MV,D,20250218,000000,24.644,24.644,23.884,24.32,0,0
DGE_MV,D,20250219,000000,24.319,24.319,22.907,23.88,0,0
DGE_MV,D,20250220,000000,24.21,24.644,23.884,24.43,0,0
DGE_MV,D,20250221,000000,23.884,24.319,23.88,23.88,0,0
DGE_MV,D,20250224,000000,23.993,23.993,23.776,23.78,0,0
DGE_MV,D,20250225,000000,23.884,23.884,23.342,23.88,0,0
DGE_MV,D,20250226,000000,23.884,24.319,23.884,24.1,0,0
DGE_MV,D,20250227,000000,23.993,23.993,23.342,23.88,0,0
DGE_MV,D,20250228,000000,24.102,24.97,24.102,24.97,0,0
DGE_MV,D,20250303,000000,23.993,24.97,23.884,24.97,0,0
DGE_MV,D,20250304,000000,24.97,24.97,24.64,24.64,0,0
DGE_MV,D,20250305,000000,24.21,24.753,24.21,24.75,0,0
DGE_MV,D,20250306,000000,24.97,24.97,23.884,24.86,0,0
DGE_MV,D,20250307,000000,24.753,24.97,24.753,24.86,0,0
DGE_MV,D,20250310,000000,25.296,25.296,23.884,24.97,0,0
DGE_MV,D,20250311,000000,24.861,24.97,24.861,24.97,0,0
DGE_MV,D,20250312,000000,24.97,24.97,24.102,24.97,0,0
DGE_MV,D,20250313,000000,24.861,24.97,23.667,24.86,0,0
DGE_MV,D,20250314,000000,23.776,24.861,23.776,24.86,0,0
DGE_MV,D,20250317,000000,23.993,24.861,23.993,24.86,0,0
DGE_MV,D,20250318,000000,24.753,24.861,24.319,24.86,0,0
DGE_MV,D,20250319,000000,24.97,24.97,24.97,24.97,0,0
DGE_MV,D,20250320,000000,24.427,27.141,24.427,25.19,0,0
DGE_MV,D,20250321,000000,26.056,27.033,25.187,25.51,0,0
DGE_MV,D,20250324,000000,25.296,25.513,25.187,25.19,0,0
DGE_MV,D,20250325,000000,25.187,25.513,24.536,25.51,0,0
DGE_MV,D,20250326,000000,24.644,25.19,24.536,25.19,0,0
DGE_MV,D,20250327,000000,24.644,25.079,24.427,24.86,0,0
DGE_MV,D,20250328,000000,24.861,24.97,24.536,24.54,0,0
DGE_MV,D,20250331,000000,24.536,25.19,24.536,25.19,0,0
DGE_MV,D,20250401,000000,25.187,25.19,24.536,25.19,0,0
DGE_MV,D,20250402,000000,25.187,25.187,24.427,25.08,0,0
DGE_MV,D,20250403,000000,24.536,24.861,24.536,24.861,0,0
DGE_MV,D,20250404,000000,24.427,24.427,24.102,24.21,0,0
DGE_MV,D,20250407,000000,23.884,24.536,22.582,22.582,0,0
DGE_MV,D,20250408,000000,22.147,22.26,20.736,22.26,0,0
DGE_MV,D,20250409,000000,21.713,22.907,21.387,22.69,0,0
DGE_MV,D,20250410,000000,22.69,23.884,22.364,23.884,0,0
DGE_MV,D,20250411,000000,23.884,23.993,23.884,23.99,0,0
DGE_MV,D,20250414,000000,23.993,24.644,22.58,22.58,0,0
DGE_MV,D,20250415,000000,22.582,24.644,22.582,24.54,0,0
DGE_MV,D,20250416,000000,23.342,23.78,22.69,23.78,0,0
DGE_MV,D,20250417,000000,22.907,23.45,22.799,23.45,0,0
DGE_MV,D,20250422,000000,24.102,24.427,22.799,23.67,0,0
DGE_MV,D,20250423,000000,22.907,23.56,22.69,23.56,0,0
DGE_MV,D,20250424,000000,23.45,23.45,22.799,23.34,0,0
DGE_MV,D,20250425,000000,23.342,24.43,23.342,24.43,0,0
DGE_MV,D,20250428,000000,24.319,24.43,22.799,24.43,0,0
DGE_MV,D,20250429,000000,23.342,24.644,23.342,23.88,0,0
DGE_MV,D,20250430,000000,23.884,23.884,23.88,23.88,0,0
DGE_MV,D,20250502,000000,24.319,24.644,23.559,24.64,0,0
DGE_MV,D,20250505,000000,24.319,24.319,22.907,23.88,0,0
DGE_MV,D,20250506,000000,23.884,24.753,23.884,24.75,0,0
DGE_MV,D,20250507,000000,24.102,24.753,23.667,24.75,0,0
DGE_MV,D,20250508,000000,24.753,24.753,24.21,24.75,0,0
DGE_MV,D,20250509,000000,24.753,24.753,24.21,24.75,0,0
DGE_MV,D,20250512,000000,24.861,24.861,23.124,23.88,0,0
DGE_MV,D,20250513,000000,23.559,23.993,23.233,23.99,0,0
DGE_MV,D,20250514,000000,23.233,23.78,23.233,23.78,0,0
DGE_MV,D,20250515,000000,23.233,23.45,22.799,23.34,0,0
DGE_MV,D,20250516,000000,23.45,23.45,22.907,23.34,0,0
DGE_MV,D,20250519,000000,23.342,23.342,22.907,23.34,0,0
DGE_MV,D,20250520,000000,23.342,23.342,22.69,23.12,0,0
DGE_MV,D,20250521,000000,23.124,24.644,23.124,23.993,0,0
DGE_MV,D,20250522,000000,24.427,26.816,23.884,26.71,0,0
DGE_MV,D,20250523,000000,26.164,27.467,24.536,26.82,0,0
DGE_MV,D,20250526,000000,26.816,27.141,26.816,27.14,0,0
DGE_MV,D,20250527,000000,27.141,27.141,25.513,27.03,0,0
DGE_MV,D,20250528,000000,25.947,27.033,25.947,27.03,0,0
DGE_MV,D,20250529,000000,25.513,26.49,25.513,26.49,0,0
DGE_MV,D,20250530,000000,25.404,26.49,24.753,26.49,0,0
DGE_MV,D,20250602,000000,24.861,24.97,24.536,24.97,0,0
DGE_MV,D,20250603,000000,24.427,24.97,24.319,24.97,0,0
DGE_MV,D,20250604,000000,24.427,25.08,23.559,25.08,0,0
DGE_MV,D,20250605,000000,24.861,24.97,24.861,24.97,0,0
DGE_MV,D,20250606,000000,24.861,24.97,23.559,24.97,0,0
DGE_MV,D,20250609,000000,24.97,24.97,23.776,24.32,0,0
DGE_MV,D,20250610,000000,24.319,24.644,24.319,24.64,0,0
DGE_MV,D,20250611,000000,24.644,24.644,24.102,24.64,0,0
DGE_MV,D,20250612,000000,24.644,24.644,23.776,23.78,0,0
DGE_MV,D,20250613,000000,23.776,24.644,23.667,23.88,0,0
DGE_MV,D,20250616,000000,23.776,23.884,23.34,23.34,0,0
DGE_MV,D,20250617,000000,23.233,24.102,23.233,24.1,0,0
DGE_MV,D,20250618,000000,23.776,24.43,23.776,24.43,0,0
DGE_MV,D,20250620,000000,24.102,24.102,22.907,23.88,0,0
DGE_MV,D,20250623,000000,23.45,24.102,23.45,24.1,0,0
DGE_MV,D,20250624,000000,24.102,24.102,24.1,24.1,0,0
DGE_MV,D,20250626,000000,24.102,24.102,24.1,24.1,0,0
DGE_MV,D,20250627,000000,24.102,24.102,24.1,24.1,0,0
DGE_MV,D,20250630,000000,23.667,23.78,23.667,23.78,0,0
DGE_MV,D,20250701,000000,23.559,23.67,22.799,23.67,0,0
DGE_MV,D,20250702,000000,23.124,23.342,23.124,23.34,0,0
DGE_MV,D,20250703,000000,23.45,23.67,23.45,23.67,0,0
DGE_MV,D,20250704,000000,23.667,23.78,23.124,23.78,0,0
DGE_MV,D,20250707,000000,23.45,23.56,23.233,23.56,0,0
DGE_MV,D,20250709,000000,23.124,23.233,23.124,23.23,0,0
DGE_MV,D,20250710,000000,23.124,23.45,23.124,23.45,0,0
DGE_MV,D,20250711,000000,23.233,24.21,23.233,24.21,0,0
DGE_MV,D,20250715,000000,24.21,24.21,23.233,24.1,0,0
DGE_MV,D,20250716,000000,23.667,23.78,23.667,23.78,0,0
DGE_MV,D,20250717,000000,23.233,23.67,23.124,23.67,0,0
DGE_MV,D,20250718,000000,23.124,24.32,23.124,24.32,0,0
DGE_MV,D,20250721,000000,23.776,23.884,23.342,23.88,0,0
DGE_MV,D,20250722,000000,23.342,23.884,23.233,23.88,0,0
DGE_MV,D,20250723,000000,23.342,23.884,22.799,23.88,0,0
DGE_MV,D,20250725,000000,23.233,23.78,23.016,23.78,0,0
DGE_MV,D,20250728,000000,22.907,23.56,22.799,23.56,0,0
DGE_MV,D,20250729,000000,22.799,22.8,21.822,22.8,0,0
DGE_MV,D,20250730,000000,22.147,24.319,22.147,23.88,0,0
DGE_MV,D,20250731,000000,23.884,23.884,22.799,23.88,0,0
DGE_MV,D,20250801,000000,23.559,23.559,22.147,23.12,0,0
DGE_MV,D,20250804,000000,22.256,23.233,22.256,23.12,0,0
DGE_MV,D,20250805,000000,23.016,23.016,22.147,22.91,0,0
DGE_MV,D,20250806,000000,22.256,22.8,22.256,22.8,0,0
DGE_MV,D,20250807,000000,22.256,22.799,21.605,22.47,0,0
DGE_MV,D,20250808,000000,22.473,22.582,21.822,22.58,0,0
DGE_MV,D,20250811,000000,21.93,22.473,21.713,22.47,0,0
DGE_MV,D,20250812,000000,22.473,22.473,21.713,22.36,0,0
DGE_MV,D,20250813,000000,21.822,22.364,21.659,21.66,0,0
DGE_MV,D,20250814,000000,21.713,21.713,21.55,21.6,0,0
DGE_MV,D,20250818,000000,21.713,22.473,21.713,22.47,0,0
DGE_MV,D,20250819,000000,21.822,22.364,21.713,22.36,0,0
DGE_MV,D,20250821,000000,21.713,21.713,21.225,21.71,0,0
DGE_MV,D,20250822,000000,21.713,21.713,21.71,21.71,0,0
DGE_MV,D,20250825,000000,21.713,21.713,21.225,21.71,0,0
DGE_MV,D,20250826,000000,21.496,21.822,21.225,21.82,0,0
DGE_MV,D,20250827,000000,21.279,22.364,21.116,22.26,0,0
DGE_MV,D,20250828,000000,21.822,21.822,21.17,21.17,0,0
DGE_MV,D,20250829,000000,21.17,22.364,21.17,22.36,0,0
DGE_MV,D,20250901,000000,21.225,22.256,20.953,22.15,0,0
DGE_MV,D,20250902,000000,21.333,21.713,21.333,21.71,0,0
DGE_MV,D,20250903,000000,21.333,21.93,20.953,21.82,0,0
DGE_MV,D,20250904,000000,21.062,21.66,21.062,21.66,0,0
DGE_MV,D,20250905,000000,20.953,21.713,20.953,21.5,0,0
DGE_MV,D,20250908,000000,21.496,21.93,21.007,21.6,0,0
DGE_MV,D,20250909,000000,21.605,21.659,21.062,21.6,0,0
DGE_MV,D,20250910,000000,21.713,22.04,21.279,22.04,0,0
DGE_MV,D,20250911,000000,22.039,22.256,21.333,22.04,0,0
DGE_MV,D,20250912,000000,22.039,23.342,20.682,22.26,0,0
DGE_MV,D,20250916,000000,21.93,22.364,21.6,21.6,0,0
DGE_MV,D,20250917,000000,24.102,24.319,22.799,24.21,0,0
DGE_MV,D,20250918,000000,24.753,25.296,22.799,24.97,0,0
DGE_MV,D,20250919,000000,24.97,24.97,23.233,24.54,0,0
DGE_MV,D,20250922,000000,24.536,24.54,23.342,24.54,0,0
DGE_MV,D,20250923,000000,24.536,25.404,24.427,25.4,0,0
DGE_MV,D,20250924,000000,24.644,24.97,24.644,24.86,0,0
DGE_MV,D,20250925,000000,24.536,24.536,22.907,23.12,0,0
DGE_MV,D,20250926,000000,23.559,24.753,22.799,24.75,0,0
DGE_MV,D,20250929,000000,24.753,24.753,23.342,23.67,0,0
DGE_MV,D,20250930,000000,24.97,24.97,23.667,23.67,0,0
DGE_MV,D,20251001,000000,24.21,24.97,24.21,24.97,0,0
DGE_MV,D,20251002,000000,23.993,24.97,23.884,24.97,0,0
DGE_MV,D,20251003,000000,24.102,25.621,24.102,25.62,0,0
DGE_MV,D,20251006,000000,25.621,25.621,24.97,25.62,0,0
DGE_MV,D,20251007,000000,25.621,27.359,25.513,27.14,0,0
DGE_MV,D,20251008,000000,28.227,34.09,27.467,34.09,0,0
DGE_MV,D,20251009,000000,38.215,40.169,34.524,35.61,0,0
DGE_MV,D,20251010,000000,35.609,36.804,33.655,35.39,0,0
DGE_MV,D,20251013,000000,36.261,36.369,34.958,35.61,0,0
DGE_MV,D,20251014,000000,36.804,36.804,34.632,36.26,0,0
DGE_MV,D,20251015,000000,34.415,36.044,34.415,35.83,0,0
DGE_MV,D,20251016,000000,34.741,35.392,33.87,33.87,0,0
DGE_MV,D,20251017,000000,32.678,33.655,31.701,33.55,0,0
DGE_MV,D,20251020,000000,33.872,36.804,33.872,36.8,0,0
DGE_MV,D,20251021,000000,36.804,36.804,34.741,36.8,0,0
DGE_MV,D,20251022,000000,36.804,36.804,34.415,34.96,0,0
DGE_MV,D,20251023,000000,34.85,36.369,34.741,35.72,0,0
DGE_MV,D,20251024,000000,35.718,36.369,35.284,35.72,0,0
DGE_MV,D,20251027,000000,35.392,35.718,32.57,32.57,0,0
DGE_MV,D,20251028,000000,32.353,35.284,31.375,32.57,0,0
DGE_MV,D,20251029,000000,33.112,33.112,31.05,32.35,0,0
DGE_MV,D,20251030,000000,32.353,34.632,30.833,32.14,0,0
DGE_MV,D,20251031,000000,32.027,32.027,29.856,31.375,0,0
DGE_MV,D,20251103,000000,30.724,32.895,30.724,32.57,0,0
DGE_MV,D,20251104,000000,32.461,32.678,26.381,27.9,0,0
DGE_MV,D,20251105,000000,28.01,28.336,27.141,27.9,0,0
DGE_MV,D,20251106,000000,27.901,28.227,26.49,27.47,0,0
DGE_MV,D,20251107,000000,27.576,31.267,27.576,29.53,0,0
DGE_MV,D,20251110,000000,29.638,30.073,28.553,30.07,0,0
DGE_MV,D,20251112,000000,30.073,31.267,30.073,30.83,0,0
DGE_MV,D,20251113,000000,30.29,30.29,28.227,30.29,0,0
DGE_MV,D,20251114,000000,30.398,30.398,28.118,28.12,0,0
DGE_MV,D,20251117,000000,28.227,29.638,27.68,27.68,0,0
DGE_MV,D,20251118,000000,27.684,28.01,26.49,26.49,0,0
DGE_MV,D,20251119,000000,26.49,28.12,26.164,28.12,0,0
DGE_MV,D,20251120,000000,28.118,29.313,27.141,28.77,0,0
DGE_MV,D,20251121,000000,27.141,29.53,26.599,29.53,0,0
DGE_MV,D,20251124,000000,29.313,29.313,26.381,27.14,0,0
DGE_MV,D,20251125,000000,27.033,27.576,25.296,25.3,0,0
DGE_MV,D,20251126,000000,24.97,26.381,23.884,26.38,0,0
DGE_MV,D,20251127,000000,26.381,26.381,24.427,24.75,0,0
DGE_MV,D,20251128,000000,24.319,24.861,23.884,24.43,0,0
DGE_MV,D,20251201,000000,24.21,24.21,23.233,23.67,0,0
DGE_MV,D,20251202,000000,23.559,24.21,23.233,24.21,0,0
DGE_MV,D,20251203,000000,23.342,23.993,22.907,23.45,0,0
DGE_MV,D,20251204,000000,23.124,23.45,23.016,23.45,0,0
DGE_MV,D,20251205,000000,23.016,23.342,22.147,23.34,0,0
DGE_MV,D,20251208,000000,23.016,23.233,21.93,23.23,0,0
DGE_MV,D,20251209,000000,22.039,23.124,22.039,22.15,0,0
DGE_MV,D,20251210,000000,22.039,25.95,21.713,25.95,0,0
DGE_MV,D,20251211,000000,25.947,25.947,23.34,23.34,0,0
DGE_MV,D,20251212,000000,23.342,25.079,23.23,23.23,0,0
DGE_MV,D,20251215,000000,24.102,25.296,24.102,25.08,0,0
DGE_MV,D,20251216,000000,25.079,26.273,25.079,25.73,0,0
DGE_MV,D,20251217,000000,25.513,25.513,23.016,24.43,0,0
DGE_MV,D,20251218,000000,23.559,24.21,23.016,23.88,0,0
DGE_MV,D,20251219,000000,23.233,23.667,22.256,23.23,0,0
DGE_MV,D,20251222,000000,22.69,24.43,22.69,24.43,0,0
DGE_MV,D,20251223,000000,23.016,24.319,23.016,23.342,0,0
DGE_MV,D,20251229,000000,24.21,24.861,21.659,21.82,0,0
DGE_MV,D,20251230,000000,22.256,22.256,20.95,20.95,0,0
DGE_MV,D,20260102,000000,21.605,22.256,21.116,22.15,0,0
DGE_MV,D,20260105,000000,22.147,22.69,22.147,22.69,0,0
DGE_MV,D,20260107,000000,24.427,24.43,23.016,24.43,0,0
DGE_MV,D,20260108,000000,23.884,24.32,23.45,24.32,0,0
DGE_MV,D,20260109,000000,24.319,24.43,24.319,24.43,0,0
DGE_MV,D,20260112,000000,24.319,24.32,24.319,24.32,0,0
DGE_MV,D,20260113,000000,24.319,24.319,22.799,23.78,0,0
DGE_MV,D,20260114,000000,23.016,23.67,22.799,23.67,0,0
DGE_MV,D,20260115,000000,23.233,23.233,22.582,22.69,0,0
DGE_MV,D,20260116,000000,22.473,23.233,22.473,23.02,0,0
DGE_MV,D,20260119,000000,23.016,23.45,22.69,23.34,0,0
DGE_MV,D,20260120,000000,23.342,24.753,22.582,24.75,0,0
DGE_MV,D,20260121,000000,24.427,24.97,24.102,24.86,0,0
DGE_MV,D,20260122,000000,24.861,24.97,24.102,24.75,0,0
DGE_MV,D,20260123,000000,23.993,24.753,23.776,23.99,0,0
