<TICKER>,<PER>,<DATE>,<TIME>,<OPEN>,<HIGH>,<LOW>,<CLOSE>,<VOL>,<OPENINT>
DGE_PE,D,20211117,000000,31.8,31.8,31.8,31.8,0,0
DGE_PE,D,20211118,000000,30.6,31,29.3,31,0,0
DGE_PE,D,20211119,000000,31.3,32.1,31.3,31.9,0,0
DGE_PE,D,20211122,000000,31.2,36,31.2,36,0,0
DGE_PE,D,20211123,000000,36,36,34.7,35.5,0,0
DGE_PE,D,20211124,000000,35.4,35.4,33.3,33.3,0,0
DGE_PE,D,20211125,000000,33.4,34.6,32.2,32.4,0,0
DGE_PE,D,20211126,000000,32.2,33,31.5,32.6,0,0
DGE_PE,D,20211129,000000,31.8,32.8,31.6,32.4,0,0
DGE_PE,D,20211130,000000,31.8,34.2,31.7,34.1,0,0
DGE_PE,D,20211201,000000,33.7,33.8,32.1,32.6,0,0
DGE_PE,D,20211202,000000,32.3,32.7,31.8,32.5,0,0
DGE_PE,D,20211203,000000,32.5,33.1,32.5,33.1,0,0
DGE_PE,D,20211206,000000,33.1,33.5,31.6,32.7,0,0
DGE_PE,D,20211207,000000,32.2,33.8,32.2,33.2,0,0
DGE_PE,D,20211208,000000,33,33.2,32.1,32.9,0,0
DGE_PE,D,20211209,000000,32.9,33.8,32,32.7,0,0
DGE_PE,D,20211210,000000,32.4,32.4,31.7,32.1,0,0
DGE_PE,D,20211213,000000,31.6,32,30.7,31.1,0,0
DGE_PE,D,20211214,000000,31.1,31.1,30,30.6,0,0
DGE_PE,D,20211215,000000,30.6,30.8,29.9,30.6,0,0
DGE_PE,D,20211216,000000,30.1,31.1,29.9,31.1,0,0
DGE_PE,D,20211217,000000,30.3,31.2,30.1,30.3,0,0
DGE_PE,D,20211220,000000,30.2,30.4,29.8,30.1,0,0
DGE_PE,D,20211221,000000,30.6,30.6,28.5,29.3,0,0
DGE_PE,D,20211222,000000,28.9,28.9,28.2,28.4,0,0
DGE_PE,D,20211223,000000,27.9,28.4,26.6,28.2,0,0
DGE_PE,D,20211227,000000,28.2,28.3,26.6,27.6,0,0
DGE_PE,D,20211228,000000,27,29.3,26.9,29.2,0,0
DGE_PE,D,20211229,000000,29.8,30,28.3,29.8,0,0
DGE_PE,D,20211230,000000,29.8,29.8,29.2,29.6,0,0
DGE_PE,D,20220103,000000,30.7,31.4,29.2,31.1,0,0
DGE_PE,D,20220104,000000,31,31.4,29.6,29.7,0,0
DGE_PE,D,20220105,000000,29.6,30.4,29.6,29.9,0,0
DGE_PE,D,20220107,000000,29.8,30.6,29.6,30.6,0,0
DGE_PE,D,20220110,000000,30.6,31.5,30.1,30.6,0,0
DGE_PE,D,20220111,000000,31.1,32.9,30.9,32.9,0,0
DGE_PE,D,20220112,000000,33.3,33.3,32.3,32.8,0,0
DGE_PE,D,20220113,000000,33.3,33.8,32.4,32.7,0,0
DGE_PE,D,20220114,000000,33.2,33.2,31.3,31.4,0,0
DGE_PE,D,20220117,000000,31.6,32.6,31.6,31.8,0,0
DGE_PE,D,20220118,000000,32,32,30.7,31.1,0,0
DGE_PE,D,20220119,000000,30.3,30.7,29.4,29.8,0,0
DGE_PE,D,20220120,000000,29.4,30.2,29.2,29.8,0,0
DGE_PE,D,20220121,000000,29.2,29.2,28.5,28.7,0,0
DGE_PE,D,20220124,000000,28.7,28.7,26.3,27.1,0,0
DGE_PE,D,20220125,000000,27.2,27.9,27.2,27.5,0,0
DGE_PE,D,20220126,000000,27.2,28.5,27,28.1,0,0
DGE_PE,D,20220127,000000,28.1,28.2,27.1,28.2,0,0
DGE_PE,D,20220128,000000,28.1,28.1,26.8,27.3,0,0
DGE_PE,D,20220131,000000,27.7,28.5,27.3,27.4,0,0
DGE_PE,D,20220201,000000,27.4,28,27,27.6,0,0
DGE_PE,D,20220202,000000,27.6,27.6,26.2,26.9,0,0
DGE_PE,D,20220203,000000,26.7,26.9,26.5,26.8,0,0
DGE_PE,D,20220204,000000,26.6,27.1,26.2,26.6,0,0
DGE_PE,D,20220207,000000,26.6,26.8,26.3,26.7,0,0
DGE_PE,D,20220208,000000,27.1,27.8,27.1,27.8,0,0
DGE_PE,D,20220209,000000,28.1,28.1,27.3,28.1,0,0
DGE_PE,D,20220210,000000,28.3,28.5,27.9,28.5,0,0
DGE_PE,D,20220211,000000,28.5,28.7,27.7,28.5,0,0
DGE_PE,D,20220214,000000,26.3,27.1,26,26.7,0,0
DGE_PE,D,20220215,000000,26.4,27.4,26.3,26.6,0,0
DGE_PE,D,20220216,000000,26.7,28.5,16.8,16.8,0,0
DGE_PE,D,20220217,000000,16.8,17.2,16.1,16.5,0,0
DGE_PE,D,20220218,000000,16.3,16.5,16,16.2,0,0
DGE_PE,D,20220221,000000,16.5,16.6,15.2,16.2,0,0
DGE_PE,D,20220222,000000,15.6,16.5,15.6,16.2,0,0
DGE_PE,D,20220223,000000,16.4,16.9,16,16.4,0,0
DGE_PE,D,20220224,000000,15.1,15.2,12.6,13.7,0,0
DGE_PE,D,20220225,000000,14.3,14.6,13.9,14.5,0,0
DGE_PE,D,20220228,000000,14.5,15.7,14.3,15.4,0,0
DGE_PE,D,20220301,000000,15.3,15.7,14.6,15,0,0
DGE_PE,D,20220302,000000,14.5,14.9,14,14.3,0,0
DGE_PE,D,20220303,000000,14,14,13.4,13.9,0,0
DGE_PE,D,20220304,000000,13.6,14,13.3,13.9,0,0
DGE_PE,D,20220307,000000,13.3,13.6,12.4,13.6,0,0
DGE_PE,D,20220308,000000,13.3,13.5,12.8,13.1,0,0
DGE_PE,D,20220309,000000,13.1,14,12.9,14,0,0
DGE_PE,D,20220310,000000,13.5,14.3,13.5,13.6,0,0
DGE_PE,D,20220311,000000,14.1,14.3,13.3,14.2,0,0
DGE_PE,D,20220314,000000,13.6,14,13.4,13.7,0,0
DGE_PE,D,20220315,000000,13.7,13.9,13.4,13.8,0,0
DGE_PE,D,20220316,000000,13.9,14.5,13.9,14.5,0,0
DGE_PE,D,20220317,000000,14.2,15.1,14.2,14.4,0,0
DGE_PE,D,20220318,000000,15,15,14.4,14.6,0,0
DGE_PE,D,20220321,000000,14.9,14.9,14.3,14.8,0,0
DGE_PE,D,20220322,000000,14.8,15.1,14.6,15,0,0
DGE_PE,D,20220323,000000,15,15.4,14.9,15.2,0,0
DGE_PE,D,20220324,000000,15,15.5,15,15.2,0,0
DGE_PE,D,20220325,000000,15.4,16.2,15.4,15.9,0,0
DGE_PE,D,20220328,000000,16.2,16.2,15.3,15.7,0,0
DGE_PE,D,20220329,000000,15.1,16.2,15.1,16.2,0,0
DGE_PE,D,20220330,000000,16.2,17,15.8,16.2,0,0
DGE_PE,D,20220331,000000,16.5,16.5,15.9,16.2,0,0
DGE_PE,D,20220401,000000,16.2,16.4,16,16,0,0
DGE_PE,D,20220404,000000,16.3,16.4,16,16.3,0,0
DGE_PE,D,20220405,000000,16.4,16.4,16,16.3,0,0
DGE_PE,D,20220406,000000,16.1,16.2,16,16.2,0,0
DGE_PE,D,20220407,000000,16.3,16.3,15.7,15.7,0,0
DGE_PE,D,20220408,000000,16,16,15.5,15.5,0,0
DGE_PE,D,20220411,000000,15.7,15.8,15.4,15.5,0,0
DGE_PE,D,20220412,000000,15.9,15.9,15,15.4,0,0
DGE_PE,D,20220413,000000,15.4,15.4,14.9,15.4,0,0
DGE_PE,D,20220414,000000,15.2,15.3,14.9,14.9,0,0
DGE_PE,D,20220419,000000,15,15,14.4,14.5,0,0
DGE_PE,D,20220420,000000,14.6,14.6,14.2,14.4,0,0
DGE_PE,D,20220421,000000,14.6,14.6,14.2,14.4,0,0
DGE_PE,D,20220422,000000,14.4,14.6,14.1,14.3,0,0
DGE_PE,D,20220425,000000,14.3,14.3,13.6,13.6,0,0
DGE_PE,D,20220426,000000,14,14.4,13.7,13.8,0,0
DGE_PE,D,20220427,000000,13.8,13.8,13.4,13.5,0,0
DGE_PE,D,20220428,000000,13.9,14,13.4,13.4,0,0
DGE_PE,D,20220429,000000,13.6,14.1,13.4,13.8,0,0
DGE_PE,D,20220502,000000,13.5,14,13.5,13.8,0,0
DGE_PE,D,20220504,000000,14.1,14.5,13.9,14.2,0,0
DGE_PE,D,20220505,000000,14.2,14.4,14.1,14.3,0,0
DGE_PE,D,20220506,000000,14.3,14.4,13.3,13.3,0,0
DGE_PE,D,20220509,000000,13.5,13.6,13,13.3,0,0
DGE_PE,D,20220510,000000,13.3,13.3,12.5,12.7,0,0
DGE_PE,D,20220511,000000,13.1,13.2,12.8,13,0,0
DGE_PE,D,20220512,000000,12.8,12.8,12.2,12.6,0,0
DGE_PE,D,20220513,000000,13,13,12.1,12.7,0,0
DGE_PE,D,20220516,000000,12.9,13,12.2,13,0,0
DGE_PE,D,20220517,000000,12.9,12.9,12.5,12.9,0,0
DGE_PE,D,20220518,000000,12.6,13.2,11,11,0,0
DGE_PE,D,20220519,000000,10.6,10.9,10.6,10.9,0,0
DGE_PE,D,20220520,000000,10.7,11,10.6,10.9,0,0
DGE_PE,D,20220523,000000,11,11.2,10.7,11,0,0
DGE_PE,D,20220524,000000,10.7,11.2,10.7,11.2,0,0
DGE_PE,D,20220525,000000,10.9,11.1,10.8,10.8,0,0
DGE_PE,D,20220526,000000,11,11,10.7,10.9,0,0
DGE_PE,D,20220527,000000,10.7,11.2,10.7,11,0,0
DGE_PE,D,20220530,000000,11,11.2,10.8,11,0,0
DGE_PE,D,20220531,000000,11.1,11.9,11.1,11.4,0,0
DGE_PE,D,20220601,000000,11.6,11.6,11.1,11.3,0,0
DGE_PE,D,20220602,000000,11.5,11.8,11.1,11.6,0,0
DGE_PE,D,20220603,000000,11.3,11.5,11.2,11.5,0,0
DGE_PE,D,20220606,000000,11.5,11.5,11.1,11.3,0,0
DGE_PE,D,20220607,000000,11.1,11.2,10.9,11,0,0
DGE_PE,D,20220608,000000,11,11.1,10.6,10.9,0,0
DGE_PE,D,20220609,000000,11,11,10.6,10.7,0,0
DGE_PE,D,20220610,000000,10.7,10.7,9,9,0,0
DGE_PE,D,20220613,000000,8.9,8.9,8.2,8.2,0,0
DGE_PE,D,20220614,000000,8.6,8.7,8.3,8.6,0,0
DGE_PE,D,20220615,000000,8.6,8.8,8.4,8.6,0,0
DGE_PE,D,20220617,000000,8.6,8.6,8.4,8.4,0,0
DGE_PE,D,20220620,000000,8.4,8.8,8.4,8.6,0,0
DGE_PE,D,20220621,000000,8.5,8.8,8.5,8.6,0,0
DGE_PE,D,20220622,000000,8.6,8.6,8.5,8.6,0,0
DGE_PE,D,20220623,000000,8.6,8.6,8.4,8.6,0,0
DGE_PE,D,20220624,000000,8.5,8.9,8.5,8.5,0,0
DGE_PE,D,20220627,000000,8.5,8.9,8.5,8.5,0,0
DGE_PE,D,20220628,000000,8.5,8.8,8.4,8.4,0,0
DGE_PE,D,20220629,000000,8.4,8.7,8.4,8.4,0,0
DGE_PE,D,20220630,000000,8.4,8.8,8.4,8.5,0,0
DGE_PE,D,20220701,000000,8.7,9.2,8.6,8.7,0,0
DGE_PE,D,20220704,000000,9.1,9.1,8.8,8.8,0,0
DGE_PE,D,20220705,000000,8.9,9,8.4,8.5,0,0
DGE_PE,D,20220706,000000,8.5,8.8,8.5,8.8,0,0
DGE_PE,D,20220707,000000,8.8,9.3,8.8,9.2,0,0
DGE_PE,D,20220708,000000,9.2,9.4,8.9,9.1,0,0
DGE_PE,D,20220711,000000,9.1,9.6,9,9.6,0,0
DGE_PE,D,20220712,000000,9.6,9.6,9.1,9.4,0,0
DGE_PE,D,20220713,000000,9.4,9.4,9,9.1,0,0
DGE_PE,D,20220714,000000,8.9,8.9,8.7,8.7,0,0
DGE_PE,D,20220715,000000,8.7,8.9,8.5,8.7,0,0
DGE_PE,D,20220718,000000,8.5,8.9,8.2,8.8,0,0
DGE_PE,D,20220719,000000,8.5,8.7,8.5,8.6,0,0
DGE_PE,D,20220720,000000,8.6,8.9,8.5,8.8,0,0
DGE_PE,D,20220721,000000,8.8,9.2,8.8,8.8,0,0
DGE_PE,D,20220722,000000,9,9.1,8.8,9.1,0,0
DGE_PE,D,20220725,000000,9.2,9.5,9,9.4,0,0
DGE_PE,D,20220726,000000,9.4,9.4,9,9.3,0,0
DGE_PE,D,20220727,000000,9.3,9.4,9.1,9.2,0,0
DGE_PE,D,20220728,000000,9.2,9.6,9.1,9.2,0,0
DGE_PE,D,20220729,000000,9.4,9.9,9.4,9.9,0,0
DGE_PE,D,20220801,000000,10,11.8,10,11.7,0,0
DGE_PE,D,20220802,000000,12,12,11.2,11.6,0,0
DGE_PE,D,20220803,000000,11.6,12.5,11.6,12.5,0,0
DGE_PE,D,20220804,000000,12.5,12.5,11.7,12.1,0,0
DGE_PE,D,20220805,000000,11.9,12,11.3,11.8,0,0
DGE_PE,D,20220808,000000,11.5,11.8,11.2,11.6,0,0
DGE_PE,D,20220809,000000,11.7,12.1,11.5,12.1,0,0
DGE_PE,D,20220810,000000,12.1,12.2,11.9,12.2,0,0
DGE_PE,D,20220811,000000,11.9,12.6,11.8,12.6,0,0
DGE_PE,D,20220812,000000,12.3,12.7,12.1,12.6,0,0
DGE_PE,D,20220816,000000,11.8,12.5,11.8,12.4,0,0
DGE_PE,D,20220817,000000,12.4,12.6,11.6,11.8,0,0
DGE_PE,D,20220818,000000,11.6,12,11.5,11.7,0,0
DGE_PE,D,20220819,000000,11.8,12.2,11.7,11.9,0,0
DGE_PE,D,20220822,000000,12.2,12.3,11.9,12,0,0
DGE_PE,D,20220823,000000,12.3,12.9,12,12.2,0,0
DGE_PE,D,20220824,000000,12.4,12.5,12.3,12.3,0,0
DGE_PE,D,20220825,000000,12.5,12.6,12.2,12.3,0,0
DGE_PE,D,20220826,000000,12.3,12.3,11.5,11.6,0,0
DGE_PE,D,20220829,000000,11.6,12.1,11.6,11.6,0,0
DGE_PE,D,20220830,000000,11.6,11.8,11.3,11.4,0,0
DGE_PE,D,20220831,000000,11.7,12.1,11.4,11.7,0,0
DGE_PE,D,20220901,000000,12,12,11.4,11.5,0,0
DGE_PE,D,20220902,000000,11.8,12,11.6,11.9,0,0
DGE_PE,D,20220905,000000,12,12.6,12,12.6,0,0
DGE_PE,D,20220906,000000,12.6,12.6,12,12.5,0,0
DGE_PE,D,20220907,000000,12.7,12.7,12.1,12.3,0,0
DGE_PE,D,20220908,000000,12.3,12.3,12,12.1,0,0
DGE_PE,D,20220909,000000,12.2,12.2,11.5,11.8,0,0
DGE_PE,D,20220912,000000,11.7,11.7,10.1,10.1,0,0
DGE_PE,D,20220913,000000,10.5,10.5,9.5,10.2,0,0
DGE_PE,D,20220914,000000,10,10.1,9.7,9.9,0,0
DGE_PE,D,20220915,000000,8.9,9.2,8.3,8.5,0,0
DGE_PE,D,20220916,000000,8.5,8.7,8.1,8.5,0,0
DGE_PE,D,20220919,000000,9.1,9.1,8.7,8.7,0,0
DGE_PE,D,20220920,000000,8.7,8.9,8.4,8.5,0,0
DGE_PE,D,20220921,000000,8.5,8.5,7.8,7.9,0,0
DGE_PE,D,20220922,000000,8,8.4,7.8,7.8,0,0
DGE_PE,D,20220923,000000,7.8,7.9,7.4,7.4,0,0
DGE_PE,D,20220926,000000,7.4,7.5,6.8,7.2,0,0
DGE_PE,D,20220927,000000,7.2,7.8,7.2,7.7,0,0
DGE_PE,D,20220928,000000,7.8,7.8,7.4,7.5,0,0
DGE_PE,D,20220929,000000,7.7,7.7,7.1,7.2,0,0
DGE_PE,D,20220930,000000,7.4,7.6,7.1,7.4,0,0
DGE_PE,D,20221003,000000,7.1,7.3,6.9,7,0,0
DGE_PE,D,20221004,000000,7.4,7.4,6.9,7,0,0
DGE_PE,D,20221005,000000,7.2,7.4,7,7.3,0,0
DGE_PE,D,20221006,000000,7.4,7.4,7.2,7.4,0,0
DGE_PE,D,20221007,000000,7.4,7.4,6.9,7,0,0
DGE_PE,D,20221010,000000,6.8,7.1,6.6,6.7,0,0
DGE_PE,D,20221011,000000,6.6,7,6.4,7,0,0
DGE_PE,D,20221012,000000,7,7,6.8,6.9,0,0
DGE_PE,D,20221013,000000,6.8,7.1,6.5,7,0,0
DGE_PE,D,20221014,000000,7,7.4,6.8,7.2,0,0
DGE_PE,D,20221017,000000,7.2,7.4,7,7.2,0,0
DGE_PE,D,20221018,000000,7.3,7.3,6.9,7.2,0,0
DGE_PE,D,20221019,000000,7.2,7.3,6.9,7.3,0,0
DGE_PE,D,20221020,000000,7.2,7.5,7.2,7.5,0,0
DGE_PE,D,20221021,000000,7.5,7.7,7.2,7.4,0,0
DGE_PE,D,20221024,000000,7.4,7.4,6.7,6.9,0,0
DGE_PE,D,20221025,000000,7,7.1,6.8,7,0,0
DGE_PE,D,20221026,000000,7.1,7.1,6.7,6.8,0,0
DGE_PE,D,20221027,000000,6.9,6.9,6.6,6.7,0,0
DGE_PE,D,20221028,000000,6.6,6.9,6.5,6.7,0,0
DGE_PE,D,20221031,000000,6.6,7.1,6.6,7,0,0
DGE_PE,D,20221102,000000,7.1,7.3,6.8,6.9,0,0
DGE_PE,D,20221103,000000,6.9,8,6.9,7.5,0,0
DGE_PE,D,20221104,000000,8,8.4,8,8.4,0,0
DGE_PE,D,20221107,000000,8.5,9.4,8.5,8.9,0,0
DGE_PE,D,20221108,000000,8.7,8.9,8.3,8.8,0,0
DGE_PE,D,20221109,000000,8.9,8.9,8.4,8.7,0,0
DGE_PE,D,20221110,000000,8.8,9.4,8.5,8.9,0,0
DGE_PE,D,20221114,000000,8.9,9.6,8.7,8.8,0,0
DGE_PE,D,20221115,000000,8.6,9.3,8.2,9.2,0,0
DGE_PE,D,20221116,000000,8.7,9.3,8.7,8.9,0,0
DGE_PE,D,20221117,000000,9.1,9.4,8.7,8.8,0,0
DGE_PE,D,20221118,000000,9.3,9.4,9,9.3,0,0
DGE_PE,D,20221121,000000,9.4,9.9,9.3,9.6,0,0
DGE_PE,D,20221122,000000,9.5,17.1,9.3,17.1,0,0
DGE_PE,D,20221123,000000,16.5,16.7,16.1,16.7,0,0
DGE_PE,D,20221124,000000,16.9,16.9,16.2,16.2,0,0
DGE_PE,D,20221125,000000,16.3,17.7,15.5,17.5,0,0
DGE_PE,D,20221128,000000,17.3,17.4,16.8,17.3,0,0
DGE_PE,D,20221129,000000,17.5,17.5,16.2,16.5,0,0
DGE_PE,D,20221130,000000,16.1,17.1,16,17.1,0,0
DGE_PE,D,20221201,000000,17.1,17.1,15.7,15.9,0,0
DGE_PE,D,20221202,000000,16,16.5,15.5,15.8,0,0
DGE_PE,D,20221205,000000,15.9,16.3,15.7,15.8,0,0
DGE_PE,D,20221206,000000,16,16,15.6,16,0,0
DGE_PE,D,20221207,000000,15.7,15.7,15.4,15.5,0,0
DGE_PE,D,20221208,000000,15.8,16,15.6,16,0,0
DGE_PE,D,20221209,000000,16,16.1,15.6,15.9,0,0
DGE_PE,D,20221212,000000,15.6,16.2,15.4,16.2,0,0
DGE_PE,D,20221213,000000,16.2,16.9,16.2,16.6,0,0
DGE_PE,D,20221214,000000,16.6,16.6,16.2,16.5,0,0
DGE_PE,D,20221215,000000,16.6,16.6,16.2,16.2,0,0
DGE_PE,D,20221216,000000,16.2,16.2,15.6,15.8,0,0
DGE_PE,D,20221219,000000,15.6,16,15.6,16,0,0
DGE_PE,D,20221220,000000,15.9,16.2,15.3,15.7,0,0
DGE_PE,D,20221221,000000,15.6,16.1,15.1,16,0,0
DGE_PE,D,20221222,000000,15.9,16.8,15.7,16.2,0,0
DGE_PE,D,20221223,000000,17,17.1,16.5,16.8,0,0
DGE_PE,D,20221227,000000,17,17.1,16.2,16.7,0,0
DGE_PE,D,20221228,000000,16.9,16.9,16.2,16.5,0,0
DGE_PE,D,20221229,000000,16.5,16.7,16.3,16.7,0,0
DGE_PE,D,20221230,000000,17.3,17.3,16.4,16.4,0,0
DGE_PE,D,20230102,000000,16.9,17.2,16.2,16.5,0,0
DGE_PE,D,20230103,000000,16.2,16.4,15.9,16.3,0,0
DGE_PE,D,20230104,000000,16.3,16.3,15.9,16,0,0
DGE_PE,D,20230105,000000,16,16.2,15.6,15.9,0,0
DGE_PE,D,20230109,000000,15.6,15.9,15.5,15.8,0,0
DGE_PE,D,20230110,000000,15.8,15.9,15.7,15.9,0,0
DGE_PE,D,20230111,000000,15.9,17.4,15.9,16.6,0,0
DGE_PE,D,20230112,000000,16.6,16.9,16,16.4,0,0
DGE_PE,D,20230113,000000,16.5,16.6,16.4,16.5,0,0
DGE_PE,D,20230116,000000,16.4,16.5,16,16.2,0,0
DGE_PE,D,20230117,000000,16.2,16.7,15.9,16.2,0,0
DGE_PE,D,20230118,000000,16.2,16.2,15.8,16,0,0
DGE_PE,D,20230119,000000,16.1,16.4,15.8,15.8,0,0
DGE_PE,D,20230120,000000,15.8,16.8,15.8,16.6,0,0
DGE_PE,D,20230123,000000,16.6,17.8,16.6,17.8,0,0
DGE_PE,D,20230124,000000,16.9,17.7,16.9,17.6,0,0
DGE_PE,D,20230125,000000,17.8,19.1,17.7,18.5,0,0
DGE_PE,D,20230126,000000,18.5,18.8,18,18.7,0,0
DGE_PE,D,20230127,000000,18.8,19.9,18.5,19.8,0,0
DGE_PE,D,20230130,000000,19.8,19.8,18.8,19.2,0,0
DGE_PE,D,20230131,000000,19.5,19.8,18.5,19,0,0
DGE_PE,D,20230201,000000,18.9,19.4,18.4,19,0,0
DGE_PE,D,20230202,000000,18.7,18.7,17.8,18,0,0
DGE_PE,D,20230203,000000,17.5,18.1,16.8,17.2,0,0
DGE_PE,D,20230206,000000,17.2,17.5,16.9,17.1,0,0
DGE_PE,D,20230207,000000,16.9,18.5,16.9,17.3,0,0
DGE_PE,D,20230208,000000,17.3,18.8,17.3,18.4,0,0
DGE_PE,D,20230209,000000,18.4,19,17.8,17.8,0,0
DGE_PE,D,20230210,000000,18.5,18.9,17.6,17.9,0,0
DGE_PE,D,20230213,000000,18.6,18.9,18.5,18.9,0,0
DGE_PE,D,20230214,000000,18.9,19.7,18.7,19.4,0,0
DGE_PE,D,20230215,000000,18.2,18.6,16.9,18.3,0,0
DGE_PE,D,20230216,000000,15.9,25.2,14.3,25.2,0,0
DGE_PE,D,20230217,000000,25.1,25.1,22.8,24.4,0,0
DGE_PE,D,20230220,000000,24.1,26.4,24.1,26.2,0,0
DGE_PE,D,20230221,000000,26.2,26.5,24.7,25.4,0,0
DGE_PE,D,20230222,000000,25.8,25.8,24.5,25,0,0
DGE_PE,D,20230223,000000,25.7,25.8,24.1,24.6,0,0
DGE_PE,D,20230224,000000,24.7,24.8,24,24.1,0,0
DGE_PE,D,20230227,000000,23.9,25.2,23.7,25,0,0
DGE_PE,D,20230228,000000,24.8,25.1,24.4,24.9,0,0
DGE_PE,D,20230301,000000,24.8,25.5,24.3,24.9,0,0
DGE_PE,D,20230302,000000,24.9,24.9,24,24.7,0,0
DGE_PE,D,20230303,000000,24.2,25,24.2,24.5,0,0
DGE_PE,D,20230306,000000,24.5,24.5,23.4,23.5,0,0
DGE_PE,D,20230307,000000,23.5,24.2,23.3,23.7,0,0
DGE_PE,D,20230308,000000,24.2,24.2,23.5,24,0,0
DGE_PE,D,20230309,000000,24,24.1,23.5,24,0,0
DGE_PE,D,20230310,000000,24,24,23.3,23.3,0,0
DGE_PE,D,20230313,000000,22.9,23.5,21.7,22.4,0,0
DGE_PE,D,20230314,000000,22.4,22.5,21.9,22.5,0,0
DGE_PE,D,20230315,000000,22.5,23.2,21.9,22.5,0,0
DGE_PE,D,20230316,000000,22.6,23.7,22.3,23.7,0,0
DGE_PE,D,20230317,000000,23.6,23.6,22.7,23.4,0,0
DGE_PE,D,20230320,000000,22.7,23.1,22.2,22.6,0,0
DGE_PE,D,20230321,000000,22.4,23.3,21.7,22.6,0,0
DGE_PE,D,20230322,000000,22.3,22.5,22.1,22.4,0,0
DGE_PE,D,20230323,000000,22.3,22.4,21.9,22.3,0,0
DGE_PE,D,20230324,000000,22.3,22.3,21.8,22.2,0,0
DGE_PE,D,20230327,000000,22.2,22.3,21.3,21.3,0,0
DGE_PE,D,20230328,000000,21.7,22.6,20.9,22.5,0,0
DGE_PE,D,20230329,000000,22.9,23,21.9,22.8,0,0
DGE_PE,D,20230330,000000,22.5,22.9,21.7,22,0,0
DGE_PE,D,20230331,000000,22.4,22.4,21.9,22.3,0,0
DGE_PE,D,20230403,000000,22.3,22.3,21.6,21.7,0,0
DGE_PE,D,20230404,000000,21.7,22.2,21.6,21.6,0,0
DGE_PE,D,20230405,000000,21.6,22,21.4,21.4,0,0
DGE_PE,D,20230406,000000,21.8,22.1,21.5,22.1,0,0
DGE_PE,D,20230411,000000,22,22,21.5,21.9,0,0
DGE_PE,D,20230412,000000,21.9,21.9,21.4,21.4,0,0
DGE_PE,D,20230413,000000,21.6,22.2,20.5,22.1,0,0
DGE_PE,D,20230414,000000,22.2,22.4,21.9,22.3,0,0
DGE_PE,D,20230417,000000,22.4,22.4,21.6,21.6,0,0
DGE_PE,D,20230418,000000,21.8,22.9,21.6,22.9,0,0
DGE_PE,D,20230419,000000,22.9,23.2,22,22.9,0,0
DGE_PE,D,20230420,000000,23.2,23.5,22.3,23.3,0,0
DGE_PE,D,20230421,000000,23.4,23.6,22.8,22.9,0,0
DGE_PE,D,20230424,000000,23.7,23.7,22.7,22.7,0,0
DGE_PE,D,20230425,000000,22.7,23.6,22.6,23.4,0,0
DGE_PE,D,20230426,000000,23.4,23.6,22.9,23.4,0,0
DGE_PE,D,20230427,000000,24.2,24.7,23.4,24.4,0,0
DGE_PE,D,20230428,000000,24,24.2,23.4,23.5,0,0
DGE_PE,D,20230502,000000,23.6,32.9,22.9,32.9,0,0
DGE_PE,D,20230504,000000,33.7,33.7,32.9,33.4,0,0
DGE_PE,D,20230505,000000,33.6,34.2,32.3,34.2,0,0
DGE_PE,D,20230508,000000,34,34,33.2,33.2,0,0
DGE_PE,D,20230509,000000,33,33.7,33,33.7,0,0
DGE_PE,D,20230510,000000,32.9,33.4,32.6,32.6,0,0
DGE_PE,D,20230511,000000,32.6,33.4,31.8,31.8,0,0
DGE_PE,D,20230512,000000,32.7,32.8,31.7,32.1,0,0
DGE_PE,D,20230515,000000,32.6,32.8,31.9,32,0,0
DGE_PE,D,20230516,000000,32.4,32.9,31.8,32.7,0,0
DGE_PE,D,20230517,000000,32.7,32.7,31.8,32.3,0,0
DGE_PE,D,20230518,000000,32,36.5,31.4,36.5,0,0
DGE_PE,D,20230519,000000,36.2,36.8,35.6,36.8,0,0
DGE_PE,D,20230522,000000,36.8,37.1,35.7,36.3,0,0
DGE_PE,D,20230523,000000,36.2,36.6,35.2,35.9,0,0
DGE_PE,D,20230524,000000,35.9,36,34.9,35.8,0,0
DGE_PE,D,20230525,000000,35.9,35.9,34.7,34.7,0,0
DGE_PE,D,20230526,000000,34.4,35.5,34.4,35.5,0,0
DGE_PE,D,20230529,000000,35.4,35.9,34.7,35.9,0,0
DGE_PE,D,20230530,000000,35.6,36.5,35.6,36.5,0,0
DGE_PE,D,20230531,000000,35.4,36.5,34.8,34.8,0,0
DGE_PE,D,20230601,000000,34.8,35.6,34,34,0,0
DGE_PE,D,20230602,000000,35,35,33.7,34,0,0
DGE_PE,D,20230605,000000,34,35.2,33.2,35.2,0,0
DGE_PE,D,20230606,000000,35.3,35.3,34.4,34.4,0,0
DGE_PE,D,20230607,000000,35.1,35.2,34.3,34.5,0,0
DGE_PE,D,20230609,000000,34.5,35.9,34.2,35.6,0,0
DGE_PE,D,20230612,000000,34.9,35.6,34.4,34.5,0,0
DGE_PE,D,20230613,000000,34.4,34.9,34.1,34.7,0,0
DGE_PE,D,20230614,000000,34.7,35.6,34.5,34.5,0,0
DGE_PE,D,20230615,000000,34.7,35.6,34.4,34.5,0,0
DGE_PE,D,20230616,000000,34.4,35.1,33.9,34.1,0,0
DGE_PE,D,20230619,000000,35.1,35.1,33.1,34,0,0
DGE_PE,D,20230620,000000,33.8,34.8,33.5,34.8,0,0
DGE_PE,D,20230621,000000,33.8,35.6,33.8,35.6,0,0
DGE_PE,D,20230622,000000,36.5,36.5,35.5,36,0,0
DGE_PE,D,20230623,000000,35.2,35.8,34.1,35.6,0,0
DGE_PE,D,20230626,000000,35.6,35.6,35,35,0,0
DGE_PE,D,20230627,000000,35.5,35.9,34.7,35.2,0,0
DGE_PE,D,20230628,000000,35.2,35.4,34.7,34.8,0,0
DGE_PE,D,20230629,000000,35.2,35.3,34.7,34.7,0,0
DGE_PE,D,20230630,000000,34.7,35.1,34.7,34.8,0,0
DGE_PE,D,20230703,000000,34.9,35.1,34.7,34.7,0,0
DGE_PE,D,20230704,000000,34.7,34.7,34.7,34.7,0,0
DGE_PE,D,20230705,000000,34.7,35.1,34.4,34.4,0,0
DGE_PE,D,20230706,000000,34.4,34.7,34.3,34.4,0,0
DGE_PE,D,20230707,000000,34.4,34.6,32.6,33.9,0,0
DGE_PE,D,20230710,000000,33.9,35.6,33.9,35.5,0,0
DGE_PE,D,20230711,000000,35.5,37.1,35.5,36.5,0,0
DGE_PE,D,20230712,000000,36.5,38.2,36.5,37.9,0,0
DGE_PE,D,20230713,000000,38.1,38.1,36.7,38,0,0
DGE_PE,D,20230714,000000,38,41.7,38,40.8,0,0
DGE_PE,D,20230717,000000,40.7,43.4,40.7,42,0,0
DGE_PE,D,20230718,000000,42.3,42.5,41.3,42.3,0,0
DGE_PE,D,20230719,000000,41.8,42.4,41.3,42,0,0
DGE_PE,D,20230720,000000,42,42,41,41.1,0,0
DGE_PE,D,20230721,000000,41.8,43.2,41.7,42.4,0,0
DGE_PE,D,20230724,000000,42.5,42.5,41.4,42.1,0,0
DGE_PE,D,20230725,000000,42.1,42.1,41.2,41.8,0,0
DGE_PE,D,20230726,000000,41.9,42.5,41.3,41.3,0,0
DGE_PE,D,20230727,000000,41.6,41.6,40.9,41,0,0
DGE_PE,D,20230728,000000,41.3,42,41.2,41.2,0,0
DGE_PE,D,20230731,000000,41.9,44.2,41.9,43.9,0,0
DGE_PE,D,20230801,000000,44.2,47.4,44.2,45.7,0,0
DGE_PE,D,20230802,000000,45.9,47.6,44.3,45.3,0,0
DGE_PE,D,20230803,000000,45.5,46,43.6,43.6,0,0
DGE_PE,D,20230804,000000,43,44.815,43,44.3,0,0
DGE_PE,D,20230807,000000,44.997,46.56,43.954,44.6,0,0
DGE_PE,D,20230808,000000,45.119,46.9,44.772,46.9,0,0
DGE_PE,D,20230809,000000,47.768,49.331,45.684,45.7,0,0
DGE_PE,D,20230810,000000,45.873,49.348,45.873,47.2,0,0
DGE_PE,D,20230811,000000,46.855,48.8,45.119,48.8,0,0
DGE_PE,D,20230814,000000,49.323,50.017,47.412,48.3,0,0
DGE_PE,D,20230816,000000,47.78,47.78,44.305,45.7,0,0
DGE_PE,D,20230817,000000,45.526,45.526,43.962,45,0,0
DGE_PE,D,20230818,000000,45,47.433,45,47.4,0,0
DGE_PE,D,20230821,000000,47.226,47.226,41.4,41.4,0,0
DGE_PE,D,20230822,000000,40.772,40.8,39.517,40.8,0,0
DGE_PE,D,20230823,000000,40.8,41.6,39.702,41.6,0,0
DGE_PE,D,20230824,000000,39.717,39.9,39.246,39.9,0,0
DGE_PE,D,20230825,000000,39.271,40.371,38.9,38.9,0,0
DGE_PE,D,20230828,000000,38.899,39.7,38.899,39.7,0,0
DGE_PE,D,20230829,000000,39.385,39.9,39.228,39.9,0,0
DGE_PE,D,20230830,000000,39.585,39.585,38.014,39.2,0,0
DGE_PE,D,20230831,000000,39.2,39.2,35.045,36.2,0,0
DGE_PE,D,20230901,000000,35.885,35.885,34.629,35.6,0,0
DGE_PE,D,20230904,000000,35.599,35.678,34.737,35.3,0,0
DGE_PE,D,20230905,000000,35.143,37.418,35.143,37.3,0,0
DGE_PE,D,20230906,000000,37.22,37.22,36.2,36.2,0,0
DGE_PE,D,20230907,000000,36.201,37.142,35.653,36.4,0,0
DGE_PE,D,20230908,000000,35.852,37.028,35.773,37,0,0
DGE_PE,D,20230911,000000,36.999,37.156,36.137,36.5,0,0
DGE_PE,D,20230912,000000,36.499,37.049,35.793,36.6,0,0
DGE_PE,D,20230913,000000,36.522,40.528,36.522,39.7,0,0
DGE_PE,D,20230914,000000,38.443,40.013,38.443,39.2,0,0
DGE_PE,D,20230915,000000,39.514,40.8,39.514,40.8,0,0
DGE_PE,D,20230918,000000,40.643,40.643,40.016,40.3,0,0
DGE_PE,D,20230919,000000,40.458,43.124,40.458,40.6,0,0
DGE_PE,D,20230920,000000,41.853,43.107,41.853,42.1,0,0
DGE_PE,D,20230921,000000,42.099,42.256,41.1,41.1,0,0
DGE_PE,D,20230922,000000,41.101,41.415,40.317,41.1,0,0
DGE_PE,D,20230925,000000,42.513,42.513,41.258,41.4,0,0
DGE_PE,D,20230926,000000,41.242,42.34,40.458,40.5,0,0
DGE_PE,D,20230927,000000,40.499,43.168,40.499,43,0,0
DGE_PE,D,20230928,000000,41.745,43.158,41.431,42.8,0,0
DGE_PE,D,20230929,000000,42.957,43.2,42.016,43.2,0,0
DGE_PE,D,20231002,000000,43.202,43.202,41.788,42.8,0,0
DGE_PE,D,20231003,000000,42.173,42.5,42.173,42.5,0,0
DGE_PE,D,20231004,000000,42.813,42.813,41.559,41.7,0,0
DGE_PE,D,20231005,000000,41.856,43.8,41.856,43.8,0,0
DGE_PE,D,20231006,000000,43.642,44.741,41.601,43.6,0,0
DGE_PE,D,20231009,000000,43.758,46.11,43.758,44.7,0,0
DGE_PE,D,20231010,000000,45.483,45.483,42.974,43.9,0,0
DGE_PE,D,20231011,000000,43.901,44.685,43.587,43.6,0,0
DGE_PE,D,20231012,000000,44.699,44.699,41.876,41.9,0,0
DGE_PE,D,20231013,000000,42.997,43.939,42.84,43,0,0
DGE_PE,D,20231016,000000,42.687,44.727,42.53,44.7,0,0
DGE_PE,D,20231017,000000,44.542,44.699,44.385,44.4,0,0
DGE_PE,D,20231018,000000,44.085,44.713,41.732,43.5,0,0
DGE_PE,D,20231019,000000,42.399,42.4,41.143,42.4,0,0
DGE_PE,D,20231020,000000,41.457,41.771,41.143,41.7,0,0
DGE_PE,D,20231023,000000,41.699,41.699,38.094,38.1,0,0
DGE_PE,D,20231024,000000,38.492,40.608,38.4,38.4,0,0
DGE_PE,D,20231025,000000,41.536,43.103,40.752,42.5,0,0
DGE_PE,D,20231026,000000,42.813,43.127,40.775,40.8,0,0
DGE_PE,D,20231027,000000,42.683,42.84,40.8,40.8,0,0
DGE_PE,D,20231030,000000,40.8,44.723,40.8,44.7,0,0
DGE_PE,D,20231031,000000,44.699,46.6,43.915,46.6,0,0
DGE_PE,D,20231102,000000,47.07,49.11,45.187,46.3,0,0
DGE_PE,D,20231103,000000,46.928,46.928,43.946,44.7,0,0
DGE_PE,D,20231106,000000,45.013,49.247,44.856,47.9,0,0
DGE_PE,D,20231107,000000,49.156,49.156,45.858,46.1,0,0
DGE_PE,D,20231108,000000,46.1,46.1,43.904,44.3,0,0
DGE_PE,D,20231109,000000,44.458,45.401,43.6,43.6,0,0
DGE_PE,D,20231110,000000,44.856,45.954,43.601,44.6,0,0
DGE_PE,D,20231113,000000,44.601,47.742,44.601,44.7,0,0
DGE_PE,D,20231114,000000,44.072,45.954,43.601,45.7,0,0
DGE_PE,D,20231115,000000,45.387,46.486,44.759,45.2,0,0
DGE_PE,D,20231116,000000,45.201,45.515,41.748,42.2,0,0
DGE_PE,D,20231117,000000,42.984,43.925,42.356,43.6,0,0
DGE_PE,D,20231120,000000,42.033,43.444,42.033,43.2,0,0
DGE_PE,D,20231121,000000,43.202,43.516,42.1,42.1,0,0
DGE_PE,D,20231122,000000,42.099,43.041,41.47,42.4,0,0
DGE_PE,D,20231123,000000,42.399,44.755,40.044,40.5,0,0
DGE_PE,D,20231124,000000,42.226,42.383,40.6,40.6,0,0
DGE_PE,D,20231127,000000,41.696,41.853,40.129,41.6,0,0
DGE_PE,D,20231128,000000,41.601,43.171,39.717,42.7,0,0
DGE_PE,D,20231129,000000,40.973,43.014,40.8,40.8,0,0
DGE_PE,D,20231130,000000,40.8,42.683,40.8,42.2,0,0
DGE_PE,D,20231201,000000,41.729,42.827,38.1,38.1,0,0
DGE_PE,D,20231204,000000,41.252,41.252,37.2,37.2,0,0
DGE_PE,D,20231205,000000,38.775,38.918,37.631,38,0,0
DGE_PE,D,20231206,000000,38.718,38.861,36.997,37.2,0,0
DGE_PE,D,20231207,000000,37.201,38.203,37.201,38.2,0,0
DGE_PE,D,20231208,000000,38.772,40.06,38.629,39.2,0,0
DGE_PE,D,20231211,000000,38.627,39.914,38.627,39.7,0,0
DGE_PE,D,20231212,000000,39.699,39.699,38.123,39.2,0,0
DGE_PE,D,20231213,000000,38.054,39.199,37.911,38.4,0,0
DGE_PE,D,20231214,000000,38.401,40,38.401,40,0,0
DGE_PE,D,20231215,000000,39.857,40.143,38.996,40.1,0,0
DGE_PE,D,20231218,000000,40.1,40.1,38.095,38.1,0,0
DGE_PE,D,20231219,000000,39.82,40.249,39.39,39.8,0,0
DGE_PE,D,20231220,000000,39.8,41.518,39.656,40.8,0,0
DGE_PE,D,20231221,000000,41.371,41.371,39.51,41.1,0,0
DGE_PE,D,20231222,000000,39.954,41.1,38.665,41,0,0
DGE_PE,D,20231227,000000,40.857,41.001,38.7,38.7,0,0
DGE_PE,D,20231228,000000,39.705,40.278,38.845,40.2,0,0
DGE_PE,D,20231229,000000,39.056,41.5,39.056,41.5,0,0
DGE_PE,D,20240102,000000,42.931,42.931,41.5,42.1,0,0
DGE_PE,D,20240103,000000,41.526,42.099,40.81,41.5,0,0
DGE_PE,D,20240104,000000,41.357,41.5,40.641,41.5,0,0
DGE_PE,D,20240105,000000,39.496,43,39.496,43,0,0
DGE_PE,D,20240108,000000,41.568,43.002,41.4,41.4,0,0
DGE_PE,D,20240109,000000,42.834,42.834,41.401,42.1,0,0
DGE_PE,D,20240110,000000,41.67,41.7,41.383,41.7,0,0
DGE_PE,D,20240111,000000,41.843,42.273,40.2,40.2,0,0
DGE_PE,D,20240112,000000,41.774,41.8,40.773,41.8,0,0
DGE_PE,D,20240115,000000,41.801,41.801,41.371,41.7,0,0
DGE_PE,D,20240116,000000,41.7,41.7,39.693,40.4,0,0
DGE_PE,D,20240117,000000,40.831,41.691,40.115,40.7,0,0
DGE_PE,D,20240118,000000,41.702,41.846,39.983,40.2,0,0
DGE_PE,D,20240119,000000,40.057,40.057,38.34,38.4,0,0
DGE_PE,D,20240122,000000,38.401,39.691,37.684,37.7,0,0
DGE_PE,D,20240123,000000,37.701,39.708,37.701,39.4,0,0
DGE_PE,D,20240124,000000,40.691,41.264,39.401,41.1,0,0
DGE_PE,D,20240125,000000,41.1,41.673,39.8,39.8,0,0
DGE_PE,D,20240126,000000,40.802,40.945,39.37,40.1,0,0
DGE_PE,D,20240129,000000,40.1,42,40.1,42,0,0
DGE_PE,D,20240130,000000,37.844,38.417,34.117,36.7,0,0
DGE_PE,D,20240131,000000,35.84,36.987,33.2,33.2,0,0
DGE_PE,D,20240201,000000,32.556,34.273,32.198,32.9,0,0
DGE_PE,D,20240202,000000,33.615,37,32.184,37,0,0
DGE_PE,D,20240205,000000,38.147,39.438,36.5,36.5,0,0
DGE_PE,D,20240206,000000,37.93,39.934,37.358,39.8,0,0
DGE_PE,D,20240207,000000,39.943,39.943,37.652,38,0,0
DGE_PE,D,20240208,000000,39.005,39.005,37.2,37.2,0,0
DGE_PE,D,20240209,000000,38.203,38.203,36.2,36.2,0,0
DGE_PE,D,20240212,000000,36.343,37.344,35.77,36.4,0,0
DGE_PE,D,20240213,000000,35.827,37.26,34.5,34.5,0,0
DGE_PE,D,20240214,000000,36.218,37.936,35.001,36.2,0,0
DGE_PE,D,20240215,000000,35.198,37.058,35.198,36.7,0,0
DGE_PE,D,20240216,000000,36.7,36.843,35.195,36.4,0,0
DGE_PE,D,20240219,000000,36.4,36.4,34.394,34.4,0,0
DGE_PE,D,20240220,000000,34.401,35.835,34.4,34.4,0,0
DGE_PE,D,20240221,000000,36.044,36.044,34.542,35.8,0,0
DGE_PE,D,20240222,000000,36.088,36.088,34.512,34.6,0,0
DGE_PE,D,20240223,000000,34.599,36.533,34.097,36.5,0,0
DGE_PE,D,20240226,000000,34.424,36.356,33.923,34.4,0,0
DGE_PE,D,20240227,000000,34.399,35.329,34.113,34.6,0,0
DGE_PE,D,20240228,000000,35.745,36.103,35.1,35.1,0,0
DGE_PE,D,20240229,000000,35.387,37.106,35.244,36.2,0,0
DGE_PE,D,20240301,000000,35.413,36.2,34.697,35.8,0,0
DGE_PE,D,20240304,000000,34.727,35.085,33.582,34.298,0,0
DGE_PE,D,20240305,000000,33.868,33.868,32.579,33.1,0,0
DGE_PE,D,20240306,000000,32.956,32.956,29.804,30,0,0
DGE_PE,D,20240307,000000,25.131,25.131,21.98,22,0,0
DGE_PE,D,20240308,000000,21.856,21.999,19.4,19.4,0,0
DGE_PE,D,20240311,000000,20.259,20.617,19.185,19.3,0,0
DGE_PE,D,20240312,000000,19.871,20.1,19.299,20.1,0,0
DGE_PE,D,20240313,000000,20.101,21.106,20.101,20.7,0,0
DGE_PE,D,20240314,000000,21.059,21.202,20.557,20.8,0,0
DGE_PE,D,20240315,000000,21.158,21.158,19.728,20.372,0,0
DGE_PE,D,20240318,000000,20.229,20.372,20.014,20.3,0,0
DGE_PE,D,20240319,000000,20.372,20.443,20.014,20.3,0,0
DGE_PE,D,20240320,000000,20.73,21.017,20.3,21,0,0
DGE_PE,D,20240321,000000,21.072,21.3,20.571,21.3,0,0
DGE_PE,D,20240322,000000,20.582,21.013,20.2,20.2,0,0
DGE_PE,D,20240325,000000,20.201,20.201,18.266,18.5,0,0
DGE_PE,D,20240326,000000,18.428,18.428,17.066,17.2,0,0
DGE_PE,D,20240327,000000,17.201,17.774,17.057,17.4,0,0
DGE_PE,D,20240328,000000,17.757,17.829,17.3,17.3,0,0
DGE_PE,D,20240402,000000,17.729,17.944,17.301,17.7,0,0
DGE_PE,D,20240403,000000,17.413,17.843,16.768,17,0,0
DGE_PE,D,20240404,000000,17.359,18.291,17.072,17.8,0,0
DGE_PE,D,20240405,000000,18.158,18.23,17.943,18.1,0,0
DGE_PE,D,20240408,000000,18.1,19.173,17.814,19.1,0,0
DGE_PE,D,20240409,000000,18.17,18.9,18.027,18.9,0,0
DGE_PE,D,20240410,000000,18.614,18.614,17.898,18.5,0,0
DGE_PE,D,20240411,000000,18.5,18.5,17.6,17.6,0,0
DGE_PE,D,20240412,000000,18.101,18.101,17.1,17.1,0,0
DGE_PE,D,20240415,000000,17.457,17.6,17.171,17.3,0,0
DGE_PE,D,20240416,000000,17.228,17.587,15.649,17,0,0
DGE_PE,D,20240417,000000,17,17,16.498,17,0,0
DGE_PE,D,20240418,000000,16.642,17,16.642,17,0,0
DGE_PE,D,20240419,000000,16.857,17.144,16.642,17.1,0,0
DGE_PE,D,20240422,000000,17.171,20.033,17.171,19.4,0,0
DGE_PE,D,20240423,000000,19.472,19.7,19.114,19.7,0,0
DGE_PE,D,20240424,000000,19.701,19.844,18.626,19.5,0,0
DGE_PE,D,20240425,000000,18.639,19.069,17.922,18,0,0
DGE_PE,D,20240426,000000,17.929,18.503,17.714,18.3,0,0
DGE_PE,D,20240429,000000,18.516,18.588,17.296,17.3,0,0
DGE_PE,D,20240430,000000,17.801,18.015,17.372,17.8,0,0
DGE_PE,D,20240502,000000,17.799,17.871,17.225,17.656,0,0
DGE_PE,D,20240506,000000,17.943,19.6,17.297,19.6,0,0
DGE_PE,D,20240507,000000,19.292,19.292,18.829,19.2,0,0
DGE_PE,D,20240508,000000,19.2,19.2,17.735,18.3,0,0
DGE_PE,D,20240509,000000,18.531,18.917,17.296,17.4,0,0
DGE_PE,D,20240510,000000,17.938,18.092,17.091,17.6,0,0
DGE_PE,D,20240513,000000,17.293,17.754,17.293,17.4,0,0
DGE_PE,D,20240514,000000,17.245,18.092,17.091,18,0,0
DGE_PE,D,20240515,000000,18,18,17.462,17.9,0,0
DGE_PE,D,20240516,000000,17.514,17.9,17.128,17.2,0,0
DGE_PE,D,20240517,000000,17.663,17.971,17.123,17.6,0,0
DGE_PE,D,20240520,000000,17.599,18.603,17.291,18.1,0,0
DGE_PE,D,20240521,000000,18.64,19.256,18.178,18.5,0,0
DGE_PE,D,20240522,000000,19.04,19.271,18.6,18.6,0,0
DGE_PE,D,20240523,000000,19.138,19.215,18.6,18.9,0,0
DGE_PE,D,20240524,000000,18.514,20.366,18.514,20.2,0,0
DGE_PE,D,20240527,000000,20.355,20.355,18.89,18.9,0,0
DGE_PE,D,20240528,000000,18.977,19.3,18.977,19.3,0,0
DGE_PE,D,20240529,000000,19.146,19.301,18.529,19.3,0,0
DGE_PE,D,20240531,000000,18.837,19.609,18.837,19.5,0,0
DGE_PE,D,20240603,000000,19.346,19.501,18.6,18.6,0,0
DGE_PE,D,20240604,000000,18.677,19.138,18.6,18.6,0,0
DGE_PE,D,20240605,000000,18.984,18.984,16.1,16.1,0,0
DGE_PE,D,20240606,000000,16.1,16.4,16.1,16.4,0,0
DGE_PE,D,20240607,000000,16.4,16.4,15.997,16.4,0,0
DGE_PE,D,20240610,000000,16.131,16.467,15.7,15.7,0,0
DGE_PE,D,20240611,000000,16.371,16.371,14.761,15,0,0
DGE_PE,D,20240612,000000,15.134,15.471,14.798,15.3,0,0
DGE_PE,D,20240613,000000,15.367,15.8,15.367,15.8,0,0
DGE_PE,D,20240614,000000,15.733,16.002,15.397,15.7,0,0
DGE_PE,D,20240617,000000,15.7,16.17,15.365,15.4,0,0
DGE_PE,D,20240618,000000,16.003,16.137,15.199,15.936,0,0
DGE_PE,D,20240619,000000,15.936,16.6,15.936,16.6,0,0
DGE_PE,D,20240620,000000,16.398,16.935,15.7,15.7,0,0
DGE_PE,D,20240621,000000,15.7,16.371,14.895,15.5,0,0
DGE_PE,D,20240624,000000,15.433,15.903,15.433,15.9,0,0
DGE_PE,D,20240625,000000,15.9,15.9,15.028,15.6,0,0
DGE_PE,D,20240626,000000,15.6,16.336,15.466,16,0,0
DGE_PE,D,20240627,000000,15.397,16,15.397,16,0,0
DGE_PE,D,20240628,000000,16,16.134,15.395,16,0,0
DGE_PE,D,20240701,000000,15.999,16.334,15.397,16.2,0,0
DGE_PE,D,20240702,000000,16.132,16.2,15.393,16,0,0
DGE_PE,D,20240703,000000,15.397,15.8,15.263,15.8,0,0
DGE_PE,D,20240704,000000,15.8,16.271,15.464,16.1,0,0
DGE_PE,D,20240705,000000,15.563,16.234,15.563,16.2,0,0
DGE_PE,D,20240708,000000,16.2,16.2,15.598,16.2,0,0
DGE_PE,D,20240709,000000,15.732,16.2,15.665,16.2,0,0
DGE_PE,D,20240710,000000,15.799,15.9,15.464,15.9,0,0
DGE_PE,D,20240711,000000,16.168,16.906,15.296,15.8,0,0
DGE_PE,D,20240712,000000,15.8,16.7,15.602,16.7,0,0
DGE_PE,D,20240715,000000,16.164,16.432,16.097,16.4,0,0
DGE_PE,D,20240716,000000,16.467,16.467,15.795,16.3,0,0
DGE_PE,D,20240717,000000,15.965,16.434,15.763,16.4,0,0
DGE_PE,D,20240718,000000,15.931,15.931,15.731,15.8,0,0
DGE_PE,D,20240719,000000,15.733,15.733,14.792,15.4,0,0
DGE_PE,D,20240722,000000,15.4,15.4,14.061,14.5,0,0
DGE_PE,D,20240723,000000,14.567,15.171,14.567,15.1,0,0
DGE_PE,D,20240724,000000,15.167,15.234,14.6,14.6,0,0
DGE_PE,D,20240725,000000,15.269,15.269,14.332,14.8,0,0
DGE_PE,D,20240726,000000,15.135,15.135,13.662,14.3,0,0
DGE_PE,D,20240729,000000,14.367,14.8,14.166,14.8,0,0
DGE_PE,D,20240730,000000,14.329,14.8,13.858,14.1,0,0
DGE_PE,D,20240731,000000,14.435,14.435,13.63,14.1,0,0
DGE_PE,D,20240801,000000,14.1,14.6,14.1,14.6,0,0
DGE_PE,D,20240802,000000,14.465,14.465,14.129,14.2,0,0
DGE_PE,D,20240805,000000,13.731,14.601,13.463,14,0,0
DGE_PE,D,20240806,000000,14.067,14.602,14.067,14.6,0,0
DGE_PE,D,20240807,000000,14.6,15.2,14.265,15.2,0,0
DGE_PE,D,20240808,000000,15.2,15.268,15.2,15.2,0,0
DGE_PE,D,20240809,000000,15.2,15.4,15.2,15.4,0,0
DGE_PE,D,20240812,000000,15.131,15.131,14.257,14.9,0,0
DGE_PE,D,20240813,000000,14.9,14.9,14.9,14.9,0,0
DGE_PE,D,20240814,000000,14.967,14.967,14.296,14.7,0,0
DGE_PE,D,20240816,000000,14.7,14.8,14.297,14.8,0,0
DGE_PE,D,20240819,000000,14.8,14.867,14.06,14.4,0,0
DGE_PE,D,20240820,000000,14.131,14.266,13.929,14.1,0,0
DGE_PE,D,20240821,000000,14.301,14.57,14.301,14.4,0,0
DGE_PE,D,20240822,000000,13.931,14.333,13.864,14.2,0,0
DGE_PE,D,20240823,000000,14.2,14.2,13.932,14.1,0,0
DGE_PE,D,20240826,000000,14.1,14.1,13.831,14.1,0,0
DGE_PE,D,20240827,000000,13.764,14.234,13.63,14.2,0,0
DGE_PE,D,20240828,000000,14.2,14.401,14.2,14.4,0,0
DGE_PE,D,20240829,000000,14.4,14.6,14.4,14.6,0,0
DGE_PE,D,20240830,000000,14.6,15.1,14.064,15.1,0,0
DGE_PE,D,20240902,000000,14.965,14.965,14.16,14.697,0,0
DGE_PE,D,20240903,000000,14.697,14.7,14.16,14.7,0,0
DGE_PE,D,20240904,000000,14.633,14.7,14.163,14.6,0,0
DGE_PE,D,20240905,000000,14.6,14.735,14.4,14.4,0,0
DGE_PE,D,20240906,000000,14.4,14.667,14.132,14.6,0,0
DGE_PE,D,20240909,000000,14.6,14.666,14.131,14.6,0,0
DGE_PE,D,20240910,000000,14.332,14.6,14.332,14.6,0,0
DGE_PE,D,20240911,000000,14.332,14.4,14.064,14.4,0,0
DGE_PE,D,20240912,000000,14.4,15.073,14.4,15,0,0
DGE_PE,D,20240913,000000,14.394,14.932,14.394,14.9,0,0
DGE_PE,D,20240916,000000,14.296,15.035,14.296,15,0,0
DGE_PE,D,20240917,000000,14.398,15,14.331,15,0,0
DGE_PE,D,20240918,000000,14.394,15,14.394,15,0,0
DGE_PE,D,20240919,000000,14.394,14.932,14.327,14.6,0,0
DGE_PE,D,20240920,000000,14.6,15,14.6,15,0,0
DGE_PE,D,20240923,000000,14.394,14.865,14.125,14.8,0,0
DGE_PE,D,20240924,000000,14.265,14.733,14.064,14.7,0,0
DGE_PE,D,20240925,000000,14.163,14.364,13.089,14,0,0
DGE_PE,D,20240926,000000,13.529,14.337,13.327,14,0,0
DGE_PE,D,20240927,000000,14,14.269,13.596,14.2,0,0
DGE_PE,D,20240930,000000,13.597,14.2,13.463,14.2,0,0
DGE_PE,D,20241001,000000,14.2,15.137,14.2,15,0,0
DGE_PE,D,20241002,000000,14.666,14.799,14.197,14.6,0,0
DGE_PE,D,20241003,000000,14.735,14.735,7.8,7.8,0,0
DGE_PE,D,20241004,000000,8.173,8.173,7.8,8.1,0,0
DGE_PE,D,20241007,000000,7.803,8.471,7.803,7.9,0,0
DGE_PE,D,20241008,000000,7.9,8.345,7.492,8.3,0,0
DGE_PE,D,20241009,000000,8.151,8.3,7.891,8.3,0,0
DGE_PE,D,20241010,000000,8.3,8.3,8.3,8.3,0,0
DGE_PE,D,20241011,000000,7.964,8.2,7.889,8.2,0,0
DGE_PE,D,20241014,000000,8.2,8.238,7.9,7.9,0,0
DGE_PE,D,20241015,000000,8.086,8.161,7.826,8.1,0,0
DGE_PE,D,20241016,000000,8.137,8.137,7.728,8.1,0,0
DGE_PE,D,20241017,000000,7.875,8.175,7.875,8.1,0,0
DGE_PE,D,20241018,000000,7.84,8.1,7.803,8.1,0,0
DGE_PE,D,20241021,000000,8.062,8.062,7.875,8,0,0
DGE_PE,D,20241022,000000,7.85,8,7.701,7.8,0,0
DGE_PE,D,20241023,000000,7.725,7.95,7.612,7.9,0,0
DGE_PE,D,20241024,000000,7.788,7.8,7.639,7.8,0,0
DGE_PE,D,20241025,000000,7.8,7.8,7.501,7.6,0,0
DGE_PE,D,20241028,000000,7.675,7.787,7.488,7.5,0,0
DGE_PE,D,20241029,000000,7.612,7.687,7.3,7.3,0,0
DGE_PE,D,20241030,000000,7.319,7.69,7.281,7.6,0,0
DGE_PE,D,20241031,000000,7.451,7.6,7.283,7.6,0,0
DGE_PE,D,20241104,000000,7.488,7.8,7.488,7.8,0,0
DGE_PE,D,20241105,000000,7.8,7.837,7.725,7.8,0,0
DGE_PE,D,20241106,000000,7.8,7.837,7.8,7.8,0,0
DGE_PE,D,20241107,000000,7.949,7.987,7.688,7.9,0,0
DGE_PE,D,20241108,000000,7.9,8.1,7.9,8.1,0,0
DGE_PE,D,20241112,000000,7.988,8.2,7.988,8.2,0,0
DGE_PE,D,20241113,000000,8.237,8.3,8.2,8.3,0,0
DGE_PE,D,20241114,000000,8.3,8.3,8.038,8.2,0,0
DGE_PE,D,20241115,000000,8.163,8.237,8.163,8.2,0,0
DGE_PE,D,20241118,000000,8.163,8.2,8.126,8.2,0,0
DGE_PE,D,20241119,000000,8.163,8.2,8.013,8.2,0,0
DGE_PE,D,20241120,000000,7.938,8.2,7.938,8.2,0,0
DGE_PE,D,20241121,000000,7.938,8.2,7.863,8.2,0,0
DGE_PE,D,20241122,000000,7.901,7.901,7.526,7.7,0,0
DGE_PE,D,20241125,000000,7.7,8.111,7.7,8.1,0,0
DGE_PE,D,20241126,000000,8.175,8.175,7.9,7.9,0,0
DGE_PE,D,20241127,000000,7.9,8.123,7.789,7.8,0,0
DGE_PE,D,20241128,000000,7.8,8.1,7.8,8.1,0,0
DGE_PE,D,20241129,000000,8.1,8.287,8.1,8.2,0,0
DGE_PE,D,20241202,000000,7.792,7.94,7.495,7.6,0,0
DGE_PE,D,20241203,000000,7.861,7.861,6.5,6.5,0,0
DGE_PE,D,20241204,000000,6.468,6.7,6.436,6.7,0,0
DGE_PE,D,20241205,000000,6.538,7.056,6.538,6.8,0,0
DGE_PE,D,20241209,000000,6.736,6.736,6.542,6.7,0,0
DGE_PE,D,20241210,000000,6.54,6.7,6.411,6.7,0,0
DGE_PE,D,20241211,000000,6.57,6.732,6.441,6.6,0,0
DGE_PE,D,20241212,000000,6.6,6.6,6.278,6.5,0,0
DGE_PE,D,20241213,000000,6.292,6.6,6.292,6.6,0,0
DGE_PE,D,20241216,000000,6.632,6.7,6.344,6.7,0,0
DGE_PE,D,20241217,000000,6.473,6.538,6.473,6.5,0,0
DGE_PE,D,20241218,000000,6.564,6.597,5.953,6.4,0,0
DGE_PE,D,20241219,000000,6.498,6.498,6.4,6.4,0,0
DGE_PE,D,20241220,000000,6.207,6.32,6,6,0,0
DGE_PE,D,20241223,000000,6,6.289,5.775,6.1,0,0
DGE_PE,D,20241227,000000,5.759,6.327,5.678,6.2,0,0
DGE_PE,D,20241230,000000,5.959,6.2,5.959,6.2,0,0
DGE_PE,D,20250102,000000,6.281,6.281,6.006,6.2,0,0
DGE_PE,D,20250103,000000,6.232,6.249,6.2,6.2,0,0
DGE_PE,D,20250107,000000,6.2,6.4,6.152,6.4,0,0
DGE_PE,D,20250108,000000,6.303,6.723,6.303,6.7,0,0
DGE_PE,D,20250109,000000,6.636,6.636,6.6,6.6,0,0
DGE_PE,D,20250110,000000,6.568,6.568,6.28,6.3,0,0
DGE_PE,D,20250113,000000,6.557,6.557,6.316,6.5,0,0
DGE_PE,D,20250114,000000,6.5,6.533,6.5,6.5,0,0
DGE_PE,D,20250115,000000,6.354,6.7,6.338,6.7,0,0
DGE_PE,D,20250116,000000,6.506,6.635,6.295,6.5,0,0
DGE_PE,D,20250117,000000,6.468,6.8,6.468,6.8,0,0
DGE_PE,D,20250120,000000,6.8,6.865,6.395,6.7,0,0
DGE_PE,D,20250121,000000,6.411,6.8,6.411,6.8,0,0
DGE_PE,D,20250122,000000,6.476,6.93,6.331,6.9,0,0
DGE_PE,D,20250123,000000,6.9,6.932,6.803,6.9,0,0
DGE_PE,D,20250124,000000,6.868,6.932,6.674,6.9,0,0
DGE_PE,D,20250127,000000,6.836,6.868,6.7,6.7,0,0
DGE_PE,D,20250128,000000,6.7,6.9,6.7,6.9,0,0
DGE_PE,D,20250129,000000,6.739,6.8,6.642,6.8,0,0
DGE_PE,D,20250130,000000,6.671,6.8,6.671,6.7,0,0
DGE_PE,D,20250131,000000,6.572,6.7,6.54,6.7,0,0
DGE_PE,D,20250203,000000,6.7,6.829,6.507,6.7,0,0
DGE_PE,D,20250204,000000,6.572,6.732,6.572,6.7,0,0
DGE_PE,D,20250205,000000,6.572,6.7,6.363,6.7,0,0
DGE_PE,D,20250206,000000,6.7,7.245,6.7,7,0,0
DGE_PE,D,20250207,000000,6.903,7.2,6.774,7.2,0,0
DGE_PE,D,20250210,000000,7.2,7.6,7.2,7.6,0,0
DGE_PE,D,20250211,000000,7.6,7.6,7.244,7.6,0,0
DGE_PE,D,20250212,000000,7.535,7.988,7.083,7.3,0,0
DGE_PE,D,20250213,000000,7.075,7.332,7.075,7.3,0,0
DGE_PE,D,20250214,000000,7.332,7.4,7.332,7.4,0,0
DGE_PE,D,20250217,000000,7.27,7.367,7.27,7.3,0,0
DGE_PE,D,20250218,000000,7.3,7.3,7.075,7.2,0,0
DGE_PE,D,20250219,000000,7.2,7.2,6.782,7.1,0,0
DGE_PE,D,20250220,000000,7.197,7.326,7.1,7.3,0,0
DGE_PE,D,20250221,000000,7.138,7.268,7.1,7.1,0,0
DGE_PE,D,20250224,000000,7.132,7.132,7.068,7.1,0,0
DGE_PE,D,20250225,000000,7.132,7.132,6.97,7.1,0,0
DGE_PE,D,20250226,000000,7.1,7.229,7.1,7.2,0,0
DGE_PE,D,20250227,000000,7.168,7.168,6.973,7.1,0,0
DGE_PE,D,20250228,000000,7.165,7.423,7.165,7.4,0,0
DGE_PE,D,20250303,000000,7.11,7.4,7.078,7.4,0,0
DGE_PE,D,20250304,000000,7.4,7.4,7.3,7.3,0,0
DGE_PE,D,20250305,000000,7.171,7.4,7.171,7.4,0,0
DGE_PE,D,20250306,000000,7.465,7.465,7.14,7.4,0,0
DGE_PE,D,20250307,000000,7.368,7.432,7.368,7.4,0,0
DGE_PE,D,20250310,000000,7.529,7.529,7.109,7.4,0,0
DGE_PE,D,20250311,000000,7.368,7.4,7.368,7.4,0,0
DGE_PE,D,20250312,000000,7.4,7.4,7.143,7.4,0,0
DGE_PE,D,20250313,000000,7.368,7.4,7.014,7.4,0,0
DGE_PE,D,20250314,000000,7.077,7.4,7.077,7.4,0,0
DGE_PE,D,20250317,000000,7.141,7.4,7.141,7.4,0,0
DGE_PE,D,20250318,000000,7.368,7.4,7.238,7.4,0,0
DGE_PE,D,20250319,000000,7.432,7.432,7.4,7.4,0,0
DGE_PE,D,20250320,000000,7.239,8.043,7.239,7.5,0,0
DGE_PE,D,20250321,000000,7.759,8.05,7.5,7.6,0,0
DGE_PE,D,20250324,000000,7.535,7.6,7.5,7.5,0,0
DGE_PE,D,20250325,000000,7.5,7.6,7.306,7.6,0,0
DGE_PE,D,20250326,000000,7.341,7.503,7.309,7.5,0,0
DGE_PE,D,20250327,000000,7.338,7.468,7.274,7.4,0,0
DGE_PE,D,20250328,000000,7.4,7.432,7.3,7.3,0,0
DGE_PE,D,20250331,000000,7.3,7.5,7.3,7.5,0,0
DGE_PE,D,20250401,000000,7.5,7.5,7.306,7.5,0,0
DGE_PE,D,20250402,000000,7.5,7.5,7.274,7.5,0,0
DGE_PE,D,20250403,000000,7.338,7.435,7.338,7.435,0,0
DGE_PE,D,20250404,000000,7.305,7.305,7.2,7.2,0,0
DGE_PE,D,20250407,000000,7.103,7.297,6.716,6.716,0,0
DGE_PE,D,20250408,000000,6.587,6.619,6.167,6.6,0,0
DGE_PE,D,20250409,000000,6.439,6.793,6.342,6.7,0,0
DGE_PE,D,20250410,000000,6.7,7.053,6.604,7.053,0,0
DGE_PE,D,20250411,000000,7.053,7.1,7.053,7.1,0,0
DGE_PE,D,20250414,000000,7.1,7.293,6.7,6.7,0,0
DGE_PE,D,20250415,000000,6.7,7.312,6.7,7.3,0,0
DGE_PE,D,20250416,000000,6.945,7.1,6.751,7.1,0,0
DGE_PE,D,20250417,000000,6.841,7.003,6.808,7,0,0
DGE_PE,D,20250422,000000,7.194,7.292,6.806,7,0,0
DGE_PE,D,20250423,000000,6.775,7,6.711,7,0,0
DGE_PE,D,20250424,000000,6.968,6.968,6.774,6.9,0,0
DGE_PE,D,20250425,000000,6.9,7.3,6.9,7.3,0,0
DGE_PE,D,20250428,000000,7.268,7.3,6.813,7.3,0,0
DGE_PE,D,20250429,000000,6.976,7.365,6.976,7.1,0,0
DGE_PE,D,20250430,000000,7.1,7.1,7.1,7.1,0,0
DGE_PE,D,20250502,000000,7.229,7.326,7.003,7.3,0,0
DGE_PE,D,20250505,000000,7.203,7.203,6.6,6.6,0,0
DGE_PE,D,20250506,000000,6.6,6.84,6.6,6.8,0,0
DGE_PE,D,20250507,000000,6.621,6.8,6.502,6.8,0,0
DGE_PE,D,20250508,000000,6.8,6.8,6.651,6.8,0,0
DGE_PE,D,20250509,000000,6.8,6.8,6.651,6.8,0,0
DGE_PE,D,20250512,000000,6.83,6.83,6.353,6.6,0,0
DGE_PE,D,20250513,000000,6.51,6.63,6.42,6.6,0,0
DGE_PE,D,20250514,000000,6.391,6.54,6.391,6.5,0,0
DGE_PE,D,20250515,000000,6.352,6.411,6.233,6.4,0,0
DGE_PE,D,20250516,000000,6.43,6.43,6.281,6.4,0,0
DGE_PE,D,20250519,000000,6.4,6.4,6.281,6.4,0,0
DGE_PE,D,20250520,000000,6.4,6.4,6.221,6.4,0,0
DGE_PE,D,20250521,000000,6.4,6.821,6.4,6.64,0,0
DGE_PE,D,20250522,000000,6.761,7.422,6.61,7.3,0,0
DGE_PE,D,20250523,000000,7.152,7.508,6.706,7.4,0,0
DGE_PE,D,20250526,000000,7.4,7.5,7.4,7.5,0,0
DGE_PE,D,20250527,000000,7.5,7.5,7.05,7.4,0,0
DGE_PE,D,20250528,000000,7.103,7.4,7.103,7.4,0,0
DGE_PE,D,20250529,000000,6.984,7.3,6.984,7.3,0,0
DGE_PE,D,20250530,000000,7.001,7.3,6.821,7.3,0,0
DGE_PE,D,20250602,000000,6.851,7.7,6.761,7.7,0,0
DGE_PE,D,20250603,000000,7.533,7.7,7.499,7.7,0,0
DGE_PE,D,20250604,000000,7.533,7.734,7.265,7.7,0,0
DGE_PE,D,20250605,000000,7.633,7.7,7.633,7.7,0,0
DGE_PE,D,20250606,000000,7.667,7.7,7.265,7.7,0,0
DGE_PE,D,20250609,000000,7.7,7.7,7.332,7.5,0,0
DGE_PE,D,20250610,000000,7.5,7.6,7.5,7.6,0,0
DGE_PE,D,20250611,000000,7.6,7.6,7.433,7.6,0,0
DGE_PE,D,20250612,000000,7.6,7.6,7.3,7.3,0,0
DGE_PE,D,20250613,000000,7.3,7.567,7.267,7.3,0,0
DGE_PE,D,20250616,000000,7.267,7.3,7.134,7.2,0,0
DGE_PE,D,20250617,000000,7.167,7.434,7.167,7.4,0,0
DGE_PE,D,20250618,000000,7.3,7.5,7.3,7.5,0,0
DGE_PE,D,20250620,000000,7.4,7.4,7.033,7.3,0,0
DGE_PE,D,20250623,000000,7.167,7.4,7.167,7.4,0,0
DGE_PE,D,20250624,000000,7.4,7.4,7.4,7.4,0,0
DGE_PE,D,20250626,000000,7.4,7.4,7.4,7.4,0,0
DGE_PE,D,20250627,000000,7.4,7.4,7.4,7.4,0,0
DGE_PE,D,20250630,000000,7.267,7.3,7.267,7.3,0,0
DGE_PE,D,20250701,000000,7.233,7.3,7,7.3,0,0
DGE_PE,D,20250702,000000,7.133,7.2,7.133,7.2,0,0
DGE_PE,D,20250703,000000,7.234,7.3,7.234,7.3,0,0
DGE_PE,D,20250704,000000,7.3,7.333,7.133,7.3,0,0
DGE_PE,D,20250707,000000,7.2,7.233,7.133,7.2,0,0
DGE_PE,D,20250709,000000,7.067,7.1,7.067,7.1,0,0
DGE_PE,D,20250710,000000,7.067,7.2,7.067,7.2,0,0
DGE_PE,D,20250711,000000,7.133,7.4,7.133,7.4,0,0
DGE_PE,D,20250715,000000,7.4,7.4,7.101,7.4,0,0
DGE_PE,D,20250716,000000,7.267,7.3,7.267,7.3,0,0
DGE_PE,D,20250717,000000,7.133,7.3,7.1,7.3,0,0
DGE_PE,D,20250718,000000,7.133,7.501,7.133,7.5,0,0
DGE_PE,D,20250721,000000,7.333,7.366,7.199,7.3,0,0
DGE_PE,D,20250722,000000,7.134,7.3,7.101,7.3,0,0
DGE_PE,D,20250723,000000,7.134,7.3,6.968,7.3,0,0
DGE_PE,D,20250725,000000,7.101,7.3,7.035,7.3,0,0
DGE_PE,D,20250728,000000,7.033,7.233,7,7.2,0,0
DGE_PE,D,20250729,000000,6.968,7,6.669,7,0,0
DGE_PE,D,20250730,000000,6.8,7.467,6.8,7.3,0,0
DGE_PE,D,20250731,000000,7.3,7.3,6.968,7.3,0,0
DGE_PE,D,20250801,000000,7.2,7.2,6.769,7.1,0,0
DGE_PE,D,20250804,000000,6.833,7.133,6.833,7.1,0,0
DGE_PE,D,20250805,000000,7.067,7.067,6.8,7,0,0
DGE_PE,D,20250806,000000,6.801,7,6.801,7,0,0
DGE_PE,D,20250807,000000,6.833,7,6.633,6.9,0,0
DGE_PE,D,20250808,000000,6.9,6.933,6.7,6.9,0,0
DGE_PE,D,20250811,000000,6.701,6.9,6.635,6.9,0,0
DGE_PE,D,20250812,000000,6.9,6.9,6.667,6.9,0,0
DGE_PE,D,20250813,000000,6.733,6.9,6.682,6.7,0,0
DGE_PE,D,20250814,000000,6.717,6.717,6.6,6.6,0,0
DGE_PE,D,20250818,000000,6.633,6.9,6.633,6.9,0,0
DGE_PE,D,20250819,000000,6.7,6.9,6.667,6.9,0,0
DGE_PE,D,20250821,000000,6.699,6.7,6.548,6.7,0,0
DGE_PE,D,20250822,000000,6.7,6.7,6.7,6.7,0,0
DGE_PE,D,20250825,000000,6.7,6.7,6.549,6.7,0,0
DGE_PE,D,20250826,000000,6.633,6.733,6.549,6.7,0,0
DGE_PE,D,20250827,000000,6.533,6.867,6.483,6.8,0,0
DGE_PE,D,20250828,000000,6.667,6.667,6.468,6.5,0,0
DGE_PE,D,20250829,000000,6.5,6.9,6.5,6.9,0,0
DGE_PE,D,20250901,000000,6.548,6.867,6.465,6.8,0,0
DGE_PE,D,20250902,000000,6.55,6.7,6.55,6.7,0,0
DGE_PE,D,20250903,000000,6.583,6.767,6.465,6.7,0,0
DGE_PE,D,20250904,000000,6.467,6.7,6.467,6.7,0,0
DGE_PE,D,20250905,000000,6.482,6.717,6.482,6.6,0,0
DGE_PE,D,20250908,000000,6.6,6.733,6.45,6.6,0,0
DGE_PE,D,20250909,000000,6.6,6.616,6.434,6.6,0,0
DGE_PE,D,20250910,000000,6.633,6.8,6.5,6.8,0,0
DGE_PE,D,20250911,000000,6.8,6.867,6.582,6.8,0,0
DGE_PE,D,20250912,000000,6.8,7.202,6.381,6.8,0,0
DGE_PE,D,20250916,000000,6.701,6.833,6.6,6.6,0,0
DGE_PE,D,20250917,000000,7.363,7.429,6.965,7.4,0,0
DGE_PE,D,20250918,000000,7.566,7.732,6.969,7.7,0,0
DGE_PE,D,20250919,000000,7.7,7.7,7.164,7.5,0,0
DGE_PE,D,20250922,000000,7.5,7.5,7.135,7.5,0,0
DGE_PE,D,20250923,000000,7.5,7.8,7.467,7.8,0,0
DGE_PE,D,20250924,000000,7.567,7.667,7.567,7.6,0,0
DGE_PE,D,20250925,000000,7.5,7.5,7.003,7.1,0,0
DGE_PE,D,20250926,000000,7.233,7.6,7,7.6,0,0
DGE_PE,D,20250929,000000,7.6,7.6,7.167,7.3,0,0
DGE_PE,D,20250930,000000,7.702,7.702,7.3,7.3,0,0
DGE_PE,D,20251001,000000,7.467,7.702,7.467,7.7,0,0
DGE_PE,D,20251002,000000,7.399,7.7,7.365,7.7,0,0
DGE_PE,D,20251003,000000,7.432,9.5,7.432,9.5,0,0
DGE_PE,D,20251006,000000,9.5,9.5,9.259,9.5,0,0
DGE_PE,D,20251007,000000,9.5,10.144,9.46,10.1,0,0
DGE_PE,D,20251008,000000,10.504,12.7,10.221,12.7,0,0
DGE_PE,D,20251009,000000,14.237,14.965,12.862,13.2,0,0
DGE_PE,D,20251010,000000,13.2,13.643,12.476,13.2,0,0
DGE_PE,D,20251013,000000,13.524,13.564,13.038,13.2,0,0
DGE_PE,D,20251014,000000,13.643,13.643,12.838,13.5,0,0
DGE_PE,D,20251015,000000,12.813,13.419,12.813,13.3,0,0
DGE_PE,D,20251016,000000,12.897,13.139,12.575,12.6,0,0
DGE_PE,D,20251017,000000,12.156,12.519,11.792,12.5,0,0
DGE_PE,D,20251020,000000,12.621,13.714,12.621,13.7,0,0
DGE_PE,D,20251021,000000,13.7,13.7,12.932,13.7,0,0
DGE_PE,D,20251022,000000,13.7,13.7,12.811,13,0,0
DGE_PE,D,20251023,000000,12.96,13.525,12.919,13.3,0,0
DGE_PE,D,20251024,000000,13.3,13.542,13.138,13.3,0,0
DGE_PE,D,20251027,000000,13.179,13.3,12.1,12.1,0,0
DGE_PE,D,20251028,000000,12.02,13.109,11.657,12.1,0,0
DGE_PE,D,20251029,000000,12.302,12.302,11.536,12,0,0
DGE_PE,D,20251030,000000,12,12.846,11.436,12,0,0
DGE_PE,D,20251031,000000,11.959,11.959,11.148,11.716,0,0
DGE_PE,D,20251103,000000,11.473,12.284,11.473,12.1,0,0
DGE_PE,D,20251104,000000,12.06,12.141,9.801,10.4,0,0
DGE_PE,D,20251105,000000,10.44,10.562,10.117,10.4,0,0
DGE_PE,D,20251106,000000,10.4,10.521,9.874,10.2,0,0
DGE_PE,D,20251107,000000,10.24,11.611,10.24,11,0,0
DGE_PE,D,20251110,000000,11.041,11.202,10.636,11.2,0,0
DGE_PE,D,20251112,000000,11.2,11.645,11.2,11.5,0,0
DGE_PE,D,20251113,000000,11.297,11.3,10.528,11.3,0,0
DGE_PE,D,20251114,000000,11.341,11.341,10.49,10.5,0,0
DGE_PE,D,20251117,000000,10.54,11.067,10.3,10.3,0,0
DGE_PE,D,20251118,000000,10.3,10.421,9.856,9.9,0,0
DGE_PE,D,20251119,000000,9.9,10.509,9.778,10.5,0,0
DGE_PE,D,20251120,000000,10.5,10.946,10.135,10.7,0,0
DGE_PE,D,20251121,000000,10.094,11,9.893,11,0,0
DGE_PE,D,20251124,000000,10.919,10.919,9.827,10.1,0,0
DGE_PE,D,20251125,000000,10.06,10.262,9.4,9.4,0,0
DGE_PE,D,20251126,000000,9.279,9.804,8.876,9.8,0,0
DGE_PE,D,20251127,000000,9.8,9.8,9.074,9.2,0,0
DGE_PE,D,20251128,000000,9.038,9.24,8.877,9.1,0,0
DGE_PE,D,20251201,000000,9.019,9.019,8.655,8.8,0,0
DGE_PE,D,20251202,000000,8.76,9,8.638,9,0,0
DGE_PE,D,20251203,000000,8.677,9.3,8.516,9.3,0,0
DGE_PE,D,20251204,000000,9.171,9.3,9.128,9.3,0,0
DGE_PE,D,20251205,000000,9.128,9.3,8.783,9.3,0,0
DGE_PE,D,20251208,000000,9.17,9.257,8.738,9.2,0,0
DGE_PE,D,20251209,000000,8.727,9.157,8.727,8.8,0,0
DGE_PE,D,20251210,000000,8.757,10.31,8.627,10.3,0,0
DGE_PE,D,20251211,000000,10.3,10.3,9.266,9.3,0,0
DGE_PE,D,20251212,000000,9.3,9.992,9.2,9.2,0,0
DGE_PE,D,20251215,000000,9.544,10.017,9.544,10,0,0
DGE_PE,D,20251216,000000,10,10.476,10,10.2,0,0
DGE_PE,D,20251217,000000,10.114,10.114,9.124,9.7,0,0
DGE_PE,D,20251218,000000,9.355,9.614,9.14,9.5,0,0
DGE_PE,D,20251219,000000,9.241,9.414,8.852,9.2,0,0
DGE_PE,D,20251222,000000,8.985,9.7,8.985,9.7,0,0
DGE_PE,D,20251223,000000,9.14,9.657,9.14,9.269,0,0
DGE_PE,D,20251229,000000,9.614,9.872,8.601,8.7,0,0
DGE_PE,D,20251230,000000,8.873,8.873,8.3,8.3,0,0
DGE_PE,D,20260102,000000,8.558,8.816,8.365,8.8,0,0
DGE_PE,D,20260105,000000,8.8,9.016,8.8,9,0,0
DGE_PE,D,20260107,000000,9.689,9.7,9.129,9.7,0,0
DGE_PE,D,20260108,000000,9.484,9.7,9.312,9.7,0,0
DGE_PE,D,20260109,000000,9.7,9.743,9.7,9.7,0,0
DGE_PE,D,20260112,000000,9.657,9.7,9.657,9.7,0,0
DGE_PE,D,20260113,000000,9.7,9.7,9.094,9.4,0,0
DGE_PE,D,20260114,000000,9.099,9.4,9.014,9.4,0,0
DGE_PE,D,20260115,000000,9.228,9.228,8.969,9,0,0
DGE_PE,D,20260116,000000,8.914,9.215,8.914,9.1,0,0
DGE_PE,D,20260119,000000,9.1,9.3,8.971,9.3,0,0
DGE_PE,D,20260120,000000,9.3,9.862,8.997,9.8,0,0
DGE_PE,D,20260121,000000,9.671,9.9,9.542,9.9,0,0
DGE_PE,D,20260122,000000,9.9,9.943,9.598,9.8,0,0
DGE_PE,D,20260123,000000,9.499,9.8,9.413,9.5,0,0
