<TICKER>,<PER>,<DATE>,<TIME>,<OPEN>,<HIGH>,<LOW>,<CLOSE>,<VOL>,<OPENINT>
EHG_PE,D,20111215,000000,38.303,38.303,38.303,38.303,0,0
EHG_PE,D,20111216,000000,40.921,40.921,38.303,40.825,0,0
EHG_PE,D,20111219,000000,38.884,39.564,37.625,39.564,0,0
EHG_PE,D,20111220,000000,39.175,39.175,39.079,39.079,0,0
EHG_PE,D,20111221,000000,38.982,38.982,37.042,38.303,0,0
EHG_PE,D,20111222,000000,40.145,47.03,38.303,47.03,0,0
EHG_PE,D,20111223,000000,47.225,47.225,45.673,45.673,0,0
EHG_PE,D,20111227,000000,46.352,47.127,45.673,47.127,0,0
EHG_PE,D,20111228,000000,47.127,47.127,46.352,46.352,0,0
EHG_PE,D,20111229,000000,45.576,45.576,43.345,43.442,0,0
EHG_PE,D,20111230,000000,43.442,48.29,39.272,48.193,0,0
EHG_PE,D,20120102,000000,52.364,52.364,52.364,52.364,0,0
EHG_PE,D,20120103,000000,56.145,56.145,47.902,47.902,0,0
EHG_PE,D,20120104,000000,47.902,47.902,47.902,47.902,0,0
EHG_PE,D,20120105,000000,43.442,43.442,43.442,43.442,0,0
EHG_PE,D,20120109,000000,41.213,43.442,41.213,43.442,0,0
EHG_PE,D,20120206,000000,37.43,43.442,37.43,41.115,0,0
EHG_PE,D,20120207,000000,40.533,41.115,39.855,41.018,0,0
EHG_PE,D,20120208,000000,39.951,41.018,37.528,38.593,0,0
EHG_PE,D,20120209,000000,35.879,41.6,35.201,37.43,0,0
EHG_PE,D,20120210,000000,35.588,35.588,35.492,35.492,0,0
EHG_PE,D,20120213,000000,35.879,35.879,35.879,35.879,0,0
EHG_PE,D,20120214,000000,32.872,35.296,32.872,35.296,0,0
EHG_PE,D,20120220,000000,32.776,34.23,32.776,34.23,0,0
EHG_PE,D,20120221,000000,31.516,34.133,31.516,34.133,0,0
EHG_PE,D,20120223,000000,33.94,33.94,33.94,33.94,0,0
EHG_PE,D,20120302,000000,33.745,35.006,33.745,35.006,0,0
EHG_PE,D,20120305,000000,35.006,37.139,35.006,37.139,0,0
EHG_PE,D,20120306,000000,36.557,36.557,36.557,36.557,0,0
EHG_PE,D,20120308,000000,36.461,39.758,36.461,37.43,0,0
EHG_PE,D,20120312,000000,41.405,41.504,41.405,41.504,0,0
EHG_PE,D,20120313,000000,42.279,44.993,42.279,44.897,0,0
EHG_PE,D,20120314,000000,37.43,38.303,37.43,38.303,0,0
EHG_PE,D,20120315,000000,37.43,44.704,37.43,43.442,0,0
EHG_PE,D,20120316,000000,43.442,43.442,41.794,41.794,0,0
EHG_PE,D,20120320,000000,36.848,41.794,36.848,38.205,0,0
EHG_PE,D,20120326,000000,38.982,38.982,38.205,38.205,0,0
EHG_PE,D,20120328,000000,190.44,222.35,190.17,190.17,0,0
EHG_PE,D,20120329,000000,208.78,208.78,190.17,208.38,0,0
EHG_PE,D,20120330,000000,222.73,232.83,208.38,232.83,0,0
EHG_PE,D,20120402,000000,235.83,244.17,231.47,244.17,0,0
EHG_PE,D,20120403,000000,222.73,244.17,222.73,226.71,0,0
EHG_PE,D,20120417,000000,222.73,222.73,222.35,222.35,0,0
EHG_PE,D,20120426,000000,244.66,244.66,244.17,244.17,0,0
EHG_PE,D,20120502,000000,222.73,252.9,222.73,252.9,0,0
EHG_PE,D,20120510,000000,223.62,231.47,215.36,215.36,0,0
EHG_PE,D,20120511,000000,218.38,218.38,208.38,208.38,0,0
EHG_PE,D,20120514,000000,209.64,209.64,208.38,209.26,0,0
EHG_PE,D,20120517,000000,209.64,209.64,209.26,209.26,0,0
EHG_PE,D,20120524,000000,14.158,15.418,14.158,15.418,0,0
EHG_PE,D,20120525,000000,13.963,13.963,13.963,13.963,0,0
EHG_PE,D,20120531,000000,14.836,15.322,14.836,15.322,0,0
EHG_PE,D,20120601,000000,15.127,15.127,15.031,15.031,0,0
EHG_PE,D,20120928,000000,2770.52,3426.9,2770.52,2965.52,0,0
EHG_PE,D,20121001,000000,2636.02,2636.02,2636.02,2636.02,0,0
EHG_PE,D,20121003,000000,3116.89,3116.89,2636.02,2965.52,0,0
EHG_PE,D,20121005,000000,3116.89,3116.89,2965.52,2965.52,0,0
EHG_PE,D,20121012,000000,3116.89,3116.89,2965.52,2965.52,0,0
EHG_PE,D,20121022,000000,3116.89,3116.89,2965.52,2965.52,0,0
EHG_PE,D,20121227,000000,34.327,34.327,34.327,34.327,0,0
EHG_PE,D,20121228,000000,34.521,35.394,34.521,35.394,0,0
EHG_PE,D,20130125,000000,35.588,35.588,35.492,35.492,0,0
EHG_PE,D,20130213,000000,33.067,35.492,33.067,33.067,0,0
EHG_PE,D,20130220,000000,33.067,33.067,33.067,33.067,0,0
EHG_PE,D,20130305,000000,33.067,33.067,33.067,33.067,0,0
EHG_PE,D,20140303,000000,109.77,109.77,109.77,109.77,0,0
EHG_PE,D,20140304,000000,109.49,109.77,109.49,109.77,0,0
EHG_PE,D,20140311,000000,109.49,109.77,109.49,109.77,0,0
EHG_PE,D,20140317,000000,109.49,109.77,109.49,109.77,0,0
EHG_PE,D,20140320,000000,109.49,109.77,109.49,109.77,0,0
EHG_PE,D,20140331,000000,130.32,130.72,130.32,130.72,0,0
EHG_PE,D,20140401,000000,131,131,130.72,130.72,0,0
EHG_PE,D,20140515,000000,110.06,110.06,109.77,109.77,0,0
EHG_PE,D,20140516,000000,117.81,118.11,117.81,118.11,0,0
EHG_PE,D,20140519,000000,112.58,112.58,112.58,112.58,0,0
EHG_PE,D,20140521,000000,109.49,109.77,109.49,109.77,0,0
EHG_PE,D,20140523,000000,109.49,109.77,109.49,109.77,0,0
EHG_PE,D,20140620,000000,21.624,21.624,21.624,21.624,0,0
EHG_PE,D,20140626,000000,22.982,25.504,22.982,25.504,0,0
EHG_PE,D,20140627,000000,25.795,27.733,25.795,27.636,0,0
EHG_PE,D,20150224,000000,183.56,184.24,183.56,184.24,0,0
EHG_PE,D,20170228,000000,20.611,20.611,20.611,20.611,0,0
EHG_PE,D,20170302,000000,20.611,20.709,20.611,20.709,0,0
EHG_PE,D,20170306,000000,20.709,20.709,20.611,20.611,0,0
EHG_PE,D,20170310,000000,20.611,20.611,20.611,20.611,0,0
EHG_PE,D,20170407,000000,21.588,21.588,21.588,21.588,0,0
EHG_PE,D,20170509,000000,21.783,21.783,14.262,14.262,0,0
EHG_PE,D,20170511,000000,14.165,14.262,14.165,14.262,0,0
EHG_PE,D,20170518,000000,12.992,12.992,12.894,12.894,0,0
EHG_PE,D,20170531,000000,11.527,11.527,11.527,11.527,0,0
EHG_PE,D,20170627,000000,12.308,12.308,12.308,12.308,0,0
EHG_PE,D,20171102,000000,94.072,94.072,94.072,94.072,0,0
EHG_PE,D,20171103,000000,93.973,101.69,93.973,101.69,0,0
EHG_PE,D,20171106,000000,101.79,101.79,101.49,101.49,0,0
EHG_PE,D,20171113,000000,101.79,101.79,101.79,101.79,0,0
EHG_PE,D,20171212,000000,107.23,114.55,107.23,114.55,0,0
EHG_PE,D,20171213,000000,124.24,131.56,114.45,114.45,0,0
EHG_PE,D,20171214,000000,97.435,97.435,97.238,97.238,0,0
EHG_PE,D,20171218,000000,96.941,97.138,96.941,97.138,0,0
EHG_PE,D,20171227,000000,113.26,113.66,113.26,113.66,0,0
EHG_PE,D,20171228,000000,113.95,113.95,113.76,113.76,0,0
EHG_PE,D,20180104,000000,121.87,125.43,121.87,125.23,0,0
EHG_PE,D,20180111,000000,136.71,136.91,136.71,136.91,0,0
EHG_PE,D,20180112,000000,129.49,129.78,129.49,129.78,0,0
EHG_PE,D,20180115,000000,136.71,142.14,136.71,142.14,0,0
EHG_PE,D,20180117,000000,144.72,144.72,144.03,144.03,0,0
EHG_PE,D,20180118,000000,157.08,158.67,157.08,158.67,0,0
EHG_PE,D,20180122,000000,160.45,160.45,159.85,159.85,0,0
EHG_PE,D,20180125,000000,160.45,162.82,160.45,162.72,0,0
EHG_PE,D,20180129,000000,162.82,163.32,162.82,163.32,0,0
EHG_PE,D,20180131,000000,175.97,175.97,175.97,175.97,0,0
EHG_PE,D,20180201,000000,180.82,180.82,180.23,180.23,0,0
EHG_PE,D,20180205,000000,19.388,19.388,19.388,19.388,0,0
EHG_PE,D,20180207,000000,19.388,20.18,19.388,20.18,0,0
EHG_PE,D,20180221,000000,21.07,21.169,20.18,21.169,0,0
EHG_PE,D,20180226,000000,20.97,20.97,20.97,20.97,0,0
EHG_PE,D,20180302,000000,21.465,21.465,21.465,21.465,0,0
EHG_PE,D,20180312,000000,21.664,21.664,21.664,21.664,0,0
EHG_PE,D,20180314,000000,22.059,22.059,21.96,21.96,0,0
EHG_PE,D,20180320,000000,22.454,22.454,22.454,22.454,0,0
EHG_PE,D,20180321,000000,23.246,23.246,23.147,23.147,0,0
EHG_PE,D,20180322,000000,23.938,23.938,22.356,22.356,0,0
EHG_PE,D,20180323,000000,23.84,23.938,22.356,23.938,0,0
EHG_PE,D,20180326,000000,25.719,26.906,25.719,26.906,0,0
EHG_PE,D,20180327,000000,28.785,32.05,28.785,30.664,0,0
EHG_PE,D,20180328,000000,33.237,35.908,33.237,35.908,0,0
EHG_PE,D,20180329,000000,38.479,44.217,38.479,41.15,0,0
EHG_PE,D,20180403,000000,45.008,48.273,45.008,48.173,0,0
EHG_PE,D,20180404,000000,46.888,51.042,42.733,42.733,0,0
EHG_PE,D,20180405,000000,38.579,38.579,34.721,34.721,0,0
EHG_PE,D,20180406,000000,37.589,38.579,37.589,38.579,0,0
EHG_PE,D,20180409,000000,39.271,39.271,38.381,38.381,0,0
EHG_PE,D,20180410,000000,38.381,38.381,38.381,38.381,0,0
EHG_PE,D,20180419,000000,38.776,38.776,29.972,29.972,0,0
EHG_PE,D,20180604,000000,27.401,27.401,27.401,27.401,0,0
EHG_PE,D,20180622,000000,24.829,24.829,24.829,24.829,0,0
EHG_PE,D,20180717,000000,22.845,22.944,22.845,22.944,0,0
EHG_PE,D,20180719,000000,20.659,20.659,18.673,18.673,0,0
EHG_PE,D,20180720,000000,16.786,16.786,15.197,15.197,0,0
EHG_PE,D,20180723,000000,14.7,14.7,14.7,14.7,0,0
EHG_PE,D,20180731,000000,14.303,14.303,14.303,14.303,0,0
EHG_PE,D,20180802,000000,13.409,14.402,13.409,14.402,0,0
EHG_PE,D,20180803,000000,15.892,17.282,15.892,17.282,0,0
EHG_PE,D,20180806,000000,18.971,20.659,18.971,20.659,0,0
EHG_PE,D,20180823,000000,19.17,19.666,19.17,19.666,0,0
EHG_PE,D,20181019,000000,14.799,14.799,13.806,13.905,0,0
EHG_PE,D,20181022,000000,13.806,13.806,13.806,13.806,0,0
EHG_PE,D,20181023,000000,13.806,13.806,13.806,13.806,0,0
EHG_PE,D,20181102,000000,13.707,13.707,13.707,13.707,0,0
EHG_PE,D,20181128,000000,36.949,36.949,36.849,36.849,0,0
EHG_PE,D,20181129,000000,40.425,44.299,40.425,44.199,0,0
EHG_PE,D,20181130,000000,41.816,44.001,41.816,44.001,0,0
EHG_PE,D,20181210,000000,42.312,42.411,42.312,42.411,0,0
EHG_PE,D,20190104,000000,42.908,43.007,42.908,43.007,0,0
EHG_PE,D,20190107,000000,42.809,42.809,42.709,42.709,0,0
EHG_PE,D,20190211,000000,41.716,41.716,41.716,41.716,0,0
EHG_PE,D,20190214,000000,37.942,37.942,35.558,37.942,0,0
EHG_PE,D,20190215,000000,34.168,34.168,30.791,30.791,0,0
EHG_PE,D,20190218,000000,27.711,32.976,27.711,32.976,0,0
EHG_PE,D,20190219,000000,35.359,35.359,35.359,35.359,0,0
EHG_PE,D,20190221,000000,32.082,32.082,31.982,31.982,0,0
EHG_PE,D,20190225,000000,36.949,36.949,36.949,36.949,0,0
EHG_PE,D,20190226,000000,36.949,36.949,36.949,36.949,0,0
EHG_PE,D,20190312,000000,18.077,18.077,18.077,18.077,0,0
EHG_PE,D,20190313,000000,20.858,22.944,20.858,22.944,0,0
EHG_PE,D,20190314,000000,25.129,27.612,25.129,27.612,0,0
EHG_PE,D,20190315,000000,27.513,33.075,27.314,32.976,0,0
EHG_PE,D,20190318,000000,34.664,38.24,34.664,38.24,0,0
EHG_PE,D,20190319,000000,34.764,37.644,34.764,37.644,0,0
EHG_PE,D,20190322,000000,35.459,35.459,35.459,35.459,0,0
EHG_PE,D,20190325,000000,34.863,34.863,34.863,34.863,0,0
EHG_PE,D,20190326,000000,35.459,35.459,35.359,35.359,0,0
EHG_PE,D,20190327,000000,35.359,35.359,35.359,35.359,0,0
EHG_PE,D,20190329,000000,34.466,35.359,34.466,35.359,0,0
EHG_PE,D,20190402,000000,33.969,34.168,33.969,34.168,0,0
EHG_PE,D,20190403,000000,35.359,35.359,35.359,35.359,0,0
EHG_PE,D,20190404,000000,34.168,35.359,34.168,35.359,0,0
EHG_PE,D,20190405,000000,35.359,35.459,35.359,35.459,0,0
EHG_PE,D,20190409,000000,35.459,35.459,35.459,35.459,0,0
EHG_PE,D,20190412,000000,35.459,35.459,35.459,35.459,0,0
EHG_PE,D,20190416,000000,31.982,34.962,31.982,34.962,0,0
EHG_PE,D,20190417,000000,34.664,34.664,34.664,34.664,0,0
EHG_PE,D,20190423,000000,34.664,34.664,34.664,34.664,0,0
EHG_PE,D,20190429,000000,34.168,34.267,34.168,34.267,0,0
EHG_PE,D,20190502,000000,34.863,37.346,34.863,37.346,0,0
EHG_PE,D,20190513,000000,37.843,37.843,37.247,37.247,0,0
EHG_PE,D,20190514,000000,37.247,37.247,37.147,37.147,0,0
EHG_PE,D,20190515,000000,37.445,37.445,37.445,37.445,0,0
EHG_PE,D,20190516,000000,37.743,37.743,37.743,37.743,0,0
EHG_PE,D,20190520,000000,37.346,37.346,37.147,37.147,0,0
EHG_PE,D,20190521,000000,37.743,37.843,37.743,37.843,0,0
EHG_PE,D,20190522,000000,37.843,37.843,37.743,37.743,0,0
EHG_PE,D,20190523,000000,37.743,37.743,37.743,37.743,0,0
EHG_PE,D,20190527,000000,37.743,37.743,28.407,28.407,0,0
EHG_PE,D,20190528,000000,28.407,28.506,28.407,28.506,0,0
EHG_PE,D,20190530,000000,28.009,28.506,28.009,28.407,0,0
EHG_PE,D,20190531,000000,28.407,28.506,28.407,28.506,0,0
EHG_PE,D,20190603,000000,25.725,25.725,25.228,25.228,0,0
EHG_PE,D,20190604,000000,25.427,25.526,25.427,25.526,0,0
EHG_PE,D,20190605,000000,25.725,25.824,25.725,25.824,0,0
EHG_PE,D,20190611,000000,25.824,28.208,25.824,28.208,0,0
EHG_PE,D,20190612,000000,28.208,28.208,28.208,28.208,0,0
EHG_PE,D,20190614,000000,28.208,28.208,28.208,28.208,0,0
EHG_PE,D,20190617,000000,28.208,28.506,28.208,28.506,0,0
EHG_PE,D,20190618,000000,28.705,28.705,25.924,25.924,0,0
EHG_PE,D,20190619,000000,26.122,26.122,26.122,26.122,0,0
EHG_PE,D,20190621,000000,26.321,26.321,26.321,26.321,0,0
EHG_PE,D,20190624,000000,26.52,26.619,26.52,26.619,0,0
EHG_PE,D,20190625,000000,26.818,26.917,26.818,26.917,0,0
EHG_PE,D,20190626,000000,27.116,27.116,27.116,27.116,0,0
EHG_PE,D,20190628,000000,26.818,26.818,26.818,26.818,0,0
EHG_PE,D,20190701,000000,27.016,27.116,27.016,27.116,0,0
EHG_PE,D,20190702,000000,26.917,27.414,26.917,27.414,0,0
EHG_PE,D,20190703,000000,27.612,28.804,27.612,28.804,0,0
EHG_PE,D,20190704,000000,28.804,34.764,28.804,34.764,0,0
EHG_PE,D,20190705,000000,34.962,34.962,34.962,34.962,0,0
EHG_PE,D,20190710,000000,34.863,34.863,34.764,34.764,0,0
EHG_PE,D,20190711,000000,34.8,34.8,34.7,34.7,0,0
EHG_PE,D,20190712,000000,34.7,34.8,34.7,34.8,0,0
EHG_PE,D,20190715,000000,33.9,34.6,33.9,34.3,0,0
EHG_PE,D,20190716,000000,33.3,33.4,33.3,33.4,0,0
EHG_PE,D,20190722,000000,33.2,33.4,33.2,33.2,0,0
EHG_PE,D,20190724,000000,33.1,33.1,33,33,0,0
EHG_PE,D,20190725,000000,30.9,30.9,30.8,30.8,0,0
EHG_PE,D,20190726,000000,32.9,33,30.8,33,0,0
EHG_PE,D,20190730,000000,32.9,32.9,32.8,32.8,0,0
EHG_PE,D,20190731,000000,32.8,32.8,32.7,32.7,0,0
EHG_PE,D,20190809,000000,32,32.5,32,32.5,0,0
EHG_PE,D,20190812,000000,32.5,32.5,32.5,32.5,0,0
EHG_PE,D,20190813,000000,32,41.3,32,41.3,0,0
EHG_PE,D,20190816,000000,41.2,41.2,41.1,41.1,0,0
EHG_PE,D,20190819,000000,41.1,41.1,41,41,0,0
EHG_PE,D,20190821,000000,41.1,41.1,40.9,40.9,0,0
EHG_PE,D,20190822,000000,40.9,41.1,40.9,41.1,0,0
EHG_PE,D,20190826,000000,40.9,41,40.9,41,0,0
EHG_PE,D,20190827,000000,40.7,41,36.9,40.9,0,0
EHG_PE,D,20190828,000000,40.9,40.9,37.1,40.9,0,0
EHG_PE,D,20190829,000000,40.9,40.9,40.7,40.7,0,0
EHG_PE,D,20190902,000000,40.5,40.5,40.5,40.5,0,0
EHG_PE,D,20190909,000000,34.7,40.9,34.7,34.7,0,0
EHG_PE,D,20190910,000000,35,35,35,35,0,0
EHG_PE,D,20190912,000000,34.7,34.7,32.6,34.7,0,0
EHG_PE,D,20190916,000000,32.6,34.7,32.6,34.7,0,0
EHG_PE,D,20190917,000000,32.6,34.7,32.6,32.7,0,0
EHG_PE,D,20190919,000000,31.1,34.4,31.1,34.3,0,0
EHG_PE,D,20190920,000000,34.6,34.6,34.6,34.6,0,0
EHG_PE,D,20190925,000000,32.2,34.3,32.2,34.3,0,0
EHG_PE,D,20190926,000000,34.3,34.3,34,34,0,0
EHG_PE,D,20190927,000000,34.3,34.3,34.3,34.3,0,0
EHG_PE,D,20190930,000000,34.3,34.3,32.2,34,0,0
EHG_PE,D,20191001,000000,34.3,34.4,34.3,34.4,0,0
EHG_PE,D,20191004,000000,34,34.3,34,34.3,0,0
EHG_PE,D,20191008,000000,34.4,34.4,34.4,34.4,0,0
EHG_PE,D,20191010,000000,34.1,34.5,34.1,34.5,0,0
EHG_PE,D,20191011,000000,34.5,34.5,34.5,34.5,0,0
EHG_PE,D,20191015,000000,34.6,34.7,34.6,34.7,0,0
EHG_PE,D,20191016,000000,34.7,34.7,34.7,34.7,0,0
EHG_PE,D,20191017,000000,34.7,34.7,34.7,34.7,0,0
EHG_PE,D,20191018,000000,34.7,34.8,34.7,34.8,0,0
EHG_PE,D,20191021,000000,34.8,34.8,34.8,34.8,0,0
EHG_PE,D,20191022,000000,34.8,34.9,34.8,34.9,0,0
EHG_PE,D,20191023,000000,34.9,34.9,34.8,34.8,0,0
EHG_PE,D,20191024,000000,34.8,34.9,34.8,34.9,0,0
EHG_PE,D,20191025,000000,34.9,34.9,34.8,34.8,0,0
EHG_PE,D,20191028,000000,34.8,34.9,34.8,34.9,0,0
EHG_PE,D,20191029,000000,34.9,34.9,34.9,34.9,0,0
EHG_PE,D,20191104,000000,34.4,34.4,34.4,34.4,0,0
EHG_PE,D,20191105,000000,32.6,33.8,32.6,33.8,0,0
EHG_PE,D,20191106,000000,34.4,34.4,33.8,34.1,0,0
EHG_PE,D,20191107,000000,34.4,34.4,34.3,34.3,0,0
EHG_PE,D,20191108,000000,31,34.1,31,34.1,0,0
EHG_PE,D,20191112,000000,34.4,34.4,34.4,34.4,0,0
EHG_PE,D,20191119,000000,33,33,33,33,0,0
EHG_PE,D,20191122,000000,28.7,34.1,28.7,34.1,0,0
EHG_PE,D,20191125,000000,32.9,32.9,32.9,32.9,0,0
EHG_PE,D,20191127,000000,29.7,29.7,29.7,29.7,0,0
EHG_PE,D,20191129,000000,28.7,28.7,28.7,28.7,0,0
EHG_PE,D,20191202,000000,31.4,32.9,30,30,0,0
EHG_PE,D,20191204,000000,29.5,31.1,29.5,31.1,0,0
EHG_PE,D,20191205,000000,31.1,31.1,31.1,31.1,0,0
EHG_PE,D,20191206,000000,31.1,31.1,28.4,28.4,0,0
EHG_PE,D,20191209,000000,31.1,31.1,28.4,30,0,0
EHG_PE,D,20191210,000000,28.9,28.9,28.9,28.9,0,0
EHG_PE,D,20191212,000000,31.1,31.1,31.1,31.1,0,0
EHG_PE,D,20191216,000000,30,31.1,30,30.2,0,0
EHG_PE,D,20191217,000000,30.5,30.5,29.9,30,0,0
EHG_PE,D,20191218,000000,31.4,31.4,31.4,31.4,0,0
EHG_PE,D,20191219,000000,31.4,31.4,31.4,31.4,0,0
EHG_PE,D,20200102,000000,31.4,31.4,31.4,31.4,0,0
EHG_PE,D,20200221,000000,27.5,31.1,27.3,27.3,0,0
EHG_PE,D,20200225,000000,28.6,28.6,28.6,28.6,0,0
EHG_PE,D,20200226,000000,25.7,27.5,23.2,27.5,0,0
EHG_PE,D,20200302,000000,25.9,77.2,25.9,77.2,0,0
EHG_PE,D,20200303,000000,69.6,75.6,69.6,75.6,0,0
EHG_PE,D,20200304,000000,77.3,77.3,60.9,67.4,0,0
EHG_PE,D,20200306,000000,65.5,67.4,63.8,63.8,0,0
EHG_PE,D,20200309,000000,65.1,65.4,65.1,65.4,0,0
EHG_PE,D,20200311,000000,65.4,65.4,65.4,65.4,0,0
EHG_PE,D,20200312,000000,65.7,67.4,65.7,67.4,0,0
EHG_PE,D,20200323,000000,64.1,64.1,62.4,62.4,0,0
EHG_PE,D,20200324,000000,64,64.1,62.4,64.1,0,0
EHG_PE,D,20200325,000000,64.1,77.3,64.1,75.6,0,0
EHG_PE,D,20200326,000000,77.3,84.7,70.1,80.5,0,0
EHG_PE,D,20200327,000000,82.1,82.2,82.1,82.2,0,0
EHG_PE,D,20200330,000000,82.2,82.2,82.2,82.2,0,0
EHG_PE,D,20200331,000000,80.6,82.2,74,78.9,0,0
EHG_PE,D,20200401,000000,81.6,81.6,81.5,81.5,0,0
EHG_PE,D,20200402,000000,81.4,81.5,81.4,81.5,0,0
EHG_PE,D,20200403,000000,78.8,80.5,78.8,80.5,0,0
EHG_PE,D,20200406,000000,80.5,80.5,80.5,80.5,0,0
EHG_PE,D,20200409,000000,77.2,78.5,77.2,78.5,0,0
EHG_PE,D,20200417,000000,73.9,88.7,73.9,88.7,0,0
EHG_PE,D,20200420,000000,87,95.2,78.5,93.7,0,0
EHG_PE,D,20200421,000000,94.6,103.6,86.3,87.1,0,0
EHG_PE,D,20200422,000000,93.8,93.8,84.6,84.6,0,0
EHG_PE,D,20200423,000000,82.1,82.2,82.1,82.2,0,0
EHG_PE,D,20200424,000000,84.7,85.5,84.7,85.5,0,0
EHG_PE,D,20200427,000000,89.6,89.6,89.6,89.6,0,0
EHG_PE,D,20200430,000000,75.7,80.6,68.1,73.9,0,0
EHG_PE,D,20200504,000000,80.1,86.2,73.2,81.8,0,0
EHG_PE,D,20200505,000000,81.8,81.8,81.8,81.8,0,0
EHG_PE,D,20200506,000000,80.5,87.9,80.5,87.9,0,0
EHG_PE,D,20200507,000000,87.8,92,87.8,92,0,0
EHG_PE,D,20200511,000000,75.5,85.5,68,85.5,0,0
EHG_PE,D,20200512,000000,85.5,85.5,85.5,85.5,0,0
EHG_PE,D,20200513,000000,84.7,85.5,76.3,81.5,0,0
EHG_PE,D,20200514,000000,81.1,81.1,78.8,78.9,0,0
EHG_PE,D,20200515,000000,81.3,81.3,81.2,81.2,0,0
EHG_PE,D,20200518,000000,70.7,70.7,65.5,70.7,0,0
EHG_PE,D,20200519,000000,72,72,72,72,0,0
EHG_PE,D,20200520,000000,70.7,70.7,70.7,70.7,0,0
EHG_PE,D,20200521,000000,72,72,72,72,0,0
EHG_PE,D,20200522,000000,70.7,81.3,70.7,81.2,0,0
EHG_PE,D,20200525,000000,80.9,93.8,80.9,93.7,0,0
EHG_PE,D,20200526,000000,92.9,92.9,88.4,88.4,0,0
EHG_PE,D,20200527,000000,88.4,88.4,72,72.7,0,0
EHG_PE,D,20200528,000000,78.4,78.6,78.4,78.6,0,0
EHG_PE,D,20200529,000000,78.6,78.6,78.1,78.1,0,0
EHG_PE,D,20200601,000000,78.1,78.7,78.1,78.7,0,0
EHG_PE,D,20200602,000000,69.2,69.6,69.2,69.6,0,0
EHG_PE,D,20200603,000000,70.3,78,67.1,76.4,0,0
EHG_PE,D,20200604,000000,71.9,76.4,70.3,75.6,0,0
EHG_PE,D,20200605,000000,68,72.8,67.4,72.6,0,0
EHG_PE,D,20200608,000000,71,71.2,71,71.2,0,0
EHG_PE,D,20200612,000000,67.9,72.1,67.9,72.1,0,0
EHG_PE,D,20200615,000000,67.7,67.9,67.7,67.9,0,0
EHG_PE,D,20200617,000000,68.5,68.5,68,68,0,0
EHG_PE,D,20200618,000000,68,68,68,68,0,0
EHG_PE,D,20200619,000000,72.1,72.1,67.9,67.9,0,0
EHG_PE,D,20200624,000000,71.2,71.2,71.2,71.2,0,0
EHG_PE,D,20200625,000000,69.3,69.3,69.3,69.3,0,0
EHG_PE,D,20200626,000000,70.9,70.9,70.7,70.7,0,0
EHG_PE,D,20200629,000000,70.8,70.8,70.7,70.7,0,0
EHG_PE,D,20200630,000000,70.8,70.8,70.6,70.6,0,0
EHG_PE,D,20200701,000000,62.8,63.1,62.8,63.1,0,0
EHG_PE,D,20200706,000000,62.8,62.8,62.7,62.7,0,0
EHG_PE,D,20200708,000000,69,69,68.9,68.9,0,0
EHG_PE,D,20200709,000000,62.6,62.7,62.6,62.7,0,0
EHG_PE,D,20200710,000000,62.7,69,60.8,67.4,0,0
EHG_PE,D,20220302,000000,12,12,12,12,0,0
EHG_PE,D,20220303,000000,8.7,10.5,8.3,10.5,0,0
EHG_PE,D,20220304,000000,11.5,11.5,8.4,10.6,0,0
EHG_PE,D,20220307,000000,11.1,11.1,8.1,8.5,0,0
EHG_PE,D,20220308,000000,8.4,8.7,8.2,8.7,0,0
EHG_PE,D,20220309,000000,9.1,9.3,9.1,9.3,0,0
EHG_PE,D,20220310,000000,8.9,9.2,8,8.1,0,0
EHG_PE,D,20220311,000000,8.1,8.2,6.8,6.8,0,0
EHG_PE,D,20220314,000000,7.2,8.8,7.2,8.8,0,0
EHG_PE,D,20220315,000000,8.8,11.1,8.8,11.1,0,0
EHG_PE,D,20220316,000000,12.2,13.4,11.1,11.6,0,0
EHG_PE,D,20220317,000000,11.7,11.7,9.6,10,0,0
EHG_PE,D,20220318,000000,10.5,10.5,9.5,9.7,0,0
EHG_PE,D,20220321,000000,9.9,9.9,8.2,8.9,0,0
EHG_PE,D,20220322,000000,9.1,9.1,7.4,8.2,0,0
EHG_PE,D,20220323,000000,8.3,8.4,7,7.8,0,0
EHG_PE,D,20220324,000000,7.9,8.1,7.2,7.4,0,0
EHG_PE,D,20220325,000000,7.5,7.7,7.1,7.6,0,0
EHG_PE,D,20220328,000000,7.4,8.1,7.4,7.9,0,0
EHG_PE,D,20220329,000000,8,8.1,7.6,8,0,0
EHG_PE,D,20220330,000000,8.1,8.1,7.5,7.8,0,0
EHG_PE,D,20220331,000000,7.7,7.8,7.4,7.7,0,0
EHG_PE,D,20220401,000000,7.3,7.7,7.1,7.4,0,0
EHG_PE,D,20220404,000000,7.3,7.3,7.1,7.1,0,0
EHG_PE,D,20220405,000000,7,8.5,7,8.2,0,0
EHG_PE,D,20220406,000000,8.2,8.6,7.8,8.3,0,0
EHG_PE,D,20220407,000000,8.1,8.3,7.7,8.3,0,0
EHG_PE,D,20220408,000000,7.8,8.3,7.4,7.5,0,0
EHG_PE,D,20220411,000000,7.5,7.5,7,7.1,0,0
EHG_PE,D,20220412,000000,7.4,7.4,7.1,7.3,0,0
EHG_PE,D,20220413,000000,7.2,7.3,7,7.3,0,0
EHG_PE,D,20220414,000000,7.4,7.4,7.1,7.2,0,0
EHG_PE,D,20220419,000000,7.1,7.1,6.9,7,0,0
EHG_PE,D,20220420,000000,7.3,7.3,7.1,7.1,0,0
EHG_PE,D,20220421,000000,7.1,7.1,7,7,0,0
EHG_PE,D,20220422,000000,7,7.1,7,7.1,0,0
EHG_PE,D,20220425,000000,7.1,7.4,7.1,7.4,0,0
EHG_PE,D,20220426,000000,7.6,7.6,7.1,7.1,0,0
EHG_PE,D,20220427,000000,7.1,7.1,6.7,6.7,0,0
EHG_PE,D,20220428,000000,7,7.3,6.8,7.1,0,0
EHG_PE,D,20220429,000000,6.9,7.1,6.9,7.1,0,0
EHG_PE,D,20220502,000000,6.5,7.1,6.5,7.1,0,0
EHG_PE,D,20220504,000000,6.6,7.1,6.6,7.1,0,0
EHG_PE,D,20220505,000000,6.9,6.9,6.9,6.9,0,0
EHG_PE,D,20220506,000000,7.2,7.2,7.1,7.1,0,0
EHG_PE,D,20220509,000000,6.6,6.9,6.5,6.5,0,0
EHG_PE,D,20220510,000000,6.5,6.8,6.5,6.8,0,0
EHG_PE,D,20220511,000000,6.6,7.2,6.6,6.9,0,0
EHG_PE,D,20220513,000000,6.9,6.9,6.9,6.9,0,0
EHG_PE,D,20220516,000000,7.1,7.1,6.9,6.9,0,0
EHG_PE,D,20220517,000000,6.3,6.9,6.2,6.6,0,0
EHG_PE,D,20220518,000000,6.8,6.8,6.7,6.7,0,0
EHG_PE,D,20220519,000000,6.2,6.7,6.2,6.4,0,0
EHG_PE,D,20220520,000000,6.7,6.7,6.7,6.7,0,0
EHG_PE,D,20220523,000000,6,6.6,6,6.4,0,0
EHG_PE,D,20220524,000000,6.5,6.6,6.1,6.1,0,0
EHG_PE,D,20220525,000000,6.6,6.6,6.1,6.5,0,0
EHG_PE,D,20220526,000000,6.1,6.3,6,6.2,0,0
EHG_PE,D,20220527,000000,6.2,6.4,6.2,6.3,0,0
EHG_PE,D,20220530,000000,6.3,6.6,6.3,6.6,0,0
EHG_PE,D,20220531,000000,6.2,6.6,4.5,4.5,0,0
EHG_PE,D,20220601,000000,4.5,4.7,4.5,4.7,0,0
EHG_PE,D,20220602,000000,4.9,5,4.4,4.7,0,0
EHG_PE,D,20220603,000000,4.5,4.7,4.5,4.7,0,0
EHG_PE,D,20220606,000000,4.5,4.8,4.4,4.7,0,0
EHG_PE,D,20220607,000000,4.4,4.7,4.4,4.4,0,0
EHG_PE,D,20220608,000000,4.4,4.7,4.4,4.7,0,0
EHG_PE,D,20220609,000000,4.7,4.7,4.4,4.6,0,0
EHG_PE,D,20220610,000000,4.4,4.7,4.4,4.7,0,0
EHG_PE,D,20220614,000000,4.7,4.7,4.6,4.6,0,0
EHG_PE,D,20220615,000000,4.6,4.6,4.6,4.6,0,0
EHG_PE,D,20220617,000000,4.3,4.6,4.3,4.6,0,0
EHG_PE,D,20220620,000000,4.4,4.6,4.4,4.4,0,0
EHG_PE,D,20220621,000000,4.4,4.8,4.4,4.8,0,0
EHG_PE,D,20220623,000000,7.5,7.7,7.5,7.6,0,0
EHG_PE,D,20220624,000000,7.6,7.9,7.1,7.9,0,0
EHG_PE,D,20220627,000000,7.1,7.9,7.1,7.9,0,0
EHG_PE,D,20220628,000000,7.9,7.9,7.2,7.2,0,0
EHG_PE,D,20220629,000000,7.8,8,7.5,8,0,0
EHG_PE,D,20220630,000000,8.1,8.1,7.8,7.8,0,0
EHG_PE,D,20220701,000000,8.3,8.3,7.8,8.1,0,0
EHG_PE,D,20220705,000000,7.8,7.8,7.7,7.7,0,0
EHG_PE,D,20220706,000000,6.8,7.4,6.8,7.3,0,0
EHG_PE,D,20220707,000000,7.3,7.5,6.7,7.5,0,0
EHG_PE,D,20220708,000000,6.8,7.4,6.7,7.4,0,0
EHG_PE,D,20220711,000000,7.4,7.8,6.9,7.5,0,0
EHG_PE,D,20220713,000000,7.1,7.1,7.1,7.1,0,0
EHG_PE,D,20220714,000000,6.8,7.5,6.7,7.3,0,0
EHG_PE,D,20220718,000000,6.8,7.2,6.7,6.8,0,0
EHG_PE,D,20220719,000000,7.3,7.3,7.2,7.2,0,0
EHG_PE,D,20220720,000000,6.7,7.2,6.7,7,0,0
EHG_PE,D,20220721,000000,7,7.2,7,7.2,0,0
EHG_PE,D,20220722,000000,7.2,7.2,7.2,7.2,0,0
EHG_PE,D,20220725,000000,7.2,7.5,6.8,7.5,0,0
EHG_PE,D,20220726,000000,7.4,7.6,6.9,7.5,0,0
EHG_PE,D,20220727,000000,6.8,7.4,6.8,7.3,0,0
EHG_PE,D,20220728,000000,7.2,7.5,7.2,7.5,0,0
EHG_PE,D,20220729,000000,6.9,7.5,6.8,7.4,0,0
EHG_PE,D,20220802,000000,6.9,7.4,6.9,7.4,0,0
EHG_PE,D,20220803,000000,6.9,7.4,6.9,7.3,0,0
EHG_PE,D,20220805,000000,6.9,7.1,6.9,6.9,0,0
EHG_PE,D,20220808,000000,7.3,7.3,7.3,7.3,0,0
EHG_PE,D,20220809,000000,7.1,7.1,7.1,7.1,0,0
EHG_PE,D,20220810,000000,7.3,7.3,7,7.1,0,0
EHG_PE,D,20220812,000000,6.9,7.3,6.9,7.1,0,0
EHG_PE,D,20220816,000000,6.9,7.1,6.7,7.1,0,0
EHG_PE,D,20220817,000000,6.9,7,6.9,7,0,0
EHG_PE,D,20220819,000000,6.9,6.9,6.6,6.6,0,0
EHG_PE,D,20220822,000000,7,7,7,7,0,0
EHG_PE,D,20220823,000000,6.6,7,6.6,6.9,0,0
EHG_PE,D,20220824,000000,6.3,6.9,6.1,6.8,0,0
EHG_PE,D,20220825,000000,6.1,6.7,6.1,6.7,0,0
EHG_PE,D,20220826,000000,6.9,7,6.4,7,0,0
EHG_PE,D,20220829,000000,7,7,6.3,6.9,0,0
EHG_PE,D,20220830,000000,6.9,7.2,6.9,7.2,0,0
EHG_PE,D,20220831,000000,7.2,7.2,4.9,4.9,0,0
EHG_PE,D,20220901,000000,4.9,4.9,4.4,4.4,0,0
EHG_PE,D,20220902,000000,4.8,4.8,4.3,4.7,0,0
EHG_PE,D,20220905,000000,4.7,4.7,4.6,4.6,0,0
EHG_PE,D,20220912,000000,4.7,4.7,4.6,4.6,0,0
EHG_PE,D,20220913,000000,4.6,4.6,4.2,4.6,0,0
EHG_PE,D,20220914,000000,4.2,4.6,4.2,4.6,0,0
EHG_PE,D,20220915,000000,4.6,4.6,4.1,4.1,0,0
EHG_PE,D,20220916,000000,4.4,4.5,4.4,4.5,0,0
EHG_PE,D,20220921,000000,4.5,4.5,4.4,4.4,0,0
EHG_PE,D,20220922,000000,4.4,4.4,4.4,4.4,0,0
EHG_PE,D,20220926,000000,4.1,4.1,4.1,4.1,0,0
EHG_PE,D,20220927,000000,4.4,4.4,4.3,4.3,0,0
EHG_PE,D,20220928,000000,4.3,4.3,4.3,4.3,0,0
EHG_PE,D,20220929,000000,4.1,4.1,4,4,0,0
EHG_PE,D,20220930,000000,3.9,4.3,3.9,4.3,0,0
EHG_PE,D,20221003,000000,4.3,4.4,4.3,4.4,0,0
EHG_PE,D,20221004,000000,4,4.3,4,4.3,0,0
EHG_PE,D,20221006,000000,4,4.3,4,4.1,0,0
EHG_PE,D,20221007,000000,4.2,4.2,4.1,4.2,0,0
EHG_PE,D,20221011,000000,4.1,4.1,4.1,4.1,0,0
EHG_PE,D,20221013,000000,4,4.3,4,4.3,0,0
EHG_PE,D,20221019,000000,4.2,4.2,4.2,4.2,0,0
EHG_PE,D,20221020,000000,4.3,4.3,4.3,4.3,0,0
EHG_PE,D,20221024,000000,4.3,4.3,4.3,4.3,0,0
EHG_PE,D,20221027,000000,4,4.4,4,4.4,0,0
EHG_PE,D,20221028,000000,4.4,4.4,4.4,4.4,0,0
EHG_PE,D,20221031,000000,4.4,4.4,4.4,4.4,0,0
EHG_PE,D,20221102,000000,4.1,4.3,3.9,4.3,0,0
EHG_PE,D,20221104,000000,4.3,4.3,4.3,4.3,0,0
EHG_PE,D,20221108,000000,4.3,4.4,4.3,4.4,0,0
EHG_PE,D,20221109,000000,4.1,4.4,4.1,4.4,0,0
EHG_PE,D,20221110,000000,4.4,4.5,4.4,4.4,0,0
EHG_PE,D,20221114,000000,4.4,4.5,4.3,4.4,0,0
EHG_PE,D,20221115,000000,4.6,4.6,4.1,4.1,0,0
EHG_PE,D,20221116,000000,4.5,4.6,4.5,4.6,0,0
EHG_PE,D,20221117,000000,4.6,4.6,4.6,4.6,0,0
EHG_PE,D,20221118,000000,4.7,4.7,4.6,4.6,0,0
EHG_PE,D,20221122,000000,4.1,4.6,4.1,4.2,0,0
EHG_PE,D,20221123,000000,4.4,4.5,4.2,4.5,0,0
EHG_PE,D,20221124,000000,4.5,4.5,4.5,4.5,0,0
EHG_PE,D,20221125,000000,4.7,4.7,4.2,4.6,0,0
EHG_PE,D,20221128,000000,4.4,4.6,4.4,4.6,0,0
EHG_PE,D,20221129,000000,4.6,4.7,4.6,4.7,0,0
EHG_PE,D,20221130,000000,4.7,4.8,4.7,4.8,0,0
EHG_PE,D,20221201,000000,4.8,4.8,4.8,4.8,0,0
EHG_PE,D,20221202,000000,4.8,4.8,4.3,4.8,0,0
EHG_PE,D,20221205,000000,4.5,4.8,4.5,4.8,0,0
EHG_PE,D,20221206,000000,4.5,4.6,4.5,4.6,0,0
EHG_PE,D,20221207,000000,4.8,4.8,3.6,3.6,0,0
EHG_PE,D,20221212,000000,3.6,3.9,3.6,3.9,0,0
EHG_PE,D,20221213,000000,3.9,3.9,3.9,3.9,0,0
EHG_PE,D,20221216,000000,3.9,3.9,3.9,3.9,0,0
EHG_PE,D,20221220,000000,3.6,3.9,3.6,3.9,0,0
EHG_PE,D,20221221,000000,3.9,3.9,3.6,3.9,0,0
EHG_PE,D,20221222,000000,3.9,3.9,3.7,3.7,0,0
EHG_PE,D,20221223,000000,3.6,3.6,3.6,3.6,0,0
EHG_PE,D,20221227,000000,3.6,3.9,3.6,3.8,0,0
EHG_PE,D,20221230,000000,3.5,3.8,3.5,3.8,0,0
EHG_PE,D,20230102,000000,3.8,4.4,3.5,4.3,0,0
EHG_PE,D,20230103,000000,4.3,4.3,4.2,4.3,0,0
EHG_PE,D,20230104,000000,4.3,4.3,4.3,4.3,0,0
EHG_PE,D,20230105,000000,4.2,4.3,4.2,4.2,0,0
EHG_PE,D,20230109,000000,4.2,4.2,4.2,4.2,0,0
EHG_PE,D,20230110,000000,4.2,4.2,4.2,4.2,0,0
EHG_PE,D,20230111,000000,4.2,4.2,4.2,4.2,0,0
EHG_PE,D,20230112,000000,4.1,4.2,4.1,4.2,0,0
EHG_PE,D,20230113,000000,4.2,4.2,3.8,4.2,0,0
EHG_PE,D,20230116,000000,4.2,4.2,3.9,4.2,0,0
EHG_PE,D,20230117,000000,4.2,4.2,3.9,4.2,0,0
EHG_PE,D,20230118,000000,4.2,4.2,3.6,3.7,0,0
EHG_PE,D,20230119,000000,3.9,4,3.7,3.7,0,0
EHG_PE,D,20230120,000000,3.7,4,3.7,4,0,0
EHG_PE,D,20230123,000000,4,4.1,3.7,3.7,0,0
EHG_PE,D,20230124,000000,4.1,4.1,3.7,4,0,0
EHG_PE,D,20230125,000000,4,4,3.6,4,0,0
EHG_PE,D,20230130,000000,4,4.1,4,4.1,0,0
EHG_PE,D,20230131,000000,4.1,4.1,4.1,4.1,0,0
EHG_PE,D,20230201,000000,4,4,3.7,4,0,0
EHG_PE,D,20230202,000000,4,4.1,4,4.1,0,0
EHG_PE,D,20230203,000000,4.2,4.2,4.1,4.2,0,0
EHG_PE,D,20230206,000000,4.1,4.2,3.7,3.7,0,0
EHG_PE,D,20230207,000000,3.7,3.8,3.6,3.8,0,0
EHG_PE,D,20230208,000000,3.7,3.9,3.6,3.9,0,0
EHG_PE,D,20230209,000000,3.9,3.9,3.7,3.9,0,0
EHG_PE,D,20230210,000000,3.9,3.9,3.8,3.9,0,0
EHG_PE,D,20230213,000000,3.7,3.7,3.5,3.7,0,0
EHG_PE,D,20230215,000000,3.6,3.7,3.6,3.7,0,0
EHG_PE,D,20230216,000000,3.6,3.7,3.6,3.7,0,0
EHG_PE,D,20230217,000000,3.5,3.7,3.4,3.4,0,0
EHG_PE,D,20230220,000000,3.5,3.5,3.2,3.3,0,0
EHG_PE,D,20230221,000000,3.5,3.5,3.5,3.5,0,0
EHG_PE,D,20230222,000000,3.5,3.5,3.4,3.5,0,0
EHG_PE,D,20230223,000000,3.5,3.5,3.4,3.4,0,0
EHG_PE,D,20230224,000000,3.4,3.4,3.4,3.4,0,0
EHG_PE,D,20230228,000000,3.4,3.4,3.4,3.4,0,0
EHG_PE,D,20230301,000000,3.6,3.6,3.6,3.6,0,0
EHG_PE,D,20230302,000000,3.5,9,3.3,9,0,0
EHG_PE,D,20230303,000000,8.8,8.9,8.7,8.9,0,0
EHG_PE,D,20230306,000000,8.9,8.9,8.3,8.4,0,0
EHG_PE,D,20230307,000000,8.4,8.7,8.1,8.3,0,0
EHG_PE,D,20230308,000000,8.6,8.7,8.6,8.7,0,0
EHG_PE,D,20230309,000000,8.6,8.7,8.6,8.7,0,0
EHG_PE,D,20230310,000000,8.4,8.4,8.4,8.4,0,0
EHG_PE,D,20230313,000000,8.2,8.6,8.2,8.6,0,0
EHG_PE,D,20230314,000000,8.1,8.8,8.1,8.7,0,0
EHG_PE,D,20230316,000000,8.5,8.6,8.5,8.6,0,0
EHG_PE,D,20230317,000000,8.2,8.6,7.8,7.8,0,0
EHG_PE,D,20230320,000000,7.8,8.1,7.5,8.1,0,0
EHG_PE,D,20230321,000000,7.4,7.4,6.7,6.7,0,0
EHG_PE,D,20230322,000000,6.7,7,6.7,6.8,0,0
EHG_PE,D,20230323,000000,6.7,6.8,6.3,6.8,0,0
EHG_PE,D,20230327,000000,6.5,6.5,6.3,6.3,0,0
EHG_PE,D,20230328,000000,6.3,6.7,6.3,6.7,0,0
EHG_PE,D,20230329,000000,6.7,6.7,6.3,6.3,0,0
EHG_PE,D,20230330,000000,6.6,6.7,6.3,6.7,0,0
EHG_PE,D,20230331,000000,6.4,6.5,6.2,6.5,0,0
EHG_PE,D,20230405,000000,6.5,6.5,6.1,6.4,0,0
EHG_PE,D,20230411,000000,6.1,6.2,6,6.2,0,0
EHG_PE,D,20230412,000000,6.2,6.4,6.1,6.4,0,0
EHG_PE,D,20230413,000000,6.2,6.4,6.2,6.4,0,0
EHG_PE,D,20230414,000000,6.4,6.8,6.1,6.7,0,0
EHG_PE,D,20230417,000000,6.2,7,6.2,7,0,0
EHG_PE,D,20230418,000000,6.7,7.4,6.7,7.4,0,0
EHG_PE,D,20230420,000000,7.4,8.1,7.4,8.1,0,0
EHG_PE,D,20230421,000000,7.9,7.9,7.4,7.6,0,0
EHG_PE,D,20230424,000000,7.6,7.8,7.1,7.5,0,0
EHG_PE,D,20230428,000000,7.4,7.4,7.4,7.4,0,0
EHG_PE,D,20230502,000000,7.1,7.4,7.1,7.4,0,0
EHG_PE,D,20230504,000000,7,7.5,7,7.4,0,0
EHG_PE,D,20230505,000000,6.9,7,6.5,6.5,0,0
EHG_PE,D,20230508,000000,6.6,7,6.4,6.8,0,0
EHG_PE,D,20230509,000000,6.6,6.6,6.6,6.6,0,0
EHG_PE,D,20230510,000000,6.5,6.8,6.5,6.8,0,0
EHG_PE,D,20230511,000000,6,6.6,6,6.6,0,0
EHG_PE,D,20230512,000000,6.6,6.6,6.6,6.6,0,0
EHG_PE,D,20230515,000000,6.6,6.6,6.6,6.6,0,0
EHG_PE,D,20230516,000000,6.5,6.5,6.5,6.5,0,0
EHG_PE,D,20230518,000000,6.2,6.4,6.1,6.4,0,0
EHG_PE,D,20230519,000000,6.4,6.4,6.4,6.4,0,0
EHG_PE,D,20230522,000000,6.4,6.4,6.4,6.4,0,0
EHG_PE,D,20230523,000000,6.1,6.8,6.1,6.8,0,0
EHG_PE,D,20230525,000000,6.8,6.8,6.7,6.7,0,0
EHG_PE,D,20230526,000000,6.2,6.8,6.2,6.8,0,0
EHG_PE,D,20230529,000000,6.4,6.8,6.4,6.8,0,0
EHG_PE,D,20230530,000000,6.8,6.8,6.4,6.7,0,0
EHG_PE,D,20230601,000000,6.7,6.7,6.7,6.7,0,0
EHG_PE,D,20230602,000000,6.4,6.7,6.4,6.6,0,0
EHG_PE,D,20230606,000000,6.2,6.8,6.2,6.6,0,0
EHG_PE,D,20230607,000000,6.7,6.8,6.7,6.8,0,0
EHG_PE,D,20230609,000000,6.5,6.7,6.5,6.7,0,0
EHG_PE,D,20230612,000000,6.7,8.4,6.7,8.4,0,0
EHG_PE,D,20230613,000000,8.1,8.6,8.1,8.5,0,0
EHG_PE,D,20230614,000000,8.5,8.5,8.5,8.5,0,0
EHG_PE,D,20230615,000000,8.1,8.6,8.1,8.6,0,0
EHG_PE,D,20230616,000000,8.6,8.6,8.5,8.5,0,0
EHG_PE,D,20230622,000000,8.6,8.6,8.3,8.6,0,0
EHG_PE,D,20230623,000000,8.1,8.1,8.1,8.1,0,0
EHG_PE,D,20230626,000000,8.4,8.6,8.1,8.1,0,0
EHG_PE,D,20230628,000000,8.3,8.3,8.2,8.2,0,0
EHG_PE,D,20230629,000000,8.3,8.4,8.2,8.2,0,0
EHG_PE,D,20230704,000000,8.1,8.1,8,8,0,0
EHG_PE,D,20230705,000000,8,8.2,8,8.2,0,0
EHG_PE,D,20230706,000000,8.2,8.2,8.1,8.1,0,0
EHG_PE,D,20230707,000000,7.7,7.9,7.7,7.9,0,0
EHG_PE,D,20230711,000000,7.6,7.9,7.6,7.9,0,0
EHG_PE,D,20230712,000000,7.9,8.2,7.9,8.1,0,0
EHG_PE,D,20230713,000000,8.1,8.4,8.1,8.3,0,0
EHG_PE,D,20230714,000000,8.4,8.7,8.4,8.6,0,0
EHG_PE,D,20230717,000000,8.6,9.1,8.6,9,0,0
EHG_PE,D,20230718,000000,8.7,8.8,8.7,8.8,0,0
EHG_PE,D,20230719,000000,7.7,8.2,7.7,8.1,0,0
EHG_PE,D,20230721,000000,8.2,8.7,8,8.7,0,0
EHG_PE,D,20230724,000000,8.5,8.5,7.9,8.5,0,0
EHG_PE,D,20230726,000000,8.5,8.5,8.5,8.5,0,0
EHG_PE,D,20230727,000000,8.6,8.6,8.6,8.6,0,0
EHG_PE,D,20230728,000000,8.6,8.6,8.6,8.6,0,0
EHG_PE,D,20230731,000000,9.1,9.1,8.7,8.7,0,0
EHG_PE,D,20230802,000000,8.9,9.6,8.7,8.7,0,0
EHG_PE,D,20230803,000000,8.7,8.7,8.7,8.7,0,0
EHG_PE,D,20230804,000000,8.7,8.7,8.7,8.7,0,0
EHG_PE,D,20230807,000000,8.7,8.7,8.1,8.1,0,0
EHG_PE,D,20230808,000000,8.101,8.7,7.826,8.7,0,0
EHG_PE,D,20230809,000000,8.608,8.884,7.917,8.8,0,0
EHG_PE,D,20230810,000000,8.39,8.801,8.345,8.8,0,0
EHG_PE,D,20230811,000000,8.755,8.8,8.755,8.8,0,0
EHG_PE,D,20230814,000000,8.387,8.4,8.387,8.4,0,0
EHG_PE,D,20230816,000000,8.905,8.905,8.8,8.8,0,0
EHG_PE,D,20230817,000000,8.664,8.71,8.573,8.6,0,0
EHG_PE,D,20230818,000000,8.646,8.737,8.646,8.7,0,0
EHG_PE,D,20230821,000000,8.609,8.609,8.6,8.6,0,0
EHG_PE,D,20230824,000000,7.964,8.555,7.964,8.5,0,0
EHG_PE,D,20230829,000000,8.454,8.5,8.454,8.5,0,0
EHG_PE,D,20230830,000000,8.591,219.5,8.591,219.5,0,0
EHG_PE,D,20230831,000000,219.54,222.1,219.54,222.1,0,0
EHG_PE,D,20230904,000000,202.299,221.839,202.299,221.7,0,0
EHG_PE,D,20230907,000000,201.143,217.143,201.143,212.6,0,0
EHG_PE,D,20230912,000000,212.222,214.444,211.9,211.9,0,0
EHG_PE,D,20230915,000000,200,213.333,200,213.2,0,0
EHG_PE,D,20230918,000000,214.444,214.444,198.889,214,0,0
EHG_PE,D,20230919,000000,213.333,233.333,213.333,232.4,0,0
EHG_PE,D,20230920,000000,215.47,232.044,215.47,232,0,0
EHG_PE,D,20230921,000000,209.945,211.4,209.945,211.4,0,0
EHG_PE,D,20230925,000000,231.285,231.285,208.939,228.5,0,0
EHG_PE,D,20230926,000000,227.933,227.933,227.6,227.6,0,0
EHG_PE,D,20230927,000000,210.056,223.464,210.056,223.2,0,0
EHG_PE,D,20230928,000000,206.704,223.2,206.704,220.8,0,0
EHG_PE,D,20230929,000000,220,220,219.6,219.6,0,0
EHG_PE,D,20231002,000000,211.111,219.6,211.111,211.9,0,0
EHG_PE,D,20231003,000000,223.464,234.637,211.9,228.4,0,0
EHG_PE,D,20231004,000000,227.778,233.333,222.222,233.2,0,0
EHG_PE,D,20231005,000000,233.333,234.8,233.333,234.8,0,0
EHG_PE,D,20231006,000000,234.637,234.7,234.637,234.7,0,0
EHG_PE,D,20231009,000000,234.637,238,234.637,238,0,0
EHG_PE,D,20231010,000000,238.202,248.1,235.955,248.1,0,0
EHG_PE,D,20231011,000000,248.588,250.3,248.588,250.3,0,0
EHG_PE,D,20231012,000000,238.636,250,238.636,249.5,0,0
EHG_PE,D,20231013,000000,250,252.273,249,249,0,0
EHG_PE,D,20231016,000000,248.588,252.4,248.588,252.4,0,0
EHG_PE,D,20231023,000000,248.276,248.276,229.885,232,0,0
EHG_PE,D,20231024,000000,232.37,232.37,230.8,230.8,0,0
EHG_PE,D,20231025,000000,231.214,243.5,231.214,243.5,0,0
EHG_PE,D,20231103,000000,242.775,253.179,242.775,252.6,0,0
EHG_PE,D,20231113,000000,248.837,248.837,221.5,221.5,0,0
EHG_PE,D,20231114,000000,227.907,227.907,222.093,222.4,0,0
EHG_PE,D,20231115,000000,231.395,233.1,231.395,233.1,0,0
EHG_PE,D,20231116,000000,232.749,233.3,232.749,233.3,0,0
EHG_PE,D,20231121,000000,231.765,232.1,231.765,232.1,0,0
EHG_PE,D,20231122,000000,229.412,229.412,228.9,228.9,0,0
EHG_PE,D,20231124,000000,235.294,247.059,235.294,236.4,0,0
EHG_PE,D,20231128,000000,236.686,253.254,236.686,252.7,0,0
EHG_PE,D,20240612,000000,4.4,4.4,4.4,4.4,0,0
EHG_PE,D,20240613,000000,4.186,4.2,4.125,4.2,0,0
EHG_PE,D,20240614,000000,4.108,4.108,4.077,4.1,0,0
EHG_PE,D,20240617,000000,4.069,4.1,4.069,4.1,0,0
EHG_PE,D,20240619,000000,4.007,4.007,3.727,3.8,0,0
EHG_PE,D,20240620,000000,3.707,3.9,3.707,3.9,0,0
EHG_PE,D,20240624,000000,3.9,3.931,3.557,3.9,0,0
EHG_PE,D,20240625,000000,3.9,3.9,3.9,3.9,0,0
EHG_PE,D,20240627,000000,3.838,3.931,3.652,3.9,0,0
EHG_PE,D,20240701,000000,3.961,4,3.931,4,0,0
EHG_PE,D,20240702,000000,3.969,4.25,3.969,4.2,0,0
EHG_PE,D,20240703,000000,4.262,4.3,3.922,4.3,0,0
EHG_PE,D,20240704,000000,4.424,4.736,4.393,4.6,0,0
EHG_PE,D,20240705,000000,4.569,4.6,4.413,4.6,0,0
EHG_PE,D,20240709,000000,4.663,4.757,4.064,4.7,0,0
EHG_PE,D,20240710,000000,4.669,4.7,4.046,4.7,0,0
EHG_PE,D,20240711,000000,4.669,4.7,4.669,4.7,0,0
EHG_PE,D,20240712,000000,4.732,4.732,4.7,4.7,0,0
EHG_PE,D,20240716,000000,4.7,4.7,4.7,4.7,0,0
EHG_PE,D,20240717,000000,4.669,4.669,4.6,4.6,0,0
EHG_PE,D,20240718,000000,4.444,4.6,4.006,4.6,0,0
EHG_PE,D,20240719,000000,4.6,4.694,4.6,4.6,0,0
EHG_PE,D,20240722,000000,4.569,4.6,4.538,4.6,0,0
EHG_PE,D,20240723,000000,4.569,4.569,4.006,4.5,0,0
EHG_PE,D,20240724,000000,4.594,4.594,4.4,4.4,0,0
EHG_PE,D,20240726,000000,4.493,4.5,4.493,4.5,0,0
EHG_PE,D,20240729,000000,4.469,4.5,4.469,4.5,0,0
EHG_PE,D,20240731,000000,4.5,4.5,3.844,4.3,0,0
EHG_PE,D,20240801,000000,4.3,4.457,3.892,4.4,0,0
EHG_PE,D,20240802,000000,4.337,4.337,3.897,3.9,0,0
EHG_PE,D,20240805,000000,4.183,4.183,4.1,4.1,0,0
EHG_PE,D,20240806,000000,4.162,4.223,3.9,3.9,0,0
EHG_PE,D,20240807,000000,3.9,3.9,3.9,3.9,0,0
EHG_PE,D,20240808,000000,4.266,21.8,4.144,21.8,0,0
EHG_PE,D,20240812,000000,21.701,21.701,21.408,21.5,0,0
EHG_PE,D,20240813,000000,21.208,21.208,20.619,20.7,0,0
EHG_PE,D,20240816,000000,21.286,21.4,21.286,21.4,0,0
EHG_PE,D,20240819,000000,22.14,22.2,22.14,22.2,0,0
EHG_PE,D,20240820,000000,22.057,22.057,19.97,21,0,0
EHG_PE,D,20240821,000000,21.445,21.445,21.3,21.3,0,0
EHG_PE,D,20240822,000000,21.154,21.2,21.154,21.2,0,0
EHG_PE,D,20240823,000000,21.5,21.5,21.5,21.5,0,0
EHG_PE,D,20240826,000000,19.867,20.904,19.274,20.6,0,0
EHG_PE,D,20240828,000000,21.185,21.185,20.296,20.3,0,0
EHG_PE,D,20240829,000000,20.593,20.593,18.963,19,0,0
EHG_PE,D,20240830,000000,20.193,20.193,20.193,20.193,0,0
EHG_PE,D,20241205,000000,24.7,24.7,24.7,24.7,0,0
EHG_PE,D,20241206,000000,24.287,24.7,24.287,24.7,0,0
EHG_PE,D,20241209,000000,24.705,24.705,24.275,24.4,0,0
EHG_PE,D,20241210,000000,24.19,24.19,24.1,24.1,0,0
EHG_PE,D,20241211,000000,24.327,24.327,23.251,24.3,0,0
EHG_PE,D,20241216,000000,22.366,22.366,21.935,22,0,0
EHG_PE,D,20241217,000000,22.654,22.654,21.791,21.8,0,0
EHG_PE,D,20241218,000000,21.791,21.8,20.496,21.8,0,0
EHG_PE,D,20241219,000000,20.496,20.5,20.496,20.5,0,0
EHG_PE,D,20241220,000000,20.496,21.8,20.496,21.8,0,0
EHG_PE,D,20241223,000000,21.791,22.222,21.791,21.8,0,0
EHG_PE,D,20241227,000000,22.222,22.222,20.4,20.4,0,0
EHG_PE,D,20241230,000000,24.49,24.49,22.342,22.6,0,0
EHG_PE,D,20250102,000000,24.758,24.758,21.5,21.5,0,0
EHG_PE,D,20250103,000000,23.656,26.452,23.656,26.4,0,0
EHG_PE,D,20250107,000000,27.039,32.403,27.039,32.4,0,0
EHG_PE,D,20250108,000000,31.317,36.501,31.317,35.3,0,0
EHG_PE,D,20250109,000000,35.307,37.46,29.279,36,0,0
EHG_PE,D,20250110,000000,36.013,37.299,36.013,37.2,0,0
EHG_PE,D,20250113,000000,36.559,37.419,36.559,37.4,0,0
EHG_PE,D,20250114,000000,37.419,42.151,36.129,40.4,0,0
EHG_PE,D,20250115,000000,41.461,41.461,37.379,39.9,0,0
EHG_PE,D,20250116,000000,38.835,39.914,37.5,37.5,0,0
EHG_PE,D,20250117,000000,37.5,38.793,34.052,38.5,0,0
EHG_PE,D,20250120,000000,38.28,38.495,36.559,36.6,0,0
EHG_PE,D,20250121,000000,36.598,39.828,32.939,37.8,0,0
EHG_PE,D,20250122,000000,38.661,38.661,31.749,35.7,0,0
EHG_PE,D,20250123,000000,35.931,37,35.714,37,0,0
EHG_PE,D,20250124,000000,37.65,37.867,35.691,36,0,0
EHG_PE,D,20250127,000000,36.641,36.641,27.699,31.1,0,0
EHG_PE,D,20250128,000000,31.087,31.087,28.261,29.7,0,0
EHG_PE,D,20250129,000000,30.568,30.568,28.821,29.7,0,0
EHG_PE,D,20250130,000000,29.476,29.694,27.074,27.1,0,0
EHG_PE,D,20250131,000000,27.978,28.197,26.8,26.8,0,0
EHG_PE,D,20250203,000000,27.887,27.887,26.7,26.7,0,0
EHG_PE,D,20250204,000000,27.362,27.4,27.362,27.4,0,0
EHG_PE,D,20250205,000000,27.609,27.609,27.391,27.5,0,0
EHG_PE,D,20250211,000000,27.601,27.7,27.601,27.7,0,0
EHG_PE,D,20250212,000000,27.253,27.3,27.253,27.3,0,0
EHG_PE,D,20250213,000000,27.093,27.1,26.872,27.1,0,0
EHG_PE,D,20250214,000000,27.093,27.1,27.093,27.1,0,0
EHG_PE,D,20250217,000000,26.432,27.093,26.432,26.5,0,0
EHG_PE,D,20250219,000000,27.152,27.2,27.152,27.2,0,0
EHG_PE,D,20250220,000000,26.549,26.549,26.4,26.4,0,0
EHG_PE,D,20250225,000000,26.49,27.5,26.49,27.5,0,0
EHG_PE,D,20250226,000000,26.608,26.608,26.6,26.6,0,0
EHG_PE,D,20250227,000000,27.273,27.3,27.273,27.3,0,0
EHG_PE,D,20250303,000000,25.664,25.664,25.5,25.5,0,0
EHG_PE,D,20250305,000000,27.152,29.36,8.6,8.6,0,0
EHG_PE,D,20250306,000000,8.5,8.5,8.5,8.5,0,0
EHG_PE,D,20250307,000000,8.5,8.5,8.369,8.4,0,0
EHG_PE,D,20250311,000000,8.202,8.202,8.2,8.2,0,0
EHG_PE,D,20250313,000000,8.593,8.593,8.199,8.2,0,0
EHG_PE,D,20250314,000000,8.199,8.4,8.199,8.4,0,0
EHG_PE,D,20250317,000000,8.53,8.53,8,8,0,0
EHG_PE,D,20250318,000000,8,8,8,8,0,0
EHG_PE,D,20250319,000000,7.672,8.328,7.672,8.3,0,0
EHG_PE,D,20250321,000000,8.497,8.497,7.7,7.7,0,0
EHG_PE,D,20250324,000000,8.091,8.1,8.091,8.1,0,0
EHG_PE,D,20250325,000000,8.099,8.099,7.969,8,0,0
EHG_PE,D,20250327,000000,8,8.262,7.869,7.9,0,0
EHG_PE,D,20250328,000000,7.9,7.9,7.9,7.9,0,0
EHG_PE,D,20250331,000000,7.966,7.966,7.7,7.7,0,0
EHG_PE,D,20250401,000000,7.7,7.7,7.7,7.7,0,0
EHG_PE,D,20250402,000000,7.634,7.7,7.634,7.7,0,0
EHG_PE,D,20250403,000000,7.963,8.029,7.7,7.7,0,0
EHG_PE,D,20250404,000000,8.424,8.424,7.8,7.8,0,0
EHG_PE,D,20250407,000000,7.475,7.475,7.28,7.475,0,0
EHG_PE,D,20250411,000000,7.529,7.7,7.529,7.7,0,0
EHG_PE,D,20250414,000000,8.018,8.018,7.7,7.8,0,0
EHG_PE,D,20250415,000000,8.3,8.3,8.3,8.3,0,0
EHG_PE,D,20250416,000000,8.301,8.301,7.529,8.2,0,0
EHG_PE,D,20250417,000000,8.2,8.2,8.2,8.2,0,0
EHG_PE,D,20250422,000000,7.623,8.3,7.623,8.3,0,0
EHG_PE,D,20250423,000000,8.108,8.108,7.7,7.7,0,0
EHG_PE,D,20250424,000000,8.018,8.1,8.018,8.1,0,0
EHG_PE,D,20250425,000000,7.8,7.8,7.8,7.8,0,0
EHG_PE,D,20250428,000000,7.552,7.8,6.871,7.8,0,0
EHG_PE,D,20250506,000000,7.801,7.801,7.161,7.2,0,0
EHG_PE,D,20250508,000000,7.779,7.779,7.7,7.7,0,0
EHG_PE,D,20250509,000000,7.956,8,7.956,8,0,0
EHG_PE,D,20250512,000000,7.613,8,7.484,7.7,0,0
EHG_PE,D,20250513,000000,7.7,7.7,7.7,7.7,0,0
EHG_PE,D,20250516,000000,7.7,7.7,7.4,7.4,0,0
EHG_PE,D,20250519,000000,7.4,7.4,7.4,7.4,0,0
EHG_PE,D,20250521,000000,7.4,7.4,7.336,7.4,0,0
EHG_PE,D,20250522,000000,7.079,7.4,6.435,7.4,0,0
EHG_PE,D,20250523,000000,7.4,7.4,7.4,7.4,0,0
EHG_PE,D,20250527,000000,7.53,7.53,7.5,7.5,0,0
EHG_PE,D,20250602,000000,8.13,10.4,8.13,10.4,0,0
EHG_PE,D,20250605,000000,10.558,10.558,10.299,10.3,0,0
EHG_PE,D,20250609,000000,10.212,10.212,8.8,8.8,0,0
EHG_PE,D,20250610,000000,10.958,10.958,10.354,10.4,0,0
EHG_PE,D,20250611,000000,10.225,10.399,9.272,9.6,0,0
EHG_PE,D,20250612,000000,10.558,10.558,10.3,10.3,0,0
EHG_PE,D,20250617,000000,10.125,10.125,9.5,9.5,0,0
EHG_PE,D,20250618,000000,9.845,10.104,9.845,9.9,0,0
EHG_PE,D,20250620,000000,10.161,10.2,9.813,10.2,0,0
EHG_PE,D,20250623,000000,9.939,9.939,9.677,9.8,0,0
EHG_PE,D,20250624,000000,9.54,9.6,9.54,9.6,0,0
EHG_PE,D,20250625,000000,9.599,9.948,9.599,9.9,0,0
EHG_PE,D,20250626,000000,9.726,9.8,9.726,9.8,0,0
EHG_PE,D,20250627,000000,10.149,10.149,10.1,10.1,0,0
EHG_PE,D,20250630,000000,10.1,10.1,9.752,10.1,0,0
EHG_PE,D,20250703,000000,10.1,10.3,10.1,10.3,0,0
EHG_PE,D,20250704,000000,9.865,10.301,9.69,10.3,0,0
EHG_PE,D,20250707,000000,10.301,10.825,10,10,0,0
EHG_PE,D,20250708,000000,9.913,10,9.913,10,0,0
EHG_PE,D,20250709,000000,10.174,11.304,10.174,10.8,0,0
EHG_PE,D,20250710,000000,10.801,11.15,10.105,10.5,0,0
EHG_PE,D,20250711,000000,10.936,11.1,10.936,11.1,0,0
EHG_PE,D,20250715,000000,10.827,10.827,10.481,10.5,0,0
EHG_PE,D,20250716,000000,10.412,12.408,10.412,12.2,0,0
EHG_PE,D,20250717,000000,12.375,12.375,11.155,11.5,0,0
EHG_PE,D,20250718,000000,11.063,11.1,11.063,11.1,0,0
EHG_PE,D,20250721,000000,11.364,11.364,11.3,11.3,0,0
EHG_PE,D,20250722,000000,11.386,12.1,11.386,12.1,0,0
EHG_PE,D,20250723,000000,12.097,12.185,12.097,12.1,0,0
EHG_PE,D,20250724,000000,12.446,12.446,12.097,12.1,0,0
EHG_PE,D,20250725,000000,12.097,12.1,12.097,12.1,0,0
EHG_PE,D,20250729,000000,11.749,12.446,11.749,12.4,0,0
EHG_PE,D,20250730,000000,12.142,14.31,12.142,12.2,0,0
EHG_PE,D,20250801,000000,12.116,12.203,12.116,12.2,0,0
EHG_PE,D,20250804,000000,12.289,12.549,12.116,12.4,0,0
EHG_PE,D,20250805,000000,12.576,12.6,12.576,12.6,0,0
EHG_PE,D,20250806,000000,12.598,12.598,12.5,12.5,0,0
EHG_PE,D,20250807,000000,12.5,12.9,12.5,12.9,0,0
EHG_PE,D,20250808,000000,12.898,12.9,12.898,12.9,0,0
EHG_PE,D,20250811,000000,12.985,12.985,12.288,12.3,0,0
EHG_PE,D,20250812,000000,12.996,13,12.996,13,0,0
EHG_PE,D,20250814,000000,13.002,13.002,12.3,12.3,0,0
EHG_PE,D,20250818,000000,12.386,12.4,12.386,12.4,0,0
EHG_PE,D,20250819,000000,12.402,12.402,12.4,12.4,0,0
EHG_PE,D,20250822,000000,12.402,12.402,12.3,12.3,0,0
EHG_PE,D,20250825,000000,12.126,12.213,12.126,12.2,0,0
EHG_PE,D,20250826,000000,12.288,12.288,12.2,12.2,0,0
EHG_PE,D,20250827,000000,12.549,12.549,12.116,12.2,0,0
EHG_PE,D,20250828,000000,12.2,12.2,12.2,12.2,0,0
EHG_PE,D,20250829,000000,12.2,12.2,11.068,11.4,0,0
EHG_PE,D,20250903,000000,4.007,4.382,3.981,4.1,0,0
EHG_PE,D,20250904,000000,4.1,4.483,4.1,4.4,0,0
EHG_PE,D,20250905,000000,4.024,4.1,4.024,4.1,0,0
EHG_PE,D,20250908,000000,4.483,4.483,4.4,4.4,0,0
EHG_PE,D,20250909,000000,4.4,4.4,4.024,4.1,0,0
EHG_PE,D,20250910,000000,4.1,4.1,3.9,3.9,0,0
EHG_PE,D,20250911,000000,3.954,4,3.954,4,0,0
EHG_PE,D,20250915,000000,4.027,4.027,4,4,0,0
EHG_PE,D,20250916,000000,4,4,3.9,3.9,0,0
EHG_PE,D,20250918,000000,3.954,4.33,3.954,4,0,0
EHG_PE,D,20250919,000000,4.295,4.3,4.295,4.3,0,0
EHG_PE,D,20250922,000000,4.058,4.4,4.058,4.4,0,0
EHG_PE,D,20250923,000000,4.4,4.5,4.4,4.5,0,0
EHG_PE,D,20250924,000000,4.5,4.527,4.5,4.5,0,0
EHG_PE,D,20250926,000000,4.118,4.118,4.1,4.1,0,0
EHG_PE,D,20250930,000000,4.073,4.073,3.9,3.9,0,0
EHG_PE,D,20251001,000000,3.9,3.927,3.9,3.9,0,0
EHG_PE,D,20251003,000000,4.082,4.11,4.082,4.1,0,0
EHG_PE,D,20251006,000000,4.1,4.537,4.1,4.5,0,0
EHG_PE,D,20251007,000000,4.2,4.227,4.2,4.2,0,0
EHG_PE,D,20251008,000000,4.2,4.2,4.2,4.2,0,0
EHG_PE,D,20251009,000000,4.2,4.2,4.2,4.2,0,0
EHG_PE,D,20251010,000000,4.2,4.2,4.2,4.2,0,0
EHG_PE,D,20251013,000000,4.2,4.2,4.2,4.2,0,0
EHG_PE,D,20251014,000000,4.2,4.2,4.2,4.2,0,0
EHG_PE,D,20251015,000000,4.2,4.2,4.2,4.2,0,0
EHG_PE,D,20251016,000000,4.2,4.2,4.2,4.2,0,0
EHG_PE,D,20251017,000000,4.444,4.444,4.4,4.4,0,0
EHG_PE,D,20251020,000000,4.4,4.5,3.89,4.5,0,0
EHG_PE,D,20251021,000000,4.091,4.091,4,4,0,0
EHG_PE,D,20251022,000000,4,4.295,4,4.1,0,0
EHG_PE,D,20251023,000000,3.91,3.91,3.801,3.9,0,0
EHG_PE,D,20251024,000000,3.927,3.955,3.8,3.8,0,0
EHG_PE,D,20251027,000000,3.8,3.8,3.8,3.8,0,0
EHG_PE,D,20251028,000000,3.962,4,3.962,4,0,0
EHG_PE,D,20251029,000000,4.27,4.3,4.27,4.3,0,0
EHG_PE,D,20251104,000000,3.837,3.946,3.837,3.9,0,0
EHG_PE,D,20251107,000000,3.792,3.8,3.792,3.8,0,0
EHG_PE,D,20251110,000000,3.8,3.8,3.746,3.8,0,0
EHG_PE,D,20251112,000000,4.101,4.101,4.1,4.1,0,0
EHG_PE,D,20251113,000000,4.237,4.237,4.1,4.1,0,0
EHG_PE,D,20251114,000000,4.1,4.1,4.1,4.1,0,0
EHG_PE,D,20251124,000000,3.854,3.854,3.772,3.8,0,0
EHG_PE,D,20251126,000000,4.103,4.103,3.9,3.9,0,0
EHG_PE,D,20251128,000000,4.171,4.2,4.171,4.2,0,0
EHG_PE,D,20251201,000000,4.227,4.227,3.955,4,0,0
EHG_PE,D,20251202,000000,4,4,3.7,3.7,0,0
EHG_PE,D,20251203,000000,3.7,3.801,3.7,3.8,0,0
EHG_PE,D,20251204,000000,3.8,3.8,3.8,3.8,0,0
EHG_PE,D,20251209,000000,3.8,3.8,3.8,3.8,0,0
EHG_PE,D,20251210,000000,3.8,3.8,3.8,3.8,0,0
EHG_PE,D,20251211,000000,3.8,3.8,3.8,3.8,0,0
EHG_PE,D,20251212,000000,3.8,3.8,3.8,3.8,0,0
EHG_PE,D,20251215,000000,3.8,3.8,3.8,3.8,0,0
EHG_PE,D,20251216,000000,3.724,3.724,3.7,3.7,0,0
EHG_PE,D,20251217,000000,3.7,3.7,3.7,3.7,0,0
EHG_PE,D,20251218,000000,3.7,3.7,3.7,3.7,0,0
EHG_PE,D,20251219,000000,3.7,3.7,3.348,3.4,0,0
EHG_PE,D,20251222,000000,3.476,3.5,3.476,3.5,0,0
EHG_PE,D,20251223,000000,3.5,3.783,3.423,3.474,0,0
EHG_PE,D,20251229,000000,3.809,3.809,3.7,3.7,0,0
EHG_PE,D,20260102,000000,3.675,3.7,3.4,3.7,0,0
EHG_PE,D,20260105,000000,3.65,3.7,3.65,3.7,0,0
EHG_PE,D,20260107,000000,3.828,4.159,3.828,4.1,0,0
EHG_PE,D,20260108,000000,4.1,4.1,3.698,4,0,0
EHG_PE,D,20260109,000000,3.775,4,3.775,4,0,0
EHG_PE,D,20260112,000000,4,4,4,4,0,0
EHG_PE,D,20260113,000000,4.025,4.025,3.825,3.9,0,0
EHG_PE,D,20260114,000000,3.9,3.9,3.8,3.8,0,0
EHG_PE,D,20260115,000000,3.825,3.825,3.8,3.8,0,0
EHG_PE,D,20260116,000000,3.8,3.8,3.8,3.8,0,0
EHG_PE,D,20260119,000000,3.8,3.8,3.7,3.7,0,0
EHG_PE,D,20260120,000000,3.7,3.7,3.7,3.7,0,0
EHG_PE,D,20260121,000000,3.65,3.7,3.65,3.7,0,0
EHG_PE,D,20260123,000000,3.7,3.7,3.7,3.7,0,0
