<TICKER>,<PER>,<DATE>,<TIME>,<OPEN>,<HIGH>,<LOW>,<CLOSE>,<VOL>,<OPENINT>
GMT_PB,D,20210317,000000,14.96,14.96,14.96,14.96,0,0
GMT_PB,D,20210318,000000,15.57,16.87,15.46,16.75,0,0
GMT_PB,D,20210319,000000,16.89,22.28,16.89,21.74,0,0
GMT_PB,D,20210322,000000,22.74,25.06,20.64,21,0,0
GMT_PB,D,20210323,000000,22.08,23.74,20.59,20.98,0,0
GMT_PB,D,20210324,000000,20.98,20.98,19.32,19.32,0,0
GMT_PB,D,20210325,000000,19.59,20.98,18,18.77,0,0
GMT_PB,D,20210326,000000,18.89,19.1,18.7,18.86,0,0
GMT_PB,D,20210329,000000,18.86,19.32,18.01,18.33,0,0
GMT_PB,D,20210330,000000,18.66,18.66,17.77,17.77,0,0
GMT_PB,D,20210331,000000,17.88,18.88,17.44,17.51,0,0
GMT_PB,D,20210401,000000,17.66,17.66,16.1,16.17,0,0
GMT_PB,D,20210406,000000,16.18,18.27,16.18,18.1,0,0
GMT_PB,D,20210407,000000,18.42,18.42,17.22,18.11,0,0
GMT_PB,D,20210408,000000,18.21,18.21,17.44,17.77,0,0
GMT_PB,D,20210409,000000,18.08,19.87,17.44,19.43,0,0
GMT_PB,D,20210412,000000,19.63,19.63,18.38,18.72,0,0
GMT_PB,D,20210413,000000,18.72,18.99,17.82,17.82,0,0
GMT_PB,D,20210414,000000,17.45,18.55,17.35,17.44,0,0
GMT_PB,D,20210415,000000,17.87,17.87,17.13,17.33,0,0
GMT_PB,D,20210416,000000,17.33,17.66,16.89,17.66,0,0
GMT_PB,D,20210419,000000,17.66,17.66,16.67,16.67,0,0
GMT_PB,D,20210420,000000,16.76,16.76,16.01,16.45,0,0
GMT_PB,D,20210421,000000,16.55,16.55,15.62,15.79,0,0
GMT_PB,D,20210422,000000,15.79,16.34,15.68,15.76,0,0
GMT_PB,D,20210423,000000,15.68,15.79,14.77,14.87,0,0
GMT_PB,D,20210426,000000,14.47,15.05,14.47,14.68,0,0
GMT_PB,D,20210427,000000,14.79,15.01,14.77,14.9,0,0
GMT_PB,D,20210428,000000,14.91,14.91,14.22,14.24,0,0
GMT_PB,D,20210429,000000,14.23,15.4,14.23,15.01,0,0
GMT_PB,D,20210430,000000,14.9,15.9,14.57,14.57,0,0
GMT_PB,D,20210504,000000,15.4,15.4,14.36,14.52,0,0
GMT_PB,D,20210505,000000,14.52,14.52,13.84,14.19,0,0
GMT_PB,D,20210506,000000,14.19,14.19,13.42,13.58,0,0
GMT_PB,D,20210507,000000,13.58,14.3,13.27,13.87,0,0
GMT_PB,D,20210510,000000,14.33,15.51,13.81,15.37,0,0
GMT_PB,D,20210511,000000,15.45,15.68,15.35,15.46,0,0
GMT_PB,D,20210512,000000,14.81,17.61,14.42,17.61,0,0
GMT_PB,D,20210513,000000,18.23,18.23,17.15,17.73,0,0
GMT_PB,D,20210514,000000,18.01,18.01,17.07,17.2,0,0
GMT_PB,D,20210517,000000,17.47,20.9,17.47,20.9,0,0
GMT_PB,D,20210518,000000,21.48,21.48,19.76,20.97,0,0
GMT_PB,D,20210519,000000,21.24,21.24,19.35,19.35,0,0
GMT_PB,D,20210520,000000,19.62,20.15,19.06,19.75,0,0
GMT_PB,D,20210521,000000,19.76,19.76,19.22,19.6,0,0
GMT_PB,D,20210524,000000,19.22,19.62,18.34,18.92,0,0
GMT_PB,D,20210525,000000,18.82,19.18,18.35,18.41,0,0
GMT_PB,D,20210526,000000,18.76,18.76,17.78,18.75,0,0
GMT_PB,D,20210527,000000,18.82,19.69,18.55,19.47,0,0
GMT_PB,D,20210528,000000,19.33,19.35,18.51,19.15,0,0
GMT_PB,D,20210531,000000,18.83,19.2,18.68,18.94,0,0
GMT_PB,D,20210601,000000,18.95,19.09,18.71,18.82,0,0
GMT_PB,D,20210602,000000,18.82,18.95,18.57,18.88,0,0
GMT_PB,D,20210604,000000,18.78,18.82,18.32,18.82,0,0
GMT_PB,D,20210607,000000,18.82,18.82,18.14,18.8,0,0
GMT_PB,D,20210608,000000,18.95,18.95,18.43,18.79,0,0
GMT_PB,D,20210609,000000,18.78,18.95,18.57,18.82,0,0
GMT_PB,D,20210610,000000,19.03,19.03,18.62,18.62,0,0
GMT_PB,D,20210611,000000,18.62,18.9,18.43,18.62,0,0
GMT_PB,D,20210614,000000,18.87,18.87,18.29,18.55,0,0
GMT_PB,D,20210615,000000,18.55,18.55,18.02,18.06,0,0
GMT_PB,D,20210616,000000,18.02,19.76,17.43,18.54,0,0
GMT_PB,D,20210617,000000,18.79,18.79,17.88,18.21,0,0
GMT_PB,D,20210618,000000,18.41,18.41,17.68,18.4,0,0
GMT_PB,D,20210621,000000,18.4,18.4,17.88,17.89,0,0
GMT_PB,D,20210622,000000,18.11,18.41,17.61,17.61,0,0
GMT_PB,D,20210623,000000,17.54,18.09,17.54,17.98,0,0
GMT_PB,D,20210624,000000,18.13,18.13,17.54,18.07,0,0
GMT_PB,D,20210625,000000,18.01,18.01,17.22,17.6,0,0
GMT_PB,D,20210628,000000,17.61,17.61,17.2,17.47,0,0
GMT_PB,D,20210629,000000,17.61,17.61,17.27,17.41,0,0
GMT_PB,D,20210630,000000,17.61,17.61,16.94,16.96,0,0
GMT_PB,D,20210701,000000,17.46,17.46,17.03,17.45,0,0
GMT_PB,D,20210702,000000,17.43,17.45,16.99,17.05,0,0
GMT_PB,D,20210705,000000,17.2,17.2,16.83,16.85,0,0
GMT_PB,D,20210706,000000,16.94,17.07,16.83,16.94,0,0
GMT_PB,D,20210707,000000,17.07,17.2,16.94,17.07,0,0
GMT_PB,D,20210708,000000,17.2,17.94,17,17.34,0,0
GMT_PB,D,20210709,000000,17.08,17.46,17.07,17.46,0,0
GMT_PB,D,20210712,000000,17.54,17.61,16.95,16.95,0,0
GMT_PB,D,20210713,000000,17.47,17.47,16.95,17.07,0,0
GMT_PB,D,20210714,000000,17.31,17.31,17.07,17.07,0,0
GMT_PB,D,20210715,000000,17.27,17.27,16.94,17.27,0,0
GMT_PB,D,20210716,000000,17.27,17.27,16.94,17.23,0,0
GMT_PB,D,20210719,000000,17,17.27,16.7,16.7,0,0
GMT_PB,D,20210720,000000,16.64,16.7,16.37,16.7,0,0
GMT_PB,D,20210721,000000,16.7,16.8,16.53,16.67,0,0
GMT_PB,D,20210722,000000,16.29,16.67,16.29,16.64,0,0
GMT_PB,D,20210723,000000,16.64,16.8,16.53,16.8,0,0
GMT_PB,D,20210726,000000,16.53,16.8,16.13,16.13,0,0
GMT_PB,D,20210727,000000,16.13,16.67,15.86,15.99,0,0
GMT_PB,D,20210728,000000,15.72,15.97,15.54,15.93,0,0
GMT_PB,D,20210729,000000,15.72,15.72,15.48,15.65,0,0
GMT_PB,D,20210730,000000,15.48,15.48,14.72,15.11,0,0
GMT_PB,D,20210802,000000,14.92,15.05,14.52,14.77,0,0
GMT_PB,D,20210803,000000,14.77,14.78,14.54,14.7,0,0
GMT_PB,D,20210804,000000,14.62,15.86,14.62,15.26,0,0
GMT_PB,D,20210805,000000,15.26,15.36,14.83,14.85,0,0
GMT_PB,D,20210806,000000,15.29,15.29,14.78,15.08,0,0
GMT_PB,D,20210809,000000,15.12,15.29,14.78,15.19,0,0
GMT_PB,D,20210810,000000,14.8,15.21,14.8,15.19,0,0
GMT_PB,D,20210811,000000,15.19,15.2,14.78,15.16,0,0
GMT_PB,D,20210812,000000,15.13,15.14,14.77,14.77,0,0
GMT_PB,D,20210813,000000,15.11,15.11,14.58,14.65,0,0
GMT_PB,D,20210816,000000,14.52,15.14,14.52,15.07,0,0
GMT_PB,D,20210817,000000,15.15,18.88,15.15,18.88,0,0
GMT_PB,D,20210818,000000,19.16,19.16,18.39,18.39,0,0
GMT_PB,D,20210819,000000,18.4,18.4,18.06,18.06,0,0
GMT_PB,D,20210820,000000,18.04,18.37,17.89,17.89,0,0
GMT_PB,D,20210823,000000,18.06,18.29,17.73,18.28,0,0
GMT_PB,D,20210824,000000,18.22,18.22,17.65,18.05,0,0
GMT_PB,D,20210825,000000,17.76,18.05,17.57,17.81,0,0
GMT_PB,D,20210826,000000,17.89,18,17.57,17.86,0,0
GMT_PB,D,20210827,000000,17.86,17.86,17.4,17.73,0,0
GMT_PB,D,20210830,000000,17.72,17.72,17.48,17.69,0,0
GMT_PB,D,20210831,000000,17.69,17.72,17.07,17.63,0,0
GMT_PB,D,20210901,000000,17.63,18.12,17.43,17.89,0,0
GMT_PB,D,20210902,000000,17.73,17.89,17.43,17.7,0,0
GMT_PB,D,20210903,000000,17.73,17.73,17.4,17.55,0,0
GMT_PB,D,20210906,000000,17.48,17.89,17.4,17.89,0,0
GMT_PB,D,20210907,000000,17.89,20.03,17.89,19.37,0,0
GMT_PB,D,20210908,000000,18.88,20.52,18.88,20.49,0,0
GMT_PB,D,20210909,000000,20.52,21.01,18.63,19.7,0,0
GMT_PB,D,20210910,000000,19.86,20.19,19.7,20.03,0,0
GMT_PB,D,20210913,000000,20.36,20.52,19.54,20.36,0,0
GMT_PB,D,20210914,000000,19.7,20.39,19.21,19.54,0,0
GMT_PB,D,20210915,000000,19.68,19.68,18.3,19.21,0,0
GMT_PB,D,20210916,000000,19.19,19.19,18.39,18.88,0,0
GMT_PB,D,20210917,000000,19.04,19.04,18.35,18.88,0,0
GMT_PB,D,20210920,000000,19.19,19.19,18.09,18.68,0,0
GMT_PB,D,20210921,000000,18.06,19.53,18.06,18.88,0,0
GMT_PB,D,20210922,000000,18.42,19.01,18.06,18.71,0,0
GMT_PB,D,20210923,000000,18.71,18.71,18.08,18.55,0,0
GMT_PB,D,20210924,000000,19.04,19.04,18.06,18.63,0,0
GMT_PB,D,20210927,000000,18.63,18.63,18.22,18.39,0,0
GMT_PB,D,20210928,000000,18.19,18.39,18.06,18.3,0,0
GMT_PB,D,20210929,000000,18.06,18.3,17.57,18.06,0,0
GMT_PB,D,20210930,000000,17.57,17.98,17.27,17.89,0,0
GMT_PB,D,20211001,000000,17.27,17.75,17.26,17.57,0,0
GMT_PB,D,20211004,000000,17.79,17.79,17.09,17.57,0,0
GMT_PB,D,20211005,000000,17.47,17.57,16.81,17.53,0,0
GMT_PB,D,20211006,000000,16.91,17.24,16.55,17.22,0,0
GMT_PB,D,20211007,000000,16.6,17.24,16.51,17.2,0,0
GMT_PB,D,20211008,000000,17.2,17.24,16.74,17.23,0,0
GMT_PB,D,20211011,000000,17.38,18.71,17.38,17.88,0,0
GMT_PB,D,20211012,000000,17.88,17.89,17.24,17.57,0,0
GMT_PB,D,20211013,000000,17.87,17.89,16.96,17.89,0,0
GMT_PB,D,20211014,000000,16.99,17.87,16.99,17.7,0,0
GMT_PB,D,20211015,000000,17.7,17.7,16.99,17.07,0,0
GMT_PB,D,20211018,000000,16.91,17.07,16.74,17.07,0,0
GMT_PB,D,20211019,000000,17.04,17.53,17.04,17.48,0,0
GMT_PB,D,20211020,000000,16.91,17.2,16.78,17.2,0,0
GMT_PB,D,20211021,000000,16.81,17.53,16.78,17.5,0,0
GMT_PB,D,20211022,000000,17.27,17.5,16.78,17.5,0,0
GMT_PB,D,20211025,000000,16.84,17.4,16.61,16.68,0,0
GMT_PB,D,20211026,000000,16.58,17.04,16.45,16.88,0,0
GMT_PB,D,20211027,000000,16.45,17.04,16.22,16.42,0,0
GMT_PB,D,20211028,000000,16.42,16.42,15.85,16.4,0,0
GMT_PB,D,20211029,000000,16.4,16.74,15.92,15.92,0,0
GMT_PB,D,20211102,000000,16.01,16.58,16.01,16.58,0,0
GMT_PB,D,20211103,000000,16.58,16.73,16.42,16.73,0,0
GMT_PB,D,20211104,000000,16.74,16.74,16.48,16.74,0,0
GMT_PB,D,20211105,000000,16.74,17.2,16.51,17.1,0,0
GMT_PB,D,20211108,000000,17.01,22.32,16.58,22.32,0,0
GMT_PB,D,20211109,000000,22.3,22.32,21.51,22.12,0,0
GMT_PB,D,20211110,000000,22.12,22.3,21.51,22.11,0,0
GMT_PB,D,20211112,000000,21.31,21.88,21.11,21.39,0,0
GMT_PB,D,20211115,000000,21.02,21.27,20.3,21.2,0,0
GMT_PB,D,20211116,000000,21.19,21.19,20.09,20.13,0,0
GMT_PB,D,20211117,000000,20.13,20.29,19.93,20.29,0,0
GMT_PB,D,20211118,000000,20.19,20.29,19.73,20.28,0,0
GMT_PB,D,20211119,000000,19.89,20.15,19.69,19.89,0,0
GMT_PB,D,20211122,000000,19.69,19.89,19.38,19.83,0,0
GMT_PB,D,20211123,000000,19.48,19.83,19.28,19.48,0,0
GMT_PB,D,20211124,000000,19.48,20.3,19.48,19.69,0,0
GMT_PB,D,20211125,000000,20.27,20.3,19.59,20.21,0,0
GMT_PB,D,20211126,000000,20.21,20.3,19.69,20.3,0,0
GMT_PB,D,20211129,000000,19.89,20.3,19.81,20.25,0,0
GMT_PB,D,20211130,000000,20.25,20.3,19.6,19.89,0,0
GMT_PB,D,20211201,000000,20.3,20.86,20.3,20.86,0,0
GMT_PB,D,20211202,000000,20.9,21,20.3,20.8,0,0
GMT_PB,D,20211203,000000,20.84,20.84,20.44,20.7,0,0
GMT_PB,D,20211206,000000,20.8,20.9,20.44,20.5,0,0
GMT_PB,D,20211207,000000,20.44,20.49,19.48,20.48,0,0
GMT_PB,D,20211208,000000,19.79,20.3,19.79,20.3,0,0
GMT_PB,D,20211209,000000,19.99,20.3,19.89,20.3,0,0
GMT_PB,D,20211210,000000,19.91,20.09,19.89,19.89,0,0
GMT_PB,D,20211213,000000,19.89,19.89,19.52,19.75,0,0
GMT_PB,D,20211214,000000,19.75,20.3,18.57,19.69,0,0
GMT_PB,D,20211215,000000,19.08,19.28,18.27,19.28,0,0
GMT_PB,D,20211216,000000,19.28,20.09,18.69,19.85,0,0
GMT_PB,D,20211217,000000,19.85,19.89,19.08,19.48,0,0
GMT_PB,D,20211220,000000,19.77,19.77,18.87,19.46,0,0
GMT_PB,D,20211221,000000,18.67,19.26,18.47,18.98,0,0
GMT_PB,D,20211222,000000,18.67,19.06,18.47,18.81,0,0
GMT_PB,D,20211223,000000,18.79,18.87,18.27,18.67,0,0
GMT_PB,D,20211227,000000,18.39,18.47,17.9,18.06,0,0
GMT_PB,D,20211228,000000,18.1,18.27,17.66,17.84,0,0
GMT_PB,D,20211229,000000,17.66,19.08,17.45,18.96,0,0
GMT_PB,D,20211230,000000,18.63,19.04,18.47,18.98,0,0
GMT_PB,D,20220103,000000,18.98,20.29,18.98,19.97,0,0
GMT_PB,D,20220104,000000,19.97,20.21,19.28,20.17,0,0
GMT_PB,D,20220105,000000,19.89,21.92,19.28,21.31,0,0
GMT_PB,D,20220107,000000,21.51,22.73,21.51,21.92,0,0
GMT_PB,D,20220110,000000,22.43,22.43,21.11,21.31,0,0
GMT_PB,D,20220111,000000,21.11,21.75,20.7,21.45,0,0
GMT_PB,D,20220112,000000,21.31,21.51,20.3,20.3,0,0
GMT_PB,D,20220113,000000,20.32,21.31,20.3,20.68,0,0
GMT_PB,D,20220114,000000,20.3,20.68,19.89,20.09,0,0
GMT_PB,D,20220117,000000,20.3,20.7,19.69,20.3,0,0
GMT_PB,D,20220118,000000,20.09,20.3,19.69,20.3,0,0
GMT_PB,D,20220119,000000,19.89,20.3,19.69,20.09,0,0
GMT_PB,D,20220120,000000,20.27,20.27,19.69,20.15,0,0
GMT_PB,D,20220121,000000,20.3,20.3,19.29,20.09,0,0
GMT_PB,D,20220124,000000,19.29,19.85,18.47,18.67,0,0
GMT_PB,D,20220125,000000,19.18,19.67,18.87,19.28,0,0
GMT_PB,D,20220126,000000,19.28,19.28,18.79,19.26,0,0
GMT_PB,D,20220127,000000,19.28,19.28,18.47,19.27,0,0
GMT_PB,D,20220128,000000,19.28,19.28,18.27,18.47,0,0
GMT_PB,D,20220131,000000,19.18,19.18,18.87,19.08,0,0
GMT_PB,D,20220201,000000,18.87,19.08,18.27,18.87,0,0
GMT_PB,D,20220202,000000,18.87,19.07,18.33,19.07,0,0
GMT_PB,D,20220203,000000,19.03,19.03,18.16,18.37,0,0
GMT_PB,D,20220204,000000,18.18,18.45,18.06,18.27,0,0
GMT_PB,D,20220207,000000,18.06,18.54,17.86,18.25,0,0
GMT_PB,D,20220208,000000,18.27,18.83,17.86,18.83,0,0
GMT_PB,D,20220209,000000,18.83,19.03,17.86,18.07,0,0
GMT_PB,D,20220210,000000,18.64,18.67,18.16,18.16,0,0
GMT_PB,D,20220211,000000,18.23,20.3,18.23,20.23,0,0
GMT_PB,D,20220214,000000,19.79,20.19,19.08,19.69,0,0
GMT_PB,D,20220215,000000,19.69,20.3,19.69,20.3,0,0
GMT_PB,D,20220216,000000,19.71,20.3,19.71,19.85,0,0
GMT_PB,D,20220217,000000,19.85,20.27,19.69,20.27,0,0
GMT_PB,D,20220218,000000,19.89,31.94,19.71,31.94,0,0
GMT_PB,D,20220221,000000,32.27,32.86,31.58,32.4,0,0
GMT_PB,D,20220222,000000,30.92,32.24,30.92,32.24,0,0
GMT_PB,D,20220223,000000,31.91,32.24,31.91,32.08,0,0
GMT_PB,D,20220224,000000,28.39,30.27,23.03,27.63,0,0
GMT_PB,D,20220225,000000,26.32,29.54,26.32,29.25,0,0
GMT_PB,D,20220228,000000,28.46,30.92,28.46,30.92,0,0
GMT_PB,D,20220301,000000,29.94,30.27,28.29,29.61,0,0
GMT_PB,D,20220302,000000,27.96,27.96,26.02,27.63,0,0
GMT_PB,D,20220303,000000,27.31,27.31,25.66,25.96,0,0
GMT_PB,D,20220304,000000,26.31,26.32,23.89,24.97,0,0
GMT_PB,D,20220307,000000,24.02,24.02,21.71,22.7,0,0
GMT_PB,D,20220308,000000,22.7,23.68,21.88,22.44,0,0
GMT_PB,D,20220309,000000,23.35,25.5,23.03,23.03,0,0
GMT_PB,D,20220310,000000,23.03,23.03,22.7,23.03,0,0
GMT_PB,D,20220311,000000,22.86,23.03,22.7,23.03,0,0
GMT_PB,D,20220314,000000,23.03,23.03,22.37,23,0,0
GMT_PB,D,20220315,000000,23.03,23.03,22.38,23.03,0,0
GMT_PB,D,20220316,000000,23.03,26.32,23.03,24.67,0,0
GMT_PB,D,20220317,000000,25.33,25.92,25.17,25.63,0,0
GMT_PB,D,20220318,000000,25,26.15,24.67,25.92,0,0
GMT_PB,D,20220321,000000,27.31,27.31,25.5,26.19,0,0
GMT_PB,D,20220322,000000,25.5,25.99,24.84,24.84,0,0
GMT_PB,D,20220323,000000,24.84,24.84,23.03,23.03,0,0
GMT_PB,D,20220324,000000,22.96,23.69,22.71,23.65,0,0
GMT_PB,D,20220325,000000,23.19,23.19,23.03,23.03,0,0
GMT_PB,D,20220328,000000,23.19,23.19,22.91,23.03,0,0
GMT_PB,D,20220329,000000,23.03,23.03,22.37,22.86,0,0
GMT_PB,D,20220330,000000,22.86,22.86,22.54,22.7,0,0
GMT_PB,D,20220331,000000,22.7,22.7,22.37,22.44,0,0
GMT_PB,D,20220401,000000,21.71,23.36,21.71,23.03,0,0
GMT_PB,D,20220404,000000,23.03,23.03,22.04,22.37,0,0
GMT_PB,D,20220405,000000,22.07,22.37,21.38,21.38,0,0
GMT_PB,D,20220406,000000,21.38,21.68,21.06,21.52,0,0
GMT_PB,D,20220407,000000,21.38,23.03,21.05,23.03,0,0
GMT_PB,D,20220408,000000,23.03,24.64,22.37,23.03,0,0
GMT_PB,D,20220411,000000,23.03,24.21,22.44,23.56,0,0
GMT_PB,D,20220412,000000,23.56,24.48,22.54,24.21,0,0
GMT_PB,D,20220413,000000,23.36,24.34,23.36,24.34,0,0
GMT_PB,D,20220414,000000,24.28,24.28,24.25,24.28,0,0
GMT_PB,D,20220419,000000,23.36,23.69,22.73,23.32,0,0
GMT_PB,D,20220420,000000,23.49,23.65,22.77,23.56,0,0
GMT_PB,D,20220421,000000,23.59,23.59,23.46,23.46,0,0
GMT_PB,D,20220422,000000,22.9,23.42,22.73,23.42,0,0
GMT_PB,D,20220425,000000,22.7,23.39,22.67,23.03,0,0
GMT_PB,D,20220426,000000,23.03,23.29,22.07,23.03,0,0
GMT_PB,D,20220427,000000,23.03,23.03,23,23,0,0
GMT_PB,D,20220428,000000,22.37,22.7,22.11,22.67,0,0
GMT_PB,D,20220429,000000,23.03,27.63,23.03,24.34,0,0
GMT_PB,D,20220502,000000,25.17,25.17,23.69,24.67,0,0
GMT_PB,D,20220504,000000,26.32,26.32,23.19,24.18,0,0
GMT_PB,D,20220505,000000,24.34,24.34,23.03,23.36,0,0
GMT_PB,D,20220506,000000,23.36,24.18,23.06,24.02,0,0
GMT_PB,D,20220509,000000,23.16,23.95,23.16,23.85,0,0
GMT_PB,D,20220510,000000,23.19,23.19,23.03,23.03,0,0
GMT_PB,D,20220511,000000,23.92,23.92,23.03,23.92,0,0
GMT_PB,D,20220512,000000,23.92,23.95,23.03,23.82,0,0
GMT_PB,D,20220513,000000,23.82,23.82,23.72,23.72,0,0
GMT_PB,D,20220516,000000,23.95,24.02,23.95,23.98,0,0
GMT_PB,D,20220517,000000,23.36,23.36,23.03,23.03,0,0
GMT_PB,D,20220518,000000,23.65,23.65,23.65,23.65,0,0
GMT_PB,D,20220519,000000,23.23,23.23,23.03,23.03,0,0
GMT_PB,D,20220520,000000,23.03,23.03,22.7,23,0,0
GMT_PB,D,20220523,000000,23.69,23.69,22.63,23.03,0,0
GMT_PB,D,20220524,000000,23.62,23.65,22.67,23.03,0,0
GMT_PB,D,20220525,000000,23.19,23.19,23.19,23.19,0,0
GMT_PB,D,20220526,000000,23.19,23.95,23.19,23.95,0,0
GMT_PB,D,20220527,000000,24.02,24.02,24.02,24.02,0,0
GMT_PB,D,20220530,000000,23.36,23.92,23.03,23.03,0,0
GMT_PB,D,20220531,000000,23.03,23.92,19.74,20.43,0,0
GMT_PB,D,20220601,000000,21.55,5548,20.27,5548,0,0
GMT_PB,D,20220602,000000,5548,5548,5230,5303,0,0
GMT_PB,D,20220603,000000,5303,5385,5058,5099,0,0
GMT_PB,D,20220606,000000,5107,5221,5009,5213,0,0
GMT_PB,D,20220607,000000,5205,5221,5034,5213,0,0
GMT_PB,D,20220608,000000,5270,5629,5066,5066,0,0
GMT_PB,D,20220609,000000,5197,5197,4895,4977,0,0
GMT_PB,D,20220610,000000,5058,5099,4814,4936,0,0
GMT_PB,D,20220613,000000,4928,4928,4504,4569,0,0
GMT_PB,D,20220614,000000,4569,4773,4495,4495,0,0
GMT_PB,D,20220615,000000,4569,4797,4528,4797,0,0
GMT_PB,D,20220617,000000,4487,4650,4414,4650,0,0
GMT_PB,D,20220620,000000,4373,4724,4283,4683,0,0
GMT_PB,D,20220621,000000,4650,4707,4406,4659,0,0
GMT_PB,D,20220622,000000,4650,4650,4389,4642,0,0
GMT_PB,D,20220624,000000,4650,4650,4373,4626,0,0
GMT_PB,D,20220627,000000,4650,5058,4430,4724,0,0
GMT_PB,D,20220628,000000,4512,4960,4512,4960,0,0
GMT_PB,D,20220629,000000,4960,4960,4814,4936,0,0
GMT_PB,D,20220630,000000,4928,4928,4536,4805,0,0
GMT_PB,D,20220701,000000,4805,4960,4805,4920,0,0
GMT_PB,D,20220704,000000,4944,4960,4879,4879,0,0
GMT_PB,D,20220705,000000,4952,4952,4528,4895,0,0
GMT_PB,D,20220706,000000,4691,4895,4691,4887,0,0
GMT_PB,D,20220707,000000,4895,4960,4814,4895,0,0
GMT_PB,D,20220708,000000,4879,4895,4879,4895,0,0
GMT_PB,D,20220711,000000,4895,4895,4814,4887,0,0
GMT_PB,D,20220712,000000,4650,4871,4650,4871,0,0
GMT_PB,D,20220713,000000,4871,4879,4871,4879,0,0
GMT_PB,D,20220714,000000,4887,4887,4773,4887,0,0
GMT_PB,D,20220715,000000,4659,4879,4650,4879,0,0
GMT_PB,D,20220718,000000,4895,4895,4814,4814,0,0
GMT_PB,D,20220719,000000,4814,4814,4814,4814,0,0
GMT_PB,D,20220720,000000,4610,4879,4610,4650,0,0
GMT_PB,D,20220721,000000,4814,4814,4659,4814,0,0
GMT_PB,D,20220722,000000,4618,4814,4618,4814,0,0
GMT_PB,D,20220725,000000,4618,4871,4610,4871,0,0
GMT_PB,D,20220726,000000,4707,4862,4618,4862,0,0
GMT_PB,D,20220727,000000,4846,4846,4846,4846,0,0
GMT_PB,D,20220728,000000,4871,4871,4854,4854,0,0
GMT_PB,D,20220729,000000,4773,4854,4691,4846,0,0
GMT_PB,D,20220801,000000,4618,5534,4487,5534,0,0
GMT_PB,D,20220802,000000,5525,5525,5338,5516,0,0
GMT_PB,D,20220803,000000,5431,5853,5431,5609,0,0
GMT_PB,D,20220804,000000,5525,5778,5525,5712,0,0
GMT_PB,D,20220805,000000,5665,5712,5619,5693,0,0
GMT_PB,D,20220808,000000,5693,5712,5534,5665,0,0
GMT_PB,D,20220809,000000,5581,5647,5338,5619,0,0
GMT_PB,D,20220810,000000,5619,5665,5431,5450,0,0
GMT_PB,D,20220811,000000,5478,5619,5459,5619,0,0
GMT_PB,D,20220812,000000,5469,5806,5469,5806,0,0
GMT_PB,D,20220816,000000,5956,6068,13.89,13.89,0,0
GMT_PB,D,20220817,000000,13.68,13.72,12.79,13.01,0,0
GMT_PB,D,20220818,000000,12.79,13.33,12.57,12.57,0,0
GMT_PB,D,20220819,000000,12.44,13.01,12.36,12.51,0,0
GMT_PB,D,20220822,000000,12.57,13.2,12.57,13.01,0,0
GMT_PB,D,20220823,000000,12.68,12.9,12.46,12.9,0,0
GMT_PB,D,20220824,000000,12.57,12.98,12.46,12.98,0,0
GMT_PB,D,20220825,000000,12.57,12.96,12.57,12.94,0,0
GMT_PB,D,20220826,000000,12.96,12.96,12.46,12.96,0,0
GMT_PB,D,20220829,000000,12.38,12.57,12.18,12.53,0,0
GMT_PB,D,20220830,000000,12.22,12.59,12.22,12.36,0,0
GMT_PB,D,20220831,000000,12.36,12.79,12.14,12.79,0,0
GMT_PB,D,20220901,000000,12.79,12.79,11.92,12.36,0,0
GMT_PB,D,20220902,000000,12.36,12.49,12.36,12.49,0,0
GMT_PB,D,20220905,000000,11.92,12.14,11.71,12.14,0,0
GMT_PB,D,20220906,000000,12.14,12.14,12.14,12.14,0,0
GMT_PB,D,20220907,000000,11.73,11.92,11.71,11.92,0,0
GMT_PB,D,20220908,000000,11.49,11.88,11.27,11.88,0,0
GMT_PB,D,20220909,000000,11.27,12.79,11.27,11.92,0,0
GMT_PB,D,20220912,000000,12.14,13.4,12.14,12.77,0,0
GMT_PB,D,20220913,000000,12.18,12.79,11.71,12.14,0,0
GMT_PB,D,20220914,000000,11.71,12.36,11.71,11.92,0,0
GMT_PB,D,20220915,000000,12.36,12.57,11.51,11.51,0,0
GMT_PB,D,20220916,000000,11.92,12.25,11.71,11.92,0,0
GMT_PB,D,20220919,000000,12.25,12.68,12.14,12.36,0,0
GMT_PB,D,20220920,000000,12.36,12.36,12.36,12.36,0,0
GMT_PB,D,20220922,000000,11.97,12.27,11.92,12.14,0,0
GMT_PB,D,20220923,000000,12.27,12.27,11.42,11.71,0,0
GMT_PB,D,20220926,000000,11.44,11.9,10.84,11.81,0,0
GMT_PB,D,20220927,000000,10.95,11.66,10.95,11.66,0,0
GMT_PB,D,20220928,000000,11.38,11.68,11.38,11.38,0,0
GMT_PB,D,20220929,000000,11.71,11.71,11.27,11.27,0,0
GMT_PB,D,20220930,000000,11.06,11.06,10.84,11.06,0,0
GMT_PB,D,20221003,000000,10.62,11.06,10.62,11.06,0,0
GMT_PB,D,20221004,000000,11.27,11.27,10.73,10.84,0,0
GMT_PB,D,20221005,000000,11.06,11.27,10.83,10.84,0,0
GMT_PB,D,20221006,000000,11.06,11.06,10.57,10.84,0,0
GMT_PB,D,20221007,000000,11.03,11.03,10.99,10.99,0,0
GMT_PB,D,20221010,000000,11.06,11.06,10.58,10.93,0,0
GMT_PB,D,20221011,000000,10.95,10.95,10.41,10.61,0,0
GMT_PB,D,20221012,000000,10.56,10.56,9.97,10.49,0,0
GMT_PB,D,20221013,000000,10.39,10.39,9.75,9.97,0,0
GMT_PB,D,20221014,000000,9.97,10.62,9.43,9.79,0,0
GMT_PB,D,20221017,000000,10.19,11.16,10.19,10.76,0,0
GMT_PB,D,20221018,000000,11.06,11.06,10.41,10.41,0,0
GMT_PB,D,20221019,000000,11.06,11.06,10.95,11.03,0,0
GMT_PB,D,20221020,000000,11.06,11.06,10.99,10.99,0,0
GMT_PB,D,20221021,000000,10.97,11.03,10.97,10.99,0,0
GMT_PB,D,20221024,000000,10.99,11.6,10.99,11.4,0,0
GMT_PB,D,20221025,000000,11.42,11.42,11.4,11.4,0,0
GMT_PB,D,20221026,000000,11.68,11.68,10.84,11.27,0,0
GMT_PB,D,20221027,000000,10.86,11.92,10.86,11.38,0,0
GMT_PB,D,20221028,000000,11.84,11.84,11.29,11.66,0,0
GMT_PB,D,20221031,000000,11.81,11.81,11.29,11.31,0,0
GMT_PB,D,20221102,000000,11.38,12.98,11.12,12.42,0,0
GMT_PB,D,20221103,000000,12.33,12.36,11.75,12.31,0,0
GMT_PB,D,20221104,000000,12.36,12.36,11.92,12.31,0,0
GMT_PB,D,20221107,000000,12.25,12.25,11.57,12.07,0,0
GMT_PB,D,20221108,000000,12.05,12.05,11.51,11.86,0,0
GMT_PB,D,20221109,000000,11.53,11.68,11.38,11.68,0,0
GMT_PB,D,20221110,000000,11.64,11.64,11.21,11.64,0,0
GMT_PB,D,20221114,000000,11.62,11.9,10.84,11.9,0,0
GMT_PB,D,20221115,000000,11.47,11.47,11.06,11.47,0,0
GMT_PB,D,20221116,000000,11.49,18.95,10.73,18.95,0,0
GMT_PB,D,20221117,000000,19.02,19.02,18.29,18.29,0,0
GMT_PB,D,20221118,000000,18.66,19.28,18.47,19.28,0,0
GMT_PB,D,20221121,000000,19.39,19.39,18.66,19.17,0,0
GMT_PB,D,20221122,000000,19.17,19.2,18.32,19.13,0,0
GMT_PB,D,20221123,000000,19.31,19.31,18.47,18.66,0,0
GMT_PB,D,20221124,000000,19.28,19.28,18.47,19.24,0,0
GMT_PB,D,20221125,000000,19.31,19.31,18.98,19.24,0,0
GMT_PB,D,20221128,000000,19.31,19.31,18.44,19.17,0,0
GMT_PB,D,20221129,000000,19.02,20.81,18.73,20.7,0,0
GMT_PB,D,20221130,000000,20.85,24.88,20.85,23.7,0,0
GMT_PB,D,20221201,000000,23.78,23.78,22.31,23.34,0,0
GMT_PB,D,20221202,000000,23.41,23.41,22.75,23.34,0,0
GMT_PB,D,20221205,000000,23.41,27.43,23.41,25.97,0,0
GMT_PB,D,20221206,000000,25.97,27.32,25.97,27.14,0,0
GMT_PB,D,20221207,000000,27.4,27.4,25.42,25.53,0,0
GMT_PB,D,20221208,000000,25.97,25.97,24.84,25.46,0,0
GMT_PB,D,20221209,000000,25.97,25.97,24.84,25.9,0,0
GMT_PB,D,20221212,000000,25.97,25.97,23.78,24.51,0,0
GMT_PB,D,20221213,000000,25.46,25.5,24.36,24.88,0,0
GMT_PB,D,20221214,000000,23.74,24.62,23.74,24.54,0,0
GMT_PB,D,20221215,000000,24.32,24.32,23.41,23.78,0,0
GMT_PB,D,20221216,000000,23.74,23.92,23.41,23.74,0,0
GMT_PB,D,20221219,000000,23.78,29.01,23.78,28.13,0,0
GMT_PB,D,20221220,000000,27.8,28.05,26.55,27.8,0,0
GMT_PB,D,20221221,000000,27.95,28.93,27.65,28.9,0,0
GMT_PB,D,20221222,000000,29.08,35.48,28.24,35.08,0,0
GMT_PB,D,20221223,000000,35.85,41.41,35.12,40.24,0,0
GMT_PB,D,20221227,000000,42.29,45.36,41.63,44.63,0,0
GMT_PB,D,20221228,000000,43.16,46.82,40.75,41.92,0,0
GMT_PB,D,20221229,000000,38.85,44.99,37.82,43.16,0,0
GMT_PB,D,20221230,000000,43.38,44.7,41.48,42.5,0,0
GMT_PB,D,20230102,000000,43.16,51.21,43.16,50.41,0,0
GMT_PB,D,20230103,000000,50.11,54.36,50.11,53.7,0,0
GMT_PB,D,20230104,000000,54.87,59.92,50.84,53.33,0,0
GMT_PB,D,20230105,000000,54.87,54.87,47.19,52.67,0,0
GMT_PB,D,20230109,000000,52.67,52.67,47.63,51.06,0,0
GMT_PB,D,20230110,000000,55.75,55.75,48.65,51.06,0,0
GMT_PB,D,20230111,000000,51.87,54.72,51.87,54.06,0,0
GMT_PB,D,20230112,000000,54.06,54.06,47.11,47.63,0,0
GMT_PB,D,20230113,000000,48.94,48.94,45.8,46.75,0,0
GMT_PB,D,20230116,000000,46.75,46.75,42.72,42.8,0,0
GMT_PB,D,20230117,000000,43.89,43.89,42.72,43.53,0,0
GMT_PB,D,20230118,000000,43.68,43.68,39.5,41.92,0,0
GMT_PB,D,20230119,000000,41.34,42.07,40.38,42.07,0,0
GMT_PB,D,20230120,000000,42.07,42.07,41.19,41.19,0,0
GMT_PB,D,20230123,000000,41.92,43.41,40.02,43.41,0,0
GMT_PB,D,20230124,000000,43.65,45.63,43.09,45.63,0,0
GMT_PB,D,20230125,000000,45.63,50.95,45.63,50.39,0,0
GMT_PB,D,20230126,000000,51.59,52.06,48.02,48.97,0,0
GMT_PB,D,20230127,000000,48.97,49.52,46.66,48.25,0,0
GMT_PB,D,20230130,000000,47.22,48.33,45.39,46.19,0,0
GMT_PB,D,20230131,000000,46.43,47.14,44.84,45.71,0,0
GMT_PB,D,20230201,000000,46.43,46.43,44.92,46.27,0,0
GMT_PB,D,20230202,000000,46.27,49.52,45.95,47.14,0,0
GMT_PB,D,20230203,000000,47.14,47.54,45.63,46.66,0,0
GMT_PB,D,20230206,000000,47.46,47.46,43.81,43.81,0,0
GMT_PB,D,20230207,000000,44.05,45.48,43.09,44.05,0,0
GMT_PB,D,20230208,000000,44.05,46.35,43.65,45.95,0,0
GMT_PB,D,20230209,000000,46.43,47.06,44.76,46.03,0,0
GMT_PB,D,20230210,000000,51.59,51.98,48.41,50.79,0,0
GMT_PB,D,20230213,000000,51.59,52.86,51.03,51.59,0,0
GMT_PB,D,20230214,000000,51.59,52.78,51.59,52.3,0,0
GMT_PB,D,20230215,000000,52.7,55.87,51.59,55.16,0,0
GMT_PB,D,20230216,000000,56.35,56.75,51.03,51.9,0,0
GMT_PB,D,20230217,000000,53.09,53.09,50,50,0,0
GMT_PB,D,20230220,000000,49.29,49.52,46.43,46.82,0,0
GMT_PB,D,20230221,000000,47.46,47.62,46.43,46.66,0,0
GMT_PB,D,20230222,000000,46.82,46.82,43.65,45,0,0
GMT_PB,D,20230223,000000,44.13,45.63,43.81,45.08,0,0
GMT_PB,D,20230224,000000,46.35,46.35,42.86,43.41,0,0
GMT_PB,D,20230227,000000,43.65,45.48,43.65,45.24,0,0
GMT_PB,D,20230228,000000,45.24,45.87,40.32,41.03,0,0
GMT_PB,D,20230301,000000,41.11,41.11,39.6,40,0,0
GMT_PB,D,20230302,000000,40.32,40.63,38.89,39.84,0,0
GMT_PB,D,20230303,000000,39.76,39.84,39.68,39.76,0,0
GMT_PB,D,20230306,000000,39.68,43.65,39.68,41.66,0,0
GMT_PB,D,20230307,000000,41.75,42.78,40.08,40.48,0,0
GMT_PB,D,20230308,000000,41.51,41.51,40.08,40.08,0,0
GMT_PB,D,20230309,000000,41.03,41.66,39.6,39.84,0,0
GMT_PB,D,20230310,000000,41.27,41.27,39.05,39.29,0,0
GMT_PB,D,20230313,000000,40.48,40.48,38.65,39.92,0,0
GMT_PB,D,20230314,000000,39.84,39.84,38.09,38.09,0,0
GMT_PB,D,20230315,000000,38.09,39.56,36.79,37.1,0,0
GMT_PB,D,20230316,000000,39.4,39.4,36.35,36.98,0,0
GMT_PB,D,20230317,000000,38.97,39.13,36.98,39.13,0,0
GMT_PB,D,20230320,000000,39.68,39.68,37.06,37.3,0,0
GMT_PB,D,20230321,000000,36.9,43.57,36.9,41.75,0,0
GMT_PB,D,20230322,000000,43.65,43.65,42.06,43.17,0,0
GMT_PB,D,20230323,000000,42.7,42.7,40.48,40.48,0,0
GMT_PB,D,20230324,000000,41.66,43.25,39.76,41.66,0,0
GMT_PB,D,20230327,000000,41.27,41.75,39.68,40.79,0,0
GMT_PB,D,20230328,000000,41.51,41.59,40.32,41.27,0,0
GMT_PB,D,20230329,000000,41.27,41.59,39.76,40.87,0,0
GMT_PB,D,20230330,000000,40.95,41.11,40.16,40.39,0,0
GMT_PB,D,20230331,000000,40.32,43.65,40.32,42.94,0,0
GMT_PB,D,20230403,000000,43.33,50.39,43.25,48.33,0,0
GMT_PB,D,20230404,000000,49.92,50.39,46.82,47.94,0,0
GMT_PB,D,20230405,000000,47.54,47.54,43.65,43.65,0,0
GMT_PB,D,20230406,000000,43.57,43.57,42.22,43.25,0,0
GMT_PB,D,20230411,000000,43.33,43.81,41.43,41.59,0,0
GMT_PB,D,20230412,000000,43.09,43.09,41.27,41.35,0,0
GMT_PB,D,20230413,000000,41.66,41.66,40.48,40.48,0,0
GMT_PB,D,20230414,000000,41.11,41.11,39.68,39.68,0,0
GMT_PB,D,20230417,000000,41.03,41.03,38.49,39.64,0,0
GMT_PB,D,20230418,000000,38.13,39.29,37.94,38.09,0,0
GMT_PB,D,20230419,000000,38.02,39.01,37.1,37.1,0,0
GMT_PB,D,20230420,000000,36.59,38.57,36.59,37.06,0,0
GMT_PB,D,20230421,000000,36.59,37.3,35.87,37.22,0,0
GMT_PB,D,20230424,000000,37.22,37.22,36.11,36.75,0,0
GMT_PB,D,20230425,000000,36.82,38.41,36.43,36.51,0,0
GMT_PB,D,20230426,000000,36.59,37.22,34.21,35.24,0,0
GMT_PB,D,20230427,000000,35.24,37.14,33.65,35,0,0
GMT_PB,D,20230428,000000,35.71,35.71,33.89,34.84,0,0
GMT_PB,D,20230502,000000,36.03,38.89,35.63,38.65,0,0
GMT_PB,D,20230504,000000,38.49,43.05,21.09,21.09,0,0
GMT_PB,D,20230505,000000,21.09,21.09,20.07,20.65,0,0
GMT_PB,D,20230508,000000,20.65,20.98,20.19,20.48,0,0
GMT_PB,D,20230509,000000,20.23,20.36,19.53,19.57,0,0
GMT_PB,D,20230510,000000,19.61,19.82,19.19,19.53,0,0
GMT_PB,D,20230511,000000,19.53,19.61,19.11,19.53,0,0
GMT_PB,D,20230512,000000,20.03,20.03,19.19,19.74,0,0
GMT_PB,D,20230515,000000,20.15,20.15,19.32,19.65,0,0
GMT_PB,D,20230516,000000,20.07,20.07,18.9,19.28,0,0
GMT_PB,D,20230517,000000,18.99,19.19,18.4,18.82,0,0
GMT_PB,D,20230518,000000,18.7,18.99,18.28,18.57,0,0
GMT_PB,D,20230519,000000,18.57,19.57,18.57,19.53,0,0
GMT_PB,D,20230522,000000,19.53,20.32,19.53,19.78,0,0
GMT_PB,D,20230523,000000,19.78,19.78,18.74,19.03,0,0
GMT_PB,D,20230524,000000,18.7,19.07,18.36,18.7,0,0
GMT_PB,D,20230525,000000,18.7,18.7,18.24,18.45,0,0
GMT_PB,D,20230526,000000,18.2,18.57,18.11,18.49,0,0
GMT_PB,D,20230529,000000,18.57,20.88,18.07,20.88,0,0
GMT_PB,D,20230530,000000,20.88,35.44,20.04,35.44,0,0
GMT_PB,D,20230531,000000,35.36,35.36,34.06,34.63,0,0
GMT_PB,D,20230601,000000,34.55,34.63,33.9,34.06,0,0
GMT_PB,D,20230602,000000,34.31,34.47,33.74,34.39,0,0
GMT_PB,D,20230605,000000,34.39,36.42,34.23,35.69,0,0
GMT_PB,D,20230606,000000,35.69,36.09,35.12,35.77,0,0
GMT_PB,D,20230607,000000,35.44,37.88,35.2,37.88,0,0
GMT_PB,D,20230609,000000,37.88,37.88,35.69,36.42,0,0
GMT_PB,D,20230612,000000,36.5,36.5,35.28,35.69,0,0
GMT_PB,D,20230613,000000,35.69,35.69,35.04,35.36,0,0
GMT_PB,D,20230614,000000,35.69,35.69,34.55,35.2,0,0
GMT_PB,D,20230615,000000,35.04,35.28,34.47,35.28,0,0
GMT_PB,D,20230616,000000,35.12,35.69,34.88,35.36,0,0
GMT_PB,D,20230619,000000,35.36,35.36,33.17,33.42,0,0
GMT_PB,D,20230620,000000,33.98,35.04,33.5,33.82,0,0
GMT_PB,D,20230621,000000,34.88,36.09,34.06,36.09,0,0
GMT_PB,D,20230622,000000,36.09,36.82,34.47,36.52,0,0
GMT_PB,D,20230623,000000,37.19,37.19,35.68,36.1,0,0
GMT_PB,D,20230626,000000,36.1,36.1,35.35,36.1,0,0
GMT_PB,D,20230627,000000,36.1,37.11,35.35,35.68,0,0
GMT_PB,D,20230628,000000,36.35,36.44,35.6,36.44,0,0
GMT_PB,D,20230629,000000,35.6,35.93,34.84,35.93,0,0
GMT_PB,D,20230630,000000,35.93,35.93,35.35,35.93,0,0
GMT_PB,D,20230703,000000,35.93,35.93,34.67,35.68,0,0
GMT_PB,D,20230704,000000,34.84,35.6,34.84,35.43,0,0
GMT_PB,D,20230705,000000,34.84,35.09,34.25,34.67,0,0
GMT_PB,D,20230706,000000,35.09,35.18,34.25,34.34,0,0
GMT_PB,D,20230707,000000,35.09,36.1,34.59,36.02,0,0
GMT_PB,D,20230710,000000,36.02,39.54,35.68,38.87,0,0
GMT_PB,D,20230711,000000,39.29,39.29,36.94,37.95,0,0
GMT_PB,D,20230712,000000,37.78,38.79,37.44,38.62,0,0
GMT_PB,D,20230713,000000,38.7,39.71,38.62,39.46,0,0
GMT_PB,D,20230714,000000,39.71,39.79,38.62,39.37,0,0
GMT_PB,D,20230717,000000,39.63,39.63,37.44,38.11,0,0
GMT_PB,D,20230718,000000,38.11,38.11,36.69,37.53,0,0
GMT_PB,D,20230719,000000,37.53,38.79,36.6,38.2,0,0
GMT_PB,D,20230720,000000,38.37,38.37,37.02,38.03,0,0
GMT_PB,D,20230721,000000,38.03,38.79,36.94,38.2,0,0
GMT_PB,D,20230724,000000,38.53,38.53,36.94,37.69,0,0
GMT_PB,D,20230725,000000,37.69,37.69,36.52,37.19,0,0
GMT_PB,D,20230726,000000,37.44,37.44,36.27,37.11,0,0
GMT_PB,D,20230727,000000,36.94,37.11,35.93,37.11,0,0
GMT_PB,D,20230728,000000,36.77,36.77,35.68,36.27,0,0
GMT_PB,D,20230731,000000,35.77,37.19,35.77,36.52,0,0
GMT_PB,D,20230801,000000,37.27,37.27,35.93,36.19,0,0
GMT_PB,D,20230802,000000,36.77,36.77,35.51,36.44,0,0
GMT_PB,D,20230803,000000,36.35,37.19,35.35,35.68,0,0
GMT_PB,D,20230804,000000,35.85,35.85,34.84,35.427,0,0
GMT_PB,D,20230807,000000,35.428,35.598,34.589,35.598,0,0
GMT_PB,D,20230808,000000,35.598,35.598,34.505,35.427,0,0
GMT_PB,D,20230809,000000,35.177,36.1,34.841,36.1,0,0
GMT_PB,D,20230810,000000,36.018,36.018,34.505,35.68,0,0
GMT_PB,D,20230811,000000,34.841,35.765,34.841,35.765,0,0
GMT_PB,D,20230814,000000,35.765,37.025,35.093,36.185,0,0
GMT_PB,D,20230816,000000,36.605,36.605,35.177,35.178,0,0
GMT_PB,D,20230817,000000,36.267,36.267,35.009,35.765,0,0
GMT_PB,D,20230818,000000,36.1,36.1,34.505,35.093,0,0
GMT_PB,D,20230821,000000,34.841,36.854,34.841,36.605,0,0
GMT_PB,D,20230822,000000,36.605,36.94,36.352,36.352,0,0
GMT_PB,D,20230823,000000,37.192,37.192,36.1,37.107,0,0
GMT_PB,D,20230824,000000,37.107,41.352,36.352,41.352,0,0
GMT_PB,D,20230825,000000,41.004,41.352,39.434,39.957,0,0
GMT_PB,D,20230828,000000,39.957,39.957,38.826,39.698,0,0
GMT_PB,D,20230829,000000,40.046,41.004,38.911,39.698,0,0
GMT_PB,D,20230830,000000,40.829,40.829,39.872,40.306,0,0
GMT_PB,D,20230831,000000,40.306,40.306,38.388,40.132,0,0
GMT_PB,D,20230901,000000,40.221,40.221,39.26,39.872,0,0
GMT_PB,D,20230904,000000,39.957,45.804,39.26,44.712,0,0
GMT_PB,D,20230905,000000,44.278,47.986,43.448,47.986,0,0
GMT_PB,D,20230906,000000,47.986,49.075,46.459,47.548,0,0
GMT_PB,D,20230907,000000,47.331,48.858,46.676,47.114,0,0
GMT_PB,D,20230908,000000,47.765,47.765,44.932,45.584,0,0
GMT_PB,D,20230911,000000,46.893,47.986,45.149,47.548,0,0
GMT_PB,D,20230912,000000,47.331,48.42,46.459,47.331,0,0
GMT_PB,D,20230913,000000,47.986,47.986,46.238,47.765,0,0
GMT_PB,D,20230914,000000,48.42,48.42,46.893,46.893,0,0
GMT_PB,D,20230915,000000,47.548,53,47.114,51.911,0,0
GMT_PB,D,20230918,000000,51.911,55.402,49.73,51.473,0,0
GMT_PB,D,20230919,000000,49.947,53,49.292,49.512,0,0
GMT_PB,D,20230920,000000,49.512,51.039,48.641,50.384,0,0
GMT_PB,D,20230921,000000,50.384,51.039,49.512,50.601,0,0
GMT_PB,D,20230922,000000,50.601,50.601,49.292,49.73,0,0
GMT_PB,D,20230925,000000,48.858,48.858,43.623,43.623,0,0
GMT_PB,D,20230926,000000,43.185,46.676,41.178,45.367,0,0
GMT_PB,D,20230927,000000,46.021,46.021,43.623,45.149,0,0
GMT_PB,D,20230928,000000,43.359,49.73,43.185,48.641,0,0
GMT_PB,D,20230929,000000,48.641,51.911,47.986,51.911,0,0
GMT_PB,D,20231002,000000,51.694,53.438,47.986,52.345,0,0
GMT_PB,D,20231003,000000,52.128,54.964,49.73,54.964,0,0
GMT_PB,D,20231004,000000,53.221,55.836,11.868,11.868,0,0
GMT_PB,D,20231005,000000,11.868,12.147,10.988,11.544,0,0
GMT_PB,D,20231006,000000,11.544,11.961,11.034,11.915,0,0
GMT_PB,D,20231009,000000,12.054,12.054,11.498,12.054,0,0
GMT_PB,D,20231010,000000,11.683,11.961,11.637,11.776,0,0
GMT_PB,D,20231011,000000,11.729,11.729,11.126,11.59,0,0
GMT_PB,D,20231012,000000,11.683,11.683,10.941,11.034,0,0
GMT_PB,D,20231013,000000,11.08,11.59,10.756,11.544,0,0
GMT_PB,D,20231016,000000,11.359,11.637,11.034,11.544,0,0
GMT_PB,D,20231017,000000,11.498,11.59,11.126,11.59,0,0
GMT_PB,D,20231018,000000,11.544,11.544,11.034,11.126,0,0
GMT_PB,D,20231019,000000,11.126,11.126,10.802,11.08,0,0
GMT_PB,D,20231020,000000,11.451,11.683,10.988,11.405,0,0
GMT_PB,D,20231023,000000,11.405,11.961,10.895,11.961,0,0
GMT_PB,D,20231024,000000,11.498,12.008,11.498,12.008,0,0
GMT_PB,D,20231025,000000,12.008,12.332,11.683,12.332,0,0
GMT_PB,D,20231026,000000,12.147,12.981,11.961,12.981,0,0
GMT_PB,D,20231027,000000,12.935,12.935,11.776,11.776,0,0
GMT_PB,D,20231030,000000,11.683,11.683,10.988,11.219,0,0
GMT_PB,D,20231031,000000,11.126,11.126,10.756,10.756,0,0
GMT_PB,D,20231102,000000,10.71,10.941,10.616,10.71,0,0
GMT_PB,D,20231103,000000,10.756,11.359,10.616,10.616,0,0
GMT_PB,D,20231106,000000,10.616,10.988,10.477,10.616,0,0
GMT_PB,D,20231107,000000,10.756,10.756,9.921,10.061,0,0
GMT_PB,D,20231108,000000,10.153,10.385,9.875,10.2,0,0
GMT_PB,D,20231109,000000,10.2,10.524,9.967,10.524,0,0
GMT_PB,D,20231110,000000,10.524,10.524,9.875,10.061,0,0
GMT_PB,D,20231113,000000,10.339,10.339,9.828,9.921,0,0
GMT_PB,D,20231114,000000,9.967,10.246,9.967,10.061,0,0
GMT_PB,D,20231115,000000,10.107,10.107,9.736,9.967,0,0
GMT_PB,D,20231116,000000,9.967,10.107,9.736,9.921,0,0
GMT_PB,D,20231117,000000,10.107,10.153,9.921,10.014,0,0
GMT_PB,D,20231120,000000,10.107,10.107,9.689,9.782,0,0
GMT_PB,D,20231121,000000,9.736,10.014,9.689,10.014,0,0
GMT_PB,D,20231122,000000,10.061,10.061,9.782,9.921,0,0
GMT_PB,D,20231123,000000,9.828,9.875,9.782,9.875,0,0
GMT_PB,D,20231124,000000,9.875,9.921,9.782,9.921,0,0
GMT_PB,D,20231127,000000,9.921,10.477,9.782,10.477,0,0
GMT_PB,D,20231128,000000,10.477,10.477,10.153,10.2,0,0
GMT_PB,D,20231129,000000,10.107,12.597,9.921,12.597,0,0
GMT_PB,D,20231130,000000,12.946,12.946,12.246,12.363,0,0
GMT_PB,D,20231201,000000,12.597,12.597,12.129,12.246,0,0
GMT_PB,D,20231204,000000,12.363,13.005,11.954,12.83,0,0
GMT_PB,D,20231205,000000,12.83,13.005,12.48,12.713,0,0
GMT_PB,D,20231206,000000,12.771,12.771,12.187,12.538,0,0
GMT_PB,D,20231207,000000,12.538,12.538,12.246,12.48,0,0
GMT_PB,D,20231208,000000,12.538,12.713,12.363,12.597,0,0
GMT_PB,D,20231211,000000,12.48,12.713,12.48,12.597,0,0
GMT_PB,D,20231212,000000,12.655,12.771,12.597,12.713,0,0
GMT_PB,D,20231213,000000,12.771,13.879,12.771,13.646,0,0
GMT_PB,D,20231214,000000,13.762,13.762,13.005,13.529,0,0
GMT_PB,D,20231215,000000,13.646,13.646,12.946,13.296,0,0
GMT_PB,D,20231218,000000,13.296,13.296,12.771,12.83,0,0
GMT_PB,D,20231219,000000,12.713,13.005,12.597,12.83,0,0
GMT_PB,D,20231220,000000,12.83,12.83,12.246,12.655,0,0
GMT_PB,D,20231221,000000,12.363,12.655,12.129,12.48,0,0
GMT_PB,D,20231222,000000,12.422,12.48,11.954,12.187,0,0
GMT_PB,D,20231227,000000,12.655,13.121,12.304,12.946,0,0
GMT_PB,D,20231228,000000,12.946,13.005,12.538,12.946,0,0
GMT_PB,D,20231229,000000,12.713,12.888,12.48,12.655,0,0
GMT_PB,D,20240102,000000,12.946,12.946,12.304,12.597,0,0
GMT_PB,D,20240103,000000,12.655,12.655,12.129,12.363,0,0
GMT_PB,D,20240104,000000,12.246,12.246,11.721,12.013,0,0
GMT_PB,D,20240105,000000,11.896,11.896,11.617,11.838,0,0
GMT_PB,D,20240108,000000,11.838,12.538,11.721,12.187,0,0
GMT_PB,D,20240109,000000,12.013,12.538,12.013,12.071,0,0
GMT_PB,D,20240110,000000,11.896,12.187,11.779,11.779,0,0
GMT_PB,D,20240111,000000,11.721,11.896,11.5,11.546,0,0
GMT_PB,D,20240112,000000,11.57,11.779,11.57,11.639,0,0
GMT_PB,D,20240115,000000,11.838,12.129,11.639,11.779,0,0
GMT_PB,D,20240116,000000,11.779,11.838,11.593,11.663,0,0
GMT_PB,D,20240117,000000,11.663,11.838,11.617,11.838,0,0
GMT_PB,D,20240118,000000,11.721,11.896,11.639,11.779,0,0
GMT_PB,D,20240119,000000,11.779,11.779,11.617,11.721,0,0
GMT_PB,D,20240122,000000,11.721,11.838,11.593,11.779,0,0
GMT_PB,D,20240123,000000,11.779,11.779,11.593,11.779,0,0
GMT_PB,D,20240124,000000,11.663,11.779,11.593,11.639,0,0
GMT_PB,D,20240125,000000,11.663,11.663,11.546,11.57,0,0
GMT_PB,D,20240126,000000,11.546,11.639,11.5,11.523,0,0
GMT_PB,D,20240129,000000,11.663,11.663,11.477,11.639,0,0
GMT_PB,D,20240130,000000,11.721,12.246,11.593,12.071,0,0
GMT_PB,D,20240131,000000,12.071,12.129,11.721,11.954,0,0
GMT_PB,D,20240201,000000,12.129,12.129,11.617,11.617,0,0
GMT_PB,D,20240202,000000,11.838,11.838,11.57,11.663,0,0
GMT_PB,D,20240205,000000,11.663,11.663,11.406,11.663,0,0
GMT_PB,D,20240206,000000,11.546,11.663,11.523,11.523,0,0
GMT_PB,D,20240207,000000,11.663,11.663,11.406,11.639,0,0
GMT_PB,D,20240208,000000,11.663,11.663,11.36,11.5,0,0
GMT_PB,D,20240209,000000,11.5,11.617,11.36,11.57,0,0
GMT_PB,D,20240212,000000,11.43,12.013,11.43,11.954,0,0
GMT_PB,D,20240213,000000,11.954,12.83,11.779,12.129,0,0
GMT_PB,D,20240214,000000,12.129,12.187,11.954,12.013,0,0
GMT_PB,D,20240215,000000,12.013,12.187,11.838,12.071,0,0
GMT_PB,D,20240216,000000,11.954,12.071,11.838,12.013,0,0
GMT_PB,D,20240219,000000,12.013,12.071,11.896,11.896,0,0
GMT_PB,D,20240220,000000,12.129,12.304,11.779,12.129,0,0
GMT_PB,D,20240221,000000,12.246,12.771,11.896,12.013,0,0
GMT_PB,D,20240222,000000,12.013,12.129,11.721,11.896,0,0
GMT_PB,D,20240223,000000,12.129,12.129,11.639,11.721,0,0
GMT_PB,D,20240226,000000,11.593,11.779,11.43,11.43,0,0
GMT_PB,D,20240227,000000,11.5,11.663,11.453,11.617,0,0
GMT_PB,D,20240228,000000,11.617,11.663,11.43,11.43,0,0
GMT_PB,D,20240229,000000,12.246,12.246,11.546,11.546,0,0
GMT_PB,D,20240301,000000,11.663,11.954,11.546,11.721,0,0
GMT_PB,D,20240304,000000,11.721,11.838,11.617,11.779,0,0
GMT_PB,D,20240305,000000,11.779,11.838,11.5,11.779,0,0
GMT_PB,D,20240306,000000,11.546,11.779,11.546,11.57,0,0
GMT_PB,D,20240307,000000,11.779,11.779,11.593,11.721,0,0
GMT_PB,D,20240308,000000,12.013,13.063,11.779,12.946,0,0
GMT_PB,D,20240311,000000,12.888,12.888,12.48,12.83,0,0
GMT_PB,D,20240312,000000,12.888,12.888,12.48,12.83,0,0
GMT_PB,D,20240313,000000,12.771,12.771,12.363,12.48,0,0
GMT_PB,D,20240314,000000,12.597,12.713,12.246,12.246,0,0
GMT_PB,D,20240315,000000,12.246,12.48,11.663,12.422,0,0
GMT_PB,D,20240318,000000,12.48,12.48,12.013,12.304,0,0
GMT_PB,D,20240319,000000,11.779,12.363,11.779,12.304,0,0
GMT_PB,D,20240320,000000,12.129,12.48,12.013,12.304,0,0
GMT_PB,D,20240321,000000,12.363,12.48,12.071,12.48,0,0
GMT_PB,D,20240322,000000,12.597,12.713,12.187,12.422,0,0
GMT_PB,D,20240325,000000,12.597,13.821,12.187,13.762,0,0
GMT_PB,D,20240326,000000,13.646,14.229,13.179,13.471,0,0
GMT_PB,D,20240327,000000,13.413,13.471,12.304,12.597,0,0
GMT_PB,D,20240328,000000,12.48,13.063,12.48,12.83,0,0
GMT_PB,D,20240402,000000,13.063,13.063,12.363,12.549,0,0
GMT_PB,D,20240403,000000,12.549,13.063,12.433,12.992,0,0
GMT_PB,D,20240404,000000,12.946,14.206,12.946,13.995,0,0
GMT_PB,D,20240405,000000,14.089,14.089,13.599,13.833,0,0
GMT_PB,D,20240408,000000,13.949,14.765,13.879,14.718,0,0
GMT_PB,D,20240409,000000,14.718,15.208,14.696,14.813,0,0
GMT_PB,D,20240410,000000,14.952,16.071,14.813,15.909,0,0
GMT_PB,D,20240411,000000,15.909,16.188,15.512,15.512,0,0
GMT_PB,D,20240412,000000,15.512,15.745,15.186,15.745,0,0
GMT_PB,D,20240415,000000,15.745,16.678,15.745,16.211,0,0
GMT_PB,D,20240416,000000,16.211,16.328,15.605,16.095,0,0
GMT_PB,D,20240417,000000,15.676,16.095,15.465,15.931,0,0
GMT_PB,D,20240418,000000,15.978,16.002,15.536,15.838,0,0
GMT_PB,D,20240419,000000,15.792,15.792,14.882,15.512,0,0
GMT_PB,D,20240422,000000,15.559,15.559,14.462,14.906,0,0
GMT_PB,D,20240423,000000,15.069,15.978,14.999,15.978,0,0
GMT_PB,D,20240424,000000,15.978,16.165,15.629,15.745,0,0
GMT_PB,D,20240425,000000,15.745,15.745,14.765,14.999,0,0
GMT_PB,D,20240426,000000,15.139,18.46,14.276,18.46,0,0
GMT_PB,D,20240429,000000,18.696,18.727,17.604,17.9,0,0
GMT_PB,D,20240430,000000,17.427,17.722,17.131,17.457,0,0
GMT_PB,D,20240502,000000,17.663,17.929,17.663,17.9,0,0
GMT_PB,D,20240506,000000,18.224,18.845,18.165,18.696,0,0
GMT_PB,D,20240507,000000,18.667,18.757,18.313,18.757,0,0
GMT_PB,D,20240508,000000,18.993,19.435,18.904,19.17,0,0
GMT_PB,D,20240509,000000,19.17,19.17,18.46,18.845,0,0
GMT_PB,D,20240510,000000,18.904,19.17,18.727,19.052,0,0
GMT_PB,D,20240513,000000,18.993,19.111,18.519,19.111,0,0
GMT_PB,D,20240514,000000,19.199,19.199,18.696,19.17,0,0
GMT_PB,D,20240515,000000,19.17,19.229,18.757,19.111,0,0
GMT_PB,D,20240516,000000,19.022,20.548,18.757,20.548,0,0
GMT_PB,D,20240517,000000,20.548,20.548,20.067,20.228,0,0
GMT_PB,D,20240520,000000,20.228,20.388,19.906,19.906,0,0
GMT_PB,D,20240521,000000,20.067,20.067,19.296,19.522,0,0
GMT_PB,D,20240522,000000,19.682,19.682,17.723,18.461,0,0
GMT_PB,D,20240523,000000,18.461,18.461,17.755,18.334,0,0
GMT_PB,D,20240524,000000,18.301,18.911,17.788,18.88,0,0
GMT_PB,D,20240527,000000,18.847,18.847,18.398,18.783,0,0
GMT_PB,D,20240528,000000,18.751,18.751,18.334,18.751,0,0
GMT_PB,D,20240529,000000,18.751,18.751,18.205,18.301,0,0
GMT_PB,D,20240531,000000,18.301,18.623,18.205,18.398,0,0
GMT_PB,D,20240603,000000,18.943,18.943,18.334,18.623,0,0
GMT_PB,D,20240604,000000,18.623,18.751,18.108,18.237,0,0
GMT_PB,D,20240605,000000,18.237,26.507,18.012,26.507,0,0
GMT_PB,D,20240606,000000,27.074,27.074,26.601,27.027,0,0
GMT_PB,D,20240607,000000,27.027,28.349,26.839,28.349,0,0
GMT_PB,D,20240610,000000,28.349,28.349,27.264,27.31,0,0
GMT_PB,D,20240611,000000,27.5,28.255,27.074,27.406,0,0
GMT_PB,D,20240612,000000,27.406,27.406,26.413,26.885,0,0
GMT_PB,D,20240613,000000,27.074,27.074,26.461,26.839,0,0
GMT_PB,D,20240614,000000,26.933,26.933,25.798,26.885,0,0
GMT_PB,D,20240617,000000,26.697,26.697,25.988,26.461,0,0
GMT_PB,D,20240618,000000,26.461,28.113,26.082,27.594,0,0
GMT_PB,D,20240619,000000,27.594,27.594,26.697,27.406,0,0
GMT_PB,D,20240620,000000,27.406,27.406,26.365,26.461,0,0
GMT_PB,D,20240621,000000,26.649,26.649,25.516,26.223,0,0
GMT_PB,D,20240624,000000,26.461,26.461,25.42,25.704,0,0
GMT_PB,D,20240625,000000,25.278,25.278,23.672,25.232,0,0
GMT_PB,D,20240626,000000,25.278,25.278,24.429,24.807,0,0
GMT_PB,D,20240627,000000,24.381,24.807,23.862,24.287,0,0
GMT_PB,D,20240628,000000,23.862,24.287,23.626,24.287,0,0
GMT_PB,D,20240701,000000,24.287,24.287,23.626,23.626,0,0
GMT_PB,D,20240702,000000,23.72,23.956,22.207,22.443,0,0
GMT_PB,D,20240703,000000,22.443,22.443,22.207,22.207,0,0
GMT_PB,D,20240704,000000,22.207,22.443,22.207,22.443,0,0
GMT_PB,D,20240705,000000,22.539,23.601,22.539,23.271,0,0
GMT_PB,D,20240708,000000,24.333,24.713,23.626,24.713,0,0
GMT_PB,D,20240709,000000,24.571,25.468,24.523,25.184,0,0
GMT_PB,D,20240710,000000,24.995,25.656,24.333,25.656,0,0
GMT_PB,D,20240711,000000,25.374,25.752,25.043,25.656,0,0
GMT_PB,D,20240712,000000,25.704,25.846,24.807,25.752,0,0
GMT_PB,D,20240715,000000,25.798,25.846,25.043,25.516,0,0
GMT_PB,D,20240716,000000,25.516,25.562,24.949,25.232,0,0
GMT_PB,D,20240717,000000,25.232,25.232,24.571,25.043,0,0
GMT_PB,D,20240718,000000,25.468,25.468,24.853,25.09,0,0
GMT_PB,D,20240719,000000,25.468,25.468,24.098,24.191,0,0
GMT_PB,D,20240722,000000,24.191,24.807,23.72,24.807,0,0
GMT_PB,D,20240723,000000,24.807,25.42,23.53,24.333,0,0
GMT_PB,D,20240724,000000,24.333,24.333,23.317,23.507,0,0
GMT_PB,D,20240725,000000,22.917,23.601,22.656,22.798,0,0
GMT_PB,D,20240726,000000,22.443,23.484,22.443,23.059,0,0
GMT_PB,D,20240729,000000,23.365,24.523,22.94,24.523,0,0
GMT_PB,D,20240730,000000,24.098,24.523,23.413,23.862,0,0
GMT_PB,D,20240731,000000,24.287,24.287,23.152,23.814,0,0
GMT_PB,D,20240801,000000,23.862,23.862,23.082,23.578,0,0
GMT_PB,D,20240802,000000,23.626,23.626,22.255,22.301,0,0
GMT_PB,D,20240805,000000,22.066,22.066,20.059,21.262,0,0
GMT_PB,D,20240806,000000,22.066,22.443,21.523,22.16,0,0
GMT_PB,D,20240807,000000,22.207,22.443,21.688,22.066,0,0
GMT_PB,D,20240808,000000,22.066,22.066,21.262,21.262,0,0
GMT_PB,D,20240809,000000,21.853,22.397,21.498,22.255,0,0
GMT_PB,D,20240812,000000,22.301,23.342,21.853,23.294,0,0
GMT_PB,D,20240813,000000,23.246,23.246,22.113,22.443,0,0
GMT_PB,D,20240814,000000,22.917,22.917,21.972,22.184,0,0
GMT_PB,D,20240816,000000,22.066,22.752,21.427,22.633,0,0
GMT_PB,D,20240819,000000,22.681,22.681,22.018,22.633,0,0
GMT_PB,D,20240820,000000,22.633,22.681,22.562,22.681,0,0
GMT_PB,D,20240821,000000,22.681,22.775,21.736,21.853,0,0
GMT_PB,D,20240822,000000,21.853,22.633,21.144,21.356,0,0
GMT_PB,D,20240823,000000,21.404,22.16,21.027,21.924,0,0
GMT_PB,D,20240826,000000,22.16,22.16,20.695,21.972,0,0
GMT_PB,D,20240827,000000,22.16,22.16,21.262,21.782,0,0
GMT_PB,D,20240828,000000,21.83,21.83,21.027,21.356,0,0
GMT_PB,D,20240829,000000,21.356,21.356,20.246,21.098,0,0
GMT_PB,D,20240830,000000,21.498,21.498,20.791,21.356,0,0
GMT_PB,D,20240902,000000,21.427,21.427,20.672,21.027,0,0
GMT_PB,D,20240903,000000,21.027,21.05,20.436,20.979,0,0
GMT_PB,D,20240904,000000,20.979,20.979,19.917,20.129,0,0
GMT_PB,D,20240905,000000,20.034,20.034,18.901,18.901,0,0
GMT_PB,D,20240906,000000,19.443,19.846,18.546,19.443,0,0
GMT_PB,D,20240909,000000,19.608,19.775,19.349,19.75,0,0
GMT_PB,D,20240910,000000,19.821,19.963,18.876,19.349,0,0
GMT_PB,D,20240911,000000,19.372,19.372,17.908,18.262,0,0
GMT_PB,D,20240912,000000,18.002,18.711,17.01,18.191,0,0
GMT_PB,D,20240913,000000,18.427,18.427,16.939,17.294,0,0
GMT_PB,D,20240916,000000,17.483,17.483,17.034,17.459,0,0
GMT_PB,D,20240917,000000,17.648,17.648,16.916,17.34,0,0
GMT_PB,D,20240918,000000,17.246,17.246,16.467,16.631,0,0
GMT_PB,D,20240919,000000,16.349,17.081,16.23,16.395,0,0
GMT_PB,D,20240920,000000,16.679,19.491,16.538,18.901,0,0
GMT_PB,D,20240923,000000,19.137,19.137,17.246,17.718,0,0
GMT_PB,D,20240924,000000,18.262,18.262,17.365,17.53,0,0
GMT_PB,D,20240925,000000,17.931,17.979,17.01,17.411,0,0
GMT_PB,D,20240926,000000,17.554,17.719,17.246,17.718,0,0
GMT_PB,D,20240927,000000,18.002,18.427,17.435,18.191,0,0
GMT_PB,D,20240930,000000,17.672,18.191,17.672,17.956,0,0
GMT_PB,D,20241001,000000,17.956,18.333,7.794,7.794,0,0
GMT_PB,D,20241002,000000,7.878,8.013,7.763,7.93,0,0
GMT_PB,D,20241003,000000,7.93,7.93,7.523,7.721,0,0
GMT_PB,D,20241004,000000,7.638,7.909,7.638,7.909,0,0
GMT_PB,D,20241007,000000,7.909,7.909,7.68,7.825,0,0
GMT_PB,D,20241008,000000,7.878,7.878,7.2,7.784,0,0
GMT_PB,D,20241009,000000,7.794,7.794,7.429,7.69,0,0
GMT_PB,D,20241010,000000,7.69,7.805,7.481,7.805,0,0
GMT_PB,D,20241011,000000,7.805,7.815,7.648,7.805,0,0
GMT_PB,D,20241014,000000,7.721,8.431,7.721,8.264,0,0
GMT_PB,D,20241015,000000,8.264,8.41,7.982,8.264,0,0
GMT_PB,D,20241016,000000,8.431,8.817,8.431,8.462,0,0
GMT_PB,D,20241017,000000,8.316,8.723,8.264,8.535,0,0
GMT_PB,D,20241018,000000,8.556,8.556,8.222,8.504,0,0
GMT_PB,D,20241021,000000,8.243,9.308,8.243,9.057,0,0
GMT_PB,D,20241022,000000,9.057,9.057,8.775,8.932,0,0
GMT_PB,D,20241023,000000,8.807,8.963,8.807,8.942,0,0
GMT_PB,D,20241024,000000,8.942,8.963,8.681,8.952,0,0
GMT_PB,D,20241025,000000,8.952,8.952,8.785,8.942,0,0
GMT_PB,D,20241028,000000,8.932,8.963,8.713,8.932,0,0
GMT_PB,D,20241029,000000,8.942,8.973,8.807,8.973,0,0
GMT_PB,D,20241030,000000,9.057,9.381,8.995,9.182,0,0
GMT_PB,D,20241031,000000,8.869,9.015,8.744,8.922,0,0
GMT_PB,D,20241104,000000,8.922,8.952,8.577,8.754,0,0
GMT_PB,D,20241105,000000,8.348,8.754,8.348,8.358,0,0
GMT_PB,D,20241106,000000,8.546,8.66,8.107,8.337,0,0
GMT_PB,D,20241107,000000,8.337,8.337,7.711,8.013,0,0
GMT_PB,D,20241108,000000,8.024,8.076,7.826,8.024,0,0
GMT_PB,D,20241112,000000,8.024,8.201,7.774,8.201,0,0
GMT_PB,D,20241113,000000,8.201,8.514,7.888,7.93,0,0
GMT_PB,D,20241114,000000,7.774,7.962,7.648,7.825,0,0
GMT_PB,D,20241115,000000,7.93,7.951,7.627,7.93,0,0
GMT_PB,D,20241118,000000,8.18,8.18,7.638,7.825,0,0
GMT_PB,D,20241119,000000,7.857,7.93,7.314,7.701,0,0
GMT_PB,D,20241120,000000,7.669,7.899,7.607,7.805,0,0
GMT_PB,D,20241121,000000,7.805,8.139,7.544,7.753,0,0
GMT_PB,D,20241122,000000,7.68,8.139,7.377,7.701,0,0
GMT_PB,D,20241125,000000,7.742,7.742,7.2,7.46,0,0
GMT_PB,D,20241126,000000,7.304,7.408,7.2,7.325,0,0
GMT_PB,D,20241127,000000,7.408,7.429,7.2,7.304,0,0
GMT_PB,D,20241128,000000,7.429,7.513,7.2,7.45,0,0
GMT_PB,D,20241129,000000,7.461,7.815,7.461,7.763,0,0
GMT_PB,D,20241202,000000,7.408,7.742,7.2,7.2,0,0
GMT_PB,D,20241203,000000,7.283,7.304,7.095,7.241,0,0
GMT_PB,D,20241204,000000,7.241,7.283,7.074,7.241,0,0
GMT_PB,D,20241205,000000,7.095,7.304,6.939,7.2,0,0
GMT_PB,D,20241206,000000,7.095,9.698,7.095,9.698,0,0
GMT_PB,D,20241209,000000,10.092,10.682,9.951,10.387,0,0
GMT_PB,D,20241210,000000,10.542,11.132,10.542,10.865,0,0
GMT_PB,D,20241211,000000,10.963,11.723,10.794,10.893,0,0
GMT_PB,D,20241212,000000,10.879,10.879,10.232,10.303,0,0
GMT_PB,D,20241213,000000,10.303,11.23,10.303,10.949,0,0
GMT_PB,D,20241216,000000,11.034,11.385,11.005,11.23,0,0
GMT_PB,D,20241217,000000,11.245,12.341,11.103,12.059,0,0
GMT_PB,D,20241218,000000,11.947,12.369,11.019,12.2,0,0
GMT_PB,D,20241219,000000,12.341,12.341,11.343,11.343,0,0
GMT_PB,D,20241220,000000,11.343,11.638,10.851,11.174,0,0
GMT_PB,D,20241223,000000,11.441,11.638,10.542,10.556,0,0
GMT_PB,D,20241227,000000,10.781,10.907,10.443,10.794,0,0
GMT_PB,D,20241230,000000,10.682,11.357,10.682,11.047,0,0
GMT_PB,D,20250102,000000,10.921,11.245,10.682,10.921,0,0
GMT_PB,D,20250103,000000,10.921,10.921,10.583,10.823,0,0
GMT_PB,D,20250107,000000,10.823,11.076,10.767,11.076,0,0
GMT_PB,D,20250108,000000,10.992,11.103,10.725,11.047,0,0
GMT_PB,D,20250109,000000,10.949,11.103,10.836,11.103,0,0
GMT_PB,D,20250110,000000,11.09,11.399,11.09,11.203,0,0
GMT_PB,D,20250113,000000,11.16,11.174,10.05,10.063,0,0
GMT_PB,D,20250114,000000,10.19,10.57,10.05,10.12,0,0
GMT_PB,D,20250115,000000,10.12,10.401,10.12,10.401,0,0
GMT_PB,D,20250116,000000,10.457,10.457,10.12,10.401,0,0
GMT_PB,D,20250117,000000,10.542,10.542,10.12,10.387,0,0
GMT_PB,D,20250120,000000,10.345,10.443,10.106,10.303,0,0
GMT_PB,D,20250121,000000,10.303,10.401,9.698,10.359,0,0
GMT_PB,D,20250122,000000,10.331,10.331,9.839,10.05,0,0
GMT_PB,D,20250123,000000,10.05,10.26,9.979,10.232,0,0
GMT_PB,D,20250124,000000,9.993,10.457,9.993,10.05,0,0
GMT_PB,D,20250127,000000,10.12,10.261,9.895,10.261,0,0
GMT_PB,D,20250128,000000,10.429,10.542,10.331,10.499,0,0
GMT_PB,D,20250129,000000,10.401,10.794,10.317,10.541,0,0
GMT_PB,D,20250130,000000,10.64,10.682,10.542,10.682,0,0
GMT_PB,D,20250131,000000,10.682,10.921,10.022,10.416,0,0
GMT_PB,D,20250203,000000,10.415,10.415,10.148,10.218,0,0
GMT_PB,D,20250204,000000,10.218,10.331,10.176,10.289,0,0
GMT_PB,D,20250205,000000,10.289,10.345,10.162,10.261,0,0
GMT_PB,D,20250206,000000,10.345,10.401,10.036,10.134,0,0
GMT_PB,D,20250207,000000,10.26,10.401,10.134,10.19,0,0
GMT_PB,D,20250210,000000,10.204,10.443,10.204,10.401,0,0
GMT_PB,D,20250211,000000,10.401,10.401,10.05,10.261,0,0
GMT_PB,D,20250212,000000,10.26,10.654,10.26,10.261,0,0
GMT_PB,D,20250213,000000,9.867,10.794,9.867,10.331,0,0
GMT_PB,D,20250214,000000,10.612,10.612,10.331,10.331,0,0
GMT_PB,D,20250217,000000,10.401,10.401,10.007,10.05,0,0
GMT_PB,D,20250218,000000,10.05,10.05,9.769,9.769,0,0
GMT_PB,D,20250219,000000,9.769,10.036,9.769,9.853,0,0
GMT_PB,D,20250220,000000,9.923,10.317,9.923,10.289,0,0
GMT_PB,D,20250221,000000,10.289,10.317,10.036,10.316,0,0
GMT_PB,D,20250224,000000,10.26,10.682,10.134,10.176,0,0
GMT_PB,D,20250225,000000,10.415,10.443,10.204,10.289,0,0
GMT_PB,D,20250226,000000,10.246,10.471,10.204,10.373,0,0
GMT_PB,D,20250227,000000,10.373,10.415,10.204,10.316,0,0
GMT_PB,D,20250228,000000,10.317,10.514,10.148,10.514,0,0
GMT_PB,D,20250303,000000,10.401,10.738,10.359,10.626,0,0
GMT_PB,D,20250304,000000,10.542,10.542,10.401,10.443,0,0
GMT_PB,D,20250305,000000,10.443,10.752,10.401,10.752,0,0
GMT_PB,D,20250306,000000,10.738,10.823,10.542,10.809,0,0
GMT_PB,D,20250307,000000,10.823,10.963,10.542,10.752,0,0
GMT_PB,D,20250310,000000,11.103,11.976,10.851,11.666,0,0
GMT_PB,D,20250311,000000,11.666,11.666,11.146,11.427,0,0
GMT_PB,D,20250312,000000,11.132,11.666,11.132,11.525,0,0
GMT_PB,D,20250313,000000,11.525,12.059,11.357,11.708,0,0
GMT_PB,D,20250314,000000,11.708,11.834,11.525,11.525,0,0
GMT_PB,D,20250317,000000,11.652,11.821,11.357,11.765,0,0
GMT_PB,D,20250318,000000,11.736,11.934,11.427,11.568,0,0
GMT_PB,D,20250319,000000,11.568,12.703,11.385,12.703,0,0
GMT_PB,D,20250320,000000,13.047,13.047,12.546,12.797,0,0
GMT_PB,D,20250321,000000,12.86,12.86,12.437,12.515,0,0
GMT_PB,D,20250324,000000,12.405,12.405,12.092,12.232,0,0
GMT_PB,D,20250325,000000,12.515,12.515,11.448,11.684,0,0
GMT_PB,D,20250326,000000,11.684,12.546,11.135,12.421,0,0
GMT_PB,D,20250327,000000,12.405,12.75,12.232,12.531,0,0
GMT_PB,D,20250328,000000,12.515,12.828,12.389,12.483,0,0
GMT_PB,D,20250331,000000,12.389,12.389,11.919,12.358,0,0
GMT_PB,D,20250401,000000,12.389,12.782,12.092,12.782,0,0
GMT_PB,D,20250402,000000,12.86,12.938,12.499,12.546,0,0
GMT_PB,D,20250403,000000,12.546,12.546,12.342,12.389,0,0
GMT_PB,D,20250404,000000,12.122,12.546,11.762,11.841,0,0
GMT_PB,D,20250407,000000,11.762,11.762,11.166,11.762,0,0
GMT_PB,D,20250408,000000,11.762,12.327,11.605,11.605,0,0
GMT_PB,D,20250409,000000,11.935,12.154,11.526,11.825,0,0
GMT_PB,D,20250410,000000,11.919,12.373,11.762,11.762,0,0
GMT_PB,D,20250411,000000,11.605,11.935,11.605,11.935,0,0
GMT_PB,D,20250414,000000,11.48,12.044,11.48,11.526,0,0
GMT_PB,D,20250415,000000,11.95,11.95,11.542,11.746,0,0
GMT_PB,D,20250416,000000,11.746,11.762,11.542,11.762,0,0
GMT_PB,D,20250417,000000,11.746,11.746,11.526,11.574,0,0
GMT_PB,D,20250422,000000,11.574,12.451,11.574,12.373,0,0
GMT_PB,D,20250423,000000,12.076,12.295,11.841,12.232,0,0
GMT_PB,D,20250424,000000,12.076,12.076,11.684,11.762,0,0
GMT_PB,D,20250425,000000,11.903,12.154,11.526,12.154,0,0
GMT_PB,D,20250428,000000,11.981,11.997,11.605,11.762,0,0
GMT_PB,D,20250429,000000,11.997,11.997,11.135,11.857,0,0
GMT_PB,D,20250430,000000,11.825,11.841,11.526,11.793,0,0
GMT_PB,D,20250502,000000,11.731,11.777,11.605,11.777,0,0
GMT_PB,D,20250505,000000,11.762,14.671,11.48,14.671,0,0
GMT_PB,D,20250506,000000,14.671,14.671,14.221,14.457,0,0
GMT_PB,D,20250507,000000,14.574,14.574,13.967,14.261,0,0
GMT_PB,D,20250508,000000,14.28,14.476,13.576,13.889,0,0
GMT_PB,D,20250509,000000,14.183,14.867,13.83,14.867,0,0
GMT_PB,D,20250512,000000,14.847,15.063,14.73,14.867,0,0
GMT_PB,D,20250513,000000,14.671,15.063,14.28,14.378,0,0
GMT_PB,D,20250514,000000,14.514,14.867,14.221,14.554,0,0
GMT_PB,D,20250515,000000,14.633,14.691,14.241,14.671,0,0
GMT_PB,D,20250516,000000,14.77,14.964,14.397,14.397,0,0
GMT_PB,D,20250519,000000,14.789,14.789,14.163,14.417,0,0
GMT_PB,D,20250520,000000,14.417,14.417,14.084,14.084,0,0
GMT_PB,D,20250521,000000,14.084,14.671,13.947,14.183,0,0
GMT_PB,D,20250522,000000,14.534,14.534,14.221,14.476,0,0
GMT_PB,D,20250523,000000,14.574,14.574,14.143,14.554,0,0
GMT_PB,D,20250526,000000,14.554,14.651,14.124,14.124,0,0
GMT_PB,D,20250527,000000,14.32,14.378,14.084,14.084,0,0
GMT_PB,D,20250528,000000,14.183,14.32,13.928,14.32,0,0
GMT_PB,D,20250529,000000,14.358,14.358,14.046,14.3,0,0
GMT_PB,D,20250530,000000,14.026,14.32,7.144,7.144,0,0
GMT_PB,D,20250602,000000,7.027,7.125,6.987,7.007,0,0
GMT_PB,D,20250603,000000,7.125,7.125,6.987,7.007,0,0
GMT_PB,D,20250604,000000,7.007,7.125,6.88,7.037,0,0
GMT_PB,D,20250605,000000,7.037,7.037,6.86,6.968,0,0
GMT_PB,D,20250606,000000,6.968,7.096,6.762,7.046,0,0
GMT_PB,D,20250609,000000,6.86,7.046,6.723,6.86,0,0
GMT_PB,D,20250610,000000,7.046,7.046,6.762,7.007,0,0
GMT_PB,D,20250611,000000,6.576,6.958,6.576,6.88,0,0
GMT_PB,D,20250612,000000,6.86,6.997,6.684,6.958,0,0
GMT_PB,D,20250613,000000,6.84,6.958,6.84,6.958,0,0
GMT_PB,D,20250616,000000,6.958,6.958,6.664,6.684,0,0
GMT_PB,D,20250617,000000,6.664,6.958,6.566,6.792,0,0
GMT_PB,D,20250618,000000,6.86,6.899,6.664,6.703,0,0
GMT_PB,D,20250620,000000,6.664,6.85,6.664,6.664,0,0
GMT_PB,D,20250623,000000,6.85,6.85,6.664,6.743,0,0
GMT_PB,D,20250624,000000,6.85,6.939,6.684,6.86,0,0
GMT_PB,D,20250625,000000,6.86,6.86,6.703,6.86,0,0
GMT_PB,D,20250626,000000,6.86,6.86,6.703,6.703,0,0
GMT_PB,D,20250627,000000,6.792,6.792,6.615,6.664,0,0
GMT_PB,D,20250630,000000,6.596,6.743,6.478,6.615,0,0
GMT_PB,D,20250701,000000,6.615,6.85,6.556,6.811,0,0
GMT_PB,D,20250702,000000,6.802,6.909,6.635,6.88,0,0
GMT_PB,D,20250703,000000,6.899,6.899,6.674,6.88,0,0
GMT_PB,D,20250704,000000,6.88,6.909,6.684,6.85,0,0
GMT_PB,D,20250707,000000,6.85,6.939,6.733,6.86,0,0
GMT_PB,D,20250708,000000,6.743,6.86,6.693,6.85,0,0
GMT_PB,D,20250709,000000,6.811,6.811,6.625,6.713,0,0
GMT_PB,D,20250710,000000,6.792,6.997,6.703,6.85,0,0
GMT_PB,D,20250711,000000,6.86,6.949,6.762,6.949,0,0
GMT_PB,D,20250714,000000,6.949,6.958,6.743,6.929,0,0
GMT_PB,D,20250715,000000,6.929,6.949,6.86,6.929,0,0
GMT_PB,D,20250716,000000,6.929,6.958,6.802,6.929,0,0
GMT_PB,D,20250717,000000,6.88,6.919,6.008,6.017,0,0
GMT_PB,D,20250718,000000,6.017,6.351,5.89,6.262,0,0
GMT_PB,D,20250721,000000,6.262,6.282,6.115,6.262,0,0
GMT_PB,D,20250722,000000,6.292,6.292,6.008,6.252,0,0
GMT_PB,D,20250723,000000,6.272,6.272,6.096,6.223,0,0
GMT_PB,D,20250724,000000,6.174,6.36,6.164,6.233,0,0
GMT_PB,D,20250725,000000,6.233,6.37,6.174,6.37,0,0
GMT_PB,D,20250728,000000,6.39,6.88,6.39,6.802,0,0
GMT_PB,D,20250729,000000,6.811,6.811,6.713,6.752,0,0
GMT_PB,D,20250730,000000,6.752,6.87,6.645,6.645,0,0
GMT_PB,D,20250731,000000,6.713,6.762,6.645,6.752,0,0
GMT_PB,D,20250801,000000,6.635,6.811,6.517,6.713,0,0
GMT_PB,D,20250804,000000,6.713,6.713,6.507,6.635,0,0
GMT_PB,D,20250805,000000,6.645,6.645,6.37,6.566,0,0
GMT_PB,D,20250806,000000,6.566,6.635,6.419,6.566,0,0
GMT_PB,D,20250807,000000,6.655,6.655,5.998,6.017,0,0
GMT_PB,D,20250808,000000,6.017,6.36,5.998,6.331,0,0
GMT_PB,D,20250811,000000,6.115,6.39,6.115,6.39,0,0
GMT_PB,D,20250812,000000,6.39,6.39,6.272,6.272,0,0
GMT_PB,D,20250813,000000,6.36,6.36,6.115,6.174,0,0
GMT_PB,D,20250814,000000,6.223,6.223,6.037,6.223,0,0
GMT_PB,D,20250818,000000,6.027,6.226,6.027,6.226,0,0
GMT_PB,D,20250819,000000,6.097,6.226,6.097,6.147,0,0
GMT_PB,D,20250820,000000,6.147,6.266,6.097,6.246,0,0
GMT_PB,D,20250821,000000,6.236,6.236,5.76,5.998,0,0
GMT_PB,D,20250822,000000,5.988,6.127,5.85,5.85,0,0
GMT_PB,D,20250825,000000,5.85,5.969,5.75,5.968,0,0
GMT_PB,D,20250826,000000,5.969,6.266,5.77,5.988,0,0
GMT_PB,D,20250827,000000,5.899,6.137,5.899,5.998,0,0
GMT_PB,D,20250828,000000,6.048,6.147,5.988,6.147,0,0
GMT_PB,D,20250829,000000,6.216,6.355,6.197,6.355,0,0
GMT_PB,D,20250901,000000,6.207,6.395,6.157,6.365,0,0
GMT_PB,D,20250902,000000,6.365,6.365,6.197,6.266,0,0
GMT_PB,D,20250903,000000,6.325,6.325,6.097,6.187,0,0
GMT_PB,D,20250904,000000,6.187,6.187,6.048,6.048,0,0
GMT_PB,D,20250905,000000,6.147,6.306,6.147,6.147,0,0
GMT_PB,D,20250908,000000,6.147,6.187,6.068,6.187,0,0
GMT_PB,D,20250909,000000,6.187,6.187,6.078,6.088,0,0
GMT_PB,D,20250910,000000,6.177,6.177,5.869,6.157,0,0
GMT_PB,D,20250911,000000,6.157,6.157,5.949,6.098,0,0
GMT_PB,D,20250912,000000,6.097,6.444,6.097,6.355,0,0
GMT_PB,D,20250915,000000,6.346,6.495,6.246,6.365,0,0
GMT_PB,D,20250916,000000,6.365,6.495,6.356,6.415,0,0
GMT_PB,D,20250917,000000,6.415,6.544,6.415,6.544,0,0
GMT_PB,D,20250918,000000,6.455,6.495,6.356,6.485,0,0
GMT_PB,D,20250919,000000,6.475,6.862,6.415,6.862,0,0
GMT_PB,D,20250922,000000,6.852,6.852,6.653,6.842,0,0
GMT_PB,D,20250923,000000,6.832,6.872,6.683,6.872,0,0
GMT_PB,D,20250924,000000,6.862,7.011,6.753,6.951,0,0
GMT_PB,D,20250925,000000,6.981,6.981,6.773,6.852,0,0
GMT_PB,D,20250926,000000,6.971,7.15,6.971,7.021,0,0
GMT_PB,D,20250929,000000,7.031,7.031,6.852,6.981,0,0
GMT_PB,D,20250930,000000,6.991,8.093,6.763,8.093,0,0
GMT_PB,D,20251001,000000,8.093,8.163,8.058,8.151,0,0
GMT_PB,D,20251002,000000,8.14,8.151,7.953,8.081,0,0
GMT_PB,D,20251003,000000,7.999,8.07,7.941,8.011,0,0
GMT_PB,D,20251006,000000,7.941,8.128,7.731,7.929,0,0
GMT_PB,D,20251007,000000,7.929,8.093,7.824,7.836,0,0
GMT_PB,D,20251008,000000,7.941,7.941,7.778,7.929,0,0
GMT_PB,D,20251009,000000,7.778,7.824,7.486,7.696,0,0
GMT_PB,D,20251010,000000,7.696,7.696,7.416,7.45,0,0
GMT_PB,D,20251013,000000,7.451,7.672,7.392,7.672,0,0
GMT_PB,D,20251014,000000,7.672,7.672,7.007,7.217,0,0
GMT_PB,D,20251015,000000,7.264,7.497,7.217,7.404,0,0
GMT_PB,D,20251016,000000,7.614,7.614,7.077,7.123,0,0
GMT_PB,D,20251017,000000,7.053,7.124,7.042,7.123,0,0
GMT_PB,D,20251020,000000,7.159,7.159,6.925,7.112,0,0
GMT_PB,D,20251021,000000,7.112,7.159,7.007,7.159,0,0
GMT_PB,D,20251022,000000,7.159,7.217,7.077,7.217,0,0
GMT_PB,D,20251023,000000,7.217,7.217,6.96,6.995,0,0
GMT_PB,D,20251024,000000,6.995,7.205,6.995,7.123,0,0
GMT_PB,D,20251027,000000,7.124,7.194,6.937,7.019,0,0
GMT_PB,D,20251028,000000,7.03,7.112,6.843,6.984,0,0
GMT_PB,D,20251029,000000,6.867,6.867,6.528,6.773,0,0
GMT_PB,D,20251030,000000,6.54,6.691,6.096,6.376,0,0
GMT_PB,D,20251031,000000,6.364,6.364,5.874,6.014,0,0
GMT_PB,D,20251103,000000,6.178,6.178,5.839,5.956,0,0
GMT_PB,D,20251104,000000,5.862,6.002,5.816,5.898,0,0
GMT_PB,D,20251105,000000,5.839,5.897,5.827,5.862,0,0
GMT_PB,D,20251106,000000,5.839,5.839,5.617,5.722,0,0
GMT_PB,D,20251107,000000,5.676,5.722,5.489,5.716,0,0
GMT_PB,D,20251110,000000,5.716,5.751,5.354,5.43,0,0
GMT_PB,D,20251112,000000,5.395,6.178,5.395,5.933,0,0
GMT_PB,D,20251113,000000,5.932,5.932,5.722,5.839,0,0
GMT_PB,D,20251114,000000,5.839,5.839,5.53,5.833,0,0
GMT_PB,D,20251117,000000,5.734,5.821,5.506,5.629,0,0
GMT_PB,D,20251118,000000,5.734,5.781,5.325,5.605,0,0
GMT_PB,D,20251119,000000,5.605,5.833,5.524,5.816,0,0
GMT_PB,D,20251120,000000,5.81,5.81,5.325,5.366,0,0
GMT_PB,D,20251121,000000,5.372,5.372,4.975,5.138,0,0
GMT_PB,D,20251124,000000,5.138,5.6,5.138,5.541,0,0
GMT_PB,D,20251125,000000,5.541,5.541,5.197,5.488,0,0
GMT_PB,D,20251126,000000,5.53,5.53,5.261,5.488,0,0
GMT_PB,D,20251127,000000,5.489,5.489,5.255,5.372,0,0
GMT_PB,D,20251128,000000,5.372,5.372,5.226,5.372,0,0
GMT_PB,D,20251201,000000,5.232,5.372,5.197,5.372,0,0
GMT_PB,D,20251202,000000,5.366,5.366,5.255,5.325,0,0
GMT_PB,D,20251203,000000,5.255,5.337,5.237,5.237,0,0
GMT_PB,D,20251204,000000,5.238,5.238,5.162,5.167,0,0
GMT_PB,D,20251205,000000,5.168,5.267,5.138,5.267,0,0
GMT_PB,D,20251208,000000,5.062,5.255,5.062,5.068,0,0
GMT_PB,D,20251209,000000,5.057,5.179,4.981,5.162,0,0
GMT_PB,D,20251210,000000,5.243,5.243,4.753,5.022,0,0
GMT_PB,D,20251211,000000,5.097,5.127,4.671,4.724,0,0
GMT_PB,D,20251212,000000,4.73,4.782,4.554,4.782,0,0
GMT_PB,D,20251215,000000,4.671,5.779,4.613,5.779,0,0
GMT_PB,D,20251216,000000,5.822,5.822,4.745,5.065,0,0
GMT_PB,D,20251217,000000,4.949,5.218,4.847,5.021,0,0
GMT_PB,D,20251218,000000,4.992,5.473,4.847,5.414,0,0
GMT_PB,D,20251219,000000,5.414,5.429,5.203,5.32,0,0
GMT_PB,D,20251222,000000,5.182,5.393,5.138,5.24,0,0
GMT_PB,D,20251223,000000,5.145,5.487,5.145,5.487,0,0
GMT_PB,D,20251229,000000,5.487,5.655,5.254,5.596,0,0
GMT_PB,D,20251230,000000,5.597,5.655,5.385,5.531,0,0
GMT_PB,D,20260102,000000,5.604,5.669,5.364,5.487,0,0
GMT_PB,D,20260105,000000,5.487,5.531,5.385,5.386,0,0
GMT_PB,D,20260107,000000,5.356,5.888,5.356,5.808,0,0
GMT_PB,D,20260108,000000,5.677,5.946,5.604,5.647,0,0
GMT_PB,D,20260109,000000,5.647,5.924,5.553,5.843,0,0
GMT_PB,D,20260112,000000,5.866,5.866,5.538,5.538,0,0
GMT_PB,D,20260113,000000,5.677,5.764,5.524,5.538,0,0
GMT_PB,D,20260114,000000,5.538,5.858,5.487,5.546,0,0
GMT_PB,D,20260115,000000,5.546,5.67,5.502,5.67,0,0
GMT_PB,D,20260116,000000,5.531,5.64,5.531,5.538,0,0
GMT_PB,D,20260119,000000,5.546,5.597,5.546,5.596,0,0
GMT_PB,D,20260120,000000,5.604,5.677,5.546,5.618,0,0
GMT_PB,D,20260121,000000,5.706,6.113,5.546,6.113,0,0
GMT_PB,D,20260122,000000,6.259,6.885,6.259,6.826,0,0
GMT_PB,D,20260123,000000,6.826,7.452,6.826,7.336,0,0
