<TICKER>,<PER>,<DATE>,<TIME>,<OPEN>,<HIGH>,<LOW>,<CLOSE>,<VOL>,<OPENINT>
GOP_MV,D,20200417,000000,187.981,187.981,187.981,187.981,0,0
GOP_MV,D,20200420,000000,208.49,208.49,180.372,202.891,0,0
GOP_MV,D,20200421,000000,205.068,205.068,189.907,194.387,0,0
GOP_MV,D,20200422,000000,187.981,187.981,181.791,183.708,0,0
GOP_MV,D,20200423,000000,189.693,208.652,183.708,183.708,0,0
GOP_MV,D,20200424,000000,175.161,177.474,156.365,177.474,0,0
GOP_MV,D,20200427,000000,177.93,185.1,172.547,174.792,0,0
GOP_MV,D,20200428,000000,174.749,174.792,163.587,174.344,0,0
GOP_MV,D,20200429,000000,174.344,174.344,165.824,166.718,0,0
GOP_MV,D,20200430,000000,166.718,166.718,156.502,163.364,0,0
GOP_MV,D,20200504,000000,170.759,179.271,170.304,179.271,0,0
GOP_MV,D,20200505,000000,188.231,188.231,178.377,182.41,0,0
GOP_MV,D,20200506,000000,182.857,182.857,173.131,173.218,0,0
GOP_MV,D,20200507,000000,178.282,178.282,170.484,170.535,0,0
GOP_MV,D,20200508,000000,170.484,173.399,165.824,168.963,0,0
GOP_MV,D,20200511,000000,170.304,170.304,163.587,166.186,0,0
GOP_MV,D,20200512,000000,167.439,167.439,160.896,163.131,0,0
GOP_MV,D,20200513,000000,164.259,164.259,157.758,163.587,0,0
GOP_MV,D,20200514,000000,165.729,165.729,156.863,159.107,0,0
GOP_MV,D,20200515,000000,159.107,164.397,157.31,163.364,0,0
GOP_MV,D,20200518,000000,164.035,164.035,159.573,163.562,0,0
GOP_MV,D,20200519,000000,161.799,163.587,161.369,161.799,0,0
GOP_MV,D,20200520,000000,161.387,173.846,161.387,173.45,0,0
GOP_MV,D,20200521,000000,173.45,173.45,167.174,169.478,0,0
GOP_MV,D,20200522,000000,167.886,167.886,162.694,164.929,0,0
GOP_MV,D,20200525,000000,161.833,161.833,159.107,161.12,0,0
GOP_MV,D,20200526,000000,161.343,164.397,159.546,162.694,0,0
GOP_MV,D,20200527,000000,163.562,163.562,160.002,160.002,0,0
GOP_MV,D,20200528,000000,161.343,163.131,159.779,163.131,0,0
GOP_MV,D,20200529,000000,163.131,168.067,160.002,162.908,0,0
GOP_MV,D,20200601,000000,161.343,163.131,159.546,161.343,0,0
GOP_MV,D,20200602,000000,162.694,162.694,159.641,160.002,0,0
GOP_MV,D,20200603,000000,160.002,165.797,159.151,160.87,0,0
GOP_MV,D,20200604,000000,160.896,162.641,158.214,158.695,0,0
GOP_MV,D,20200605,000000,158.876,162.238,157.758,161.343,0,0
GOP_MV,D,20200608,000000,162.238,162.238,155.521,160.896,0,0
GOP_MV,D,20200609,000000,162.238,164.035,158.652,161.343,0,0
GOP_MV,D,20200610,000000,162.238,164.705,159.546,163.131,0,0
GOP_MV,D,20200612,000000,155.738,163.131,155.738,163.131,0,0
GOP_MV,D,20200615,000000,163.131,163.131,158.652,160.002,0,0
GOP_MV,D,20200616,000000,161.343,163.131,159.546,162.694,0,0
GOP_MV,D,20200617,000000,162.418,162.418,160.217,162.143,0,0
GOP_MV,D,20200618,000000,163.131,199.443,163.131,199.443,0,0
GOP_MV,D,20200619,000000,201.585,206.615,192.711,201.678,0,0
GOP_MV,D,20200622,000000,201.678,201.678,186.442,188.816,0,0
GOP_MV,D,20200623,000000,188.859,194.508,185.1,188.231,0,0
GOP_MV,D,20200624,000000,192.272,192.272,183.751,190.114,0,0
GOP_MV,D,20200625,000000,192.272,192.272,183.975,187.792,0,0
GOP_MV,D,20200626,000000,188.008,188.008,182.857,182.857,0,0
GOP_MV,D,20200629,000000,182.857,182.857,173.888,174.344,0,0
GOP_MV,D,20200630,000000,174.344,181.422,174.344,174.878,0,0
GOP_MV,D,20200701,000000,179.271,179.271,174.878,176.486,0,0
GOP_MV,D,20200702,000000,176.581,187.337,174.878,184.474,0,0
GOP_MV,D,20200703,000000,184.492,198.551,184.492,194.964,0,0
GOP_MV,D,20200706,000000,194.964,205.669,193.252,205.669,0,0
GOP_MV,D,20200707,000000,204.817,207.956,197.199,199.013,0,0
GOP_MV,D,20200708,000000,198.946,198.946,193.167,193.167,0,0
GOP_MV,D,20200709,000000,194.061,196.753,188.687,192.711,0,0
GOP_MV,D,20200710,000000,196.753,196.753,182.41,187.792,0,0
GOP_MV,D,20200713,000000,183.975,190.475,183.975,185.995,0,0
GOP_MV,D,20200714,000000,188.231,188.231,178.825,181.516,0,0
GOP_MV,D,20200715,000000,179.271,182.315,177.036,178.825,0,0
GOP_MV,D,20200716,000000,178.825,178.825,174.792,177.474,0,0
GOP_MV,D,20200717,000000,177.25,177.25,168.515,172.994,0,0
GOP_MV,D,20200720,000000,167.621,167.621,162.694,164.929,0,0
GOP_MV,D,20200721,000000,164.035,164.035,156.863,163.587,0,0
GOP_MV,D,20200722,000000,163.587,179.271,162.694,172.547,0,0
GOP_MV,D,20200723,000000,172.547,172.547,162.35,167.621,0,0
GOP_MV,D,20200724,000000,163.631,165.824,161.343,161.343,0,0
GOP_MV,D,20200727,000000,162.238,163.131,159.546,161.343,0,0
GOP_MV,D,20200728,000000,160.449,161.343,158.214,159.107,0,0
GOP_MV,D,20200729,000000,161.343,170.304,161.343,166.718,0,0
GOP_MV,D,20200730,000000,168.515,168.515,158.61,160.672,0,0
GOP_MV,D,20200731,000000,159.46,165.729,157.595,157.595,0,0
GOP_MV,D,20200803,000000,165.78,165.78,157.353,160.449,0,0
GOP_MV,D,20200804,000000,160.449,161.343,157.353,161.343,0,0
GOP_MV,D,20200805,000000,162.796,162.796,159.237,159.779,0,0
GOP_MV,D,20200806,000000,160.002,166.949,159.779,165.824,0,0
GOP_MV,D,20200807,000000,165.824,165.824,160.088,161.343,0,0
GOP_MV,D,20200810,000000,160.002,165.29,159.822,161.343,0,0
GOP_MV,D,20200811,000000,161.343,163.587,160.896,160.896,0,0
GOP_MV,D,20200812,000000,161.3,162.194,158.214,158.428,0,0
GOP_MV,D,20200813,000000,158.481,161.343,158.481,158.876,0,0
GOP_MV,D,20200814,000000,158.248,162.238,158.248,158.695,0,0
GOP_MV,D,20200817,000000,161.343,168.963,161.343,165.824,0,0
GOP_MV,D,20200818,000000,168.067,168.067,161.567,162.694,0,0
GOP_MV,D,20200819,000000,161.437,167.174,160.002,163.631,0,0
GOP_MV,D,20200820,000000,165.824,166.279,159.59,165.824,0,0
GOP_MV,D,20200821,000000,165.824,174.792,161.833,174.792,0,0
GOP_MV,D,20200824,000000,176.132,183.528,165.824,177.93,0,0
GOP_MV,D,20200825,000000,180.166,180.166,170.304,170.974,0,0
GOP_MV,D,20200826,000000,170.304,173.45,168.515,172.461,0,0
GOP_MV,D,20200827,000000,172.77,174.344,170.304,170.759,0,0
GOP_MV,D,20200828,000000,179.271,180.166,174.792,178.825,0,0
GOP_MV,D,20200831,000000,188.231,188.231,173.932,178.825,0,0
GOP_MV,D,20200901,000000,178.825,178.825,168.963,171.652,0,0
GOP_MV,D,20200902,000000,172.564,173.888,165.961,169.099,0,0
GOP_MV,D,20200903,000000,173.527,173.527,165.824,165.824,0,0
GOP_MV,D,20200904,000000,165.376,168.016,161.799,165.78,0,0
GOP_MV,D,20200907,000000,168.067,168.067,162.281,165.6,0,0
GOP_MV,D,20200908,000000,164.929,164.929,157.31,161.343,0,0
GOP_MV,D,20200909,000000,159.323,163.992,159.323,163.992,0,0
GOP_MV,D,20200910,000000,165.376,165.376,161.343,164.483,0,0
GOP_MV,D,20200911,000000,164.456,164.456,161.343,163.493,0,0
GOP_MV,D,20200914,000000,163.467,163.587,160.002,162.238,0,0
GOP_MV,D,20200915,000000,163.562,163.587,159.546,163.131,0,0
GOP_MV,D,20200916,000000,163.587,163.587,161.437,163.312,0,0
GOP_MV,D,20200917,000000,163.587,163.587,159.107,160.002,0,0
GOP_MV,D,20200918,000000,163.364,163.364,158.695,159.107,0,0
GOP_MV,D,20200921,000000,159.573,162.238,157.981,157.981,0,0
GOP_MV,D,20200922,000000,160.965,160.965,155.521,158.652,0,0
GOP_MV,D,20200923,000000,156.967,158.79,152.831,156.838,0,0
GOP_MV,D,20200924,000000,156.838,156.838,151.481,151.481,0,0
GOP_MV,D,20200925,000000,148.162,152.375,144.765,146.778,0,0
GOP_MV,D,20200928,000000,147.895,147.895,143.416,147.457,0,0
GOP_MV,D,20200929,000000,147.457,155.427,147.457,152.375,0,0
GOP_MV,D,20200930,000000,156.863,163.106,152.375,159.107,0,0
GOP_MV,D,20201001,000000,158.214,158.214,142.384,143.871,0,0
GOP_MV,D,20201002,000000,142.409,142.744,135.977,138.489,0,0
GOP_MV,D,20201005,000000,135.35,145.875,135.35,143.871,0,0
GOP_MV,D,20201006,000000,145.213,147.826,139.159,145.659,0,0
GOP_MV,D,20201007,000000,139.873,147.809,139.873,143.416,0,0
GOP_MV,D,20201008,000000,140.99,143.416,138.936,143.39,0,0
GOP_MV,D,20201009,000000,144.309,144.309,137.594,138.936,0,0
GOP_MV,D,20201012,000000,138.936,138.936,134.903,136.648,0,0
GOP_MV,D,20201013,000000,136.648,137.113,125.488,126.295,0,0
GOP_MV,D,20201014,000000,129.434,129.434,124.817,124.817,0,0
GOP_MV,D,20201015,000000,125.049,125.049,113.836,116.527,0,0
GOP_MV,D,20201016,000000,112.985,123.157,112.494,118.497,0,0
GOP_MV,D,20201019,000000,123.157,123.157,115.23,118.316,0,0
GOP_MV,D,20201020,000000,116.527,116.974,114.369,115.401,0,0
GOP_MV,D,20201021,000000,118.316,118.316,112.177,116.502,0,0
GOP_MV,D,20201022,000000,114.963,115.625,112.494,114.507,0,0
GOP_MV,D,20201023,000000,114.292,114.292,109.805,114.008,0,0
GOP_MV,D,20201026,000000,116.485,116.485,109.528,111.146,0,0
GOP_MV,D,20201027,000000,111.377,111.816,109.357,111.377,0,0
GOP_MV,D,20201028,000000,109.357,109.357,99.4939,99.4939,0,0
GOP_MV,D,20201029,000000,99.0463,99.0463,89.1413,97.2746,0,0
GOP_MV,D,20201030,000000,97.5247,97.5247,90.0872,90.8952,0,0
GOP_MV,D,20201102,000000,90.8952,99.9491,90.0872,99.0463,0,0
GOP_MV,D,20201103,000000,100.346,100.844,94.9706,98.5742,0,0
GOP_MV,D,20201104,000000,98.5996,102.546,97.5689,98.5996,0,0
GOP_MV,D,20201105,000000,95.4784,102.633,95.4784,102.633,0,0
GOP_MV,D,20201106,000000,102.633,102.633,98.5996,100.844,0,0
GOP_MV,D,20201109,000000,100.844,100.844,95.0148,96.3633,0,0
GOP_MV,D,20201110,000000,96.5796,99.0463,94.5681,99.0463,0,0
GOP_MV,D,20201112,000000,99.0463,129.968,96.4931,126.382,0,0
GOP_MV,D,20201113,000000,129.968,129.968,113.879,122.333,0,0
GOP_MV,D,20201116,000000,122.426,122.444,114.292,114.73,0,0
GOP_MV,D,20201117,000000,117.448,118.772,112.039,116.527,0,0
GOP_MV,D,20201118,000000,116.974,116.974,110.544,115.625,0,0
GOP_MV,D,20201119,000000,115.625,116.527,111.377,116.527,0,0
GOP_MV,D,20201120,000000,116.527,116.527,111.412,115.607,0,0
GOP_MV,D,20201123,000000,115.401,121.859,111.643,121.808,0,0
GOP_MV,D,20201124,000000,121.678,121.808,116.527,120.785,0,0
GOP_MV,D,20201125,000000,116.527,120.785,115.186,117.878,0,0
GOP_MV,D,20201126,000000,117.878,117.878,113.071,116.527,0,0
GOP_MV,D,20201127,000000,116.527,120.561,112.942,116.081,0,0
GOP_MV,D,20201130,000000,114.292,114.292,104.429,106.218,0,0
GOP_MV,D,20201201,000000,103.931,107.516,103.08,103.973,0,0
GOP_MV,D,20201202,000000,105.212,105.324,100.259,103.08,0,0
GOP_MV,D,20201203,000000,106.665,106.665,100.482,100.482,0,0
GOP_MV,D,20201204,000000,103.08,103.08,102.229,102.229,0,0
GOP_MV,D,20201207,000000,102.229,105.272,100.844,103.08,0,0
GOP_MV,D,20201208,000000,104.877,105.324,102.409,103.347,0,0
GOP_MV,D,20201209,000000,104.877,106.571,103.08,104.877,0,0
GOP_MV,D,20201210,000000,105.101,105.101,95.0571,100.844,0,0
GOP_MV,D,20201211,000000,102.185,102.606,99.0463,102.606,0,0
GOP_MV,D,20201214,000000,102.589,102.589,96.6313,99.2701,0,0
GOP_MV,D,20201215,000000,98.5996,100.793,95.7107,97.8341,0,0
GOP_MV,D,20201216,000000,100.793,100.793,96.5796,97.7053,0,0
GOP_MV,D,20201217,000000,97.7053,99.4939,96.7423,98.5996,0,0
GOP_MV,D,20201218,000000,96.3812,99.4939,95.4784,96.8458,0,0
GOP_MV,D,20201221,000000,93.2166,96.6313,93.2166,93.2166,0,0
GOP_MV,D,20201222,000000,93.2166,98.5996,93.2166,95.0571,0,0
GOP_MV,D,20201223,000000,96.8025,97.2577,94.1195,94.5681,0,0
GOP_MV,D,20201228,000000,94.6095,94.6095,90.594,90.7579,0,0
GOP_MV,D,20201229,000000,90.6203,98.5996,90.6203,91.6526,0,0
GOP_MV,D,20201230,000000,87.5334,95.3496,87.5334,92.8557,0,0
GOP_MV,D,20210104,000000,93.6724,103.08,93.6724,100.57,0,0
GOP_MV,D,20210105,000000,104.877,107.56,97.7053,100.844,0,0
GOP_MV,D,20210107,000000,102.358,107.56,98.5996,99.967,0,0
GOP_MV,D,20210108,000000,103.08,105.272,99.5193,100.388,0,0
GOP_MV,D,20210111,000000,102.941,103.08,99.1328,99.6576,0,0
GOP_MV,D,20210112,000000,102.813,102.813,100.164,100.164,0,0
GOP_MV,D,20210113,000000,100.164,102.719,100.164,102.633,0,0
GOP_MV,D,20210114,000000,102.908,105.324,101.558,103.973,0,0
GOP_MV,D,20210115,000000,105.101,106.665,103.536,106.218,0,0
GOP_MV,D,20210118,000000,115.359,134.429,115.359,134.429,0,0
GOP_MV,D,20210119,000000,136.7,136.7,123.699,123.699,0,0
GOP_MV,D,20210120,000000,124.593,129.073,123.699,125.942,0,0
GOP_MV,D,20210121,000000,130.827,134.009,126.382,134.009,0,0
GOP_MV,D,20210122,000000,134.456,138.892,134.009,138.892,0,0
GOP_MV,D,20210125,000000,138.936,143.244,138.936,143.105,0,0
GOP_MV,D,20210126,000000,142.968,142.968,132.658,136.468,0,0
GOP_MV,D,20210127,000000,133.553,138.489,124.593,129.838,0,0
GOP_MV,D,20210128,000000,127.594,134.456,119.21,132.658,0,0
GOP_MV,D,20210129,000000,132.564,132.564,127.284,129.968,0,0
GOP_MV,D,20210201,000000,127.999,131.764,127.731,127.775,0,0
GOP_MV,D,20210202,000000,129.968,133.957,128.626,133.553,0,0
GOP_MV,D,20210203,000000,133.957,136.915,129.701,129.968,0,0
GOP_MV,D,20210204,000000,129.968,140.725,129.572,140.285,0,0
GOP_MV,D,20210205,000000,140.285,147.457,140.285,146.107,0,0
GOP_MV,D,20210208,000000,144.979,150.139,138.936,142.479,0,0
GOP_MV,D,20210209,000000,142.479,142.479,136.7,138.936,0,0
GOP_MV,D,20210210,000000,139.83,140.725,134.945,135.04,0,0
GOP_MV,D,20210211,000000,134.945,138.936,134.456,138.936,0,0
GOP_MV,D,20210212,000000,138.936,138.936,134.456,136.648,0,0
GOP_MV,D,20210215,000000,133.828,141.179,132.212,141.179,0,0
GOP_MV,D,20210216,000000,140.725,141.179,138.892,138.892,0,0
GOP_MV,D,20210217,000000,136.777,141.179,129.073,138.936,0,0
GOP_MV,D,20210218,000000,139.383,145.659,132.255,134.456,0,0
GOP_MV,D,20210219,000000,111.601,134.456,103.973,109.805,0,0
GOP_MV,D,20210222,000000,107.56,107.56,97.473,100.027,0,0
GOP_MV,D,20210223,000000,99.9933,100.388,95.0148,96.3633,0,0
GOP_MV,D,20210224,000000,98.152,100.982,97.2577,100.844,0,0
GOP_MV,D,20210225,000000,100.844,101.291,99.0463,99.4939,0,0
GOP_MV,D,20210226,000000,97.7053,98.5996,96.4075,97.2577,0,0
GOP_MV,D,20210301,000000,100.793,100.793,94.5681,96.8025,0,0
GOP_MV,D,20210302,000000,99.2701,99.2701,96.8025,98.5996,0,0
GOP_MV,D,20210303,000000,98.152,98.5996,95.9082,95.9082,0,0
GOP_MV,D,20210304,000000,95.1859,95.7803,91.876,95.7803,0,0
GOP_MV,D,20210305,000000,98.152,98.152,90.8012,92.0822,0,0
GOP_MV,D,20210308,000000,93.0883,93.845,92.056,92.9933,0,0
GOP_MV,D,20210309,000000,93.9821,97.2577,92.4169,96.2176,0,0
GOP_MV,D,20210310,000000,96.2439,96.2439,92.5898,93.2166,0,0
GOP_MV,D,20210311,000000,93.6724,96.3633,92.7789,93.2166,0,0
GOP_MV,D,20210312,000000,93.2166,93.7583,88.8833,91.4282,0,0
GOP_MV,D,20210315,000000,91.4282,91.8325,90.0872,91.3857,0,0
GOP_MV,D,20210316,000000,90.5343,90.5343,88.5136,89.1928,0,0
GOP_MV,D,20210317,000000,89.6314,89.6314,84.7088,86.2779,0,0
GOP_MV,D,20210318,000000,86.5015,89.1928,86.5015,88.7371,0,0
GOP_MV,D,20210319,000000,89.1928,89.1928,87.843,87.843,0,0
GOP_MV,D,20210322,000000,87.843,93.845,87.843,92.9933,0,0
GOP_MV,D,20210323,000000,94.0259,94.1195,88.8317,88.8317,0,0
GOP_MV,D,20210324,000000,92.3229,92.3229,88.5136,88.9607,0,0
GOP_MV,D,20210325,000000,91.4282,92.3229,87.843,90.9812,0,0
GOP_MV,D,20210326,000000,91.4282,91.4282,88.3761,91.3857,0,0
GOP_MV,D,20210329,000000,91.3857,92.3229,90.5343,90.5343,0,0
GOP_MV,D,20210330,000000,89.6229,92.5464,89.6229,90.4397,0,0
GOP_MV,D,20210331,000000,89.8636,89.8636,87.9375,88.7371,0,0
GOP_MV,D,20210401,000000,88.8317,88.8317,83.3605,88.5652,0,0
GOP_MV,D,20210406,000000,86.1404,88.204,85.0613,86.0458,0,0
GOP_MV,D,20210407,000000,86.9486,88.7371,86.9486,87.843,0,0
GOP_MV,D,20210408,000000,87.843,88.7371,87.3958,88.7371,0,0
GOP_MV,D,20210409,000000,88.7371,89.6314,86.0458,88.2987,0,0
GOP_MV,D,20210412,000000,88.3761,88.3761,85.1533,86.0458,0,0
GOP_MV,D,20210413,000000,86.9486,86.9486,85.4214,86.7681,0,0
GOP_MV,D,20210414,000000,85.7792,86.5015,85.1533,86.0458,0,0
GOP_MV,D,20210415,000000,86.0458,86.0458,84.7088,85.1533,0,0
GOP_MV,D,20210416,000000,86.0458,86.9486,85.1533,86.6735,0,0
GOP_MV,D,20210419,000000,86.9486,87.3958,83.2685,84.4327,0,0
GOP_MV,D,20210420,000000,84.1644,84.1644,83.0002,83.0002,0,0
GOP_MV,D,20210421,000000,83.0002,84.1644,82.4636,84.1644,0,0
GOP_MV,D,20210422,000000,84.1644,84.1644,81.6597,81.6597,0,0
GOP_MV,D,20210423,000000,81.6597,83.3605,81.6597,82.02,0,0
GOP_MV,D,20210426,000000,81.0311,81.0311,77.1781,80.1352,0,0
GOP_MV,D,20210427,000000,80.2272,80.2272,74.8497,76.8178,0,0
GOP_MV,D,20210428,000000,76.1894,76.7258,74.4893,76.1894,0,0
GOP_MV,D,20210429,000000,75.2933,76.0139,75.2933,75.7456,0,0
GOP_MV,D,20210430,000000,75.7456,76.1894,74.9331,76.1894,0,0
GOP_MV,D,20210504,000000,76.1894,76.1894,74.4893,75.829,0,0
GOP_MV,D,20210505,000000,75.829,75.829,74.4893,74.5727,0,0
GOP_MV,D,20210506,000000,74.5727,74.8497,68.8426,68.8426,0,0
GOP_MV,D,20210507,000000,68.8426,68.8426,67.2262,67.7617,0,0
GOP_MV,D,20210510,000000,67.4945,67.6784,65.5254,67.5864,0,0
GOP_MV,D,20210511,000000,67.5864,69.019,67.2262,69.019,0,0
GOP_MV,D,20210512,000000,69.019,71.2641,68.5744,68.8426,0,0
GOP_MV,D,20210513,000000,68.8426,69.7395,65.7016,67.9466,0,0
GOP_MV,D,20210514,000000,65.7016,68.8426,65.7016,68.8426,0,0
GOP_MV,D,20210517,000000,68.8426,69.3792,67.2262,69.1944,0,0
GOP_MV,D,20210518,000000,69.1109,69.1109,68.1221,68.1221,0,0
GOP_MV,D,20210519,000000,68.2983,68.2983,67.4024,67.6784,0,0
GOP_MV,D,20210520,000000,67.4945,70.8117,65.7936,70.8117,0,0
GOP_MV,D,20210521,000000,70.8117,71.7077,70.3672,71.7077,0,0
GOP_MV,D,20210524,000000,71.7077,73.2323,70.5435,72.068,0,0
GOP_MV,D,20210525,000000,73.0568,73.9528,71.7077,73.7687,0,0
GOP_MV,D,20210526,000000,73.6768,73.6768,70.2752,72.068,0,0
GOP_MV,D,20210527,000000,71.6157,71.6157,66.0619,68.927,0,0
GOP_MV,D,20210528,000000,68.1221,69.4712,68.1221,69.4712,0,0
GOP_MV,D,20210531,000000,71.7077,71.884,67.2262,67.2262,0,0
GOP_MV,D,20210601,000000,68.6587,71.4395,66.5056,70.0912,0,0
GOP_MV,D,20210602,000000,71.2641,71.7077,70.1832,71.7077,0,0
GOP_MV,D,20210604,000000,71.7077,71.7077,69.9149,69.9149,0,0
GOP_MV,D,20210607,000000,69.9149,71.3474,67.9466,71.2641,0,0
GOP_MV,D,20210608,000000,71.2641,71.2641,69.4712,69.9149,0,0
GOP_MV,D,20210609,000000,71.172,71.7077,69.9149,71.2641,0,0
GOP_MV,D,20210610,000000,71.2641,71.2641,66.5056,68.1221,0,0
GOP_MV,D,20210611,000000,68.1221,68.1221,67.7617,68.1221,0,0
GOP_MV,D,20210614,000000,68.1221,68.1221,67.2262,67.2262,0,0
GOP_MV,D,20210615,000000,68.03,68.1221,67.2262,68.03,0,0
GOP_MV,D,20210616,000000,67.9466,68.1221,67.4024,68.1221,0,0
GOP_MV,D,20210617,000000,68.1221,68.1221,65.4334,65.4334,0,0
GOP_MV,D,20210618,000000,65.5254,66.7825,65.5254,66.6896,0,0
GOP_MV,D,20210621,000000,66.6896,66.6896,63.6405,65.5254,0,0
GOP_MV,D,20210622,000000,65.5254,67.0498,63.6405,67.0498,0,0
GOP_MV,D,20210623,000000,64.9896,67.1342,64.9896,65.97,0,0
GOP_MV,D,20210624,000000,67.1342,67.2262,67.0498,67.2262,0,0
GOP_MV,D,20210625,000000,67.2262,67.2262,66.3302,66.3302,0,0
GOP_MV,D,20210628,000000,67.2262,67.2262,66.3302,66.7825,0,0
GOP_MV,D,20210629,000000,66.7825,66.7825,66.3302,66.3302,0,0
GOP_MV,D,20210630,000000,67.1342,67.1342,66.3302,67.1342,0,0
GOP_MV,D,20210701,000000,67.1342,67.2262,66.7825,67.0498,0,0
GOP_MV,D,20210702,000000,67.0498,67.2262,66.8658,66.8658,0,0
GOP_MV,D,20210705,000000,66.7825,67.2262,66.3302,66.3302,0,0
GOP_MV,D,20210706,000000,66.5056,67.2262,66.2373,67.2262,0,0
GOP_MV,D,20210707,000000,66.4221,67.2262,65.97,67.2262,0,0
GOP_MV,D,20210708,000000,67.2262,67.2262,67.2262,67.2262,0,0
GOP_MV,D,20210709,000000,67.2262,67.2262,67.2262,67.2262,0,0
GOP_MV,D,20210712,000000,67.2262,67.2262,64.9896,67.0498,0,0
GOP_MV,D,20210713,000000,67.0498,67.0498,64.8047,64.8047,0,0
GOP_MV,D,20210714,000000,65.5254,66.9579,64.8047,64.8047,0,0
GOP_MV,D,20210715,000000,66.3302,66.3302,64.9896,66.2373,0,0
GOP_MV,D,20210716,000000,64.9896,65.8856,63.5485,65.8856,0,0
GOP_MV,D,20210719,000000,64.6294,65.8856,64.0928,64.7128,0,0
GOP_MV,D,20210720,000000,64.0928,66.6896,63.6405,63.6405,0,0
GOP_MV,D,20210721,000000,64.9896,64.9896,63.4651,63.6405,0,0
GOP_MV,D,20210722,000000,64.5373,64.5373,64.5373,64.5373,0,0
GOP_MV,D,20210723,000000,64.9896,64.9896,64.9896,64.9896,0,0
GOP_MV,D,20210726,000000,64.9896,64.9896,63.6405,64.9896,0,0
GOP_MV,D,20210727,000000,64.9896,64.9896,63.8167,64.2692,0,0
GOP_MV,D,20210728,000000,64.9896,64.9896,53.7806,53.7806,0,0
GOP_MV,D,20210729,000000,55.1297,55.3051,53.6053,53.6886,0,0
GOP_MV,D,20210730,000000,55.5734,55.5734,53.6886,55.398,0,0
GOP_MV,D,20210802,000000,56.0257,56.0257,49.299,50.9998,0,0
GOP_MV,D,20210803,000000,50.9155,50.9155,49.5673,50.6481,0,0
GOP_MV,D,20210804,000000,50.7316,50.7316,48.2267,49.299,0,0
GOP_MV,D,20210805,000000,53.7806,53.7806,50.1957,53.4203,0,0
GOP_MV,D,20210806,000000,53.4203,53.7806,52.8845,53.7806,0,0
GOP_MV,D,20210809,000000,52.7927,54.9456,52.7927,53.7806,0,0
GOP_MV,D,20210810,000000,54.8528,54.8528,52.4409,53.3369,0,0
GOP_MV,D,20210811,000000,53.5132,53.5132,53.3369,53.5132,0,0
GOP_MV,D,20210812,000000,53.5132,53.5132,51.1837,51.36,0,0
GOP_MV,D,20210813,000000,51.36,53.2448,51.0918,53.2448,0,0
GOP_MV,D,20210816,000000,51.2682,53.2448,51.2682,51.7203,0,0
GOP_MV,D,20210817,000000,51.7203,53.7806,51.7203,53.7806,0,0
GOP_MV,D,20210818,000000,53.3369,53.3369,51.7203,52.8845,0,0
GOP_MV,D,20210819,000000,51.5442,52.348,50.1957,52.164,0,0
GOP_MV,D,20210820,000000,52.164,52.164,50.7316,50.8235,0,0
GOP_MV,D,20210823,000000,51.8124,54.1408,49.299,54.1408,0,0
GOP_MV,D,20210824,000000,53.4203,54.1408,51.6283,52.164,0,0
GOP_MV,D,20210825,000000,54.8528,56.0257,52.0807,56.0257,0,0
GOP_MV,D,20210826,000000,56.1098,56.6456,54.6774,56.0257,0,0
GOP_MV,D,20210827,000000,56.0257,56.4702,53.4203,54.5854,0,0
GOP_MV,D,20210830,000000,56.2019,56.2019,53.4203,55.8503,0,0
GOP_MV,D,20210831,000000,56.1263,56.1263,54.1246,54.3085,0,0
GOP_MV,D,20210901,000000,55.766,55.766,53.5802,55.398,0,0
GOP_MV,D,20210902,000000,55.3051,55.3051,54.4005,54.8528,0,0
GOP_MV,D,20210903,000000,55.9422,55.9422,54.4005,55.8503,0,0
GOP_MV,D,20210906,000000,56.7634,57.5759,56.2183,56.7634,0,0
GOP_MV,D,20210907,000000,56.3111,56.7634,54.7608,55.1297,0,0
GOP_MV,D,20210908,000000,56.8554,60.3989,55.8503,59.4857,0,0
GOP_MV,D,20210909,000000,59.5777,60.8512,59.5777,60.5743,0,0
GOP_MV,D,20210910,000000,60.5743,60.667,58.6731,58.6731,0,0
GOP_MV,D,20210913,000000,58.6731,60.5743,58.6731,60.5743,0,0
GOP_MV,D,20210914,000000,60.7591,60.8512,58.5811,59.938,0,0
GOP_MV,D,20210915,000000,61.4281,61.4281,56.3979,57.7996,0,0
GOP_MV,D,20210916,000000,57.7996,58.3584,56.0283,58.3584,0,0
GOP_MV,D,20210917,000000,55.9336,58.3584,55.9336,57.3266,0,0
GOP_MV,D,20210920,000000,57.146,57.146,54.9963,56.7677,0,0
GOP_MV,D,20210921,000000,56.7677,58.3584,53.698,58.3584,0,0
GOP_MV,D,20210922,000000,61.0583,61.0583,54.9963,60.2243,0,0
GOP_MV,D,20210923,000000,59.5708,60.5941,56.2087,60.0352,0,0
GOP_MV,D,20210924,000000,60.4996,60.4996,58.2638,59.4763,0,0
GOP_MV,D,20210927,000000,59.4763,61.153,57.4211,61.153,0,0
GOP_MV,D,20210928,000000,61.153,61.3422,57.4211,58.7282,0,0
GOP_MV,D,20210929,000000,62.2707,62.2707,57.6104,60.1298,0,0
GOP_MV,D,20210930,000000,61.7119,62.8297,58.2638,61.0583,0,0
GOP_MV,D,20211001,000000,61.5227,61.5227,60.5941,60.5941,0,0
GOP_MV,D,20211004,000000,60.5941,61.9957,60.5941,61.0583,0,0
GOP_MV,D,20211005,000000,59.1925,61.3422,58.9174,61.0583,0,0
GOP_MV,D,20211006,000000,62.7351,62.7351,59.1925,59.1925,0,0
GOP_MV,D,20211007,000000,60.5941,60.5941,60.0352,60.0352,0,0
GOP_MV,D,20211008,000000,60.5941,60.5941,59.3817,59.4763,0,0
GOP_MV,D,20211011,000000,59.4763,61.0583,59.1925,59.6569,0,0
GOP_MV,D,20211012,000000,58.7282,60.1298,53.139,58.2638,0,0
GOP_MV,D,20211013,000000,58.3584,59.1925,56.8624,59.098,0,0
GOP_MV,D,20211014,000000,59.0119,59.4763,57.7996,58.1693,0,0
GOP_MV,D,20211015,000000,58.2638,58.7282,57.5157,57.5157,0,0
GOP_MV,D,20211018,000000,57.146,57.5157,56.8624,56.8624,0,0
GOP_MV,D,20211019,000000,56.8624,57.7996,55.091,57.7996,0,0
GOP_MV,D,20211020,000000,57.2407,57.2407,54.5321,55.9336,0,0
GOP_MV,D,20211021,000000,55.9336,55.9336,52.2019,53.6035,0,0
GOP_MV,D,20211022,000000,53.6035,54.7212,52.8554,52.8554,0,0
GOP_MV,D,20211025,000000,54.9963,55.3747,53.6035,53.6035,0,0
GOP_MV,D,20211026,000000,54.9963,54.9963,53.139,53.6035,0,0
GOP_MV,D,20211027,000000,54.9963,54.9963,52.391,53.3197,0,0
GOP_MV,D,20211028,000000,53.3197,53.8785,51.084,52.1073,0,0
GOP_MV,D,20211029,000000,53.139,53.139,49.7772,50.6198,0,0
GOP_MV,D,20211102,000000,49.7772,50.336,48.0057,50.336,0,0
GOP_MV,D,20211103,000000,48.0057,49.7772,48.0057,49.7772,0,0
GOP_MV,D,20211104,000000,49.3128,49.4074,48.943,49.3128,0,0
GOP_MV,D,20211105,000000,49.4074,50.25,49.3128,50.25,0,0
GOP_MV,D,20211108,000000,50.25,52.1073,49.9663,49.9663,0,0
GOP_MV,D,20211109,000000,49.9663,50.8949,47.1717,47.5414,0,0
GOP_MV,D,20211110,000000,47.5414,47.5414,44.7468,47.0773,0,0
GOP_MV,D,20211112,000000,46.6128,48.0057,45.6756,45.6756,0,0
GOP_MV,D,20211115,000000,46.888,46.9826,45.6756,45.6756,0,0
GOP_MV,D,20211116,000000,46.1399,46.4666,45.2112,46.4666,0,0
GOP_MV,D,20211117,000000,46.5183,46.5183,44.9791,45.9077,0,0
GOP_MV,D,20211118,000000,46.2345,46.5183,44.9791,46.1399,0,0
GOP_MV,D,20211119,000000,46.5183,46.5183,44.2826,44.2826,0,0
GOP_MV,D,20211122,000000,45.6325,45.6325,43.2078,44.1879,0,0
GOP_MV,D,20211123,000000,43.8613,45.6756,43.3453,45.6756,0,0
GOP_MV,D,20211124,000000,45.6756,45.6756,44.0505,44.936,0,0
GOP_MV,D,20211125,000000,45.538,45.538,43.6721,44.2826,0,0
GOP_MV,D,20211126,000000,45.2112,45.2112,42.0384,42.8811,0,0
GOP_MV,D,20211129,000000,42.0899,44.7468,41.1097,42.6489,0,0
GOP_MV,D,20211130,000000,42.7864,42.8811,42.7864,42.8811,0,0
GOP_MV,D,20211201,000000,42.6489,42.6489,42.4167,42.6059,0,0
GOP_MV,D,20211202,000000,42.6489,42.6489,41.6256,42.133,0,0
GOP_MV,D,20211203,000000,41.6256,42.4167,41.0152,41.531,0,0
GOP_MV,D,20211206,000000,39.6222,41.9523,39.6222,41.574,0,0
GOP_MV,D,20211207,000000,41.9523,46.1399,41.2473,46.1399,0,0
GOP_MV,D,20211208,000000,46.1399,46.5183,45.6756,46.5183,0,0
GOP_MV,D,20211209,000000,47.3523,47.3523,46.6128,46.6128,0,0
GOP_MV,D,20211210,000000,46.6128,47.3523,42.6919,45.9593,0,0
GOP_MV,D,20211213,000000,46.888,46.888,43.0186,45.3058,0,0
GOP_MV,D,20211214,000000,43.1647,45.2112,42.8811,43.8097,0,0
GOP_MV,D,20211215,000000,43.8097,43.8097,39.6222,42.924,0,0
GOP_MV,D,20211216,000000,42.8811,42.8811,41.2988,42.838,0,0
GOP_MV,D,20211217,000000,42.4167,42.4167,40.5507,40.6884,0,0
GOP_MV,D,20211220,000000,40.6884,41.9523,40.5939,40.5939,0,0
GOP_MV,D,20211221,000000,40.5507,41.9523,40.5507,41.3935,0,0
GOP_MV,D,20211222,000000,40.5507,42.7864,40.2671,42.4167,0,0
GOP_MV,D,20211223,000000,40.5507,41.4795,39.5706,41.4795,0,0
GOP_MV,D,20211227,000000,41.4795,41.4795,39.2439,39.3814,0,0
GOP_MV,D,20211228,000000,39.3814,40.0865,39.3814,39.3814,0,0
GOP_MV,D,20211229,000000,41.3935,44.6953,40.5507,44.2826,0,0
GOP_MV,D,20211230,000000,44.2826,44.2826,42.3221,44.2826,0,0
GOP_MV,D,20220103,000000,44.6093,44.6093,41.4795,43.7666,0,0
GOP_MV,D,20220104,000000,43.7666,44.2826,42.4167,43.0703,0,0
GOP_MV,D,20220105,000000,41.9954,43.1647,41.4795,41.6256,0,0
GOP_MV,D,20220107,000000,42.7864,43.2508,41.1527,41.9523,0,0
GOP_MV,D,20220110,000000,44.1364,44.1364,42.6489,43.7237,0,0
GOP_MV,D,20220111,000000,43.8097,46.0969,42.8811,46.0969,0,0
GOP_MV,D,20220112,000000,46.0969,46.1399,45.2112,46.1399,0,0
GOP_MV,D,20220113,000000,46.1399,46.1399,45.4434,46.0969,0,0
GOP_MV,D,20220114,000000,46.0969,46.4666,44.5577,45.6756,0,0
GOP_MV,D,20220117,000000,46.0969,46.4666,46.0023,46.4666,0,0
GOP_MV,D,20220118,000000,46.3806,46.4666,44.7468,46.1915,0,0
GOP_MV,D,20220119,000000,46.1399,46.1399,44.0505,45.9077,0,0
GOP_MV,D,20220120,000000,45.2112,45.581,44.231,45.581,0,0
GOP_MV,D,20220121,000000,43.9042,44.936,43.8613,44.6093,0,0
GOP_MV,D,20220124,000000,44.6093,44.6093,41.1527,41.4795,0,0
GOP_MV,D,20220125,000000,42.838,42.838,39.8974,41.7202,0,0
GOP_MV,D,20220126,000000,41.9008,41.9008,41.6256,41.6256,0,0
GOP_MV,D,20220127,000000,40.783,41.9523,40.783,41.9523,0,0
GOP_MV,D,20220128,000000,41.9523,41.9523,40.783,41.531,0,0
GOP_MV,D,20220131,000000,41.8578,43.7666,41.531,43.7666,0,0
GOP_MV,D,20220201,000000,44.2826,44.2826,42.8811,43.8097,0,0
GOP_MV,D,20220202,000000,43.8097,43.8097,41.7632,43.6292,0,0
GOP_MV,D,20220203,000000,41.9523,43.6292,40.9722,41.9523,0,0
GOP_MV,D,20220204,000000,41.0667,43.1132,40.5939,43.1132,0,0
GOP_MV,D,20220207,000000,43.3453,43.3453,40.9722,42.6919,0,0
GOP_MV,D,20220208,000000,43.2508,43.2508,40.0865,41.4795,0,0
GOP_MV,D,20220209,000000,42.2276,42.2276,40.5939,41.7632,0,0
GOP_MV,D,20220210,000000,41.7632,41.9523,41.7632,41.9008,0,0
GOP_MV,D,20220211,000000,41.9523,41.9523,38.9687,40.2671,0,0
GOP_MV,D,20220214,000000,39.6222,41.0152,38.2206,38.6419,0,0
GOP_MV,D,20220215,000000,38.9687,39.2439,38.1776,39.2439,0,0
GOP_MV,D,20220216,000000,39.5706,40.5078,38.4958,39.6652,0,0
GOP_MV,D,20220217,000000,39.3814,39.7598,38.685,39.5276,0,0
GOP_MV,D,20220218,000000,38.685,39.6222,38.2206,39.3814,0,0
GOP_MV,D,20220221,000000,38.4527,39.5706,38.4527,39.5706,0,0
GOP_MV,D,20220222,000000,38.4527,39.1492,38.4527,39.0633,0,0
GOP_MV,D,20220223,000000,38.685,38.685,37.8508,38.685,0,0
GOP_MV,D,20220224,000000,35.4261,37.1458,30.2928,33.6548,0,0
GOP_MV,D,20220225,000000,33.6548,36.4493,32.6229,36.4493,0,0
GOP_MV,D,20220228,000000,36.4493,39.1492,34.7726,38.2206,0,0
GOP_MV,D,20220301,000000,38.2206,38.4097,36.5869,38.4097,0,0
GOP_MV,D,20220302,000000,36.819,39.1063,34.8672,38.1776,0,0
GOP_MV,D,20220303,000000,38.1776,38.1776,37.2919,37.2919,0,0
GOP_MV,D,20220304,000000,37.2919,38.8741,36.2172,37.7047,0,0
GOP_MV,D,20220307,000000,36.819,37.0512,35.4261,37.0512,0,0
GOP_MV,D,20220308,000000,37.6616,37.6616,36.3547,37.0512,0,0
GOP_MV,D,20220309,000000,37.2919,38.6419,34.6781,36.819,0,0
GOP_MV,D,20220310,000000,36.819,36.819,36.819,36.819,0,0
GOP_MV,D,20220311,000000,36.819,38.083,36.3547,38.083,0,0
GOP_MV,D,20220314,000000,36.819,36.819,35.6582,35.8905,0,0
GOP_MV,D,20220315,000000,37.2919,37.2919,35.8905,35.8905,0,0
GOP_MV,D,20220316,000000,35.4261,37.2403,35.4261,36.4922,0,0
GOP_MV,D,20220317,000000,36.6814,37.7047,36.6814,37.7047,0,0
GOP_MV,D,20220318,000000,37.7047,37.7563,37.2919,37.6616,0,0
GOP_MV,D,20220321,000000,37.7563,37.7563,37.7563,37.7563,0,0
GOP_MV,D,20220322,000000,38.5904,40.1811,38.5904,39.6222,0,0
GOP_MV,D,20220323,000000,39.949,39.949,37.5242,38.8741,0,0
GOP_MV,D,20220324,000000,38.8741,38.8741,38.2206,38.6419,0,0
GOP_MV,D,20220325,000000,38.685,39.8028,37.2919,39.8028,0,0
GOP_MV,D,20220328,000000,39.8028,39.8028,38.0314,39.6222,0,0
GOP_MV,D,20220329,000000,40.0865,40.0865,37.7563,39.0633,0,0
GOP_MV,D,20220330,000000,38.685,38.685,37.7563,38.4527,0,0
GOP_MV,D,20220331,000000,38.5474,38.6419,37.335,38.3152,0,0
GOP_MV,D,20220401,000000,38.3152,38.3152,37.335,38.083,0,0
GOP_MV,D,20220404,000000,38.083,38.2636,36.9136,37.8508,0,0
GOP_MV,D,20220405,000000,37.8939,38.2636,34.1191,34.1191,0,0
GOP_MV,D,20220406,000000,35.6067,35.6067,32.7175,34.7726,0,0
GOP_MV,D,20220407,000000,34.9617,35.4261,34.0244,35.3745,0,0
GOP_MV,D,20220408,000000,35.4261,35.4261,33.4656,34.8672,0,0
GOP_MV,D,20220411,000000,35.2369,35.2369,33.4656,34.3513,0,0
GOP_MV,D,20220412,000000,34.9102,35.1424,33.5087,34.8155,0,0
GOP_MV,D,20220413,000000,35.4261,35.4261,33.4656,34.7726,0,0
GOP_MV,D,20220414,000000,35.3315,35.3315,33.4656,34.3942,0,0
GOP_MV,D,20220419,000000,35.0478,35.0478,33.2764,33.93,0,0
GOP_MV,D,20220420,000000,35.0478,35.0478,32.2533,33.4656,0,0
GOP_MV,D,20220421,000000,34.3083,34.3083,32.3478,33.7494,0,0
GOP_MV,D,20220422,000000,31.6943,34.2136,31.6943,34.2136,0,0
GOP_MV,D,20220425,000000,34.2136,34.2136,30.8602,32.2533,0,0
GOP_MV,D,20220426,000000,33.0013,34.2136,32.1586,33.1905,0,0
GOP_MV,D,20220427,000000,33.2764,33.2764,30.9462,31.9781,0,0
GOP_MV,D,20220428,000000,32.6229,32.6229,31.0409,31.5997,0,0
GOP_MV,D,20220429,000000,32.0641,32.6229,30.9462,32.6229,0,0
GOP_MV,D,20220502,000000,32.6229,33.1905,31.23,33.1905,0,0
GOP_MV,D,20220504,000000,33.1905,33.4656,32.3478,33.4656,0,0
GOP_MV,D,20220505,000000,32.3478,33.8353,32.3478,33.0959,0,0
GOP_MV,D,20220506,000000,33.0959,33.0959,31.6943,31.6943,0,0
GOP_MV,D,20220509,000000,33.6548,33.6548,30.8602,30.8602,0,0
GOP_MV,D,20220510,000000,30.8602,33.5602,30.8602,32.6229,0,0
GOP_MV,D,20220511,000000,32.6229,32.6229,31.1354,32.4424,0,0
GOP_MV,D,20220512,000000,32.6229,32.6229,31.23,32.4424,0,0
GOP_MV,D,20220513,000000,32.4424,32.5369,31.23,32.5369,0,0
GOP_MV,D,20220516,000000,33.0013,33.0013,32.1586,32.1586,0,0
GOP_MV,D,20220517,000000,32.1586,32.1586,30.8602,32.1586,0,0
GOP_MV,D,20220518,000000,32.1586,32.5369,31.1354,32.1586,0,0
GOP_MV,D,20220519,000000,32.5369,32.5369,30.2928,31.5997,0,0
GOP_MV,D,20220520,000000,31.5997,31.5997,30.2928,31.5997,0,0
GOP_MV,D,20220523,000000,31.5997,31.7889,31.5052,31.5052,0,0
GOP_MV,D,20220524,000000,31.7889,31.7889,31.5052,31.6943,0,0
GOP_MV,D,20220525,000000,31.7889,31.7889,30.4819,31.5997,0,0
GOP_MV,D,20220526,000000,31.5997,31.6943,30.7656,31.6943,0,0
GOP_MV,D,20220527,000000,31.6943,31.6943,31.6943,31.6943,0,0
GOP_MV,D,20220530,000000,31.7889,31.7889,30.3872,31.5997,0,0
GOP_MV,D,20220531,000000,31.9781,37.8508,31.9781,37.8508,0,0
GOP_MV,D,20220601,000000,36.5439,39.1492,35.4261,37.2919,0,0
GOP_MV,D,20220602,000000,37.2919,37.2919,35.5207,36.4493,0,0
GOP_MV,D,20220603,000000,36.5439,36.5439,34.7726,34.7726,0,0
GOP_MV,D,20220606,000000,34.5834,36.3547,34.5834,34.5834,0,0
GOP_MV,D,20220607,000000,36.1655,36.1655,34.1191,35.3315,0,0
GOP_MV,D,20220608,000000,35.4261,35.4261,32.6229,32.6229,0,0
GOP_MV,D,20220609,000000,34.9617,34.9617,32.6229,33.0959,0,0
GOP_MV,D,20220610,000000,33.0959,33.0959,30.9462,32.6229,0,0
GOP_MV,D,20220613,000000,32.6229,32.6229,29.3641,30.6711,0,0
GOP_MV,D,20220614,000000,30.2928,31.6943,30.2928,31.5997,0,0
GOP_MV,D,20220615,000000,31.5997,31.5997,31.5052,31.5997,0,0
GOP_MV,D,20220617,000000,31.5052,31.5997,31.23,31.5997,0,0
GOP_MV,D,20220620,000000,31.5997,33.0959,30.3872,33.0959,0,0
GOP_MV,D,20220621,000000,32.6229,33.4656,32.6229,33.1905,0,0
GOP_MV,D,20220622,000000,33.0013,33.0013,31.5997,31.5997,0,0
GOP_MV,D,20220623,000000,32.5369,32.5369,29.923,31.23,0,0
GOP_MV,D,20220624,000000,31.23,32.5369,30.2928,31.6943,0,0
GOP_MV,D,20220627,000000,31.23,33.371,30.5764,31.3245,0,0
GOP_MV,D,20220628,000000,32.6229,33.2764,30.6711,33.2764,0,0
GOP_MV,D,20220629,000000,33.1905,33.1905,30.6711,31.8835,0,0
GOP_MV,D,20220630,000000,32.5369,32.5369,30.9462,31.6943,0,0
GOP_MV,D,20220701,000000,32.5369,32.5369,30.6711,31.5997,0,0
GOP_MV,D,20220704,000000,32.0641,32.0641,30.3872,31.3245,0,0
GOP_MV,D,20220705,000000,32.0641,32.0641,30.2928,31.4192,0,0
GOP_MV,D,20220706,000000,31.9781,31.9781,30.3872,31.5997,0,0
GOP_MV,D,20220707,000000,31.9781,31.9781,30.7656,31.6943,0,0
GOP_MV,D,20220708,000000,31.6943,32.1586,31.5052,32.1586,0,0
GOP_MV,D,20220711,000000,32.6229,33.0959,31.7889,33.0959,0,0
GOP_MV,D,20220712,000000,33.0959,33.0959,32.5369,32.5369,0,0
GOP_MV,D,20220713,000000,33.0959,33.0959,32.1586,32.4424,0,0
GOP_MV,D,20220714,000000,32.5369,32.5369,32.3478,32.3478,0,0
GOP_MV,D,20220715,000000,32.3478,32.3478,31.3245,32.0641,0,0
GOP_MV,D,20220718,000000,32.5369,33.0013,30.7656,32.8121,0,0
GOP_MV,D,20220719,000000,32.9067,32.9067,31.6943,31.8835,0,0
GOP_MV,D,20220720,000000,32.9067,32.9067,30.9462,31.6943,0,0
GOP_MV,D,20220721,000000,33.0013,33.0013,31.23,31.8835,0,0
GOP_MV,D,20220722,000000,31.8835,34.6781,31.23,34.6781,0,0
GOP_MV,D,20220725,000000,33.2764,34.4889,33.2764,34.4889,0,0
GOP_MV,D,20220726,000000,34.4889,37.1974,33.8353,35.2369,0,0
GOP_MV,D,20220727,000000,36.3547,36.3547,33.5602,34.9617,0,0
GOP_MV,D,20220728,000000,34.9617,35.1424,33.1905,35.0478,0,0
GOP_MV,D,20220729,000000,33.8353,35.0478,33.5602,34.6781,0,0
GOP_MV,D,20220801,000000,34.7726,35.7013,33.371,35.7013,0,0
GOP_MV,D,20220802,000000,37.2919,40.5507,36.7331,37.8508,0,0
GOP_MV,D,20220803,000000,37.8508,40.74,35.8905,40.5507,0,0
GOP_MV,D,20220804,000000,40.6454,40.6454,38.685,39.992,0,0
GOP_MV,D,20220805,000000,39.992,39.992,37.9369,38.5904,0,0
GOP_MV,D,20220808,000000,36.7331,41.574,36.7331,41.574,0,0
GOP_MV,D,20220809,000000,41.4795,41.4795,39.6222,41.2043,0,0
GOP_MV,D,20220810,000000,41.8578,43.0703,39.7081,41.0152,0,0
GOP_MV,D,20220811,000000,41.0152,43.3453,41.0152,43.3453,0,0
GOP_MV,D,20220812,000000,43.3453,43.3453,40.74,42.7864,0,0
GOP_MV,D,20220816,000000,41.9523,42.7864,40.5507,41.4795,0,0
GOP_MV,D,20220817,000000,42.5113,42.5113,40.0865,41.3935,0,0
GOP_MV,D,20220818,000000,41.1097,41.1097,39.1492,40.3615,0,0
GOP_MV,D,20220819,000000,40.9205,40.9205,38.4097,39.4331,0,0
GOP_MV,D,20220822,000000,39.0633,39.0633,37.5671,38.7795,0,0
GOP_MV,D,20220823,000000,38.8741,38.8741,38.685,38.7795,0,0
GOP_MV,D,20220824,000000,38.5904,40.5507,38.5904,39.992,0,0
GOP_MV,D,20220825,000000,41.8578,41.8578,40.5507,40.5507,0,0
GOP_MV,D,20220826,000000,41.7632,41.8578,40.4562,40.4562,0,0
GOP_MV,D,20220829,000000,40.2671,40.2671,37.9369,39.8974,0,0
GOP_MV,D,20220830,000000,39.8974,40.5507,39.8974,39.8974,0,0
GOP_MV,D,20220831,000000,40.5507,41.574,39.1492,40.9205,0,0
GOP_MV,D,20220901,000000,41.4795,41.4795,38.5904,39.8974,0,0
GOP_MV,D,20220902,000000,41.2043,41.2043,41.0152,41.0152,0,0
GOP_MV,D,20220905,000000,40.4562,42.3221,40.4562,42.3221,0,0
GOP_MV,D,20220906,000000,42.3221,42.3221,41.0152,42.2276,0,0
GOP_MV,D,20220907,000000,42.4167,42.4167,41.0152,42.2276,0,0
GOP_MV,D,20220908,000000,42.6059,42.6059,41.1097,42.5113,0,0
GOP_MV,D,20220909,000000,42.3221,42.3221,41.3935,42.2276,0,0
GOP_MV,D,20220912,000000,42.3221,42.4167,40.5507,41.8578,0,0
GOP_MV,D,20220913,000000,41.9523,42.6919,40.2671,42.6919,0,0
GOP_MV,D,20220914,000000,42.6919,42.6919,40.6454,42.6919,0,0
GOP_MV,D,20220915,000000,41.4795,42.6919,40.5507,42.2276,0,0
GOP_MV,D,20220916,000000,41.9523,42.0384,41.0152,42.0384,0,0
GOP_MV,D,20220919,000000,42.0384,42.0384,41.0152,41.9523,0,0
GOP_MV,D,20220920,000000,42.6059,42.6059,40.74,41.4795,0,0
GOP_MV,D,20220921,000000,42.133,42.5113,41.2988,42.5113,0,0
GOP_MV,D,20220922,000000,42.5113,45.6756,42.0384,42.6919,0,0
GOP_MV,D,20220923,000000,43.3453,43.7237,41.4795,42.8811,0,0
GOP_MV,D,20220926,000000,42.8811,42.8811,38.8741,41.2043,0,0
GOP_MV,D,20220927,000000,42.6059,42.6059,40.6454,40.6454,0,0
GOP_MV,D,20220928,000000,41.4795,41.4795,40.6454,41.3935,0,0
GOP_MV,D,20220929,000000,38.2499,42.5653,38.2499,42.5653,0,0
GOP_MV,D,20220930,000000,40.3127,42.4658,40.3127,42.1763,0,0
GOP_MV,D,20221003,000000,42.0767,42.0767,40.7017,41.0003,0,0
GOP_MV,D,20221004,000000,40.9007,42.5653,40.1136,40.1136,0,0
GOP_MV,D,20221005,000000,40.2131,41.6878,38.838,39.8242,0,0
GOP_MV,D,20221006,000000,40.0141,41.5883,39.9147,41.2897,0,0
GOP_MV,D,20221007,000000,43.1805,43.1805,40.6927,40.6927,0,0
GOP_MV,D,20221010,000000,42.2849,42.2849,39.4984,40.0955,0,0
GOP_MV,D,20221011,000000,41.0907,41.0907,37.9062,39.2994,0,0
GOP_MV,D,20221012,000000,40.4937,42.1854,37.3092,37.5082,0,0
GOP_MV,D,20221013,000000,37.5082,37.5082,34.8212,36.3139,0,0
GOP_MV,D,20221014,000000,37.5082,37.5082,36.0154,37.4087,0,0
GOP_MV,D,20221017,000000,37.5082,37.5082,35.7169,36.0154,0,0
GOP_MV,D,20221018,000000,37.5082,39.1999,34.5227,35.3188,0,0
GOP_MV,D,20221019,000000,36.3139,36.3139,32.9395,36.0154,0,0
GOP_MV,D,20221020,000000,33.8261,36.0154,33.8261,35.8164,0,0
GOP_MV,D,20221021,000000,35.8164,35.8164,33.3376,33.3376,0,0
GOP_MV,D,20221024,000000,33.5365,35.5179,33.437,35.5179,0,0
GOP_MV,D,20221025,000000,35.5179,35.5179,33.3376,33.3376,0,0
GOP_MV,D,20221026,000000,35.6174,35.6174,33.437,34.1246,0,0
GOP_MV,D,20221027,000000,35.5179,35.8164,34.1246,35.8164,0,0
GOP_MV,D,20221028,000000,35.8164,36.3139,35.0203,36.3139,0,0
GOP_MV,D,20221031,000000,35.8164,37.6077,35.6174,37.6077,0,0
GOP_MV,D,20221102,000000,37.5082,37.6077,35.7169,36.6125,0,0
GOP_MV,D,20221103,000000,37.2096,37.2096,36.6125,36.8116,0,0
GOP_MV,D,20221104,000000,36.2144,36.8116,36.2144,36.8116,0,0
GOP_MV,D,20221107,000000,37.2096,37.2096,35.8164,36.7121,0,0
GOP_MV,D,20221108,000000,37.2096,37.2096,36.8116,37.2096,0,0
GOP_MV,D,20221109,000000,35.7169,37.5082,35.7169,37.5082,0,0
GOP_MV,D,20221110,000000,37.6077,38.9014,37.2096,37.2096,0,0
GOP_MV,D,20221114,000000,36.4134,38.7024,36.4134,38.2047,0,0
GOP_MV,D,20221115,000000,38.8019,38.8019,37.3092,38.8019,0,0
GOP_MV,D,20221116,000000,38.8019,38.8019,36.7121,37.3092,0,0
GOP_MV,D,20221117,000000,39.0009,39.996,37.8066,39.996,0,0
GOP_MV,D,20221118,000000,40.0955,43.6781,39.797,43.081,0,0
GOP_MV,D,20221121,000000,43.081,43.081,41.7873,41.7873,0,0
GOP_MV,D,20221122,000000,42.7825,42.882,41.6878,41.7873,0,0
GOP_MV,D,20221123,000000,42.2849,43.6781,42.2849,42.7825,0,0
GOP_MV,D,20221124,000000,42.7825,43.5786,41.1902,43.28,0,0
GOP_MV,D,20221125,000000,43.7776,43.7776,42.2849,42.882,0,0
GOP_MV,D,20221128,000000,42.2849,42.2849,41.1902,42.2849,0,0
GOP_MV,D,20221129,000000,41.3892,43.7776,38.2047,41.3892,0,0
GOP_MV,D,20221130,000000,41.7873,41.7873,41.2897,41.2897,0,0
GOP_MV,D,20221201,000000,41.2897,44.5738,41.2897,44.2752,0,0
GOP_MV,D,20221202,000000,43.3796,44.7728,43.28,44.7728,0,0
GOP_MV,D,20221205,000000,46.2655,46.2655,44.7728,46.2655,0,0
GOP_MV,D,20221206,000000,45.2704,46.1659,42.5834,44.5738,0,0
GOP_MV,D,20221207,000000,45.4693,45.4693,41.9863,42.4839,0,0
GOP_MV,D,20221208,000000,44.1756,45.4693,42.4839,43.7776,0,0
GOP_MV,D,20221209,000000,45.0713,45.0713,42.7825,44.1756,0,0
GOP_MV,D,20221212,000000,44.2752,44.2752,42.7825,44.1756,0,0
GOP_MV,D,20221213,000000,44.1756,44.1756,42.1854,44.0761,0,0
GOP_MV,D,20221214,000000,44.1756,44.1756,44.1756,44.1756,0,0
GOP_MV,D,20221215,000000,44.1756,44.1756,42.2849,43.6781,0,0
GOP_MV,D,20221216,000000,43.7776,43.7776,41.7873,43.28,0,0
GOP_MV,D,20221219,000000,41.7873,43.081,40.7921,42.2849,0,0
GOP_MV,D,20221220,000000,42.2849,42.2849,40.7921,41.7873,0,0
GOP_MV,D,20221221,000000,41.7873,41.7873,39.996,41.1902,0,0
GOP_MV,D,20221222,000000,41.1902,41.1902,39.4984,41.1902,0,0
GOP_MV,D,20221223,000000,41.1902,43.28,41.1902,43.1805,0,0
GOP_MV,D,20221227,000000,43.1805,43.28,41.2897,42.7825,0,0
GOP_MV,D,20221228,000000,42.7825,42.7825,40.7921,41.9863,0,0
GOP_MV,D,20221229,000000,41.9863,42.6829,40.7921,42.6829,0,0
GOP_MV,D,20221230,000000,42.2849,42.6829,41.9863,42.6829,0,0
GOP_MV,D,20230102,000000,44.2752,44.2752,42.1854,42.5834,0,0
GOP_MV,D,20230103,000000,42.2849,47.2606,42.2849,46.4646,0,0
GOP_MV,D,20230104,000000,46.4646,49.45,45.8674,49.2509,0,0
GOP_MV,D,20230105,000000,49.1514,49.1514,47.2606,48.5543,0,0
GOP_MV,D,20230109,000000,48.5543,58.2073,48.3554,55.2218,0,0
GOP_MV,D,20230110,000000,55.2218,58.2073,52.9872,58.2073,0,0
GOP_MV,D,20230111,000000,58.7049,61.446,56.9679,58.7049,0,0
GOP_MV,D,20230112,000000,58.2073,61.1927,56.7146,57.4654,0,0
GOP_MV,D,20230113,000000,57.9631,62.188,57.9631,61.446,0,0
GOP_MV,D,20230116,000000,62.9388,69.6516,62.6854,68.6564,0,0
GOP_MV,D,20230117,000000,66.1685,69.6516,61.6903,62.9388,0,0
GOP_MV,D,20230118,000000,63.183,63.9339,59.9534,61.446,0,0
GOP_MV,D,20230119,000000,59.6999,61.1927,59.2025,59.6999,0,0
GOP_MV,D,20230120,000000,60.6952,63.4364,60.1976,62.4412,0,0
GOP_MV,D,20230123,000000,62.9388,62.9388,59.6999,60.6952,0,0
GOP_MV,D,20230124,000000,60.6952,62.188,57.9631,59.6999,0,0
GOP_MV,D,20230125,000000,59.4557,59.6999,57.9631,58.7049,0,0
GOP_MV,D,20230126,000000,59.2025,62.6854,59.2025,60.1976,0,0
GOP_MV,D,20230127,000000,61.446,62.188,60.1976,60.6952,0,0
GOP_MV,D,20230130,000000,61.6903,62.4412,60.4509,61.1927,0,0
GOP_MV,D,20230131,000000,62.4412,63.6806,60.4509,61.1927,0,0
GOP_MV,D,20230201,000000,62.188,62.188,60.1976,60.1976,0,0
GOP_MV,D,20230202,000000,61.9436,61.9436,59.6999,60.1976,0,0
GOP_MV,D,20230203,000000,60.1976,61.446,59.9534,59.9534,0,0
GOP_MV,D,20230206,000000,60.9485,62.188,56.217,56.217,0,0
GOP_MV,D,20230207,000000,59.6999,72.1394,59.6999,72.1394,0,0
GOP_MV,D,20230208,000000,82.3352,89.5546,79.3497,79.3497,0,0
GOP_MV,D,20230209,000000,79.3497,99.5062,78.1103,92.2867,0,0
GOP_MV,D,20230210,000000,91.5449,96.7649,87.311,89.3013,0,0
GOP_MV,D,20230213,000000,86.0715,88.8037,81.0958,82.8328,0,0
GOP_MV,D,20230214,000000,82.5885,82.5885,73.8764,73.8764,0,0
GOP_MV,D,20230215,000000,74.374,78.6079,74.374,76.1201,0,0
GOP_MV,D,20230216,000000,77.1151,79.1055,74.8716,74.8716,0,0
GOP_MV,D,20230217,000000,75.3691,77.857,72.8812,74.374,0,0
GOP_MV,D,20230220,000000,75.6225,76.6175,72.637,74.1297,0,0
GOP_MV,D,20230221,000000,75.3691,75.3691,72.8812,74.374,0,0
GOP_MV,D,20230222,000000,75.3691,76.3643,71.3885,71.8862,0,0
GOP_MV,D,20230223,000000,73.1346,76.8619,72.1394,74.1297,0,0
GOP_MV,D,20230224,000000,75.6225,75.6225,70.6467,71.1442,0,0
GOP_MV,D,20230227,000000,71.1442,79.8474,71.1442,79.603,0,0
GOP_MV,D,20230228,000000,79.603,83.086,78.6079,81.34,0,0
GOP_MV,D,20230301,000000,81.34,81.34,74.8716,77.1151,0,0
GOP_MV,D,20230302,000000,77.1151,77.1151,75.3691,75.3691,0,0
GOP_MV,D,20230303,000000,75.3691,78.6079,75.3691,78.3546,0,0
GOP_MV,D,20230306,000000,78.6079,79.1055,75.8667,77.1151,0,0
GOP_MV,D,20230307,000000,75.8667,78.1103,75.8667,77.6128,0,0
GOP_MV,D,20230308,000000,78.1103,78.6079,75.3691,78.6079,0,0
GOP_MV,D,20230309,000000,80.3449,83.5837,79.1055,80.8424,0,0
GOP_MV,D,20230310,000000,80.5982,80.5982,75.6225,76.6175,0,0
GOP_MV,D,20230313,000000,78.1103,78.1103,73.6321,73.6321,0,0
GOP_MV,D,20230314,000000,76.1201,76.1201,73.6321,73.6321,0,0
GOP_MV,D,20230315,000000,73.1346,76.8619,70.3934,71.3885,0,0
GOP_MV,D,20230316,000000,71.1442,73.1346,68.1588,70.3934,0,0
GOP_MV,D,20230317,000000,74.1297,74.1297,68.9007,70.3934,0,0
GOP_MV,D,20230320,000000,69.6516,70.1492,68.1588,69.3981,0,0
GOP_MV,D,20230321,000000,69.6516,70.1492,68.4031,69.6516,0,0
GOP_MV,D,20230322,000000,70.6467,72.1394,69.3981,69.8958,0,0
GOP_MV,D,20230323,000000,68.9007,71.1442,67.6613,68.6564,0,0
GOP_MV,D,20230324,000000,68.6564,69.1539,65.9243,68.4031,0,0
GOP_MV,D,20230327,000000,68.4031,68.4031,65.6708,66.1685,0,0
GOP_MV,D,20230328,000000,66.9193,68.1588,65.4266,66.4219,0,0
GOP_MV,D,20230329,000000,66.1685,67.4079,65.6708,67.1636,0,0
GOP_MV,D,20230330,000000,65.1734,68.1588,65.1734,67.6613,0,0
GOP_MV,D,20230331,000000,66.6661,70.6467,66.6661,68.1588,0,0
GOP_MV,D,20230403,000000,71.6419,76.8619,68.6564,75.8667,0,0
GOP_MV,D,20230404,000000,76.1201,76.1201,72.637,72.8812,0,0
GOP_MV,D,20230405,000000,73.8764,73.8764,72.1394,73.6321,0,0
GOP_MV,D,20230406,000000,74.1297,76.8619,74.1297,76.8619,0,0
GOP_MV,D,20230411,000000,74.6273,79.3497,72.637,79.3497,0,0
GOP_MV,D,20230412,000000,79.1055,79.1055,74.8716,76.6175,0,0
GOP_MV,D,20230413,000000,77.6128,79.3497,75.1248,78.1103,0,0
GOP_MV,D,20230414,000000,78.1103,78.1103,74.1297,75.6225,0,0
GOP_MV,D,20230417,000000,75.8667,77.1151,74.1297,74.6273,0,0
GOP_MV,D,20230418,000000,76.1201,76.1201,73.1346,74.1297,0,0
GOP_MV,D,20230419,000000,73.1346,77.1151,70.8909,77.1151,0,0
GOP_MV,D,20230420,000000,77.1151,79.1055,75.6225,76.8619,0,0
GOP_MV,D,20230421,000000,78.8521,78.8521,76.1201,77.857,0,0
GOP_MV,D,20230424,000000,75.3691,78.6079,75.3691,77.6128,0,0
GOP_MV,D,20230425,000000,77.6128,77.6128,73.1346,74.374,0,0
GOP_MV,D,20230426,000000,74.1297,74.1297,72.1394,73.3788,0,0
GOP_MV,D,20230427,000000,74.1297,74.1297,70.6467,72.3836,0,0
GOP_MV,D,20230428,000000,71.1442,73.8764,71.1442,73.6321,0,0
GOP_MV,D,20230502,000000,72.637,75.1248,72.637,73.6321,0,0
GOP_MV,D,20230504,000000,74.374,75.1248,71.6419,72.637,0,0
GOP_MV,D,20230505,000000,72.637,73.6321,71.6419,72.8812,0,0
GOP_MV,D,20230508,000000,72.8812,74.1297,71.1442,73.6321,0,0
GOP_MV,D,20230509,000000,73.1346,75.8667,71.1442,73.1346,0,0
GOP_MV,D,20230510,000000,73.8764,74.6273,71.1442,74.6273,0,0
GOP_MV,D,20230511,000000,74.1297,80.8424,74.1297,77.1151,0,0
GOP_MV,D,20230512,000000,78.3546,79.1055,77.6128,79.1055,0,0
GOP_MV,D,20230515,000000,79.1055,80.3449,77.6128,79.1055,0,0
GOP_MV,D,20230516,000000,79.1055,86.3158,78.6079,86.3158,0,0
GOP_MV,D,20230517,000000,87.0667,92.54,86.3158,87.311,0,0
GOP_MV,D,20230518,000000,88.8037,89.0569,83.086,83.086,0,0
GOP_MV,D,20230519,000000,84.5788,88.5594,84.5788,88.0618,0,0
GOP_MV,D,20230522,000000,89.3013,89.5546,86.0715,86.0715,0,0
GOP_MV,D,20230523,000000,87.8086,88.0618,85.8183,88.0618,0,0
GOP_MV,D,20230524,000000,88.0618,89.0569,85.8183,87.0667,0,0
GOP_MV,D,20230525,000000,89.0569,89.5546,87.5642,87.5642,0,0
GOP_MV,D,20230526,000000,89.5546,89.5546,86.8133,87.0667,0,0
GOP_MV,D,20230529,000000,85.8183,88.0618,85.8183,87.0667,0,0
GOP_MV,D,20230530,000000,89.3013,89.3013,85.3206,87.0667,0,0
GOP_MV,D,20230531,000000,84.5788,86.5691,83.3302,83.8279,0,0
GOP_MV,D,20230601,000000,85.3206,85.3206,81.5934,84.5788,0,0
GOP_MV,D,20230602,000000,85.574,85.574,81.0958,81.0958,0,0
GOP_MV,D,20230605,000000,82.5885,86.5691,81.5934,86.5691,0,0
GOP_MV,D,20230606,000000,87.0667,88.5594,86.0715,88.5594,0,0
GOP_MV,D,20230607,000000,88.5594,90.2964,87.0667,90.0522,0,0
GOP_MV,D,20230609,000000,90.5496,91.0473,88.5594,91.0473,0,0
GOP_MV,D,20230612,000000,91.2916,96.0238,90.5496,95.027,0,0
GOP_MV,D,20230613,000000,95.2715,95.7699,92.54,93.7798,0,0
GOP_MV,D,20230614,000000,95.2715,95.2715,89.7988,90.5496,0,0
GOP_MV,D,20230615,000000,91.5449,91.5449,88.0618,90.0522,0,0
GOP_MV,D,20230616,000000,92.0424,103.975,92.0424,102.483,0,0
GOP_MV,D,20230619,000000,102.98,105.468,97.7598,100.501,0,0
GOP_MV,D,20230620,000000,105.966,105.966,102.483,103.477,0,0
GOP_MV,D,20230621,000000,103.477,106.961,101.985,102.98,0,0
GOP_MV,D,20230622,000000,101.985,110.444,101.985,106.463,0,0
GOP_MV,D,20230623,000000,106.463,106.463,101.985,103.975,0,0
GOP_MV,D,20230626,000000,105.468,106.961,100.501,104.473,0,0
GOP_MV,D,20230627,000000,102.483,102.483,99.5062,101.487,0,0
GOP_MV,D,20230628,000000,101.487,101.487,97.2624,98.5112,0,0
GOP_MV,D,20230629,000000,96.5204,100.99,96.5204,100.004,0,0
GOP_MV,D,20230630,000000,101.029,103.081,100.516,102.568,0,0
GOP_MV,D,20230703,000000,102.568,102.568,97.4391,99.4902,0,0
GOP_MV,D,20230704,000000,100.004,100.004,96.1517,96.1517,0,0
GOP_MV,D,20230705,000000,95.9006,99.2297,93.3359,98.2037,0,0
GOP_MV,D,20230706,000000,99.7422,101.542,98.2037,99.2297,0,0
GOP_MV,D,20230707,000000,98.2037,104.097,98.2037,100.255,0,0
GOP_MV,D,20230710,000000,102.055,110.252,100.516,109.739,0,0
GOP_MV,D,20230711,000000,111.791,111.791,107.688,107.688,0,0
GOP_MV,D,20230712,000000,107.688,116.92,105.636,105.636,0,0
GOP_MV,D,20230713,000000,107.174,111.277,106.148,110.252,0,0
GOP_MV,D,20230714,000000,117.945,117.945,113.842,116.92,0,0
GOP_MV,D,20230717,000000,116.92,116.92,112.303,114.355,0,0
GOP_MV,D,20230718,000000,115.894,117.432,110.765,113.329,0,0
GOP_MV,D,20230719,000000,113.329,114.355,110.765,112.816,0,0
GOP_MV,D,20230720,000000,112.816,114.355,110.765,114.355,0,0
GOP_MV,D,20230721,000000,113.842,113.842,110.252,111.791,0,0
GOP_MV,D,20230724,000000,113.842,120.509,113.329,119.997,0,0
GOP_MV,D,20230725,000000,119.997,132.819,117.945,132.819,0,0
GOP_MV,D,20230726,000000,132.306,136.922,126.152,126.152,0,0
GOP_MV,D,20230727,000000,132.819,150.257,132.819,145.128,0,0
GOP_MV,D,20230728,000000,149.231,158.976,148.205,158.976,0,0
GOP_MV,D,20230731,000000,164.104,176.405,162.053,172.31,0,0
GOP_MV,D,20230801,000000,172.31,172.31,160.515,166.156,0,0
GOP_MV,D,20230802,000000,164.104,164.104,154.873,158.463,0,0
GOP_MV,D,20230803,000000,158.976,188.714,158.976,188.714,0,0
GOP_MV,D,20230804,000000,187.688,187.688,170.259,170.772,0,0
GOP_MV,D,20230807,000000,173.327,173.84,162.566,171.798,0,0
GOP_MV,D,20230808,000000,171.798,178.456,167.695,171.798,0,0
GOP_MV,D,20230809,000000,171.798,182.559,171.285,175.892,0,0
GOP_MV,D,20230810,000000,182.559,186.662,168.207,172.31,0,0
GOP_MV,D,20230811,000000,170.259,171.798,165.13,169.233,0,0
GOP_MV,D,20230814,000000,172.31,178.456,172.31,173.327,0,0
GOP_MV,D,20230816,000000,174.353,174.353,163.592,171.285,0,0
GOP_MV,D,20230817,000000,165.13,168.721,160.515,161.54,0,0
GOP_MV,D,20230818,000000,160.515,164.104,158.976,161.54,0,0
GOP_MV,D,20230821,000000,160.001,175.379,159.489,173.84,0,0
GOP_MV,D,20230822,000000,172.31,172.31,164.104,166.669,0,0
GOP_MV,D,20230823,000000,166.669,166.669,160.001,161.54,0,0
GOP_MV,D,20230824,000000,156.411,156.411,143.59,152.308,0,0
GOP_MV,D,20230825,000000,147.179,161.54,147.179,158.463,0,0
GOP_MV,D,20230828,000000,158.463,158.463,149.231,152.821,0,0
GOP_MV,D,20230829,000000,152.821,156.924,150.77,153.847,0,0
GOP_MV,D,20230830,000000,152.308,152.308,146.154,148.719,0,0
GOP_MV,D,20230831,000000,150.77,158.463,150.77,154.36,0,0
GOP_MV,D,20230901,000000,155.899,156.411,151.796,154.36,0,0
GOP_MV,D,20230904,000000,154.36,154.36,150.257,152.308,0,0
GOP_MV,D,20230905,000000,152.308,152.308,150.77,150.77,0,0
GOP_MV,D,20230906,000000,152.308,153.334,147.179,150.257,0,0
GOP_MV,D,20230907,000000,150.77,154.873,150.257,150.257,0,0
GOP_MV,D,20230908,000000,154.36,156.924,148.205,150.257,0,0
GOP_MV,D,20230911,000000,151.283,152.308,149.744,151.796,0,0
GOP_MV,D,20230912,000000,151.796,153.847,149.231,150.77,0,0
GOP_MV,D,20230913,000000,152.308,152.308,145.641,147.179,0,0
GOP_MV,D,20230914,000000,147.179,154.873,143.59,154.873,0,0
GOP_MV,D,20230915,000000,151.283,160.001,150.77,156.411,0,0
GOP_MV,D,20230918,000000,157.95,159.489,154.36,158.976,0,0
GOP_MV,D,20230919,000000,160.515,163.592,156.411,158.976,0,0
GOP_MV,D,20230920,000000,160.515,176.405,156.924,176.405,0,0
GOP_MV,D,20230921,000000,175.892,175.892,169.233,171.798,0,0
GOP_MV,D,20230922,000000,169.747,171.798,164.104,164.104,0,0
GOP_MV,D,20230925,000000,162.053,164.104,161.54,161.54,0,0
GOP_MV,D,20230926,000000,162.566,162.566,151.283,158.463,0,0
GOP_MV,D,20230927,000000,158.463,160.001,152.308,153.847,0,0
GOP_MV,D,20230928,000000,156.411,156.411,150.257,153.334,0,0
GOP_MV,D,20230929,000000,153.334,159.489,149.744,156.924,0,0
GOP_MV,D,20231002,000000,157.95,162.566,153.334,155.899,0,0
GOP_MV,D,20231003,000000,153.334,158.976,151.283,156.924,0,0
GOP_MV,D,20231004,000000,156.411,161.54,152.308,161.54,0,0
GOP_MV,D,20231005,000000,161.54,167.182,154.36,160.001,0,0
GOP_MV,D,20231006,000000,160.001,168.721,158.463,158.463,0,0
GOP_MV,D,20231009,000000,166.669,166.669,158.463,166.669,0,0
GOP_MV,D,20231010,000000,166.156,168.207,161.54,168.207,0,0
GOP_MV,D,20231011,000000,169.233,171.798,162.053,167.182,0,0
GOP_MV,D,20231012,000000,166.669,166.669,156.924,158.463,0,0
GOP_MV,D,20231013,000000,158.463,158.976,154.873,156.411,0,0
GOP_MV,D,20231016,000000,153.847,154.873,137.435,137.435,0,0
GOP_MV,D,20231017,000000,135.384,143.076,134.87,143.076,0,0
GOP_MV,D,20231018,000000,142.564,147.179,138.973,146.667,0,0
GOP_MV,D,20231019,000000,143.59,166.156,138.973,160.001,0,0
GOP_MV,D,20231020,000000,156.411,156.411,143.076,143.076,0,0
GOP_MV,D,20231023,000000,144.616,144.616,133.332,135.896,0,0
GOP_MV,D,20231024,000000,136.409,139.999,135.896,137.435,0,0
GOP_MV,D,20231025,000000,134.87,142.564,134.87,140.512,0,0
GOP_MV,D,20231026,000000,141.538,141.538,137.435,140.512,0,0
GOP_MV,D,20231027,000000,141.025,141.025,133.332,133.844,0,0
GOP_MV,D,20231030,000000,136.409,136.409,129.229,130.255,0,0
GOP_MV,D,20231031,000000,130.767,133.844,129.741,132.306,0,0
GOP_MV,D,20231102,000000,132.306,136.409,131.28,135.384,0,0
GOP_MV,D,20231103,000000,138.461,147.179,135.384,146.154,0,0
GOP_MV,D,20231106,000000,147.693,147.693,141.025,143.076,0,0
GOP_MV,D,20231107,000000,143.59,143.59,139.999,141.538,0,0
GOP_MV,D,20231108,000000,141.025,141.025,136.922,140.512,0,0
GOP_MV,D,20231109,000000,139.487,143.076,136.409,142.051,0,0
GOP_MV,D,20231110,000000,142.564,142.564,137.435,138.461,0,0
GOP_MV,D,20231113,000000,138.461,140.512,136.922,140.512,0,0
GOP_MV,D,20231114,000000,140.512,145.128,138.461,141.025,0,0
GOP_MV,D,20231115,000000,141.538,141.538,136.922,141.025,0,0
GOP_MV,D,20231116,000000,142.564,145.128,140.512,145.128,0,0
GOP_MV,D,20231117,000000,146.154,147.179,140.512,145.641,0,0
GOP_MV,D,20231120,000000,143.59,143.59,141.025,141.538,0,0
GOP_MV,D,20231121,000000,143.076,143.076,137.435,139.999,0,0
GOP_MV,D,20231122,000000,139.999,141.025,136.922,139.487,0,0
GOP_MV,D,20231123,000000,136.922,140.512,136.922,140.512,0,0
GOP_MV,D,20231124,000000,140.512,140.512,136.409,139.999,0,0
GOP_MV,D,20231127,000000,140.512,140.512,134.358,137.947,0,0
GOP_MV,D,20231128,000000,137.947,138.461,135.384,137.435,0,0
GOP_MV,D,20231129,000000,137.435,137.435,133.844,135.896,0,0
GOP_MV,D,20231130,000000,136.922,137.435,133.332,137.435,0,0
GOP_MV,D,20231201,000000,133.332,138.973,133.332,137.947,0,0
GOP_MV,D,20231204,000000,136.409,144.616,136.409,142.051,0,0
GOP_MV,D,20231205,000000,143.076,143.076,138.461,138.973,0,0
GOP_MV,D,20231206,000000,137.435,145.641,137.435,143.076,0,0
GOP_MV,D,20231207,000000,139.999,140.512,132.306,134.87,0,0
GOP_MV,D,20231208,000000,134.87,135.896,130.767,133.332,0,0
GOP_MV,D,20231211,000000,131.793,131.793,126.152,127.69,0,0
GOP_MV,D,20231212,000000,129.229,135.384,127.177,133.332,0,0
GOP_MV,D,20231213,000000,134.358,137.947,133.332,133.332,0,0
GOP_MV,D,20231214,000000,134.87,144.102,134.358,141.538,0,0
GOP_MV,D,20231215,000000,143.59,167.182,143.59,163.079,0,0
GOP_MV,D,20231218,000000,163.592,178.456,162.053,175.379,0,0
GOP_MV,D,20231219,000000,174.353,174.353,164.618,170.259,0,0
GOP_MV,D,20231220,000000,164.104,169.233,162.053,169.233,0,0
GOP_MV,D,20231221,000000,169.233,179.482,165.643,165.643,0,0
GOP_MV,D,20231222,000000,168.207,177.43,165.643,173.84,0,0
GOP_MV,D,20231227,000000,171.798,172.824,169.233,171.285,0,0
GOP_MV,D,20231228,000000,166.156,170.772,163.079,166.156,0,0
GOP_MV,D,20231229,000000,169.233,169.233,155.386,157.437,0,0
GOP_MV,D,20240102,000000,157.437,157.437,151.283,153.847,0,0
GOP_MV,D,20240103,000000,152.821,153.334,150.257,152.308,0,0
GOP_MV,D,20240104,000000,153.847,159.489,153.847,159.489,0,0
GOP_MV,D,20240105,000000,160.001,166.669,156.411,164.618,0,0
GOP_MV,D,20240108,000000,166.669,176.405,166.669,176.405,0,0
GOP_MV,D,20240109,000000,175.892,175.892,170.772,174.866,0,0
GOP_MV,D,20240110,000000,176.917,176.917,170.259,173.327,0,0
GOP_MV,D,20240111,000000,170.259,173.84,168.207,172.824,0,0
GOP_MV,D,20240112,000000,174.866,174.866,168.207,171.798,0,0
GOP_MV,D,20240115,000000,169.747,189.226,169.747,183.072,0,0
GOP_MV,D,20240116,000000,187.688,208.716,181.02,207.178,0,0
GOP_MV,D,20240117,000000,207.178,215.384,201.536,209.229,0,0
GOP_MV,D,20240118,000000,209.229,209.229,196.92,206.152,0,0
GOP_MV,D,20240119,000000,206.152,206.152,197.433,201.536,0,0
GOP_MV,D,20240122,000000,201.536,210.255,201.536,203.587,0,0
GOP_MV,D,20240123,000000,210.255,214.358,205.126,211.793,0,0
GOP_MV,D,20240124,000000,208.204,213.333,208.204,213.333,0,0
GOP_MV,D,20240125,000000,213.333,213.333,207.69,210.255,0,0
GOP_MV,D,20240126,000000,212.307,212.307,205.639,209.742,0,0
GOP_MV,D,20240129,000000,209.742,209.742,193.329,196.92,0,0
GOP_MV,D,20240130,000000,194.355,197.433,182.559,192.817,0,0
GOP_MV,D,20240131,000000,192.817,201.023,192.817,198.972,0,0
GOP_MV,D,20240201,000000,197.433,198.458,190.252,195.894,0,0
GOP_MV,D,20240202,000000,196.407,204.613,195.894,204.613,0,0
GOP_MV,D,20240205,000000,205.639,207.178,191.791,193.843,0,0
GOP_MV,D,20240206,000000,192.304,196.92,174.353,189.74,0,0
GOP_MV,D,20240207,000000,191.278,198.972,188.714,192.817,0,0
GOP_MV,D,20240208,000000,192.817,192.817,185.123,188.714,0,0
GOP_MV,D,20240209,000000,186.662,199.484,186.662,199.484,0,0
GOP_MV,D,20240212,000000,194.869,198.458,192.304,194.869,0,0
GOP_MV,D,20240213,000000,194.869,194.869,186.662,189.74,0,0
GOP_MV,D,20240214,000000,189.74,191.791,187.175,191.791,0,0
GOP_MV,D,20240215,000000,193.843,199.998,184.611,197.946,0,0
GOP_MV,D,20240216,000000,197.433,201.023,188.201,201.023,0,0
GOP_MV,D,20240219,000000,190.766,201.536,190.766,197.433,0,0
GOP_MV,D,20240220,000000,197.946,199.484,194.355,194.355,0,0
GOP_MV,D,20240221,000000,194.355,200.51,192.304,195.894,0,0
GOP_MV,D,20240222,000000,207.69,209.229,199.484,204.613,0,0
GOP_MV,D,20240223,000000,202.561,202.561,188.201,191.278,0,0
GOP_MV,D,20240226,000000,189.74,192.304,187.175,188.714,0,0
GOP_MV,D,20240227,000000,187.688,194.869,181.02,183.072,0,0
GOP_MV,D,20240228,000000,184.097,184.097,176.917,177.43,0,0
GOP_MV,D,20240229,000000,178.969,184.611,178.456,182.046,0,0
GOP_MV,D,20240301,000000,182.046,182.559,174.353,176.405,0,0
GOP_MV,D,20240304,000000,177.943,181.534,168.207,170.259,0,0
GOP_MV,D,20240305,000000,167.695,173.327,167.695,173.327,0,0
GOP_MV,D,20240306,000000,173.84,176.917,169.233,176.917,0,0
GOP_MV,D,20240307,000000,177.943,178.456,171.798,176.917,0,0
GOP_MV,D,20240308,000000,176.917,178.969,171.285,173.327,0,0
GOP_MV,D,20240311,000000,170.772,174.866,170.259,173.327,0,0
GOP_MV,D,20240312,000000,173.84,175.379,170.259,174.353,0,0
GOP_MV,D,20240313,000000,174.353,174.866,170.259,173.84,0,0
GOP_MV,D,20240314,000000,171.285,173.327,169.747,173.327,0,0
GOP_MV,D,20240315,000000,173.327,173.327,157.95,160.515,0,0
GOP_MV,D,20240318,000000,154.873,155.899,145.641,147.179,0,0
GOP_MV,D,20240319,000000,147.179,161.54,147.179,152.821,0,0
GOP_MV,D,20240320,000000,151.796,151.796,144.616,145.128,0,0
GOP_MV,D,20240321,000000,147.179,152.308,141.538,151.283,0,0
GOP_MV,D,20240322,000000,146.667,160.001,146.154,158.976,0,0
GOP_MV,D,20240325,000000,158.463,158.976,151.283,157.95,0,0
GOP_MV,D,20240326,000000,153.847,156.411,146.667,149.744,0,0
GOP_MV,D,20240327,000000,148.719,151.796,145.128,151.283,0,0
GOP_MV,D,20240328,000000,151.283,162.566,144.102,158.463,0,0
GOP_MV,D,20240402,000000,162.053,173.327,156.411,172.05,0,0
GOP_MV,D,20240403,000000,171.285,174.101,166.669,171.285,0,0
GOP_MV,D,20240404,000000,172.31,188.462,172.31,188.462,0,0
GOP_MV,D,20240405,000000,188.201,194.617,186.662,192.304,0,0
GOP_MV,D,20240408,000000,197.433,203.075,190.514,194.869,0,0
GOP_MV,D,20240409,000000,190.252,190.252,172.31,174.866,0,0
GOP_MV,D,20240410,000000,181.534,181.534,168.207,171.798,0,0
GOP_MV,D,20240411,000000,173.84,184.359,170.511,178.456,0,0
GOP_MV,D,20240412,000000,138.461,165.895,138.461,151.283,0,0
GOP_MV,D,20240415,000000,158.976,158.976,134.106,138.461,0,0
GOP_MV,D,20240416,000000,135.896,135.896,125.126,128.464,0,0
GOP_MV,D,20240417,000000,132.567,132.567,121.535,123.074,0,0
GOP_MV,D,20240418,000000,120.509,127.438,116.154,123.074,0,0
GOP_MV,D,20240419,000000,122.561,122.561,105.123,110.252,0,0
GOP_MV,D,20240422,000000,121.535,133.08,116.668,127.438,0,0
GOP_MV,D,20240423,000000,128.203,138.973,126.412,133.332,0,0
GOP_MV,D,20240424,000000,135.896,138.209,131.793,136.409,0,0
GOP_MV,D,20240425,000000,137.947,137.947,130.767,132.306,0,0
GOP_MV,D,20240426,000000,128.203,128.203,119.745,122.561,0,0
GOP_MV,D,20240429,000000,120.509,120.509,116.668,119.232,0,0
GOP_MV,D,20240430,000000,116.406,117.432,111.539,114.355,0,0
GOP_MV,D,20240502,000000,111.791,115.129,110.513,111.791,0,0
GOP_MV,D,20240506,000000,112.816,121.283,112.051,121.283,0,0
GOP_MV,D,20240507,000000,122.048,122.048,118.458,119.232,0,0
GOP_MV,D,20240508,000000,118.971,119.484,115.894,117.945,0,0
GOP_MV,D,20240509,000000,116.406,119.745,114.616,117.945,0,0
GOP_MV,D,20240510,000000,118.971,118.971,115.129,117.432,0,0
GOP_MV,D,20240513,000000,117.945,118.971,114.616,116.668,0,0
GOP_MV,D,20240514,000000,116.668,117.694,111.791,113.842,0,0
GOP_MV,D,20240515,000000,111.791,116.154,111.791,116.154,0,0
GOP_MV,D,20240516,000000,116.154,116.92,113.842,115.38,0,0
GOP_MV,D,20240517,000000,114.868,116.406,112.816,114.868,0,0
GOP_MV,D,20240520,000000,114.868,115.894,112.816,115.642,0,0
GOP_MV,D,20240521,000000,115.38,115.38,112.816,115.38,0,0
GOP_MV,D,20240522,000000,115.642,115.894,112.565,115.38,0,0
GOP_MV,D,20240523,000000,115.38,115.38,112.816,114.355,0,0
GOP_MV,D,20240524,000000,113.077,113.842,111.539,113.329,0,0
GOP_MV,D,20240527,000000,113.842,114.355,112.051,113.591,0,0
GOP_MV,D,20240528,000000,113.077,113.077,111.277,111.791,0,0
GOP_MV,D,20240529,000000,113.842,116.92,111.026,113.842,0,0
GOP_MV,D,20240531,000000,113.842,115.894,112.051,115.38,0,0
GOP_MV,D,20240603,000000,116.92,118.719,115.38,116.668,0,0
GOP_MV,D,20240604,000000,118.206,118.206,115.38,117.945,0,0
GOP_MV,D,20240605,000000,117.945,120.509,115.129,120.258,0,0
GOP_MV,D,20240606,000000,120.258,132.819,119.997,127.438,0,0
GOP_MV,D,20240607,000000,127.438,141.79,127.438,141.79,0,0
GOP_MV,D,20240610,000000,134.106,135.896,125.126,131.541,0,0
GOP_MV,D,20240611,000000,128.716,129.49,125.386,128.977,0,0
GOP_MV,D,20240612,000000,128.977,131.28,121.023,123.074,0,0
GOP_MV,D,20240613,000000,123.074,123.074,118.206,120.509,0,0
GOP_MV,D,20240614,000000,121.535,121.535,116.406,120.771,0,0
GOP_MV,D,20240617,000000,120.771,124.1,119.997,121.283,0,0
GOP_MV,D,20240618,000000,118.206,128.203,117.945,127.177,0,0
GOP_MV,D,20240619,000000,124.361,125.9,122.561,123.587,0,0
GOP_MV,D,20240620,000000,126.152,126.152,121.535,124.874,0,0
GOP_MV,D,20240621,000000,124.874,130.255,122.823,128.203,0,0
GOP_MV,D,20240624,000000,127.951,127.951,123.074,125.9,0,0
GOP_MV,D,20240625,000000,127.69,127.69,120.509,122.048,0,0
GOP_MV,D,20240626,000000,122.048,122.048,118.719,119.232,0,0
GOP_MV,D,20240627,000000,119.232,119.232,114.103,118.971,0,0
GOP_MV,D,20240628,000000,119.997,119.997,117.432,119.745,0,0
GOP_MV,D,20240701,000000,119.484,119.484,115.38,118.971,0,0
GOP_MV,D,20240702,000000,118.971,118.971,114.868,117.18,0,0
GOP_MV,D,20240703,000000,115.642,117.694,114.103,115.38,0,0
GOP_MV,D,20240704,000000,113.329,123.074,113.329,122.309,0,0
GOP_MV,D,20240705,000000,123.344,124.895,119.206,123.344,0,0
GOP_MV,D,20240708,000000,123.344,123.344,118.942,123.08,0,0
GOP_MV,D,20240709,000000,123.08,123.08,116.62,120.494,0,0
GOP_MV,D,20240710,000000,120.494,123.08,116.874,118.689,0,0
GOP_MV,D,20240711,000000,119.206,122.046,117.908,117.908,0,0
GOP_MV,D,20240712,000000,119.206,121.275,117.908,120.494,0,0
GOP_MV,D,20240715,000000,121.011,121.011,117.654,118.942,0,0
GOP_MV,D,20240716,000000,118.942,118.942,114.805,118.425,0,0
GOP_MV,D,20240717,000000,120.757,120.757,117.908,117.908,0,0
GOP_MV,D,20240718,000000,116.874,118.425,113.77,116.874,0,0
GOP_MV,D,20240719,000000,118.171,118.171,115.585,117.391,0,0
GOP_MV,D,20240722,000000,118.171,118.171,114.805,116.356,0,0
GOP_MV,D,20240723,000000,117.654,117.908,113.77,115.585,0,0
GOP_MV,D,20240724,000000,115.585,115.585,110.667,113.516,0,0
GOP_MV,D,20240725,000000,115.068,115.068,107.827,113.77,0,0
GOP_MV,D,20240726,000000,114.805,115.322,111.701,113.77,0,0
GOP_MV,D,20240729,000000,117.391,121.792,116.874,120.757,0,0
GOP_MV,D,20240730,000000,120.757,121.011,116.874,121.011,0,0
GOP_MV,D,20240731,000000,121.011,121.011,116.356,120.24,0,0
GOP_MV,D,20240801,000000,120.24,121.529,117.137,120.494,0,0
GOP_MV,D,20240802,000000,120.757,120.757,116.874,119.723,0,0
GOP_MV,D,20240805,000000,119.723,119.723,110.15,116.102,0,0
GOP_MV,D,20240806,000000,116.102,117.908,112.736,114.805,0,0
GOP_MV,D,20240807,000000,116.62,117.654,112.482,116.874,0,0
GOP_MV,D,20240808,000000,116.62,116.62,112.219,116.356,0,0
GOP_MV,D,20240809,000000,116.102,116.356,111.965,115.839,0,0
GOP_MV,D,20240812,000000,115.839,116.356,112.736,116.356,0,0
GOP_MV,D,20240813,000000,116.356,116.356,112.736,113.77,0,0
GOP_MV,D,20240814,000000,113.77,113.77,112.219,113.77,0,0
GOP_MV,D,20240816,000000,113.77,118.425,113.77,118.425,0,0
GOP_MV,D,20240819,000000,118.425,121.275,114.287,121.275,0,0
GOP_MV,D,20240820,000000,117.908,120.24,114.551,118.689,0,0
GOP_MV,D,20240821,000000,115.585,119.46,115.585,118.425,0,0
GOP_MV,D,20240822,000000,118.425,118.425,114.805,118.425,0,0
GOP_MV,D,20240823,000000,119.723,119.723,114.287,118.425,0,0
GOP_MV,D,20240826,000000,115.068,118.425,114.805,114.805,0,0
GOP_MV,D,20240827,000000,115.839,118.942,114.287,118.942,0,0
GOP_MV,D,20240828,000000,118.942,118.942,116.62,118.942,0,0
GOP_MV,D,20240829,000000,118.942,119.206,116.356,119.206,0,0
GOP_MV,D,20240830,000000,119.206,119.206,115.839,116.356,0,0
GOP_MV,D,20240902,000000,116.102,118.942,114.287,116.874,0,0
GOP_MV,D,20240903,000000,117.391,117.391,113.77,116.874,0,0
GOP_MV,D,20240904,000000,118.689,118.689,117.391,117.391,0,0
GOP_MV,D,20240905,000000,116.356,116.356,114.287,116.356,0,0
GOP_MV,D,20240906,000000,116.356,116.874,113.77,116.102,0,0
GOP_MV,D,20240909,000000,116.102,116.102,111.701,114.034,0,0
GOP_MV,D,20240910,000000,113.253,113.516,110.413,111.447,0,0
GOP_MV,D,20240911,000000,109.379,110.667,108.081,109.379,0,0
GOP_MV,D,20240912,000000,109.379,109.632,107.827,108.598,0,0
GOP_MV,D,20240913,000000,110.413,110.413,106.012,108.081,0,0
GOP_MV,D,20240916,000000,107.046,107.564,100.022,104.724,0,0
GOP_MV,D,20240917,000000,103.435,108.344,103.435,105.241,0,0
GOP_MV,D,20240918,000000,105.241,107.046,103.689,106.012,0,0
GOP_MV,D,20240919,000000,104.724,104.724,101.056,103.332,0,0
GOP_MV,D,20240920,000000,102.401,103.228,101.573,101.884,0,0
GOP_MV,D,20240923,000000,101.159,110.93,92.4672,108.861,0,0
GOP_MV,D,20240924,000000,108.598,108.598,104.977,108.598,0,0
GOP_MV,D,20240925,000000,108.598,108.598,103.952,106.012,0,0
GOP_MV,D,20240926,000000,106.529,108.081,101.884,105.495,0,0
GOP_MV,D,20240927,000000,106.792,108.598,102.918,104.206,0,0
GOP_MV,D,20240930,000000,112.219,112.219,101.987,103.689,0,0
GOP_MV,D,20241001,000000,107.046,107.046,99.8146,103.228,0,0
GOP_MV,D,20241002,000000,103.228,103.228,99.2974,101.366,0,0
GOP_MV,D,20241003,000000,101.366,102.297,96.5044,96.8147,0,0
GOP_MV,D,20241004,000000,95.7803,100.125,94.5389,95.6768,0,0
GOP_MV,D,20241007,000000,94.5389,95.8837,93.0879,94.5389,0,0
GOP_MV,D,20241008,000000,93.2948,94.1252,92.0534,93.5045,0,0
GOP_MV,D,20241009,000000,94.1252,96.8147,93.812,96.0906,0,0
GOP_MV,D,20241010,000000,96.1941,97.0216,92.9844,94.2286,0,0
GOP_MV,D,20241011,000000,94.4355,95.1596,91.5362,93.9183,0,0
GOP_MV,D,20241014,000000,94.0189,96.2975,94.0189,96.1941,0,0
GOP_MV,D,20241015,000000,96.1941,96.7113,93.0879,96.0906,0,0
GOP_MV,D,20241016,000000,94.1252,95.4699,92.0534,95.4699,0,0
GOP_MV,D,20241017,000000,95.3665,95.3665,92.5707,94.1252,0,0
GOP_MV,D,20241018,000000,94.9527,94.9527,91.5362,93.8148,0,0
GOP_MV,D,20241021,000000,93.812,93.812,91.1224,93.0907,0,0
GOP_MV,D,20241022,000000,93.0879,93.0879,89.6742,92.47,0,0
GOP_MV,D,20241023,000000,92.5707,93.0879,90.5018,92.8838,0,0
GOP_MV,D,20241024,000000,91.6397,92.8838,90.6052,92.8838,0,0
GOP_MV,D,20241025,000000,92.9844,95.4699,91.6397,94.5389,0,0
GOP_MV,D,20241028,000000,93.1913,93.1913,88.5363,88.8495,0,0
GOP_MV,D,20241029,000000,90.5018,90.5018,87.2959,88.1254,0,0
GOP_MV,D,20241030,000000,87.9157,87.9157,85.4339,85.8496,0,0
GOP_MV,D,20241031,000000,85.8477,89.7777,85.0202,89.4702,0,0
GOP_MV,D,20241104,000000,93.0879,93.812,91.5362,92.9873,0,0
GOP_MV,D,20241105,000000,93.5017,93.6051,90.5018,93.2976,0,0
GOP_MV,D,20241106,000000,93.2948,97.1251,93.0879,97.0216,0,0
GOP_MV,D,20241107,000000,97.0216,97.6423,95.1596,96.9182,0,0
GOP_MV,D,20241108,000000,96.7113,96.7113,93.5017,95.6768,0,0
GOP_MV,D,20241112,000000,94.6424,94.6424,93.0879,93.2976,0,0
GOP_MV,D,20241113,000000,93.2948,93.2948,90.5018,91.1253,0,0
GOP_MV,D,20241114,000000,92.0534,96.6078,88.4329,96.6078,0,0
GOP_MV,D,20241115,000000,95.7803,95.7803,88.5363,90.9184,0,0
GOP_MV,D,20241118,000000,90.5018,90.5018,87.1925,90.1943,0,0
GOP_MV,D,20241119,000000,90.1914,90.1914,85.1236,88.3323,0,0
GOP_MV,D,20241120,000000,88.3294,93.0907,85.6408,93.0907,0,0
GOP_MV,D,20241121,000000,92.9844,92.9844,86.8822,86.884,0,0
GOP_MV,D,20241122,000000,86.8822,92.5707,86.8822,89.8839,0,0
GOP_MV,D,20241125,000000,87.9157,90.5018,87.089,87.4013,0,0
GOP_MV,D,20241126,000000,87.1925,87.7088,85.0202,86.884,0,0
GOP_MV,D,20241127,000000,86.8822,87.6053,85.1236,86.7806,0,0
GOP_MV,D,20241128,000000,86.7787,86.7787,85.3305,85.3324,0,0
GOP_MV,D,20241129,000000,85.3305,87.4013,82.7444,87.4013,0,0
GOP_MV,D,20241202,000000,82.7444,84.3995,81.3996,81.7118,0,0
GOP_MV,D,20241203,000000,80.9858,82.2272,77.5731,77.574,0,0
GOP_MV,D,20241204,000000,77.3662,80.1592,77.3662,80.0567,0,0
GOP_MV,D,20241205,000000,80.1592,84.8133,78.6075,81.7118,0,0
GOP_MV,D,20241206,000000,80.7789,82.7463,80.7789,82.7463,0,0
GOP_MV,D,20241209,000000,80.7789,83.7788,79.7454,80.8843,0,0
GOP_MV,D,20241210,000000,81.1927,81.1927,77.5731,79.0223,0,0
GOP_MV,D,20241211,000000,79.0213,79.0213,76.5386,77.574,0,0
GOP_MV,D,20241212,000000,77.5731,78.0903,76.7455,77.574,0,0
GOP_MV,D,20241213,000000,78.0903,78.0903,77.1593,77.1603,0,0
GOP_MV,D,20241216,000000,77.5731,77.574,76.7455,77.574,0,0
GOP_MV,D,20241217,000000,77.5731,77.5731,74.987,75.5051,0,0
GOP_MV,D,20241218,000000,75.5042,75.5042,72.919,74.2638,0,0
GOP_MV,D,20241219,000000,74.8835,76.0214,70.3329,71.7811,0,0
GOP_MV,D,20241220,000000,71.7811,72.0915,69.9191,71.1605,0,0
GOP_MV,D,20241223,000000,71.3674,75.8145,71.1605,71.1605,0,0
GOP_MV,D,20241227,000000,72.1949,74.4698,72.1949,73.9535,0,0
GOP_MV,D,20241230,000000,75.5042,75.7111,73.0225,74.781,0,0
GOP_MV,D,20250102,000000,79.1248,79.1248,75.918,77.6775,0,0
GOP_MV,D,20250103,000000,79.0213,79.0213,77.1593,78.8154,0,0
GOP_MV,D,20250107,000000,78.8144,80.1592,77.6765,79.1257,0,0
GOP_MV,D,20250108,000000,79.4351,79.4351,76.6421,77.1603,0,0
GOP_MV,D,20250109,000000,76.849,76.849,74.056,75.8155,0,0
GOP_MV,D,20250110,000000,76.5386,76.5386,74.987,74.9879,0,0
GOP_MV,D,20250113,000000,74.987,74.987,73.2294,74.781,0,0
GOP_MV,D,20250114,000000,74.7801,74.7801,71.7811,72.0915,0,0
GOP_MV,D,20250115,000000,73.4353,73.4353,71.4708,71.8846,0,0
GOP_MV,D,20250116,000000,73.4353,74.781,71.4708,74.781,0,0
GOP_MV,D,20250117,000000,74.6766,74.781,72.4018,74.781,0,0
GOP_MV,D,20250120,000000,74.7801,74.987,73.1259,74.8845,0,0
GOP_MV,D,20250121,000000,74.8835,74.8835,71.4708,73.4362,0,0
GOP_MV,D,20250122,000000,73.4353,73.4353,70.8501,72.4018,0,0
GOP_MV,D,20250123,000000,72.4018,72.8156,70.8501,72.8156,0,0
GOP_MV,D,20250124,000000,73.4353,73.4353,70.6432,73.2294,0,0
GOP_MV,D,20250127,000000,71.988,72.2984,70.7467,71.7811,0,0
GOP_MV,D,20250128,000000,71.7811,73.4362,71.4708,73.4362,0,0
GOP_MV,D,20250129,000000,72.4018,73.7456,71.988,73.0225,0,0
GOP_MV,D,20250130,000000,73.4353,73.7456,71.8846,73.5397,0,0
GOP_MV,D,20250131,000000,74.1594,74.1594,71.988,72.0915,0,0
GOP_MV,D,20250203,000000,72.0915,73.8491,72.0915,72.4018,0,0
GOP_MV,D,20250204,000000,72.4018,73.7466,72.1949,73.7466,0,0
GOP_MV,D,20250205,000000,73.7456,74.2638,72.0915,74.2638,0,0
GOP_MV,D,20250206,000000,74.2629,74.4698,72.5052,74.3672,0,0
GOP_MV,D,20250207,000000,74.4698,84.296,74.4698,81.7118,0,0
GOP_MV,D,20250210,000000,81.8134,82.6409,77.9869,80.1601,0,0
GOP_MV,D,20250211,000000,80.1592,80.1592,76.6421,78.6085,0,0
GOP_MV,D,20250212,000000,83.7788,88.4329,83.7788,85.8496,0,0
GOP_MV,D,20250213,000000,86.8822,87.2959,82.7444,83.2635,0,0
GOP_MV,D,20250214,000000,83.2616,84.7098,82.8478,83.0566,0,0
GOP_MV,D,20250217,000000,83.2616,85.0202,81.7099,83.2635,0,0
GOP_MV,D,20250218,000000,83.4685,85.7462,82.434,85.7462,0,0
GOP_MV,D,20250219,000000,86.7787,92.0563,84.9167,92.0563,0,0
GOP_MV,D,20250220,000000,92.4672,93.0879,90.9156,92.9873,0,0
GOP_MV,D,20250221,000000,92.9844,94.0189,92.0534,93.6079,0,0
GOP_MV,D,20250224,000000,93.6051,93.6051,88.6398,92.7804,0,0
GOP_MV,D,20250225,000000,91.019,91.019,87.3984,89.3667,0,0
GOP_MV,D,20250226,000000,89.3639,89.5708,86.4684,87.6082,0,0
GOP_MV,D,20250227,000000,86.7787,86.7787,83.4685,85.4358,0,0
GOP_MV,D,20250228,000000,84.296,86.884,83.4685,86.884,0,0
GOP_MV,D,20250303,000000,87.8122,87.8122,84.8133,87.4013,0,0
GOP_MV,D,20250304,000000,87.2959,87.2959,83.8823,85.8496,0,0
GOP_MV,D,20250305,000000,85.7443,85.7443,84.3995,85.6427,0,0
GOP_MV,D,20250306,000000,85.6408,85.6408,83.4685,84.6083,0,0
GOP_MV,D,20250307,000000,84.6064,85.5374,83.5719,83.7807,0,0
GOP_MV,D,20250310,000000,85.5374,86.6753,83.365,85.6427,0,0
GOP_MV,D,20250311,000000,85.6408,87.815,84.5029,87.815,0,0
GOP_MV,D,20250312,000000,87.7088,92.0534,87.7088,90.8149,0,0
GOP_MV,D,20250313,000000,91.8466,91.8466,88.0191,88.0219,0,0
GOP_MV,D,20250314,000000,88.3294,91.4328,88.0191,89.8839,0,0
GOP_MV,D,20250317,000000,89.7777,89.7777,86.0546,88.746,0,0
GOP_MV,D,20250318,000000,88.7432,88.7432,84.296,87.9185,0,0
GOP_MV,D,20250319,000000,87.9157,88.0191,84.296,87.815,0,0
GOP_MV,D,20250320,000000,88.0191,88.0219,85.3305,88.0219,0,0
GOP_MV,D,20250321,000000,88.0191,89.3667,87.9157,89.3667,0,0
GOP_MV,D,20250324,000000,89.3639,92.881,89.3639,91.539,0,0
GOP_MV,D,20250325,000000,92.7776,92.7776,88.1226,90.1943,0,0
GOP_MV,D,20250326,000000,90.1914,90.4012,87.9157,90.4012,0,0
GOP_MV,D,20250327,000000,90.3983,90.3983,88.0191,89.9874,0,0
GOP_MV,D,20250328,000000,89.9846,90.1943,87.9157,90.1943,0,0
GOP_MV,D,20250331,000000,90.1914,90.1914,88.4329,89.9874,0,0
GOP_MV,D,20250401,000000,88.5363,89.9846,88.5363,89.8839,0,0
GOP_MV,D,20250402,000000,89.9846,89.9874,88.5363,89.9874,0,0
GOP_MV,D,20250403,000000,89.4673,89.4673,87.7088,89.4673,0,0
GOP_MV,D,20250404,000000,89.0536,89.0536,85.4339,86.3668,0,0
GOP_MV,D,20250407,000000,84.3995,86.2615,81.7099,86.2615,0,0
GOP_MV,D,20250408,000000,84.8133,87.9157,82.8478,85.2289,0,0
GOP_MV,D,20250409,000000,82.8478,85.227,80.6755,82.1256,0,0
GOP_MV,D,20250410,000000,87.6053,87.6053,79.2282,85.8477,0,0
GOP_MV,D,20250411,000000,83.7788,85.227,82.7444,83.16,0,0
GOP_MV,D,20250414,000000,85.227,85.227,82.7444,84.2979,0,0
GOP_MV,D,20250415,000000,84.296,84.296,82.8497,82.8497,0,0
GOP_MV,D,20250416,000000,82.7444,85.5374,82.3306,82.8497,0,0
GOP_MV,D,20250417,000000,86.2615,86.2615,83.2616,86.0565,0,0
GOP_MV,D,20250422,000000,83.365,85.8496,83.365,85.8496,0,0
GOP_MV,D,20250423,000000,85.7443,85.8477,82.5375,85.3324,0,0
GOP_MV,D,20250424,000000,85.7443,85.7443,82.9513,85.6427,0,0
GOP_MV,D,20250425,000000,85.7443,85.7443,82.434,84.6083,0,0
GOP_MV,D,20250428,000000,82.7444,83.7788,82.7444,82.7463,0,0
GOP_MV,D,20250429,000000,85.3305,85.3305,81.7099,83.4704,0,0
GOP_MV,D,20250430,000000,84.296,85.0202,82.9513,84.7117,0,0
GOP_MV,D,20250502,000000,84.7098,85.8477,83.0547,85.5393,0,0
GOP_MV,D,20250505,000000,85.7443,85.7443,82.434,83.0566,0,0
GOP_MV,D,20250506,000000,84.9167,84.9167,83.6754,84.7117,0,0
GOP_MV,D,20250507,000000,84.7098,85.8477,82.3306,85.3324,0,0
GOP_MV,D,20250508,000000,86.2615,86.2615,81.7099,82.7463,0,0
GOP_MV,D,20250509,000000,82.7444,84.1926,79.1248,83.8841,0,0
GOP_MV,D,20250512,000000,82.7444,82.7444,81.7099,82.6428,0,0
GOP_MV,D,20250513,000000,82.7444,82.7444,80.8824,81.1946,0,0
GOP_MV,D,20250514,000000,81.1927,82.6409,80.1592,82.0221,0,0
GOP_MV,D,20250515,000000,82.1237,82.434,80.1592,81.9187,0,0
GOP_MV,D,20250516,000000,81.9168,81.9168,80.1592,81.8153,0,0
GOP_MV,D,20250519,000000,81.8134,81.8134,80.1592,80.1601,0,0
GOP_MV,D,20250520,000000,81.8134,81.8134,80.2626,80.7808,0,0
GOP_MV,D,20250521,000000,81.1927,81.1927,78.711,80.572,0,0
GOP_MV,D,20250522,000000,81.0893,81.0911,79.0213,81.0911,0,0
GOP_MV,D,20250523,000000,81.1927,83.1582,78.8144,81.9187,0,0
GOP_MV,D,20250526,000000,84.0892,85.3324,84.0892,85.3324,0,0
GOP_MV,D,20250527,000000,85.3305,86.8822,83.8823,85.3324,0,0
GOP_MV,D,20250528,000000,85.3305,87.815,85.3305,87.815,0,0
GOP_MV,D,20250529,000000,87.7088,87.7088,85.3305,85.8496,0,0
GOP_MV,D,20250530,000000,80.1592,83.7788,77.5731,80.0567,0,0
GOP_MV,D,20250602,000000,82.7444,82.7444,80.1592,82.6428,0,0
GOP_MV,D,20250603,000000,82.6409,82.7444,80.3661,82.0221,0,0
GOP_MV,D,20250604,000000,80.572,82.6409,80.572,80.8843,0,0
GOP_MV,D,20250605,000000,82.2272,82.229,82.2272,82.229,0,0
GOP_MV,D,20250606,000000,82.2272,84.1926,80.8824,83.2635,0,0
GOP_MV,D,20250609,000000,83.7788,83.7788,80.9858,81.9187,0,0
GOP_MV,D,20250610,000000,82.1237,84.8133,82.1237,84.4014,0,0
GOP_MV,D,20250611,000000,84.8133,85.022,82.7444,85.022,0,0
GOP_MV,D,20250612,000000,84.7098,84.7098,82.2272,82.7463,0,0
GOP_MV,D,20250613,000000,84.6064,84.6064,82.0203,84.091,0,0
GOP_MV,D,20250616,000000,84.296,84.8133,82.2272,84.2979,0,0
GOP_MV,D,20250617,000000,84.296,84.2979,83.4685,84.2979,0,0
GOP_MV,D,20250618,000000,82.3306,82.3306,82.2272,82.229,0,0
GOP_MV,D,20250620,000000,82.2272,82.2272,80.4686,80.4705,0,0
GOP_MV,D,20250623,000000,82.1237,82.229,80.4686,82.229,0,0
GOP_MV,D,20250624,000000,82.2272,82.7444,80.572,80.5739,0,0
GOP_MV,D,20250625,000000,81.503,83.5719,79.4351,82.7463,0,0
GOP_MV,D,20250626,000000,82.6409,84.296,79.8489,83.9876,0,0
GOP_MV,D,20250627,000000,84.1926,86.7787,82.0203,86.3668,0,0
GOP_MV,D,20250630,000000,86.3649,86.3649,83.2616,86.2634,0,0
GOP_MV,D,20250701,000000,86.2615,86.2615,83.7788,85.3324,0,0
GOP_MV,D,20250702,000000,85.8477,85.8477,83.8823,84.091,0,0
GOP_MV,D,20250703,000000,85.5374,94.6424,84.6064,92.6769,0,0
GOP_MV,D,20250704,000000,94.5389,94.5389,90.6052,92.5735,0,0
GOP_MV,D,20250707,000000,92.5707,93.0907,90.6052,93.0907,0,0
GOP_MV,D,20250708,000000,93.0879,93.3982,91.019,93.0907,0,0
GOP_MV,D,20250709,000000,93.0879,93.5017,91.5362,92.47,0,0
GOP_MV,D,20250710,000000,92.5707,93.2948,91.019,92.0563,0,0
GOP_MV,D,20250711,000000,92.881,93.0879,91.019,91.3322,0,0
GOP_MV,D,20250714,000000,92.9844,92.9844,88.9501,90.608,0,0
GOP_MV,D,20250715,000000,90.6052,90.6052,88.7432,90.1943,0,0
GOP_MV,D,20250716,000000,90.1914,90.1914,88.5363,89.8839,0,0
GOP_MV,D,20250717,000000,89.8811,89.8811,88.4329,89.677,0,0
GOP_MV,D,20250718,000000,89.6742,89.7805,86.9856,89.7805,0,0
GOP_MV,D,20250721,000000,87.9157,89.3639,87.089,88.9529,0,0
GOP_MV,D,20250722,000000,88.8467,88.9501,84.6064,84.6083,0,0
GOP_MV,D,20250723,000000,83.9857,83.9857,80.6755,82.229,0,0
GOP_MV,D,20250724,000000,82.2272,83.5719,81.7099,82.1256,0,0
GOP_MV,D,20250725,000000,82.7444,82.9513,81.1927,81.1946,0,0
GOP_MV,D,20250728,000000,80.0558,80.0558,75.5042,77.574,0,0
GOP_MV,D,20250729,000000,78.2972,78.2972,74.4698,75.8155,0,0
GOP_MV,D,20250730,000000,77.2628,77.3662,74.8835,74.9879,0,0
GOP_MV,D,20250731,000000,76.1249,78.0903,75.5042,76.0224,0,0
GOP_MV,D,20250801,000000,76.3318,76.3318,74.2629,76.0224,0,0
GOP_MV,D,20250804,000000,76.0214,76.0214,73.5387,75.2982,0,0
GOP_MV,D,20250805,000000,75.2973,75.2973,73.4353,74.781,0,0
GOP_MV,D,20250806,000000,75.4008,76.1249,74.7801,75.5051,0,0
GOP_MV,D,20250807,000000,76.4352,79.1248,74.987,77.1603,0,0
GOP_MV,D,20250808,000000,78.0903,78.0903,74.987,76.3327,0,0
GOP_MV,D,20250811,000000,76.3318,78.8144,76.3318,78.1947,0,0
GOP_MV,D,20250812,000000,78.5041,79.4351,78.5041,79.2291,0,0
GOP_MV,D,20250813,000000,79.2282,79.2291,78.1938,79.2291,0,0
GOP_MV,D,20250814,000000,79.2282,79.2282,77.0559,78.8154,0,0
GOP_MV,D,20250818,000000,78.711,78.711,77.0559,77.4706,0,0
GOP_MV,D,20250819,000000,77.4696,78.9179,77.4696,77.574,0,0
GOP_MV,D,20250820,000000,78.4006,79.0223,77.5731,79.0223,0,0
GOP_MV,D,20250821,000000,79.0213,79.6429,77.5731,79.6429,0,0
GOP_MV,D,20250822,000000,79.642,84.8133,79.1248,83.9876,0,0
GOP_MV,D,20250825,000000,83.7788,86.4703,83.7788,86.4703,0,0
GOP_MV,D,20250826,000000,86.5718,86.5718,82.0203,85.1255,0,0
GOP_MV,D,20250827,000000,85.1236,85.1236,82.8478,85.022,0,0
GOP_MV,D,20250828,000000,85.0202,85.0202,82.8478,82.9531,0,0
GOP_MV,D,20250829,000000,82.2272,84.2979,82.2272,84.2979,0,0
GOP_MV,D,20250901,000000,84.6064,84.8133,82.7444,82.9531,0,0
GOP_MV,D,20250902,000000,83.9857,83.9857,82.9513,83.7807,0,0
GOP_MV,D,20250903,000000,83.7788,86.4684,83.2616,85.8496,0,0
GOP_MV,D,20250904,000000,85.8477,85.8477,83.2616,83.7807,0,0
GOP_MV,D,20250905,000000,85.0202,85.2289,83.2616,85.2289,0,0
GOP_MV,D,20250908,000000,85.3305,85.8477,84.296,85.6427,0,0
GOP_MV,D,20250909,000000,85.8477,85.8496,85.3305,85.8496,0,0
GOP_MV,D,20250910,000000,85.8477,85.8477,83.365,84.7117,0,0
GOP_MV,D,20250911,000000,85.3305,85.8496,84.7098,85.8496,0,0
GOP_MV,D,20250912,000000,85.8477,86.5718,83.365,83.3669,0,0
GOP_MV,D,20250915,000000,85.6408,85.8477,83.4685,85.7462,0,0
GOP_MV,D,20250916,000000,85.7443,85.7443,84.296,85.3324,0,0
GOP_MV,D,20250917,000000,85.6408,85.8477,83.4685,85.2289,0,0
GOP_MV,D,20250918,000000,85.227,86.8822,85.227,86.7806,0,0
GOP_MV,D,20250919,000000,88.538,88.538,84.139,85.35,0,0
GOP_MV,D,20250922,000000,85.349,86.888,84.799,84.8,0,0
GOP_MV,D,20250923,000000,84.689,86.668,84.139,84.14,0,0
GOP_MV,D,20250924,000000,84.139,85.239,84.139,85.13,0,0
GOP_MV,D,20250925,000000,85.129,85.129,83.149,83.15,0,0
GOP_MV,D,20250926,000000,85.129,85.129,84.139,84.14,0,0
GOP_MV,D,20250929,000000,84.909,85.019,84.029,84.14,0,0
GOP_MV,D,20250930,000000,85.239,85.24,83.589,85.24,0,0
GOP_MV,D,20251001,000000,83.369,84.139,83.149,83.92,0,0
GOP_MV,D,20251002,000000,83.259,84.579,83.039,83.81,0,0
GOP_MV,D,20251003,000000,83.809,83.809,82.709,82.71,0,0
GOP_MV,D,20251006,000000,82.709,83.59,80.509,83.59,0,0
GOP_MV,D,20251007,000000,84.689,84.689,81.499,81.5,0,0
GOP_MV,D,20251008,000000,81.499,82.819,80.509,80.84,0,0
GOP_MV,D,20251009,000000,81.939,84.689,80.509,83.92,0,0
GOP_MV,D,20251010,000000,83.919,86.668,81.829,83.7,0,0
GOP_MV,D,20251013,000000,85.678,85.788,82.489,83.15,0,0
GOP_MV,D,20251014,000000,85.239,85.239,83.039,83.59,0,0
GOP_MV,D,20251015,000000,83.589,85.129,83.039,84.03,0,0
GOP_MV,D,20251016,000000,84.029,85.019,82.379,84.03,0,0
GOP_MV,D,20251017,000000,84.029,84.029,79.519,80.62,0,0
GOP_MV,D,20251020,000000,81.279,83.369,79.849,80.84,0,0
GOP_MV,D,20251021,000000,79.959,81.939,79.959,80.51,0,0
GOP_MV,D,20251022,000000,81.609,81.609,79.849,80.29,0,0
GOP_MV,D,20251023,000000,80.289,81.719,79.849,80.51,0,0
GOP_MV,D,20251024,000000,81.169,81.169,79.739,79.74,0,0
GOP_MV,D,20251027,000000,79.849,80.839,79.299,79.52,0,0
GOP_MV,D,20251028,000000,80.399,80.399,79.409,79.74,0,0
GOP_MV,D,20251029,000000,80.179,83.369,79.739,79.74,0,0
GOP_MV,D,20251030,000000,83.259,83.259,79.959,82.27,0,0
GOP_MV,D,20251031,000000,82.379,82.379,79.849,81.719,0,0
GOP_MV,D,20251103,000000,79.739,81.72,79.739,81.72,0,0
GOP_MV,D,20251104,000000,80.839,80.839,79.629,79.63,0,0
GOP_MV,D,20251105,000000,79.739,81.829,75.01,78.97,0,0
GOP_MV,D,20251106,000000,78.859,78.859,75.23,75.89,0,0
GOP_MV,D,20251107,000000,75.89,76.88,75.23,75.23,0,0
GOP_MV,D,20251110,000000,74.24,75.89,73.69,75.78,0,0
GOP_MV,D,20251112,000000,75.89,75.89,73.69,75.34,0,0
GOP_MV,D,20251113,000000,75.34,75.78,73.69,75.23,0,0
GOP_MV,D,20251114,000000,75.67,75.78,73.14,75.78,0,0
GOP_MV,D,20251117,000000,75.56,75.56,73.69,75.01,0,0
GOP_MV,D,20251118,000000,75.67,75.67,73.58,75.45,0,0
GOP_MV,D,20251119,000000,75.45,75.45,72.92,72.92,0,0
GOP_MV,D,20251120,000000,72.7,74.57,72.7,74.57,0,0
GOP_MV,D,20251121,000000,72.59,72.59,67.201,69.84,0,0
GOP_MV,D,20251124,000000,69.841,69.841,65.441,67.86,0,0
GOP_MV,D,20251125,000000,69.511,69.511,66.651,67.09,0,0
GOP_MV,D,20251126,000000,67.091,73.8,67.091,72.59,0,0
GOP_MV,D,20251127,000000,73.47,73.47,69.841,71.49,0,0
GOP_MV,D,20251128,000000,69.181,70.391,67.091,68.96,0,0
GOP_MV,D,20251201,000000,69.291,69.511,63.461,64.01,0,0
GOP_MV,D,20251202,000000,65.331,65.331,60.822,62.14,0,0
GOP_MV,D,20251203,000000,62.142,65.881,60.822,61.37,0,0
GOP_MV,D,20251204,000000,63.681,63.681,59.942,61.59,0,0
GOP_MV,D,20251205,000000,61.592,61.592,57.852,61.04,0,0
GOP_MV,D,20251208,000000,60.822,60.822,55.543,58.73,0,0
GOP_MV,D,20251209,000000,57.852,57.852,55.872,57.85,0,0
GOP_MV,D,20251210,000000,57.742,57.742,56.202,57.52,0,0
GOP_MV,D,20251211,000000,57.522,57.852,56.092,57.3,0,0
GOP_MV,D,20251212,000000,57.192,57.192,54.003,55.65,0,0
GOP_MV,D,20251215,000000,55.103,55.762,53.673,53.84,0,0
GOP_MV,D,20251216,000000,53.838,54.168,51.748,52.57,0,0
GOP_MV,D,20251217,000000,51.693,53.233,51.253,52.46,0,0
GOP_MV,D,20251218,000000,52.463,56.752,52.243,55.54,0,0
GOP_MV,D,20251219,000000,56.092,56.092,54.388,54.99,0,0
GOP_MV,D,20251222,000000,54.993,55.543,52.903,54.99,0,0
GOP_MV,D,20251223,000000,54.993,56.642,54.498,56.642,0,0
GOP_MV,D,20251229,000000,56.642,56.862,54.553,55.1,0,0
GOP_MV,D,20251230,000000,56.312,59.392,55.543,59.39,0,0
GOP_MV,D,20260102,000000,61.372,61.372,56.642,60.49,0,0
GOP_MV,D,20260105,000000,60.492,64.891,58.732,60.38,0,0
GOP_MV,D,20260107,000000,60.492,63.022,59.392,60.38,0,0
GOP_MV,D,20260108,000000,62.032,62.692,56.752,58.18,0,0
GOP_MV,D,20260109,000000,57.632,61.482,57.632,61.48,0,0
GOP_MV,D,20260112,000000,61.042,62.252,59.612,60.27,0,0
GOP_MV,D,20260113,000000,62.582,62.582,60.492,61.26,0,0
GOP_MV,D,20260114,000000,60.602,63.241,59.392,63.24,0,0
GOP_MV,D,20260115,000000,62.032,63.241,62.032,62.14,0,0
GOP_MV,D,20260116,000000,61.042,64.891,61.042,63.68,0,0
GOP_MV,D,20260119,000000,63.791,68.411,62.912,66.65,0,0
GOP_MV,D,20260120,000000,66.761,66.761,63.791,65.44,0,0
GOP_MV,D,20260121,000000,65.441,65.991,63.901,65.99,0,0
GOP_MV,D,20260122,000000,68.081,68.081,64.121,66.43,0,0
GOP_MV,D,20260123,000000,67.201,67.201,64.891,65.11,0,0
