<TICKER>,<PER>,<DATE>,<TIME>,<OPEN>,<HIGH>,<LOW>,<CLOSE>,<VOL>,<OPENINT>
HUG_PE,D,20210219,000000,37.9,37.9,37.9,37.9,0,0
HUG_PE,D,20210222,000000,37.8,37.8,35.5,36.4,0,0
HUG_PE,D,20210223,000000,36.3,36.3,29.3,32.1,0,0
HUG_PE,D,20210224,000000,32.5,33.8,31.1,33.7,0,0
HUG_PE,D,20210225,000000,34.2,34.3,33.6,33.9,0,0
HUG_PE,D,20210226,000000,32.2,33,31.4,32.2,0,0
HUG_PE,D,20210301,000000,31.2,32.2,31,31.3,0,0
HUG_PE,D,20210302,000000,31.7,31.7,29.3,29.3,0,0
HUG_PE,D,20210303,000000,29.6,30,28,28.4,0,0
HUG_PE,D,20210304,000000,28.2,29.2,26.3,28.1,0,0
HUG_PE,D,20210305,000000,28.1,28.1,27.7,27.7,0,0
HUG_PE,D,20210308,000000,28.3,28.3,27.1,27.9,0,0
HUG_PE,D,20210309,000000,27.7,28.2,27.5,27.8,0,0
HUG_PE,D,20210310,000000,27.9,28.6,27.3,27.6,0,0
HUG_PE,D,20210311,000000,27.7,27.7,27,27.4,0,0
HUG_PE,D,20210312,000000,28.2,30.1,27.9,29.4,0,0
HUG_PE,D,20210315,000000,30.1,30.8,30,30.8,0,0
HUG_PE,D,20210316,000000,30.8,30.8,30,30,0,0
HUG_PE,D,20210317,000000,28.9,30.4,28.9,30.1,0,0
HUG_PE,D,20210318,000000,30.6,31.5,30.6,30.8,0,0
HUG_PE,D,20210319,000000,30.5,31,30.5,30.6,0,0
HUG_PE,D,20210322,000000,30.6,30.7,30.1,30.4,0,0
HUG_PE,D,20210323,000000,30.6,30.6,29.6,30.3,0,0
HUG_PE,D,20210324,000000,30,30.9,30,30.1,0,0
HUG_PE,D,20210325,000000,30.2,30.7,30.1,30.3,0,0
HUG_PE,D,20210326,000000,30.3,30.5,30.1,30.3,0,0
HUG_PE,D,20210329,000000,30.9,30.9,30.1,30.1,0,0
HUG_PE,D,20210330,000000,30.6,30.6,30.1,30.4,0,0
HUG_PE,D,20210331,000000,30.4,30.5,29.9,30.2,0,0
HUG_PE,D,20210401,000000,30.4,30.8,30,30.8,0,0
HUG_PE,D,20210406,000000,30.8,31.7,30.7,31.6,0,0
HUG_PE,D,20210407,000000,31.9,32.3,31.8,32.3,0,0
HUG_PE,D,20210408,000000,32.3,32.7,32.3,32.7,0,0
HUG_PE,D,20210409,000000,32.9,33.8,32.9,33.6,0,0
HUG_PE,D,20210412,000000,33.8,33.8,33.5,33.8,0,0
HUG_PE,D,20210413,000000,33.8,33.8,33.3,33.6,0,0
HUG_PE,D,20210414,000000,33.3,34.3,33.3,34.3,0,0
HUG_PE,D,20210415,000000,34.3,34.3,34.1,34.2,0,0
HUG_PE,D,20210416,000000,34.2,34.3,34.1,34.3,0,0
HUG_PE,D,20210419,000000,34.2,34.5,34,34.1,0,0
HUG_PE,D,20210420,000000,32.2,33,32,32.5,0,0
HUG_PE,D,20220530,000000,10.2,10.2,10.2,10.2,0,0
HUG_PE,D,20220531,000000,10,10.3,9.8,10.3,0,0
HUG_PE,D,20220601,000000,10.3,10.3,9.9,9.9,0,0
HUG_PE,D,20220602,000000,9.9,9.9,9.3,9.8,0,0
HUG_PE,D,20220603,000000,9.7,9.7,9.3,9.3,0,0
HUG_PE,D,20220606,000000,9.3,9.7,9.3,9.7,0,0
HUG_PE,D,20220607,000000,9.5,9.8,9.5,9.7,0,0
HUG_PE,D,20220608,000000,9.7,9.7,9.3,9.3,0,0
HUG_PE,D,20220609,000000,9.2,9.3,8.8,8.9,0,0
HUG_PE,D,20220610,000000,8.9,8.9,8.5,8.5,0,0
HUG_PE,D,20220613,000000,8.5,8.5,8.1,8.1,0,0
HUG_PE,D,20220614,000000,8.1,8.1,7.8,8.1,0,0
HUG_PE,D,20220615,000000,8.1,8.6,8.1,8.4,0,0
HUG_PE,D,20220617,000000,8.1,8.7,8.1,8.6,0,0
HUG_PE,D,20220620,000000,8.3,8.7,8.3,8.7,0,0
HUG_PE,D,20220621,000000,8.6,8.9,8.6,8.7,0,0
HUG_PE,D,20220622,000000,8.8,8.8,8.6,8.6,0,0
HUG_PE,D,20220623,000000,8.5,9.2,8.5,8.9,0,0
HUG_PE,D,20220624,000000,9,9.2,8.9,9.2,0,0
HUG_PE,D,20220627,000000,9.2,9.3,9.1,9.1,0,0
HUG_PE,D,20220628,000000,9.3,9.6,9.1,9.3,0,0
HUG_PE,D,20220629,000000,9.1,9.6,9.1,9.6,0,0
HUG_PE,D,20220630,000000,9.5,9.5,9.2,9.2,0,0
HUG_PE,D,20220701,000000,9.2,9.5,9.2,9.2,0,0
HUG_PE,D,20220704,000000,9.1,9.4,9,9.1,0,0
HUG_PE,D,20220705,000000,8.9,9.1,8.5,8.7,0,0
HUG_PE,D,20220706,000000,8.5,9.2,8.5,8.8,0,0
HUG_PE,D,20220707,000000,8.8,9,8.7,8.8,0,0
HUG_PE,D,20220708,000000,8.8,9,8.7,8.7,0,0
HUG_PE,D,20220711,000000,8.7,8.7,8.4,8.7,0,0
HUG_PE,D,20220712,000000,8.5,8.7,8.4,8.4,0,0
HUG_PE,D,20220713,000000,8.3,8.5,8.1,8.2,0,0
HUG_PE,D,20220714,000000,8.1,8.2,8.1,8.1,0,0
HUG_PE,D,20220715,000000,8.1,8.6,8.1,8.3,0,0
HUG_PE,D,20220718,000000,8.5,8.6,8.4,8.6,0,0
HUG_PE,D,20220719,000000,8.5,8.7,8.5,8.7,0,0
HUG_PE,D,20220720,000000,8.7,8.9,8.7,8.9,0,0
HUG_PE,D,20220721,000000,8.8,8.9,8.8,8.8,0,0
HUG_PE,D,20220722,000000,8.8,9,8.8,8.9,0,0
HUG_PE,D,20220725,000000,8.9,9,8.8,9,0,0
HUG_PE,D,20220726,000000,9,9,8.8,8.9,0,0
HUG_PE,D,20220727,000000,8.9,8.9,8.6,8.6,0,0
HUG_PE,D,20220728,000000,8.7,8.8,8.6,8.8,0,0
HUG_PE,D,20220729,000000,8.8,8.9,8.8,8.9,0,0
HUG_PE,D,20220801,000000,8.9,9.3,8.8,9.3,0,0
HUG_PE,D,20220802,000000,9.3,10.7,9.1,10.7,0,0
HUG_PE,D,20220803,000000,10.9,11.2,10.4,11.2,0,0
HUG_PE,D,20220804,000000,11.2,11.2,10.6,10.9,0,0
HUG_PE,D,20220805,000000,10.9,11,10.7,11,0,0
HUG_PE,D,20220808,000000,11.2,11.2,10.9,11.1,0,0
HUG_PE,D,20220809,000000,11,11.3,10.9,11,0,0
HUG_PE,D,20220810,000000,11,11.2,10.9,11.1,0,0
HUG_PE,D,20220811,000000,10.9,12,10.9,11.4,0,0
HUG_PE,D,20220812,000000,11.6,11.8,11.4,11.5,0,0
HUG_PE,D,20220816,000000,11.5,11.7,11.4,11.5,0,0
HUG_PE,D,20220817,000000,11.6,11.6,11.2,11.3,0,0
HUG_PE,D,20220818,000000,11.4,11.4,11.3,11.3,0,0
HUG_PE,D,20220819,000000,11.4,11.4,11.1,11.1,0,0
HUG_PE,D,20220822,000000,10.9,10.9,10.4,10.4,0,0
HUG_PE,D,20220823,000000,10.5,10.6,10.2,10.3,0,0
HUG_PE,D,20220824,000000,10.2,10.4,10,10.4,0,0
HUG_PE,D,20220825,000000,10.3,10.8,10.3,10.8,0,0
HUG_PE,D,20220826,000000,10.6,11.1,10.6,10.9,0,0
HUG_PE,D,20220829,000000,10.8,10.8,10.5,10.5,0,0
HUG_PE,D,20220830,000000,10.5,11.2,10.5,10.8,0,0
HUG_PE,D,20220831,000000,11.1,11.1,10.9,11,0,0
HUG_PE,D,20220901,000000,10.9,10.9,10.6,10.7,0,0
HUG_PE,D,20220902,000000,10.7,11.1,10.6,11,0,0
HUG_PE,D,20220905,000000,11.1,11.2,10.9,11,0,0
HUG_PE,D,20220906,000000,10.8,11,10.8,11,0,0
HUG_PE,D,20220907,000000,11.1,11.1,10.7,10.9,0,0
HUG_PE,D,20220908,000000,11.1,11.5,11,11.5,0,0
HUG_PE,D,20220909,000000,11.7,11.7,11.3,11.6,0,0
HUG_PE,D,20220912,000000,11.7,11.8,11.4,11.8,0,0
HUG_PE,D,20220913,000000,11.8,12.3,11.7,11.8,0,0
HUG_PE,D,20220914,000000,11.6,12,11.5,11.5,0,0
HUG_PE,D,20220915,000000,11.4,11.5,11.3,11.5,0,0
HUG_PE,D,20220916,000000,11.6,11.6,11.2,11.2,0,0
HUG_PE,D,20220919,000000,11.2,11.2,10.8,11,0,0
HUG_PE,D,20220920,000000,10.8,10.9,10.6,10.9,0,0
HUG_PE,D,20220921,000000,10.8,10.9,10.7,10.8,0,0
HUG_PE,D,20220922,000000,10.6,10.7,10.5,10.7,0,0
HUG_PE,D,20220923,000000,10.7,10.8,10.3,10.7,0,0
HUG_PE,D,20220926,000000,10.5,10.7,10.5,10.7,0,0
HUG_PE,D,20220927,000000,10.8,10.9,10.7,10.9,0,0
HUG_PE,D,20220928,000000,10.6,10.7,10.5,10.7,0,0
HUG_PE,D,20220929,000000,10.6,10.6,10.4,10.5,0,0
HUG_PE,D,20220930,000000,10.5,11.2,10.4,11.1,0,0
HUG_PE,D,20221003,000000,11.1,11.1,10.6,10.9,0,0
HUG_PE,D,20221004,000000,10.9,11.1,10.7,10.9,0,0
HUG_PE,D,20221005,000000,10.8,11,10.7,10.7,0,0
HUG_PE,D,20221006,000000,10.7,10.8,10.5,10.5,0,0
HUG_PE,D,20221007,000000,10.6,10.6,10.3,10.3,0,0
HUG_PE,D,20221010,000000,10.3,10.3,9.9,9.9,0,0
HUG_PE,D,20221011,000000,9.7,10.2,9.5,10.2,0,0
HUG_PE,D,20221012,000000,10.5,10.8,10.5,10.5,0,0
HUG_PE,D,20221013,000000,10.5,10.8,10.2,10.8,0,0
HUG_PE,D,20221014,000000,10.9,11.2,10.6,11.1,0,0
HUG_PE,D,20221017,000000,11.2,11.4,11,11.4,0,0
HUG_PE,D,20221018,000000,11.5,11.5,11.1,11.2,0,0
HUG_PE,D,20221019,000000,11.4,11.7,11.2,11.7,0,0
HUG_PE,D,20221020,000000,11.6,11.6,11.4,11.5,0,0
HUG_PE,D,20221021,000000,11.4,11.6,11.3,11.5,0,0
HUG_PE,D,20221024,000000,11.6,11.6,11.3,11.4,0,0
HUG_PE,D,20221025,000000,11.6,11.6,11.3,11.5,0,0
HUG_PE,D,20221026,000000,11.6,12.1,11.5,12,0,0
HUG_PE,D,20221027,000000,12,12.2,11.8,12.1,0,0
HUG_PE,D,20221028,000000,12.1,12.3,12,12.2,0,0
HUG_PE,D,20221031,000000,12.2,12.2,12,12.2,0,0
HUG_PE,D,20221102,000000,12.2,12.2,11.8,12,0,0
HUG_PE,D,20221103,000000,11.9,11.9,11.7,11.7,0,0
HUG_PE,D,20221104,000000,11.9,11.9,11.6,11.8,0,0
HUG_PE,D,20221107,000000,12,12,11.7,12,0,0
HUG_PE,D,20221108,000000,12,12.1,11.8,11.8,0,0
HUG_PE,D,20221109,000000,11.8,11.8,11.5,11.8,0,0
HUG_PE,D,20221110,000000,11.7,11.9,11.4,11.8,0,0
HUG_PE,D,20221114,000000,11.7,12.2,11.6,12.2,0,0
HUG_PE,D,20221115,000000,12.2,12.2,11.9,12.2,0,0
HUG_PE,D,20221116,000000,12.1,12.1,11.9,11.9,0,0
HUG_PE,D,20221117,000000,11.9,12,11.5,11.6,0,0
HUG_PE,D,20221118,000000,11.6,11.7,11.4,11.4,0,0
HUG_PE,D,20221121,000000,11.3,11.7,11.3,11.4,0,0
HUG_PE,D,20221122,000000,11.2,11.8,11.2,11.8,0,0
HUG_PE,D,20221123,000000,11.9,12.2,11.6,12,0,0
HUG_PE,D,20221124,000000,12,12,11.8,12,0,0
HUG_PE,D,20221125,000000,12,12.3,10.1,10.1,0,0
HUG_PE,D,20221128,000000,10.2,10.2,9.7,10.1,0,0
HUG_PE,D,20221129,000000,10.2,10.2,9.7,9.7,0,0
HUG_PE,D,20221130,000000,9.7,10,9.7,10,0,0
HUG_PE,D,20221201,000000,10,10,9.8,10,0,0
HUG_PE,D,20221202,000000,10.1,10.2,10,10.1,0,0
HUG_PE,D,20221205,000000,10.1,10.1,9.7,9.8,0,0
HUG_PE,D,20221206,000000,9.8,9.8,9.4,9.4,0,0
HUG_PE,D,20221207,000000,9.4,9.7,9.4,9.7,0,0
HUG_PE,D,20221208,000000,9.7,9.7,9.5,9.5,0,0
HUG_PE,D,20221209,000000,9.5,9.6,9.3,9.5,0,0
HUG_PE,D,20221212,000000,9.5,9.7,9.4,9.6,0,0
HUG_PE,D,20221213,000000,9.6,9.8,9.5,9.7,0,0
HUG_PE,D,20221214,000000,9.7,9.8,9.5,9.8,0,0
HUG_PE,D,20221215,000000,9.6,9.7,9.5,9.6,0,0
HUG_PE,D,20221216,000000,9.5,9.6,9.5,9.5,0,0
HUG_PE,D,20221219,000000,9.5,9.6,9.5,9.6,0,0
HUG_PE,D,20221220,000000,9.6,10,9.5,10,0,0
HUG_PE,D,20221221,000000,10,10,9.7,9.8,0,0
HUG_PE,D,20221222,000000,9.9,9.9,9.5,9.7,0,0
HUG_PE,D,20221223,000000,9.6,9.7,9.5,9.7,0,0
HUG_PE,D,20221227,000000,9.6,9.6,9.5,9.5,0,0
HUG_PE,D,20221228,000000,9.4,9.6,9.4,9.5,0,0
HUG_PE,D,20221229,000000,9.5,9.6,9.4,9.6,0,0
HUG_PE,D,20221230,000000,9.5,9.5,9.3,9.4,0,0
HUG_PE,D,20230102,000000,9.4,9.6,9.3,9.6,0,0
HUG_PE,D,20230103,000000,9.6,9.7,9.4,9.5,0,0
HUG_PE,D,20230104,000000,9.4,9.5,9.3,9.5,0,0
HUG_PE,D,20230105,000000,9.4,9.6,9.4,9.5,0,0
HUG_PE,D,20230109,000000,9.6,9.6,9.4,9.5,0,0
HUG_PE,D,20230110,000000,9.5,9.8,9.4,9.8,0,0
HUG_PE,D,20230111,000000,9.9,10.5,9.9,10.3,0,0
HUG_PE,D,20230112,000000,10.2,10.5,10.2,10.4,0,0
HUG_PE,D,20230113,000000,10.3,10.4,10.2,10.3,0,0
HUG_PE,D,20230116,000000,10.3,10.9,10.2,10.8,0,0
HUG_PE,D,20230117,000000,10.8,10.9,10.6,10.7,0,0
HUG_PE,D,20230118,000000,10.6,10.9,10.6,10.9,0,0
HUG_PE,D,20230119,000000,10.9,10.9,10.7,10.7,0,0
HUG_PE,D,20230120,000000,10.8,10.8,10.6,10.8,0,0
HUG_PE,D,20230123,000000,10.9,11.1,10.9,11.1,0,0
HUG_PE,D,20230124,000000,11.1,11.3,11,11.1,0,0
HUG_PE,D,20230125,000000,11.2,11.2,10.9,10.9,0,0
HUG_PE,D,20230126,000000,10.9,11.1,10.9,11,0,0
HUG_PE,D,20230127,000000,11,11.1,10.9,11.1,0,0
HUG_PE,D,20230130,000000,11,11,10.9,11,0,0
HUG_PE,D,20230131,000000,11,11,10.9,10.9,0,0
HUG_PE,D,20230201,000000,10.9,11,10.9,11,0,0
HUG_PE,D,20230202,000000,11,11.1,10.9,11,0,0
HUG_PE,D,20230203,000000,11,11,10.8,11,0,0
HUG_PE,D,20230206,000000,10.9,11,10.6,10.6,0,0
HUG_PE,D,20230207,000000,10.6,10.7,10.4,10.5,0,0
HUG_PE,D,20230208,000000,10.5,10.5,10.4,10.5,0,0
HUG_PE,D,20230209,000000,10.6,10.8,10.6,10.8,0,0
HUG_PE,D,20230210,000000,10.8,10.8,10.4,10.4,0,0
HUG_PE,D,20230213,000000,10.3,10.3,10,10.1,0,0
HUG_PE,D,20230214,000000,10.1,10.4,10.1,10.4,0,0
HUG_PE,D,20230215,000000,10.2,10.2,10.1,10.2,0,0
HUG_PE,D,20230216,000000,10.8,11.4,10.8,11.2,0,0
HUG_PE,D,20230217,000000,11.1,11.4,11.1,11.3,0,0
HUG_PE,D,20230220,000000,11.3,11.5,11.1,11.2,0,0
HUG_PE,D,20230221,000000,11.4,11.4,11,11.2,0,0
HUG_PE,D,20230222,000000,11.2,11.2,10.7,11,0,0
HUG_PE,D,20230223,000000,11,11.2,10.8,11,0,0
HUG_PE,D,20230224,000000,10.9,11.1,10.9,11.1,0,0
HUG_PE,D,20230227,000000,11.1,11.5,10.9,11.3,0,0
HUG_PE,D,20230228,000000,11.3,11.6,11.2,11.3,0,0
HUG_PE,D,20230301,000000,11.3,11.7,11.2,11.7,0,0
HUG_PE,D,20230302,000000,11.7,11.7,11.4,11.5,0,0
HUG_PE,D,20230303,000000,11.5,12.2,11.5,12,0,0
HUG_PE,D,20230306,000000,12,12.6,12,12.6,0,0
HUG_PE,D,20230307,000000,12.5,12.6,12.4,12.6,0,0
HUG_PE,D,20230308,000000,12.6,12.9,12.4,12.6,0,0
HUG_PE,D,20230309,000000,12.6,12.8,12.5,12.8,0,0
HUG_PE,D,20230310,000000,12.6,12.7,12.4,12.5,0,0
HUG_PE,D,20230313,000000,12.1,12.6,12.1,12.5,0,0
HUG_PE,D,20230314,000000,12.2,13,12.2,13,0,0
HUG_PE,D,20230315,000000,12.9,12.9,12.4,12.4,0,0
HUG_PE,D,20230316,000000,12.3,12.6,12.2,12.5,0,0
HUG_PE,D,20230317,000000,12,12.3,11.7,12.2,0,0
HUG_PE,D,20230320,000000,12,12.2,11.8,12.1,0,0
HUG_PE,D,20230321,000000,11.9,12.4,11.9,12.4,0,0
HUG_PE,D,20230322,000000,12.4,12.4,12.1,12.2,0,0
HUG_PE,D,20230323,000000,12.2,12.6,12,12.6,0,0
HUG_PE,D,20230324,000000,12.6,12.6,12.1,12.2,0,0
HUG_PE,D,20230327,000000,12.1,12.1,11.9,12.1,0,0
HUG_PE,D,20230328,000000,12.1,16.9,11.8,16.9,0,0
HUG_PE,D,20230329,000000,16.9,17,16.7,16.9,0,0
HUG_PE,D,20230330,000000,16.9,16.9,16.6,16.8,0,0
HUG_PE,D,20230331,000000,16.7,17,16.7,17,0,0
HUG_PE,D,20230403,000000,17,17.3,16.8,17.1,0,0
HUG_PE,D,20230404,000000,16.9,17.1,16.8,17,0,0
HUG_PE,D,20230405,000000,17,17.2,16.6,16.7,0,0
HUG_PE,D,20230406,000000,16.7,16.7,16.4,16.6,0,0
HUG_PE,D,20230411,000000,16.5,16.6,16.2,16.4,0,0
HUG_PE,D,20230412,000000,16.2,16.8,16.2,16.8,0,0
HUG_PE,D,20230413,000000,16.7,17,16.5,17,0,0
HUG_PE,D,20230414,000000,17.1,17.1,16.7,17,0,0
HUG_PE,D,20230417,000000,17.2,17.2,16.8,17.1,0,0
HUG_PE,D,20230418,000000,17.1,17.6,16.9,17.6,0,0
HUG_PE,D,20230419,000000,17.4,17.6,17.3,17.3,0,0
HUG_PE,D,20230420,000000,17.1,17.4,17,17.3,0,0
HUG_PE,D,20230421,000000,17,17.3,16.9,17,0,0
HUG_PE,D,20230424,000000,17,17.2,16.7,17.2,0,0
HUG_PE,D,20230425,000000,17,17.3,16.9,17.3,0,0
HUG_PE,D,20230426,000000,17,17,16.7,16.8,0,0
HUG_PE,D,20230427,000000,16.8,17.1,16.8,16.9,0,0
HUG_PE,D,20230428,000000,16.9,17.1,16.6,16.6,0,0
HUG_PE,D,20230502,000000,16.7,16.9,16.5,16.6,0,0
HUG_PE,D,20230504,000000,16.8,16.8,16.1,16.2,0,0
HUG_PE,D,20230505,000000,16.1,16.2,15.9,16.1,0,0
HUG_PE,D,20230508,000000,16.1,16.8,16,16.6,0,0
HUG_PE,D,20230509,000000,16.6,16.6,16.2,16.2,0,0
HUG_PE,D,20230510,000000,16.2,16.2,15.9,16.1,0,0
HUG_PE,D,20230511,000000,15.9,16.4,15.9,16.1,0,0
HUG_PE,D,20230512,000000,16.1,16.4,15.9,15.9,0,0
HUG_PE,D,20230515,000000,15.8,16.2,15.8,16.2,0,0
HUG_PE,D,20230516,000000,16.2,16.5,16,16.4,0,0
HUG_PE,D,20230517,000000,16.3,16.8,16.3,16.4,0,0
HUG_PE,D,20230518,000000,16.5,16.8,16.3,16.3,0,0
HUG_PE,D,20230519,000000,16.3,16.8,16.3,16.7,0,0
HUG_PE,D,20230522,000000,16.6,16.8,16.5,16.7,0,0
HUG_PE,D,20230523,000000,16.7,16.8,16.4,16.5,0,0
HUG_PE,D,20230524,000000,16.4,16.6,16.3,16.5,0,0
HUG_PE,D,20230525,000000,16.8,16.9,16.4,16.6,0,0
HUG_PE,D,20230526,000000,16.4,17.2,16.4,16.9,0,0
HUG_PE,D,20230529,000000,16.9,17.2,16.8,17,0,0
HUG_PE,D,20230530,000000,16.9,17.7,16.9,17.4,0,0
HUG_PE,D,20230531,000000,18.1,18.2,12.2,12.2,0,0
HUG_PE,D,20230601,000000,12.2,12.4,12.1,12.2,0,0
HUG_PE,D,20230602,000000,12.3,12.6,12.2,12.6,0,0
HUG_PE,D,20230605,000000,12.6,12.6,12.5,12.6,0,0
HUG_PE,D,20230606,000000,12.6,12.6,12.4,12.6,0,0
HUG_PE,D,20230607,000000,12.6,12.6,12.4,12.4,0,0
HUG_PE,D,20230609,000000,12.5,12.5,12.3,12.5,0,0
HUG_PE,D,20230612,000000,12.6,12.6,12.4,12.5,0,0
HUG_PE,D,20230613,000000,12.5,12.5,11.9,11.9,0,0
HUG_PE,D,20230614,000000,11.9,12.3,11.9,12.2,0,0
HUG_PE,D,20230615,000000,12.1,12.2,12,12.1,0,0
HUG_PE,D,20230616,000000,12.2,12.3,12,12.3,0,0
HUG_PE,D,20230619,000000,12.3,12.3,12.2,12.3,0,0
HUG_PE,D,20230620,000000,12.3,12.5,12.3,12.4,0,0
HUG_PE,D,20230621,000000,12.4,12.5,12.4,12.5,0,0
HUG_PE,D,20230622,000000,12.4,12.4,12.2,12.4,0,0
HUG_PE,D,20230623,000000,12.4,12.4,12.2,12.2,0,0
HUG_PE,D,20230626,000000,12.2,12.3,12.1,12.3,0,0
HUG_PE,D,20230627,000000,12.2,12.3,12,12.1,0,0
HUG_PE,D,20230628,000000,12.1,12.2,11.9,12.1,0,0
HUG_PE,D,20230629,000000,12.1,12.1,12,12,0,0
HUG_PE,D,20230630,000000,12.1,12.1,11.8,12,0,0
HUG_PE,D,20230703,000000,11.7,11.8,11.5,11.8,0,0
HUG_PE,D,20230704,000000,11.8,12.2,11.8,12,0,0
HUG_PE,D,20230705,000000,12,12,11.6,11.6,0,0
HUG_PE,D,20230706,000000,11.6,11.6,10.9,11.2,0,0
HUG_PE,D,20230707,000000,11.1,11.7,11.1,11.7,0,0
HUG_PE,D,20230710,000000,11.8,11.9,11.6,11.9,0,0
HUG_PE,D,20230711,000000,11.9,12,11.6,11.8,0,0
HUG_PE,D,20230712,000000,11.7,11.7,11.4,11.7,0,0
HUG_PE,D,20230713,000000,11.7,11.8,11.4,11.7,0,0
HUG_PE,D,20230714,000000,11.7,11.9,11.7,11.7,0,0
HUG_PE,D,20230717,000000,11.7,11.7,11.3,11.3,0,0
HUG_PE,D,20230718,000000,11.3,11.4,11.3,11.4,0,0
HUG_PE,D,20230719,000000,11.4,11.8,11.4,11.8,0,0
HUG_PE,D,20230720,000000,11.8,11.8,11.4,11.5,0,0
HUG_PE,D,20230721,000000,11.6,11.6,11.3,11.3,0,0
HUG_PE,D,20230724,000000,11.3,11.3,11,11.2,0,0
HUG_PE,D,20230725,000000,11.1,11.3,11,11.3,0,0
HUG_PE,D,20230726,000000,11.3,11.3,11,11.1,0,0
HUG_PE,D,20230727,000000,11.1,11.3,11.1,11.2,0,0
HUG_PE,D,20230728,000000,11.2,11.2,11.1,11.1,0,0
HUG_PE,D,20230731,000000,11.1,11.4,11,11.4,0,0
HUG_PE,D,20230801,000000,11.5,11.6,11.4,11.5,0,0
HUG_PE,D,20230802,000000,11.4,11.4,11.2,11.2,0,0
HUG_PE,D,20230803,000000,11.2,11.3,11.1,11.1,0,0
HUG_PE,D,20230804,000000,11.1,11.3,11.1,11.3,0,0
HUG_PE,D,20230807,000000,11.323,11.46,10.957,11.1,0,0
HUG_PE,D,20230808,000000,11.054,11.077,10.8,10.8,0,0
HUG_PE,D,20230809,000000,10.777,10.96,10.7,10.7,0,0
HUG_PE,D,20230810,000000,10.7,10.791,10.495,10.6,0,0
HUG_PE,D,20230811,000000,10.532,10.532,10.418,10.5,0,0
HUG_PE,D,20230814,000000,10.5,10.799,10.224,10.6,0,0
HUG_PE,D,20230816,000000,10.761,11.105,10.531,10.9,0,0
HUG_PE,D,20230817,000000,10.9,10.968,10.651,10.9,0,0
HUG_PE,D,20230818,000000,10.629,10.855,10.606,10.8,0,0
HUG_PE,D,20230821,000000,10.643,10.8,10.53,10.6,0,0
HUG_PE,D,20230822,000000,10.645,10.645,10.17,10.4,0,0
HUG_PE,D,20230823,000000,10.4,10.807,10.4,10.7,0,0
HUG_PE,D,20230824,000000,10.633,10.8,10.499,10.8,0,0
HUG_PE,D,20230825,000000,10.8,10.845,10.6,10.6,0,0
HUG_PE,D,20230828,000000,10.511,11.1,10.444,11.1,0,0
HUG_PE,D,20230829,000000,11.1,11.2,10.877,11.2,0,0
HUG_PE,D,20230830,000000,11.29,11.515,9,9,0,0
HUG_PE,D,20230831,000000,9.018,9.376,9,9.3,0,0
HUG_PE,D,20230901,000000,9.174,9.444,9.03,9.3,0,0
HUG_PE,D,20230904,000000,9.389,9.478,9.104,9.3,0,0
HUG_PE,D,20230905,000000,9.121,9.264,9.014,9.1,0,0
HUG_PE,D,20230906,000000,9.135,9.188,8.87,9.1,0,0
HUG_PE,D,20230907,000000,9.1,9.451,9.012,9.3,0,0
HUG_PE,D,20230908,000000,9.317,9.455,7,7,0,0
HUG_PE,D,20230911,000000,6.907,7,6.881,7,0,0
HUG_PE,D,20230912,000000,6.92,7.133,6.92,7,0,0
HUG_PE,D,20230913,000000,6.817,7,6.817,7,0,0
HUG_PE,D,20230914,000000,6.934,7,6.894,7,0,0
HUG_PE,D,20230915,000000,6.934,6.973,6.8,6.8,0,0
HUG_PE,D,20230918,000000,6.8,6.866,6.747,6.8,0,0
HUG_PE,D,20230919,000000,6.813,6.813,6.523,6.6,0,0
HUG_PE,D,20230920,000000,6.547,6.627,6.494,6.5,0,0
HUG_PE,D,20230921,000000,6.553,6.6,6.461,6.6,0,0
HUG_PE,D,20230922,000000,6.626,6.626,6.508,6.6,0,0
HUG_PE,D,20230925,000000,6.653,6.7,6.6,6.7,0,0
HUG_PE,D,20230926,000000,6.66,6.727,6.6,6.6,0,0
HUG_PE,D,20230927,000000,6.64,6.983,6.64,6.8,0,0
HUG_PE,D,20230928,000000,6.8,6.8,6.5,6.5,0,0
HUG_PE,D,20230929,000000,6.5,6.8,6.5,6.8,0,0
HUG_PE,D,20231002,000000,6.8,6.879,6.695,6.8,0,0
HUG_PE,D,20231003,000000,6.8,6.84,6.6,6.6,0,0
HUG_PE,D,20231004,000000,6.509,6.678,6.509,6.6,0,0
HUG_PE,D,20231005,000000,6.691,6.691,6.497,6.6,0,0
HUG_PE,D,20231006,000000,6.6,6.6,6.444,6.6,0,0
HUG_PE,D,20231009,000000,6.521,6.626,6.494,6.6,0,0
HUG_PE,D,20231010,000000,6.56,6.758,6.56,6.7,0,0
HUG_PE,D,20231011,000000,6.673,6.727,6.58,6.7,0,0
HUG_PE,D,20231012,000000,6.714,6.781,6.632,6.7,0,0
HUG_PE,D,20231013,000000,6.7,6.7,6.5,6.5,0,0
HUG_PE,D,20231016,000000,6.527,6.8,6.487,6.8,0,0
HUG_PE,D,20231017,000000,6.679,7,6.679,7,0,0
HUG_PE,D,20231018,000000,6.865,7.1,6.865,7.1,0,0
HUG_PE,D,20231019,000000,6.936,7.127,6.936,7,0,0
HUG_PE,D,20231020,000000,7,7,6.892,6.9,0,0
HUG_PE,D,20231023,000000,6.9,6.995,6.859,6.9,0,0
HUG_PE,D,20231024,000000,6.941,7.009,6.873,7,0,0
HUG_PE,D,20231025,000000,7.096,7.191,7,7,0,0
HUG_PE,D,20231026,000000,7.014,7.245,7,7.1,0,0
HUG_PE,D,20231027,000000,6.912,7.3,6.912,7.3,0,0
HUG_PE,D,20231030,000000,7.286,7.286,7.191,7.2,0,0
HUG_PE,D,20231031,000000,7.241,7.241,7.064,7.2,0,0
HUG_PE,D,20231102,000000,7.242,7.408,7.2,7.2,0,0
HUG_PE,D,20231103,000000,7.2,7.431,7.186,7.4,0,0
HUG_PE,D,20231106,000000,7.441,7.618,7.441,7.6,0,0
HUG_PE,D,20231107,000000,7.517,7.711,7.448,7.7,0,0
HUG_PE,D,20231108,000000,7.548,7.645,7.4,7.4,0,0
HUG_PE,D,20231109,000000,7.468,7.604,7.468,7.6,0,0
HUG_PE,D,20231110,000000,7.6,7.614,7.407,7.6,0,0
HUG_PE,D,20231113,000000,7.6,7.6,7.407,7.5,0,0
HUG_PE,D,20231114,000000,7.431,7.542,7.431,7.5,0,0
HUG_PE,D,20231115,000000,7.472,7.8,7.472,7.8,0,0
HUG_PE,D,20231116,000000,7.8,7.842,7.645,7.8,0,0
HUG_PE,D,20231117,000000,7.758,7.9,7.701,7.9,0,0
HUG_PE,D,20231120,000000,7.9,8,7.772,8,0,0
HUG_PE,D,20231121,000000,8,8.231,7.899,8.1,0,0
HUG_PE,D,20231122,000000,8.157,8.186,7.971,8,0,0
HUG_PE,D,20231123,000000,8,8,7.4,7.4,0,0
HUG_PE,D,20231124,000000,7.441,7.618,7.441,7.6,0,0
HUG_PE,D,20231127,000000,7.6,7.6,7.315,7.4,0,0
HUG_PE,D,20231128,000000,7.428,7.537,7.4,7.5,0,0
HUG_PE,D,20231129,000000,7.473,7.473,7.35,7.4,0,0
HUG_PE,D,20231130,000000,7.359,7.482,7.359,7.4,0,0
HUG_PE,D,20231201,000000,7.414,7.427,7.195,7.3,0,0
HUG_PE,D,20231204,000000,7.259,7.368,7.109,7.2,0,0
HUG_PE,D,20231205,000000,7.186,7.296,7.159,7.2,0,0
HUG_PE,D,20231206,000000,7.2,7.2,7,7,0,0
HUG_PE,D,20231207,000000,7.027,7.04,6.892,6.9,0,0
HUG_PE,D,20231208,000000,6.9,7,6.9,7,0,0
HUG_PE,D,20231211,000000,7.013,7.217,7,7.1,0,0
HUG_PE,D,20231212,000000,7.167,7.167,6.993,7.1,0,0
HUG_PE,D,20231213,000000,7.046,7.181,6.952,7.1,0,0
HUG_PE,D,20231214,000000,7.073,7.2,6.965,7.2,0,0
HUG_PE,D,20231215,000000,7.172,7.31,7.145,7.3,0,0
HUG_PE,D,20231218,000000,7.328,7.522,7.3,7.4,0,0
HUG_PE,D,20231219,000000,7.236,7.4,7.236,7.4,0,0
HUG_PE,D,20231220,000000,7.359,7.4,7.277,7.4,0,0
HUG_PE,D,20231221,000000,7.4,7.4,7.304,7.4,0,0
HUG_PE,D,20231222,000000,7.373,7.6,7.345,7.6,0,0
HUG_PE,D,20231227,000000,7.697,7.697,7.407,7.5,0,0
HUG_PE,D,20231228,000000,7.5,7.556,7.458,7.5,0,0
HUG_PE,D,20231229,000000,7.514,7.57,7.4,7.4,0,0
HUG_PE,D,20240102,000000,7.441,7.441,7.2,7.2,0,0
HUG_PE,D,20240103,000000,7.2,7.296,7.186,7.2,0,0
HUG_PE,D,20240104,000000,7.268,7.268,7.023,7.1,0,0
HUG_PE,D,20240105,000000,7.073,7.237,7.073,7.2,0,0
HUG_PE,D,20240108,000000,7.2,7.2,7.077,7.1,0,0
HUG_PE,D,20240109,000000,7.1,7.3,7.073,7.3,0,0
HUG_PE,D,20240110,000000,7.3,7.436,7.177,7.4,0,0
HUG_PE,D,20240111,000000,7.4,7.428,7.29,7.4,0,0
HUG_PE,D,20240112,000000,7.291,7.414,7.291,7.4,0,0
HUG_PE,D,20240115,000000,7.4,7.4,7.277,7.3,0,0
HUG_PE,D,20240116,000000,7.327,7.327,7.1,7.1,0,0
HUG_PE,D,20240117,000000,7.1,7.1,7,7,0,0
HUG_PE,D,20240118,000000,7.053,7.2,6.987,7.2,0,0
HUG_PE,D,20240119,000000,7.2,7.4,7.2,7.4,0,0
HUG_PE,D,20240122,000000,7.414,7.5,7.414,7.5,0,0
HUG_PE,D,20240123,000000,7.486,7.5,7.4,7.4,0,0
HUG_PE,D,20240124,000000,7.359,7.737,7.359,7.6,0,0
HUG_PE,D,20240125,000000,7.627,7.816,7.533,7.8,0,0
HUG_PE,D,20240126,000000,7.8,7.827,7.692,7.7,0,0
HUG_PE,D,20240129,000000,7.686,8.01,7.686,8,0,0
HUG_PE,D,20240130,000000,7.987,7.987,7.556,7.7,0,0
HUG_PE,D,20240131,000000,7.633,7.7,7.552,7.7,0,0
HUG_PE,D,20240201,000000,7.673,7.686,7.537,7.6,0,0
HUG_PE,D,20240202,000000,7.6,7.7,7.519,7.7,0,0
HUG_PE,D,20240205,000000,7.7,7.782,7.5,7.5,0,0
HUG_PE,D,20240206,000000,7.527,7.702,7.5,7.6,0,0
HUG_PE,D,20240207,000000,7.627,7.627,7.386,7.5,0,0
HUG_PE,D,20240208,000000,7.5,7.5,7.4,7.4,0,0
HUG_PE,D,20240209,000000,7.467,7.507,7.333,7.4,0,0
HUG_PE,D,20240212,000000,7.413,7.44,7.333,7.4,0,0
HUG_PE,D,20240213,000000,7.4,7.468,7.3,7.3,0,0
HUG_PE,D,20240214,000000,7.3,7.4,7.3,7.4,0,0
HUG_PE,D,20240215,000000,7.4,7.481,7.3,7.3,0,0
HUG_PE,D,20240216,000000,7.3,7.407,7.3,7.4,0,0
HUG_PE,D,20240219,000000,7.454,7.454,7.238,7.3,0,0
HUG_PE,D,20240220,000000,7.3,7.5,7.3,7.5,0,0
HUG_PE,D,20240221,000000,7.5,7.5,7.364,7.4,0,0
HUG_PE,D,20240222,000000,7.373,7.454,7.373,7.4,0,0
HUG_PE,D,20240223,000000,7.386,7.441,7.386,7.4,0,0
HUG_PE,D,20240226,000000,7.386,7.5,7.373,7.5,0,0
HUG_PE,D,20240227,000000,7.555,7.7,7.459,7.7,0,0
HUG_PE,D,20240228,000000,7.7,7.755,7.645,7.7,0,0
HUG_PE,D,20240229,000000,7.7,7.714,7.6,7.6,0,0
HUG_PE,D,20240301,000000,7.722,7.722,7.614,7.7,0,0
HUG_PE,D,20240304,000000,7.754,7.768,7.605,7.605,0,0
HUG_PE,D,20240305,000000,7.659,7.659,7.578,7.6,0,0
HUG_PE,D,20240306,000000,7.6,7.709,7.559,7.7,0,0
HUG_PE,D,20240307,000000,7.714,7.796,7.672,7.7,0,0
HUG_PE,D,20240308,000000,7.727,7.9,7.714,7.9,0,0
HUG_PE,D,20240311,000000,7.845,7.9,7.817,7.9,0,0
HUG_PE,D,20240312,000000,7.872,8,7.776,8,0,0
HUG_PE,D,20240313,000000,7.902,8,7.9,7.9,0,0
HUG_PE,D,20240314,000000,7.845,7.872,7.762,7.8,0,0
HUG_PE,D,20240315,000000,7.993,7.993,7.497,7.662,0,0
HUG_PE,D,20240318,000000,7.731,7.731,5.5,5.5,0,0
HUG_PE,D,20240319,000000,5.521,5.676,5.49,5.5,0,0
HUG_PE,D,20240320,000000,5.5,5.5,5.3,5.3,0,0
HUG_PE,D,20240321,000000,5.351,5.4,5.3,5.4,0,0
HUG_PE,D,20240322,000000,5.379,5.462,5.379,5.4,0,0
HUG_PE,D,20240325,000000,5.441,5.565,5.441,5.5,0,0
HUG_PE,D,20240326,000000,5.469,5.562,5.4,5.4,0,0
HUG_PE,D,20240327,000000,5.38,5.462,5.38,5.4,0,0
HUG_PE,D,20240328,000000,5.4,5.502,5.39,5.5,0,0
HUG_PE,D,20240402,000000,5.439,5.592,5.439,5.5,0,0
HUG_PE,D,20240403,000000,5.531,5.541,5.49,5.5,0,0
HUG_PE,D,20240404,000000,5.51,5.51,5.398,5.5,0,0
HUG_PE,D,20240405,000000,5.542,5.573,5.458,5.5,0,0
HUG_PE,D,20240408,000000,5.479,5.573,5.458,5.5,0,0
HUG_PE,D,20240409,000000,5.521,5.666,5.521,5.6,0,0
HUG_PE,D,20240410,000000,5.558,5.642,5.537,5.6,0,0
HUG_PE,D,20240411,000000,5.61,5.652,5.538,5.6,0,0
HUG_PE,D,20240412,000000,5.548,5.548,5.4,5.4,0,0
HUG_PE,D,20240415,000000,5.359,5.42,5.3,5.3,0,0
HUG_PE,D,20240416,000000,5.3,5.3,4.977,5,0,0
HUG_PE,D,20240417,000000,4.98,5.101,4.98,5,0,0
HUG_PE,D,20240418,000000,5,5.04,4.93,5,0,0
HUG_PE,D,20240419,000000,5,5,4.92,5,0,0
HUG_PE,D,20240422,000000,5.06,5.1,4.97,5.1,0,0
HUG_PE,D,20240423,000000,5.09,5.272,5.09,5.1,0,0
HUG_PE,D,20240424,000000,5.1,5.19,5.07,5.1,0,0
HUG_PE,D,20240425,000000,5.171,5.171,5.009,5.1,0,0
HUG_PE,D,20240426,000000,5.1,5.11,5,5,0,0
HUG_PE,D,20240429,000000,5,5.061,4.5,4.5,0,0
HUG_PE,D,20240430,000000,4.509,4.527,4.446,4.5,0,0
HUG_PE,D,20240502,000000,4.582,4.582,4.491,4.518,0,0
HUG_PE,D,20240506,000000,4.5,4.546,4.473,4.5,0,0
HUG_PE,D,20240507,000000,4.491,4.491,4.373,4.4,0,0
HUG_PE,D,20240508,000000,4.4,4.482,4.336,4.4,0,0
HUG_PE,D,20240509,000000,4.4,4.4,4.31,4.4,0,0
HUG_PE,D,20240510,000000,4.418,4.418,4.336,4.4,0,0
HUG_PE,D,20240513,000000,4.409,4.483,4.382,4.4,0,0
HUG_PE,D,20240514,000000,4.4,4.4,4.3,4.3,0,0
HUG_PE,D,20240515,000000,4.318,4.318,4.209,4.3,0,0
HUG_PE,D,20240516,000000,4.291,4.337,4.282,4.3,0,0
HUG_PE,D,20240517,000000,4.3,4.328,4.199,4.3,0,0
HUG_PE,D,20240520,000000,4.319,4.469,4.319,4.4,0,0
HUG_PE,D,20240521,000000,4.4,4.4,4.28,4.3,0,0
HUG_PE,D,20240522,000000,4.319,4.374,4.3,4.3,0,0
HUG_PE,D,20240523,000000,4.3,4.401,4.291,4.3,0,0
HUG_PE,D,20240524,000000,4.318,4.355,4.263,4.3,0,0
HUG_PE,D,20240527,000000,4.3,4.4,4.272,4.4,0,0
HUG_PE,D,20240528,000000,4.409,4.447,4.353,4.4,0,0
HUG_PE,D,20240529,000000,4.353,4.4,4.147,4.4,0,0
HUG_PE,D,20240531,000000,4.39,4.5,4.37,4.5,0,0
HUG_PE,D,20240603,000000,4.5,4.611,4.5,4.5,0,0
HUG_PE,D,20240604,000000,4.54,4.54,4.381,4.4,0,0
HUG_PE,D,20240605,000000,4.39,4.5,4.39,4.5,0,0
HUG_PE,D,20240606,000000,4.51,4.51,4.421,4.5,0,0
HUG_PE,D,20240607,000000,4.48,4.55,4.48,4.5,0,0
HUG_PE,D,20240610,000000,4.5,4.689,4.5,4.6,0,0
HUG_PE,D,20240611,000000,4.59,4.6,4.473,4.5,0,0
HUG_PE,D,20240612,000000,4.471,4.5,4.451,4.5,0,0
HUG_PE,D,20240613,000000,4.481,4.539,4.422,4.5,0,0
HUG_PE,D,20240614,000000,4.461,4.461,4.354,4.4,0,0
HUG_PE,D,20240617,000000,4.371,4.438,4.352,4.4,0,0
HUG_PE,D,20240618,000000,4.439,4.449,4.361,4.361,0,0
HUG_PE,D,20240619,000000,4.361,4.4,4.342,4.4,0,0
HUG_PE,D,20240620,000000,4.41,4.556,4.4,4.4,0,0
HUG_PE,D,20240621,000000,4.429,4.583,4.4,4.5,0,0
HUG_PE,D,20240624,000000,4.626,4.704,4.616,4.7,0,0
HUG_PE,D,20240625,000000,4.7,4.729,4.572,4.6,0,0
HUG_PE,D,20240626,000000,4.561,4.699,4.561,4.6,0,0
HUG_PE,D,20240627,000000,4.59,4.639,4.542,4.6,0,0
HUG_PE,D,20240628,000000,4.658,4.658,4.59,4.6,0,0
HUG_PE,D,20240701,000000,4.668,4.7,4.581,4.7,0,0
HUG_PE,D,20240702,000000,4.7,4.749,4.6,4.6,0,0
HUG_PE,D,20240703,000000,4.639,4.7,4.581,4.7,0,0
HUG_PE,D,20240704,000000,4.73,4.858,4.7,4.8,0,0
HUG_PE,D,20240705,000000,4.8,4.81,4.721,4.8,0,0
HUG_PE,D,20240708,000000,4.79,4.79,4.7,4.7,0,0
HUG_PE,D,20240709,000000,4.69,4.72,4.621,4.7,0,0
HUG_PE,D,20240710,000000,4.69,4.74,4.66,4.7,0,0
HUG_PE,D,20240711,000000,4.71,4.71,4.631,4.7,0,0
HUG_PE,D,20240712,000000,4.66,4.66,4.522,4.6,0,0
HUG_PE,D,20240715,000000,4.6,4.62,4.5,4.5,0,0
HUG_PE,D,20240716,000000,4.56,4.56,4.44,4.5,0,0
HUG_PE,D,20240717,000000,4.571,4.571,4.4,4.4,0,0
HUG_PE,D,20240718,000000,4.42,4.42,4.3,4.3,0,0
HUG_PE,D,20240719,000000,4.359,4.4,4.31,4.4,0,0
HUG_PE,D,20240722,000000,4.4,4.4,4.34,4.4,0,0
HUG_PE,D,20240723,000000,4.4,4.41,4.3,4.3,0,0
HUG_PE,D,20240724,000000,4.28,4.33,4.26,4.3,0,0
HUG_PE,D,20240725,000000,4.3,4.34,4.19,4.2,0,0
HUG_PE,D,20240726,000000,4.2,4.279,4.141,4.2,0,0
HUG_PE,D,20240729,000000,4.2,4.21,4.1,4.1,0,0
HUG_PE,D,20240730,000000,4.139,4.139,4.07,4.1,0,0
HUG_PE,D,20240731,000000,4.1,4.159,4.08,4.1,0,0
HUG_PE,D,20240801,000000,4.12,4.12,4,4,0,0
HUG_PE,D,20240802,000000,4.02,4.1,3.922,4.1,0,0
HUG_PE,D,20240805,000000,3.873,4.17,3.873,4.1,0,0
HUG_PE,D,20240806,000000,4.1,4.1,4.021,4.1,0,0
HUG_PE,D,20240807,000000,4.1,4.1,3.952,4,0,0
HUG_PE,D,20240808,000000,4,4,3.93,4,0,0
HUG_PE,D,20240809,000000,3.98,4,3.98,4,0,0
HUG_PE,D,20240812,000000,4,4,3.9,3.9,0,0
HUG_PE,D,20240813,000000,3.9,4,3.861,4,0,0
HUG_PE,D,20240814,000000,3.988,4,3.9,3.9,0,0
HUG_PE,D,20240816,000000,3.916,4.2,3.916,4.2,0,0
HUG_PE,D,20240819,000000,4.19,4.3,4.08,4.3,0,0
HUG_PE,D,20240820,000000,4.3,4.3,4.157,4.2,0,0
HUG_PE,D,20240821,000000,4.19,4.2,4.108,4.2,0,0
HUG_PE,D,20240822,000000,4.262,4.406,4.2,4.2,0,0
HUG_PE,D,20240823,000000,4.21,4.282,4.18,4.2,0,0
HUG_PE,D,20240826,000000,4.2,4.292,4.159,4.2,0,0
HUG_PE,D,20240827,000000,4.18,4.241,4.159,4.2,0,0
HUG_PE,D,20240828,000000,4.2,4.241,4.2,4.2,0,0
HUG_PE,D,20240829,000000,4.18,4.231,4.18,4.2,0,0
HUG_PE,D,20240830,000000,4.231,4.333,4.19,4.3,0,0
HUG_PE,D,20240902,000000,4.372,4.413,4.28,4.3,0,0
HUG_PE,D,20240903,000000,4.29,4.3,4.198,4.2,0,0
HUG_PE,D,20240904,000000,4.251,4.261,4.2,4.2,0,0
HUG_PE,D,20240905,000000,4.2,4.23,4.159,4.2,0,0
HUG_PE,D,20240906,000000,4.231,4.4,4.025,4.4,0,0
HUG_PE,D,20240909,000000,4.4,4.467,4.3,4.3,0,0
HUG_PE,D,20240910,000000,4.3,4.318,4.255,4.3,0,0
HUG_PE,D,20240911,000000,4.26,4.3,4.1,4.1,0,0
HUG_PE,D,20240912,000000,4.012,4.249,4.012,4.2,0,0
HUG_PE,D,20240913,000000,4.2,4.3,4.169,4.3,0,0
HUG_PE,D,20240916,000000,4.278,4.278,4.188,4.2,0,0
HUG_PE,D,20240917,000000,4.187,4.218,4.137,4.2,0,0
HUG_PE,D,20240918,000000,4.146,4.2,4.111,4.2,0,0
HUG_PE,D,20240919,000000,4.214,4.254,4.182,4.2,0,0
HUG_PE,D,20240920,000000,4.223,4.223,4.15,4.2,0,0
HUG_PE,D,20240923,000000,4.223,4.264,4.2,4.2,0,0
HUG_PE,D,20240924,000000,4.2,4.286,4.1,4.1,0,0
HUG_PE,D,20240925,000000,4.145,4.145,3.984,4,0,0
HUG_PE,D,20240926,000000,4.04,4.1,4,4.1,0,0
HUG_PE,D,20240927,000000,4.104,4.104,4.055,4.1,0,0
HUG_PE,D,20240930,000000,4.1,4.105,4.082,4.1,0,0
HUG_PE,D,20241001,000000,4.114,4.123,4,4,0,0
HUG_PE,D,20241002,000000,4,4.022,3.9,3.9,0,0
HUG_PE,D,20241003,000000,3.891,3.9,3.794,3.8,0,0
HUG_PE,D,20241004,000000,3.8,3.822,3.778,3.8,0,0
HUG_PE,D,20241007,000000,3.791,3.835,3.743,3.8,0,0
HUG_PE,D,20241008,000000,3.8,3.8,3.661,3.7,0,0
HUG_PE,D,20241009,000000,3.704,3.805,3.678,3.8,0,0
HUG_PE,D,20241010,000000,3.8,3.9,3.673,3.9,0,0
HUG_PE,D,20241011,000000,3.909,3.909,3.785,3.8,0,0
HUG_PE,D,20241014,000000,3.822,3.822,3.7,3.7,0,0
HUG_PE,D,20241015,000000,3.682,3.7,3.674,3.7,0,0
HUG_PE,D,20241016,000000,3.717,3.717,3.6,3.6,0,0
HUG_PE,D,20241017,000000,3.617,3.647,3.6,3.6,0,0
HUG_PE,D,20241018,000000,3.6,3.7,3.596,3.7,0,0
HUG_PE,D,20241021,000000,3.7,3.704,3.6,3.6,0,0
HUG_PE,D,20241022,000000,3.6,3.617,3.596,3.6,0,0
HUG_PE,D,20241023,000000,3.6,3.673,3.6,3.6,0,0
HUG_PE,D,20241024,000000,3.655,3.66,3.557,3.6,0,0
HUG_PE,D,20241025,000000,3.6,3.695,3.583,3.6,0,0
HUG_PE,D,20241028,000000,3.6,3.6,3.536,3.6,0,0
HUG_PE,D,20241029,000000,3.639,3.639,3.5,3.5,0,0
HUG_PE,D,20241030,000000,3.5,3.6,3.5,3.6,0,0
HUG_PE,D,20241031,000000,3.583,3.626,3.5,3.5,0,0
HUG_PE,D,20241104,000000,3.5,3.569,3.453,3.5,0,0
HUG_PE,D,20241105,000000,3.556,3.556,3.4,3.4,0,0
HUG_PE,D,20241106,000000,3.4,3.421,3.387,3.4,0,0
HUG_PE,D,20241107,000000,3.404,3.421,3.374,3.4,0,0
HUG_PE,D,20241108,000000,3.409,3.602,3.387,3.6,0,0
HUG_PE,D,20241112,000000,3.587,3.6,3.5,3.5,0,0
HUG_PE,D,20241113,000000,3.504,3.678,3.479,3.6,0,0
HUG_PE,D,20241114,000000,3.629,3.629,3.47,3.6,0,0
HUG_PE,D,20241115,000000,3.621,3.621,3.5,3.5,0,0
HUG_PE,D,20241118,000000,3.496,3.5,3.437,3.5,0,0
HUG_PE,D,20241119,000000,3.449,3.487,3.364,3.4,0,0
HUG_PE,D,20241120,000000,3.37,3.4,3.3,3.3,0,0
HUG_PE,D,20241121,000000,3.267,3.4,3.267,3.4,0,0
HUG_PE,D,20241122,000000,3.507,3.61,3.495,3.6,0,0
HUG_PE,D,20241125,000000,3.567,3.7,3.447,3.7,0,0
HUG_PE,D,20241126,000000,3.731,3.815,3.7,3.7,0,0
HUG_PE,D,20241127,000000,3.744,3.744,3.551,3.6,0,0
HUG_PE,D,20241128,000000,3.574,3.613,3.552,3.6,0,0
HUG_PE,D,20241129,000000,3.604,3.7,3.587,3.7,0,0
HUG_PE,D,20241202,000000,3.695,3.763,3.669,3.7,0,0
HUG_PE,D,20241203,000000,3.722,3.828,3.722,3.8,0,0
HUG_PE,D,20241204,000000,3.831,3.9,3.791,3.9,0,0
HUG_PE,D,20241205,000000,3.904,4.217,3.904,4.2,0,0
HUG_PE,D,20241206,000000,4.218,4.218,4.061,4.1,0,0
HUG_PE,D,20241209,000000,4.113,4.113,4.029,4.1,0,0
HUG_PE,D,20241210,000000,4.091,4.136,4.005,4.1,0,0
HUG_PE,D,20241211,000000,4.1,4.1,4.011,4.1,0,0
HUG_PE,D,20241212,000000,4.068,4.077,3.848,4,0,0
HUG_PE,D,20241213,000000,4,4.1,3.96,4.1,0,0
HUG_PE,D,20241216,000000,4.113,4.113,3.9,3.9,0,0
HUG_PE,D,20241217,000000,3.882,3.896,3.772,3.8,0,0
HUG_PE,D,20241218,000000,3.84,3.862,3.778,3.8,0,0
HUG_PE,D,20241219,000000,3.76,3.826,3.756,3.8,0,0
HUG_PE,D,20241220,000000,3.782,3.809,3.6,3.6,0,0
HUG_PE,D,20241223,000000,3.6,3.6,3.5,3.6,0,0
HUG_PE,D,20241227,000000,3.6,3.676,3.6,3.6,0,0
HUG_PE,D,20241230,000000,3.609,3.815,3.552,3.8,0,0
HUG_PE,D,20250102,000000,3.752,3.972,3.752,3.9,0,0
HUG_PE,D,20250103,000000,3.9,4,3.9,4,0,0
HUG_PE,D,20250107,000000,3.956,4.013,3.912,4,0,0
HUG_PE,D,20250108,000000,4,4.022,3.9,3.9,0,0
HUG_PE,D,20250109,000000,3.878,4.242,3.878,4.2,0,0
HUG_PE,D,20250110,000000,4.2,4.2,4.126,4.2,0,0
HUG_PE,D,20250113,000000,4.2,4.2,4.074,4.1,0,0
HUG_PE,D,20250114,000000,4.061,4.147,3.979,4.1,0,0
HUG_PE,D,20250115,000000,4.1,4.139,4.052,4.1,0,0
HUG_PE,D,20250116,000000,4.069,4.215,4.069,4.1,0,0
HUG_PE,D,20250117,000000,4.109,4.2,3.996,4.2,0,0
HUG_PE,D,20250120,000000,4.2,4.248,4.116,4.2,0,0
HUG_PE,D,20250121,000000,4.2,4.3,4.2,4.3,0,0
HUG_PE,D,20250122,000000,4.3,4.335,4.154,4.2,0,0
HUG_PE,D,20250123,000000,4.204,4.204,4.072,4.1,0,0
HUG_PE,D,20250124,000000,4.073,4.158,4.064,4.1,0,0
HUG_PE,D,20250127,000000,4.069,4.3,4.069,4.3,0,0
HUG_PE,D,20250128,000000,4.3,4.3,4.2,4.2,0,0
HUG_PE,D,20250129,000000,4.2,4.254,4.182,4.2,0,0
HUG_PE,D,20250130,000000,4.16,4.2,4.063,4.2,0,0
HUG_PE,D,20250131,000000,4.2,4.2,4,4,0,0
HUG_PE,D,20250203,000000,3.996,4.013,3.969,4,0,0
HUG_PE,D,20250204,000000,3.974,4,3.947,4,0,0
HUG_PE,D,20250205,000000,4,4,3.934,4,0,0
HUG_PE,D,20250206,000000,3.987,4.09,3.987,4,0,0
HUG_PE,D,20250207,000000,4.013,4.053,3.982,4,0,0
HUG_PE,D,20250210,000000,4,4.076,4,4,0,0
HUG_PE,D,20250211,000000,3.987,4.1,3.987,4.1,0,0
HUG_PE,D,20250212,000000,4.086,4.104,4.015,4.1,0,0
HUG_PE,D,20250213,000000,4.118,4.118,4.068,4.1,0,0
HUG_PE,D,20250214,000000,4.1,4.141,4.045,4.1,0,0
HUG_PE,D,20250217,000000,4.1,4.146,4.064,4.1,0,0
HUG_PE,D,20250218,000000,4.1,4.187,4.1,4.1,0,0
HUG_PE,D,20250219,000000,4.096,4.1,4.023,4.1,0,0
HUG_PE,D,20250220,000000,4.155,4.169,4.095,4.1,0,0
HUG_PE,D,20250221,000000,4.068,4.1,4.041,4.1,0,0
HUG_PE,D,20250224,000000,4.073,4.1,4.041,4.1,0,0
HUG_PE,D,20250225,000000,4.091,4.123,4.054,4.1,0,0
HUG_PE,D,20250226,000000,4.1,4.132,4.091,4.1,0,0
HUG_PE,D,20250227,000000,4.086,4.086,3.94,4,0,0
HUG_PE,D,20250228,000000,3.995,4.037,3.9,3.9,0,0
HUG_PE,D,20250303,000000,3.977,4.158,3.918,4.1,0,0
HUG_PE,D,20250304,000000,4.096,4.096,3.948,4,0,0
HUG_PE,D,20250305,000000,4.018,4.2,4.018,4.2,0,0
HUG_PE,D,20250306,000000,4.158,4.36,4.153,4.3,0,0
HUG_PE,D,20250307,000000,4.319,4.319,4.23,4.3,0,0
HUG_PE,D,20250310,000000,4.347,4.446,4.3,4.3,0,0
HUG_PE,D,20250311,000000,4.346,4.402,4.323,4.4,0,0
HUG_PE,D,20250312,000000,4.466,4.48,4.4,4.4,0,0
HUG_PE,D,20250313,000000,4.405,4.405,4.3,4.3,0,0
HUG_PE,D,20250314,000000,4.309,4.4,4.305,4.4,0,0
HUG_PE,D,20250317,000000,4.4,4.433,4.24,4.3,0,0
HUG_PE,D,20250318,000000,4.324,4.438,4.3,4.3,0,0
HUG_PE,D,20250319,000000,4.309,4.514,4.305,4.4,0,0
HUG_PE,D,20250320,000000,4.419,4.419,4.236,4.3,0,0
HUG_PE,D,20250321,000000,4.357,4.442,4.229,4.4,0,0
HUG_PE,D,20250324,000000,4.4,4.4,4.334,4.4,0,0
HUG_PE,D,20250325,000000,4.4,4.461,4.4,4.4,0,0
HUG_PE,D,20250326,000000,4.353,4.414,4.353,4.4,0,0
HUG_PE,D,20250327,000000,4.339,4.414,4.339,4.4,0,0
HUG_PE,D,20250328,000000,4.386,4.4,4.339,4.4,0,0
HUG_PE,D,20250331,000000,4.395,4.5,4.358,4.5,0,0
HUG_PE,D,20250401,000000,4.472,4.8,4.472,4.8,0,0
HUG_PE,D,20250402,000000,4.8,4.812,4.729,4.8,0,0
HUG_PE,D,20250403,000000,4.706,4.753,4.635,4.668,0,0
HUG_PE,D,20250404,000000,4.588,4.765,4.5,4.5,0,0
HUG_PE,D,20250407,000000,4.242,4.491,4.223,4.491,0,0
HUG_PE,D,20250408,000000,4.416,4.523,4.4,4.4,0,0
HUG_PE,D,20250409,000000,4.331,4.6,4.272,4.6,0,0
HUG_PE,D,20250410,000000,4.729,4.741,4.661,4.675,0,0
HUG_PE,D,20250411,000000,4.623,4.8,4.6,4.8,0,0
HUG_PE,D,20250414,000000,4.805,4.9,4.805,4.9,0,0
HUG_PE,D,20250415,000000,4.9,4.984,4.852,4.9,0,0
HUG_PE,D,20250416,000000,4.852,4.9,4.852,4.9,0,0
HUG_PE,D,20250417,000000,4.634,4.634,4.538,4.6,0,0
HUG_PE,D,20250422,000000,4.6,4.629,4.561,4.6,0,0
HUG_PE,D,20250423,000000,4.669,4.698,4.59,4.6,0,0
HUG_PE,D,20250424,000000,4.624,4.624,4.541,4.6,0,0
HUG_PE,D,20250425,000000,4.6,4.61,4.507,4.6,0,0
HUG_PE,D,20250428,000000,4.536,4.61,4.5,4.5,0,0
HUG_PE,D,20250429,000000,4.495,4.549,4.495,4.5,0,0
HUG_PE,D,20250430,000000,4.524,4.524,4.451,4.5,0,0
HUG_PE,D,20250502,000000,4.524,4.622,4.461,4.6,0,0
HUG_PE,D,20250505,000000,4.6,4.678,4.576,4.6,0,0
HUG_PE,D,20250506,000000,4.576,4.59,4.407,4.5,0,0
HUG_PE,D,20250507,000000,4.5,4.5,4.437,4.5,0,0
HUG_PE,D,20250508,000000,4.495,4.525,4.4,4.4,0,0
HUG_PE,D,20250509,000000,4.463,4.5,4.419,4.5,0,0
HUG_PE,D,20250512,000000,4.515,4.617,4.5,4.5,0,0
HUG_PE,D,20250513,000000,4.519,4.562,4.5,4.5,0,0
HUG_PE,D,20250514,000000,4.481,4.481,4.352,4.4,0,0
HUG_PE,D,20250515,000000,4.41,4.458,4.386,4.4,0,0
HUG_PE,D,20250516,000000,4.419,4.5,4.381,4.5,0,0
HUG_PE,D,20250519,000000,4.554,4.598,4.5,4.5,0,0
HUG_PE,D,20250520,000000,4.5,4.5,4.438,4.5,0,0
HUG_PE,D,20250521,000000,4.5,4.5,4.442,4.442,0,0
HUG_PE,D,20250522,000000,4.481,4.6,4.442,4.6,0,0
HUG_PE,D,20250523,000000,4.502,4.536,4.453,4.5,0,0
HUG_PE,D,20250526,000000,4.495,4.544,4.446,4.5,0,0
HUG_PE,D,20250527,000000,4.5,4.5,4.4,4.4,0,0
HUG_PE,D,20250528,000000,4.497,4.609,4.2,4.2,0,0
HUG_PE,D,20250529,000000,4.219,4.251,4.186,4.2,0,0
HUG_PE,D,20250530,000000,4.228,4.228,4.1,4.1,0,0
HUG_PE,D,20250602,000000,4.095,4.3,4.077,4.3,0,0
HUG_PE,D,20250603,000000,4.291,4.319,4.244,4.3,0,0
HUG_PE,D,20250604,000000,4.24,4.4,4.24,4.4,0,0
HUG_PE,D,20250605,000000,4.391,4.391,4.297,4.3,0,0
HUG_PE,D,20250606,000000,4.323,4.332,4.268,4.3,0,0
HUG_PE,D,20250609,000000,4.3,4.319,4.244,4.3,0,0
HUG_PE,D,20250610,000000,4.371,4.423,4.324,4.4,0,0
HUG_PE,D,20250611,000000,4.4,4.443,4.376,4.4,0,0
HUG_PE,D,20250612,000000,4.386,4.462,4.386,4.4,0,0
HUG_PE,D,20250613,000000,4.339,4.5,4.334,4.5,0,0
HUG_PE,D,20250616,000000,4.438,4.505,4.3,4.3,0,0
HUG_PE,D,20250617,000000,4.3,4.319,4.281,4.3,0,0
HUG_PE,D,20250618,000000,4.3,4.314,4.291,4.3,0,0
HUG_PE,D,20250620,000000,4.3,4.309,4.2,4.2,0,0
HUG_PE,D,20250623,000000,4.2,4.2,4.177,4.2,0,0
HUG_PE,D,20250624,000000,4.205,4.3,4.181,4.3,0,0
HUG_PE,D,20250625,000000,4.3,4.348,4.295,4.3,0,0
HUG_PE,D,20250626,000000,4.3,4.348,4.3,4.3,0,0
HUG_PE,D,20250627,000000,4.305,4.372,4.29,4.3,0,0
HUG_PE,D,20250630,000000,4.3,4.4,4.29,4.4,0,0
HUG_PE,D,20250701,000000,4.4,4.41,4.351,4.4,0,0
HUG_PE,D,20250702,000000,4.415,4.473,4.4,4.4,0,0
HUG_PE,D,20250703,000000,4.4,4.5,4.371,4.5,0,0
HUG_PE,D,20250704,000000,4.446,4.691,4.446,4.6,0,0
HUG_PE,D,20250707,000000,4.562,4.72,4.562,4.7,0,0
HUG_PE,D,20250708,000000,4.695,4.695,4.538,4.6,0,0
HUG_PE,D,20250709,000000,4.605,4.653,4.537,4.6,0,0
HUG_PE,D,20250710,000000,4.6,4.6,4.547,4.6,0,0
HUG_PE,D,20250711,000000,4.585,4.6,4.571,4.6,0,0
HUG_PE,D,20250714,000000,4.615,4.615,4.537,4.6,0,0
HUG_PE,D,20250715,000000,4.586,4.624,4.508,4.6,0,0
HUG_PE,D,20250716,000000,4.615,4.735,4.586,4.7,0,0
HUG_PE,D,20250717,000000,4.676,4.695,4.6,4.6,0,0
HUG_PE,D,20250718,000000,4.648,4.653,4.6,4.6,0,0
HUG_PE,D,20250721,000000,4.605,4.629,4.571,4.6,0,0
HUG_PE,D,20250722,000000,4.557,4.619,4.548,4.6,0,0
HUG_PE,D,20250723,000000,4.6,4.6,4.567,4.6,0,0
HUG_PE,D,20250724,000000,4.595,4.7,4.571,4.7,0,0
HUG_PE,D,20250725,000000,4.719,4.719,4.6,4.6,0,0
HUG_PE,D,20250728,000000,4.6,4.629,4.586,4.6,0,0
HUG_PE,D,20250729,000000,4.557,4.614,4.519,4.6,0,0
HUG_PE,D,20250730,000000,4.605,4.605,4.5,4.5,0,0
HUG_PE,D,20250731,000000,4.491,4.571,4.477,4.5,0,0
HUG_PE,D,20250801,000000,4.5,4.523,4.449,4.5,0,0
HUG_PE,D,20250804,000000,4.495,4.5,4.477,4.5,0,0
HUG_PE,D,20250805,000000,4.519,4.557,4.5,4.5,0,0
HUG_PE,D,20250806,000000,4.509,4.6,4.448,4.6,0,0
HUG_PE,D,20250807,000000,4.605,4.605,4.562,4.6,0,0
HUG_PE,D,20250808,000000,4.6,4.61,4.576,4.6,0,0
HUG_PE,D,20250811,000000,4.6,4.629,4.59,4.6,0,0
HUG_PE,D,20250812,000000,4.605,4.605,4.576,4.6,0,0
HUG_PE,D,20250813,000000,4.605,4.605,4.552,4.6,0,0
HUG_PE,D,20250814,000000,4.6,4.734,4.552,4.7,0,0
HUG_PE,D,20250818,000000,4.7,4.714,4.628,4.7,0,0
HUG_PE,D,20250819,000000,4.69,5,4.652,5,0,0
HUG_PE,D,20250820,000000,4.939,4.976,4.879,4.9,0,0
HUG_PE,D,20250821,000000,4.924,4.96,4.876,4.9,0,0
HUG_PE,D,20250822,000000,4.9,4.9,4.817,4.9,0,0
HUG_PE,D,20250825,000000,4.924,4.924,4.841,4.9,0,0
HUG_PE,D,20250826,000000,4.924,5,4.864,5,0,0
HUG_PE,D,20250827,000000,5.012,5.012,4.928,5,0,0
HUG_PE,D,20250828,000000,4.988,4.988,4.9,4.9,0,0
HUG_PE,D,20250829,000000,4.924,4.948,4.876,4.9,0,0
HUG_PE,D,20250901,000000,4.9,5,4.853,5,0,0
HUG_PE,D,20250902,000000,4.916,4.976,4.9,4.9,0,0
HUG_PE,D,20250903,000000,4.9,5,4.876,5,0,0
HUG_PE,D,20250904,000000,4.988,5,4.9,4.9,0,0
HUG_PE,D,20250905,000000,4.9,4.936,4.828,4.9,0,0
HUG_PE,D,20250908,000000,4.864,4.985,4.864,4.9,0,0
HUG_PE,D,20250909,000000,4.924,5,4.876,5,0,0
HUG_PE,D,20250910,000000,5.024,5.024,4.891,4.9,0,0
HUG_PE,D,20250911,000000,4.912,5.2,4.912,5.2,0,0
HUG_PE,D,20250912,000000,5.2,5.212,5.14,5.2,0,0
HUG_PE,D,20250915,000000,5.2,5.26,5.127,5.2,0,0
HUG_PE,D,20250916,000000,5.188,5.31,5.151,5.3,0,0
HUG_PE,D,20250917,000000,5.3,5.336,5.227,5.3,0,0
HUG_PE,D,20250918,000000,5.336,5.409,5.288,5.3,0,0
HUG_PE,D,20250919,000000,5.746,5.746,5.4,5.4,0,0
HUG_PE,D,20250922,000000,5.447,5.447,5.307,5.4,0,0
HUG_PE,D,20250923,000000,5.353,5.435,5.33,5.4,0,0
HUG_PE,D,20250924,000000,5.4,5.4,5.353,5.4,0,0
HUG_PE,D,20250925,000000,5.4,5.5,5.365,5.5,0,0
HUG_PE,D,20250926,000000,5.5,5.5,5.4,5.4,0,0
HUG_PE,D,20250929,000000,5.4,5.412,5.354,5.4,0,0
HUG_PE,D,20250930,000000,5.4,5.5,5.33,5.5,0,0
HUG_PE,D,20251001,000000,5.488,5.488,5.4,5.4,0,0
HUG_PE,D,20251002,000000,5.377,5.4,5.33,5.4,0,0
HUG_PE,D,20251003,000000,5.365,5.5,5.353,5.5,0,0
HUG_PE,D,20251006,000000,5.5,5.5,5.4,5.4,0,0
HUG_PE,D,20251007,000000,5.388,5.4,5.365,5.4,0,0
HUG_PE,D,20251008,000000,5.4,5.435,5.377,5.4,0,0
HUG_PE,D,20251009,000000,5.342,5.388,5.3,5.3,0,0
HUG_PE,D,20251010,000000,5.3,5.311,5.266,5.3,0,0
HUG_PE,D,20251013,000000,5.289,5.323,5.231,5.3,0,0
HUG_PE,D,20251014,000000,5.3,5.311,5.254,5.3,0,0
HUG_PE,D,20251015,000000,5.3,5.346,5.288,5.3,0,0
HUG_PE,D,20251016,000000,5.265,5.3,5.242,5.3,0,0
HUG_PE,D,20251017,000000,5.253,5.277,5.184,5.2,0,0
HUG_PE,D,20251020,000000,5.188,5.608,5.188,5.5,0,0
HUG_PE,D,20251021,000000,5.5,5.558,5.4,5.4,0,0
HUG_PE,D,20251022,000000,5.389,5.412,5.308,5.4,0,0
HUG_PE,D,20251023,000000,5.412,5.435,4,4,0,0
HUG_PE,D,20251024,000000,4.026,4.2,4.026,4.2,0,0
HUG_PE,D,20251027,000000,4.226,4.269,4.1,4.1,0,0
HUG_PE,D,20251028,000000,4.134,4.2,4.091,4.2,0,0
HUG_PE,D,20251029,000000,4.2,4.252,4.1,4.1,0,0
HUG_PE,D,20251030,000000,4.161,4.2,4.117,4.2,0,0
HUG_PE,D,20251031,000000,4.2,4.226,4.174,4.226,0,0
HUG_PE,D,20251103,000000,4.2,4.226,4.1,4.1,0,0
HUG_PE,D,20251104,000000,4.049,4.1,4.024,4.1,0,0
HUG_PE,D,20251105,000000,4.1,4.1,4.066,4.1,0,0
HUG_PE,D,20251106,000000,4.1,4.117,4.066,4.1,0,0
HUG_PE,D,20251107,000000,4.074,4.074,3.997,4,0,0
HUG_PE,D,20251110,000000,3.949,4.1,3.949,4.1,0,0
HUG_PE,D,20251112,000000,4.1,4.126,4.083,4.1,0,0
HUG_PE,D,20251113,000000,4.083,4.1,4.014,4.1,0,0
HUG_PE,D,20251114,000000,4.083,4.126,4.056,4.1,0,0
HUG_PE,D,20251117,000000,4.022,4.117,3.996,4,0,0
HUG_PE,D,20251118,000000,4.009,4.026,3.783,4,0,0
HUG_PE,D,20251119,000000,4.026,4.026,4,4,0,0
HUG_PE,D,20251120,000000,4.009,4.043,3.983,4,0,0
HUG_PE,D,20251121,000000,3.854,3.914,3.828,3.9,0,0
HUG_PE,D,20251124,000000,3.848,3.943,3.848,3.9,0,0
HUG_PE,D,20251125,000000,3.832,4,3.832,4,0,0
HUG_PE,D,20251126,000000,3.81,4.2,3.81,4.2,0,0
HUG_PE,D,20251127,000000,4.252,4.41,4.2,4.3,0,0
HUG_PE,D,20251128,000000,4.231,4.5,4.162,4.5,0,0
HUG_PE,D,20251201,000000,4.5,4.5,4.308,4.4,0,0
HUG_PE,D,20251202,000000,4.356,4.365,4.2,4.2,0,0
HUG_PE,D,20251203,000000,4.2,4.279,4.2,4.2,0,0
HUG_PE,D,20251204,000000,4.209,4.235,4.174,4.2,0,0
HUG_PE,D,20251205,000000,4.261,4.3,4.183,4.3,0,0
HUG_PE,D,20251208,000000,4.536,4.536,4.195,4.2,0,0
HUG_PE,D,20251209,000000,4.366,4.366,4.235,4.3,0,0
HUG_PE,D,20251210,000000,4.352,4.4,4.265,4.4,0,0
HUG_PE,D,20251211,000000,4.312,4.312,4.2,4.2,0,0
HUG_PE,D,20251212,000000,4.226,4.3,4.174,4.3,0,0
HUG_PE,D,20251215,000000,4.327,4.398,4.3,4.3,0,0
HUG_PE,D,20251216,000000,4.274,4.274,4.2,4.2,0,0
HUG_PE,D,20251217,000000,4.191,4.217,4.191,4.2,0,0
HUG_PE,D,20251218,000000,4.2,4.217,4.2,4.2,0,0
HUG_PE,D,20251219,000000,4.2,4.226,4.2,4.2,0,0
HUG_PE,D,20251222,000000,4.2,4.209,4.139,4.2,0,0
HUG_PE,D,20251223,000000,4.226,4.262,4.218,4.218,0,0
HUG_PE,D,20251229,000000,4.218,4.306,4.156,4.2,0,0
HUG_PE,D,20251230,000000,4.217,4.261,4.165,4.2,0,0
HUG_PE,D,20260102,000000,4.2,4.323,4.2,4.3,0,0
HUG_PE,D,20260105,000000,4.3,4.309,4.108,4.2,0,0
HUG_PE,D,20260107,000000,4.209,4.316,4.209,4.3,0,0
HUG_PE,D,20260108,000000,4.282,4.327,4.2,4.2,0,0
HUG_PE,D,20260109,000000,4.261,4.261,4.165,4.2,0,0
HUG_PE,D,20260112,000000,4.174,4.226,4.122,4.2,0,0
HUG_PE,D,20260113,000000,4.174,4.2,4.139,4.2,0,0
HUG_PE,D,20260114,000000,4.2,4.244,4.174,4.2,0,0
HUG_PE,D,20260115,000000,4.2,4.244,4.2,4.2,0,0
HUG_PE,D,20260116,000000,4.2,4.226,4.1,4.1,0,0
HUG_PE,D,20260119,000000,4.083,4.2,4.083,4.2,0,0
HUG_PE,D,20260120,000000,4.2,4.2,4.156,4.2,0,0
HUG_PE,D,20260121,000000,4.218,4.218,4.182,4.2,0,0
HUG_PE,D,20260122,000000,4.2,4.271,4.2,4.2,0,0
HUG_PE,D,20260123,000000,4.2,4.3,4.183,4.3,0,0
