<TICKER>,<PER>,<DATE>,<TIME>,<OPEN>,<HIGH>,<LOW>,<CLOSE>,<VOL>,<OPENINT>
ICE_PE,D,20250328,000000,1.7,1.7,1.7,1.7,0,0
ICE_PE,D,20250331,000000,1.682,1.7,1.602,1.7,0,0
ICE_PE,D,20250401,000000,1.667,1.7,1.6,1.6,0,0
ICE_PE,D,20250402,000000,1.6,1.61,1.58,1.6,0,0
ICE_PE,D,20250403,000000,1.614,1.642,1.566,1.566,0,0
ICE_PE,D,20250404,000000,1.566,1.665,1.527,1.6,0,0
ICE_PE,D,20250407,000000,1.576,1.59,1.481,1.59,0,0
ICE_PE,D,20250408,000000,1.59,1.7,1.59,1.7,0,0
ICE_PE,D,20250409,000000,1.665,1.667,1.6,1.6,0,0
ICE_PE,D,20250410,000000,1.667,1.667,1.612,1.63,0,0
ICE_PE,D,20250411,000000,1.624,1.651,1.6,1.6,0,0
ICE_PE,D,20250414,000000,1.628,1.628,1.556,1.6,0,0
ICE_PE,D,20250415,000000,1.596,1.616,1.558,1.6,0,0
ICE_PE,D,20250416,000000,1.6,1.6,1.596,1.6,0,0
ICE_PE,D,20250417,000000,1.568,1.616,1.564,1.6,0,0
ICE_PE,D,20250422,000000,1.59,1.6,1.558,1.6,0,0
ICE_PE,D,20250423,000000,1.56,1.6,1.56,1.6,0,0
ICE_PE,D,20250424,000000,1.643,1.643,1.569,1.6,0,0
ICE_PE,D,20250425,000000,1.6,1.626,1.582,1.6,0,0
ICE_PE,D,20250428,000000,1.618,1.618,1.572,1.6,0,0
ICE_PE,D,20250429,000000,1.61,1.641,1.6,1.6,0,0
ICE_PE,D,20250430,000000,1.6,1.6,1.58,1.6,0,0
ICE_PE,D,20250502,000000,1.574,1.604,1.574,1.6,0,0
ICE_PE,D,20250505,000000,1.598,1.598,1.491,1.5,0,0
ICE_PE,D,20250506,000000,1.514,1.6,1.47,1.6,0,0
ICE_PE,D,20250507,000000,1.594,1.661,1.577,1.6,0,0
ICE_PE,D,20250508,000000,1.578,1.616,1.527,1.6,0,0
ICE_PE,D,20250509,000000,1.596,1.68,1.549,1.6,0,0
ICE_PE,D,20250512,000000,1.6,1.612,1.573,1.6,0,0
ICE_PE,D,20250513,000000,1.6,1.617,1.579,1.6,0,0
ICE_PE,D,20250514,000000,1.596,1.629,1.5,1.5,0,0
ICE_PE,D,20250515,000000,1.534,1.6,1.492,1.6,0,0
ICE_PE,D,20250516,000000,1.602,1.602,1.5,1.5,0,0
ICE_PE,D,20250519,000000,1.49,1.6,1.474,1.6,0,0
ICE_PE,D,20250520,000000,1.61,1.61,1.5,1.5,0,0
ICE_PE,D,20250521,000000,1.5,1.508,1.484,1.498,0,0
ICE_PE,D,20250522,000000,1.49,1.5,1.46,1.5,0,0
ICE_PE,D,20250523,000000,1.512,1.512,1.494,1.5,0,0
ICE_PE,D,20250526,000000,1.514,1.529,1.484,1.5,0,0
ICE_PE,D,20250527,000000,1.482,1.5,1.449,1.5,0,0
ICE_PE,D,20250528,000000,1.498,1.512,1.471,1.5,0,0
ICE_PE,D,20250529,000000,1.502,1.523,1.4,1.4,0,0
ICE_PE,D,20250530,000000,1.404,1.404,1.36,1.4,0,0
ICE_PE,D,20250602,000000,1.384,1.412,1.354,1.4,0,0
ICE_PE,D,20250603,000000,1.4,1.437,1.4,1.4,0,0
ICE_PE,D,20250604,000000,1.4,1.404,1.376,1.4,0,0
ICE_PE,D,20250605,000000,1.42,1.5,1.372,1.5,0,0
ICE_PE,D,20250606,000000,1.481,1.619,1.473,1.5,0,0
ICE_PE,D,20250609,000000,1.5,1.5,1.443,1.5,0,0
ICE_PE,D,20250610,000000,1.5,1.502,1.43,1.5,0,0
ICE_PE,D,20250611,000000,1.444,1.516,1.408,1.5,0,0
ICE_PE,D,20250612,000000,1.496,1.5,1.44,1.5,0,0
ICE_PE,D,20250613,000000,1.462,1.6,1.462,1.6,0,0
ICE_PE,D,20250616,000000,1.567,1.602,1.561,1.6,0,0
ICE_PE,D,20250617,000000,1.594,1.6,1.558,1.6,0,0
ICE_PE,D,20250618,000000,1.596,1.6,1.579,1.6,0,0
ICE_PE,D,20250620,000000,1.59,1.617,1.575,1.6,0,0
ICE_PE,D,20250623,000000,1.6,1.602,1.558,1.6,0,0
ICE_PE,D,20250624,000000,1.613,1.705,1.6,1.6,0,0
ICE_PE,D,20250625,000000,1.6,1.62,1.58,1.6,0,0
ICE_PE,D,20250626,000000,1.594,1.616,1.584,1.6,0,0
ICE_PE,D,20250627,000000,1.622,1.632,1.52,1.6,0,0
ICE_PE,D,20250630,000000,1.626,1.626,1.576,1.6,0,0
ICE_PE,D,20250701,000000,1.606,1.606,1.586,1.6,0,0
ICE_PE,D,20250702,000000,1.606,1.606,1.535,1.6,0,0
ICE_PE,D,20250703,000000,1.584,1.633,1.549,1.6,0,0
ICE_PE,D,20250704,000000,1.6,1.61,1.562,1.6,0,0
ICE_PE,D,20250707,000000,1.606,1.606,1.539,1.6,0,0
ICE_PE,D,20250708,000000,1.579,1.6,1.571,1.6,0,0
ICE_PE,D,20250709,000000,1.585,1.648,1.581,1.6,0,0
ICE_PE,D,20250710,000000,1.612,1.612,1.555,1.6,0,0
ICE_PE,D,20250711,000000,1.6,1.6,1.584,1.6,0,0
ICE_PE,D,20250714,000000,1.606,1.628,1.584,1.6,0,0
ICE_PE,D,20250715,000000,1.586,1.604,1.564,1.6,0,0
ICE_PE,D,20250716,000000,1.582,1.61,1.57,1.6,0,0
ICE_PE,D,20250717,000000,1.6,1.6,1.55,1.6,0,0
ICE_PE,D,20250718,000000,1.586,1.62,1.586,1.6,0,0
ICE_PE,D,20250721,000000,1.6,1.6,1.57,1.6,0,0
ICE_PE,D,20250722,000000,1.58,1.608,1.578,1.6,0,0
ICE_PE,D,20250723,000000,1.592,1.608,1.578,1.6,0,0
ICE_PE,D,20250724,000000,1.614,1.614,1.566,1.6,0,0
ICE_PE,D,20250725,000000,1.59,1.631,1.582,1.6,0,0
ICE_PE,D,20250728,000000,1.576,1.6,1.552,1.6,0,0
ICE_PE,D,20250729,000000,1.594,1.6,1.574,1.6,0,0
ICE_PE,D,20250730,000000,1.6,1.6,1.58,1.6,0,0
ICE_PE,D,20250731,000000,1.604,1.604,1.574,1.6,0,0
ICE_PE,D,20250801,000000,1.592,1.641,1.579,1.6,0,0
ICE_PE,D,20250804,000000,1.572,1.614,1.572,1.6,0,0
ICE_PE,D,20250805,000000,1.598,1.6,1.572,1.6,0,0
ICE_PE,D,20250806,000000,1.6,1.74,1.6,1.7,0,0
ICE_PE,D,20250807,000000,1.7,1.7,1.65,1.7,0,0
ICE_PE,D,20250808,000000,1.72,1.9,1.708,1.9,0,0
ICE_PE,D,20250811,000000,1.91,1.94,1.832,1.9,0,0
ICE_PE,D,20250812,000000,1.9,1.93,1.849,1.9,0,0
ICE_PE,D,20250813,000000,1.906,1.908,1.789,1.8,0,0
ICE_PE,D,20250814,000000,1.838,1.84,1.72,1.8,0,0
ICE_PE,D,20250818,000000,1.796,1.843,1.743,1.8,0,0
ICE_PE,D,20250819,000000,1.79,2,1.76,2,0,0
ICE_PE,D,20250820,000000,2,2.133,1.99,2,0,0
ICE_PE,D,20250821,000000,2.004,2.028,1.976,2,0,0
ICE_PE,D,20250822,000000,2.002,2.1,1.943,2.1,0,0
ICE_PE,D,20250825,000000,2.125,2.163,2.04,2.1,0,0
ICE_PE,D,20250826,000000,2.1,2.1,2.023,2.1,0,0
ICE_PE,D,20250827,000000,2.1,2.125,2.044,2.1,0,0
ICE_PE,D,20250828,000000,2.116,2.195,2.063,2.1,0,0
ICE_PE,D,20250829,000000,2.128,2.209,2.1,2.2,0,0
ICE_PE,D,20250901,000000,2.232,2.409,2.232,2.3,0,0
ICE_PE,D,20250902,000000,2.32,2.4,2.244,2.4,0,0
ICE_PE,D,20250903,000000,2.408,2.635,2.408,2.6,0,0
ICE_PE,D,20250904,000000,2.608,2.751,2.547,2.6,0,0
ICE_PE,D,20250905,000000,2.559,2.773,2.394,2.4,0,0
ICE_PE,D,20250908,000000,2.425,2.437,2.19,2.3,0,0
ICE_PE,D,20250909,000000,2.267,2.456,2.267,2.3,0,0
ICE_PE,D,20250910,000000,2.26,2.3,2.223,2.3,0,0
ICE_PE,D,20250911,000000,2.3,2.381,2.3,2.3,0,0
ICE_PE,D,20250912,000000,2.3,2.625,2.3,2.6,0,0
ICE_PE,D,20250915,000000,2.731,2.8,2.719,2.8,0,0
ICE_PE,D,20250916,000000,2.8,2.821,2.734,2.8,0,0
ICE_PE,D,20250917,000000,2.808,2.808,2.7,2.7,0,0
ICE_PE,D,20250918,000000,2.655,2.794,2.581,2.6,0,0
ICE_PE,D,20250919,000000,2.612,2.694,2.531,2.6,0,0
ICE_PE,D,20250922,000000,2.6,2.7,2.527,2.7,0,0
ICE_PE,D,20250923,000000,2.704,2.704,2.57,2.6,0,0
ICE_PE,D,20250924,000000,2.617,2.662,2.5,2.5,0,0
ICE_PE,D,20250925,000000,2.528,2.528,2.439,2.5,0,0
ICE_PE,D,20250926,000000,2.479,2.727,2.479,2.6,0,0
ICE_PE,D,20250929,000000,2.6,2.641,2.385,2.5,0,0
ICE_PE,D,20250930,000000,2.554,2.554,2.4,2.4,0,0
ICE_PE,D,20251001,000000,2.429,2.433,2.3,2.3,0,0
ICE_PE,D,20251002,000000,2.304,2.4,2.264,2.4,0,0
ICE_PE,D,20251003,000000,2.371,2.413,2.333,2.4,0,0
ICE_PE,D,20251006,000000,2.404,2.592,2.404,2.5,0,0
ICE_PE,D,20251007,000000,2.533,2.549,2.496,2.5,0,0
ICE_PE,D,20251008,000000,2.5,2.66,2.455,2.5,0,0
ICE_PE,D,20251009,000000,2.521,2.562,2.459,2.5,0,0
ICE_PE,D,20251010,000000,2.429,2.571,2.429,2.5,0,0
ICE_PE,D,20251013,000000,2.467,2.467,2.35,2.4,0,0
ICE_PE,D,20251014,000000,2.351,2.4,2.229,2.4,0,0
ICE_PE,D,20251015,000000,2.4,2.45,2.3,2.3,0,0
ICE_PE,D,20251016,000000,2.369,2.4,2.284,2.4,0,0
ICE_PE,D,20251017,000000,2.354,2.463,2.354,2.4,0,0
ICE_PE,D,20251020,000000,2.4,2.6,2.396,2.6,0,0
ICE_PE,D,20251021,000000,2.625,2.7,2.551,2.7,0,0
ICE_PE,D,20251022,000000,2.704,2.713,2.6,2.6,0,0
ICE_PE,D,20251023,000000,2.6,2.645,2.543,2.6,0,0
ICE_PE,D,20251024,000000,2.629,2.661,2.539,2.6,0,0
ICE_PE,D,20251027,000000,2.6,2.717,2.6,2.6,0,0
ICE_PE,D,20251028,000000,2.6,2.649,2.518,2.6,0,0
ICE_PE,D,20251029,000000,2.621,2.642,2.508,2.6,0,0
ICE_PE,D,20251030,000000,2.633,2.633,2.5,2.5,0,0
ICE_PE,D,20251031,000000,2.541,2.626,2.488,2.545,0,0
ICE_PE,D,20251103,000000,2.577,2.577,2.451,2.5,0,0
ICE_PE,D,20251104,000000,2.479,2.479,2.376,2.4,0,0
ICE_PE,D,20251105,000000,2.474,2.524,2.379,2.5,0,0
ICE_PE,D,20251106,000000,2.5,2.541,2.295,2.4,0,0
ICE_PE,D,20251107,000000,2.354,2.45,2.341,2.4,0,0
ICE_PE,D,20251110,000000,2.4,2.509,2.375,2.4,0,0
ICE_PE,D,20251112,000000,2.462,2.462,2.338,2.4,0,0
ICE_PE,D,20251113,000000,2.438,2.438,2.3,2.3,0,0
ICE_PE,D,20251114,000000,2.32,2.402,2.284,2.4,0,0
ICE_PE,D,20251117,000000,2.379,2.4,2.358,2.4,0,0
ICE_PE,D,20251118,000000,2.396,2.396,2.295,2.3,0,0
ICE_PE,D,20251119,000000,2.259,2.341,2.259,2.3,0,0
ICE_PE,D,20251120,000000,2.324,2.365,2.239,2.3,0,0
ICE_PE,D,20251121,000000,2.251,2.3,2.21,2.3,0,0
ICE_PE,D,20251124,000000,2.325,2.375,2.241,2.3,0,0
ICE_PE,D,20251125,000000,2.296,2.362,2.275,2.3,0,0
ICE_PE,D,20251126,000000,2.321,2.321,2.251,2.3,0,0
ICE_PE,D,20251127,000000,2.3,2.3,2.2,2.2,0,0
ICE_PE,D,20251128,000000,2.2,2.3,2.196,2.3,0,0
ICE_PE,D,20251201,000000,2.259,2.296,2.176,2.2,0,0
ICE_PE,D,20251202,000000,2.208,2.208,2.1,2.1,0,0
ICE_PE,D,20251203,000000,2.12,2.605,2.12,2.6,0,0
ICE_PE,D,20251204,000000,2.596,2.667,2.5,2.5,0,0
ICE_PE,D,20251205,000000,2.52,2.667,2.52,2.6,0,0
ICE_PE,D,20251208,000000,2.604,2.7,2.604,2.7,0,0
ICE_PE,D,20251209,000000,2.721,2.737,2.679,2.7,0,0
ICE_PE,D,20251210,000000,2.659,2.7,2.634,2.7,0,0
ICE_PE,D,20251211,000000,2.659,2.721,2.659,2.7,0,0
ICE_PE,D,20251212,000000,2.716,2.9,2.684,2.9,0,0
ICE_PE,D,20251215,000000,2.925,3.9,2.925,3.9,0,0
ICE_PE,D,20251216,000000,3.929,3.934,3.687,3.8,0,0
ICE_PE,D,20251217,000000,3.815,3.963,3.805,3.9,0,0
ICE_PE,D,20251218,000000,3.905,3.924,3.856,3.9,0,0
ICE_PE,D,20251219,000000,3.905,4.051,3.871,4,0,0
ICE_PE,D,20251222,000000,4.019,4.1,3.976,4.1,0,0
ICE_PE,D,20251223,000000,4.1,4.178,4.056,4.129,0,0
ICE_PE,D,20251229,000000,4.139,4.173,4.022,4.1,0,0
ICE_PE,D,20251230,000000,4.164,4.233,4.1,4.1,0,0
ICE_PE,D,20260102,000000,4.071,4.143,3.917,4.1,0,0
ICE_PE,D,20260105,000000,4.1,4.266,4.1,4.1,0,0
ICE_PE,D,20260107,000000,4.1,4.139,4.018,4.1,0,0
ICE_PE,D,20260108,000000,4.071,4.193,4.061,4.1,0,0
ICE_PE,D,20260109,000000,4.08,4.164,3.987,4.1,0,0
ICE_PE,D,20260112,000000,4.1,4.207,4.027,4.1,0,0
ICE_PE,D,20260113,000000,4.076,4.139,3.978,4,0,0
ICE_PE,D,20260114,000000,3.971,3.971,3.724,3.8,0,0
ICE_PE,D,20260115,000000,3.81,3.9,3.681,3.9,0,0
ICE_PE,D,20260116,000000,3.9,3.9,3.755,3.8,0,0
ICE_PE,D,20260119,000000,4.233,4.7,4.208,4.7,0,0
ICE_PE,D,20260120,000000,4.824,5.9,4.824,5.9,0,0
ICE_PE,D,20260121,000000,6.161,6.971,5.937,6.2,0,0
ICE_PE,D,20260122,000000,6.274,6.696,5.878,6.6,0,0
ICE_PE,D,20260123,000000,8.883,8.982,8.002,8.7,0,0
