<TICKER>,<PER>,<DATE>,<TIME>,<OPEN>,<HIGH>,<LOW>,<CLOSE>,<VOL>,<OPENINT>
IDM_PE,D,20070813,000000,33.2,33.2,33.2,33.2,0,0
IDM_PE,D,20070814,000000,32.1,32.1,32.1,32.1,0,0
IDM_PE,D,20070816,000000,29.4,29.4,29.4,29.4,0,0
IDM_PE,D,20070817,000000,30.7,30.7,30.7,30.7,0,0
IDM_PE,D,20070820,000000,15.1,15.1,15.1,15.1,0,0
IDM_PE,D,20070821,000000,15,15,15,15,0,0
IDM_PE,D,20070822,000000,15.5,15.5,15.5,15.5,0,0
IDM_PE,D,20070823,000000,15.6,15.6,15.6,15.6,0,0
IDM_PE,D,20070824,000000,16,16,16,16,0,0
IDM_PE,D,20070827,000000,16.6,16.6,16.6,16.6,0,0
IDM_PE,D,20070828,000000,15.9,15.9,15.9,15.9,0,0
IDM_PE,D,20070829,000000,15.8,15.8,15.8,15.8,0,0
IDM_PE,D,20070830,000000,17.7,17.7,17.7,17.7,0,0
IDM_PE,D,20070831,000000,18.3,18.3,18.3,18.3,0,0
IDM_PE,D,20070903,000000,18.4,18.4,18.4,18.4,0,0
IDM_PE,D,20070904,000000,18.2,18.2,18.2,18.2,0,0
IDM_PE,D,20070905,000000,17.5,17.5,17.5,17.5,0,0
IDM_PE,D,20070906,000000,17.5,17.5,17.5,17.5,0,0
IDM_PE,D,20070907,000000,16.9,16.9,16.9,16.9,0,0
IDM_PE,D,20070910,000000,16.5,16.5,16.5,16.5,0,0
IDM_PE,D,20070911,000000,16.7,16.7,16.7,16.7,0,0
IDM_PE,D,20070912,000000,16.3,16.3,16.3,16.3,0,0
IDM_PE,D,20070913,000000,16.9,16.9,16.9,16.9,0,0
IDM_PE,D,20070914,000000,16.7,16.7,16.7,16.7,0,0
IDM_PE,D,20070917,000000,16.3,16.3,16.3,16.3,0,0
IDM_PE,D,20070918,000000,16.3,16.3,16.3,16.3,0,0
IDM_PE,D,20070919,000000,17.4,17.4,17.4,17.4,0,0
IDM_PE,D,20070920,000000,17.1,17.1,17.1,17.1,0,0
IDM_PE,D,20070921,000000,16.9,16.9,16.9,16.9,0,0
IDM_PE,D,20070924,000000,16.6,16.6,16.6,16.6,0,0
IDM_PE,D,20070925,000000,16.2,16.2,16.2,16.2,0,0
IDM_PE,D,20070926,000000,16.5,16.5,16.5,16.5,0,0
IDM_PE,D,20070927,000000,16.8,16.8,16.8,16.8,0,0
IDM_PE,D,20070928,000000,16.6,16.6,16.6,16.6,0,0
IDM_PE,D,20071001,000000,16.6,16.6,16.6,16.6,0,0
IDM_PE,D,20071002,000000,16.4,16.4,16.4,16.4,0,0
IDM_PE,D,20071003,000000,16.4,16.4,16.4,16.4,0,0
IDM_PE,D,20071004,000000,16.6,16.6,16.6,16.6,0,0
IDM_PE,D,20071005,000000,17.6,17.6,17.6,17.6,0,0
IDM_PE,D,20071008,000000,17.5,17.5,17.5,17.5,0,0
IDM_PE,D,20071009,000000,17.7,17.7,17.7,17.7,0,0
IDM_PE,D,20071010,000000,17.6,17.6,17.6,17.6,0,0
IDM_PE,D,20071011,000000,18.2,18.2,18.2,18.2,0,0
IDM_PE,D,20071012,000000,18.4,18.4,18.4,18.4,0,0
IDM_PE,D,20071015,000000,18.8,18.8,18.8,18.8,0,0
IDM_PE,D,20071016,000000,18.7,18.7,18.7,18.7,0,0
IDM_PE,D,20071017,000000,18.5,18.5,18.5,18.5,0,0
IDM_PE,D,20071018,000000,17.6,17.6,17.6,17.6,0,0
IDM_PE,D,20071019,000000,16.9,16.9,16.9,16.9,0,0
IDM_PE,D,20071022,000000,16.5,16.5,16.5,16.5,0,0
IDM_PE,D,20071023,000000,16.5,16.5,16.5,16.5,0,0
IDM_PE,D,20071024,000000,16.8,16.8,16.8,16.8,0,0
IDM_PE,D,20071025,000000,16.6,16.6,16.6,16.6,0,0
IDM_PE,D,20071026,000000,16.6,16.6,16.6,16.6,0,0
IDM_PE,D,20071029,000000,16.9,16.9,16.9,16.9,0,0
IDM_PE,D,20071030,000000,16.8,16.8,16.8,16.8,0,0
IDM_PE,D,20071031,000000,16.8,16.8,16.8,16.8,0,0
IDM_PE,D,20071102,000000,16.3,16.3,16.3,16.3,0,0
IDM_PE,D,20071105,000000,16.2,16.2,16.2,16.2,0,0
IDM_PE,D,20071106,000000,15.8,15.8,15.8,15.8,0,0
IDM_PE,D,20071107,000000,14.9,14.9,14.9,14.9,0,0
IDM_PE,D,20071108,000000,14.7,14.7,14.7,14.7,0,0
IDM_PE,D,20071109,000000,14.9,14.9,13.5,13.7,0,0
IDM_PE,D,20071112,000000,13.4,13.7,13,13.3,0,0
IDM_PE,D,20071113,000000,13.3,13.5,13.1,13.3,0,0
IDM_PE,D,20071114,000000,14.1,14.1,13.3,13.4,0,0
IDM_PE,D,20071115,000000,13.7,13.7,12.7,12.8,0,0
IDM_PE,D,20071116,000000,12.6,13.6,12.4,13.5,0,0
IDM_PE,D,20071119,000000,14,14,11.4,11.4,0,0
IDM_PE,D,20071120,000000,11.3,11.4,11.1,11.4,0,0
IDM_PE,D,20071121,000000,11.3,11.3,10.8,10.9,0,0
IDM_PE,D,20071122,000000,10.6,11.7,10.4,11.4,0,0
IDM_PE,D,20071123,000000,11.5,11.5,11.2,11.2,0,0
IDM_PE,D,20071126,000000,11.5,11.5,10.9,11,0,0
IDM_PE,D,20071127,000000,10.8,10.8,10.5,10.8,0,0
IDM_PE,D,20071128,000000,10.9,11.3,10.6,11.3,0,0
IDM_PE,D,20071129,000000,11.6,11.6,11,11,0,0
IDM_PE,D,20071130,000000,11,11.4,11,11.4,0,0
IDM_PE,D,20071203,000000,11.5,11.5,11.2,11.3,0,0
IDM_PE,D,20071204,000000,11.3,11.3,11.1,11.1,0,0
IDM_PE,D,20071205,000000,11.2,11.4,11.2,11.4,0,0
IDM_PE,D,20071206,000000,11.5,11.5,11.3,11.3,0,0
IDM_PE,D,20071207,000000,11.4,11.4,11.1,11.1,0,0
IDM_PE,D,20071210,000000,11,11.1,10.9,11,0,0
IDM_PE,D,20071211,000000,11,12.8,10.6,12.8,0,0
IDM_PE,D,20071212,000000,12.2,12.7,12.2,12.6,0,0
IDM_PE,D,20071213,000000,12.3,12.4,12.1,12.3,0,0
IDM_PE,D,20071214,000000,12.1,12.8,12,12.8,0,0
IDM_PE,D,20071217,000000,12.2,12.4,12,12.2,0,0
IDM_PE,D,20071218,000000,12.1,12.5,11.7,12.5,0,0
IDM_PE,D,20071219,000000,12.5,12.6,12.2,12.5,0,0
IDM_PE,D,20071220,000000,12.7,12.8,12.3,12.8,0,0
IDM_PE,D,20071221,000000,13,13.1,12.7,12.8,0,0
IDM_PE,D,20071227,000000,12.8,13.4,12.8,13.4,0,0
IDM_PE,D,20071228,000000,13.4,13.6,13.1,13.2,0,0
IDM_PE,D,20080102,000000,13.1,13.3,13.1,13.1,0,0
IDM_PE,D,20080103,000000,12.8,13.1,12.6,13,0,0
IDM_PE,D,20080104,000000,13,13,12.6,12.6,0,0
IDM_PE,D,20080107,000000,12.3,13.3,11.9,12.6,0,0
IDM_PE,D,20080108,000000,12.9,12.9,11.9,12.1,0,0
IDM_PE,D,20080109,000000,11.9,11.9,11,11.2,0,0
IDM_PE,D,20080110,000000,11.2,11.2,10.1,10.3,0,0
IDM_PE,D,20080111,000000,10.1,10.4,9.9,10.4,0,0
IDM_PE,D,20080114,000000,10.3,10.3,10.3,10.3,0,0
IDM_PE,D,20080115,000000,10.2,10.2,9.7,9.8,0,0
IDM_PE,D,20080116,000000,9,9.3,8.4,9.2,0,0
IDM_PE,D,20080117,000000,9.6,9.6,9,9.3,0,0
IDM_PE,D,20080118,000000,9,9.5,9,9,0,0
IDM_PE,D,20080121,000000,8.6,8.8,8,8,0,0
IDM_PE,D,20080122,000000,7.3,7.7,7.3,7.5,0,0
IDM_PE,D,20080123,000000,7.9,7.9,7.2,7.3,0,0
IDM_PE,D,20080124,000000,7.7,8,7.6,7.9,0,0
IDM_PE,D,20080125,000000,8.4,8.4,8.1,8.3,0,0
IDM_PE,D,20080128,000000,8.4,8.4,8.1,8.1,0,0
IDM_PE,D,20080129,000000,8.4,8.6,8.3,8.5,0,0
IDM_PE,D,20080130,000000,8.5,8.7,8.4,8.4,0,0
IDM_PE,D,20080131,000000,8.5,8.5,8,8.2,0,0
IDM_PE,D,20080201,000000,8.4,8.4,8.3,8.3,0,0
IDM_PE,D,20080204,000000,8.4,8.6,8.2,8.3,0,0
IDM_PE,D,20080205,000000,8.2,8.2,7.7,7.8,0,0
IDM_PE,D,20080206,000000,7.4,7.8,7.4,7.7,0,0
IDM_PE,D,20080207,000000,7.6,7.7,7.3,7.4,0,0
IDM_PE,D,20080208,000000,7.5,7.5,7.4,7.5,0,0
IDM_PE,D,20080211,000000,7.6,7.6,7.4,7.4,0,0
IDM_PE,D,20080212,000000,7.5,7.5,7.4,7.5,0,0
IDM_PE,D,20080213,000000,7.5,7.7,7.4,7.6,0,0
IDM_PE,D,20080214,000000,7.9,7.9,7.7,7.7,0,0
IDM_PE,D,20080215,000000,7.7,7.7,7.6,7.7,0,0
IDM_PE,D,20080218,000000,7.7,7.9,7.7,7.7,0,0
IDM_PE,D,20080219,000000,7.6,7.7,7.5,7.6,0,0
IDM_PE,D,20080220,000000,7.6,7.6,7.4,7.5,0,0
IDM_PE,D,20080221,000000,7.6,7.6,7.5,7.5,0,0
IDM_PE,D,20080222,000000,7.6,7.8,7.5,7.8,0,0
IDM_PE,D,20080225,000000,7.8,8.3,7.8,8.1,0,0
IDM_PE,D,20080226,000000,8.3,8.5,8.1,8.1,0,0
IDM_PE,D,20080227,000000,8.2,8.4,8,8.2,0,0
IDM_PE,D,20080228,000000,8.2,8.4,8.2,8.3,0,0
IDM_PE,D,20080229,000000,8.3,8.3,8,8.2,0,0
IDM_PE,D,20080303,000000,8.2,8.2,6.3,6.3,0,0
IDM_PE,D,20080304,000000,6.5,6.5,6.3,6.4,0,0
IDM_PE,D,20080305,000000,6.5,6.9,6.5,6.8,0,0
IDM_PE,D,20080306,000000,6.8,6.9,6.7,6.8,0,0
IDM_PE,D,20080307,000000,6.6,6.7,6.5,6.6,0,0
IDM_PE,D,20080310,000000,6.6,6.7,6.5,6.5,0,0
IDM_PE,D,20080311,000000,6.5,6.9,6.5,6.9,0,0
IDM_PE,D,20080312,000000,7,7,6.7,7,0,0
IDM_PE,D,20080313,000000,6.8,7,6.6,6.6,0,0
IDM_PE,D,20080314,000000,6.6,6.8,6.6,6.8,0,0
IDM_PE,D,20080317,000000,6.6,6.7,6.5,6.5,0,0
IDM_PE,D,20080318,000000,6.5,6.6,6.4,6.5,0,0
IDM_PE,D,20080319,000000,6.5,6.5,6.3,6.3,0,0
IDM_PE,D,20080320,000000,6.3,6.3,6.2,6.2,0,0
IDM_PE,D,20080325,000000,6.3,6.3,6.2,6.3,0,0
IDM_PE,D,20080326,000000,6.3,6.3,6.2,6.2,0,0
IDM_PE,D,20080327,000000,6.2,6.5,6.2,6.5,0,0
IDM_PE,D,20080328,000000,6.5,6.7,6.4,6.6,0,0
IDM_PE,D,20080331,000000,6.6,6.6,6.6,6.6,0,0
IDM_PE,D,20080401,000000,6.6,6.7,6.5,6.6,0,0
IDM_PE,D,20080402,000000,6.7,6.7,6.6,6.6,0,0
IDM_PE,D,20080403,000000,6.7,6.7,6.4,6.5,0,0
IDM_PE,D,20080404,000000,6.5,6.6,6.4,6.4,0,0
IDM_PE,D,20080407,000000,6.4,6.4,6.3,6.3,0,0
IDM_PE,D,20080408,000000,6.2,6.2,6.1,6.2,0,0
IDM_PE,D,20080409,000000,6.1,6.2,6.1,6.1,0,0
IDM_PE,D,20080410,000000,6.1,6.1,6,6.1,0,0
IDM_PE,D,20080411,000000,6.1,6.2,6,6,0,0
IDM_PE,D,20080414,000000,6,6,5.6,5.6,0,0
IDM_PE,D,20080415,000000,5.6,5.6,5.1,5.1,0,0
IDM_PE,D,20080416,000000,5.1,5.4,4.8,5.4,0,0
IDM_PE,D,20080417,000000,5.5,5.7,5.5,5.5,0,0
IDM_PE,D,20080418,000000,5.5,5.5,5.1,5.1,0,0
IDM_PE,D,20080421,000000,3.2,3.2,2.9,3,0,0
IDM_PE,D,20080422,000000,3,3,2.8,3,0,0
IDM_PE,D,20080423,000000,3.1,3.1,2.8,2.8,0,0
IDM_PE,D,20080424,000000,2.8,3,2.8,2.9,0,0
IDM_PE,D,20080425,000000,2.9,3.1,2.9,3.1,0,0
IDM_PE,D,20080428,000000,3.1,3.1,3,3.1,0,0
IDM_PE,D,20080429,000000,3.1,3.1,3,3,0,0
IDM_PE,D,20080430,000000,3,3.1,3,3,0,0
IDM_PE,D,20080505,000000,3.1,3.1,3,3.1,0,0
IDM_PE,D,20080506,000000,3,3,2.8,2.9,0,0
IDM_PE,D,20080507,000000,2.8,3.2,2.8,3.2,0,0
IDM_PE,D,20080508,000000,3.2,3.2,3.1,3.1,0,0
IDM_PE,D,20080509,000000,3.1,3.1,3,3.1,0,0
IDM_PE,D,20080512,000000,3.1,3.1,2.9,2.9,0,0
IDM_PE,D,20080513,000000,2.9,3,2.9,2.9,0,0
IDM_PE,D,20080514,000000,2.9,3,2.9,3,0,0
IDM_PE,D,20080515,000000,3,3,2.9,2.9,0,0
IDM_PE,D,20080516,000000,2.9,3,2.9,2.9,0,0
IDM_PE,D,20080519,000000,2.9,2.9,2.8,2.9,0,0
IDM_PE,D,20080520,000000,2.9,2.9,2.7,2.7,0,0
IDM_PE,D,20080521,000000,2.7,2.7,2.6,2.7,0,0
IDM_PE,D,20080523,000000,2.7,2.7,2.7,2.7,0,0
IDM_PE,D,20080526,000000,2.7,2.8,2.7,2.7,0,0
IDM_PE,D,20080527,000000,2.7,2.7,2.7,2.7,0,0
IDM_PE,D,20080528,000000,2.7,2.8,2.7,2.7,0,0
IDM_PE,D,20080529,000000,2.7,2.8,2.7,2.7,0,0
IDM_PE,D,20080530,000000,2.7,2.7,2.7,2.7,0,0
IDM_PE,D,20080602,000000,2.8,2.8,2.7,2.8,0,0
IDM_PE,D,20080603,000000,2.8,2.9,2.8,2.8,0,0
IDM_PE,D,20080604,000000,2.8,3,2.8,3,0,0
IDM_PE,D,20080605,000000,3,3.1,3,3,0,0
IDM_PE,D,20080606,000000,3.1,3.1,2.9,2.9,0,0
IDM_PE,D,20080609,000000,2.8,2.9,2.7,2.8,0,0
IDM_PE,D,20080610,000000,2.8,2.8,2.8,2.8,0,0
IDM_PE,D,20080611,000000,2.8,2.9,2.8,2.8,0,0
IDM_PE,D,20080612,000000,2.7,2.8,2.7,2.8,0,0
IDM_PE,D,20080613,000000,2.8,2.8,2.8,2.8,0,0
IDM_PE,D,20080616,000000,2.8,2.8,2.7,2.8,0,0
IDM_PE,D,20080617,000000,2.8,2.8,2.8,2.8,0,0
IDM_PE,D,20080618,000000,2.8,2.9,2.8,2.8,0,0
IDM_PE,D,20080619,000000,2.8,2.8,2.8,2.8,0,0
IDM_PE,D,20080620,000000,2.8,2.8,2.7,2.8,0,0
IDM_PE,D,20080623,000000,2.8,2.9,2.7,2.7,0,0
IDM_PE,D,20080624,000000,2.7,2.7,2.5,2.5,0,0
IDM_PE,D,20080625,000000,2.5,2.5,2.5,2.5,0,0
IDM_PE,D,20080626,000000,2.6,2.6,2.4,2.4,0,0
IDM_PE,D,20080627,000000,2.4,2.7,2.3,2.6,0,0
IDM_PE,D,20080630,000000,2.7,2.7,2.5,2.6,0,0
IDM_PE,D,20080701,000000,2.7,2.7,2.5,2.5,0,0
IDM_PE,D,20080702,000000,2.5,2.5,2.5,2.5,0,0
IDM_PE,D,20080703,000000,2.5,2.5,2.4,2.5,0,0
IDM_PE,D,20080704,000000,2.6,2.6,2.4,2.4,0,0
IDM_PE,D,20080707,000000,2.4,2.4,2.2,2.2,0,0
IDM_PE,D,20080708,000000,2.3,2.3,2,2.1,0,0
IDM_PE,D,20080709,000000,2.1,2.2,2.1,2.1,0,0
IDM_PE,D,20080710,000000,2.1,2.1,1.9,2,0,0
IDM_PE,D,20080711,000000,2,2,1.9,1.9,0,0
IDM_PE,D,20080714,000000,1.9,1.9,1.8,1.9,0,0
IDM_PE,D,20080715,000000,1.8,1.9,1.8,1.8,0,0
IDM_PE,D,20080716,000000,1.8,1.8,1.7,1.8,0,0
IDM_PE,D,20080717,000000,1.8,1.9,1.8,1.9,0,0
IDM_PE,D,20080718,000000,2,2,1.8,1.9,0,0
IDM_PE,D,20080721,000000,1.9,2,1.9,2,0,0
IDM_PE,D,20080722,000000,2,2,1.9,1.9,0,0
IDM_PE,D,20080723,000000,2,2,1.9,1.9,0,0
IDM_PE,D,20080724,000000,1.9,1.9,1.8,1.9,0,0
IDM_PE,D,20080725,000000,1.7,1.9,1.7,1.9,0,0
IDM_PE,D,20080728,000000,1.9,2,1.9,2,0,0
IDM_PE,D,20080729,000000,2,2,1.9,2,0,0
IDM_PE,D,20080730,000000,2.1,2.2,2.1,2.2,0,0
IDM_PE,D,20080731,000000,2.2,2.5,2.1,2.3,0,0
IDM_PE,D,20080801,000000,2.3,2.3,2.2,2.2,0,0
IDM_PE,D,20080804,000000,2.2,2.2,2.1,2.1,0,0
IDM_PE,D,20080805,000000,2.1,2.1,2.1,2.1,0,0
IDM_PE,D,20080806,000000,2.1,2.1,1.9,2,0,0
IDM_PE,D,20080807,000000,1.9,2,1.9,2,0,0
IDM_PE,D,20080808,000000,2,2,2,2,0,0
IDM_PE,D,20080811,000000,1.9,1.9,1.9,1.9,0,0
IDM_PE,D,20080812,000000,1.9,2,1.9,1.9,0,0
IDM_PE,D,20080813,000000,1.9,2,1.9,2,0,0
IDM_PE,D,20080814,000000,2,2.1,2,2,0,0
IDM_PE,D,20080818,000000,2,2.7,2,2.7,0,0
IDM_PE,D,20080819,000000,2.6,2.7,2.6,2.6,0,0
IDM_PE,D,20080820,000000,2.6,2.6,2.5,2.6,0,0
IDM_PE,D,20080821,000000,2.5,2.7,2.5,2.6,0,0
IDM_PE,D,20080822,000000,2.6,2.7,2.6,2.6,0,0
IDM_PE,D,20080825,000000,2.5,2.7,2.5,2.6,0,0
IDM_PE,D,20080826,000000,2.6,2.6,2.6,2.6,0,0
IDM_PE,D,20080827,000000,2.6,2.6,2.6,2.6,0,0
IDM_PE,D,20080828,000000,2.6,2.7,2.6,2.7,0,0
IDM_PE,D,20080829,000000,2.7,2.8,2.6,2.6,0,0
IDM_PE,D,20080901,000000,2.6,2.8,2.6,2.8,0,0
IDM_PE,D,20080902,000000,2.8,2.9,2.8,2.9,0,0
IDM_PE,D,20080903,000000,2.9,3,2.8,3,0,0
IDM_PE,D,20080904,000000,3,3,2.9,2.9,0,0
IDM_PE,D,20080905,000000,2.8,2.9,2.6,2.6,0,0
IDM_PE,D,20080908,000000,2.7,2.7,2.7,2.7,0,0
IDM_PE,D,20080909,000000,2.7,2.7,2.6,2.7,0,0
IDM_PE,D,20080910,000000,2.6,2.7,2.6,2.6,0,0
IDM_PE,D,20080911,000000,2.6,2.6,2.5,2.5,0,0
IDM_PE,D,20080912,000000,2.5,2.5,2.5,2.5,0,0
IDM_PE,D,20080915,000000,2.5,2.5,2.3,2.4,0,0
IDM_PE,D,20080916,000000,2.4,2.4,2.3,2.4,0,0
IDM_PE,D,20080917,000000,2.4,2.4,2.3,2.4,0,0
IDM_PE,D,20080918,000000,2.3,2.4,2.3,2.4,0,0
IDM_PE,D,20080919,000000,2.5,2.5,2.4,2.5,0,0
IDM_PE,D,20080922,000000,2.5,2.5,2.4,2.4,0,0
IDM_PE,D,20080923,000000,2.4,2.4,2.4,2.4,0,0
IDM_PE,D,20080924,000000,2.4,2.4,2.4,2.4,0,0
IDM_PE,D,20080925,000000,2.4,2.5,2.4,2.5,0,0
IDM_PE,D,20080926,000000,2.5,2.5,2.5,2.5,0,0
IDM_PE,D,20080929,000000,2.4,2.4,2.4,2.4,0,0
IDM_PE,D,20080930,000000,2.3,2.4,2.3,2.4,0,0
IDM_PE,D,20081001,000000,2.4,2.4,2.3,2.3,0,0
IDM_PE,D,20081002,000000,2.3,2.3,2.2,2.3,0,0
IDM_PE,D,20081003,000000,2.3,2.3,2.2,2.2,0,0
IDM_PE,D,20081006,000000,2.2,2.2,1.9,1.9,0,0
IDM_PE,D,20081007,000000,2,2,1.8,2,0,0
IDM_PE,D,20081008,000000,1.8,2.1,1.8,2.1,0,0
IDM_PE,D,20081009,000000,2.1,2.1,2,2,0,0
IDM_PE,D,20081010,000000,1.9,1.9,1.8,1.9,0,0
IDM_PE,D,20081013,000000,2,2,1.9,1.9,0,0
IDM_PE,D,20081014,000000,2,2,1.9,2,0,0
IDM_PE,D,20081015,000000,2,2.1,1.9,2.1,0,0
IDM_PE,D,20081016,000000,2,2.1,2,2.1,0,0
IDM_PE,D,20081017,000000,2.1,2.2,2.1,2.2,0,0
IDM_PE,D,20081020,000000,2.2,2.2,2.2,2.2,0,0
IDM_PE,D,20081021,000000,2.3,2.3,2.2,2.2,0,0
IDM_PE,D,20081022,000000,2.2,2.2,2.1,2.1,0,0
IDM_PE,D,20081023,000000,2.1,2.1,1.9,2,0,0
IDM_PE,D,20081024,000000,1.9,2,1.9,2,0,0
IDM_PE,D,20081027,000000,2,2,1.8,1.8,0,0
IDM_PE,D,20081028,000000,1.8,1.8,1.7,1.8,0,0
IDM_PE,D,20081029,000000,1.9,1.9,1.8,1.9,0,0
IDM_PE,D,20081030,000000,1.9,1.9,1.8,1.8,0,0
IDM_PE,D,20081031,000000,1.8,1.8,1.7,1.7,0,0
IDM_PE,D,20081103,000000,1.7,1.8,1.7,1.7,0,0
IDM_PE,D,20081104,000000,1.7,1.9,1.7,1.9,0,0
IDM_PE,D,20081105,000000,2,2,1.9,1.9,0,0
IDM_PE,D,20081106,000000,1.8,1.9,1.8,1.8,0,0
IDM_PE,D,20081107,000000,1.9,1.9,1.7,1.9,0,0
IDM_PE,D,20081110,000000,1.9,2,1.9,1.9,0,0
IDM_PE,D,20081112,000000,1.9,1.9,1.7,1.8,0,0
IDM_PE,D,20081113,000000,1.7,1.8,1.7,1.8,0,0
IDM_PE,D,20081114,000000,1.9,1.9,1.9,1.9,0,0
IDM_PE,D,20081117,000000,1.9,2.3,1.9,2.3,0,0
IDM_PE,D,20081118,000000,2.4,2.4,2.3,2.3,0,0
IDM_PE,D,20081119,000000,2.3,2.3,2.3,2.3,0,0
IDM_PE,D,20081120,000000,2.1,2.3,2.1,2.2,0,0
IDM_PE,D,20081121,000000,2.2,2.3,2.2,2.3,0,0
IDM_PE,D,20081124,000000,2.3,2.3,2.3,2.3,0,0
IDM_PE,D,20081125,000000,2.3,2.3,2.2,2.2,0,0
IDM_PE,D,20081126,000000,2.2,2.2,2.1,2.2,0,0
IDM_PE,D,20081127,000000,2.2,2.2,2.1,2.1,0,0
IDM_PE,D,20081128,000000,2.1,2.1,2,2,0,0
IDM_PE,D,20081201,000000,2,2,1.8,1.8,0,0
IDM_PE,D,20081202,000000,1.7,1.8,1.7,1.8,0,0
IDM_PE,D,20081203,000000,1.8,1.8,1.6,1.6,0,0
IDM_PE,D,20081204,000000,1.6,1.7,1.6,1.6,0,0
IDM_PE,D,20081205,000000,1.6,1.7,1.6,1.6,0,0
IDM_PE,D,20081208,000000,1.6,1.8,1.6,1.8,0,0
IDM_PE,D,20081209,000000,1.9,2,1.8,1.9,0,0
IDM_PE,D,20081210,000000,1.9,1.9,1.8,1.8,0,0
IDM_PE,D,20081211,000000,1.8,1.8,1.7,1.8,0,0
IDM_PE,D,20081212,000000,1.7,1.7,1.7,1.7,0,0
IDM_PE,D,20081215,000000,1.7,1.7,1.7,1.7,0,0
IDM_PE,D,20081216,000000,1.7,1.7,1.6,1.6,0,0
IDM_PE,D,20081217,000000,1.6,1.6,1.5,1.6,0,0
IDM_PE,D,20081218,000000,1.6,1.6,1.4,1.4,0,0
IDM_PE,D,20081219,000000,1.3,1.4,1.3,1.4,0,0
IDM_PE,D,20081222,000000,1.4,1.4,1.3,1.4,0,0
IDM_PE,D,20081223,000000,1.4,1.4,1.3,1.3,0,0
IDM_PE,D,20081229,000000,1.3,1.3,1.3,1.3,0,0
IDM_PE,D,20081230,000000,1.3,1.3,1.3,1.3,0,0
IDM_PE,D,20081231,000000,1.3,1.4,1.3,1.4,0,0
IDM_PE,D,20090105,000000,1.4,1.5,1.4,1.5,0,0
IDM_PE,D,20090106,000000,1.5,1.5,1.4,1.4,0,0
IDM_PE,D,20090107,000000,1.4,1.4,1.4,1.4,0,0
IDM_PE,D,20090108,000000,1.4,1.4,1.4,1.4,0,0
IDM_PE,D,20090109,000000,1.4,1.4,1.3,1.3,0,0
IDM_PE,D,20090112,000000,1.3,1.4,1.3,1.4,0,0
IDM_PE,D,20090113,000000,1.4,1.4,1.3,1.3,0,0
IDM_PE,D,20090114,000000,1.3,1.5,1.3,1.4,0,0
IDM_PE,D,20090115,000000,1.4,1.5,1.4,1.5,0,0
IDM_PE,D,20090116,000000,1.6,1.6,1.5,1.5,0,0
IDM_PE,D,20090119,000000,1.5,1.5,1.4,1.4,0,0
IDM_PE,D,20090120,000000,1.4,1.5,1.4,1.4,0,0
IDM_PE,D,20090121,000000,1.4,1.4,1.3,1.4,0,0
IDM_PE,D,20090122,000000,1.5,1.5,1.3,1.3,0,0
IDM_PE,D,20090123,000000,1.3,1.3,1.3,1.3,0,0
IDM_PE,D,20090126,000000,1.3,1.3,1.3,1.3,0,0
IDM_PE,D,20090127,000000,1.3,1.3,1.2,1.2,0,0
IDM_PE,D,20090128,000000,1.3,1.3,1.2,1.2,0,0
IDM_PE,D,20090129,000000,1.2,1.2,1.2,1.2,0,0
IDM_PE,D,20090130,000000,1.2,1.2,1.2,1.2,0,0
IDM_PE,D,20090202,000000,1.2,1.2,1.1,1.2,0,0
IDM_PE,D,20090203,000000,1.2,1.2,1.1,1.1,0,0
IDM_PE,D,20090204,000000,1.1,1.1,1.1,1.1,0,0
IDM_PE,D,20090205,000000,1.1,1.1,1,1,0,0
IDM_PE,D,20090206,000000,1,1.1,1,1.1,0,0
IDM_PE,D,20090209,000000,1.1,1.2,1.1,1.2,0,0
IDM_PE,D,20090210,000000,1.2,1.2,1.1,1.2,0,0
IDM_PE,D,20090211,000000,1.2,1.2,1.1,1.1,0,0
IDM_PE,D,20090212,000000,1.1,1.1,1.1,1.1,0,0
IDM_PE,D,20090213,000000,1.1,1.2,1.1,1.1,0,0
IDM_PE,D,20090216,000000,1.1,1.1,1,1.1,0,0
IDM_PE,D,20090217,000000,1.1,1.1,1,1,0,0
IDM_PE,D,20090218,000000,1,1.1,1,1,0,0
IDM_PE,D,20090219,000000,1,1.1,1,1.1,0,0
IDM_PE,D,20090220,000000,1.1,1.1,1,1.1,0,0
IDM_PE,D,20090223,000000,1.2,1.2,1.1,1.1,0,0
IDM_PE,D,20090224,000000,1.1,1.1,1,1.1,0,0
IDM_PE,D,20090225,000000,1.1,1.1,1.1,1.1,0,0
IDM_PE,D,20090226,000000,1.1,1.1,1.1,1.1,0,0
IDM_PE,D,20090227,000000,1.1,1.1,1,1.1,0,0
IDM_PE,D,20090302,000000,1.1,1.1,1,1.1,0,0
IDM_PE,D,20090303,000000,1,1,1,1,0,0
IDM_PE,D,20090304,000000,1,1,1,1,0,0
IDM_PE,D,20100303,000000,8.6,8.6,8.6,8.6,0,0
IDM_PE,D,20100304,000000,8.5,8.6,8.4,8.6,0,0
IDM_PE,D,20100305,000000,8.7,9,8.7,9,0,0
IDM_PE,D,20100308,000000,9.1,9.1,8.8,8.9,0,0
IDM_PE,D,20100309,000000,8.9,8.9,8.6,8.7,0,0
IDM_PE,D,20100310,000000,8.7,8.9,8.7,8.8,0,0
IDM_PE,D,20100311,000000,8.7,9.2,8.7,9,0,0
IDM_PE,D,20100312,000000,10.1,10.7,9.9,10.4,0,0
IDM_PE,D,20100315,000000,11.2,11.4,10.5,10.5,0,0
IDM_PE,D,20100316,000000,10.6,10.6,10.2,10.3,0,0
IDM_PE,D,20100317,000000,10.3,10.6,10.1,10.2,0,0
IDM_PE,D,20100318,000000,10.2,10.2,9.5,9.5,0,0
IDM_PE,D,20100319,000000,9.5,9.9,9.5,9.6,0,0
IDM_PE,D,20100322,000000,9.7,9.7,9.3,9.7,0,0
IDM_PE,D,20100323,000000,9.7,10.5,9.7,10.3,0,0
IDM_PE,D,20100324,000000,10.5,10.7,10.2,10.5,0,0
IDM_PE,D,20100325,000000,10.6,10.7,10.5,10.6,0,0
IDM_PE,D,20100326,000000,10.6,10.6,10.3,10.3,0,0
IDM_PE,D,20100329,000000,10.3,10.6,10.3,10.4,0,0
IDM_PE,D,20100330,000000,10.5,10.5,10,10.1,0,0
IDM_PE,D,20100331,000000,10,10.4,10,10.3,0,0
IDM_PE,D,20100401,000000,10.3,10.9,10.3,10.8,0,0
IDM_PE,D,20100406,000000,10.8,10.8,10.5,10.7,0,0
IDM_PE,D,20100407,000000,10.5,10.5,10.3,10.4,0,0
IDM_PE,D,20100408,000000,10.4,10.4,10.1,10.2,0,0
IDM_PE,D,20100409,000000,10.3,10.6,10.3,10.5,0,0
IDM_PE,D,20100412,000000,10.4,10.8,10.4,10.7,0,0
IDM_PE,D,20100413,000000,10.7,10.9,10.5,10.9,0,0
IDM_PE,D,20100414,000000,10.9,10.9,10.7,10.7,0,0
IDM_PE,D,20100415,000000,10.8,11,10.7,11,0,0
IDM_PE,D,20100416,000000,10.9,10.9,10.6,10.6,0,0
IDM_PE,D,20100419,000000,10.4,10.4,9.9,10.2,0,0
IDM_PE,D,20100420,000000,10.2,10.6,10.2,10.5,0,0
IDM_PE,D,20100421,000000,10.6,10.6,10.4,10.4,0,0
IDM_PE,D,20100422,000000,10.4,10.4,10.1,10.1,0,0
IDM_PE,D,20100423,000000,10.2,10.4,10.2,10.4,0,0
IDM_PE,D,20100426,000000,10.6,10.7,10.6,10.6,0,0
IDM_PE,D,20100427,000000,10.5,10.7,10.4,10.6,0,0
IDM_PE,D,20100428,000000,10.3,10.5,10.2,10.4,0,0
IDM_PE,D,20100429,000000,10.4,10.6,10.2,10.4,0,0
IDM_PE,D,20100430,000000,10.5,10.5,10.4,10.4,0,0
IDM_PE,D,20100504,000000,10.4,10.4,10,10,0,0
IDM_PE,D,20100505,000000,10,10,9.7,9.9,0,0
IDM_PE,D,20100506,000000,9.8,10,9.7,9.9,0,0
IDM_PE,D,20100507,000000,9.5,9.7,9.4,9.4,0,0
IDM_PE,D,20100510,000000,9.7,14,9.7,14,0,0
IDM_PE,D,20100511,000000,13.8,14,13.7,13.8,0,0
IDM_PE,D,20100512,000000,13.8,14.1,13.8,14,0,0
IDM_PE,D,20100513,000000,14.2,14.3,13.9,14.2,0,0
IDM_PE,D,20100514,000000,14,14,13.9,13.9,0,0
IDM_PE,D,20100517,000000,13.7,14,13.7,13.8,0,0
IDM_PE,D,20100518,000000,14.3,14.4,13.8,14.1,0,0
IDM_PE,D,20100519,000000,13.8,13.8,10.5,10.5,0,0
IDM_PE,D,20100520,000000,10.4,10.6,9.7,9.8,0,0
IDM_PE,D,20100521,000000,9.8,10.1,9.7,10.1,0,0
IDM_PE,D,20100524,000000,10.2,10.3,10,10.1,0,0
IDM_PE,D,20100525,000000,9.7,9.8,9.7,9.7,0,0
IDM_PE,D,20100526,000000,9.9,10.2,9.9,10.1,0,0
IDM_PE,D,20100527,000000,10.1,10.4,10.1,10.3,0,0
IDM_PE,D,20100528,000000,10.6,10.6,10.3,10.3,0,0
IDM_PE,D,20100531,000000,10.3,10.4,10.3,10.3,0,0
IDM_PE,D,20100601,000000,10.2,10.2,10,10.2,0,0
IDM_PE,D,20100602,000000,10.2,10.4,10.2,10.3,0,0
IDM_PE,D,20100604,000000,10.4,10.4,10,10.1,0,0
IDM_PE,D,20100607,000000,10,10.1,9.9,9.9,0,0
IDM_PE,D,20100608,000000,10,10.1,9.9,10,0,0
IDM_PE,D,20100609,000000,10.1,10.2,10,10.2,0,0
IDM_PE,D,20100610,000000,10.1,10.4,10.1,10.4,0,0
IDM_PE,D,20100611,000000,10.4,10.4,10.1,10.2,0,0
IDM_PE,D,20100614,000000,10.3,10.4,10.1,10.4,0,0
IDM_PE,D,20100615,000000,10.4,10.4,10,10,0,0
IDM_PE,D,20100616,000000,10.2,10.2,9.9,9.9,0,0
IDM_PE,D,20100617,000000,9.9,9.9,9.8,9.9,0,0
IDM_PE,D,20100618,000000,9.9,9.9,9.6,9.7,0,0
IDM_PE,D,20100621,000000,9.9,9.9,9.7,9.8,0,0
IDM_PE,D,20100622,000000,9.8,9.8,9.6,9.7,0,0
IDM_PE,D,20100623,000000,9.6,9.7,9.6,9.7,0,0
IDM_PE,D,20100624,000000,9.7,10.3,9.7,10.2,0,0
IDM_PE,D,20100625,000000,10.1,10.3,10,10.3,0,0
IDM_PE,D,20100628,000000,10.4,10.8,10.4,10.6,0,0
IDM_PE,D,20100629,000000,10.5,11.1,10.4,10.9,0,0
IDM_PE,D,20100630,000000,11,11,10.8,10.8,0,0
IDM_PE,D,20100701,000000,10.7,10.9,10.6,10.7,0,0
IDM_PE,D,20100702,000000,10.8,10.9,10.7,10.9,0,0
IDM_PE,D,20100705,000000,10.9,11.1,10.9,11,0,0
IDM_PE,D,20100706,000000,11,11.3,11,11.3,0,0
IDM_PE,D,20100707,000000,11.2,11.3,11.1,11.3,0,0
IDM_PE,D,20100708,000000,11.3,11.6,11.3,11.4,0,0
IDM_PE,D,20100709,000000,11.5,11.5,11.3,11.4,0,0
IDM_PE,D,20100712,000000,11.4,11.5,11.4,11.5,0,0
IDM_PE,D,20100713,000000,11.5,11.9,11.5,11.9,0,0
IDM_PE,D,20100714,000000,12.1,12.2,11.8,11.8,0,0
IDM_PE,D,20100715,000000,11.8,12,11.7,11.7,0,0
IDM_PE,D,20100716,000000,11.7,11.8,11.7,11.7,0,0
IDM_PE,D,20100719,000000,11.6,11.7,11.4,11.6,0,0
IDM_PE,D,20100720,000000,11.7,11.7,11.6,11.6,0,0
IDM_PE,D,20100721,000000,11.7,11.9,11.7,11.9,0,0
IDM_PE,D,20100722,000000,11.8,12,11.8,12,0,0
IDM_PE,D,20100723,000000,12.1,12.1,11.8,11.9,0,0
IDM_PE,D,20100726,000000,11.9,11.9,11.7,11.8,0,0
IDM_PE,D,20100727,000000,11.8,11.9,11.6,11.7,0,0
IDM_PE,D,20100728,000000,11.7,11.8,11.6,11.6,0,0
IDM_PE,D,20100729,000000,11.6,11.6,11.4,11.5,0,0
IDM_PE,D,20100730,000000,11.5,11.5,11.2,11.3,0,0
IDM_PE,D,20100802,000000,11.4,11.6,11.3,11.3,0,0
IDM_PE,D,20100803,000000,11.3,11.3,10.8,11.1,0,0
IDM_PE,D,20100804,000000,11.1,11.4,11.1,11.2,0,0
IDM_PE,D,20100805,000000,11.3,11.5,11.3,11.3,0,0
IDM_PE,D,20100806,000000,11.3,11.3,11.2,11.2,0,0
IDM_PE,D,20100809,000000,11.3,11.3,11.1,11.1,0,0
IDM_PE,D,20100810,000000,11.2,11.2,10.9,11,0,0
IDM_PE,D,20100811,000000,11,11,10.8,10.9,0,0
IDM_PE,D,20100812,000000,10.8,10.9,10.8,10.8,0,0
IDM_PE,D,20100813,000000,10.8,10.9,10.8,10.8,0,0
IDM_PE,D,20100816,000000,10.8,11,10.8,11,0,0
IDM_PE,D,20100817,000000,11,11,10.9,10.9,0,0
IDM_PE,D,20100818,000000,11,11.2,10.9,11.1,0,0
IDM_PE,D,20100819,000000,11.1,11.1,10.9,10.9,0,0
IDM_PE,D,20100820,000000,10.9,11,10.8,10.9,0,0
IDM_PE,D,20100823,000000,10.9,11.2,10.9,11,0,0
IDM_PE,D,20100824,000000,11,11,10.8,11,0,0
IDM_PE,D,20100825,000000,11,11,10.9,11,0,0
IDM_PE,D,20100826,000000,11,11.2,11,11.1,0,0
IDM_PE,D,20100827,000000,11.1,11.2,11.1,11.2,0,0
IDM_PE,D,20100830,000000,11.3,11.7,11.2,11.6,0,0
IDM_PE,D,20100831,000000,11.5,11.7,11.3,11.6,0,0
IDM_PE,D,20100901,000000,11.2,11.8,11.2,11.8,0,0
IDM_PE,D,20100902,000000,11.8,12.1,11.8,12.1,0,0
IDM_PE,D,20100903,000000,12.2,15.3,12,15.3,0,0
IDM_PE,D,20100906,000000,15.4,17.6,15.4,17.3,0,0
IDM_PE,D,20100907,000000,17.6,18.3,16.9,17.6,0,0
IDM_PE,D,20100908,000000,17.3,17.7,17.2,17.3,0,0
IDM_PE,D,20100909,000000,17.5,17.7,17.2,17.3,0,0
IDM_PE,D,20100910,000000,17.4,17.6,17.1,17.3,0,0
IDM_PE,D,20100913,000000,17.3,19,17.3,18.9,0,0
IDM_PE,D,20100914,000000,18.8,18.8,17.8,17.8,0,0
IDM_PE,D,20100915,000000,17.8,17.8,17.2,17.3,0,0
IDM_PE,D,20100916,000000,17.4,17.8,17.1,17.7,0,0
IDM_PE,D,20100917,000000,17.7,17.8,17.3,17.3,0,0
IDM_PE,D,20100920,000000,17.4,17.8,17.4,17.8,0,0
IDM_PE,D,20100921,000000,18.1,19.1,18.1,18.9,0,0
IDM_PE,D,20100922,000000,18.8,18.8,18.3,18.6,0,0
IDM_PE,D,20100923,000000,18.6,18.6,17.9,18.1,0,0
IDM_PE,D,20100924,000000,18,19.2,18,19,0,0
IDM_PE,D,20100927,000000,19.2,19.3,18.7,18.8,0,0
IDM_PE,D,20100928,000000,18.5,19.2,18.4,18.6,0,0
IDM_PE,D,20100929,000000,18.9,18.9,18.4,18.6,0,0
IDM_PE,D,20100930,000000,18.4,18.7,18.4,18.5,0,0
IDM_PE,D,20101001,000000,18.4,18.4,18.2,18.3,0,0
IDM_PE,D,20101004,000000,18.4,18.8,17.9,18.6,0,0
IDM_PE,D,20101005,000000,18.2,18.5,18.2,18.4,0,0
IDM_PE,D,20101006,000000,18.5,18.7,18.3,18.3,0,0
IDM_PE,D,20101007,000000,18.3,18.3,17.8,18,0,0
IDM_PE,D,20101008,000000,17.9,18,17.5,17.7,0,0
IDM_PE,D,20101011,000000,17.8,18.4,17.6,18.4,0,0
IDM_PE,D,20101012,000000,18.3,18.3,17.8,17.8,0,0
IDM_PE,D,20101013,000000,17.7,18,17.6,17.6,0,0
IDM_PE,D,20101014,000000,17.7,17.8,17.5,17.7,0,0
IDM_PE,D,20101015,000000,17.8,17.8,17.3,17.3,0,0
IDM_PE,D,20101018,000000,17.1,17.8,17.1,17.8,0,0
IDM_PE,D,20101019,000000,17.6,18.3,17.4,17.7,0,0
IDM_PE,D,20101020,000000,17.6,18,17.5,17.9,0,0
IDM_PE,D,20101021,000000,18,18.3,18,18.2,0,0
IDM_PE,D,20101022,000000,18.2,18.5,18,18.5,0,0
IDM_PE,D,20101025,000000,18.6,19.1,18.6,19,0,0
IDM_PE,D,20101026,000000,19,19,18.4,18.5,0,0
IDM_PE,D,20101027,000000,18.2,19.5,18.2,18.5,0,0
IDM_PE,D,20101028,000000,18.8,18.8,18.2,18.8,0,0
IDM_PE,D,20101029,000000,18.7,19.1,18.6,18.8,0,0
IDM_PE,D,20101102,000000,18.7,18.9,18.5,18.9,0,0
IDM_PE,D,20101103,000000,19,19.3,18.7,19.1,0,0
IDM_PE,D,20101104,000000,19.4,19.9,19.4,19.7,0,0
IDM_PE,D,20101105,000000,20,20,19.5,19.7,0,0
IDM_PE,D,20101108,000000,19.6,19.7,19.5,19.5,0,0
IDM_PE,D,20101109,000000,19.5,19.7,19.3,19.5,0,0
IDM_PE,D,20101110,000000,19.5,19.9,19.4,19.6,0,0
IDM_PE,D,20101112,000000,19.4,19.5,19.1,19.4,0,0
IDM_PE,D,20101115,000000,19.5,19.5,19.3,19.5,0,0
IDM_PE,D,20101116,000000,19,19,17.9,17.9,0,0
IDM_PE,D,20101117,000000,17.9,18.2,16.7,16.8,0,0
IDM_PE,D,20101118,000000,17.1,20.4,17,20.4,0,0
IDM_PE,D,20101119,000000,20.6,20.6,20,20.1,0,0
IDM_PE,D,20101122,000000,20.3,20.8,20.1,20.5,0,0
IDM_PE,D,20101123,000000,20.4,20.4,19.9,20,0,0
IDM_PE,D,20101124,000000,20.1,20.2,19.9,20.1,0,0
IDM_PE,D,20101125,000000,20.3,20.4,20.1,20.4,0,0
IDM_PE,D,20101126,000000,20.2,20.5,20,20.5,0,0
IDM_PE,D,20101129,000000,20.4,20.4,19.3,19.4,0,0
IDM_PE,D,20101130,000000,19.8,19.8,19,19.1,0,0
IDM_PE,D,20101201,000000,19.6,20.5,19.5,20.5,0,0
IDM_PE,D,20101202,000000,20.9,21.6,20.4,20.4,0,0
IDM_PE,D,20101203,000000,20.3,20.9,20,20.2,0,0
IDM_PE,D,20101206,000000,20.3,20.3,19.7,19.9,0,0
IDM_PE,D,20101207,000000,20,20.3,19.8,20,0,0
IDM_PE,D,20101208,000000,19.8,19.9,19.7,19.8,0,0
IDM_PE,D,20101209,000000,19.8,19.8,19.3,19.3,0,0
IDM_PE,D,20101210,000000,19.5,19.6,19.1,19.5,0,0
IDM_PE,D,20101213,000000,19.6,19.8,19.4,19.8,0,0
IDM_PE,D,20101214,000000,19.9,19.9,19.3,19.3,0,0
IDM_PE,D,20101215,000000,19.3,19.5,19.1,19.5,0,0
IDM_PE,D,20101216,000000,19.4,19.4,18.9,18.9,0,0
IDM_PE,D,20101217,000000,19,19.1,18.3,18.6,0,0
IDM_PE,D,20101220,000000,18.5,18.6,18,18,0,0
IDM_PE,D,20101221,000000,18.1,18.8,18,18.4,0,0
IDM_PE,D,20101222,000000,18.9,19,18.4,18.6,0,0
IDM_PE,D,20101223,000000,18.7,18.8,18.3,18.4,0,0
IDM_PE,D,20101227,000000,18.4,18.7,18.1,18.4,0,0
IDM_PE,D,20101228,000000,18.3,18.8,18.3,18.7,0,0
IDM_PE,D,20101229,000000,18.8,19.1,18.7,19,0,0
IDM_PE,D,20101230,000000,19.1,19.1,18.9,18.9,0,0
IDM_PE,D,20101231,000000,18.9,19,18.8,18.9,0,0
IDM_PE,D,20110103,000000,18.9,18.9,18.6,18.9,0,0
IDM_PE,D,20110104,000000,19,19,18.6,18.7,0,0
IDM_PE,D,20110105,000000,18.6,18.6,18,18.2,0,0
IDM_PE,D,20110107,000000,18.3,18.3,18,18.1,0,0
IDM_PE,D,20110110,000000,18.2,18.2,17.5,17.7,0,0
IDM_PE,D,20110111,000000,17.6,17.8,17.3,17.4,0,0
IDM_PE,D,20110112,000000,17.4,18.6,17.3,18.6,0,0
IDM_PE,D,20110113,000000,18.4,18.6,18.2,18.2,0,0
IDM_PE,D,20110114,000000,18.1,18.2,18,18.2,0,0
IDM_PE,D,20110117,000000,18.1,19,17.9,19,0,0
IDM_PE,D,20110118,000000,19,19.7,18.9,18.9,0,0
IDM_PE,D,20110119,000000,19,19.2,18.6,18.8,0,0
IDM_PE,D,20110120,000000,18.6,18.8,18.4,18.4,0,0
IDM_PE,D,20110121,000000,18.4,19.1,18.4,18.9,0,0
IDM_PE,D,20110124,000000,19.1,19.2,18.8,19,0,0
IDM_PE,D,20110125,000000,19.3,19.3,18.8,18.8,0,0
IDM_PE,D,20110126,000000,18.7,19,18.7,18.8,0,0
IDM_PE,D,20110127,000000,18.9,19.1,18.9,19,0,0
IDM_PE,D,20110128,000000,18.8,18.8,18.8,18.8,0,0
IDM_PE,D,20110131,000000,18.4,18.4,18.1,18.2,0,0
IDM_PE,D,20110201,000000,18.3,18.6,18.1,18.6,0,0
IDM_PE,D,20110202,000000,18.6,19,18.4,18.8,0,0
IDM_PE,D,20110203,000000,18.9,19.2,18.7,18.9,0,0
IDM_PE,D,20110204,000000,19,19.7,19,19.4,0,0
IDM_PE,D,20110207,000000,19.7,20.2,19.4,20.1,0,0
IDM_PE,D,20110208,000000,20.2,20.2,19.3,19.4,0,0
IDM_PE,D,20110209,000000,19.5,19.6,19.3,19.6,0,0
IDM_PE,D,20110210,000000,19.5,19.6,19,19,0,0
IDM_PE,D,20110211,000000,18.9,18.9,18.6,18.9,0,0
IDM_PE,D,20110214,000000,19,19.1,18.6,19.1,0,0
IDM_PE,D,20110215,000000,19.1,19.1,18.8,18.9,0,0
IDM_PE,D,20110216,000000,18.8,18.9,18.7,18.8,0,0
IDM_PE,D,20110217,000000,18.7,19.1,18.7,18.7,0,0
IDM_PE,D,20110218,000000,18.7,18.8,18.2,18.4,0,0
IDM_PE,D,20110221,000000,18.5,18.5,18.3,18.4,0,0
IDM_PE,D,20110222,000000,18.4,18.4,18.2,18.4,0,0
IDM_PE,D,20110223,000000,18.3,18.5,18.3,18.4,0,0
IDM_PE,D,20110224,000000,18.4,18.4,18.2,18.3,0,0
IDM_PE,D,20110225,000000,18.3,18.6,18.2,18.5,0,0
IDM_PE,D,20110228,000000,18.5,18.9,18.4,18.9,0,0
IDM_PE,D,20110301,000000,19,19,18.4,18.4,0,0
IDM_PE,D,20110302,000000,18.4,18.6,18.3,18.4,0,0
IDM_PE,D,20110303,000000,18.6,18.9,18.5,18.9,0,0
IDM_PE,D,20110304,000000,19,19.3,18.7,18.7,0,0
IDM_PE,D,20110307,000000,18.7,18.8,18.5,18.7,0,0
IDM_PE,D,20110308,000000,18.6,18.9,18.6,18.8,0,0
IDM_PE,D,20110309,000000,19,19,18.6,18.8,0,0
IDM_PE,D,20110310,000000,18.7,18.8,18.4,18.4,0,0
IDM_PE,D,20110311,000000,18.3,18.5,18,18.4,0,0
IDM_PE,D,20110314,000000,18.2,18.5,18.2,18.2,0,0
IDM_PE,D,20110315,000000,18.1,18.1,17.1,17.7,0,0
IDM_PE,D,20110316,000000,17.7,18,17.6,17.6,0,0
IDM_PE,D,20110317,000000,17.6,18,17.6,18,0,0
IDM_PE,D,20110318,000000,18,18.2,17.8,18.2,0,0
IDM_PE,D,20110321,000000,18.2,18.5,18.1,18.2,0,0
IDM_PE,D,20110322,000000,18.2,18.2,17.7,17.7,0,0
IDM_PE,D,20110323,000000,17.6,17.8,17.6,17.7,0,0
IDM_PE,D,20110324,000000,17.6,17.8,13.8,13.8,0,0
IDM_PE,D,20110325,000000,13.8,13.9,13.8,13.9,0,0
IDM_PE,D,20110328,000000,13.9,14,13.8,13.8,0,0
IDM_PE,D,20110329,000000,13.9,14,13.7,13.7,0,0
IDM_PE,D,20110330,000000,13.7,14,13.7,13.8,0,0
IDM_PE,D,20110331,000000,13.9,13.9,13.7,13.8,0,0
IDM_PE,D,20110401,000000,14,14,13.8,13.9,0,0
IDM_PE,D,20110404,000000,13.9,13.9,13.7,13.7,0,0
IDM_PE,D,20110405,000000,13.7,14.1,13.7,14.1,0,0
IDM_PE,D,20110406,000000,14.1,14.3,14.1,14.2,0,0
IDM_PE,D,20110407,000000,14.3,14.3,14,14,0,0
IDM_PE,D,20110408,000000,14.1,14.1,13.8,13.8,0,0
IDM_PE,D,20110411,000000,13.8,13.8,13.7,13.8,0,0
IDM_PE,D,20110412,000000,13.7,13.8,13.6,13.7,0,0
IDM_PE,D,20110413,000000,13.7,13.7,13.5,13.7,0,0
IDM_PE,D,20110414,000000,13.6,13.7,13.4,13.5,0,0
IDM_PE,D,20110415,000000,13.4,13.6,13.1,13.5,0,0
IDM_PE,D,20110418,000000,13.5,13.7,13.2,13.4,0,0
IDM_PE,D,20110419,000000,13.4,13.7,13.4,13.6,0,0
IDM_PE,D,20110420,000000,13.6,14,13.6,13.6,0,0
IDM_PE,D,20110421,000000,13.8,13.8,13.6,13.6,0,0
IDM_PE,D,20110426,000000,13.6,13.6,13.5,13.5,0,0
IDM_PE,D,20110427,000000,13.6,13.6,13.4,13.5,0,0
IDM_PE,D,20110428,000000,13.5,13.6,13.4,13.5,0,0
IDM_PE,D,20110429,000000,13.5,13.6,13.5,13.5,0,0
IDM_PE,D,20110502,000000,13.5,13.8,13.5,13.8,0,0
IDM_PE,D,20110504,000000,13.8,13.8,13.5,13.5,0,0
IDM_PE,D,20110505,000000,13.5,14.4,13.3,14.4,0,0
IDM_PE,D,20110506,000000,14.4,14.6,14.2,14.5,0,0
IDM_PE,D,20110509,000000,14.2,14.5,14.2,14.4,0,0
IDM_PE,D,20110510,000000,14.4,14.5,14.3,14.3,0,0
IDM_PE,D,20110511,000000,14.4,14.4,14.1,14.1,0,0
IDM_PE,D,20110512,000000,14.1,14.3,14,14.2,0,0
IDM_PE,D,20110513,000000,14.1,14.4,14.1,14.4,0,0
IDM_PE,D,20110516,000000,14.3,15,14.3,15,0,0
IDM_PE,D,20110517,000000,14.8,14.8,14.5,14.5,0,0
IDM_PE,D,20110518,000000,14.8,14.9,14.5,14.8,0,0
IDM_PE,D,20110519,000000,14.9,15.3,14.6,14.6,0,0
IDM_PE,D,20110520,000000,14.7,15,14.6,14.9,0,0
IDM_PE,D,20110523,000000,14.9,14.9,14.5,14.6,0,0
IDM_PE,D,20110524,000000,14.5,14.9,14.4,14.9,0,0
IDM_PE,D,20110525,000000,14.8,14.9,14.6,14.9,0,0
IDM_PE,D,20110526,000000,14.9,15,14.7,14.8,0,0
IDM_PE,D,20110527,000000,14.9,14.9,14.6,14.9,0,0
IDM_PE,D,20110530,000000,14.9,14.9,14.6,14.7,0,0
IDM_PE,D,20110531,000000,14.7,14.7,14.3,14.7,0,0
IDM_PE,D,20110601,000000,14.6,14.7,14.3,14.6,0,0
IDM_PE,D,20110602,000000,14.4,14.6,14.4,14.6,0,0
IDM_PE,D,20110603,000000,14.6,14.9,14.5,14.9,0,0
IDM_PE,D,20110606,000000,14.9,14.9,14.7,14.8,0,0
IDM_PE,D,20110607,000000,14.8,15.3,14.7,15.1,0,0
IDM_PE,D,20110608,000000,15.1,15.3,15,15.2,0,0
IDM_PE,D,20110609,000000,15.2,15.2,14.9,15,0,0
IDM_PE,D,20110610,000000,14.9,15,14.6,14.6,0,0
IDM_PE,D,20110613,000000,14.5,14.7,14.4,14.5,0,0
IDM_PE,D,20110614,000000,14.5,14.6,14.2,14.2,0,0
IDM_PE,D,20110615,000000,14.1,14.2,13.9,13.9,0,0
IDM_PE,D,20110616,000000,13.9,14,13.8,13.9,0,0
IDM_PE,D,20110617,000000,13.9,14.2,13.8,14.2,0,0
IDM_PE,D,20110620,000000,14.2,14.2,13.8,13.8,0,0
IDM_PE,D,20110621,000000,13.7,13.9,13.6,13.7,0,0
IDM_PE,D,20110622,000000,13.8,13.9,13.6,13.8,0,0
IDM_PE,D,20110624,000000,13.7,13.8,13.4,13.4,0,0
IDM_PE,D,20110627,000000,13.4,13.4,12.7,12.9,0,0
IDM_PE,D,20110628,000000,12.9,13,12.7,12.9,0,0
IDM_PE,D,20110629,000000,13.1,13.3,13.1,13.2,0,0
IDM_PE,D,20110630,000000,13.2,13.4,12.8,13,0,0
IDM_PE,D,20110701,000000,13.1,13.1,12.7,12.8,0,0
IDM_PE,D,20110704,000000,12.9,13.2,12.9,12.9,0,0
IDM_PE,D,20110705,000000,13.1,13.1,12.9,12.9,0,0
IDM_PE,D,20110706,000000,12.9,13.2,12.8,13.2,0,0
IDM_PE,D,20110707,000000,13.2,13.9,13.2,13.9,0,0
IDM_PE,D,20110708,000000,13.9,13.9,13.7,13.9,0,0
IDM_PE,D,20110711,000000,13.9,13.9,13.5,13.7,0,0
IDM_PE,D,20110712,000000,13.4,13.4,13,13.3,0,0
IDM_PE,D,20110713,000000,13.1,13.6,13.1,13.5,0,0
IDM_PE,D,20110714,000000,13.3,13.6,13.3,13.6,0,0
IDM_PE,D,20110715,000000,13.6,13.6,13.3,13.6,0,0
IDM_PE,D,20110718,000000,13.4,13.4,12.8,12.8,0,0
IDM_PE,D,20110719,000000,12.9,13,12.7,12.8,0,0
IDM_PE,D,20110720,000000,12.9,12.9,12.5,12.7,0,0
IDM_PE,D,20110721,000000,12.6,12.7,12.3,12.7,0,0
IDM_PE,D,20110722,000000,12.5,12.8,12.5,12.8,0,0
IDM_PE,D,20110725,000000,12.7,13.1,12.6,13.1,0,0
IDM_PE,D,20110726,000000,13.1,13.3,12.9,13.1,0,0
IDM_PE,D,20110727,000000,13.1,13.1,12.8,12.9,0,0
IDM_PE,D,20110728,000000,12.8,12.8,12.6,12.7,0,0
IDM_PE,D,20110729,000000,12.6,12.8,12.5,12.6,0,0
IDM_PE,D,20110801,000000,12.7,13.1,12.6,12.6,0,0
IDM_PE,D,20110802,000000,12.6,12.6,12.4,12.5,0,0
IDM_PE,D,20110803,000000,12.3,12.5,11.3,11.3,0,0
IDM_PE,D,20110804,000000,11.3,11.5,9.9,10,0,0
IDM_PE,D,20110805,000000,9.3,10,9.2,9.3,0,0
IDM_PE,D,20110808,000000,9.1,9.5,8,8,0,0
IDM_PE,D,20110809,000000,8.2,8.2,6.9,7.7,0,0
IDM_PE,D,20110810,000000,8.2,8.2,7.3,7.4,0,0
IDM_PE,D,20110811,000000,7.9,8.2,7.3,8.1,0,0
IDM_PE,D,20110812,000000,8.3,8.8,8,8.5,0,0
IDM_PE,D,20110816,000000,8.8,9,8.4,8.8,0,0
IDM_PE,D,20110817,000000,8.8,9,8.6,8.7,0,0
IDM_PE,D,20110818,000000,8.6,8.6,7.6,7.7,0,0
IDM_PE,D,20110819,000000,7.7,8.1,7.3,7.8,0,0
IDM_PE,D,20110822,000000,7.7,8.2,7.7,7.9,0,0
IDM_PE,D,20110823,000000,8.1,8.4,7.8,7.8,0,0
IDM_PE,D,20110824,000000,8,8.1,7.8,7.9,0,0
IDM_PE,D,20110825,000000,8,8.2,7.9,8,0,0
IDM_PE,D,20110826,000000,8.1,8.2,7.8,8.1,0,0
IDM_PE,D,20110829,000000,8.2,8.7,8,8.6,0,0
IDM_PE,D,20110830,000000,8.7,9,8.6,8.9,0,0
IDM_PE,D,20110831,000000,9,9.2,9,9,0,0
IDM_PE,D,20110901,000000,9,9,8.7,8.9,0,0
IDM_PE,D,20110902,000000,8.7,8.8,8.3,8.6,0,0
IDM_PE,D,20110905,000000,8.3,8.6,7.2,7.2,0,0
IDM_PE,D,20110906,000000,7.2,7.4,7,7.1,0,0
IDM_PE,D,20110907,000000,7.2,7.5,7.1,7.5,0,0
IDM_PE,D,20110908,000000,7.5,7.6,7.3,7.4,0,0
IDM_PE,D,20110909,000000,7.4,7.4,7.1,7.3,0,0
IDM_PE,D,20110912,000000,7.1,7.1,6.8,7,0,0
IDM_PE,D,20110913,000000,7.1,7.1,6.8,7,0,0
IDM_PE,D,20110914,000000,6.9,7,6.6,6.6,0,0
IDM_PE,D,20110915,000000,6.7,6.8,6.6,6.7,0,0
IDM_PE,D,20110916,000000,6.8,6.9,6.6,6.9,0,0
IDM_PE,D,20110919,000000,6.9,6.9,6.8,6.9,0,0
IDM_PE,D,20110920,000000,6.8,7.2,6.8,7.1,0,0
IDM_PE,D,20110921,000000,7.1,7.2,7,7.1,0,0
IDM_PE,D,20110922,000000,6.8,7,6.7,6.7,0,0
IDM_PE,D,20110923,000000,6.7,6.9,6.4,6.9,0,0
IDM_PE,D,20110926,000000,6.6,7,6.6,7,0,0
IDM_PE,D,20110927,000000,7.1,7.1,6.8,6.8,0,0
IDM_PE,D,20110928,000000,6.8,6.8,6.7,6.7,0,0
IDM_PE,D,20110929,000000,6.7,6.9,6.7,6.7,0,0
IDM_PE,D,20110930,000000,6.7,6.8,6.5,6.5,0,0
IDM_PE,D,20111003,000000,6.3,6.5,6.3,6.5,0,0
IDM_PE,D,20111004,000000,6.3,6.4,6.2,6.4,0,0
IDM_PE,D,20111005,000000,6.4,6.5,6.3,6.4,0,0
IDM_PE,D,20111006,000000,6.5,6.6,6.4,6.4,0,0
IDM_PE,D,20111007,000000,6.5,7,6.4,7,0,0
IDM_PE,D,20111010,000000,7,7.6,7,7.4,0,0
IDM_PE,D,20111011,000000,7.4,7.4,7.2,7.3,0,0
IDM_PE,D,20111012,000000,7.2,7.3,7.1,7.1,0,0
IDM_PE,D,20111013,000000,7.1,7.3,7,7.2,0,0
IDM_PE,D,20111014,000000,7.3,7.6,7.2,7.2,0,0
IDM_PE,D,20111017,000000,7.3,7.7,7.3,7.5,0,0
IDM_PE,D,20111018,000000,7.4,7.5,7.2,7.5,0,0
IDM_PE,D,20111019,000000,7.5,7.8,7.5,7.7,0,0
IDM_PE,D,20111020,000000,7.6,7.9,7.5,7.7,0,0
IDM_PE,D,20111021,000000,7.7,8,7.7,8,0,0
IDM_PE,D,20111024,000000,8,8.1,7.9,8,0,0
IDM_PE,D,20111025,000000,8,8,7.5,7.6,0,0
IDM_PE,D,20111026,000000,7.6,7.7,7.5,7.5,0,0
IDM_PE,D,20111027,000000,7.8,7.9,7.6,7.7,0,0
IDM_PE,D,20111028,000000,7.8,7.8,7.4,7.5,0,0
IDM_PE,D,20111031,000000,7.5,7.5,7.3,7.4,0,0
IDM_PE,D,20111102,000000,6.9,7.6,6.9,7.5,0,0
IDM_PE,D,20111103,000000,7.4,7.6,7.4,7.4,0,0
IDM_PE,D,20111104,000000,7.5,7.6,7.4,7.5,0,0
IDM_PE,D,20111107,000000,7.5,7.8,7.5,7.5,0,0
IDM_PE,D,20111108,000000,7.5,7.5,7.2,7.2,0,0
IDM_PE,D,20111109,000000,7.3,7.3,6.5,6.5,0,0
IDM_PE,D,20111110,000000,6.4,6.5,6.2,6.3,0,0
IDM_PE,D,20111114,000000,6.8,6.8,6.2,6.2,0,0
IDM_PE,D,20111115,000000,5.9,6.1,5.8,5.9,0,0
IDM_PE,D,20111116,000000,5.8,6,5.8,6,0,0
IDM_PE,D,20111117,000000,6,6.1,5.9,6,0,0
IDM_PE,D,20140307,000000,11.1,11.1,11.1,11.1,0,0
IDM_PE,D,20140310,000000,10,11.1,8.9,10,0,0
IDM_PE,D,20140311,000000,10,11.1,10,10,0,0
IDM_PE,D,20140312,000000,10,11.1,8.9,10,0,0
IDM_PE,D,20140313,000000,8.9,10,8.9,8.9,0,0
IDM_PE,D,20140314,000000,8.9,10,8.9,10,0,0
IDM_PE,D,20140317,000000,10,10,8.9,8.9,0,0
IDM_PE,D,20140318,000000,8.9,8.9,7.8,8.9,0,0
IDM_PE,D,20140319,000000,7.8,8.9,7.8,7.8,0,0
IDM_PE,D,20140320,000000,7.8,8.9,7.8,8.9,0,0
IDM_PE,D,20140321,000000,8.9,8.9,7.8,8.9,0,0
IDM_PE,D,20140324,000000,8.9,8.9,7.8,7.8,0,0
IDM_PE,D,20140325,000000,7.8,8.9,7.8,8.9,0,0
IDM_PE,D,20140326,000000,7.8,8.9,6.7,7.8,0,0
IDM_PE,D,20140327,000000,7.8,7.8,6.7,7.8,0,0
IDM_PE,D,20140328,000000,6.7,7.8,6.7,7.8,0,0
IDM_PE,D,20140331,000000,7.8,7.8,6.7,7.8,0,0
IDM_PE,D,20140401,000000,6.7,7.8,6.7,7.8,0,0
IDM_PE,D,20140402,000000,7.8,7.8,6.7,6.7,0,0
IDM_PE,D,20140403,000000,6.7,6.7,6.7,6.7,0,0
IDM_PE,D,20140404,000000,5.6,5.6,5.6,5.6,0,0
IDM_PE,D,20140407,000000,6.7,6.7,6.7,6.7,0,0
IDM_PE,D,20140408,000000,6.7,6.7,6.7,6.7,0,0
IDM_PE,D,20140409,000000,6.7,6.7,6.7,6.7,0,0
IDM_PE,D,20140410,000000,7.8,7.8,7.8,7.8,0,0
IDM_PE,D,20140411,000000,7.8,7.8,7.8,7.8,0,0
IDM_PE,D,20140414,000000,7.8,7.8,6.7,6.7,0,0
IDM_PE,D,20140415,000000,6.7,7.8,6.7,7.8,0,0
IDM_PE,D,20140416,000000,6.7,6.7,6.7,6.7,0,0
IDM_PE,D,20140508,000000,3.2,3.9,3.2,3.9,0,0
IDM_PE,D,20140509,000000,4.4,4.4,3.8,3.8,0,0
IDM_PE,D,20140512,000000,3.3,3.3,3,3,0,0
IDM_PE,D,20140513,000000,2.8,2.8,2.8,2.8,0,0
IDM_PE,D,20140514,000000,2.6,2.6,2.5,2.5,0,0
IDM_PE,D,20140515,000000,2.4,2.4,2.1,2.1,0,0
IDM_PE,D,20140516,000000,1.7,1.8,1.7,1.8,0,0
IDM_PE,D,20140519,000000,2.2,2.2,1.9,1.9,0,0
IDM_PE,D,20140605,000000,0.9,0.9,0.9,0.9,0,0
IDM_PE,D,20140606,000000,0.9,1,0.9,1,0,0
IDM_PE,D,20140609,000000,1,1.1,1,1.1,0,0
IDM_PE,D,20160302,000000,1.5,1.5,1.5,1.5,0,0
IDM_PE,D,20160303,000000,1.7,1.7,1.5,1.5,0,0
IDM_PE,D,20160304,000000,1.5,1.5,1.5,1.5,0,0
IDM_PE,D,20160307,000000,1.5,1.5,1.4,1.5,0,0
IDM_PE,D,20160308,000000,1.6,1.6,1.4,1.5,0,0
IDM_PE,D,20160309,000000,1.4,1.5,1.4,1.4,0,0
IDM_PE,D,20160310,000000,1.4,1.4,1.3,1.4,0,0
IDM_PE,D,20160311,000000,1.5,1.5,1.4,1.4,0,0
IDM_PE,D,20160314,000000,1.3,1.4,1.3,1.4,0,0
IDM_PE,D,20160315,000000,1.5,1.5,1.4,1.4,0,0
IDM_PE,D,20160316,000000,1.4,1.4,1.3,1.4,0,0
IDM_PE,D,20160317,000000,1.4,1.5,1.4,1.5,0,0
IDM_PE,D,20160318,000000,1.4,1.5,1.4,1.5,0,0
IDM_PE,D,20160321,000000,1.4,1.5,1.4,1.4,0,0
IDM_PE,D,20160323,000000,1.3,1.4,1.3,1.4,0,0
IDM_PE,D,20160324,000000,1.3,1.4,1.2,1.2,0,0
IDM_PE,D,20160329,000000,1.4,1.4,1.2,1.4,0,0
IDM_PE,D,20160330,000000,1.3,1.3,1.2,1.2,0,0
IDM_PE,D,20160331,000000,1.2,1.3,1.2,1.3,0,0
IDM_PE,D,20160401,000000,1.2,1.3,1.2,1.3,0,0
IDM_PE,D,20160404,000000,1.2,1.3,1.2,1.3,0,0
IDM_PE,D,20160405,000000,1.3,1.3,1.2,1.3,0,0
IDM_PE,D,20160406,000000,1.2,1.3,1.2,1.3,0,0
IDM_PE,D,20160407,000000,1.3,1.3,1.3,1.3,0,0
IDM_PE,D,20160408,000000,1.3,1.3,1.3,1.3,0,0
IDM_PE,D,20160411,000000,1.2,1.3,1.2,1.3,0,0
IDM_PE,D,20160412,000000,1.3,1.3,1.2,1.2,0,0
IDM_PE,D,20160413,000000,1.2,1.3,1.2,1.3,0,0
IDM_PE,D,20160414,000000,1.2,1.3,1.2,1.2,0,0
IDM_PE,D,20160415,000000,1.2,1.2,1.2,1.2,0,0
IDM_PE,D,20160418,000000,1.2,1.2,1.2,1.2,0,0
IDM_PE,D,20160419,000000,1.1,1.2,1.1,1.2,0,0
IDM_PE,D,20160420,000000,1.1,1.2,1.1,1.2,0,0
IDM_PE,D,20160421,000000,1.2,1.2,1.2,1.2,0,0
IDM_PE,D,20160422,000000,1.1,1.3,1.1,1.3,0,0
IDM_PE,D,20160425,000000,1.2,1.3,1.2,1.3,0,0
IDM_PE,D,20160426,000000,1.2,1.3,1.2,1.2,0,0
IDM_PE,D,20160427,000000,1.2,1.2,1.1,1.2,0,0
IDM_PE,D,20160428,000000,1.3,1.3,1.2,1.2,0,0
IDM_PE,D,20160429,000000,1.2,1.2,1.2,1.2,0,0
IDM_PE,D,20160502,000000,1.2,1.2,1.2,1.2,0,0
IDM_PE,D,20160504,000000,1.2,1.2,1.2,1.2,0,0
IDM_PE,D,20160506,000000,1.2,9.5,1.2,9.5,0,0
IDM_PE,D,20160509,000000,9.4,9.6,9.3,9.6,0,0
IDM_PE,D,20160510,000000,9.6,9.9,9.2,9.7,0,0
IDM_PE,D,20160511,000000,9.4,9.7,9.4,9.7,0,0
IDM_PE,D,20160513,000000,9.1,9.6,9.1,9.5,0,0
IDM_PE,D,20160516,000000,9.6,9.6,9.2,9.6,0,0
IDM_PE,D,20160517,000000,9.6,9.6,9.2,9.6,0,0
IDM_PE,D,20160518,000000,9.5,9.5,9.3,9.3,0,0
IDM_PE,D,20160519,000000,9.2,9.5,8.8,9.4,0,0
IDM_PE,D,20160520,000000,8.8,9.5,8.8,9.5,0,0
IDM_PE,D,20160523,000000,9.4,9.4,9.4,9.4,0,0
IDM_PE,D,20160524,000000,8.9,9.2,8.9,8.9,0,0
IDM_PE,D,20160525,000000,9.3,9.4,9.3,9.4,0,0
IDM_PE,D,20160527,000000,9.5,9.5,8.9,9.5,0,0
IDM_PE,D,20160530,000000,9.1,9.1,9.1,9.1,0,0
IDM_PE,D,20160531,000000,9.1,9.1,8.9,8.9,0,0
IDM_PE,D,20160601,000000,9,9.5,8.8,9.3,0,0
IDM_PE,D,20160602,000000,8.9,9.4,8.7,9.3,0,0
IDM_PE,D,20160606,000000,8.4,8.5,8.4,8.5,0,0
IDM_PE,D,20160607,000000,8.5,8.5,8.5,8.5,0,0
IDM_PE,D,20160608,000000,8.6,8.7,8.6,8.6,0,0
IDM_PE,D,20160609,000000,8.6,8.8,8.6,8.7,0,0
IDM_PE,D,20160610,000000,8.6,8.6,8.6,8.6,0,0
IDM_PE,D,20160613,000000,8.5,8.5,8.5,8.5,0,0
IDM_PE,D,20160615,000000,8.4,8.5,8.4,8.5,0,0
IDM_PE,D,20160616,000000,7.3,7.3,7.1,7.2,0,0
IDM_PE,D,20160617,000000,6.6,7.4,6.6,7.3,0,0
IDM_PE,D,20160620,000000,7.9,8,7.9,8,0,0
IDM_PE,D,20160621,000000,8,8.7,8,8.7,0,0
IDM_PE,D,20160622,000000,8.7,9.7,8.7,9.6,0,0
IDM_PE,D,20160623,000000,9.3,9.7,9.3,9.3,0,0
IDM_PE,D,20160624,000000,8.8,9.8,8.4,9.7,0,0
IDM_PE,D,20160627,000000,8.5,9.6,8.5,9.6,0,0
IDM_PE,D,20160628,000000,9.6,9.6,9,9.6,0,0
IDM_PE,D,20160629,000000,9.7,9.7,9.5,9.5,0,0
IDM_PE,D,20160630,000000,9.6,9.6,9.6,9.6,0,0
IDM_PE,D,20160701,000000,9.5,9.5,9.5,9.5,0,0
IDM_PE,D,20160704,000000,8.1,8.1,8.1,8.1,0,0
IDM_PE,D,20160705,000000,9.5,9.5,9.4,9.4,0,0
IDM_PE,D,20160706,000000,9.3,9.3,9.3,9.3,0,0
IDM_PE,D,20160707,000000,9.1,9.1,8.4,8.5,0,0
IDM_PE,D,20160708,000000,9.1,9.1,9.1,9.1,0,0
IDM_PE,D,20160711,000000,9.1,9.1,9.1,9.1,0,0
IDM_PE,D,20160712,000000,9.2,9.3,9.2,9.3,0,0
IDM_PE,D,20160713,000000,9.1,9.1,9.1,9.1,0,0
IDM_PE,D,20160715,000000,9.1,9.1,9.1,9.1,0,0
IDM_PE,D,20160718,000000,8.1,8.1,8.1,8.1,0,0
IDM_PE,D,20160719,000000,8.3,8.3,8.1,8.1,0,0
IDM_PE,D,20160721,000000,9.2,9.3,9.2,9.3,0,0
IDM_PE,D,20160722,000000,9.3,9.3,9.3,9.3,0,0
IDM_PE,D,20160725,000000,9.1,9.1,9.1,9.1,0,0
IDM_PE,D,20160726,000000,9,9,9,9,0,0
IDM_PE,D,20160728,000000,9,9,9,9,0,0
IDM_PE,D,20160729,000000,9,9,9,9,0,0
IDM_PE,D,20160802,000000,9,9,9,9,0,0
IDM_PE,D,20160803,000000,8.9,8.9,7.9,7.9,0,0
IDM_PE,D,20160804,000000,8.2,8.2,8.2,8.2,0,0
IDM_PE,D,20160805,000000,8.4,8.5,8.4,8.5,0,0
IDM_PE,D,20160808,000000,8.4,8.4,8.4,8.4,0,0
IDM_PE,D,20160809,000000,9,9,8.9,8.9,0,0
IDM_PE,D,20160810,000000,8.7,9,8.7,9,0,0
IDM_PE,D,20160811,000000,9,9,9,9,0,0
IDM_PE,D,20160812,000000,8.8,8.8,8.8,8.8,0,0
IDM_PE,D,20160816,000000,8.9,9,8.9,9,0,0
IDM_PE,D,20160817,000000,8.9,8.9,8.9,8.9,0,0
IDM_PE,D,20160818,000000,9,9,9,9,0,0
IDM_PE,D,20160819,000000,9,9,9,9,0,0
IDM_PE,D,20160822,000000,9,9,9,9,0,0
IDM_PE,D,20160823,000000,9,9.1,9,9.1,0,0
IDM_PE,D,20170413,000000,1.3,1.3,1.3,1.3,0,0
IDM_PE,D,20170418,000000,1.3,1.3,1.3,1.3,0,0
IDM_PE,D,20170419,000000,1.2,1.2,1.2,1.2,0,0
IDM_PE,D,20170420,000000,1.2,1.2,1.2,1.2,0,0
IDM_PE,D,20170421,000000,1.2,1.2,1.2,1.2,0,0
IDM_PE,D,20170424,000000,1.2,1.2,1.1,1.2,0,0
IDM_PE,D,20170425,000000,1.2,1.2,1.1,1.1,0,0
IDM_PE,D,20170426,000000,1.1,1.1,1.1,1.1,0,0
IDM_PE,D,20170427,000000,1.1,1.1,1.1,1.1,0,0
IDM_PE,D,20170428,000000,1.1,1.1,1.1,1.1,0,0
IDM_PE,D,20170502,000000,1.1,1.3,1.1,1.3,0,0
IDM_PE,D,20170504,000000,1.1,1.1,1.1,1.1,0,0
IDM_PE,D,20170505,000000,1.1,1.1,1.1,1.1,0,0
IDM_PE,D,20170508,000000,1.1,1.1,1.1,1.1,0,0
IDM_PE,D,20170509,000000,1.1,3.7,1,3.7,0,0
IDM_PE,D,20170510,000000,3.8,3.8,3.7,3.7,0,0
IDM_PE,D,20170511,000000,3.6,3.9,3.6,3.9,0,0
IDM_PE,D,20170512,000000,3.8,3.8,3.8,3.8,0,0
IDM_PE,D,20170515,000000,3.7,3.7,3.7,3.7,0,0
IDM_PE,D,20170516,000000,3.8,3.8,3.8,3.8,0,0
IDM_PE,D,20170517,000000,3.8,3.8,3.8,3.8,0,0
IDM_PE,D,20170518,000000,4,4,4,4,0,0
IDM_PE,D,20170519,000000,4,4,3.8,3.8,0,0
IDM_PE,D,20170523,000000,3.9,3.9,3.8,3.8,0,0
IDM_PE,D,20170525,000000,3.8,4,3.8,4,0,0
IDM_PE,D,20170526,000000,4.2,4.2,4.2,4.2,0,0
IDM_PE,D,20170530,000000,3.8,3.8,3.8,3.8,0,0
IDM_PE,D,20170531,000000,3.8,3.8,3.7,3.7,0,0
IDM_PE,D,20170601,000000,3.6,3.7,3.6,3.7,0,0
IDM_PE,D,20170602,000000,3.7,3.7,3.7,3.7,0,0
IDM_PE,D,20170607,000000,3.7,3.7,3.7,3.7,0,0
IDM_PE,D,20170608,000000,3.7,3.8,3.7,3.7,0,0
IDM_PE,D,20170609,000000,3.7,3.7,3.7,3.7,0,0
IDM_PE,D,20170612,000000,3.9,3.9,3.9,3.9,0,0
IDM_PE,D,20170613,000000,3.7,3.7,3.7,3.7,0,0
IDM_PE,D,20170614,000000,3.7,3.7,3.7,3.7,0,0
IDM_PE,D,20170616,000000,3.9,3.9,3.7,3.7,0,0
IDM_PE,D,20170619,000000,3.7,3.7,3.7,3.7,0,0
IDM_PE,D,20170621,000000,3.7,3.7,3.7,3.7,0,0
IDM_PE,D,20170622,000000,3.7,3.7,3.7,3.7,0,0
IDM_PE,D,20170623,000000,3.7,3.7,3.7,3.7,0,0
IDM_PE,D,20170626,000000,3.6,3.6,3.6,3.6,0,0
IDM_PE,D,20170627,000000,3.6,3.6,3.6,3.6,0,0
IDM_PE,D,20170628,000000,3.6,3.6,3.6,3.6,0,0
IDM_PE,D,20170629,000000,3.3,3.3,3.3,3.3,0,0
IDM_PE,D,20170704,000000,3.4,3.4,3.3,3.3,0,0
IDM_PE,D,20170705,000000,3.3,3.3,3.3,3.3,0,0
IDM_PE,D,20170710,000000,3.4,3.5,3.4,3.5,0,0
IDM_PE,D,20170711,000000,3.5,3.5,3.5,3.5,0,0
IDM_PE,D,20170712,000000,3.5,3.6,3.5,3.6,0,0
IDM_PE,D,20170713,000000,3.9,3.9,3.8,3.8,0,0
IDM_PE,D,20170714,000000,3.5,3.5,3.5,3.5,0,0
IDM_PE,D,20170717,000000,3.5,3.5,3.5,3.5,0,0
IDM_PE,D,20170718,000000,3.5,3.5,3.5,3.5,0,0
IDM_PE,D,20170719,000000,3.5,3.8,3.5,3.8,0,0
IDM_PE,D,20170720,000000,4,4,4,4,0,0
IDM_PE,D,20170721,000000,3.6,3.7,3.6,3.7,0,0
IDM_PE,D,20191121,000000,0.5,0.5,0.5,0.5,0,0
IDM_PE,D,20191122,000000,0.5,0.5,0.5,0.5,0,0
IDM_PE,D,20191125,000000,0.5,0.5,0.5,0.5,0,0
IDM_PE,D,20191127,000000,0.5,0.5,0.5,0.5,0,0
IDM_PE,D,20191128,000000,0.5,0.5,0.4,0.4,0,0
IDM_PE,D,20191129,000000,0.4,0.5,0.4,0.5,0,0
IDM_PE,D,20191202,000000,0.5,0.5,0.4,0.4,0,0
IDM_PE,D,20191203,000000,0.4,0.4,0.4,0.4,0,0
IDM_PE,D,20191204,000000,0.4,0.5,0.4,0.5,0,0
IDM_PE,D,20191205,000000,0.5,0.5,0.4,0.4,0,0
IDM_PE,D,20191206,000000,0.4,0.4,0.4,0.4,0,0
IDM_PE,D,20191209,000000,0.4,0.4,0.4,0.4,0,0
IDM_PE,D,20191210,000000,0.4,0.4,0.4,0.4,0,0
IDM_PE,D,20191211,000000,0.4,0.4,0.4,0.4,0,0
IDM_PE,D,20191212,000000,0.4,0.4,0.4,0.4,0,0
IDM_PE,D,20191213,000000,0.4,0.4,0.4,0.4,0,0
IDM_PE,D,20191216,000000,0.4,0.4,0.4,0.4,0,0
IDM_PE,D,20191217,000000,0.4,0.4,0.4,0.4,0,0
IDM_PE,D,20191218,000000,0.4,0.4,0.4,0.4,0,0
IDM_PE,D,20191219,000000,0.4,0.4,0.4,0.4,0,0
IDM_PE,D,20191220,000000,0.4,0.4,0.4,0.4,0,0
IDM_PE,D,20191223,000000,0.4,0.4,0.4,0.4,0,0
IDM_PE,D,20191227,000000,0.4,0.4,0.4,0.4,0,0
IDM_PE,D,20191230,000000,0.4,0.4,0.4,0.4,0,0
IDM_PE,D,20200102,000000,0.4,0.4,0.4,0.4,0,0
IDM_PE,D,20200103,000000,0.4,0.4,0.4,0.4,0,0
IDM_PE,D,20200107,000000,0.4,0.4,0.4,0.4,0,0
IDM_PE,D,20200108,000000,0.4,0.4,0.4,0.4,0,0
IDM_PE,D,20200109,000000,0.4,0.4,0.4,0.4,0,0
IDM_PE,D,20200110,000000,0.4,0.4,0.4,0.4,0,0
IDM_PE,D,20200113,000000,0.4,0.4,0.4,0.4,0,0
IDM_PE,D,20200114,000000,0.4,0.4,0.4,0.4,0,0
IDM_PE,D,20200115,000000,0.4,0.4,0.4,0.4,0,0
IDM_PE,D,20200116,000000,0.4,0.4,0.4,0.4,0,0
IDM_PE,D,20200117,000000,0.4,0.4,0.4,0.4,0,0
IDM_PE,D,20200120,000000,0.4,0.4,0.4,0.4,0,0
IDM_PE,D,20200122,000000,0.4,0.4,0.4,0.4,0,0
IDM_PE,D,20200123,000000,0.4,0.4,0.4,0.4,0,0
IDM_PE,D,20200124,000000,0.4,0.4,0.4,0.4,0,0
IDM_PE,D,20200127,000000,0.4,0.4,0.4,0.4,0,0
IDM_PE,D,20200128,000000,0.4,0.4,0.4,0.4,0,0
IDM_PE,D,20200129,000000,0.4,0.4,0.4,0.4,0,0
IDM_PE,D,20200130,000000,0.4,0.4,0.4,0.4,0,0
IDM_PE,D,20200131,000000,0.4,0.4,0.4,0.4,0,0
IDM_PE,D,20200203,000000,0.4,0.4,0.4,0.4,0,0
IDM_PE,D,20200204,000000,0.4,0.4,0.4,0.4,0,0
IDM_PE,D,20200207,000000,0.4,0.4,0.4,0.4,0,0
IDM_PE,D,20200210,000000,0.4,0.4,0.4,0.4,0,0
IDM_PE,D,20200211,000000,0.4,0.4,0.4,0.4,0,0
IDM_PE,D,20200214,000000,0.4,0.4,0.4,0.4,0,0
IDM_PE,D,20200217,000000,0.4,0.5,0.4,0.4,0,0
IDM_PE,D,20200218,000000,0.4,0.4,0.4,0.4,0,0
IDM_PE,D,20200219,000000,0.4,0.4,0.4,0.4,0,0
IDM_PE,D,20200220,000000,0.4,0.4,0.4,0.4,0,0
IDM_PE,D,20200221,000000,0.4,0.4,0.4,0.4,0,0
IDM_PE,D,20200224,000000,0.4,0.4,0.4,0.4,0,0
IDM_PE,D,20200225,000000,0.4,0.4,0.4,0.4,0,0
IDM_PE,D,20200226,000000,0.4,0.4,0.4,0.4,0,0
IDM_PE,D,20200227,000000,0.4,0.4,0.3,0.3,0,0
IDM_PE,D,20200228,000000,0.3,0.3,0.3,0.3,0,0
IDM_PE,D,20200302,000000,0.3,0.3,0.3,0.3,0,0
IDM_PE,D,20200303,000000,0.3,0.4,0.3,0.4,0,0
IDM_PE,D,20200304,000000,0.4,0.4,0.4,0.4,0,0
IDM_PE,D,20200305,000000,0.4,0.4,0.4,0.4,0,0
IDM_PE,D,20200306,000000,0.4,0.4,0.4,0.4,0,0
IDM_PE,D,20200309,000000,0.4,0.4,0.4,0.4,0,0
IDM_PE,D,20200310,000000,0.4,0.4,0.4,0.4,0,0
IDM_PE,D,20200311,000000,0.4,0.4,0.4,0.4,0,0
IDM_PE,D,20200312,000000,0.4,0.4,0.4,0.4,0,0
IDM_PE,D,20200313,000000,0.4,0.4,0.3,0.3,0,0
IDM_PE,D,20200316,000000,0.3,0.3,0.3,0.3,0,0
IDM_PE,D,20200317,000000,0.3,0.3,0.3,0.3,0,0
IDM_PE,D,20200318,000000,0.3,0.3,0.3,0.3,0,0
IDM_PE,D,20200320,000000,0.3,0.3,0.3,0.3,0,0
IDM_PE,D,20200323,000000,0.3,0.3,0.3,0.3,0,0
IDM_PE,D,20200324,000000,0.3,0.3,0.3,0.3,0,0
IDM_PE,D,20200325,000000,0.3,0.3,0.3,0.3,0,0
IDM_PE,D,20200326,000000,0.3,0.3,0.3,0.3,0,0
IDM_PE,D,20200327,000000,0.3,0.3,0.3,0.3,0,0
IDM_PE,D,20200330,000000,0.3,0.3,0.3,0.3,0,0
IDM_PE,D,20200331,000000,0.3,0.3,0.3,0.3,0,0
IDM_PE,D,20200401,000000,0.3,0.3,0.3,0.3,0,0
IDM_PE,D,20200402,000000,0.3,0.3,0.3,0.3,0,0
IDM_PE,D,20200403,000000,0.3,0.3,0.3,0.3,0,0
IDM_PE,D,20200406,000000,0.3,0.3,0.3,0.3,0,0
IDM_PE,D,20200407,000000,0.3,0.3,0.3,0.3,0,0
IDM_PE,D,20200408,000000,0.3,0.4,0.3,0.4,0,0
IDM_PE,D,20200409,000000,0.4,0.4,0.4,0.4,0,0
IDM_PE,D,20200414,000000,0.4,0.4,0.4,0.4,0,0
IDM_PE,D,20200415,000000,0.4,0.4,0.4,0.4,0,0
IDM_PE,D,20200416,000000,0.4,0.4,0.4,0.4,0,0
IDM_PE,D,20200417,000000,0.4,0.5,0.4,0.5,0,0
IDM_PE,D,20200420,000000,0.5,0.5,0.5,0.5,0,0
IDM_PE,D,20200421,000000,0.5,0.6,0.5,0.6,0,0
IDM_PE,D,20200422,000000,0.6,0.6,0.6,0.6,0,0
IDM_PE,D,20200423,000000,0.6,0.6,0.6,0.6,0,0
IDM_PE,D,20200424,000000,0.6,0.6,0.5,0.5,0,0
IDM_PE,D,20200427,000000,0.5,0.5,0.5,0.5,0,0
IDM_PE,D,20200428,000000,0.5,0.5,0.3,0.3,0,0
IDM_PE,D,20200429,000000,0.3,0.3,0.3,0.3,0,0
IDM_PE,D,20200430,000000,0.3,0.3,0.3,0.3,0,0
IDM_PE,D,20200504,000000,0.3,0.3,0.3,0.3,0,0
IDM_PE,D,20200505,000000,0.3,0.3,0.3,0.3,0,0
IDM_PE,D,20200506,000000,0.3,0.3,0.3,0.3,0,0
IDM_PE,D,20200507,000000,0.3,0.3,0.3,0.3,0,0
IDM_PE,D,20200508,000000,0.3,0.3,0.3,0.3,0,0
IDM_PE,D,20200511,000000,0.3,0.3,0.3,0.3,0,0
IDM_PE,D,20200512,000000,0.3,0.4,0.3,0.4,0,0
IDM_PE,D,20200513,000000,0.4,0.5,0.4,0.4,0,0
IDM_PE,D,20200514,000000,0.4,0.4,0.3,0.4,0,0
IDM_PE,D,20200515,000000,0.4,0.5,0.4,0.5,0,0
IDM_PE,D,20200518,000000,0.5,0.5,0.5,0.5,0,0
IDM_PE,D,20200519,000000,0.5,0.5,0.5,0.5,0,0
IDM_PE,D,20200520,000000,0.5,0.5,0.5,0.5,0,0
IDM_PE,D,20200521,000000,0.5,0.5,0.4,0.4,0,0
IDM_PE,D,20200522,000000,0.4,0.5,0.4,0.5,0,0
IDM_PE,D,20200525,000000,0.5,0.5,0.4,0.4,0,0
IDM_PE,D,20200526,000000,0.4,0.4,0.4,0.4,0,0
IDM_PE,D,20200527,000000,0.4,0.4,0.4,0.4,0,0
IDM_PE,D,20200528,000000,0.4,0.4,0.4,0.4,0,0
IDM_PE,D,20200529,000000,0.4,0.4,0.3,0.4,0,0
IDM_PE,D,20200601,000000,0.4,0.4,0.3,0.3,0,0
IDM_PE,D,20200602,000000,0.3,0.4,0.3,0.4,0,0
IDM_PE,D,20200603,000000,0.4,0.4,0.3,0.3,0,0
IDM_PE,D,20200604,000000,0.3,0.4,0.3,0.4,0,0
IDM_PE,D,20200605,000000,0.4,4.9,0.4,4.9,0,0
IDM_PE,D,20200608,000000,4.7,5,4.4,4.4,0,0
IDM_PE,D,20200609,000000,4.7,4.7,4.5,4.5,0,0
IDM_PE,D,20200610,000000,4.3,5.4,3.9,5.2,0,0
IDM_PE,D,20200612,000000,5.2,5.2,4.7,5,0,0
IDM_PE,D,20200615,000000,5.1,5.2,4.9,4.9,0,0
IDM_PE,D,20200616,000000,5.1,5.1,4.7,5,0,0
IDM_PE,D,20200617,000000,4.7,5,4.7,4.7,0,0
IDM_PE,D,20200618,000000,4.7,5,4.7,4.7,0,0
IDM_PE,D,20200619,000000,4.7,4.8,4.6,4.8,0,0
IDM_PE,D,20200622,000000,4.6,4.9,4.6,4.9,0,0
IDM_PE,D,20200623,000000,4.6,4.9,4.6,4.7,0,0
IDM_PE,D,20200624,000000,4.7,4.7,4.6,4.6,0,0
IDM_PE,D,20200625,000000,4.5,4.7,4.5,4.5,0,0
IDM_PE,D,20200626,000000,4.7,4.7,4.5,4.7,0,0
IDM_PE,D,20200701,000000,4.4,4.7,4.4,4.7,0,0
IDM_PE,D,20200702,000000,4.4,4.7,4.4,4.7,0,0
IDM_PE,D,20200703,000000,4.6,4.7,4.4,4.7,0,0
IDM_PE,D,20200706,000000,4.5,4.5,4.1,4.2,0,0
IDM_PE,D,20200707,000000,4.3,4.3,4.2,4.3,0,0
IDM_PE,D,20200708,000000,4.4,4.4,4.4,4.4,0,0
IDM_PE,D,20200709,000000,4.2,4.3,4.1,4.3,0,0
IDM_PE,D,20200710,000000,4.3,4.3,4.3,4.3,0,0
IDM_PE,D,20200713,000000,4.1,4.1,4.1,4.1,0,0
IDM_PE,D,20200714,000000,4.1,4.1,4.1,4.1,0,0
IDM_PE,D,20200715,000000,4.2,4.3,4.2,4.2,0,0
IDM_PE,D,20200716,000000,4.1,4.4,4,4.4,0,0
IDM_PE,D,20200717,000000,4.7,4.7,4.4,4.6,0,0
IDM_PE,D,20200720,000000,4.4,4.5,4.4,4.5,0,0
IDM_PE,D,20200721,000000,4.4,4.5,4.3,4.3,0,0
IDM_PE,D,20200722,000000,4.3,4.3,4.2,4.2,0,0
IDM_PE,D,20200723,000000,4.3,5,4.3,4.8,0,0
IDM_PE,D,20200724,000000,4.7,5,4.6,5,0,0
IDM_PE,D,20200727,000000,4.9,4.9,4.9,4.9,0,0
IDM_PE,D,20200728,000000,4.7,4.8,4.5,4.5,0,0
IDM_PE,D,20200729,000000,4.5,4.7,4.5,4.5,0,0
IDM_PE,D,20200730,000000,4.5,4.8,4.5,4.5,0,0
IDM_PE,D,20200731,000000,4.5,4.8,4.5,4.8,0,0
IDM_PE,D,20200803,000000,4.8,4.9,4.7,4.7,0,0
IDM_PE,D,20200804,000000,4.7,4.8,4.7,4.8,0,0
IDM_PE,D,20200805,000000,4.8,4.8,4.5,4.5,0,0
IDM_PE,D,20200806,000000,4.5,4.8,4.5,4.5,0,0
IDM_PE,D,20200810,000000,4.7,4.7,4.5,4.5,0,0
IDM_PE,D,20200811,000000,4.5,4.5,4.5,4.5,0,0
IDM_PE,D,20200812,000000,4.5,4.5,4.5,4.5,0,0
IDM_PE,D,20200813,000000,4.5,4.7,4.4,4.4,0,0
IDM_PE,D,20200814,000000,4.3,4.6,4.3,4.6,0,0
IDM_PE,D,20200818,000000,4.3,4.6,4.3,4.6,0,0
IDM_PE,D,20200821,000000,4.6,4.6,4.3,4.3,0,0
IDM_PE,D,20200824,000000,4.3,4.3,4.3,4.3,0,0
IDM_PE,D,20200825,000000,4.3,4.3,4.3,4.3,0,0
IDM_PE,D,20200826,000000,4.1,4.1,4,4,0,0
IDM_PE,D,20200827,000000,4.1,4.1,4.1,4.1,0,0
IDM_PE,D,20200828,000000,4.1,4.1,4,4,0,0
IDM_PE,D,20200831,000000,4,4,3.7,3.8,0,0
IDM_PE,D,20200901,000000,3.8,4.1,3.5,3.5,0,0
IDM_PE,D,20200902,000000,3.8,3.8,3.8,3.8,0,0
IDM_PE,D,20200903,000000,3.8,3.8,3.4,3.4,0,0
IDM_PE,D,20200907,000000,3.4,3.4,3.2,3.4,0,0
IDM_PE,D,20200908,000000,3.2,3.4,3.2,3.4,0,0
IDM_PE,D,20200909,000000,3.2,3.4,3.2,3.4,0,0
IDM_PE,D,20200911,000000,3.3,3.4,3.3,3.4,0,0
IDM_PE,D,20200915,000000,3.3,3.3,3.2,3.2,0,0
IDM_PE,D,20200916,000000,3.3,3.5,3.3,3.5,0,0
IDM_PE,D,20200917,000000,3.8,3.8,3.5,3.5,0,0
IDM_PE,D,20200918,000000,3.3,3.5,3.2,3.5,0,0
IDM_PE,D,20200921,000000,3.3,3.3,3.2,3.3,0,0
IDM_PE,D,20200922,000000,3.3,3.4,3.3,3.4,0,0
IDM_PE,D,20200923,000000,3.4,3.4,3.4,3.4,0,0
IDM_PE,D,20200924,000000,3.4,3.4,2.5,2.5,0,0
IDM_PE,D,20200925,000000,2.5,2.6,2.5,2.5,0,0
IDM_PE,D,20200928,000000,2.4,2.5,2.4,2.5,0,0
IDM_PE,D,20200929,000000,2.5,2.5,2.5,2.5,0,0
IDM_PE,D,20201001,000000,2.4,2.5,2.4,2.4,0,0
IDM_PE,D,20201002,000000,2.4,2.4,2.4,2.4,0,0
IDM_PE,D,20201005,000000,2.4,2.4,2.4,2.4,0,0
IDM_PE,D,20201007,000000,2.4,2.5,2.4,2.4,0,0
IDM_PE,D,20201008,000000,2.4,2.4,2.4,2.4,0,0
IDM_PE,D,20201009,000000,2.4,2.5,2.4,2.5,0,0
IDM_PE,D,20201012,000000,2.4,2.4,2.4,2.4,0,0
IDM_PE,D,20201014,000000,2.4,2.4,2.4,2.4,0,0
IDM_PE,D,20201015,000000,2.4,2.4,2.4,2.4,0,0
IDM_PE,D,20201016,000000,2.4,2.5,2.4,2.4,0,0
IDM_PE,D,20201019,000000,2.3,2.4,2.3,2.4,0,0
IDM_PE,D,20201020,000000,2.4,2.4,2.4,2.4,0,0
IDM_PE,D,20201021,000000,2.4,2.4,2.4,2.4,0,0
IDM_PE,D,20201022,000000,2.5,2.5,2.4,2.4,0,0
IDM_PE,D,20201023,000000,2.4,2.4,2.3,2.3,0,0
IDM_PE,D,20201026,000000,2.3,2.4,2.3,2.4,0,0
IDM_PE,D,20201027,000000,2.4,2.4,2.1,2.2,0,0
IDM_PE,D,20201028,000000,2.1,2.2,2.1,2.2,0,0
IDM_PE,D,20201029,000000,2.1,2.1,2.1,2.1,0,0
IDM_PE,D,20201030,000000,2.2,2.2,2.2,2.2,0,0
IDM_PE,D,20201102,000000,2.1,2.2,2.1,2.1,0,0
IDM_PE,D,20201104,000000,2.1,2.1,2.1,2.1,0,0
IDM_PE,D,20201105,000000,2.2,2.2,2.1,2.1,0,0
IDM_PE,D,20201106,000000,2.1,2.1,2.1,2.1,0,0
IDM_PE,D,20201109,000000,2.1,2.1,2,2.1,0,0
IDM_PE,D,20201110,000000,2.1,2.2,2,2.2,0,0
IDM_PE,D,20201112,000000,2.1,2.1,2.1,2.1,0,0
IDM_PE,D,20201113,000000,2.2,2.2,2.1,2.1,0,0
IDM_PE,D,20201116,000000,2.2,2.2,2.1,2.1,0,0
IDM_PE,D,20201117,000000,2.1,2.2,2.1,2.2,0,0
IDM_PE,D,20201118,000000,2.2,2.2,2.1,2.2,0,0
IDM_PE,D,20201119,000000,2.2,2.3,2.2,2.3,0,0
IDM_PE,D,20201120,000000,2.3,2.4,2.3,2.4,0,0
IDM_PE,D,20201123,000000,2.4,2.4,2.3,2.3,0,0
IDM_PE,D,20201124,000000,2.3,2.3,2.2,2.3,0,0
IDM_PE,D,20201125,000000,2.3,2.3,2.3,2.3,0,0
IDM_PE,D,20201126,000000,2.3,2.4,2.3,2.3,0,0
IDM_PE,D,20201127,000000,2.4,2.4,2.3,2.3,0,0
IDM_PE,D,20201130,000000,2.3,2.5,2.3,2.3,0,0
IDM_PE,D,20201201,000000,2.3,10,2.1,10,0,0
IDM_PE,D,20201202,000000,9.9,10.7,9.9,10.7,0,0
IDM_PE,D,20201203,000000,10.9,11.2,10.5,11,0,0
IDM_PE,D,20201204,000000,11,11.9,11,11.5,0,0
IDM_PE,D,20201207,000000,12,12.1,11.5,11.6,0,0
IDM_PE,D,20201208,000000,11.5,11.5,11.5,11.5,0,0
IDM_PE,D,20201209,000000,11.5,11.5,11.3,11.3,0,0
IDM_PE,D,20201210,000000,11.3,12.1,11.3,12.1,0,0
IDM_PE,D,20201211,000000,11.9,13.3,11.9,13.1,0,0
IDM_PE,D,20201214,000000,13.3,14.1,13.2,14.1,0,0
IDM_PE,D,20201215,000000,12.9,14.7,12.9,14.7,0,0
IDM_PE,D,20201216,000000,15.2,16.2,14.9,15.5,0,0
IDM_PE,D,20201217,000000,15,16.2,15,16.1,0,0
IDM_PE,D,20201218,000000,16.9,17.6,15.9,17,0,0
IDM_PE,D,20201221,000000,16.6,16.6,14.7,15.4,0,0
IDM_PE,D,20201222,000000,15.4,16.6,15.4,16.5,0,0
IDM_PE,D,20201223,000000,15.3,16.4,15.3,16.1,0,0
IDM_PE,D,20201228,000000,15.4,17.3,15.4,16.4,0,0
IDM_PE,D,20201229,000000,16.4,16.7,15.8,16.4,0,0
IDM_PE,D,20201230,000000,15.8,15.8,14.8,14.9,0,0
IDM_PE,D,20210104,000000,14.7,15.7,14.7,14.8,0,0
IDM_PE,D,20210105,000000,14.8,15.6,14.8,15.6,0,0
IDM_PE,D,20210107,000000,14.9,15.5,14.9,15.5,0,0
IDM_PE,D,20210108,000000,14.8,15.6,14.8,15.6,0,0
IDM_PE,D,20210111,000000,15.6,15.6,15.6,15.6,0,0
IDM_PE,D,20210113,000000,14.9,14.9,14.9,14.9,0,0
IDM_PE,D,20210114,000000,14.8,14.8,14.7,14.7,0,0
IDM_PE,D,20210115,000000,14.6,14.7,14.5,14.5,0,0
IDM_PE,D,20210118,000000,14,14.5,13.7,14.1,0,0
IDM_PE,D,20210119,000000,14,14.2,14,14.1,0,0
IDM_PE,D,20210120,000000,14.1,14.7,14.1,14.7,0,0
IDM_PE,D,20210121,000000,14.1,14.1,14.1,14.1,0,0
IDM_PE,D,20210122,000000,14.1,14.7,14.1,14.7,0,0
IDM_PE,D,20210125,000000,14.2,14.7,13.6,14.7,0,0
IDM_PE,D,20210126,000000,14.8,14.8,14.8,14.8,0,0
IDM_PE,D,20210127,000000,13.6,14.8,13.6,13.6,0,0
IDM_PE,D,20210128,000000,13.8,14.7,13.8,13.8,0,0
IDM_PE,D,20210129,000000,13.8,14.3,13.8,14.3,0,0
IDM_PE,D,20210201,000000,13.8,14.5,13.7,14.5,0,0
IDM_PE,D,20210202,000000,13.8,14.7,13.8,14.1,0,0
IDM_PE,D,20210204,000000,14.1,16,14.1,16,0,0
IDM_PE,D,20210205,000000,16.2,16.2,16,16.2,0,0
IDM_PE,D,20210208,000000,15.1,16,15.1,16,0,0
IDM_PE,D,20210209,000000,15.2,16.2,15.1,16.2,0,0
IDM_PE,D,20210210,000000,16.4,16.4,16.2,16.2,0,0
IDM_PE,D,20210211,000000,16.2,16.2,16.2,16.2,0,0
IDM_PE,D,20210212,000000,16.2,16.4,16.2,16.4,0,0
IDM_PE,D,20210215,000000,16.4,16.4,15.6,16.4,0,0
IDM_PE,D,20210216,000000,15.6,16.6,15.6,15.6,0,0
IDM_PE,D,20210217,000000,16.6,16.6,16.3,16.3,0,0
IDM_PE,D,20210218,000000,16.3,16.6,16.3,16.3,0,0
IDM_PE,D,20210219,000000,16.6,16.7,16.3,16.7,0,0
IDM_PE,D,20210222,000000,16.6,16.6,16.3,16.3,0,0
IDM_PE,D,20210223,000000,15.7,16.3,15.5,16.3,0,0
IDM_PE,D,20210224,000000,15.6,15.6,15.6,15.6,0,0
IDM_PE,D,20210225,000000,16.4,17.6,16.4,17.5,0,0
IDM_PE,D,20210226,000000,16.5,17.3,16.5,17.2,0,0
IDM_PE,D,20210301,000000,16.1,19.9,16.1,19.9,0,0
IDM_PE,D,20210302,000000,20.5,24.6,20.5,24.6,0,0
IDM_PE,D,20210304,000000,29,29.3,21.7,23.9,0,0
IDM_PE,D,20210305,000000,23.4,23.7,21.7,22.9,0,0
IDM_PE,D,20210308,000000,22.9,22.9,21.7,22.9,0,0
IDM_PE,D,20210309,000000,21.8,22.9,21.8,22.9,0,0
IDM_PE,D,20210310,000000,22.9,22.9,21.9,22.9,0,0
IDM_PE,D,20210311,000000,21.7,22.9,21.7,22.6,0,0
IDM_PE,D,20210312,000000,21.8,22.2,21.1,22.1,0,0
IDM_PE,D,20210315,000000,21.3,22.1,21.2,22.1,0,0
IDM_PE,D,20210316,000000,22,22,21.9,21.9,0,0
IDM_PE,D,20210317,000000,21.2,21.3,20.5,21.1,0,0
IDM_PE,D,20210318,000000,21,21.1,20.3,20.6,0,0
IDM_PE,D,20210319,000000,20.7,21.2,20.7,21.2,0,0
IDM_PE,D,20210322,000000,21.3,21.3,20.5,21.3,0,0
IDM_PE,D,20210323,000000,20.4,21.2,20.4,20.8,0,0
IDM_PE,D,20210324,000000,19.7,20.8,19.7,20.8,0,0
IDM_PE,D,20210325,000000,20.7,20.8,20.6,20.6,0,0
IDM_PE,D,20210326,000000,20.1,20.6,20.1,20.2,0,0
IDM_PE,D,20210329,000000,20.2,20.3,20.2,20.2,0,0
IDM_PE,D,20210330,000000,20.1,20.8,20.1,20.6,0,0
IDM_PE,D,20210331,000000,20,20.5,20,20.5,0,0
IDM_PE,D,20210401,000000,20.6,20.7,20.6,20.6,0,0
IDM_PE,D,20210406,000000,20.6,21,20.4,21,0,0
IDM_PE,D,20210407,000000,20.5,20.5,20.3,20.3,0,0
IDM_PE,D,20210408,000000,19.8,19.8,19.4,19.7,0,0
IDM_PE,D,20210409,000000,19.4,19.8,18.8,19.8,0,0
IDM_PE,D,20210412,000000,18.8,19.8,18.8,19.8,0,0
IDM_PE,D,20210413,000000,18.8,18.9,18.1,18.8,0,0
IDM_PE,D,20210414,000000,18.1,18.7,17.6,18.7,0,0
IDM_PE,D,20210415,000000,18.7,18.7,16.9,17.8,0,0
IDM_PE,D,20210416,000000,17.7,17.7,17.7,17.7,0,0
IDM_PE,D,20210419,000000,17.7,17.7,17.7,17.7,0,0
IDM_PE,D,20210420,000000,17.8,19,17.8,19,0,0
IDM_PE,D,20210421,000000,18.2,18.2,18.2,18.2,0,0
IDM_PE,D,20210422,000000,18.2,19.1,18.2,19.1,0,0
IDM_PE,D,20210423,000000,18.3,19.1,17,17.9,0,0
IDM_PE,D,20210426,000000,17.9,18.8,17.9,18.8,0,0
IDM_PE,D,20210427,000000,18.8,18.8,17.7,17.7,0,0
IDM_PE,D,20210428,000000,17.7,18.8,17.7,17.7,0,0
IDM_PE,D,20210429,000000,17.7,17.7,17.6,17.6,0,0
IDM_PE,D,20210430,000000,18.7,18.7,18.7,18.7,0,0
IDM_PE,D,20210504,000000,17.9,17.9,9.9,9.9,0,0
IDM_PE,D,20210618,000000,375,375,350,365,0,0
IDM_PE,D,20210621,000000,355,355,340,340,0,0
IDM_PE,D,20210622,000000,335,335,317.5,317.5,0,0
IDM_PE,D,20210623,000000,325,350,325,350,0,0
IDM_PE,D,20210624,000000,350,350,315,332.5,0,0
IDM_PE,D,20210625,000000,332.5,367.5,332.5,367.5,0,0
IDM_PE,D,20210628,000000,345,345,325,330,0,0
IDM_PE,D,20210629,000000,320,330,320,330,0,0
IDM_PE,D,20210630,000000,320,320,320,320,0,0
IDM_PE,D,20210701,000000,320,320,320,320,0,0
IDM_PE,D,20210702,000000,315,347.5,315,337.5,0,0
IDM_PE,D,20210705,000000,330,337.5,330,337.5,0,0
IDM_PE,D,20210706,000000,325,347.5,325,330,0,0
IDM_PE,D,20210707,000000,332.5,332.5,332.5,332.5,0,0
IDM_PE,D,20210708,000000,325,400,315,390,0,0
IDM_PE,D,20210709,000000,395,402.5,357.5,390,0,0
IDM_PE,D,20210712,000000,360,362.5,337.5,360,0,0
IDM_PE,D,20210713,000000,360,360,340,360,0,0
IDM_PE,D,20210714,000000,360,360,360,360,0,0
IDM_PE,D,20210715,000000,360,360,360,360,0,0
IDM_PE,D,20210716,000000,362.5,362.5,342.5,360,0,0
IDM_PE,D,20210719,000000,340,340,337.5,337.5,0,0
IDM_PE,D,20210720,000000,337.5,337.5,317.5,317.5,0,0
IDM_PE,D,20210721,000000,320,342.5,320,342.5,0,0
IDM_PE,D,20210722,000000,325,325,317.5,320,0,0
IDM_PE,D,20210723,000000,320,340,320,340,0,0
IDM_PE,D,20210726,000000,317.5,340,317.5,340,0,0
IDM_PE,D,20210727,000000,320,340,317.5,317.5,0,0
IDM_PE,D,20210728,000000,317.5,317.5,317.5,317.5,0,0
IDM_PE,D,20210729,000000,317.5,317.5,312.5,312.5,0,0
IDM_PE,D,20210730,000000,317.5,317.5,317.5,317.5,0,0
IDM_PE,D,20210802,000000,312.5,312.5,312.5,312.5,0,0
IDM_PE,D,20210803,000000,317.5,317.5,317.5,317.5,0,0
IDM_PE,D,20210804,000000,307.5,310,307.5,310,0,0
IDM_PE,D,20210805,000000,317.5,317.5,317.5,317.5,0,0
IDM_PE,D,20210806,000000,322.5,322.5,322.5,322.5,0,0
IDM_PE,D,20210809,000000,322.5,337.5,322.5,325,0,0
IDM_PE,D,20210810,000000,310,325,310,325,0,0
IDM_PE,D,20210811,000000,310,310,310,310,0,0
IDM_PE,D,20210812,000000,325,325,312.5,312.5,0,0
IDM_PE,D,20210813,000000,312.5,312.5,312.5,312.5,0,0
IDM_PE,D,20210816,000000,312.5,312.5,312.5,312.5,0,0
IDM_PE,D,20210817,000000,312.5,325,310,325,0,0
IDM_PE,D,20210818,000000,325,325,310,310,0,0
IDM_PE,D,20210819,000000,310,310,310,310,0,0
IDM_PE,D,20210820,000000,325,325,325,325,0,0
IDM_PE,D,20210823,000000,310,310,310,310,0,0
IDM_PE,D,20210824,000000,310,320,310,320,0,0
IDM_PE,D,20210825,000000,310,310,310,310,0,0
IDM_PE,D,20210826,000000,310,310,310,310,0,0
IDM_PE,D,20210827,000000,310,310,310,310,0,0
IDM_PE,D,20210830,000000,310,310,295,300,0,0
IDM_PE,D,20210831,000000,280,300,280,300,0,0
IDM_PE,D,20210901,000000,290,290,287.5,287.5,0,0
IDM_PE,D,20210902,000000,277.5,277.5,277.5,277.5,0,0
IDM_PE,D,20210903,000000,280,287.5,280,285,0,0
IDM_PE,D,20210906,000000,287.5,300,282.5,300,0,0
IDM_PE,D,20210907,000000,287.5,287.5,287.5,287.5,0,0
IDM_PE,D,20210908,000000,287.5,287.5,287.5,287.5,0,0
IDM_PE,D,20210909,000000,287.5,287.5,275,277.5,0,0
IDM_PE,D,20210914,000000,287.5,300,287.5,297.5,0,0
IDM_PE,D,20210915,000000,297.5,297.5,290,290,0,0
IDM_PE,D,20210916,000000,287.5,287.5,287.5,287.5,0,0
IDM_PE,D,20210917,000000,297.5,297.5,287.5,297.5,0,0
IDM_PE,D,20210921,000000,275,277.5,275,277.5,0,0
IDM_PE,D,20210922,000000,280,280,280,280,0,0
IDM_PE,D,20210927,000000,280,280,280,280,0,0
IDM_PE,D,20210928,000000,280,280,280,280,0,0
IDM_PE,D,20210929,000000,280,295,275,295,0,0
IDM_PE,D,20210930,000000,295,295,275,275,0,0
IDM_PE,D,20211001,000000,297.5,297.5,297.5,297.5,0,0
IDM_PE,D,20211004,000000,277.5,277.5,277.5,277.5,0,0
IDM_PE,D,20211005,000000,287.5,350,13.5,13.5,0,0
IDM_PE,D,20211006,000000,15.3,16.4,12.5,12.5,0,0
IDM_PE,D,20211007,000000,13.5,14.4,12.5,14,0,0
IDM_PE,D,20211008,000000,14.4,14.4,13.9,14.3,0,0
IDM_PE,D,20211011,000000,14.4,14.4,14.4,14.4,0,0
IDM_PE,D,20211012,000000,14.4,14.9,14.4,14.4,0,0
IDM_PE,D,20211013,000000,13.9,13.9,13.1,13.2,0,0
IDM_PE,D,20211014,000000,13.2,14,13,13.9,0,0
IDM_PE,D,20211015,000000,12.9,13.9,12.9,13.9,0,0
IDM_PE,D,20211018,000000,13.9,13.9,13,13,0,0
IDM_PE,D,20211019,000000,13.1,13.1,13.1,13.1,0,0
IDM_PE,D,20211020,000000,13.1,13.1,13,13,0,0
IDM_PE,D,20211021,000000,13,13,12.5,12.5,0,0
IDM_PE,D,20211022,000000,12.9,12.9,12.5,12.9,0,0
IDM_PE,D,20211025,000000,12.9,13.1,12.9,13.1,0,0
IDM_PE,D,20211026,000000,12.7,13.1,11.6,12,0,0
IDM_PE,D,20211027,000000,12,12,12,12,0,0
IDM_PE,D,20211028,000000,12.5,12.5,12.1,12.4,0,0
IDM_PE,D,20211029,000000,12.4,12.5,12.1,12.5,0,0
IDM_PE,D,20211102,000000,12.1,12.5,12.1,12.5,0,0
IDM_PE,D,20211103,000000,12.1,12.5,12.1,12.5,0,0
IDM_PE,D,20211104,000000,12.3,13.3,12.3,12.5,0,0
IDM_PE,D,20211105,000000,12.5,13.3,12.5,13.3,0,0
IDM_PE,D,20211108,000000,12.5,13.3,12.5,13.3,0,0
IDM_PE,D,20211109,000000,13.3,13.3,12.6,13.3,0,0
IDM_PE,D,20211110,000000,12.7,13.4,12.6,13.4,0,0
IDM_PE,D,20211112,000000,12.6,12.6,12.6,12.6,0,0
IDM_PE,D,20211115,000000,12.6,13.2,12,12.6,0,0
IDM_PE,D,20211116,000000,13.1,13.1,12.5,12.5,0,0
IDM_PE,D,20211117,000000,12.5,12.5,11.9,11.9,0,0
IDM_PE,D,20211118,000000,12,12,11.9,12,0,0
IDM_PE,D,20211119,000000,11.9,12.4,11.9,12.4,0,0
IDM_PE,D,20211122,000000,12,12.4,12,12.4,0,0
IDM_PE,D,20211124,000000,12,97.7,11.9,97.7,0,0
IDM_PE,D,20211125,000000,97.7,97.7,97.7,97.7,0,0
IDM_PE,D,20211126,000000,93.2,94.7,93.2,94.7,0,0
IDM_PE,D,20211129,000000,97.7,97.7,90.2,91.7,0,0
IDM_PE,D,20211130,000000,90.9,92.4,90.9,92.4,0,0
IDM_PE,D,20211201,000000,90.9,90.9,90.9,90.9,0,0
IDM_PE,D,20211202,000000,90.9,90.9,90.9,90.9,0,0
IDM_PE,D,20211203,000000,90.9,90.9,90.9,90.9,0,0
IDM_PE,D,20211206,000000,90.2,90.9,90.1,90.1,0,0
IDM_PE,D,20211207,000000,90.2,90.2,86.4,86.4,0,0
IDM_PE,D,20211208,000000,86.4,86.4,83.3,83.3,0,0
IDM_PE,D,20211209,000000,83.3,90.2,83.3,90.1,0,0
IDM_PE,D,20211210,000000,90.2,90.2,84.8,84.8,0,0
IDM_PE,D,20211213,000000,84.8,84.8,83.3,84.8,0,0
IDM_PE,D,20211214,000000,84.1,84.8,76.5,83.3,0,0
IDM_PE,D,20211215,000000,78,80.3,78,80.3,0,0
IDM_PE,D,20211216,000000,81.1,83.3,81.1,81.1,0,0
IDM_PE,D,20211217,000000,77.3,81.1,75.8,79.5,0,0
IDM_PE,D,20211220,000000,78,80.3,78,80.3,0,0
IDM_PE,D,20211221,000000,75.8,80.3,75.8,80.3,0,0
IDM_PE,D,20211222,000000,76.5,77.3,76.5,76.5,0,0
IDM_PE,D,20211223,000000,75.8,75.8,72,75,0,0
IDM_PE,D,20211227,000000,72.7,75,72.7,75,0,0
IDM_PE,D,20211228,000000,75.4,75.8,72,73.1,0,0
IDM_PE,D,20211229,000000,73.1,73.5,73.1,73.5,0,0
IDM_PE,D,20211230,000000,73.5,75.4,73.5,75.4,0,0
IDM_PE,D,20220103,000000,75.8,79.5,75.8,79.5,0,0
IDM_PE,D,20220104,000000,79.5,80.3,79.5,80.3,0,0
IDM_PE,D,20220105,000000,80.3,80.3,78.8,80.3,0,0
IDM_PE,D,20220107,000000,80.3,80.3,80.3,80.3,0,0
IDM_PE,D,20220110,000000,80.3,84.1,80.3,84.1,0,0
IDM_PE,D,20220111,000000,86.4,90.9,84.8,90.9,0,0
IDM_PE,D,20220112,000000,89.4,90.2,87.9,90.1,0,0
IDM_PE,D,20220113,000000,84.1,89.4,83.3,89.4,0,0
IDM_PE,D,20220114,000000,84.8,89.4,84.8,89.4,0,0
IDM_PE,D,20220118,000000,89.4,89.4,89.4,89.4,0,0
IDM_PE,D,20220119,000000,90.2,90.2,85.6,85.6,0,0
IDM_PE,D,20220120,000000,85.6,86.4,85.6,86.4,0,0
IDM_PE,D,20220121,000000,86.4,89.4,86.4,89.4,0,0
IDM_PE,D,20220124,000000,86.4,86.4,86.4,86.4,0,0
IDM_PE,D,20220125,000000,86.4,89.4,86.4,89.4,0,0
IDM_PE,D,20220126,000000,86.4,89.4,86.4,89.4,0,0
IDM_PE,D,20220127,000000,89.4,90.9,89.4,90.9,0,0
IDM_PE,D,20220128,000000,90.9,90.9,90.9,90.9,0,0
IDM_PE,D,20220131,000000,90.9,90.9,90.9,90.9,0,0
IDM_PE,D,20220201,000000,87.1,87.1,87.1,87.1,0,0
IDM_PE,D,20220202,000000,87.1,87.1,87.1,87.1,0,0
IDM_PE,D,20220203,000000,87.1,87.1,87.1,87.1,0,0
IDM_PE,D,20220204,000000,87.1,87.1,84.8,84.8,0,0
IDM_PE,D,20220208,000000,84.8,87.1,84.8,87.1,0,0
IDM_PE,D,20220209,000000,84.8,87.1,83.3,87.1,0,0
IDM_PE,D,20220210,000000,87.1,87.1,87.1,87.1,0,0
IDM_PE,D,20220214,000000,83.3,83.3,83.3,83.3,0,0
IDM_PE,D,20220215,000000,84.1,84.1,83.3,84.1,0,0
IDM_PE,D,20220216,000000,87.1,87.1,87.1,87.1,0,0
IDM_PE,D,20220218,000000,84.1,84.1,84.1,84.1,0,0
IDM_PE,D,20220221,000000,84.1,84.1,76.5,76.5,0,0
IDM_PE,D,20220222,000000,77.3,83.3,77.3,78.8,0,0
IDM_PE,D,20220223,000000,79.5,79.5,79.5,79.5,0,0
IDM_PE,D,20220224,000000,79.5,79.5,75.8,75.8,0,0
IDM_PE,D,20220225,000000,82.6,83.3,81.1,83.3,0,0
IDM_PE,D,20220228,000000,75.8,83.3,75.8,83.3,0,0
IDM_PE,D,20220302,000000,77.3,83.3,75.8,75.8,0,0
IDM_PE,D,20220303,000000,72,72,72,72,0,0
IDM_PE,D,20220304,000000,68.2,68.2,68.2,68.2,0,0
IDM_PE,D,20220307,000000,68.2,68.2,68.2,68.2,0,0
IDM_PE,D,20220308,000000,68.2,68.2,64.4,64.4,0,0
IDM_PE,D,20220309,000000,65.5,65.5,65.5,65.5,0,0
IDM_PE,D,20220310,000000,66.7,66.7,66.7,66.7,0,0
IDM_PE,D,20220311,000000,67.4,67.4,67.4,67.4,0,0
IDM_PE,D,20220314,000000,64.8,66.7,64.8,66.7,0,0
IDM_PE,D,20220318,000000,65.2,66.3,65.2,66.3,0,0
IDM_PE,D,20220321,000000,64.8,67.8,64.8,67.8,0,0
IDM_PE,D,20220322,000000,65.9,65.9,65.9,65.9,0,0
IDM_PE,D,20220323,000000,65.9,68.2,65.9,68.2,0,0
IDM_PE,D,20220324,000000,68.2,75.8,68.2,75.8,0,0
IDM_PE,D,20220325,000000,75.8,83.3,75.8,83.3,0,0
IDM_PE,D,20220328,000000,83.3,83.3,76.5,83.3,0,0
IDM_PE,D,20220329,000000,83.3,83.3,83.3,83.3,0,0
IDM_PE,D,20220330,000000,83.3,83.3,83.3,83.3,0,0
IDM_PE,D,20220331,000000,76.5,83.3,76.5,83.3,0,0
IDM_PE,D,20220404,000000,76.5,83.3,76.5,83.3,0,0
IDM_PE,D,20220405,000000,76.5,83.3,76.5,76.5,0,0
IDM_PE,D,20220406,000000,78,78,72.7,72.7,0,0
IDM_PE,D,20220407,000000,68.9,68.9,68.9,68.9,0,0
IDM_PE,D,20220411,000000,71.2,71.2,68.9,71.2,0,0
IDM_PE,D,20220419,000000,71.2,71.2,71.2,71.2,0,0
IDM_PE,D,20220422,000000,71.2,71.2,71.2,71.2,0,0
IDM_PE,D,20220425,000000,71.2,71.2,71.2,71.2,0,0
IDM_PE,D,20220426,000000,71.2,71.2,68.9,68.9,0,0
IDM_PE,D,20220427,000000,66.3,68.9,66.3,66.3,0,0
IDM_PE,D,20220428,000000,66.3,66.3,61.4,61.4,0,0
IDM_PE,D,20220429,000000,58.7,61.4,58.7,61.4,0,0
IDM_PE,D,20220502,000000,61.4,61.4,61.4,61.4,0,0
IDM_PE,D,20230118,000000,27.9,27.9,27.9,27.9,0,0
IDM_PE,D,20230119,000000,27.9,27.9,27.7,27.7,0,0
IDM_PE,D,20230123,000000,27.7,27.7,27.7,27.7,0,0
IDM_PE,D,20230124,000000,28.5,28.5,27.9,28.5,0,0
IDM_PE,D,20230125,000000,27.7,28.5,27.7,28.5,0,0
IDM_PE,D,20230126,000000,28.5,28.5,28.5,28.5,0,0
IDM_PE,D,20230127,000000,28.5,28.7,28.5,28.7,0,0
IDM_PE,D,20230130,000000,28.7,38.5,27.9,36.5,0,0
IDM_PE,D,20230131,000000,36.5,36.5,31.9,31.9,0,0
IDM_PE,D,20230201,000000,31.9,33.1,31.2,32.7,0,0
IDM_PE,D,20230202,000000,31.5,32.3,30.4,30.8,0,0
IDM_PE,D,20230203,000000,30.8,31.2,29.2,31.2,0,0
IDM_PE,D,20230206,000000,30.2,31.9,30.2,30.4,0,0
IDM_PE,D,20230207,000000,30.4,32.9,30.4,32.9,0,0
IDM_PE,D,20230210,000000,31,32.3,31,32.3,0,0
IDM_PE,D,20230213,000000,31.2,31.2,31.2,31.2,0,0
IDM_PE,D,20230214,000000,31.3,31.3,31.3,31.3,0,0
IDM_PE,D,20230215,000000,31.3,31.3,31.3,31.3,0,0
IDM_PE,D,20230216,000000,31.3,32.3,31.3,32.3,0,0
IDM_PE,D,20230217,000000,32.7,34.6,32.7,34.6,0,0
IDM_PE,D,20230220,000000,34.6,34.6,34.6,34.6,0,0
IDM_PE,D,20230221,000000,34.4,34.4,34.4,34.4,0,0
IDM_PE,D,20230222,000000,32.7,32.7,31.5,32.7,0,0
IDM_PE,D,20230223,000000,32.7,32.7,31.7,31.7,0,0
IDM_PE,D,20230224,000000,31.7,32.7,31.7,32.7,0,0
IDM_PE,D,20230228,000000,31.9,32.7,31.9,32.7,0,0
IDM_PE,D,20230301,000000,31.9,31.9,31.5,31.5,0,0
IDM_PE,D,20230302,000000,31.5,31.9,31.2,31.9,0,0
IDM_PE,D,20230303,000000,31.2,31.9,31.2,31.9,0,0
IDM_PE,D,20230306,000000,31.5,31.5,31.5,31.5,0,0
IDM_PE,D,20230307,000000,31.2,31.2,31.2,31.2,0,0
IDM_PE,D,20230308,000000,31.9,31.9,31.9,31.9,0,0
IDM_PE,D,20230309,000000,31.3,31.9,31.3,31.9,0,0
IDM_PE,D,20230310,000000,31.9,31.9,31.9,31.9,0,0
IDM_PE,D,20230313,000000,31.3,31.9,31.3,31.9,0,0
IDM_PE,D,20230317,000000,31.3,31.9,31.3,31.9,0,0
IDM_PE,D,20230320,000000,31.3,31.3,31,31,0,0
IDM_PE,D,20230321,000000,31,31,31,31,0,0
IDM_PE,D,20230323,000000,30.8,31.9,30.8,31.9,0,0
IDM_PE,D,20230324,000000,30.8,30.8,30.8,30.8,0,0
IDM_PE,D,20230327,000000,31,31.7,31,31.7,0,0
IDM_PE,D,20230330,000000,31.5,31.5,31.5,31.5,0,0
IDM_PE,D,20230403,000000,31,31,31,31,0,0
IDM_PE,D,20230404,000000,31.5,31.5,31.5,31.5,0,0
IDM_PE,D,20230406,000000,31.5,31.5,31.5,31.5,0,0
IDM_PE,D,20230411,000000,31,31,30.6,30.6,0,0
IDM_PE,D,20230412,000000,30.6,30.6,30.4,30.4,0,0
IDM_PE,D,20230413,000000,30,30,28.8,28.8,0,0
IDM_PE,D,20230414,000000,29.2,29.2,27.9,28.8,0,0
IDM_PE,D,20230418,000000,26.9,28.8,26.9,28.8,0,0
IDM_PE,D,20230420,000000,27.7,27.7,27.7,27.7,0,0
IDM_PE,D,20230424,000000,28.8,28.8,28.8,28.8,0,0
IDM_PE,D,20230427,000000,331.8,334.9,331.8,334.9,0,0
IDM_PE,D,20230428,000000,331.8,334.9,331.8,334.9,0,0
IDM_PE,D,20230502,000000,331.8,344.1,331.8,344.1,0,0
IDM_PE,D,20230504,000000,331.8,344.1,331.8,344.1,0,0
IDM_PE,D,20230505,000000,340.9,344.1,340.9,344.1,0,0
IDM_PE,D,20230508,000000,331.8,344.1,331.8,344.1,0,0
IDM_PE,D,20230509,000000,331.8,344.1,331.8,344.1,0,0
IDM_PE,D,20230510,000000,320.5,323.5,320.5,323.5,0,0
IDM_PE,D,20230511,000000,322.7,341.8,322.7,341.8,0,0
IDM_PE,D,20230512,000000,322.7,341.8,322.7,341.8,0,0
IDM_PE,D,20230515,000000,338.6,341.8,338.6,341.8,0,0
IDM_PE,D,20230517,000000,40.3,42.5,38.4,42.5,0,0
IDM_PE,D,20230518,000000,42.4,42.5,42.4,42.5,0,0
IDM_PE,D,20230519,000000,40.5,41.7,40.5,41.7,0,0
IDM_PE,D,20230523,000000,40.5,41.7,40.5,41.7,0,0
IDM_PE,D,20230524,000000,41.6,41.7,41.6,41.7,0,0
IDM_PE,D,20230525,000000,42.2,42.2,42.2,42.2,0,0
IDM_PE,D,20230526,000000,42.2,42.2,42.2,42.2,0,0
IDM_PE,D,20230529,000000,40.5,42.2,40.5,42.2,0,0
IDM_PE,D,20230530,000000,42.2,42.2,42.2,42.2,0,0
IDM_PE,D,20230531,000000,40.5,40.6,40.5,40.6,0,0
IDM_PE,D,20230601,000000,40.5,42.2,40.5,42.2,0,0
IDM_PE,D,20230602,000000,42.2,42.2,40.8,42.2,0,0
IDM_PE,D,20230605,000000,40.8,40.9,40.8,40.9,0,0
IDM_PE,D,20230606,000000,40.8,40.9,40.8,40.9,0,0
IDM_PE,D,20230607,000000,42.2,42.2,42.2,42.2,0,0
IDM_PE,D,20230609,000000,42.2,42.2,41.1,42.2,0,0
IDM_PE,D,20230612,000000,42.2,42.2,41.1,41.1,0,0
IDM_PE,D,20230614,000000,42.2,42.5,42.2,42.5,0,0
IDM_PE,D,20230620,000000,41.6,41.7,41.6,41.7,0,0
IDM_PE,D,20230621,000000,42.7,42.7,41.6,41.7,0,0
IDM_PE,D,20230622,000000,42.2,42.2,42.2,42.2,0,0
IDM_PE,D,20230626,000000,42.7,42.8,42.7,42.8,0,0
IDM_PE,D,20230629,000000,41.9,42,41.9,42,0,0
IDM_PE,D,20230630,000000,42.7,42.8,42.7,42.8,0,0
IDM_PE,D,20230703,000000,42.7,42.8,42.7,42.8,0,0
IDM_PE,D,20230704,000000,42.2,42.8,42.2,42.8,0,0
IDM_PE,D,20230706,000000,42.2,42.8,41.6,42.8,0,0
IDM_PE,D,20230710,000000,41.6,41.7,41.6,41.7,0,0
IDM_PE,D,20230711,000000,42.7,42.8,42.7,42.8,0,0
IDM_PE,D,20230712,000000,41.6,41.7,41.6,41.7,0,0
IDM_PE,D,20230713,000000,41.9,42,41.9,42,0,0
IDM_PE,D,20230714,000000,41.6,42.8,41.6,42.8,0,0
IDM_PE,D,20230717,000000,41.6,41.6,40.5,40.6,0,0
IDM_PE,D,20230718,000000,38.4,38.4,38.4,38.4,0,0
IDM_PE,D,20230719,000000,38.9,40.6,38.9,40.6,0,0
IDM_PE,D,20230720,000000,38.6,38.7,38.6,38.7,0,0
IDM_PE,D,20230721,000000,38.6,40.6,38.6,40.6,0,0
IDM_PE,D,20230724,000000,40.5,40.5,38.9,39,0,0
IDM_PE,D,20230725,000000,38.9,40.5,38.9,39,0,0
IDM_PE,D,20230726,000000,40.5,40.5,38.9,39,0,0
IDM_PE,D,20230727,000000,38.9,38.9,38.6,38.7,0,0
IDM_PE,D,20230731,000000,38.6,38.7,38.6,38.7,0,0
IDM_PE,D,20230801,000000,40.3,40.3,40.3,40.3,0,0
IDM_PE,D,20230802,000000,38.4,40.3,38.4,38.4,0,0
IDM_PE,D,20230803,000000,38.4,38.4,37.8,37.9,0,0
IDM_PE,D,20230804,000000,37.6,37.9,37,37.9,0,0
IDM_PE,D,20230807,000000,37.838,37.9,37.838,37.9,0,0
IDM_PE,D,20230808,000000,37.027,37.1,37.027,37.1,0,0
IDM_PE,D,20230810,000000,37.027,37.027,36.216,36.3,0,0
IDM_PE,D,20230811,000000,37.568,37.9,37.568,37.9,0,0
IDM_PE,D,20230814,000000,37.838,37.9,37.838,37.9,0,0
IDM_PE,D,20230816,000000,37.297,37.4,37.297,37.4,0,0
IDM_PE,D,20230817,000000,38.043,38.043,37.4,37.4,0,0
IDM_PE,D,20230818,000000,38.043,38.043,37.9,37.9,0,0
IDM_PE,D,20230821,000000,37.297,40.541,37.297,37.9,0,0
IDM_PE,D,20230822,000000,37.297,37.4,37.297,37.4,0,0
IDM_PE,D,20230824,000000,38.043,38.043,37.9,37.9,0,0
IDM_PE,D,20230828,000000,37.838,40.27,37.838,37.9,0,0
IDM_PE,D,20230829,000000,37.838,40.6,37.838,40.6,0,0
IDM_PE,D,20230830,000000,38.108,40.541,37.838,37.9,0,0
IDM_PE,D,20230831,000000,37.297,39.8,37.297,39.8,0,0
IDM_PE,D,20230901,000000,37.297,40.1,37.297,40.1,0,0
IDM_PE,D,20230904,000000,40,40.3,40,40.3,0,0
IDM_PE,D,20230905,000000,40.541,48.7,40.541,48.7,0,0
IDM_PE,D,20230906,000000,51.351,61.622,51.351,54.1,0,0
IDM_PE,D,20230907,000000,53.514,53.514,45.946,46,0,0
IDM_PE,D,20230908,000000,45.946,45.946,41.351,41.4,0,0
IDM_PE,D,20230911,000000,43.243,43.243,40,40.1,0,0
IDM_PE,D,20230912,000000,40,40.6,40,40.6,0,0
IDM_PE,D,20230913,000000,40.541,40.6,40.541,40.6,0,0
IDM_PE,D,20230914,000000,39.459,40.1,38.919,40.1,0,0
IDM_PE,D,20230915,000000,39.459,39.459,38.919,39,0,0
IDM_PE,D,20230918,000000,38.919,40.27,37.838,37.838,0,0
IDM_PE,D,20231123,000000,487.7,487.7,487.7,487.7,0,0
IDM_PE,D,20231124,000000,469.231,479.9,461.538,479.9,0,0
IDM_PE,D,20231127,000000,465.385,475.9,465.385,475.9,0,0
IDM_PE,D,20231128,000000,465.385,475.9,465.385,475.9,0,0
IDM_PE,D,20231129,000000,465.385,472,446.154,472,0,0
IDM_PE,D,20231130,000000,446.154,472,446.154,472,0,0
IDM_PE,D,20231201,000000,426.923,472,426.923,472,0,0
IDM_PE,D,20231205,000000,426.923,440.5,426.923,440.5,0,0
IDM_PE,D,20231206,000000,430.769,440.5,430.769,440.5,0,0
IDM_PE,D,20231207,000000,430.769,468.1,430.769,468.1,0,0
IDM_PE,D,20231208,000000,430.769,461.538,430.769,440.5,0,0
IDM_PE,D,20231211,000000,430.769,468.1,430.769,468.1,0,0
IDM_PE,D,20231212,000000,438.462,468.1,438.462,468.1,0,0
IDM_PE,D,20231213,000000,430.769,440.5,430.769,440.5,0,0
IDM_PE,D,20231214,000000,453.846,457.692,430.769,444.5,0,0
IDM_PE,D,20231215,000000,434.615,444.5,434.615,444.5,0,0
IDM_PE,D,20231218,000000,434.615,444.5,434.615,444.5,0,0
IDM_PE,D,20231219,000000,438.462,440.5,430.769,440.5,0,0
IDM_PE,D,20231220,000000,430.769,446.154,430.769,444.5,0,0
IDM_PE,D,20231221,000000,434.615,444.5,423.077,444.5,0,0
IDM_PE,D,20231222,000000,430.769,453.846,423.077,436.6,0,0
IDM_PE,D,20231227,000000,426.923,453.846,423.077,436.6,0,0
IDM_PE,D,20231228,000000,426.923,468.1,426.923,468.1,0,0
IDM_PE,D,20231229,000000,430.769,440.5,430.769,440.5,0,0
IDM_PE,D,20240102,000000,426.923,436.6,426.923,436.6,0,0
IDM_PE,D,20240103,000000,426.923,436.6,426.923,436.6,0,0
IDM_PE,D,20240104,000000,457.692,468.1,457.692,468.1,0,0
IDM_PE,D,20240105,000000,457.692,468.1,426.923,468.1,0,0
IDM_PE,D,20240108,000000,457.692,503.5,457.692,503.5,0,0
IDM_PE,D,20240109,000000,465.385,488.462,465.385,475.9,0,0
IDM_PE,D,20240110,000000,492.308,511.3,469.231,511.3,0,0
IDM_PE,D,20240111,000000,492.308,503.5,492.308,503.5,0,0
IDM_PE,D,20240112,000000,465.385,511.3,465.385,511.3,0,0
IDM_PE,D,20240115,000000,500,500,465.385,479.9,0,0
IDM_PE,D,20240116,000000,469.231,475.9,465.385,475.9,0,0
IDM_PE,D,20240117,000000,461.538,507.4,461.538,507.4,0,0
IDM_PE,D,20240118,000000,461.538,475.9,461.538,475.9,0,0
IDM_PE,D,20240119,000000,465.385,472,461.538,472,0,0
IDM_PE,D,20240122,000000,461.538,472,461.538,472,0,0
IDM_PE,D,20240123,000000,461.538,472,461.538,472,0,0
IDM_PE,D,20240124,000000,461.538,487.7,461.538,487.7,0,0
IDM_PE,D,20240125,000000,461.538,476.923,461.538,475.9,0,0
IDM_PE,D,20240126,000000,465.385,507.4,465.385,507.4,0,0
IDM_PE,D,20240129,000000,496.154,511.3,496.154,511.3,0,0
IDM_PE,D,20240130,000000,476.923,476.923,465.385,475.9,0,0
IDM_PE,D,20240131,000000,469.231,500,469.231,487.7,0,0
IDM_PE,D,20240201,000000,500,500,469.231,479.9,0,0
IDM_PE,D,20240205,000000,469.231,472,461.538,472,0,0
IDM_PE,D,20240206,000000,461.538,472,461.538,472,0,0
IDM_PE,D,20240207,000000,496.154,507.4,496.154,507.4,0,0
IDM_PE,D,20240209,000000,492.308,492.308,465.385,475.9,0,0
IDM_PE,D,20240212,000000,465.385,475.9,465.385,475.9,0,0
IDM_PE,D,20240213,000000,465.385,472,461.538,472,0,0
IDM_PE,D,20240215,000000,461.538,472,461.538,472,0,0
IDM_PE,D,20240216,000000,461.538,503.5,461.538,503.5,0,0
IDM_PE,D,20240219,000000,461.538,472,461.538,472,0,0
IDM_PE,D,20240221,000000,461.538,472,461.538,472,0,0
IDM_PE,D,20240222,000000,461.538,472,461.538,472,0,0
IDM_PE,D,20240226,000000,461.538,461.538,442.308,452.3,0,0
IDM_PE,D,20240227,000000,461.538,461.538,438.462,448.4,0,0
IDM_PE,D,20240229,000000,461.538,472,461.538,472,0,0
IDM_PE,D,20240306,000000,446.154,456.3,446.154,456.3,0,0
IDM_PE,D,20240307,000000,446.154,456.3,446.154,456.3,0,0
IDM_PE,D,20240308,000000,461.538,472,461.538,472,0,0
IDM_PE,D,20240313,000000,446.154,448.4,438.462,448.4,0,0
IDM_PE,D,20240315,000000,434.615,434.615,430.769,430.769,0,0
IDM_PE,D,20240318,000000,430.769,440.5,426.923,440.5,0,0
IDM_PE,D,20240319,000000,430.769,440.5,430.769,440.5,0,0
IDM_PE,D,20240320,000000,457.692,590,457.692,590,0,0
IDM_PE,D,20240321,000000,615.385,615.385,465.385,487.7,0,0
IDM_PE,D,20240322,000000,480.769,565.385,480.769,519.2,0,0
IDM_PE,D,20240325,000000,507.692,530.769,469.231,479.9,0,0
IDM_PE,D,20240326,000000,492.308,495.6,461.538,495.6,0,0
IDM_PE,D,20240327,000000,484.615,495.6,461.538,495.6,0,0
IDM_PE,D,20240328,000000,484.615,495.6,484.615,495.6,0,0
IDM_PE,D,20240402,000000,484.615,484.615,453.846,472,0,0
IDM_PE,D,20240403,000000,453.846,464.1,453.846,464.1,0,0
IDM_PE,D,20240404,000000,434.615,468.1,434.615,468.1,0,0
IDM_PE,D,20240405,000000,430.769,468.1,430.769,468.1,0,0
IDM_PE,D,20240408,000000,430.769,440.5,430.769,440.5,0,0
IDM_PE,D,20240409,000000,438.462,468.1,438.462,468.1,0,0
IDM_PE,D,20240410,000000,457.692,468.1,457.692,468.1,0,0
IDM_PE,D,20240412,000000,457.692,461.538,434.615,440.5,0,0
IDM_PE,D,20240415,000000,430.769,464.1,430.769,464.1,0,0
IDM_PE,D,20240417,000000,430.769,440.5,430.769,440.5,0,0
IDM_PE,D,20240418,000000,430.769,440.5,430.769,440.5,0,0
IDM_PE,D,20240419,000000,430.769,432.7,423.077,432.7,0,0
IDM_PE,D,20240422,000000,423.077,432.7,423.077,432.7,0,0
IDM_PE,D,20240423,000000,450,464.1,450,464.1,0,0
IDM_PE,D,20240425,000000,423.077,436.6,423.077,436.6,0,0
IDM_PE,D,20240426,000000,426.923,464.1,426.923,464.1,0,0
IDM_PE,D,20240429,000000,446.154,446.154,446.154,446.154,0,0
IDM_PE,D,20241002,000000,185.3,185.3,185.3,185.3,0,0
IDM_PE,D,20241003,000000,185.484,185.484,185.3,185.3,0,0
IDM_PE,D,20241007,000000,187.097,193.548,187.097,193.4,0,0
IDM_PE,D,20241008,000000,187.097,193.548,187.097,193.4,0,0
IDM_PE,D,20241009,000000,187.097,187.097,186.9,186.9,0,0
IDM_PE,D,20241010,000000,193.548,193.548,193.4,193.4,0,0
IDM_PE,D,20241011,000000,193.548,193.548,193.4,193.4,0,0
IDM_PE,D,20241014,000000,187.097,193.548,187.097,193.4,0,0
IDM_PE,D,20241015,000000,193.548,193.548,193.4,193.4,0,0
IDM_PE,D,20241016,000000,187.097,187.097,186.9,186.9,0,0
IDM_PE,D,20241017,000000,187.097,187.097,186.9,186.9,0,0
IDM_PE,D,20241018,000000,190.323,190.323,190.1,190.1,0,0
IDM_PE,D,20241021,000000,190.323,190.323,186.9,186.9,0,0
IDM_PE,D,20241022,000000,187.097,187.097,186.9,186.9,0,0
IDM_PE,D,20241023,000000,187.097,187.097,186.9,186.9,0,0
IDM_PE,D,20241024,000000,187.097,187.097,186.9,186.9,0,0
IDM_PE,D,20241025,000000,187.097,187.097,186.9,186.9,0,0
IDM_PE,D,20241028,000000,187.097,187.097,186.9,186.9,0,0
IDM_PE,D,20241029,000000,187.097,187.097,186.9,186.9,0,0
IDM_PE,D,20241030,000000,187.097,187.097,186.9,186.9,0,0
IDM_PE,D,20241031,000000,190.323,191.935,185.3,185.3,0,0
IDM_PE,D,20241104,000000,185.484,185.484,185.3,185.3,0,0
IDM_PE,D,20241105,000000,185.484,191.935,185.484,191.7,0,0
IDM_PE,D,20241106,000000,193.548,193.548,193.4,193.4,0,0
IDM_PE,D,20241107,000000,183.871,183.871,183.7,183.7,0,0
IDM_PE,D,20241108,000000,185.484,185.484,185.3,185.3,0,0
IDM_PE,D,20241112,000000,183.871,183.871,183.7,183.7,0,0
IDM_PE,D,20241113,000000,183.871,193.548,183.871,193.4,0,0
IDM_PE,D,20241114,000000,183.871,183.871,183.7,183.7,0,0
IDM_PE,D,20241115,000000,183.871,183.871,183.7,183.7,0,0
IDM_PE,D,20241118,000000,183.871,193.548,177.419,193.4,0,0
IDM_PE,D,20241119,000000,179.032,180.645,179.032,180.5,0,0
IDM_PE,D,20241120,000000,180.645,180.645,180.5,180.5,0,0
IDM_PE,D,20241122,000000,180.645,180.645,180.5,180.5,0,0
IDM_PE,D,20241125,000000,180.645,180.645,180.5,180.5,0,0
IDM_PE,D,20241126,000000,180.645,180.645,180.5,180.5,0,0
IDM_PE,D,20241127,000000,182.258,182.258,182.1,182.1,0,0
IDM_PE,D,20241128,000000,193.548,193.548,182.258,193.4,0,0
IDM_PE,D,20241129,000000,193.548,193.548,193.4,193.4,0,0
IDM_PE,D,20241202,000000,182.258,193.548,182.258,193.4,0,0
IDM_PE,D,20241203,000000,182.258,182.258,182.1,182.1,0,0
IDM_PE,D,20241204,000000,187.097,191.935,182.258,191.7,0,0
IDM_PE,D,20241205,000000,183.871,183.871,183.871,183.871,0,0
IDM_PE,D,20250226,000000,196.6,196.6,196.6,196.6,0,0
IDM_PE,D,20250227,000000,203.226,206.452,119.1,119.1,0,0
IDM_PE,D,20250228,000000,118.519,121,118.519,121,0,0
IDM_PE,D,20250303,000000,120.37,121,120.37,121,0,0
IDM_PE,D,20250305,000000,120.37,121,120.37,121,0,0
IDM_PE,D,20250306,000000,113.889,121,113.889,121,0,0
IDM_PE,D,20250307,000000,114.815,115.4,114.815,115.4,0,0
IDM_PE,D,20250310,000000,114.815,115.4,114.815,115.4,0,0
IDM_PE,D,20250311,000000,114.815,114.815,113.889,114.5,0,0
IDM_PE,D,20250312,000000,113.889,114.5,113.889,114.5,0,0
IDM_PE,D,20250313,000000,114.815,115.4,114.815,115.4,0,0
IDM_PE,D,20250314,000000,113.889,116.4,113.889,116.4,0,0
IDM_PE,D,20250317,000000,115.741,116.4,115.741,116.4,0,0
IDM_PE,D,20250320,000000,115.741,116.4,115.741,116.4,0,0
IDM_PE,D,20250321,000000,115.741,116.4,115.741,116.4,0,0
IDM_PE,D,20250324,000000,118.519,119.1,118.519,119.1,0,0
IDM_PE,D,20250325,000000,120.37,128.5,120.37,128.5,0,0
IDM_PE,D,20250326,000000,120.37,121,120.37,121,0,0
IDM_PE,D,20250327,000000,120.37,121,120.37,121,0,0
IDM_PE,D,20250402,000000,120.37,121,120.37,121,0,0
IDM_PE,D,20250403,000000,120.37,120.37,120.37,120.37,0,0
IDM_PE,D,20250404,000000,120.37,128.5,120.37,128.5,0,0
IDM_PE,D,20250407,000000,127.778,127.778,127.778,127.778,0,0
IDM_PE,D,20250409,000000,120.37,122.9,120.37,122.9,0,0
IDM_PE,D,20250411,000000,128.5,128.5,128.5,128.5,0,0
IDM_PE,D,20250414,000000,124.074,128.5,124.074,128.5,0,0
IDM_PE,D,20250415,000000,120.37,121,120.37,121,0,0
IDM_PE,D,20250416,000000,120.37,121,120.37,121,0,0
IDM_PE,D,20250417,000000,127.778,138.889,26.3,26.3,0,0
IDM_PE,D,20250422,000000,26.335,26.9,26.335,26.9,0,0
IDM_PE,D,20250423,000000,28.47,31.317,28.47,31,0,0
IDM_PE,D,20250424,000000,30.961,30.961,29.537,29.7,0,0
IDM_PE,D,20250425,000000,29.537,29.715,29.537,29.7,0,0
IDM_PE,D,20250428,000000,29.715,31,29.715,31,0,0
IDM_PE,D,20250429,000000,30.605,30.605,30.6,30.6,0,0
IDM_PE,D,20250505,000000,29.715,29.715,28.47,28.5,0,0
IDM_PE,D,20250506,000000,29.181,29.2,29.181,29.2,0,0
IDM_PE,D,20250507,000000,27.758,27.8,27.758,27.8,0,0
IDM_PE,D,20250508,000000,27.758,29.6,27.758,29.6,0,0
IDM_PE,D,20250512,000000,27.857,27.857,27.8,27.8,0,0
IDM_PE,D,20250514,000000,26.868,26.9,26.868,26.9,0,0
IDM_PE,D,20250515,000000,26.868,26.868,26.69,26.7,0,0
IDM_PE,D,20250516,000000,26.69,26.69,24.9,24.9,0,0
IDM_PE,D,20250520,000000,25.089,25.1,25.089,25.1,0,0
IDM_PE,D,20250523,000000,26.512,26.512,26.5,26.5,0,0
IDM_PE,D,20250526,000000,26.512,30.5,26.512,30.5,0,0
IDM_PE,D,20250530,000000,28.689,28.7,28.689,28.7,0,0
IDM_PE,D,20250602,000000,28.689,28.7,28.689,28.7,0,0
IDM_PE,D,20250603,000000,28.689,28.7,28.689,28.7,0,0
IDM_PE,D,20250604,000000,27.869,27.9,27.869,27.9,0,0
IDM_PE,D,20250609,000000,26.844,26.9,26.844,26.9,0,0
IDM_PE,D,20250610,000000,26.955,26.955,26.9,26.9,0,0
IDM_PE,D,20250611,000000,26.955,26.955,24.28,26.7,0,0
IDM_PE,D,20250613,000000,24.691,25.514,24.691,25.4,0,0
IDM_PE,D,20250623,000000,25.41,25.41,23.975,24.2,0,0
IDM_PE,D,20250625,000000,23.975,25.41,23.77,25.4,0,0
IDM_PE,D,20250630,000000,25.41,25.41,24.385,24.4,0,0
IDM_PE,D,20250707,000000,24.59,25.82,24.59,25.8,0,0
IDM_PE,D,20250708,000000,26.025,26.025,24.59,24.6,0,0
IDM_PE,D,20250710,000000,24.59,24.59,23.361,23.4,0,0
IDM_PE,D,20250711,000000,22.6,22.6,22.6,22.6,0,0
IDM_PE,D,20250714,000000,22.634,22.634,22.6,22.6,0,0
IDM_PE,D,20250716,000000,24.28,24.486,24.28,24.4,0,0
IDM_PE,D,20250717,000000,22.746,22.8,22.746,22.8,0,0
IDM_PE,D,20250718,000000,22.84,22.84,22.6,22.6,0,0
IDM_PE,D,20250723,000000,22.634,22.634,22.6,22.6,0,0
IDM_PE,D,20250724,000000,22.634,22.634,22.6,22.6,0,0
IDM_PE,D,20250728,000000,22.634,22.634,22.6,22.6,0,0
IDM_PE,D,20250729,000000,22.634,22.634,22.6,22.6,0,0
IDM_PE,D,20250731,000000,22.634,22.634,22.6,22.6,0,0
IDM_PE,D,20250801,000000,22.634,22.634,22.6,22.6,0,0
IDM_PE,D,20250804,000000,22.634,23.251,22.634,23.2,0,0
IDM_PE,D,20250805,000000,23.156,23.4,23.156,23.4,0,0
IDM_PE,D,20250806,000000,24.385,24.385,22.746,22.8,0,0
IDM_PE,D,20250807,000000,24.486,24.486,24.4,24.4,0,0
IDM_PE,D,20250808,000000,24.385,24.4,24.385,24.4,0,0
IDM_PE,D,20250811,000000,23.156,23.2,23.156,23.2,0,0
IDM_PE,D,20250812,000000,24.385,24.6,24.385,24.6,0,0
IDM_PE,D,20250813,000000,24.59,24.6,24.59,24.6,0,0
IDM_PE,D,20250818,000000,23.156,23.2,23.156,23.2,0,0
IDM_PE,D,20250819,000000,23.156,23.2,23.156,23.2,0,0
IDM_PE,D,20250821,000000,24.59,24.59,24.385,24.4,0,0
IDM_PE,D,20250822,000000,23.156,23.2,23.156,23.2,0,0
IDM_PE,D,20250826,000000,23.156,24,23.156,24,0,0
IDM_PE,D,20250827,000000,23.975,24,23.975,24,0,0
IDM_PE,D,20250829,000000,23.361,23.361,23.156,23.2,0,0
IDM_PE,D,20250901,000000,23.156,23.2,23.156,23.2,0,0
IDM_PE,D,20250902,000000,23.156,23.2,23.156,23.2,0,0
IDM_PE,D,20250903,000000,24.18,24.2,24.18,24.2,0,0
IDM_PE,D,20250904,000000,24.385,24.4,24.385,24.4,0,0
IDM_PE,D,20250905,000000,24.385,24.4,24.385,24.4,0,0
IDM_PE,D,20250908,000000,24.385,24.4,23.156,24.4,0,0
IDM_PE,D,20250909,000000,23.156,23.2,23.156,23.2,0,0
IDM_PE,D,20250910,000000,23.156,23.2,23.156,23.2,0,0
IDM_PE,D,20250911,000000,24.18,24.2,24.18,24.2,0,0
IDM_PE,D,20250912,000000,23.156,23.2,23.156,23.2,0,0
IDM_PE,D,20250915,000000,24.18,24.2,24.18,24.2,0,0
IDM_PE,D,20250917,000000,23.156,23.2,23.156,23.2,0,0
IDM_PE,D,20250918,000000,23.156,23.2,23.156,23.2,0,0
IDM_PE,D,20250922,000000,23.156,23.2,23.156,23.2,0,0
IDM_PE,D,20250923,000000,23.156,23.2,23.156,23.2,0,0
IDM_PE,D,20250924,000000,24.18,24.59,22.9,22.9,0,0
IDM_PE,D,20250925,000000,24.237,24.5,24.237,24.5,0,0
IDM_PE,D,20250926,000000,24.521,24.521,24.5,24.5,0,0
IDM_PE,D,20250930,000000,24.521,24.521,22.9,22.9,0,0
IDM_PE,D,20251001,000000,22.137,22.901,22.137,22.9,0,0
IDM_PE,D,20251002,000000,22.137,22.2,22.137,22.2,0,0
IDM_PE,D,20251003,000000,22.989,22.989,22.222,22.9,0,0
IDM_PE,D,20251007,000000,22.901,22.901,22.9,22.9,0,0
IDM_PE,D,20251008,000000,22.137,22.2,22.137,22.2,0,0
IDM_PE,D,20251009,000000,22.989,22.989,22.9,22.9,0,0
IDM_PE,D,20251010,000000,22.901,22.901,22.137,22.9,0,0
IDM_PE,D,20251013,000000,22.137,22.137,21.756,21.8,0,0
IDM_PE,D,20251014,000000,21.264,21.839,21.264,21.8,0,0
IDM_PE,D,20251015,000000,21.456,21.456,21.4,21.4,0,0
IDM_PE,D,20251016,000000,21.374,21.4,21.374,21.4,0,0
IDM_PE,D,20251020,000000,21.374,21.4,21.374,21.4,0,0
IDM_PE,D,20251021,000000,21.374,21.6,21.374,21.6,0,0
IDM_PE,D,20251022,000000,22.71,22.71,20.992,21,0,0
IDM_PE,D,20251023,000000,20.992,20.992,20.8,20.8,0,0
IDM_PE,D,20251024,000000,20.992,20.992,20.8,20.8,0,0
IDM_PE,D,20251027,000000,20.992,21,20.992,21,0,0
IDM_PE,D,20251028,000000,20.802,20.802,20.8,20.8,0,0
IDM_PE,D,20251029,000000,20.802,20.802,20.8,20.8,0,0
IDM_PE,D,20251030,000000,20.802,20.802,20.8,20.8,0,0
IDM_PE,D,20251031,000000,20.802,20.802,20.802,20.802,0,0
IDM_PE,D,20251103,000000,20.802,20.802,20.8,20.8,0,0
IDM_PE,D,20251104,000000,20.802,20.802,20.8,20.8,0,0
IDM_PE,D,20251107,000000,20.802,21,20.802,21,0,0
IDM_PE,D,20251110,000000,20.802,20.992,20.8,20.8,0,0
IDM_PE,D,20251112,000000,20.992,20.992,20.8,20.8,0,0
IDM_PE,D,20251113,000000,20.802,20.802,20.8,20.8,0,0
IDM_PE,D,20251114,000000,20.802,20.802,20.8,20.8,0,0
IDM_PE,D,20251117,000000,20.802,21,20.611,21,0,0
IDM_PE,D,20251118,000000,20.611,20.611,20.6,20.6,0,0
IDM_PE,D,20251119,000000,20.611,20.611,20.6,20.6,0,0
IDM_PE,D,20251120,000000,20.611,20.611,20.6,20.6,0,0
IDM_PE,D,20251121,000000,20.611,20.611,20.6,20.6,0,0
IDM_PE,D,20251124,000000,20.611,20.611,19.275,19.3,0,0
IDM_PE,D,20251125,000000,19.084,19.1,19.084,19.1,0,0
IDM_PE,D,20251126,000000,19.084,19.084,19.084,19.084,0,0
