<TICKER>,<PER>,<DATE>,<TIME>,<OPEN>,<HIGH>,<LOW>,<CLOSE>,<VOL>,<OPENINT>
KSG_PB,D,20110505,000000,9.55,9.55,9.55,9.55,0,0
KSG_PB,D,20110506,000000,9.54,9.56,9.52,9.55,0,0
KSG_PB,D,20110509,000000,9.56,9.61,9.54,9.54,0,0
KSG_PB,D,20110510,000000,9.55,9.56,9.07,9.26,0,0
KSG_PB,D,20110511,000000,9.3,9.35,8.98,9.02,0,0
KSG_PB,D,20110512,000000,8.83,9.28,8.64,9.28,0,0
KSG_PB,D,20110513,000000,9.22,9.28,8.98,9.2,0,0
KSG_PB,D,20110516,000000,9.24,9.28,9.07,9.11,0,0
KSG_PB,D,20110517,000000,9.24,9.24,9,9.22,0,0
KSG_PB,D,20110518,000000,9.07,9.45,9.07,9.28,0,0
KSG_PB,D,20110519,000000,9.45,9.45,9.37,9.37,0,0
KSG_PB,D,20110520,000000,9.45,9.69,9.37,9.69,0,0
KSG_PB,D,20110523,000000,9.51,9.86,9.51,9.86,0,0
KSG_PB,D,20110524,000000,9.85,10.06,9.65,9.9,0,0
KSG_PB,D,20110525,000000,9.93,10.02,9.71,9.96,0,0
KSG_PB,D,20110526,000000,9.96,9.97,9.93,9.96,0,0
KSG_PB,D,20110527,000000,10.84,11.01,9.96,10.97,0,0
KSG_PB,D,20110530,000000,11.22,11.39,11.22,11.27,0,0
KSG_PB,D,20110531,000000,11.53,12.24,11.53,12,0,0
KSG_PB,D,20110601,000000,12.51,12.51,12.01,12.07,0,0
KSG_PB,D,20110602,000000,12.09,12.09,11.64,11.83,0,0
KSG_PB,D,20110603,000000,12.07,12.13,11.48,11.57,0,0
KSG_PB,D,20110606,000000,11.66,11.66,11.27,11.35,0,0
KSG_PB,D,20110607,000000,11.35,11.48,11.11,11.31,0,0
KSG_PB,D,20110608,000000,11.41,11.41,11.05,11.22,0,0
KSG_PB,D,20110609,000000,11.22,11.22,10.84,10.97,0,0
KSG_PB,D,20110610,000000,11.01,11.19,10.97,11.16,0,0
KSG_PB,D,20110613,000000,11.23,11.44,11.08,11.16,0,0
KSG_PB,D,20110614,000000,11.18,11.18,10.84,10.85,0,0
KSG_PB,D,20110615,000000,10.83,10.85,10.17,10.34,0,0
KSG_PB,D,20110616,000000,10.13,10.19,9.78,9.91,0,0
KSG_PB,D,20110617,000000,9.89,10.64,9.89,10.3,0,0
KSG_PB,D,20110620,000000,10.33,10.4,10.19,10.2,0,0
KSG_PB,D,20110621,000000,10.19,10.19,9.95,10.18,0,0
KSG_PB,D,20110622,000000,9.97,10.18,9.78,10,0,0
KSG_PB,D,20110624,000000,10,10,9.63,9.74,0,0
KSG_PB,D,20110627,000000,9.65,9.65,9.24,9.27,0,0
KSG_PB,D,20110628,000000,9.28,9.48,9.27,9.46,0,0
KSG_PB,D,20110629,000000,9.37,9.67,9.37,9.63,0,0
KSG_PB,D,20110630,000000,9.63,9.67,9.46,9.63,0,0
KSG_PB,D,20110701,000000,9.61,9.71,9.48,9.54,0,0
KSG_PB,D,20110704,000000,9.93,9.93,9.5,9.5,0,0
KSG_PB,D,20110705,000000,9.44,9.49,9.39,9.41,0,0
KSG_PB,D,20110706,000000,9.5,9.5,9.28,9.28,0,0
KSG_PB,D,20110707,000000,9.28,9.93,9.28,9.93,0,0
KSG_PB,D,20110708,000000,9.93,9.93,9.61,9.71,0,0
KSG_PB,D,20110711,000000,9.63,9.68,9.39,9.39,0,0
KSG_PB,D,20110712,000000,9.12,9.2,8.85,9.15,0,0
KSG_PB,D,20110713,000000,9.28,9.41,9.15,9.4,0,0
KSG_PB,D,20110714,000000,9.46,9.71,9.46,9.56,0,0
KSG_PB,D,20110715,000000,9.57,9.61,9.52,9.52,0,0
KSG_PB,D,20110718,000000,9.58,9.58,9.28,9.33,0,0
KSG_PB,D,20110719,000000,9.28,9.39,9.24,9.35,0,0
KSG_PB,D,20110720,000000,9.5,9.5,9.41,9.46,0,0
KSG_PB,D,20110721,000000,9.5,9.5,8.98,9.41,0,0
KSG_PB,D,20110722,000000,9.49,9.54,9.41,9.54,0,0
KSG_PB,D,20110725,000000,9.5,9.58,9.46,9.5,0,0
KSG_PB,D,20110726,000000,9.54,9.54,9.33,9.46,0,0
KSG_PB,D,20110727,000000,9.54,9.54,9.24,9.5,0,0
KSG_PB,D,20110728,000000,9.41,9.56,9.4,9.56,0,0
KSG_PB,D,20110729,000000,9.56,9.58,9.5,9.52,0,0
KSG_PB,D,20110801,000000,9.61,9.61,9.33,9.33,0,0
KSG_PB,D,20110802,000000,9.33,9.5,9.33,9.5,0,0
KSG_PB,D,20110803,000000,9.37,9.5,8.89,9.07,0,0
KSG_PB,D,20110804,000000,8.63,9.1,8.63,8.69,0,0
KSG_PB,D,20110805,000000,8.21,8.85,8.2,8.59,0,0
KSG_PB,D,20110808,000000,7.77,8.2,7.77,8.14,0,0
KSG_PB,D,20110809,000000,7.69,7.99,7.38,7.99,0,0
KSG_PB,D,20110810,000000,8.07,8.25,7.38,7.64,0,0
KSG_PB,D,20110811,000000,6.96,7.56,6.96,7.56,0,0
KSG_PB,D,20110812,000000,7.64,7.86,7.21,7.86,0,0
KSG_PB,D,20110816,000000,8.63,8.63,7.87,8.63,0,0
KSG_PB,D,20110817,000000,8.76,8.76,8.26,8.66,0,0
KSG_PB,D,20110818,000000,8.46,8.47,7.89,8.47,0,0
KSG_PB,D,20110819,000000,8.2,8.47,8.2,8.46,0,0
KSG_PB,D,20110822,000000,8.42,8.76,8.4,8.76,0,0
KSG_PB,D,20110823,000000,8.89,9.05,8.85,8.94,0,0
KSG_PB,D,20110824,000000,9.05,9.05,8.85,8.85,0,0
KSG_PB,D,20110825,000000,8.85,8.98,8.85,8.98,0,0
KSG_PB,D,20110826,000000,8.97,9.06,8.85,9.06,0,0
KSG_PB,D,20110829,000000,8.85,9.43,8.85,9.43,0,0
KSG_PB,D,20110830,000000,9.61,10.1,9.61,10.02,0,0
KSG_PB,D,20110831,000000,10.02,10.22,10.02,10.1,0,0
KSG_PB,D,20110901,000000,10.25,10.25,9.64,9.71,0,0
KSG_PB,D,20110902,000000,9.11,9.67,9.11,9.5,0,0
KSG_PB,D,20110905,000000,9.51,9.71,8.98,9.58,0,0
KSG_PB,D,20110906,000000,9.59,9.93,9.33,9.93,0,0
KSG_PB,D,20110907,000000,10.08,10.18,9.81,10.15,0,0
KSG_PB,D,20110908,000000,10.19,10.19,9.95,10.15,0,0
KSG_PB,D,20110909,000000,10.4,10.4,9.89,9.89,0,0
KSG_PB,D,20110912,000000,9.46,9.8,9.28,9.8,0,0
KSG_PB,D,20110913,000000,9.58,10.06,9.58,10.06,0,0
KSG_PB,D,20110914,000000,10.04,10.32,10.04,10.28,0,0
KSG_PB,D,20110915,000000,10.36,10.66,10.35,10.65,0,0
KSG_PB,D,20110916,000000,10.66,11.14,2.1,2.1,0,0
KSG_PB,D,20110919,000000,2.1,2.14,2.01,2.01,0,0
KSG_PB,D,20110920,000000,2.02,2.08,1.95,2.02,0,0
KSG_PB,D,20110921,000000,2.05,2.05,1.99,1.99,0,0
KSG_PB,D,20110922,000000,1.97,1.97,1.89,1.91,0,0
KSG_PB,D,20110923,000000,1.81,1.93,1.79,1.93,0,0
KSG_PB,D,20110926,000000,2.02,2.02,1.92,1.92,0,0
KSG_PB,D,20110927,000000,1.97,1.99,1.92,1.99,0,0
KSG_PB,D,20110928,000000,2.02,2.06,2,2.02,0,0
KSG_PB,D,20110929,000000,2.04,2.04,1.99,2.02,0,0
KSG_PB,D,20110930,000000,2.04,2.04,1.93,2.01,0,0
KSG_PB,D,20111003,000000,1.94,1.94,1.93,1.93,0,0
KSG_PB,D,20111004,000000,1.95,1.95,1.85,1.88,0,0
KSG_PB,D,20111005,000000,1.97,1.97,1.93,1.93,0,0
KSG_PB,D,20111006,000000,1.96,1.96,1.89,1.96,0,0
KSG_PB,D,20111007,000000,1.96,1.96,1.89,1.96,0,0
KSG_PB,D,20111010,000000,1.96,1.96,1.9,1.95,0,0
KSG_PB,D,20111011,000000,1.93,1.95,1.92,1.92,0,0
KSG_PB,D,20111012,000000,1.92,1.93,1.84,1.9,0,0
KSG_PB,D,20111013,000000,1.9,1.9,1.85,1.9,0,0
KSG_PB,D,20111014,000000,1.9,1.9,1.85,1.89,0,0
KSG_PB,D,20111017,000000,1.89,1.89,1.85,1.85,0,0
KSG_PB,D,20111018,000000,1.83,1.85,1.79,1.82,0,0
KSG_PB,D,20111019,000000,1.82,1.82,1.79,1.82,0,0
KSG_PB,D,20111020,000000,1.84,1.84,1.76,1.76,0,0
KSG_PB,D,20111021,000000,1.76,1.76,1.73,1.73,0,0
KSG_PB,D,20111024,000000,1.73,1.81,1.73,1.76,0,0
KSG_PB,D,20111025,000000,1.76,1.81,1.74,1.81,0,0
KSG_PB,D,20111026,000000,1.81,1.81,1.76,1.77,0,0
KSG_PB,D,20111027,000000,1.77,1.84,1.77,1.81,0,0
KSG_PB,D,20111028,000000,1.81,1.81,1.76,1.76,0,0
KSG_PB,D,20111031,000000,1.78,1.78,1.68,1.75,0,0
KSG_PB,D,20111102,000000,1.68,1.72,1.68,1.72,0,0
KSG_PB,D,20111103,000000,1.75,1.75,1.71,1.71,0,0
KSG_PB,D,20111104,000000,1.68,1.7,1.68,1.69,0,0
KSG_PB,D,20111107,000000,1.69,1.76,1.66,1.72,0,0
KSG_PB,D,20111108,000000,1.72,1.72,1.69,1.69,0,0
KSG_PB,D,20111109,000000,1.76,1.76,1.69,1.71,0,0
KSG_PB,D,20111110,000000,1.71,1.71,1.65,1.65,0,0
KSG_PB,D,20111114,000000,1.65,1.71,1.65,1.66,0,0
KSG_PB,D,20111115,000000,1.66,1.66,1.59,1.59,0,0
KSG_PB,D,20111116,000000,1.57,1.57,1.29,1.29,0,0
KSG_PB,D,20111117,000000,1.29,1.29,1.24,1.24,0,0
KSG_PB,D,20111118,000000,1.23,1.29,1.23,1.25,0,0
KSG_PB,D,20111121,000000,1.29,1.29,1.18,1.21,0,0
KSG_PB,D,20111122,000000,1.2,1.25,1.2,1.21,0,0
KSG_PB,D,20111123,000000,1.17,1.25,1.17,1.22,0,0
KSG_PB,D,20111124,000000,1.25,1.27,1.25,1.27,0,0
KSG_PB,D,20111125,000000,1.25,1.33,1.25,1.32,0,0
KSG_PB,D,20111128,000000,1.35,1.38,1.35,1.37,0,0
KSG_PB,D,20111129,000000,1.38,1.38,1.36,1.38,0,0
KSG_PB,D,20111130,000000,1.38,1.38,1.32,1.36,0,0
KSG_PB,D,20111201,000000,1.38,1.38,1.33,1.33,0,0
KSG_PB,D,20111202,000000,1.36,1.36,1.34,1.36,0,0
KSG_PB,D,20111205,000000,1.41,1.41,1.35,1.39,0,0
KSG_PB,D,20111206,000000,1.4,1.4,1.36,1.37,0,0
KSG_PB,D,20111207,000000,1.37,1.38,1.32,1.35,0,0
KSG_PB,D,20111208,000000,1.38,1.38,1.33,1.36,0,0
KSG_PB,D,20111209,000000,1.35,1.36,1.32,1.36,0,0
KSG_PB,D,20111212,000000,1.39,1.39,1.32,1.32,0,0
KSG_PB,D,20111213,000000,1.32,1.36,1.32,1.36,0,0
KSG_PB,D,20111214,000000,1.36,1.36,1.33,1.36,0,0
KSG_PB,D,20111215,000000,1.36,1.36,1.31,1.31,0,0
KSG_PB,D,20111216,000000,1.32,1.32,1.29,1.3,0,0
KSG_PB,D,20111219,000000,1.31,1.31,1.22,1.25,0,0
KSG_PB,D,20111220,000000,1.25,1.29,1.23,1.29,0,0
KSG_PB,D,20111221,000000,1.3,1.36,1.3,1.34,0,0
KSG_PB,D,20111222,000000,1.36,1.37,1.34,1.36,0,0
KSG_PB,D,20111223,000000,1.36,1.36,1.34,1.36,0,0
KSG_PB,D,20111227,000000,1.35,1.37,1.33,1.33,0,0
KSG_PB,D,20111228,000000,1.31,1.37,1.3,1.36,0,0
KSG_PB,D,20111229,000000,1.38,1.41,1.35,1.41,0,0
KSG_PB,D,20111230,000000,1.39,1.47,1.39,1.46,0,0
KSG_PB,D,20120102,000000,1.5,1.54,1.49,1.54,0,0
KSG_PB,D,20120103,000000,1.54,1.56,1.54,1.56,0,0
KSG_PB,D,20120104,000000,1.56,1.56,1.53,1.56,0,0
KSG_PB,D,20120105,000000,1.56,1.56,1.49,1.56,0,0
KSG_PB,D,20120109,000000,1.56,1.56,1.5,1.56,0,0
KSG_PB,D,20120110,000000,1.56,1.58,1.52,1.57,0,0
KSG_PB,D,20120111,000000,1.54,1.57,1.54,1.56,0,0
KSG_PB,D,20120112,000000,1.57,1.57,1.52,1.57,0,0
KSG_PB,D,20120113,000000,1.57,1.57,1.57,1.57,0,0
KSG_PB,D,20120116,000000,1.57,1.57,1.57,1.57,0,0
KSG_PB,D,20120117,000000,1.56,1.56,1.56,1.56,0,0
KSG_PB,D,20120118,000000,1.56,1.56,1.51,1.51,0,0
KSG_PB,D,20120119,000000,1.56,1.56,1.52,1.52,0,0
KSG_PB,D,20120120,000000,1.54,1.54,1.5,1.54,0,0
KSG_PB,D,20120123,000000,1.54,1.57,1.5,1.57,0,0
KSG_PB,D,20120124,000000,1.57,1.57,1.5,1.52,0,0
KSG_PB,D,20120125,000000,1.5,1.52,1.5,1.52,0,0
KSG_PB,D,20120126,000000,1.52,1.57,1.52,1.56,0,0
KSG_PB,D,20120127,000000,1.56,1.56,1.54,1.54,0,0
KSG_PB,D,20120130,000000,1.56,1.64,1.54,1.56,0,0
KSG_PB,D,20120131,000000,1.56,1.64,1.56,1.64,0,0
KSG_PB,D,20120201,000000,1.64,1.64,1.6,1.64,0,0
KSG_PB,D,20120202,000000,1.64,1.66,1.64,1.64,0,0
KSG_PB,D,20120203,000000,1.64,1.68,1.64,1.66,0,0
KSG_PB,D,20120206,000000,1.69,1.69,1.66,1.67,0,0
KSG_PB,D,20120207,000000,1.65,1.69,1.65,1.68,0,0
KSG_PB,D,20120208,000000,1.69,1.71,1.67,1.69,0,0
KSG_PB,D,20120209,000000,1.7,1.7,1.65,1.69,0,0
KSG_PB,D,20120210,000000,1.7,1.7,1.64,1.7,0,0
KSG_PB,D,20120213,000000,1.71,1.74,1.67,1.74,0,0
KSG_PB,D,20120214,000000,1.75,1.75,1.63,1.68,0,0
KSG_PB,D,20120215,000000,1.64,1.7,1.64,1.69,0,0
KSG_PB,D,20120216,000000,1.69,1.69,1.68,1.68,0,0
KSG_PB,D,20120217,000000,1.66,1.72,1.65,1.7,0,0
KSG_PB,D,20120220,000000,1.74,1.74,1.7,1.7,0,0
KSG_PB,D,20120221,000000,1.7,1.74,1.7,1.73,0,0
KSG_PB,D,20120222,000000,1.72,1.72,1.66,1.69,0,0
KSG_PB,D,20120223,000000,1.71,1.71,1.65,1.65,0,0
KSG_PB,D,20120224,000000,1.59,1.7,1.59,1.7,0,0
KSG_PB,D,20120227,000000,1.71,1.71,1.63,1.7,0,0
KSG_PB,D,20120228,000000,1.68,1.68,1.65,1.66,0,0
KSG_PB,D,20120229,000000,1.7,1.7,1.62,1.68,0,0
KSG_PB,D,20120301,000000,1.66,1.68,1.64,1.64,0,0
KSG_PB,D,20120302,000000,1.64,1.67,1.64,1.66,0,0
KSG_PB,D,20120305,000000,1.66,1.67,1.63,1.66,0,0
KSG_PB,D,20120306,000000,1.66,1.66,1.64,1.64,0,0
KSG_PB,D,20120307,000000,1.64,1.67,1.61,1.67,0,0
KSG_PB,D,20120308,000000,1.67,1.67,1.62,1.64,0,0
KSG_PB,D,20120309,000000,1.67,1.67,1.66,1.66,0,0
KSG_PB,D,20120312,000000,1.67,1.67,1.64,1.66,0,0
KSG_PB,D,20120313,000000,1.63,1.64,1.59,1.64,0,0
KSG_PB,D,20120314,000000,1.66,1.66,1.62,1.64,0,0
KSG_PB,D,20120315,000000,1.64,1.64,1.62,1.64,0,0
KSG_PB,D,20120316,000000,1.64,1.64,1.59,1.64,0,0
KSG_PB,D,20120319,000000,1.66,1.66,1.64,1.66,0,0
KSG_PB,D,20120320,000000,1.64,1.66,1.64,1.64,0,0
KSG_PB,D,20120321,000000,1.64,1.64,1.6,1.64,0,0
KSG_PB,D,20120322,000000,1.64,1.64,1.64,1.64,0,0
KSG_PB,D,20120323,000000,1.62,1.63,1.59,1.63,0,0
KSG_PB,D,20120326,000000,1.64,1.64,1.6,1.64,0,0
KSG_PB,D,20120327,000000,1.64,1.65,1.61,1.62,0,0
KSG_PB,D,20120328,000000,1.62,1.65,1.59,1.65,0,0
KSG_PB,D,20120329,000000,1.66,1.7,1.65,1.66,0,0
KSG_PB,D,20120330,000000,1.64,1.71,1.64,1.66,0,0
KSG_PB,D,20120402,000000,1.66,1.67,1.63,1.66,0,0
KSG_PB,D,20120403,000000,1.68,1.68,1.62,1.65,0,0
KSG_PB,D,20120404,000000,1.64,1.71,1.49,1.58,0,0
KSG_PB,D,20120405,000000,1.55,1.63,1.55,1.61,0,0
KSG_PB,D,20120410,000000,1.61,1.63,1.61,1.63,0,0
KSG_PB,D,20120411,000000,1.63,1.63,1.63,1.63,0,0
KSG_PB,D,20120412,000000,1.63,1.63,1.57,1.61,0,0
KSG_PB,D,20120413,000000,1.63,1.63,1.61,1.61,0,0
KSG_PB,D,20120416,000000,1.61,1.61,1.55,1.58,0,0
KSG_PB,D,20120417,000000,1.58,1.58,1.54,1.57,0,0
KSG_PB,D,20120418,000000,1.57,1.57,1.54,1.57,0,0
KSG_PB,D,20120419,000000,1.57,1.57,1.49,1.57,0,0
KSG_PB,D,20120420,000000,1.6,1.6,1.52,1.56,0,0
KSG_PB,D,20120423,000000,1.57,1.57,1.5,1.56,0,0
KSG_PB,D,20120424,000000,1.57,1.6,1.57,1.6,0,0
KSG_PB,D,20120425,000000,1.59,1.59,1.56,1.57,0,0
KSG_PB,D,20120426,000000,1.61,1.61,1.56,1.58,0,0
KSG_PB,D,20120427,000000,1.57,1.58,1.57,1.57,0,0
KSG_PB,D,20120430,000000,1.58,1.59,1.57,1.59,0,0
KSG_PB,D,20120502,000000,1.58,1.58,1.58,1.58,0,0
KSG_PB,D,20120504,000000,1.58,1.58,1.58,1.58,0,0
KSG_PB,D,20120507,000000,1.58,1.58,1.58,1.58,0,0
KSG_PB,D,20120508,000000,1.57,1.57,1.5,1.5,0,0
KSG_PB,D,20120509,000000,1.5,1.56,1.48,1.48,0,0
KSG_PB,D,20120510,000000,1.48,1.48,1.48,1.48,0,0
KSG_PB,D,20120511,000000,1.5,1.5,1.43,1.43,0,0
KSG_PB,D,20120514,000000,1.43,1.43,1.38,1.39,0,0
KSG_PB,D,20120515,000000,1.36,1.49,1.36,1.49,0,0
KSG_PB,D,20120516,000000,1.46,1.46,1.39,1.45,0,0
KSG_PB,D,20120517,000000,1.45,1.45,1.33,1.36,0,0
KSG_PB,D,20120518,000000,1.36,1.36,0.94,0.94,0,0
KSG_PB,D,20120521,000000,0.95,0.95,0.93,0.93,0,0
KSG_PB,D,20120522,000000,0.93,0.93,0.9,0.93,0,0
KSG_PB,D,20120523,000000,0.93,0.93,0.88,0.89,0,0
KSG_PB,D,20120524,000000,0.87,0.91,0.87,0.88,0,0
KSG_PB,D,20120525,000000,0.88,0.95,0.85,0.95,0,0
KSG_PB,D,20120528,000000,0.96,0.96,0.91,0.95,0,0
KSG_PB,D,20120529,000000,0.96,0.96,0.93,0.96,0,0
KSG_PB,D,20120530,000000,0.96,0.96,0.93,0.95,0,0
KSG_PB,D,20120531,000000,0.95,0.95,0.93,0.95,0,0
KSG_PB,D,20120601,000000,0.95,0.95,0.93,0.93,0,0
KSG_PB,D,20120604,000000,0.95,0.96,0.9,0.9,0,0
KSG_PB,D,20120605,000000,0.91,0.91,0.84,0.84,0,0
KSG_PB,D,20120606,000000,0.84,0.87,0.84,0.86,0,0
KSG_PB,D,20120608,000000,0.88,0.9,0.87,0.9,0,0
KSG_PB,D,20120611,000000,0.9,0.9,0.87,0.88,0,0
KSG_PB,D,20120612,000000,0.88,0.88,0.85,0.88,0,0
KSG_PB,D,20120613,000000,0.87,0.9,0.85,0.88,0,0
KSG_PB,D,20120614,000000,0.89,0.9,0.88,0.9,0,0
KSG_PB,D,20120615,000000,0.9,0.95,0.89,0.95,0,0
KSG_PB,D,20120618,000000,0.95,0.97,0.95,0.97,0,0
KSG_PB,D,20120619,000000,0.98,0.98,0.98,0.98,0,0
KSG_PB,D,20120620,000000,0.98,0.98,0.94,0.98,0,0
KSG_PB,D,20120621,000000,0.98,0.98,0.96,0.96,0,0
KSG_PB,D,20120622,000000,0.96,0.96,0.93,0.95,0,0
KSG_PB,D,20120625,000000,0.95,0.95,0.93,0.95,0,0
KSG_PB,D,20120626,000000,0.95,0.95,0.92,0.93,0,0
KSG_PB,D,20120627,000000,0.93,0.93,0.93,0.93,0,0
KSG_PB,D,20120628,000000,0.96,0.96,0.94,0.94,0,0
KSG_PB,D,20120629,000000,0.93,0.99,0.92,0.99,0,0
KSG_PB,D,20120702,000000,0.96,0.98,0.96,0.98,0,0
KSG_PB,D,20120703,000000,0.98,0.98,0.95,0.95,0,0
KSG_PB,D,20120704,000000,0.97,0.97,0.91,0.92,0,0
KSG_PB,D,20120705,000000,0.91,0.96,0.9,0.96,0,0
KSG_PB,D,20120706,000000,0.97,0.97,0.94,0.96,0,0
KSG_PB,D,20120709,000000,0.96,0.98,0.96,0.96,0,0
KSG_PB,D,20120710,000000,0.96,0.96,0.93,0.95,0,0
KSG_PB,D,20120711,000000,0.96,0.96,0.93,0.95,0,0
KSG_PB,D,20120712,000000,0.95,0.95,0.91,0.91,0,0
KSG_PB,D,20120713,000000,0.9,0.93,0.9,0.93,0,0
KSG_PB,D,20120716,000000,0.93,0.93,0.93,0.93,0,0
KSG_PB,D,20120717,000000,0.93,0.93,0.93,0.93,0,0
KSG_PB,D,20120718,000000,0.93,0.93,0.9,0.9,0,0
KSG_PB,D,20120719,000000,0.92,0.92,0.88,0.9,0,0
KSG_PB,D,20120720,000000,0.9,0.9,0.88,0.88,0,0
KSG_PB,D,20120723,000000,0.9,0.9,0.87,0.9,0,0
KSG_PB,D,20120724,000000,0.9,0.9,0.87,0.88,0,0
KSG_PB,D,20120725,000000,0.9,0.9,0.89,0.9,0,0
KSG_PB,D,20120726,000000,0.9,0.9,0.89,0.9,0,0
KSG_PB,D,20120727,000000,0.9,0.9,0.87,0.9,0,0
KSG_PB,D,20120730,000000,0.9,0.9,0.86,0.89,0,0
KSG_PB,D,20120731,000000,0.89,0.9,0.86,0.9,0,0
KSG_PB,D,20120801,000000,0.9,0.9,0.83,0.86,0,0
KSG_PB,D,20120802,000000,0.88,0.88,0.86,0.86,0,0
KSG_PB,D,20120803,000000,0.86,0.88,0.85,0.86,0,0
KSG_PB,D,20120806,000000,0.86,0.88,0.83,0.84,0,0
KSG_PB,D,20120807,000000,0.86,0.86,0.86,0.86,0,0
KSG_PB,D,20120808,000000,0.86,0.87,0.84,0.87,0,0
KSG_PB,D,20120809,000000,0.87,0.89,0.86,0.86,0,0
KSG_PB,D,20120810,000000,0.86,0.93,0.86,0.86,0,0
KSG_PB,D,20120813,000000,0.93,0.94,0.88,0.89,0,0
KSG_PB,D,20120814,000000,0.89,0.89,0.86,0.86,0,0
KSG_PB,D,20120816,000000,0.86,0.89,0.86,0.88,0,0
KSG_PB,D,20120817,000000,0.88,0.9,0.87,0.9,0,0
KSG_PB,D,20120820,000000,0.9,0.97,0.89,0.9,0,0
KSG_PB,D,20120821,000000,0.9,0.92,0.9,0.91,0,0
KSG_PB,D,20120822,000000,0.92,0.92,0.89,0.9,0,0
KSG_PB,D,20120823,000000,0.9,0.91,0.88,0.89,0,0
KSG_PB,D,20120824,000000,0.89,0.89,0.88,0.88,0,0
KSG_PB,D,20120827,000000,0.89,0.89,0.87,0.88,0,0
KSG_PB,D,20120828,000000,0.88,0.88,0.88,0.88,0,0
KSG_PB,D,20120829,000000,0.88,0.88,0.84,0.84,0,0
KSG_PB,D,20120830,000000,0.84,0.85,0.84,0.85,0,0
KSG_PB,D,20120831,000000,0.84,0.84,0.83,0.84,0,0
KSG_PB,D,20120903,000000,0.85,0.85,0.83,0.84,0,0
KSG_PB,D,20120904,000000,0.84,0.84,0.76,0.78,0,0
KSG_PB,D,20120905,000000,0.78,0.78,0.74,0.75,0,0
KSG_PB,D,20120906,000000,0.75,0.81,0.67,0.67,0,0
KSG_PB,D,20120907,000000,0.67,0.69,0.66,0.67,0,0
KSG_PB,D,20120910,000000,0.67,0.67,0.64,0.66,0,0
KSG_PB,D,20120911,000000,0.67,0.67,0.59,0.59,0,0
KSG_PB,D,20120912,000000,0.59,0.59,0.53,0.56,0,0
KSG_PB,D,20120913,000000,0.56,0.59,0.56,0.59,0,0
KSG_PB,D,20120914,000000,0.6,0.6,0.52,0.56,0,0
KSG_PB,D,20120917,000000,0.56,0.58,0.55,0.58,0,0
KSG_PB,D,20120918,000000,0.58,0.58,0.55,0.58,0,0
KSG_PB,D,20120919,000000,0.58,0.58,0.56,0.56,0,0
KSG_PB,D,20120920,000000,0.57,0.57,0.54,0.54,0,0
KSG_PB,D,20120921,000000,0.54,0.57,0.54,0.57,0,0
KSG_PB,D,20120924,000000,0.58,0.58,0.56,0.58,0,0
KSG_PB,D,20120925,000000,0.58,0.59,0.56,0.59,0,0
KSG_PB,D,20120926,000000,0.6,0.6,0.58,0.59,0,0
KSG_PB,D,20120927,000000,0.59,0.59,0.59,0.59,0,0
KSG_PB,D,20120928,000000,0.6,0.6,0.59,0.59,0,0
KSG_PB,D,20121001,000000,0.61,0.61,0.59,0.59,0,0
KSG_PB,D,20121002,000000,0.59,0.59,0.59,0.59,0,0
KSG_PB,D,20121003,000000,0.6,0.64,0.59,0.63,0,0
KSG_PB,D,20121004,000000,0.62,0.63,0.62,0.62,0,0
KSG_PB,D,20121005,000000,0.62,0.65,0.62,0.65,0,0
KSG_PB,D,20121008,000000,0.66,0.66,0.62,0.63,0,0
KSG_PB,D,20121009,000000,0.63,0.63,0.62,0.62,0,0
KSG_PB,D,20121010,000000,0.62,0.62,0.62,0.62,0,0
KSG_PB,D,20121011,000000,0.62,0.64,0.62,0.63,0,0
KSG_PB,D,20121012,000000,0.63,0.63,0.63,0.63,0,0
KSG_PB,D,20121015,000000,0.63,0.63,0.62,0.63,0,0
KSG_PB,D,20121016,000000,0.63,0.64,0.62,0.62,0,0
KSG_PB,D,20121017,000000,0.64,0.64,0.62,0.62,0,0
KSG_PB,D,20121018,000000,0.62,0.62,0.59,0.6,0,0
KSG_PB,D,20121019,000000,0.6,0.61,0.6,0.61,0,0
KSG_PB,D,20121022,000000,0.62,0.62,0.6,0.61,0,0
KSG_PB,D,20121023,000000,0.61,0.61,0.58,0.61,0,0
KSG_PB,D,20121024,000000,0.59,0.62,0.58,0.6,0,0
KSG_PB,D,20121025,000000,0.6,0.6,0.58,0.58,0,0
KSG_PB,D,20121026,000000,0.58,0.58,0.57,0.58,0,0
KSG_PB,D,20121029,000000,0.58,0.58,0.57,0.57,0,0
KSG_PB,D,20121030,000000,0.58,0.59,0.56,0.59,0,0
KSG_PB,D,20121031,000000,0.58,0.59,0.57,0.58,0,0
KSG_PB,D,20121102,000000,0.59,0.59,0.56,0.57,0,0
KSG_PB,D,20121105,000000,0.56,0.56,0.55,0.56,0,0
KSG_PB,D,20121106,000000,0.56,0.56,0.54,0.54,0,0
KSG_PB,D,20121107,000000,0.54,0.54,0.53,0.53,0,0
KSG_PB,D,20121108,000000,0.54,0.54,0.53,0.54,0,0
KSG_PB,D,20121109,000000,0.56,0.56,0.53,0.54,0,0
KSG_PB,D,20121112,000000,0.53,0.53,0.53,0.53,0,0
KSG_PB,D,20121113,000000,0.53,0.53,0.53,0.53,0,0
KSG_PB,D,20121114,000000,0.52,0.53,0.51,0.51,0,0
KSG_PB,D,20121115,000000,0.52,0.52,0.51,0.52,0,0
KSG_PB,D,20121116,000000,0.52,0.52,0.47,0.47,0,0
KSG_PB,D,20121119,000000,0.47,0.47,0.43,0.43,0,0
KSG_PB,D,20121120,000000,0.43,0.43,0.41,0.41,0,0
KSG_PB,D,20121121,000000,0.41,0.42,0.41,0.42,0,0
KSG_PB,D,20121122,000000,0.45,0.46,0.43,0.45,0,0
KSG_PB,D,20121123,000000,0.45,0.46,0.44,0.46,0,0
KSG_PB,D,20121126,000000,0.46,0.47,0.46,0.47,0,0
KSG_PB,D,20121127,000000,0.48,0.51,0.48,0.49,0,0
KSG_PB,D,20121128,000000,0.49,0.52,0.49,0.52,0,0
KSG_PB,D,20121129,000000,0.53,0.53,0.5,0.51,0,0
KSG_PB,D,20121130,000000,0.52,0.52,0.5,0.5,0,0
KSG_PB,D,20121203,000000,0.49,0.49,0.48,0.49,0,0
KSG_PB,D,20121204,000000,0.49,0.51,0.49,0.51,0,0
KSG_PB,D,20121205,000000,0.51,0.51,0.5,0.51,0,0
KSG_PB,D,20121206,000000,0.49,0.52,0.49,0.52,0,0
KSG_PB,D,20121207,000000,0.52,0.52,0.52,0.52,0,0
KSG_PB,D,20121210,000000,0.52,0.54,0.52,0.53,0,0
KSG_PB,D,20121211,000000,0.54,0.55,0.52,0.53,0,0
KSG_PB,D,20121212,000000,0.53,0.53,0.52,0.53,0,0
KSG_PB,D,20121213,000000,0.53,0.53,0.52,0.53,0,0
KSG_PB,D,20121214,000000,0.53,0.54,0.53,0.54,0,0
KSG_PB,D,20121217,000000,0.54,0.55,0.52,0.52,0,0
KSG_PB,D,20121218,000000,0.52,0.53,0.51,0.51,0,0
KSG_PB,D,20121219,000000,0.52,0.52,0.51,0.52,0,0
KSG_PB,D,20121220,000000,0.52,0.52,0.5,0.52,0,0
KSG_PB,D,20121221,000000,0.52,0.52,0.51,0.52,0,0
KSG_PB,D,20121227,000000,0.52,0.53,0.51,0.53,0,0
KSG_PB,D,20121228,000000,0.52,0.54,0.51,0.54,0,0
KSG_PB,D,20130102,000000,0.55,0.56,0.55,0.55,0,0
KSG_PB,D,20130103,000000,0.56,0.56,0.56,0.56,0,0
KSG_PB,D,20130104,000000,0.57,0.58,0.56,0.58,0,0
KSG_PB,D,20130107,000000,0.58,0.6,0.58,0.59,0,0
KSG_PB,D,20130108,000000,0.6,0.6,0.58,0.58,0,0
KSG_PB,D,20130109,000000,0.59,0.59,0.58,0.58,0,0
KSG_PB,D,20130110,000000,0.59,0.59,0.58,0.59,0,0
KSG_PB,D,20130111,000000,0.59,0.59,0.58,0.59,0,0
KSG_PB,D,20130114,000000,0.59,0.61,0.58,0.6,0,0
KSG_PB,D,20130115,000000,0.61,0.61,0.58,0.59,0,0
KSG_PB,D,20130117,000000,0.59,0.61,0.58,0.61,0,0
KSG_PB,D,20130118,000000,0.61,0.61,0.61,0.61,0,0
KSG_PB,D,20130121,000000,0.61,0.61,0.6,0.61,0,0
KSG_PB,D,20130122,000000,0.61,0.61,0.6,0.61,0,0
KSG_PB,D,20130123,000000,0.61,0.61,0.6,0.6,0,0
KSG_PB,D,20130124,000000,0.61,0.61,0.6,0.61,0,0
KSG_PB,D,20130125,000000,0.61,0.62,0.61,0.62,0,0
KSG_PB,D,20130128,000000,0.61,0.61,0.6,0.61,0,0
KSG_PB,D,20130129,000000,0.61,0.61,0.6,0.61,0,0
KSG_PB,D,20130130,000000,0.61,0.61,0.6,0.61,0,0
KSG_PB,D,20130131,000000,0.61,0.61,0.6,0.61,0,0
KSG_PB,D,20130201,000000,0.62,0.62,0.61,0.62,0,0
KSG_PB,D,20130204,000000,0.62,0.62,0.6,0.6,0,0
KSG_PB,D,20130205,000000,0.6,0.61,0.59,0.61,0,0
KSG_PB,D,20130206,000000,0.61,0.61,0.59,0.61,0,0
KSG_PB,D,20130207,000000,0.61,0.61,0.6,0.6,0,0
KSG_PB,D,20130208,000000,0.61,0.61,0.59,0.61,0,0
KSG_PB,D,20130211,000000,0.61,0.61,0.58,0.58,0,0
KSG_PB,D,20130212,000000,0.6,0.6,0.57,0.59,0,0
KSG_PB,D,20130213,000000,0.6,0.6,0.58,0.59,0,0
KSG_PB,D,20130214,000000,0.59,0.6,0.58,0.58,0,0
KSG_PB,D,20130215,000000,0.58,0.58,0.58,0.58,0,0
KSG_PB,D,20130218,000000,0.58,0.58,0.56,0.58,0,0
KSG_PB,D,20130219,000000,0.58,0.58,0.56,0.56,0,0
KSG_PB,D,20130220,000000,0.56,0.56,0.56,0.56,0,0
KSG_PB,D,20130221,000000,0.57,0.57,0.54,0.55,0,0
KSG_PB,D,20130222,000000,0.55,0.55,0.53,0.53,0,0
KSG_PB,D,20130225,000000,0.54,0.54,0.52,0.52,0,0
KSG_PB,D,20130226,000000,0.52,0.52,0.5,0.5,0,0
KSG_PB,D,20130227,000000,0.49,0.5,0.49,0.5,0,0
KSG_PB,D,20130228,000000,0.51,0.51,0.49,0.49,0,0
KSG_PB,D,20130301,000000,0.49,0.49,0.46,0.46,0,0
KSG_PB,D,20130304,000000,0.46,0.46,0.45,0.45,0,0
KSG_PB,D,20130305,000000,0.45,0.46,0.45,0.46,0,0
KSG_PB,D,20130306,000000,0.46,0.49,0.45,0.48,0,0
KSG_PB,D,20130307,000000,0.48,0.53,0.48,0.52,0,0
KSG_PB,D,20130308,000000,0.53,0.55,0.51,0.54,0,0
KSG_PB,D,20130311,000000,0.54,0.56,0.52,0.55,0,0
KSG_PB,D,20130312,000000,0.55,0.57,0.55,0.55,0,0
KSG_PB,D,20130313,000000,0.55,0.56,0.55,0.56,0,0
KSG_PB,D,20130314,000000,0.56,0.59,0.56,0.58,0,0
KSG_PB,D,20130315,000000,0.58,0.58,0.57,0.58,0,0
KSG_PB,D,20130318,000000,0.57,0.57,0.55,0.56,0,0
KSG_PB,D,20130319,000000,0.57,0.57,0.56,0.57,0,0
KSG_PB,D,20130320,000000,0.58,0.58,0.55,0.55,0,0
KSG_PB,D,20130321,000000,0.55,0.55,0.54,0.54,0,0
KSG_PB,D,20130322,000000,0.55,0.56,0.55,0.55,0,0
KSG_PB,D,20130325,000000,0.55,0.56,0.55,0.56,0,0
KSG_PB,D,20130326,000000,0.56,0.56,0.55,0.56,0,0
KSG_PB,D,20130327,000000,0.57,0.61,0.56,0.56,0,0
KSG_PB,D,20130328,000000,0.61,0.61,0.59,0.59,0,0
KSG_PB,D,20130402,000000,0.56,0.59,0.56,0.58,0,0
KSG_PB,D,20130403,000000,0.58,0.6,0.58,0.58,0,0
KSG_PB,D,20130404,000000,0.58,0.58,0.58,0.58,0,0
KSG_PB,D,20130405,000000,0.59,0.59,0.58,0.59,0,0
KSG_PB,D,20130408,000000,0.6,0.6,0.6,0.6,0,0
KSG_PB,D,20130409,000000,0.6,0.6,0.58,0.6,0,0
KSG_PB,D,20130410,000000,0.6,0.6,0.6,0.6,0,0
KSG_PB,D,20130411,000000,0.6,0.6,0.59,0.59,0,0
KSG_PB,D,20130412,000000,0.59,0.59,0.49,0.57,0,0
KSG_PB,D,20130415,000000,0.54,0.55,0.54,0.55,0,0
KSG_PB,D,20130417,000000,0.52,0.52,0.47,0.48,0,0
KSG_PB,D,20130418,000000,0.46,0.48,0.46,0.46,0,0
KSG_PB,D,20130419,000000,0.46,0.46,0.43,0.43,0,0
KSG_PB,D,20130422,000000,0.44,0.44,0.42,0.43,0,0
KSG_PB,D,20130423,000000,0.43,0.43,0.42,0.42,0,0
KSG_PB,D,20130424,000000,0.43,0.43,0.39,0.41,0,0
KSG_PB,D,20130425,000000,0.42,0.42,0.42,0.42,0,0
KSG_PB,D,20130426,000000,0.42,0.42,0.38,0.42,0,0
KSG_PB,D,20130429,000000,0.42,0.42,0.4,0.42,0,0
KSG_PB,D,20130430,000000,0.42,0.42,0.41,0.42,0,0
KSG_PB,D,20130502,000000,0.42,0.42,0.42,0.42,0,0
KSG_PB,D,20130506,000000,0.42,0.42,0.42,0.42,0,0
KSG_PB,D,20130507,000000,0.42,0.42,0.41,0.42,0,0
KSG_PB,D,20130508,000000,0.42,0.44,0.4,0.44,0,0
KSG_PB,D,20130509,000000,0.44,0.44,0.42,0.43,0,0
KSG_PB,D,20130510,000000,0.43,0.43,0.41,0.42,0,0
KSG_PB,D,20130513,000000,0.42,0.42,0.39,0.4,0,0
KSG_PB,D,20130514,000000,0.4,0.4,0.4,0.4,0,0
KSG_PB,D,20130515,000000,0.4,0.41,0.4,0.41,0,0
KSG_PB,D,20130516,000000,0.42,0.42,0.39,0.39,0,0
KSG_PB,D,20130517,000000,0.4,0.43,0.4,0.4,0,0
KSG_PB,D,20130520,000000,0.41,0.44,0.4,0.42,0,0
KSG_PB,D,20130521,000000,0.42,0.42,0.41,0.42,0,0
KSG_PB,D,20130522,000000,0.42,0.42,0.41,0.41,0,0
KSG_PB,D,20130523,000000,0.41,0.41,0.37,0.37,0,0
KSG_PB,D,20130524,000000,0.37,0.37,0.36,0.37,0,0
KSG_PB,D,20130527,000000,0.37,0.37,0.36,0.36,0,0
KSG_PB,D,20130528,000000,0.36,0.36,0.36,0.36,0,0
KSG_PB,D,20130529,000000,0.36,0.36,0.35,0.35,0,0
KSG_PB,D,20130531,000000,0.35,0.35,0.35,0.35,0,0
KSG_PB,D,20130603,000000,0.35,0.35,0.34,0.35,0,0
KSG_PB,D,20130604,000000,0.35,0.35,0.34,0.35,0,0
KSG_PB,D,20130605,000000,0.35,0.35,0.33,0.35,0,0
KSG_PB,D,20130606,000000,0.35,0.36,0.34,0.34,0,0
KSG_PB,D,20130607,000000,0.34,0.35,0.34,0.34,0,0
KSG_PB,D,20130610,000000,0.34,0.35,0.34,0.35,0,0
KSG_PB,D,20130611,000000,0.35,0.43,0.35,0.43,0,0
KSG_PB,D,20130612,000000,0.43,0.49,0.43,0.47,0,0
KSG_PB,D,20130613,000000,0.46,0.48,0.45,0.47,0,0
KSG_PB,D,20130614,000000,0.47,0.49,0.47,0.47,0,0
KSG_PB,D,20130617,000000,0.47,0.47,0.45,0.47,0,0
KSG_PB,D,20130618,000000,0.48,0.48,0.44,0.47,0,0
KSG_PB,D,20130619,000000,0.47,0.47,0.44,0.46,0,0
KSG_PB,D,20130620,000000,0.47,0.47,0.46,0.46,0,0
KSG_PB,D,20130621,000000,0.47,0.49,0.46,0.46,0,0
KSG_PB,D,20130624,000000,0.47,0.48,0.47,0.48,0,0
KSG_PB,D,20130625,000000,0.48,0.49,0.47,0.48,0,0
KSG_PB,D,20130626,000000,0.47,0.47,0.45,0.46,0,0
KSG_PB,D,20130627,000000,0.46,0.47,0.46,0.47,0,0
KSG_PB,D,20130628,000000,0.47,0.47,0.46,0.47,0,0
KSG_PB,D,20130701,000000,0.47,0.48,0.47,0.48,0,0
KSG_PB,D,20130702,000000,0.48,0.52,0.48,0.51,0,0
KSG_PB,D,20130703,000000,0.51,0.51,0.51,0.51,0,0
KSG_PB,D,20130704,000000,0.52,0.54,0.51,0.54,0,0
KSG_PB,D,20130705,000000,0.55,0.55,0.53,0.54,0,0
KSG_PB,D,20130708,000000,0.53,0.55,0.53,0.54,0,0
KSG_PB,D,20130709,000000,0.55,0.55,0.53,0.54,0,0
KSG_PB,D,20130710,000000,0.53,0.53,0.51,0.53,0,0
KSG_PB,D,20130711,000000,0.53,0.53,0.51,0.53,0,0
KSG_PB,D,20130712,000000,0.53,0.53,0.53,0.53,0,0
KSG_PB,D,20130715,000000,0.54,0.54,0.51,0.52,0,0
KSG_PB,D,20130716,000000,0.52,0.52,0.49,0.49,0,0
KSG_PB,D,20130717,000000,0.5,0.5,0.45,0.47,0,0
KSG_PB,D,20130718,000000,0.47,0.48,0.47,0.48,0,0
KSG_PB,D,20130719,000000,0.48,0.48,0.47,0.48,0,0
KSG_PB,D,20130722,000000,0.48,0.5,0.48,0.5,0,0
KSG_PB,D,20130723,000000,0.51,0.51,0.49,0.5,0,0
KSG_PB,D,20130724,000000,0.5,0.5,0.5,0.5,0,0
KSG_PB,D,20130725,000000,0.5,0.5,0.49,0.49,0,0
KSG_PB,D,20130726,000000,0.5,0.5,0.47,0.48,0,0
KSG_PB,D,20130729,000000,0.48,0.48,0.47,0.47,0,0
KSG_PB,D,20130730,000000,0.47,0.47,0.46,0.47,0,0
KSG_PB,D,20130731,000000,0.47,0.49,0.47,0.49,0,0
KSG_PB,D,20130801,000000,0.48,0.48,0.48,0.48,0,0
KSG_PB,D,20130802,000000,0.48,0.48,0.48,0.48,0,0
KSG_PB,D,20130805,000000,0.48,0.48,0.48,0.48,0,0
KSG_PB,D,20130806,000000,0.48,0.48,0.48,0.48,0,0
KSG_PB,D,20130807,000000,0.49,0.52,0.49,0.52,0,0
KSG_PB,D,20130808,000000,0.51,0.52,0.51,0.52,0,0
KSG_PB,D,20130809,000000,0.52,0.52,0.52,0.52,0,0
KSG_PB,D,20130812,000000,0.53,0.53,0.5,0.52,0,0
KSG_PB,D,20130813,000000,0.52,0.52,0.5,0.5,0,0
KSG_PB,D,20130814,000000,0.5,0.51,0.5,0.51,0,0
KSG_PB,D,20130816,000000,0.51,0.52,0.51,0.52,0,0
KSG_PB,D,20130819,000000,0.53,0.53,0.51,0.52,0,0
KSG_PB,D,20130820,000000,0.52,0.52,0.51,0.52,0,0
KSG_PB,D,20130821,000000,0.51,0.52,0.51,0.52,0,0
KSG_PB,D,20130822,000000,0.52,0.52,0.51,0.51,0,0
KSG_PB,D,20130823,000000,0.52,0.52,0.51,0.52,0,0
KSG_PB,D,20130826,000000,0.53,0.53,0.49,0.49,0,0
KSG_PB,D,20130827,000000,0.49,0.49,0.48,0.48,0,0
KSG_PB,D,20130828,000000,0.48,0.48,0.47,0.48,0,0
KSG_PB,D,20130829,000000,0.48,0.48,0.47,0.47,0,0
KSG_PB,D,20130830,000000,0.49,0.49,0.44,0.44,0,0
KSG_PB,D,20130902,000000,0.44,0.44,0.42,0.43,0,0
KSG_PB,D,20130903,000000,0.43,0.43,0.41,0.42,0,0
KSG_PB,D,20130904,000000,0.43,0.44,0.42,0.44,0,0
KSG_PB,D,20130905,000000,0.44,0.44,0.38,0.38,0,0
KSG_PB,D,20130906,000000,0.39,0.39,0.38,0.38,0,0
KSG_PB,D,20130909,000000,0.38,0.39,0.38,0.39,0,0
KSG_PB,D,20130910,000000,0.39,0.39,0.38,0.39,0,0
KSG_PB,D,20130911,000000,0.39,0.4,0.39,0.4,0,0
KSG_PB,D,20130912,000000,0.4,0.41,0.39,0.41,0,0
KSG_PB,D,20130913,000000,0.41,0.41,0.4,0.41,0,0
KSG_PB,D,20130916,000000,0.41,0.41,0.39,0.4,0,0
KSG_PB,D,20130917,000000,0.4,0.4,0.39,0.39,0,0
KSG_PB,D,20130918,000000,0.39,0.41,0.39,0.41,0,0
KSG_PB,D,20130919,000000,0.41,0.41,0.4,0.41,0,0
KSG_PB,D,20130920,000000,0.41,0.43,0.4,0.43,0,0
KSG_PB,D,20130923,000000,0.43,0.44,0.43,0.44,0,0
KSG_PB,D,20130924,000000,0.44,0.46,0.43,0.44,0,0
KSG_PB,D,20130925,000000,0.46,0.49,0.45,0.46,0,0
KSG_PB,D,20130926,000000,0.46,0.49,0.45,0.49,0,0
KSG_PB,D,20130927,000000,0.49,0.49,0.47,0.48,0,0
KSG_PB,D,20130930,000000,0.48,0.5,0.46,0.5,0,0
KSG_PB,D,20131001,000000,0.49,0.49,0.47,0.48,0,0
KSG_PB,D,20131002,000000,0.49,0.49,0.47,0.48,0,0
KSG_PB,D,20131003,000000,0.48,0.48,0.47,0.48,0,0
KSG_PB,D,20131004,000000,0.48,0.48,0.47,0.47,0,0
KSG_PB,D,20131007,000000,0.47,0.48,0.47,0.47,0,0
KSG_PB,D,20131008,000000,0.47,0.47,0.46,0.46,0,0
KSG_PB,D,20131009,000000,0.47,0.47,0.46,0.46,0,0
KSG_PB,D,20131010,000000,0.46,0.47,0.46,0.47,0,0
KSG_PB,D,20131011,000000,0.47,0.47,0.46,0.47,0,0
KSG_PB,D,20131014,000000,0.47,0.47,0.45,0.47,0,0
KSG_PB,D,20131015,000000,0.47,0.47,0.46,0.47,0,0
KSG_PB,D,20131016,000000,0.47,0.47,0.46,0.47,0,0
KSG_PB,D,20131017,000000,0.46,0.46,0.46,0.46,0,0
KSG_PB,D,20131018,000000,0.47,0.47,0.46,0.46,0,0
KSG_PB,D,20131021,000000,0.46,0.46,0.45,0.46,0,0
KSG_PB,D,20131022,000000,0.45,0.47,0.45,0.47,0,0
KSG_PB,D,20131023,000000,0.47,0.47,0.44,0.45,0,0
KSG_PB,D,20131024,000000,0.46,0.46,0.44,0.46,0,0
KSG_PB,D,20131025,000000,0.46,0.46,0.44,0.46,0,0
KSG_PB,D,20131028,000000,0.47,0.47,0.45,0.46,0,0
KSG_PB,D,20131029,000000,0.47,0.47,0.45,0.46,0,0
KSG_PB,D,20131030,000000,0.47,0.47,0.45,0.46,0,0
KSG_PB,D,20131031,000000,0.46,0.46,0.45,0.46,0,0
KSG_PB,D,20131104,000000,0.46,0.46,0.45,0.45,0,0
KSG_PB,D,20131105,000000,0.45,0.45,0.44,0.45,0,0
KSG_PB,D,20131106,000000,0.45,0.45,0.45,0.45,0,0
KSG_PB,D,20131107,000000,0.45,0.45,0.44,0.45,0,0
KSG_PB,D,20131108,000000,0.45,0.45,0.44,0.44,0,0
KSG_PB,D,20131112,000000,0.44,0.45,0.44,0.45,0,0
KSG_PB,D,20131113,000000,0.45,0.45,0.44,0.45,0,0
KSG_PB,D,20131114,000000,0.45,0.45,0.44,0.44,0,0
KSG_PB,D,20131115,000000,0.44,0.44,0.43,0.44,0,0
KSG_PB,D,20131118,000000,0.45,0.48,0.45,0.47,0,0
KSG_PB,D,20131119,000000,0.48,0.48,0.47,0.48,0,0
KSG_PB,D,20131120,000000,0.47,0.47,0.46,0.46,0,0
KSG_PB,D,20131121,000000,0.47,0.47,0.45,0.46,0,0
KSG_PB,D,20131122,000000,0.46,0.46,0.45,0.45,0,0
KSG_PB,D,20131125,000000,0.45,0.45,0.44,0.45,0,0
KSG_PB,D,20131126,000000,0.45,0.45,0.44,0.44,0,0
KSG_PB,D,20131127,000000,0.44,0.44,0.42,0.44,0,0
KSG_PB,D,20131128,000000,0.45,0.47,0.41,0.47,0,0
KSG_PB,D,20131129,000000,0.47,0.47,0.44,0.46,0,0
KSG_PB,D,20131202,000000,0.43,0.46,0.42,0.45,0,0
KSG_PB,D,20131203,000000,0.45,0.45,0.42,0.42,0,0
KSG_PB,D,20131204,000000,0.42,0.44,0.42,0.42,0,0
KSG_PB,D,20131205,000000,0.42,0.42,0.41,0.42,0,0
KSG_PB,D,20131206,000000,0.42,0.42,0.4,0.42,0,0
KSG_PB,D,20131209,000000,0.42,0.42,0.4,0.41,0,0
KSG_PB,D,20131210,000000,0.4,0.41,0.4,0.41,0,0
KSG_PB,D,20131211,000000,0.41,0.41,0.4,0.4,0,0
KSG_PB,D,20131212,000000,0.4,0.41,0.4,0.4,0,0
KSG_PB,D,20131213,000000,0.4,0.4,0.39,0.39,0,0
KSG_PB,D,20131216,000000,0.4,0.4,0.4,0.4,0,0
KSG_PB,D,20131217,000000,0.4,0.4,0.4,0.4,0,0
KSG_PB,D,20131218,000000,0.4,0.42,0.4,0.42,0,0
KSG_PB,D,20131219,000000,0.43,0.43,0.42,0.42,0,0
KSG_PB,D,20131220,000000,0.42,0.43,0.42,0.42,0,0
KSG_PB,D,20131223,000000,0.41,0.44,0.41,0.44,0,0
KSG_PB,D,20131227,000000,0.44,0.45,0.44,0.45,0,0
KSG_PB,D,20131230,000000,0.45,0.45,0.43,0.44,0,0
KSG_PB,D,20140102,000000,0.45,0.45,0.44,0.44,0,0
KSG_PB,D,20140103,000000,0.45,0.45,0.43,0.43,0,0
KSG_PB,D,20140107,000000,0.43,0.43,0.41,0.43,0,0
KSG_PB,D,20140108,000000,0.43,0.44,0.42,0.44,0,0
KSG_PB,D,20140109,000000,0.44,0.44,0.42,0.44,0,0
KSG_PB,D,20140110,000000,0.43,0.43,0.43,0.43,0,0
KSG_PB,D,20140113,000000,0.42,0.42,0.42,0.42,0,0
KSG_PB,D,20140114,000000,0.42,0.42,0.41,0.41,0,0
KSG_PB,D,20140115,000000,0.41,0.42,0.41,0.42,0,0
KSG_PB,D,20140116,000000,0.43,0.43,0.42,0.43,0,0
KSG_PB,D,20140117,000000,0.43,0.43,0.43,0.43,0,0
KSG_PB,D,20140120,000000,0.43,0.43,0.41,0.42,0,0
KSG_PB,D,20140121,000000,0.42,0.42,0.41,0.42,0,0
KSG_PB,D,20140122,000000,0.42,0.42,0.41,0.41,0,0
KSG_PB,D,20140123,000000,0.4,0.41,0.39,0.39,0,0
KSG_PB,D,20140124,000000,0.38,0.39,0.38,0.39,0,0
KSG_PB,D,20140127,000000,0.37,0.39,0.37,0.39,0,0
KSG_PB,D,20140128,000000,0.39,0.39,0.38,0.38,0,0
KSG_PB,D,20140129,000000,0.38,0.38,0.36,0.36,0,0
KSG_PB,D,20140130,000000,0.36,0.37,0.36,0.37,0,0
KSG_PB,D,20140131,000000,0.37,0.37,0.35,0.37,0,0
KSG_PB,D,20140203,000000,0.37,0.37,0.36,0.37,0,0
KSG_PB,D,20140204,000000,0.37,0.37,0.36,0.36,0,0
KSG_PB,D,20140205,000000,0.36,0.37,0.36,0.37,0,0
KSG_PB,D,20140206,000000,0.37,0.37,0.36,0.37,0,0
KSG_PB,D,20140207,000000,0.37,0.37,0.36,0.36,0,0
KSG_PB,D,20140210,000000,0.36,0.36,0.35,0.35,0,0
KSG_PB,D,20140211,000000,0.35,0.35,0.33,0.33,0,0
KSG_PB,D,20140212,000000,0.34,0.34,0.32,0.32,0,0
KSG_PB,D,20140213,000000,0.32,0.32,0.3,0.31,0,0
KSG_PB,D,20140214,000000,0.31,0.32,0.31,0.31,0,0
KSG_PB,D,20140217,000000,0.31,0.33,0.31,0.32,0,0
KSG_PB,D,20140218,000000,0.35,0.35,0.33,0.34,0,0
KSG_PB,D,20140219,000000,0.33,0.33,0.32,0.32,0,0
KSG_PB,D,20140220,000000,0.33,0.33,0.31,0.31,0,0
KSG_PB,D,20140221,000000,0.32,0.33,0.32,0.32,0,0
KSG_PB,D,20140224,000000,0.35,0.35,0.32,0.33,0,0
KSG_PB,D,20140225,000000,0.35,0.37,0.35,0.35,0,0
KSG_PB,D,20140226,000000,0.36,0.36,0.33,0.34,0,0
KSG_PB,D,20140227,000000,0.33,0.35,0.33,0.33,0,0
KSG_PB,D,20140228,000000,0.33,0.33,0.33,0.33,0,0
KSG_PB,D,20140303,000000,0.28,0.3,0.25,0.25,0,0
KSG_PB,D,20140304,000000,0.26,0.29,0.25,0.27,0,0
KSG_PB,D,20140305,000000,0.29,0.29,0.27,0.27,0,0
KSG_PB,D,20140306,000000,0.28,0.29,0.27,0.28,0,0
KSG_PB,D,20140307,000000,0.28,0.28,0.26,0.26,0,0
KSG_PB,D,20140310,000000,0.27,0.27,0.25,0.25,0,0
KSG_PB,D,20140311,000000,0.25,0.25,0.24,0.24,0,0
KSG_PB,D,20140312,000000,0.24,0.26,0.23,0.23,0,0
KSG_PB,D,20140313,000000,0.24,0.24,0.23,0.24,0,0
KSG_PB,D,20140314,000000,0.23,0.23,0.22,0.22,0,0
KSG_PB,D,20140317,000000,0.22,0.23,0.22,0.23,0,0
KSG_PB,D,20140318,000000,0.23,0.24,0.23,0.24,0,0
KSG_PB,D,20140319,000000,0.24,0.25,0.23,0.23,0,0
KSG_PB,D,20140320,000000,0.23,0.24,0.22,0.23,0,0
KSG_PB,D,20140321,000000,0.23,0.24,0.22,0.23,0,0
KSG_PB,D,20140324,000000,0.22,0.24,0.22,0.23,0,0
KSG_PB,D,20140325,000000,0.23,0.25,0.23,0.24,0,0
KSG_PB,D,20140326,000000,0.24,0.24,0.24,0.24,0,0
KSG_PB,D,20140327,000000,0.24,0.24,0.24,0.24,0,0
KSG_PB,D,20140328,000000,0.24,0.24,0.22,0.24,0,0
KSG_PB,D,20140331,000000,0.25,0.25,0.24,0.24,0,0
KSG_PB,D,20140401,000000,0.25,0.26,0.24,0.24,0,0
KSG_PB,D,20140402,000000,0.25,0.25,0.24,0.24,0,0
KSG_PB,D,20140403,000000,0.24,0.25,0.24,0.24,0,0
KSG_PB,D,20140404,000000,0.24,0.24,0.23,0.24,0,0
KSG_PB,D,20140407,000000,0.23,0.23,0.21,0.22,0,0
KSG_PB,D,20140408,000000,0.21,0.22,0.19,0.21,0,0
KSG_PB,D,20140409,000000,0.21,0.21,0.21,0.21,0,0
KSG_PB,D,20140410,000000,0.21,0.21,0.21,0.21,0,0
KSG_PB,D,20140411,000000,0.21,0.21,0.21,0.21,0,0
KSG_PB,D,20140414,000000,0.2,0.2,0.2,0.2,0,0
KSG_PB,D,20140415,000000,0.21,0.21,0.2,0.2,0,0
KSG_PB,D,20140416,000000,0.2,0.2,0.18,0.18,0,0
KSG_PB,D,20140417,000000,0.19,0.2,0.19,0.2,0,0
KSG_PB,D,20140422,000000,0.19,0.21,0.19,0.21,0,0
KSG_PB,D,20140423,000000,0.21,0.21,0.2,0.2,0,0
KSG_PB,D,20140424,000000,0.2,0.2,0.2,0.2,0,0
KSG_PB,D,20140425,000000,0.2,0.2,0.19,0.2,0,0
KSG_PB,D,20140428,000000,0.19,0.2,0.19,0.2,0,0
KSG_PB,D,20140429,000000,0.2,0.2,0.2,0.2,0,0
KSG_PB,D,20140430,000000,0.2,0.2,0.19,0.2,0,0
KSG_PB,D,20140502,000000,0.2,0.2,0.18,0.18,0,0
KSG_PB,D,20140826,000000,0.86,0.86,0.86,0.86,0,0
KSG_PB,D,20140827,000000,0.8,0.8,0.41,0.41,0,0
KSG_PB,D,20140828,000000,0.41,0.41,0.25,0.25,0,0
KSG_PB,D,20140829,000000,0.23,0.23,0.09,0.11,0,0
KSG_PB,D,20140901,000000,0.13,0.15,0.12,0.15,0,0
KSG_PB,D,20140902,000000,0.15,0.17,0.14,0.14,0,0
KSG_PB,D,20140903,000000,0.14,0.2,0.14,0.2,0,0
KSG_PB,D,20140904,000000,0.21,0.26,0.2,0.26,0,0
KSG_PB,D,20140905,000000,0.27,0.36,0.27,0.35,0,0
KSG_PB,D,20140908,000000,0.39,0.47,0.39,0.47,0,0
KSG_PB,D,20140909,000000,0.63,0.64,0.38,0.46,0,0
KSG_PB,D,20140910,000000,0.46,0.48,0.43,0.45,0,0
KSG_PB,D,20140911,000000,0.47,0.47,0.39,0.39,0,0
KSG_PB,D,20140912,000000,0.38,0.47,0.29,0.29,0,0
KSG_PB,D,20140915,000000,0.29,0.3,0.28,0.28,0,0
KSG_PB,D,20140916,000000,0.27,0.28,0.26,0.27,0,0
KSG_PB,D,20140917,000000,0.27,0.27,0.24,0.26,0,0
KSG_PB,D,20140918,000000,0.24,0.26,0.23,0.24,0,0
KSG_PB,D,20140919,000000,0.23,0.28,0.23,0.26,0,0
KSG_PB,D,20140922,000000,0.27,0.29,0.26,0.28,0,0
KSG_PB,D,20140923,000000,0.27,0.28,0.26,0.26,0,0
KSG_PB,D,20140924,000000,0.27,0.27,0.25,0.26,0,0
KSG_PB,D,20140925,000000,0.25,0.26,0.23,0.24,0,0
KSG_PB,D,20140926,000000,0.24,0.25,0.23,0.24,0,0
KSG_PB,D,20140929,000000,0.24,0.24,0.23,0.23,0,0
KSG_PB,D,20140930,000000,0.23,0.23,0.21,0.22,0,0
KSG_PB,D,20141001,000000,0.21,0.22,0.21,0.21,0,0
KSG_PB,D,20141002,000000,0.21,0.21,0.21,0.21,0,0
KSG_PB,D,20141003,000000,0.21,0.24,0.21,0.24,0,0
KSG_PB,D,20141006,000000,0.25,0.25,0.22,0.22,0,0
KSG_PB,D,20141007,000000,0.22,0.23,0.21,0.22,0,0
KSG_PB,D,20141008,000000,0.22,0.22,0.22,0.22,0,0
KSG_PB,D,20141009,000000,0.22,0.22,0.21,0.22,0,0
KSG_PB,D,20141010,000000,0.22,0.22,0.21,0.21,0,0
KSG_PB,D,20141013,000000,0.21,0.22,0.21,0.22,0,0
KSG_PB,D,20141014,000000,0.22,0.22,0.21,0.22,0,0
KSG_PB,D,20141015,000000,0.22,0.22,0.21,0.21,0,0
KSG_PB,D,20141016,000000,0.21,0.21,0.2,0.21,0,0
KSG_PB,D,20141017,000000,0.21,0.21,0.2,0.2,0,0
KSG_PB,D,20141020,000000,0.2,0.21,0.2,0.2,0,0
KSG_PB,D,20141021,000000,0.2,0.21,0.18,0.18,0,0
KSG_PB,D,20141022,000000,0.19,0.2,0.17,0.19,0,0
KSG_PB,D,20141023,000000,0.19,0.2,0.19,0.19,0,0
KSG_PB,D,20141024,000000,0.19,0.2,0.19,0.2,0,0
KSG_PB,D,20141027,000000,0.2,0.26,0.2,0.26,0,0
KSG_PB,D,20141028,000000,0.28,0.28,0.26,0.26,0,0
KSG_PB,D,20141029,000000,0.25,0.26,0.23,0.23,0,0
KSG_PB,D,20141030,000000,0.23,0.24,0.22,0.22,0,0
KSG_PB,D,20141031,000000,0.23,0.24,0.23,0.24,0,0
KSG_PB,D,20141103,000000,0.24,0.24,0.23,0.23,0,0
KSG_PB,D,20141104,000000,0.23,0.23,0.22,0.22,0,0
KSG_PB,D,20141105,000000,0.22,0.22,0.21,0.21,0,0
KSG_PB,D,20141106,000000,0.22,0.22,0.21,0.21,0,0
KSG_PB,D,20141107,000000,0.21,0.22,0.21,0.21,0,0
KSG_PB,D,20141110,000000,0.21,0.22,0.21,0.21,0,0
KSG_PB,D,20141112,000000,0.21,0.23,0.21,0.22,0,0
KSG_PB,D,20141113,000000,0.22,0.22,0.21,0.21,0,0
KSG_PB,D,20141114,000000,0.22,0.22,0.21,0.21,0,0
KSG_PB,D,20141117,000000,0.22,0.22,0.21,0.22,0,0
KSG_PB,D,20141118,000000,0.22,0.51,0.22,0.51,0,0
KSG_PB,D,20141119,000000,0.53,0.53,0.47,0.47,0,0
KSG_PB,D,20141120,000000,0.48,0.51,0.46,0.48,0,0
KSG_PB,D,20141121,000000,0.49,0.49,0.46,0.46,0,0
KSG_PB,D,20141124,000000,0.47,0.48,0.44,0.44,0,0
KSG_PB,D,20141125,000000,0.45,0.45,0.43,0.45,0,0
KSG_PB,D,20141126,000000,0.45,0.47,0.44,0.47,0,0
KSG_PB,D,20141127,000000,0.46,0.46,0.45,0.45,0,0
KSG_PB,D,20141128,000000,0.45,0.45,0.44,0.44,0,0
KSG_PB,D,20141201,000000,0.44,0.44,0.43,0.44,0,0
KSG_PB,D,20141202,000000,0.45,0.48,0.45,0.47,0,0
KSG_PB,D,20141203,000000,0.46,0.47,0.44,0.44,0,0
KSG_PB,D,20141204,000000,0.44,0.46,0.44,0.44,0,0
KSG_PB,D,20141205,000000,0.45,0.46,0.44,0.46,0,0
KSG_PB,D,20141208,000000,0.46,0.46,0.44,0.44,0,0
KSG_PB,D,20141209,000000,0.44,0.47,0.44,0.44,0,0
KSG_PB,D,20141210,000000,0.44,0.44,0.44,0.44,0,0
KSG_PB,D,20141211,000000,0.44,0.45,0.44,0.44,0,0
KSG_PB,D,20141212,000000,0.44,0.46,0.44,0.45,0,0
KSG_PB,D,20141215,000000,0.44,0.45,0.43,0.43,0,0
KSG_PB,D,20141216,000000,0.42,0.42,0.4,0.41,0,0
KSG_PB,D,20141217,000000,0.42,0.44,0.41,0.42,0,0
KSG_PB,D,20141218,000000,0.43,0.44,0.42,0.42,0,0
KSG_PB,D,20141219,000000,0.42,0.42,0.38,0.39,0,0
KSG_PB,D,20141222,000000,0.39,0.4,0.39,0.39,0,0
KSG_PB,D,20141223,000000,0.39,0.39,0.38,0.38,0,0
KSG_PB,D,20141229,000000,0.38,0.4,0.38,0.39,0,0
KSG_PB,D,20141230,000000,0.39,0.4,0.39,0.39,0,0
KSG_PB,D,20150102,000000,0.39,0.4,0.39,0.39,0,0
KSG_PB,D,20150105,000000,0.38,0.39,0.38,0.38,0,0
KSG_PB,D,20150107,000000,0.38,0.38,0.35,0.36,0,0
KSG_PB,D,20150108,000000,0.36,0.38,0.35,0.37,0,0
KSG_PB,D,20150109,000000,0.37,0.4,0.36,0.39,0,0
KSG_PB,D,20150112,000000,0.39,0.43,0.39,0.42,0,0
KSG_PB,D,20150113,000000,0.42,0.42,0.4,0.41,0,0
KSG_PB,D,20150114,000000,0.4,0.41,0.4,0.4,0,0
KSG_PB,D,20150115,000000,0.4,0.4,0.37,0.4,0,0
KSG_PB,D,20150116,000000,0.4,0.4,0.38,0.39,0,0
KSG_PB,D,20150119,000000,0.38,0.39,0.38,0.39,0,0
KSG_PB,D,20150120,000000,0.37,0.39,0.37,0.37,0,0
KSG_PB,D,20150121,000000,0.38,0.38,0.35,0.37,0,0
KSG_PB,D,20150122,000000,0.36,0.38,0.35,0.38,0,0
KSG_PB,D,20150123,000000,0.38,0.38,0.35,0.35,0,0
KSG_PB,D,20150126,000000,0.35,0.35,0.34,0.35,0,0
KSG_PB,D,20150127,000000,0.34,0.35,0.34,0.35,0,0
KSG_PB,D,20150128,000000,0.35,0.35,0.33,0.35,0,0
KSG_PB,D,20150129,000000,0.34,0.37,0.34,0.36,0,0
KSG_PB,D,20150130,000000,0.37,0.37,0.36,0.37,0,0
KSG_PB,D,20150202,000000,0.37,0.37,0.35,0.37,0,0
KSG_PB,D,20150203,000000,0.36,0.36,0.36,0.36,0,0
KSG_PB,D,20150204,000000,0.35,0.36,0.35,0.35,0,0
KSG_PB,D,20150205,000000,0.35,0.36,0.35,0.36,0,0
KSG_PB,D,20150206,000000,0.36,0.38,0.36,0.38,0,0
KSG_PB,D,20150209,000000,0.38,0.41,0.38,0.4,0,0
KSG_PB,D,20150210,000000,0.4,0.4,0.36,0.36,0,0
KSG_PB,D,20150211,000000,0.38,0.39,0.36,0.37,0,0
KSG_PB,D,20150212,000000,0.37,0.43,0.36,0.39,0,0
KSG_PB,D,20150213,000000,0.41,0.42,0.38,0.39,0,0
KSG_PB,D,20150216,000000,0.39,0.42,0.38,0.39,0,0
KSG_PB,D,20150217,000000,0.39,0.39,0.37,0.38,0,0
KSG_PB,D,20150218,000000,0.37,0.39,0.37,0.37,0,0
KSG_PB,D,20150219,000000,0.38,0.39,0.37,0.37,0,0
KSG_PB,D,20150220,000000,0.37,0.39,0.37,0.38,0,0
KSG_PB,D,20150223,000000,0.38,0.39,0.37,0.37,0,0
KSG_PB,D,20150224,000000,0.38,0.38,0.36,0.38,0,0
KSG_PB,D,20150225,000000,0.37,0.39,0.37,0.38,0,0
KSG_PB,D,20150226,000000,0.39,0.39,0.37,0.37,0,0
KSG_PB,D,20150227,000000,0.38,0.38,0.36,0.36,0,0
KSG_PB,D,20150302,000000,0.37,0.37,0.36,0.36,0,0
KSG_PB,D,20150303,000000,0.36,0.36,0.36,0.36,0,0
KSG_PB,D,20150304,000000,0.36,0.37,0.35,0.35,0,0
KSG_PB,D,20150305,000000,0.35,0.36,0.35,0.36,0,0
KSG_PB,D,20150306,000000,0.36,0.36,0.35,0.35,0,0
KSG_PB,D,20150309,000000,0.36,0.36,0.36,0.36,0,0
KSG_PB,D,20150310,000000,0.35,0.36,0.34,0.34,0,0
KSG_PB,D,20150311,000000,0.34,0.36,0.33,0.33,0,0
KSG_PB,D,20150312,000000,0.35,0.35,0.33,0.34,0,0
KSG_PB,D,20150313,000000,0.34,0.34,0.33,0.34,0,0
KSG_PB,D,20150316,000000,0.33,0.34,0.32,0.32,0,0
KSG_PB,D,20150317,000000,0.34,0.34,0.33,0.33,0,0
KSG_PB,D,20150318,000000,0.33,0.34,0.33,0.33,0,0
KSG_PB,D,20150319,000000,0.33,0.34,0.32,0.34,0,0
KSG_PB,D,20150320,000000,0.33,0.34,0.33,0.34,0,0
KSG_PB,D,20150323,000000,0.33,0.34,0.33,0.34,0,0
KSG_PB,D,20150324,000000,0.34,0.35,0.34,0.35,0,0
KSG_PB,D,20150325,000000,0.34,0.35,0.34,0.35,0,0
KSG_PB,D,20150326,000000,0.34,0.34,0.32,0.32,0,0
KSG_PB,D,20150327,000000,0.32,0.33,0.3,0.31,0,0
KSG_PB,D,20150330,000000,0.31,0.31,0.29,0.29,0,0
KSG_PB,D,20150331,000000,0.29,0.3,0.29,0.29,0,0
KSG_PB,D,20150401,000000,0.29,0.3,0.28,0.3,0,0
KSG_PB,D,20150402,000000,0.29,0.3,0.29,0.3,0,0
KSG_PB,D,20150407,000000,0.29,0.29,0.27,0.27,0,0
KSG_PB,D,20150408,000000,0.28,0.28,0.27,0.27,0,0
KSG_PB,D,20150409,000000,0.27,0.28,0.27,0.28,0,0
KSG_PB,D,20150410,000000,0.28,0.28,0.27,0.27,0,0
KSG_PB,D,20150413,000000,0.27,0.28,0.27,0.28,0,0
KSG_PB,D,20150414,000000,0.27,0.29,0.27,0.29,0,0
KSG_PB,D,20150415,000000,0.28,0.29,0.28,0.28,0,0
KSG_PB,D,20150416,000000,0.29,0.3,0.28,0.29,0,0
KSG_PB,D,20150417,000000,0.29,0.29,0.28,0.29,0,0
KSG_PB,D,20150420,000000,0.29,0.29,0.29,0.29,0,0
KSG_PB,D,20150421,000000,0.28,0.28,0.27,0.28,0,0
KSG_PB,D,20150422,000000,0.29,0.29,0.28,0.29,0,0
KSG_PB,D,20150423,000000,0.29,0.29,0.28,0.29,0,0
KSG_PB,D,20150424,000000,0.28,0.28,0.27,0.28,0,0
KSG_PB,D,20150427,000000,0.28,0.28,0.27,0.27,0,0
KSG_PB,D,20150428,000000,0.27,0.27,0.27,0.27,0,0
KSG_PB,D,20150429,000000,0.27,0.27,0.27,0.27,0,0
KSG_PB,D,20150430,000000,0.27,0.28,0.27,0.27,0,0
KSG_PB,D,20150504,000000,0.28,0.29,0.27,0.27,0,0
KSG_PB,D,20150505,000000,0.29,0.29,0.27,0.27,0,0
KSG_PB,D,20170928,000000,0.27,0.27,0.27,0.27,0,0
KSG_PB,D,20201112,000000,3.51,3.51,3.51,3.51,0,0
KSG_PB,D,20201113,000000,3.72,4.65,3.49,4.65,0,0
KSG_PB,D,20201116,000000,5.58,6.19,5.23,6.19,0,0
KSG_PB,D,20201117,000000,7.01,7.77,7.01,7.76,0,0
KSG_PB,D,20201118,000000,8.81,9.92,7.93,8.63,0,0
KSG_PB,D,20201119,000000,8.8,8.98,7.69,7.87,0,0
KSG_PB,D,20201120,000000,8.57,8.57,7.41,8.51,0,0
KSG_PB,D,20201123,000000,8.74,8.74,7.63,7.98,0,0
KSG_PB,D,20201124,000000,7.98,7.98,7.39,7.8,0,0
KSG_PB,D,20201125,000000,7.8,7.92,7.33,7.88,0,0
KSG_PB,D,20201126,000000,7.88,7.88,7.17,7.52,0,0
KSG_PB,D,20201127,000000,8.11,8.11,7.52,7.86,0,0
KSG_PB,D,20201130,000000,7.98,7.98,7.22,7.27,0,0
KSG_PB,D,20201201,000000,7.16,7.27,6.15,6.44,0,0
KSG_PB,D,20201202,000000,6.27,7.16,6.15,7.03,0,0
KSG_PB,D,20201203,000000,7.09,7.15,6.8,7.11,0,0
KSG_PB,D,20201204,000000,7.11,7.11,6.57,6.85,0,0
KSG_PB,D,20201207,000000,6.85,7.57,6.61,7.52,0,0
KSG_PB,D,20201208,000000,7.41,7.94,7.23,7.72,0,0
KSG_PB,D,20201209,000000,7.78,7.9,7.36,7.53,0,0
KSG_PB,D,20201210,000000,7.1,7.4,6.92,7.31,0,0
KSG_PB,D,20201211,000000,7.31,7.31,6.95,7.24,0,0
KSG_PB,D,20201214,000000,6.94,7.06,6.57,6.89,0,0
KSG_PB,D,20201215,000000,6.71,7.01,6.47,6.77,0,0
KSG_PB,D,20201216,000000,6.77,6.77,6.47,6.57,0,0
KSG_PB,D,20201217,000000,6.57,6.69,6.38,6.58,0,0
KSG_PB,D,20201218,000000,6.4,6.46,5.97,6.26,0,0
KSG_PB,D,20201221,000000,6.38,6.38,5.87,5.87,0,0
KSG_PB,D,20201222,000000,6.08,7.15,5.96,7,0,0
KSG_PB,D,20201223,000000,6.88,7.3,6.64,7,0,0
KSG_PB,D,20201228,000000,7,8.08,7,8.08,0,0
KSG_PB,D,20201229,000000,8.14,8.33,7.84,8.05,0,0
KSG_PB,D,20201230,000000,7.93,8.05,7.57,8.02,0,0
KSG_PB,D,20210104,000000,8.02,8.68,8.02,8.48,0,0
KSG_PB,D,20210105,000000,8.48,8.6,8,8.52,0,0
KSG_PB,D,20210107,000000,8.58,9.3,8.58,9.27,0,0
KSG_PB,D,20210108,000000,9.27,9.27,8.73,8.8,0,0
KSG_PB,D,20210111,000000,8.92,9.16,8.56,8.65,0,0
KSG_PB,D,20210112,000000,8.59,8.59,8.18,8.31,0,0
KSG_PB,D,20210113,000000,8.49,9.02,8.43,8.98,0,0
KSG_PB,D,20210114,000000,9.1,10.29,9.1,10.17,0,0
KSG_PB,D,20210115,000000,10.35,10.94,9.58,9.95,0,0
KSG_PB,D,20210118,000000,10.07,10.31,9.66,9.96,0,0
KSG_PB,D,20210119,000000,10.13,10.19,9.49,10.09,0,0
KSG_PB,D,20210120,000000,10.09,10.96,9.15,10.96,0,0
KSG_PB,D,20210121,000000,10.96,12.68,10.96,11.85,0,0
KSG_PB,D,20210122,000000,12.09,12.98,11.44,12.8,0,0
KSG_PB,D,20210125,000000,13.21,13.21,12.03,12.63,0,0
KSG_PB,D,20210126,000000,12.39,12.39,11.66,11.66,0,0
KSG_PB,D,20210127,000000,11.66,11.66,11.01,11.66,0,0
KSG_PB,D,20210128,000000,11.66,12.61,11.13,12.34,0,0
KSG_PB,D,20210129,000000,12.34,12.75,11.76,12.75,0,0
KSG_PB,D,20210201,000000,12.93,13.1,12.33,12.6,0,0
KSG_PB,D,20210202,000000,12.54,12.54,11.94,12.26,0,0
KSG_PB,D,20210203,000000,12.03,12.03,11.55,11.77,0,0
KSG_PB,D,20210204,000000,11.77,12.06,11.47,11.78,0,0
KSG_PB,D,20210205,000000,11.55,12.25,11.49,11.87,0,0
KSG_PB,D,20210208,000000,12.29,12.29,11.76,12.15,0,0
KSG_PB,D,20210209,000000,11.91,12.15,11.55,11.94,0,0
KSG_PB,D,20210210,000000,11.94,11.94,11.71,11.83,0,0
KSG_PB,D,20210211,000000,11.83,13.68,11.41,13.09,0,0
KSG_PB,D,20210212,000000,12.91,13.8,12.43,13.54,0,0
KSG_PB,D,20210215,000000,13.83,14.43,13.12,13.97,0,0
KSG_PB,D,20210216,000000,13.44,14.21,13.26,13.64,0,0
KSG_PB,D,20210217,000000,13.64,14,13.05,13.27,0,0
KSG_PB,D,20210218,000000,13.15,13.27,12.68,12.73,0,0
KSG_PB,D,20210219,000000,12.73,13.14,12.31,13.14,0,0
KSG_PB,D,20210222,000000,13.14,13.14,12.54,12.97,0,0
KSG_PB,D,20210223,000000,12.91,12.97,12.31,12.79,0,0
KSG_PB,D,20210224,000000,12.91,12.91,12.37,12.73,0,0
KSG_PB,D,20210225,000000,12.73,13.44,12.73,12.93,0,0
KSG_PB,D,20210226,000000,12.45,12.81,12.38,12.38,0,0
KSG_PB,D,20210301,000000,12.8,12.8,12.26,12.64,0,0
KSG_PB,D,20210302,000000,12.87,12.87,12.17,12.45,0,0
KSG_PB,D,20210303,000000,12.16,12.45,11.81,11.96,0,0
KSG_PB,D,20210304,000000,11.78,12.02,11.49,11.9,0,0
KSG_PB,D,20210305,000000,11.96,11.96,11.43,11.8,0,0
KSG_PB,D,20210308,000000,11.8,11.8,11.45,11.54,0,0
KSG_PB,D,20210309,000000,11.42,11.69,11.08,11.69,0,0
KSG_PB,D,20210310,000000,11.35,11.95,11.35,11.95,0,0
KSG_PB,D,20210311,000000,12,12.12,11.54,11.99,0,0
KSG_PB,D,20210312,000000,11.82,11.99,11.42,11.87,0,0
KSG_PB,D,20210315,000000,11.81,11.81,11.24,11.49,0,0
KSG_PB,D,20210316,000000,11.66,11.77,11.37,11.69,0,0
KSG_PB,D,20210317,000000,11.69,11.75,11.06,11.37,0,0
KSG_PB,D,20210318,000000,11.37,11.65,11.08,11.54,0,0
KSG_PB,D,20210319,000000,11.54,11.65,11.31,11.58,0,0
KSG_PB,D,20210322,000000,11.75,12.66,11.64,11.98,0,0
KSG_PB,D,20210323,000000,11.98,11.98,11.02,11.29,0,0
KSG_PB,D,20210324,000000,11.51,11.51,9.66,9.66,0,0
KSG_PB,D,20210325,000000,9.66,10.33,9.26,9.28,0,0
KSG_PB,D,20210326,000000,9.23,9.79,9.15,9.15,0,0
KSG_PB,D,20210329,000000,9.15,9.43,9.15,9.21,0,0
KSG_PB,D,20210330,000000,9.21,10.11,9.21,10.09,0,0
KSG_PB,D,20210331,000000,10.31,11.04,10.14,10.68,0,0
KSG_PB,D,20210401,000000,10.12,11.38,10.12,11.38,0,0
KSG_PB,D,20210406,000000,11.21,11.21,9.25,10.34,0,0
KSG_PB,D,20210407,000000,10.2,10.43,9.66,10.07,0,0
KSG_PB,D,20210408,000000,10.41,10.41,9.73,10.01,0,0
KSG_PB,D,20210409,000000,9.87,10.13,9.87,10.07,0,0
KSG_PB,D,20210412,000000,9.93,10.07,9.84,10.01,0,0
KSG_PB,D,20210413,000000,9.73,9.96,9.44,9.78,0,0
KSG_PB,D,20210414,000000,9.73,9.92,9.44,9.92,0,0
KSG_PB,D,20210415,000000,9.6,10.08,9.6,10.08,0,0
KSG_PB,D,20210416,000000,10.08,10.11,9.88,10.11,0,0
KSG_PB,D,20210419,000000,9.94,10.05,8.92,8.97,0,0
KSG_PB,D,20210420,000000,8.88,9.26,8.27,8.99,0,0
KSG_PB,D,20210421,000000,8.99,9.37,8.75,9.17,0,0
KSG_PB,D,20210422,000000,9.2,10.48,8.62,10.03,0,0
KSG_PB,D,20210423,000000,10.44,10.82,10.06,10.5,0,0
KSG_PB,D,20210426,000000,10.56,10.94,10.41,10.82,0,0
KSG_PB,D,20210427,000000,10.82,11,10.47,10.58,0,0
KSG_PB,D,20210428,000000,10.75,10.75,10.23,10.48,0,0
KSG_PB,D,20210429,000000,10.57,10.67,10.28,10.67,0,0
KSG_PB,D,20210430,000000,10.64,10.81,10.11,10.42,0,0
KSG_PB,D,20210504,000000,10.69,10.72,9.66,9.81,0,0
KSG_PB,D,20210816,000000,856.13,856.13,856.13,856.13,0,0
KSG_PB,D,20210817,000000,874.88,886.13,805.5,844.88,0,0
KSG_PB,D,20210818,000000,846.75,871.13,831.75,848.63,0,0
KSG_PB,D,20210819,000000,863.63,863.63,788.5,790.38,0,0
KSG_PB,D,20210820,000000,790.38,816.75,782.88,792.25,0,0
KSG_PB,D,20210823,000000,792.25,826.13,788.5,805.5,0,0
KSG_PB,D,20210824,000000,792.25,811.13,760.38,781,0,0
KSG_PB,D,20210825,000000,779.13,798,762.25,769.75,0,0
KSG_PB,D,20210826,000000,773.5,839.25,771.63,839.25,0,0
KSG_PB,D,20210827,000000,839.25,839.25,807.38,829.88,0,0
KSG_PB,D,20210830,000000,829.88,833.63,805.5,805.5,0,0
KSG_PB,D,20210831,000000,822.38,826.13,796,796,0,0
KSG_PB,D,20210901,000000,792.25,792.25,779.13,781,0,0
KSG_PB,D,20210902,000000,784.75,807.38,781,790.38,0,0
KSG_PB,D,20210903,000000,796,796,764.13,773.5,0,0
KSG_PB,D,20210906,000000,766,803.63,743.5,781,0,0
KSG_PB,D,20210907,000000,777.25,813,771.63,786.63,0,0
KSG_PB,D,20210908,000000,796,796,751,773.5,0,0
KSG_PB,D,20210909,000000,754.75,801.75,754.75,771.63,0,0
KSG_PB,D,20210910,000000,771.63,796,762.25,790.38,0,0
KSG_PB,D,20210913,000000,788.5,798,767.88,792.25,0,0
KSG_PB,D,20210914,000000,794.13,801.75,777.25,798,0,0
KSG_PB,D,20210915,000000,788.5,811.13,769.75,784.75,0,0
KSG_PB,D,20210916,000000,775.38,799.88,767.88,781,0,0
KSG_PB,D,20210917,000000,769.75,792.25,767.88,777.25,0,0
KSG_PB,D,20210920,000000,758.5,769.75,707.88,745.38,0,0
KSG_PB,D,20210921,000000,728.5,737.88,722.88,732.25,0,0
KSG_PB,D,20210922,000000,739.75,777.25,739.75,775.38,0,0
KSG_PB,D,20210923,000000,775.38,781,749.13,773.5,0,0
KSG_PB,D,20210924,000000,775.38,775.38,736,751,0,0
KSG_PB,D,20210927,000000,769.75,771.63,751,751,0,0
KSG_PB,D,20210928,000000,767.88,767.88,726.63,760.38,0,0
KSG_PB,D,20210929,000000,751,751,722.88,739.75,0,0
KSG_PB,D,20210930,000000,739.75,739.75,722.88,726.63,0,0
KSG_PB,D,20211001,000000,726.63,745.38,726.63,741.63,0,0
KSG_PB,D,20211004,000000,741.63,814.88,732.25,784.75,0,0
KSG_PB,D,20211005,000000,788.5,792.25,758.5,769.75,0,0
KSG_PB,D,20211006,000000,786.63,786.63,737.88,764.13,0,0
KSG_PB,D,20211007,000000,767.88,788.5,741.63,764.13,0,0
KSG_PB,D,20211008,000000,769.75,782.88,762.25,782.88,0,0
KSG_PB,D,20211011,000000,779.13,788.5,751,779.13,0,0
KSG_PB,D,20211012,000000,777.25,777.25,754.75,762.25,0,0
KSG_PB,D,20211013,000000,775.38,777.25,752.88,756.63,0,0
KSG_PB,D,20211014,000000,756.63,756.63,747.25,747.25,0,0
KSG_PB,D,20211015,000000,751,773.5,751,751,0,0
KSG_PB,D,20211018,000000,747.25,760.38,741.63,745.38,0,0
KSG_PB,D,20211019,000000,758.5,773.5,751,751,0,0
KSG_PB,D,20211020,000000,756.63,769.75,747.25,769.75,0,0
KSG_PB,D,20211021,000000,769.75,769.75,752.88,754.75,0,0
KSG_PB,D,20211022,000000,751,794.13,751,794.13,0,0
KSG_PB,D,20211025,000000,790.38,1062.63,790.38,1062.63,0,0
KSG_PB,D,20211026,000000,1126.5,1126.5,942.5,942.5,0,0
KSG_PB,D,20211027,000000,957.5,1089,938.75,1089,0,0
KSG_PB,D,20211028,000000,1058.88,1175.38,998.88,1043.88,0,0
KSG_PB,D,20211029,000000,1043.88,1047.63,987.63,1043.88,0,0
KSG_PB,D,20211102,000000,1066.38,1066.38,976.25,991.38,0,0
KSG_PB,D,20211103,000000,991.38,1062.63,991.38,1010.13,0,0
KSG_PB,D,20211104,000000,1013.88,1182.88,1013.88,1051.38,0,0
KSG_PB,D,20211105,000000,1081.5,1141.5,1051.38,1062.63,0,0
KSG_PB,D,20211108,000000,1066.38,1122.75,1055.13,1062.63,0,0
KSG_PB,D,20211109,000000,1055.13,1070.13,995.13,1028.88,0,0
KSG_PB,D,20211110,000000,1043.88,1055.13,961.25,995.13,0,0
KSG_PB,D,20211112,000000,953.75,1047.63,931.22,931.22,0,0
KSG_PB,D,20211115,000000,887.89,931.22,3.29,931.22,0,0
KSG_PB,D,20211116,000000,817.78,851.11,3.17,3.17,0,0
KSG_PB,D,20211117,000000,3.17,3.17,3.07,3.09,0,0
KSG_PB,D,20211118,000000,3.09,3.14,2.83,2.85,0,0
KSG_PB,D,20211119,000000,2.9,3.02,2.83,2.96,0,0
KSG_PB,D,20211122,000000,2.94,2.94,2.7,2.88,0,0
KSG_PB,D,20211123,000000,2.8,2.88,2.76,2.84,0,0
KSG_PB,D,20211124,000000,2.87,2.91,2.82,2.88,0,0
KSG_PB,D,20211125,000000,3.43,3.43,2.98,3.02,0,0
KSG_PB,D,20211126,000000,2.85,2.88,2.68,2.71,0,0
KSG_PB,D,20211129,000000,2.67,2.78,2.59,2.78,0,0
KSG_PB,D,20211130,000000,2.73,3.01,2.72,2.93,0,0
KSG_PB,D,20211201,000000,3.01,3.01,2.86,3.01,0,0
KSG_PB,D,20211202,000000,2.91,3.03,2.87,3.03,0,0
KSG_PB,D,20211203,000000,3.05,3.06,2.9,2.96,0,0
KSG_PB,D,20211206,000000,2.93,2.93,2.72,2.89,0,0
KSG_PB,D,20211207,000000,2.89,2.98,2.76,2.8,0,0
KSG_PB,D,20211208,000000,2.81,2.81,2.73,2.78,0,0
KSG_PB,D,20211209,000000,2.81,2.81,2.72,2.76,0,0
KSG_PB,D,20211210,000000,2.7,2.84,2.68,2.84,0,0
KSG_PB,D,20211213,000000,2.81,2.84,2.71,2.72,0,0
KSG_PB,D,20211214,000000,2.72,2.76,2.65,2.7,0,0
KSG_PB,D,20211215,000000,2.66,2.73,2.56,2.66,0,0
KSG_PB,D,20211216,000000,2.59,2.67,2.5,2.62,0,0
KSG_PB,D,20211217,000000,2.58,2.58,2.5,2.57,0,0
KSG_PB,D,20211220,000000,2.57,2.57,2.3,2.3,0,0
KSG_PB,D,20211221,000000,2.29,2.29,2.09,2.12,0,0
KSG_PB,D,20211222,000000,2.11,2.25,2.08,2.23,0,0
KSG_PB,D,20211223,000000,2.26,2.38,2.23,2.37,0,0
KSG_PB,D,20211227,000000,2.31,2.42,2.18,2.27,0,0
KSG_PB,D,20211228,000000,2.3,2.42,2.23,2.38,0,0
KSG_PB,D,20211229,000000,2.38,2.62,2.38,2.61,0,0
KSG_PB,D,20211230,000000,2.58,2.78,2.51,2.68,0,0
KSG_PB,D,20220103,000000,2.66,2.75,2.66,2.72,0,0
KSG_PB,D,20220104,000000,2.72,2.72,2.58,2.67,0,0
KSG_PB,D,20220105,000000,2.67,2.69,2.59,2.63,0,0
KSG_PB,D,20220107,000000,2.65,2.65,2.56,2.59,0,0
KSG_PB,D,20220110,000000,2.63,2.63,2.53,2.63,0,0
KSG_PB,D,20220111,000000,2.63,2.73,2.53,2.6,0,0
KSG_PB,D,20220112,000000,2.66,2.75,2.57,2.69,0,0
KSG_PB,D,20220113,000000,2.69,2.73,2.64,2.73,0,0
KSG_PB,D,20220114,000000,2.73,2.77,2.6,2.64,0,0
KSG_PB,D,20220117,000000,2.52,2.61,2.42,2.52,0,0
KSG_PB,D,20220118,000000,2.52,2.52,2.33,2.33,0,0
KSG_PB,D,20220119,000000,2.31,2.36,2.22,2.33,0,0
KSG_PB,D,20220120,000000,2.41,2.41,2.24,2.29,0,0
KSG_PB,D,20220121,000000,2.29,2.29,2.15,2.25,0,0
KSG_PB,D,20220124,000000,2.22,2.22,1.79,1.79,0,0
KSG_PB,D,20220125,000000,1.73,1.92,1.73,1.81,0,0
KSG_PB,D,20220126,000000,1.81,1.98,1.81,1.9,0,0
KSG_PB,D,20220127,000000,1.9,2.09,1.85,2.08,0,0
KSG_PB,D,20220128,000000,2.03,2.1,1.93,1.99,0,0
KSG_PB,D,20220131,000000,2.06,2.15,1.99,2.15,0,0
KSG_PB,D,20220201,000000,2.19,2.21,2.1,2.16,0,0
KSG_PB,D,20220202,000000,2.16,2.2,2.12,2.2,0,0
KSG_PB,D,20220203,000000,2.2,2.2,2.18,2.19,0,0
KSG_PB,D,20220204,000000,2.2,2.22,2.1,2.22,0,0
KSG_PB,D,20220207,000000,2.23,2.23,2.21,2.22,0,0
KSG_PB,D,20220208,000000,2.1,2.25,2.1,2.25,0,0
KSG_PB,D,20220209,000000,2.23,2.3,2.23,2.27,0,0
KSG_PB,D,20220210,000000,2.27,2.3,2.26,2.29,0,0
KSG_PB,D,20220211,000000,2.26,2.3,2.17,2.19,0,0
KSG_PB,D,20220214,000000,2,2.12,1.98,1.99,0,0
KSG_PB,D,20220215,000000,2.04,2.42,1.99,2.24,0,0
KSG_PB,D,20220216,000000,2.3,2.44,2.26,2.35,0,0
KSG_PB,D,20220217,000000,2.28,2.36,2.06,2.11,0,0
KSG_PB,D,20220218,000000,2.16,2.25,2.11,2.12,0,0
KSG_PB,D,20220221,000000,2.22,2.22,1.95,2.13,0,0
KSG_PB,D,20220222,000000,1.95,2.08,1.95,2.04,0,0
KSG_PB,D,20220223,000000,2.01,2.04,1.9,1.93,0,0
KSG_PB,D,20220224,000000,1.25,1.34,1.04,1.04,0,0
KSG_PB,D,20220225,000000,1.07,1.28,1.07,1.27,0,0
KSG_PB,D,20220228,000000,1.38,1.59,1.37,1.58,0,0
KSG_PB,D,20220301,000000,1.71,1.84,1.41,1.56,0,0
KSG_PB,D,20220302,000000,1.56,1.56,1.32,1.37,0,0
KSG_PB,D,20220303,000000,1.35,1.49,1.34,1.37,0,0
KSG_PB,D,20220304,000000,1.43,1.43,1.24,1.29,0,0
KSG_PB,D,20220307,000000,1.29,1.29,1.08,1.15,0,0
KSG_PB,D,20220308,000000,1.16,1.26,1.11,1.12,0,0
KSG_PB,D,20220309,000000,1.19,1.3,1.14,1.3,0,0
KSG_PB,D,20220310,000000,1.37,1.37,1.24,1.26,0,0
KSG_PB,D,20220311,000000,1.22,1.41,1.22,1.3,0,0
KSG_PB,D,20220314,000000,1.33,1.39,1.3,1.33,0,0
KSG_PB,D,20220315,000000,1.36,1.44,1.36,1.38,0,0
KSG_PB,D,20220316,000000,1.4,1.5,1.38,1.49,0,0
KSG_PB,D,20220317,000000,1.49,1.72,1.49,1.58,0,0
KSG_PB,D,20220318,000000,1.58,1.63,1.5,1.54,0,0
KSG_PB,D,20220321,000000,1.61,1.61,1.48,1.5,0,0
KSG_PB,D,20220322,000000,1.51,1.56,1.46,1.47,0,0
KSG_PB,D,20220323,000000,1.52,1.54,1.46,1.46,0,0
KSG_PB,D,20220324,000000,1.48,1.5,1.42,1.42,0,0
KSG_PB,D,20220325,000000,1.43,1.5,1.42,1.46,0,0
KSG_PB,D,20220328,000000,1.51,1.51,1.44,1.5,0,0
KSG_PB,D,20220329,000000,1.53,1.89,1.47,1.88,0,0
KSG_PB,D,20220330,000000,1.87,1.87,1.71,1.79,0,0
KSG_PB,D,20220331,000000,1.79,1.87,1.76,1.77,0,0
KSG_PB,D,20220401,000000,1.82,1.89,1.79,1.81,0,0
KSG_PB,D,20220404,000000,1.81,1.95,1.81,1.89,0,0
KSG_PB,D,20220405,000000,1.9,1.9,1.82,1.84,0,0
KSG_PB,D,20220406,000000,1.8,1.81,1.72,1.72,0,0
KSG_PB,D,20220407,000000,1.75,1.77,1.67,1.67,0,0
KSG_PB,D,20220408,000000,1.67,1.72,1.63,1.72,0,0
KSG_PB,D,20220411,000000,1.72,1.8,1.7,1.7,0,0
KSG_PB,D,20220412,000000,1.7,1.72,1.64,1.64,0,0
KSG_PB,D,20220413,000000,1.64,1.67,1.61,1.65,0,0
KSG_PB,D,20220414,000000,1.61,1.67,1.59,1.64,0,0
KSG_PB,D,20220419,000000,1.64,1.66,1.6,1.63,0,0
KSG_PB,D,20220420,000000,1.68,1.68,1.63,1.67,0,0
KSG_PB,D,20220421,000000,1.69,1.7,1.67,1.67,0,0
KSG_PB,D,20220422,000000,1.67,1.71,1.64,1.71,0,0
KSG_PB,D,20220425,000000,1.59,1.69,1.59,1.64,0,0
KSG_PB,D,20220426,000000,1.66,1.66,1.57,1.59,0,0
KSG_PB,D,20220427,000000,1.56,1.59,1.39,1.39,0,0
KSG_PB,D,20220428,000000,1.39,1.47,1.39,1.45,0,0
KSG_PB,D,20220429,000000,1.67,1.67,1.45,1.54,0,0
KSG_PB,D,20220502,000000,1.65,1.65,1.54,1.54,0,0
KSG_PB,D,20220504,000000,1.57,1.58,1.53,1.53,0,0
KSG_PB,D,20220505,000000,1.52,1.52,1.5,1.52,0,0
KSG_PB,D,20220506,000000,1.51,1.54,1.47,1.52,0,0
KSG_PB,D,20220509,000000,1.52,1.59,1.46,1.46,0,0
KSG_PB,D,20220510,000000,1.46,1.46,1.38,1.41,0,0
KSG_PB,D,20220511,000000,1.46,1.46,1.42,1.42,0,0
KSG_PB,D,20220512,000000,1.48,1.48,1.4,1.4,0,0
KSG_PB,D,20220513,000000,1.44,1.64,1.43,1.44,0,0
KSG_PB,D,20220516,000000,1.52,1.58,0.36,0.36,0,0
KSG_PB,D,20220517,000000,0.37,0.43,0.37,0.43,0,0
KSG_PB,D,20220518,000000,0.44,0.44,0.38,0.39,0,0
KSG_PB,D,20220519,000000,0.39,0.4,0.38,0.4,0,0
KSG_PB,D,20220520,000000,0.4,0.4,0.38,0.39,0,0
KSG_PB,D,20220523,000000,0.4,0.41,0.39,0.41,0,0
KSG_PB,D,20220524,000000,0.41,0.41,0.39,0.39,0,0
KSG_PB,D,20220525,000000,0.41,0.41,0.38,0.39,0,0
KSG_PB,D,20220526,000000,0.38,0.39,0.37,0.37,0,0
KSG_PB,D,20220527,000000,0.37,0.37,0.35,0.36,0,0
KSG_PB,D,20220530,000000,0.37,0.38,0.36,0.38,0,0
KSG_PB,D,20220531,000000,0.38,0.39,0.37,0.37,0,0
KSG_PB,D,20220601,000000,0.37,0.37,0.36,0.37,0,0
KSG_PB,D,20220602,000000,0.38,0.38,0.36,0.37,0,0
KSG_PB,D,20220603,000000,0.36,0.37,0.36,0.36,0,0
KSG_PB,D,20220606,000000,0.37,0.37,0.36,0.37,0,0
KSG_PB,D,20220607,000000,0.37,0.37,0.35,0.35,0,0
KSG_PB,D,20220608,000000,0.35,0.37,0.35,0.35,0,0
KSG_PB,D,20220609,000000,0.35,0.36,0.35,0.36,0,0
KSG_PB,D,20220610,000000,0.35,0.36,0.34,0.35,0,0
KSG_PB,D,20220613,000000,0.34,0.36,0.34,0.34,0,0
KSG_PB,D,20220614,000000,0.34,0.34,0.32,0.33,0,0
KSG_PB,D,20220615,000000,0.33,0.33,0.31,0.31,0,0
KSG_PB,D,20220617,000000,0.3,0.32,0.3,0.31,0,0
KSG_PB,D,20220620,000000,0.3,0.32,0.3,0.32,0,0
KSG_PB,D,20220621,000000,0.32,0.33,0.31,0.32,0,0
KSG_PB,D,20220622,000000,0.32,0.32,0.3,0.31,0,0
KSG_PB,D,20220623,000000,0.31,0.31,0.3,0.3,0,0
KSG_PB,D,20220624,000000,0.31,0.32,0.3,0.32,0,0
KSG_PB,D,20220627,000000,0.32,0.33,0.3,0.32,0,0
KSG_PB,D,20220628,000000,0.31,0.32,0.31,0.32,0,0
KSG_PB,D,20220629,000000,0.31,0.32,0.31,0.32,0,0
KSG_PB,D,20220630,000000,0.31,0.31,0.31,0.31,0,0
KSG_PB,D,20220701,000000,0.31,0.32,0.31,0.32,0,0
KSG_PB,D,20220704,000000,0.32,0.32,0.3,0.3,0,0
KSG_PB,D,20220705,000000,0.28,0.29,0.28,0.28,0,0
KSG_PB,D,20220706,000000,0.29,0.29,0.28,0.29,0,0
KSG_PB,D,20220707,000000,0.29,0.29,0.29,0.29,0,0
KSG_PB,D,20220708,000000,0.29,0.29,0.28,0.28,0,0
KSG_PB,D,20220711,000000,0.27,0.3,0.27,0.29,0,0
KSG_PB,D,20220712,000000,0.3,0.32,0.29,0.31,0,0
KSG_PB,D,20220713,000000,0.31,0.37,0.31,0.36,0,0
KSG_PB,D,20220714,000000,0.37,0.38,0.34,0.35,0,0
KSG_PB,D,20220715,000000,0.35,0.35,0.32,0.33,0,0
KSG_PB,D,20220718,000000,0.32,0.34,0.32,0.33,0,0
KSG_PB,D,20220719,000000,0.34,0.35,0.33,0.35,0,0
KSG_PB,D,20220720,000000,0.35,0.35,0.34,0.35,0,0
KSG_PB,D,20220721,000000,0.35,0.35,0.34,0.35,0,0
KSG_PB,D,20220722,000000,0.37,0.37,0.36,0.37,0,0
KSG_PB,D,20220725,000000,0.37,0.37,0.34,0.36,0,0
KSG_PB,D,20220726,000000,0.35,0.36,0.34,0.35,0,0
KSG_PB,D,20220727,000000,0.35,0.36,0.33,0.34,0,0
KSG_PB,D,20220728,000000,0.34,0.35,0.33,0.35,0,0
KSG_PB,D,20220729,000000,0.35,0.35,0.33,0.35,0,0
KSG_PB,D,20220801,000000,0.35,0.35,0.33,0.35,0,0
KSG_PB,D,20220802,000000,0.34,0.35,0.33,0.35,0,0
KSG_PB,D,20220803,000000,0.34,0.35,0.34,0.34,0,0
KSG_PB,D,20220804,000000,0.34,0.34,0.33,0.33,0,0
KSG_PB,D,20220805,000000,0.34,0.34,0.33,0.33,0,0
KSG_PB,D,20220808,000000,0.33,0.33,0.32,0.32,0,0
KSG_PB,D,20220809,000000,0.33,0.33,0.3,0.33,0,0
KSG_PB,D,20220810,000000,0.33,0.33,0.3,0.33,0,0
KSG_PB,D,20220811,000000,0.33,0.35,0.32,0.35,0,0
KSG_PB,D,20220812,000000,0.35,0.36,0.35,0.35,0,0
KSG_PB,D,20220816,000000,0.35,0.35,0.35,0.35,0,0
KSG_PB,D,20220817,000000,0.34,0.34,0.33,0.34,0,0
KSG_PB,D,20220818,000000,0.33,0.33,0.33,0.33,0,0
KSG_PB,D,20220819,000000,0.33,0.33,0.32,0.33,0,0
KSG_PB,D,20220822,000000,0.33,0.33,0.3,0.32,0,0
KSG_PB,D,20220823,000000,0.33,0.33,0.3,0.31,0,0
KSG_PB,D,20220824,000000,0.31,0.32,0.3,0.32,0,0
KSG_PB,D,20220825,000000,0.31,0.33,0.31,0.31,0,0
KSG_PB,D,20220826,000000,0.31,0.31,0.3,0.31,0,0
KSG_PB,D,20220829,000000,0.31,0.31,0.3,0.31,0,0
KSG_PB,D,20220830,000000,0.31,0.32,0.31,0.31,0,0
KSG_PB,D,20220831,000000,0.31,0.32,0.31,0.32,0,0
KSG_PB,D,20220901,000000,0.3,0.32,0.3,0.31,0,0
KSG_PB,D,20220902,000000,0.31,0.31,0.3,0.31,0,0
KSG_PB,D,20220905,000000,0.31,0.31,0.3,0.31,0,0
KSG_PB,D,20220906,000000,0.3,0.3,0.28,0.3,0,0
KSG_PB,D,20220907,000000,0.3,0.3,0.3,0.3,0,0
KSG_PB,D,20220908,000000,0.29,0.31,0.29,0.31,0,0
KSG_PB,D,20220909,000000,0.31,0.31,0.29,0.31,0,0
KSG_PB,D,20220912,000000,0.38,0.39,0.35,0.39,0,0
KSG_PB,D,20220913,000000,0.4,0.43,0.34,0.37,0,0
KSG_PB,D,20220914,000000,0.37,0.43,0.37,0.42,0,0
KSG_PB,D,20220915,000000,0.42,0.43,0.39,0.4,0,0
KSG_PB,D,20220916,000000,0.39,0.39,0.36,0.37,0,0
KSG_PB,D,20220919,000000,0.36,0.4,0.36,0.38,0,0
KSG_PB,D,20220920,000000,0.38,0.39,0.36,0.36,0,0
KSG_PB,D,20220921,000000,0.36,0.37,0.33,0.34,0,0
KSG_PB,D,20220922,000000,0.33,0.35,0.33,0.33,0,0
KSG_PB,D,20220923,000000,0.33,0.34,0.33,0.33,0,0
KSG_PB,D,20220926,000000,0.33,0.34,0.32,0.33,0,0
KSG_PB,D,20220927,000000,0.32,0.33,0.32,0.33,0,0
KSG_PB,D,20220928,000000,0.32,0.32,0.31,0.32,0,0
KSG_PB,D,20220929,000000,0.32,0.32,0.29,0.29,0,0
KSG_PB,D,20220930,000000,0.29,0.31,0.29,0.29,0,0
KSG_PB,D,20221003,000000,0.3,0.32,0.29,0.32,0,0
KSG_PB,D,20221004,000000,0.33,0.34,0.31,0.33,0,0
KSG_PB,D,20221005,000000,0.32,0.33,0.32,0.32,0,0
KSG_PB,D,20221006,000000,0.32,0.33,0.32,0.32,0,0
KSG_PB,D,20221007,000000,0.32,0.33,0.31,0.32,0,0
KSG_PB,D,20221010,000000,0.31,0.32,0.3,0.3,0,0
KSG_PB,D,20221011,000000,0.3,0.3,0.29,0.3,0,0
KSG_PB,D,20221012,000000,0.3,0.31,0.3,0.31,0,0
KSG_PB,D,20221013,000000,0.31,0.31,0.29,0.3,0,0
KSG_PB,D,20221014,000000,0.3,0.3,0.29,0.3,0,0
KSG_PB,D,20221017,000000,0.29,0.3,0.29,0.3,0,0
KSG_PB,D,20221018,000000,0.31,0.31,0.3,0.31,0,0
KSG_PB,D,20221019,000000,0.31,0.31,0.31,0.31,0,0
KSG_PB,D,20221020,000000,0.3,0.31,0.3,0.31,0,0
KSG_PB,D,20221021,000000,0.29,0.31,0.29,0.3,0,0
KSG_PB,D,20221024,000000,0.3,0.31,0.3,0.31,0,0
KSG_PB,D,20221025,000000,0.31,0.31,0.3,0.31,0,0
KSG_PB,D,20221026,000000,0.3,0.31,0.3,0.31,0,0
KSG_PB,D,20221027,000000,0.31,0.31,0.3,0.31,0,0
KSG_PB,D,20221028,000000,0.31,0.31,0.3,0.3,0,0
KSG_PB,D,20221031,000000,0.3,0.31,0.3,0.31,0,0
KSG_PB,D,20221102,000000,0.31,0.31,0.3,0.3,0,0
KSG_PB,D,20221103,000000,0.3,0.31,0.3,0.3,0,0
KSG_PB,D,20221104,000000,0.3,0.31,0.3,0.31,0,0
KSG_PB,D,20221107,000000,0.29,0.3,0.29,0.3,0,0
KSG_PB,D,20221108,000000,0.3,0.31,0.3,0.3,0,0
KSG_PB,D,20221109,000000,0.31,0.33,0.3,0.33,0,0
KSG_PB,D,20221110,000000,0.34,0.34,0.32,0.33,0,0
KSG_PB,D,20221114,000000,0.34,0.39,0.34,0.39,0,0
KSG_PB,D,20221115,000000,0.37,0.64,0.35,0.64,0,0
KSG_PB,D,20221116,000000,0.62,0.63,0.61,0.61,0,0
KSG_PB,D,20221117,000000,0.6,0.61,0.6,0.6,0,0
KSG_PB,D,20221118,000000,0.6,0.63,0.58,0.61,0,0
KSG_PB,D,20221121,000000,0.6,0.61,0.59,0.59,0,0
KSG_PB,D,20221122,000000,0.6,0.6,0.6,0.6,0,0
KSG_PB,D,20221123,000000,0.61,0.61,0.57,0.59,0,0
KSG_PB,D,20221124,000000,0.59,0.6,0.57,0.58,0,0
KSG_PB,D,20221125,000000,0.58,0.6,0.58,0.58,0,0
KSG_PB,D,20221128,000000,0.61,0.61,0.59,0.61,0,0
KSG_PB,D,20221129,000000,0.59,0.61,0.58,0.59,0,0
KSG_PB,D,20221130,000000,0.58,0.61,0.57,0.6,0,0
KSG_PB,D,20221201,000000,0.6,0.61,0.6,0.61,0,0
KSG_PB,D,20221202,000000,0.61,0.61,0.59,0.61,0,0
KSG_PB,D,20221205,000000,0.61,0.61,0.6,0.61,0,0
KSG_PB,D,20221206,000000,0.61,0.61,0.59,0.6,0,0
KSG_PB,D,20221207,000000,0.59,0.6,0.58,0.59,0,0
KSG_PB,D,20221208,000000,0.6,0.6,0.59,0.59,0,0
KSG_PB,D,20221209,000000,0.59,0.6,0.58,0.6,0,0
KSG_PB,D,20221212,000000,0.6,0.6,0.58,0.6,0,0
KSG_PB,D,20221213,000000,0.58,0.62,0.58,0.61,0,0
KSG_PB,D,20221214,000000,0.61,0.61,0.59,0.6,0,0
KSG_PB,D,20221215,000000,0.6,0.61,0.6,0.61,0,0
KSG_PB,D,20221216,000000,0.6,0.61,0.59,0.6,0,0
KSG_PB,D,20221219,000000,0.59,0.6,0.59,0.59,0,0
KSG_PB,D,20221220,000000,0.6,0.61,0.59,0.61,0,0
KSG_PB,D,20221221,000000,0.6,0.61,0.6,0.6,0,0
KSG_PB,D,20221222,000000,0.6,0.61,0.6,0.61,0,0
KSG_PB,D,20221223,000000,0.61,0.61,0.6,0.61,0,0
KSG_PB,D,20221227,000000,0.61,0.61,0.6,0.6,0,0
KSG_PB,D,20221228,000000,0.6,0.6,0.58,0.6,0,0
KSG_PB,D,20221229,000000,0.59,0.6,0.59,0.6,0,0
KSG_PB,D,20221230,000000,0.59,0.6,0.58,0.59,0,0
KSG_PB,D,20230102,000000,0.6,0.62,0.59,0.61,0,0
KSG_PB,D,20230103,000000,0.63,0.63,0.58,0.58,0,0
KSG_PB,D,20230104,000000,0.59,0.6,0.59,0.6,0,0
KSG_PB,D,20230105,000000,0.61,0.61,0.59,0.6,0,0
KSG_PB,D,20230109,000000,0.61,0.61,0.58,0.6,0,0
KSG_PB,D,20230110,000000,0.6,0.6,0.58,0.6,0,0
KSG_PB,D,20230111,000000,0.6,0.61,0.59,0.59,0,0
KSG_PB,D,20230112,000000,0.59,0.6,0.59,0.6,0,0
KSG_PB,D,20230113,000000,0.61,0.61,0.6,0.6,0,0
KSG_PB,D,20230116,000000,0.6,0.61,0.59,0.59,0,0
KSG_PB,D,20230117,000000,0.6,0.6,0.59,0.6,0,0
KSG_PB,D,20230118,000000,0.6,0.6,0.6,0.6,0,0
KSG_PB,D,20230119,000000,0.59,0.6,0.59,0.6,0,0
KSG_PB,D,20230120,000000,0.6,0.6,0.59,0.59,0,0
KSG_PB,D,20230123,000000,0.6,0.6,0.58,0.6,0,0
KSG_PB,D,20230124,000000,0.6,0.6,0.59,0.6,0,0
KSG_PB,D,20230125,000000,0.6,0.6,0.59,0.59,0,0
KSG_PB,D,20230126,000000,0.59,0.61,0.59,0.59,0,0
KSG_PB,D,20230127,000000,0.59,0.6,0.58,0.6,0,0
KSG_PB,D,20230130,000000,0.59,0.6,0.59,0.6,0,0
KSG_PB,D,20230131,000000,0.59,0.6,0.57,0.58,0,0
KSG_PB,D,20230201,000000,0.58,0.58,0.55,0.56,0,0
KSG_PB,D,20230202,000000,0.57,0.57,0.55,0.56,0,0
KSG_PB,D,20230203,000000,0.56,0.57,0.56,0.57,0,0
KSG_PB,D,20230206,000000,0.57,0.57,0.53,0.54,0,0
KSG_PB,D,20230207,000000,0.54,0.54,0.52,0.53,0,0
KSG_PB,D,20230208,000000,0.53,0.53,0.53,0.53,0,0
KSG_PB,D,20230209,000000,0.53,0.53,0.53,0.53,0,0
KSG_PB,D,20230210,000000,0.53,0.56,0.53,0.53,0,0
KSG_PB,D,20230213,000000,0.54,0.57,0.54,0.55,0,0
KSG_PB,D,20230214,000000,0.55,0.55,0.52,0.54,0,0
KSG_PB,D,20230215,000000,0.53,0.54,0.52,0.54,0,0
KSG_PB,D,20230216,000000,0.54,0.54,0.52,0.52,0,0
KSG_PB,D,20230217,000000,0.53,0.54,0.51,0.52,0,0
KSG_PB,D,20230220,000000,0.51,0.54,0.51,0.52,0,0
KSG_PB,D,20230221,000000,0.53,0.55,0.52,0.54,0,0
KSG_PB,D,20230222,000000,0.54,0.55,0.53,0.55,0,0
KSG_PB,D,20230223,000000,0.53,0.54,0.52,0.52,0,0
KSG_PB,D,20230224,000000,0.53,0.54,0.53,0.54,0,0
KSG_PB,D,20230227,000000,0.54,0.56,0.52,0.54,0,0
KSG_PB,D,20230228,000000,0.54,0.55,0.54,0.54,0,0
KSG_PB,D,20230301,000000,0.54,0.55,0.53,0.55,0,0
KSG_PB,D,20230302,000000,0.54,0.55,0.54,0.54,0,0
KSG_PB,D,20230303,000000,0.55,0.55,0.54,0.54,0,0
KSG_PB,D,20230306,000000,0.55,0.6,0.55,0.56,0,0
KSG_PB,D,20230307,000000,0.57,0.57,0.53,0.54,0,0
KSG_PB,D,20230308,000000,0.54,0.56,0.53,0.53,0,0
KSG_PB,D,20230309,000000,0.53,0.55,0.53,0.55,0,0
KSG_PB,D,20230310,000000,0.55,0.55,0.53,0.54,0,0
KSG_PB,D,20230313,000000,0.54,0.54,0.51,0.54,0,0
KSG_PB,D,20230314,000000,0.54,0.54,0.54,0.54,0,0
KSG_PB,D,20230315,000000,0.53,0.53,0.52,0.53,0,0
KSG_PB,D,20230316,000000,0.52,0.54,0.52,0.52,0,0
KSG_PB,D,20230317,000000,0.52,0.53,0.52,0.52,0,0
KSG_PB,D,20230320,000000,0.52,0.53,0.5,0.53,0,0
KSG_PB,D,20230321,000000,0.53,0.53,0.5,0.53,0,0
KSG_PB,D,20230322,000000,0.51,0.54,0.51,0.54,0,0
KSG_PB,D,20230323,000000,0.54,0.54,0.51,0.52,0,0
KSG_PB,D,20230324,000000,0.52,0.54,0.52,0.53,0,0
KSG_PB,D,20230327,000000,0.51,0.53,0.51,0.53,0,0
KSG_PB,D,20230328,000000,0.52,0.53,0.51,0.53,0,0
KSG_PB,D,20230329,000000,0.53,0.54,0.52,0.53,0,0
KSG_PB,D,20230330,000000,0.53,0.54,0.52,0.53,0,0
KSG_PB,D,20230331,000000,0.53,0.54,0.52,0.54,0,0
KSG_PB,D,20230403,000000,0.54,0.56,0.53,0.55,0,0
KSG_PB,D,20230404,000000,0.55,0.55,0.53,0.55,0,0
KSG_PB,D,20230405,000000,0.54,0.57,0.54,0.56,0,0
KSG_PB,D,20230406,000000,0.57,0.57,0.54,0.57,0,0
KSG_PB,D,20230411,000000,0.54,0.55,0.51,0.53,0,0
KSG_PB,D,20230412,000000,0.54,0.54,0.54,0.54,0,0
KSG_PB,D,20230413,000000,0.54,0.55,0.53,0.55,0,0
KSG_PB,D,20230414,000000,0.55,0.56,0.54,0.55,0,0
KSG_PB,D,20230417,000000,0.54,0.55,0.53,0.54,0,0
KSG_PB,D,20230418,000000,0.54,0.54,0.53,0.54,0,0
KSG_PB,D,20230419,000000,0.54,0.54,0.53,0.53,0,0
KSG_PB,D,20230420,000000,0.56,0.57,0.53,0.54,0,0
KSG_PB,D,20230421,000000,0.54,0.54,0.52,0.54,0,0
KSG_PB,D,20230424,000000,0.54,0.61,0.54,0.58,0,0
KSG_PB,D,20230425,000000,0.58,0.6,0.57,0.58,0,0
KSG_PB,D,20230426,000000,0.58,0.58,0.56,0.57,0,0
KSG_PB,D,20230427,000000,0.57,0.57,0.55,0.57,0,0
KSG_PB,D,20230428,000000,0.55,0.57,0.55,0.56,0,0
KSG_PB,D,20230502,000000,0.55,0.58,0.55,0.57,0,0
KSG_PB,D,20230504,000000,0.57,0.58,0.57,0.57,0,0
KSG_PB,D,20230505,000000,0.57,0.6,0.57,0.6,0,0
KSG_PB,D,20230508,000000,0.6,0.62,0.59,0.62,0,0
KSG_PB,D,20230509,000000,0.62,0.65,0.61,0.63,0,0
KSG_PB,D,20230510,000000,0.63,0.65,0.61,0.65,0,0
KSG_PB,D,20230511,000000,0.65,0.66,0.62,0.66,0,0
KSG_PB,D,20230512,000000,0.66,0.68,0.63,0.67,0,0
KSG_PB,D,20230515,000000,0.7,0.7,0.64,0.67,0,0
KSG_PB,D,20230516,000000,0.65,0.68,0.64,0.66,0,0
KSG_PB,D,20230517,000000,0.66,0.67,0.65,0.66,0,0
KSG_PB,D,20230518,000000,0.66,0.68,0.65,0.67,0,0
KSG_PB,D,20230519,000000,0.67,0.68,0.64,0.65,0,0
KSG_PB,D,20230522,000000,0.65,0.65,0.63,0.64,0,0
KSG_PB,D,20230523,000000,0.64,0.66,0.62,0.64,0,0
KSG_PB,D,20230524,000000,0.64,0.65,0.62,0.63,0,0
KSG_PB,D,20230525,000000,0.62,0.67,0.62,0.64,0,0
KSG_PB,D,20230526,000000,0.64,0.66,0.61,0.63,0,0
KSG_PB,D,20230529,000000,0.65,0.65,0.61,0.64,0,0
KSG_PB,D,20230530,000000,0.64,0.67,0.62,0.66,0,0
KSG_PB,D,20230531,000000,0.67,0.67,0.62,0.63,0,0
KSG_PB,D,20230601,000000,0.6,0.61,0.59,0.61,0,0
KSG_PB,D,20230602,000000,0.61,0.62,0.61,0.62,0,0
KSG_PB,D,20240529,000000,19.126,19.126,19.126,19.126,0,0
KSG_PB,D,20240531,000000,19.185,19.88,19.059,19.717,0,0
KSG_PB,D,20240603,000000,20.277,20.653,20.027,20.65,0,0
KSG_PB,D,20240604,000000,20.653,20.903,20.214,20.275,0,0
KSG_PB,D,20240605,000000,20.277,20.778,20.277,20.717,0,0
KSG_PB,D,20240606,000000,20.715,21.717,20.715,21.717,0,0
KSG_PB,D,20240607,000000,21.278,22.28,21.216,22.158,0,0
KSG_PB,D,20240610,000000,22.218,22.28,21.779,21.918,0,0
KSG_PB,D,20240611,000000,21.791,21.853,21.607,21.675,0,0
KSG_PB,D,20240612,000000,21.37,21.676,21.309,21.309,0,0
KSG_PB,D,20240613,000000,21.98,23.574,21.98,23.574,0,0
KSG_PB,D,20240614,000000,24.13,24.746,23.742,23.742,0,0
KSG_PB,D,20240617,000000,23.802,23.984,22.773,22.774,0,0
KSG_PB,D,20240618,000000,22.712,24.59,22.712,23.256,0,0
KSG_PB,D,20240619,000000,23.681,28.821,23.681,28.821,0,0
KSG_PB,D,20240620,000000,27.72,29.674,26.498,29.065,0,0
KSG_PB,D,20240621,000000,29.063,29.063,26.498,27.48,0,0
KSG_PB,D,20240624,000000,28.33,30.285,24.114,24.114,0,0
KSG_PB,D,20240625,000000,25.644,27.574,25.033,27.574,0,0
KSG_PB,D,20240626,000000,28.07,28.07,27.331,27.951,0,0
KSG_PB,D,20240627,000000,28.316,28.316,25.608,28.089,0,0
KSG_PB,D,20240628,000000,28.086,28.086,26.987,27.846,0,0
KSG_PB,D,20240701,000000,28.086,30.285,26.498,30.165,0,0
KSG_PB,D,20240702,000000,30.288,33.268,30.288,32.114,0,0
KSG_PB,D,20240703,000000,32.116,32.116,29.429,31.762,0,0
KSG_PB,D,20240704,000000,31.64,33.611,30.779,32.893,0,0
KSG_PB,D,20240705,000000,32.895,33.764,31.033,31.792,0,0
KSG_PB,D,20240708,000000,32.793,33.545,31.167,31.167,0,0
KSG_PB,D,20240709,000000,31.918,32.919,30.541,32.917,0,0
KSG_PB,D,20240710,000000,33.044,33.169,32.418,33.042,0,0
KSG_PB,D,20240711,000000,32.293,32.919,31.042,32.815,0,0
KSG_PB,D,20240712,000000,32.312,32.312,31.934,32.185,0,0
KSG_PB,D,20240715,000000,32.565,32.817,32.186,32.585,0,0
KSG_PB,D,20240716,000000,31.822,32.586,30.549,30.924,0,0
KSG_PB,D,20240717,000000,30.418,30.924,30.418,30.672,0,0
KSG_PB,D,20240718,000000,30.924,32.186,30.924,31.933,0,0
KSG_PB,D,20240719,000000,31.681,31.934,30.924,31.667,0,0
KSG_PB,D,20240722,000000,31.167,31.668,30.666,31.555,0,0
KSG_PB,D,20240723,000000,31.303,31.303,30.417,30.417,0,0
KSG_PB,D,20240724,000000,30.666,31.668,30.541,31.417,0,0
KSG_PB,D,20240725,000000,31.668,32.293,31.292,31.292,0,0
KSG_PB,D,20240726,000000,31.417,32.418,31.292,32.417,0,0
KSG_PB,D,20240729,000000,32.418,32.543,30.666,32.292,0,0
KSG_PB,D,20240730,000000,32.043,32.292,30.541,30.542,0,0
KSG_PB,D,20240731,000000,30.29,30.29,28.538,29.298,0,0
KSG_PB,D,20240801,000000,29.792,31.902,29.668,30.537,0,0
KSG_PB,D,20240802,000000,29.668,29.668,28.178,28.554,0,0
KSG_PB,D,20240805,000000,28.178,28.178,24.826,26.408,0,0
KSG_PB,D,20240806,000000,28.163,28.163,26.285,28.033,0,0
KSG_PB,D,20240807,000000,27.913,29.414,27.913,29.167,0,0
KSG_PB,D,20240808,000000,29.414,29.414,28.788,29.292,0,0
KSG_PB,D,20240809,000000,29.164,29.289,28.163,28.167,0,0
KSG_PB,D,20240812,000000,28.163,29.414,28.163,28.792,0,0
KSG_PB,D,20240813,000000,28.038,28.663,27.537,28.417,0,0
KSG_PB,D,20240814,000000,27.662,28.663,5.952,5.952,0,0
KSG_PB,D,20240816,000000,6.003,6.04,6.003,6.04,0,0
KSG_PB,D,20240819,000000,6.013,6.071,6.013,6.071,0,0
KSG_PB,D,20240820,000000,6.071,6.071,5.705,6.025,0,0
KSG_PB,D,20240821,000000,5.813,6.103,5.813,6.093,0,0
KSG_PB,D,20240822,000000,6.013,6.035,6.013,6.035,0,0
KSG_PB,D,20240823,000000,5.955,5.955,5.875,5.875,0,0
KSG_PB,D,20240826,000000,5.85,6.113,5.745,5.79,0,0
KSG_PB,D,20240827,000000,5.791,5.791,5.553,5.553,0,0
KSG_PB,D,20240828,000000,5.58,5.844,5.5,5.802,0,0
KSG_PB,D,20240829,000000,5.803,5.803,5.514,5.74,0,0
KSG_PB,D,20240830,000000,5.505,5.662,5.347,5.583,0,0
KSG_PB,D,20240902,000000,5.4,5.557,5.4,5.531,0,0
KSG_PB,D,20240903,000000,5.426,5.505,5.347,5.495,0,0
KSG_PB,D,20240904,000000,5.338,5.364,5.312,5.312,0,0
KSG_PB,D,20240905,000000,5.286,5.783,5.286,5.602,0,0
KSG_PB,D,20240906,000000,5.577,5.761,5.577,5.708,0,0
KSG_PB,D,20240909,000000,5.55,5.708,5.471,5.537,0,0
KSG_PB,D,20240910,000000,5.459,5.668,5.459,5.668,0,0
KSG_PB,D,20240911,000000,5.59,5.616,5.564,5.606,0,0
KSG_PB,D,20240912,000000,5.502,5.606,5.476,5.525,0,0
KSG_PB,D,20240913,000000,5.474,5.635,5.448,5.635,0,0
KSG_PB,D,20240916,000000,5.636,5.636,5.374,5.533,0,0
KSG_PB,D,20240917,000000,5.534,5.596,5.534,5.596,0,0
KSG_PB,D,20240918,000000,5.491,5.543,5.464,5.49,0,0
KSG_PB,D,20240919,000000,5.517,5.616,5.517,5.616,0,0
KSG_PB,D,20240920,000000,5.589,5.695,5.537,5.606,0,0
KSG_PB,D,20240923,000000,5.685,5.685,5.645,5.645,0,0
KSG_PB,D,20240924,000000,5.646,6.118,5.646,6.056,0,0
KSG_PB,D,20240925,000000,6.082,6.082,5.553,5.901,0,0
KSG_PB,D,20240926,000000,5.769,5.901,5.742,5.817,0,0
KSG_PB,D,20240927,000000,5.818,5.818,5.58,5.78,0,0
KSG_PB,D,20240930,000000,5.755,5.837,5.755,5.837,0,0
KSG_PB,D,20241001,000000,5.626,5.812,5.626,5.75,0,0
KSG_PB,D,20241002,000000,5.724,5.724,5.668,5.668,0,0
KSG_PB,D,20241003,000000,5.538,5.747,5.538,5.716,0,0
KSG_PB,D,20241004,000000,5.535,5.716,5.535,5.645,0,0
KSG_PB,D,20241007,000000,5.464,5.464,5.283,5.298,0,0
KSG_PB,D,20241008,000000,5.401,5.513,5.401,5.513,0,0
KSG_PB,D,20241009,000000,5.539,5.539,5.513,5.522,0,0
KSG_PB,D,20241010,000000,5.394,5.523,5.368,5.503,0,0
KSG_PB,D,20241011,000000,5.504,5.532,5.504,5.532,0,0
KSG_PB,D,20241014,000000,5.455,5.455,5.17,5.41,0,0
KSG_PB,D,20241015,000000,5.385,5.385,5.05,5.281,0,0
KSG_PB,D,20241016,000000,5.307,5.359,5.307,5.34,0,0
KSG_PB,D,20241017,000000,5.186,5.315,5.186,5.244,0,0
KSG_PB,D,20241018,000000,5.117,5.329,5.117,5.329,0,0
KSG_PB,D,20241021,000000,5.228,5.33,4.998,5.295,0,0
KSG_PB,D,20241022,000000,5.219,5.219,5.21,5.21,0,0
KSG_PB,D,20241023,000000,5.108,5.21,4.956,5.166,0,0
KSG_PB,D,20241024,000000,5.04,5.166,5.04,5.166,0,0
KSG_PB,D,20241025,000000,5.166,5.166,5.04,5.166,0,0
KSG_PB,D,20241028,000000,5.04,5.267,5.04,5.267,0,0
KSG_PB,D,20241029,000000,5.267,5.267,5.157,5.157,0,0
KSG_PB,D,20241030,000000,5.082,5.293,5.082,5.293,0,0
KSG_PB,D,20241031,000000,5.091,5.116,4.99,5.108,0,0
KSG_PB,D,20241104,000000,5.108,5.108,4.981,5.108,0,0
KSG_PB,D,20241105,000000,5.108,5.159,5.019,5.108,0,0
KSG_PB,D,20241106,000000,4.981,5.512,4.981,5.439,0,0
KSG_PB,D,20241107,000000,5.364,5.514,5.09,5.366,0,0
KSG_PB,D,20241108,000000,5.366,5.391,5.341,5.376,0,0
KSG_PB,D,20241112,000000,5.352,5.781,5.301,5.434,0,0
KSG_PB,D,20241113,000000,5.361,5.657,5.311,5.652,0,0
KSG_PB,D,20241114,000000,5.676,5.899,4.561,4.561,0,0
KSG_PB,D,20241115,000000,4.6,4.72,4.54,4.718,0,0
KSG_PB,D,20241118,000000,4.718,4.798,4.637,4.645,0,0
KSG_PB,D,20241119,000000,4.584,4.786,4.484,4.779,0,0
KSG_PB,D,20241120,000000,4.598,4.739,4.518,4.733,0,0
KSG_PB,D,20241121,000000,4.733,4.873,4.588,4.588,0,0
KSG_PB,D,20241122,000000,4.568,4.787,4.568,4.737,0,0
KSG_PB,D,20241125,000000,4.796,5.092,4.796,5.013,0,0
KSG_PB,D,20241126,000000,5.013,5.133,4.913,4.98,0,0
KSG_PB,D,20241127,000000,5.08,5.08,4.92,4.926,0,0
KSG_PB,D,20241128,000000,4.765,5.087,4.765,5.081,0,0
KSG_PB,D,20241202,000000,5.034,5.054,4.912,4.913,0,0
KSG_PB,D,20241203,000000,4.993,5.054,4.892,4.993,0,0
KSG_PB,D,20241204,000000,5.013,5.013,4.852,4.946,0,0
KSG_PB,D,20241205,000000,4.845,4.946,4.684,4.919,0,0
KSG_PB,D,20241206,000000,4.878,4.878,4.797,4.823,0,0
KSG_PB,D,20241209,000000,4.823,4.993,4.823,4.993,0,0
KSG_PB,D,20241210,000000,4.993,5.013,4.986,4.986,0,0
KSG_PB,D,20241211,000000,4.803,5.068,4.803,5.014,0,0
KSG_PB,D,20241212,000000,4.953,4.953,4.709,4.919,0,0
KSG_PB,D,20241213,000000,4.899,4.919,4.899,4.919,0,0
KSG_PB,D,20241216,000000,4.899,5.04,4.818,4.919,0,0
KSG_PB,D,20241217,000000,5.061,5.081,4.878,5.054,0,0
KSG_PB,D,20241218,000000,4.871,5.074,4.81,5.014,0,0
KSG_PB,D,20241219,000000,4.932,5.034,4.871,4.913,0,0
KSG_PB,D,20241220,000000,4.933,4.993,4.852,4.946,0,0
KSG_PB,D,20241223,000000,4.987,5.007,4.826,4.933,0,0
KSG_PB,D,20241227,000000,4.933,4.933,4.832,4.92,0,0
KSG_PB,D,20241230,000000,4.819,5.034,4.819,5.034,0,0
KSG_PB,D,20250102,000000,5.134,5.134,4.631,4.94,0,0
KSG_PB,D,20250103,000000,4.92,4.98,4.8,4.868,0,0
KSG_PB,D,20250107,000000,4.927,5.175,4.768,5.175,0,0
KSG_PB,D,20250108,000000,5.256,5.984,5.256,5.685,0,0
KSG_PB,D,20250109,000000,5.685,5.785,5.286,5.517,0,0
KSG_PB,D,20250110,000000,5.655,5.853,5.556,5.571,0,0
KSG_PB,D,20250113,000000,5.829,5.829,5.332,5.512,0,0
KSG_PB,D,20250114,000000,5.689,5.748,5.236,5.542,0,0
KSG_PB,D,20250115,000000,5.442,5.586,5.442,5.586,0,0
KSG_PB,D,20250116,000000,5.485,5.585,5.346,5.472,0,0
KSG_PB,D,20250117,000000,5.451,5.55,5.451,5.511,0,0
KSG_PB,D,20250120,000000,5.471,5.531,5.292,5.486,0,0
KSG_PB,D,20250121,000000,5.366,5.446,5.086,5.294,0,0
KSG_PB,D,20250122,000000,5.114,5.27,5.053,5.27,0,0
KSG_PB,D,20250123,000000,5.27,5.27,5.108,5.19,0,0
KSG_PB,D,20250124,000000,5.23,5.301,5.23,5.301,0,0
KSG_PB,D,20250127,000000,5.198,5.445,5.198,5.409,0,0
KSG_PB,D,20250128,000000,5.369,5.41,5.246,5.374,0,0
KSG_PB,D,20250129,000000,5.375,5.681,5.375,5.626,0,0
KSG_PB,D,20250130,000000,5.543,5.543,5.523,5.53,0,0
KSG_PB,D,20250131,000000,5.51,5.51,5.408,5.467,0,0
KSG_PB,D,20250203,000000,5.406,5.65,5.406,5.526,0,0
KSG_PB,D,20250204,000000,5.565,5.705,5.505,5.605,0,0
KSG_PB,D,20250205,000000,5.605,5.746,5.524,5.666,0,0
KSG_PB,D,20250206,000000,5.808,7.174,5.808,7.145,0,0
KSG_PB,D,20250207,000000,7.449,7.449,6.759,6.867,0,0
KSG_PB,D,20250210,000000,7.316,8.215,7.255,8.11,0,0
KSG_PB,D,20250211,000000,8.191,8.191,7.52,7.938,0,0
KSG_PB,D,20250212,000000,7.937,8.1,7.408,7.602,0,0
KSG_PB,D,20250213,000000,7.787,8.893,7.705,8.769,0,0
KSG_PB,D,20250214,000000,8.769,9.14,8.253,8.34,0,0
KSG_PB,D,20250217,000000,8.506,9.087,8.506,8.859,0,0
KSG_PB,D,20250218,000000,9.128,10.58,8.921,10.539,0,0
KSG_PB,D,20250219,000000,10.705,10.705,8.713,10,0,0
KSG_PB,D,20250220,000000,9.648,9.814,8.657,8.975,0,0
KSG_PB,D,20250221,000000,8.913,10.11,8.913,9.848,0,0
KSG_PB,D,20250224,000000,10.096,10.324,9.558,10.124,0,0
KSG_PB,D,20250225,000000,10.269,10.352,9.273,10.028,0,0
KSG_PB,D,20250226,000000,10.069,10.654,9.547,10.251,0,0
KSG_PB,D,20250227,000000,10.25,10.669,9.999,10.57,0,0
KSG_PB,D,20250228,000000,10.612,11.197,10.445,11.044,0,0
KSG_PB,D,20250303,000000,9.251,10.281,9.062,9.062,0,0
KSG_PB,D,20250304,000000,8.733,9.452,8.137,8.908,0,0
KSG_PB,D,20250305,000000,9.304,10.201,9.304,10.113,0,0
KSG_PB,D,20250306,000000,10.346,10.346,9.603,9.885,0,0
KSG_PB,D,20250307,000000,9.886,9.992,9.374,9.642,0,0
KSG_PB,D,20250310,000000,9.342,9.642,8.421,8.525,0,0
KSG_PB,D,20250311,000000,8.995,9.486,8.888,9.15,0,0
KSG_PB,D,20250312,000000,10.049,10.07,9.642,9.856,0,0
KSG_PB,D,20250313,000000,9.299,9.856,9.299,9.401,0,0
KSG_PB,D,20250314,000000,9.401,9.486,9.166,9.479,0,0
KSG_PB,D,20250317,000000,9.478,9.757,9.029,9.146,0,0
KSG_PB,D,20250318,000000,9.49,9.683,9.188,9.358,0,0
KSG_PB,D,20250319,000000,9.293,9.293,8.645,8.742,0,0
KSG_PB,D,20250320,000000,8.763,8.978,8.506,8.607,0,0
KSG_PB,D,20250321,000000,8.522,8.884,8.522,8.85,0,0
KSG_PB,D,20250324,000000,8.935,8.999,8.51,8.546,0,0
KSG_PB,D,20250325,000000,8.653,8.845,8.504,8.632,0,0
KSG_PB,D,20250326,000000,8.803,8.803,8.418,8.534,0,0
KSG_PB,D,20250327,000000,8.534,8.534,8.001,8.178,0,0
KSG_PB,D,20250328,000000,7.775,8.093,7.33,7.818,0,0
KSG_PB,D,20250331,000000,7.797,7.797,7.053,7.339,0,0
KSG_PB,D,20250401,000000,7.147,7.809,6.998,6.999,0,0
KSG_PB,D,20250402,000000,6.699,6.998,6.519,6.519,0,0
KSG_PB,D,20250403,000000,6.519,6.754,6.285,6.349,0,0
KSG_PB,D,20250404,000000,6.242,6.498,6.2,6.474,0,0
KSG_PB,D,20250407,000000,6.388,6.388,6.089,6.239,0,0
KSG_PB,D,20250408,000000,6.367,7.67,6.367,7.436,0,0
KSG_PB,D,20250409,000000,7.268,7.268,6.764,6.926,0,0
KSG_PB,D,20250410,000000,7.266,7.478,7.266,7.308,0,0
KSG_PB,D,20250411,000000,7.457,7.609,6.99,7.609,0,0
KSG_PB,D,20250414,000000,7.609,7.609,7.148,7.466,0,0
KSG_PB,D,20250415,000000,7.488,7.554,7.29,7.521,0,0
KSG_PB,D,20250416,000000,7.521,7.521,7.04,7.228,0,0
KSG_PB,D,20250417,000000,7.227,7.227,6.748,7.106,0,0
KSG_PB,D,20250422,000000,7.259,7.958,7.259,7.931,0,0
KSG_PB,D,20250423,000000,7.975,8.019,7.266,7.412,0,0
KSG_PB,D,20250424,000000,7.324,7.389,7.082,7.127,0,0
KSG_PB,D,20250425,000000,7.17,7.302,7.082,7.193,0,0
KSG_PB,D,20250428,000000,7.126,7.696,7.082,7.543,0,0
KSG_PB,D,20250429,000000,7.652,7.664,7.302,7.664,0,0
KSG_PB,D,20250430,000000,7.378,7.4,6.981,7.215,0,0
KSG_PB,D,20250502,000000,7.631,7.872,2.826,2.826,0,0
KSG_PB,D,20250505,000000,2.793,2.793,2.62,2.701,0,0
KSG_PB,D,20250506,000000,2.701,2.734,2.61,2.69,0,0
KSG_PB,D,20250507,000000,2.673,2.69,2.608,2.667,0,0
KSG_PB,D,20250508,000000,2.626,2.684,2.618,2.671,0,0
KSG_PB,D,20250509,000000,2.703,2.711,2.629,2.697,0,0
KSG_PB,D,20250512,000000,2.804,2.969,2.804,2.805,0,0
KSG_PB,D,20250513,000000,2.862,2.862,2.723,2.746,0,0
KSG_PB,D,20250514,000000,2.746,2.839,2.664,2.839,0,0
KSG_PB,D,20250515,000000,2.757,2.889,2.675,2.713,0,0
KSG_PB,D,20250516,000000,2.713,2.729,2.636,2.636,0,0
KSG_PB,D,20250519,000000,2.636,2.636,2.536,2.536,0,0
KSG_PB,D,20250520,000000,2.536,2.659,2.536,2.553,0,0
KSG_PB,D,20250521,000000,2.553,2.594,2.437,2.545,0,0
KSG_PB,D,20250522,000000,2.545,2.574,2.413,2.574,0,0
KSG_PB,D,20250523,000000,2.574,2.59,2.45,2.495,0,0
KSG_PB,D,20250526,000000,2.495,2.581,2.462,2.581,0,0
KSG_PB,D,20250527,000000,2.539,2.589,2.481,2.483,0,0
KSG_PB,D,20250528,000000,2.491,2.59,2.49,2.49,0,0
KSG_PB,D,20250529,000000,2.49,2.548,2.473,2.539,0,0
KSG_PB,D,20250530,000000,2.49,2.547,2.465,2.525,0,0
KSG_PB,D,20250602,000000,2.542,2.625,1.742,1.742,0,0
KSG_PB,D,20250603,000000,1.731,1.731,1.616,1.675,0,0
KSG_PB,D,20250604,000000,1.664,1.675,1.609,1.671,0,0
KSG_PB,D,20250605,000000,1.616,1.64,1.583,1.64,0,0
KSG_PB,D,20250606,000000,1.64,1.64,1.585,1.636,0,0
KSG_PB,D,20250609,000000,1.636,1.68,1.609,1.654,0,0
KSG_PB,D,20250610,000000,1.648,1.67,1.593,1.624,0,0
KSG_PB,D,20250611,000000,1.607,1.607,1.602,1.604,0,0
KSG_PB,D,20250612,000000,1.582,1.731,1.571,1.731,0,0
KSG_PB,D,20250613,000000,1.67,1.715,1.615,1.615,0,0
KSG_PB,D,20250616,000000,1.648,1.703,1.631,1.642,0,0
KSG_PB,D,20250617,000000,1.642,1.698,1.642,1.689,0,0
KSG_PB,D,20250618,000000,1.645,1.689,1.634,1.672,0,0
KSG_PB,D,20250620,000000,1.683,1.689,1.617,1.647,0,0
KSG_PB,D,20250623,000000,1.625,1.625,1.575,1.575,0,0
KSG_PB,D,20250624,000000,1.586,1.646,1.575,1.639,0,0
KSG_PB,D,20250625,000000,1.65,1.667,1.595,1.613,0,0
KSG_PB,D,20250626,000000,1.624,1.652,1.607,1.641,0,0
KSG_PB,D,20250627,000000,1.641,1.697,1.618,1.637,0,0
KSG_PB,D,20250630,000000,1.682,1.71,1.654,1.66,0,0
KSG_PB,D,20250701,000000,1.643,1.677,1.615,1.625,0,0
KSG_PB,D,20250702,000000,1.625,1.631,1.607,1.607,0,0
KSG_PB,D,20250703,000000,1.607,1.607,1.531,1.531,0,0
KSG_PB,D,20250704,000000,1.531,1.531,1.508,1.521,0,0
KSG_PB,D,20250707,000000,1.521,1.56,1.504,1.514,0,0
KSG_PB,D,20250708,000000,1.514,1.514,1.486,1.514,0,0
KSG_PB,D,20250709,000000,1.531,1.684,1.531,1.614,0,0
KSG_PB,D,20250710,000000,1.602,1.664,1.585,1.63,0,0
KSG_PB,D,20250711,000000,1.653,1.653,1.615,1.615,0,0
KSG_PB,D,20250714,000000,1.614,1.671,1.603,1.646,0,0
KSG_PB,D,20250715,000000,1.651,1.814,1.651,1.723,0,0
KSG_PB,D,20250716,000000,1.79,1.824,1.689,1.768,0,0
KSG_PB,D,20250717,000000,1.768,1.768,1.661,1.704,0,0
KSG_PB,D,20250718,000000,1.732,1.732,1.653,1.711,0,0
KSG_PB,D,20250721,000000,1.711,1.761,1.666,1.686,0,0
KSG_PB,D,20250722,000000,1.675,1.731,1.608,1.719,0,0
KSG_PB,D,20250723,000000,1.719,1.719,1.657,1.684,0,0
KSG_PB,D,20250724,000000,1.695,1.695,1.639,1.689,0,0
KSG_PB,D,20250725,000000,1.7,1.7,1.649,1.657,0,0
KSG_PB,D,20250728,000000,1.657,1.68,1.64,1.67,0,0
KSG_PB,D,20250729,000000,1.67,1.676,1.597,1.597,0,0
KSG_PB,D,20250730,000000,1.625,1.664,1.597,1.623,0,0
KSG_PB,D,20250731,000000,1.623,1.623,1.557,1.584,0,0
KSG_PB,D,20250801,000000,1.584,1.65,1.556,1.573,0,0
KSG_PB,D,20250804,000000,1.578,1.665,1.578,1.607,0,0
KSG_PB,D,20250805,000000,1.613,1.702,1.613,1.625,0,0
KSG_PB,D,20250806,000000,1.625,1.664,1.62,1.662,0,0
KSG_PB,D,20250807,000000,1.711,2.011,1.711,2.011,0,0
KSG_PB,D,20250808,000000,2.09,2.09,1.882,1.91,0,0
KSG_PB,D,20250811,000000,1.989,2.151,1.989,2.134,0,0
KSG_PB,D,20250812,000000,2.134,2.145,2.01,2.077,0,0
KSG_PB,D,20250813,000000,2.094,2.161,2.016,2.142,0,0
KSG_PB,D,20250814,000000,2.187,2.198,2.085,2.187,0,0
KSG_PB,D,20250818,000000,2.08,3.114,2.08,3.114,0,0
KSG_PB,D,20250819,000000,3.195,3.308,3.195,3.252,0,0
KSG_PB,D,20250820,000000,3.455,3.455,3.293,3.42,0,0
KSG_PB,D,20250821,000000,3.428,3.428,3.275,3.391,0,0
KSG_PB,D,20250822,000000,3.351,3.351,3.093,3.188,0,0
KSG_PB,D,20250825,000000,3.132,3.244,3.028,3.229,0,0
KSG_PB,D,20250826,000000,3.229,3.253,3.156,3.211,0,0
KSG_PB,D,20250827,000000,3.195,3.259,3.171,3.18,0,0
KSG_PB,D,20250828,000000,3.196,3.232,3.124,3.232,0,0
KSG_PB,D,20250829,000000,3.176,3.241,3.176,3.241,0,0
KSG_PB,D,20250901,000000,3.241,3.249,3.104,3.233,0,0
KSG_PB,D,20250902,000000,3.233,3.241,3.127,3.138,0,0
KSG_PB,D,20250903,000000,3.138,3.202,3.113,3.122,0,0
KSG_PB,D,20250904,000000,3.194,3.211,3.146,3.149,0,0
KSG_PB,D,20250905,000000,3.133,3.226,3.133,3.226,0,0
KSG_PB,D,20250908,000000,3.218,3.218,3.129,3.149,0,0
KSG_PB,D,20250909,000000,3.198,3.198,3.116,3.128,0,0
KSG_PB,D,20250910,000000,3.111,3.111,2.859,3.059,0,0
KSG_PB,D,20250911,000000,3.043,3.108,2.954,3.096,0,0
KSG_PB,D,20250912,000000,3.031,3.031,2.959,2.999,0,0
KSG_PB,D,20250915,000000,2.999,3.137,2.967,3.078,0,0
KSG_PB,D,20250916,000000,3.085,3.085,2.971,3.075,0,0
KSG_PB,D,20250917,000000,3.009,3.058,3.001,3.01,0,0
KSG_PB,D,20250918,000000,3.011,3.043,3.002,3.03,0,0
KSG_PB,D,20250919,000000,2.989,3.063,2.989,3.038,0,0
KSG_PB,D,20250922,000000,3.038,3.038,2.973,3.007,0,0
KSG_PB,D,20250923,000000,3.007,3.025,2.853,3.025,0,0
KSG_PB,D,20250924,000000,3.033,3.042,2.886,3.023,0,0
KSG_PB,D,20250925,000000,3.023,3.04,2.91,3.036,0,0
KSG_PB,D,20250926,000000,2.972,2.996,2.923,2.976,0,0
KSG_PB,D,20250929,000000,2.977,2.985,2.96,2.97,0,0
KSG_PB,D,20250930,000000,2.954,2.994,2.913,2.994,0,0
KSG_PB,D,20251001,000000,3.019,3.019,2.864,3.001,0,0
KSG_PB,D,20251002,000000,3.009,3.017,2.846,2.994,0,0
KSG_PB,D,20251003,000000,2.994,3.011,2.978,3.007,0,0
KSG_PB,D,20251006,000000,3.007,3.015,2.845,2.975,0,0
KSG_PB,D,20251007,000000,2.991,2.999,2.837,2.981,0,0
KSG_PB,D,20251008,000000,2.981,2.981,2.93,2.93,0,0
KSG_PB,D,20251009,000000,2.97,3.059,2.906,2.941,0,0
KSG_PB,D,20251010,000000,2.941,3.094,2.941,2.964,0,0
KSG_PB,D,20251013,000000,2.924,3.036,2.9,2.997,0,0
KSG_PB,D,20251014,000000,3.046,3.046,2.909,2.946,0,0
KSG_PB,D,20251015,000000,2.947,3.002,2.939,2.98,0,0
KSG_PB,D,20251016,000000,3.012,3.013,2.932,3.013,0,0
KSG_PB,D,20251017,000000,3.062,3.305,2.989,2.996,0,0
KSG_PB,D,20251020,000000,2.907,3.15,2.907,3.023,0,0
KSG_PB,D,20251021,000000,3.096,3.113,2.999,3.03,0,0
KSG_PB,D,20251022,000000,2.998,3.03,2.957,3.012,0,0
KSG_PB,D,20251023,000000,3.012,3.012,2.907,2.97,0,0
KSG_PB,D,20251024,000000,2.978,3.019,2.906,2.973,0,0
KSG_PB,D,20251027,000000,2.981,2.981,2.876,2.963,0,0
KSG_PB,D,20251028,000000,2.915,3.004,2.891,2.952,0,0
KSG_PB,D,20251029,000000,2.985,2.985,2.928,2.931,0,0
KSG_PB,D,20251030,000000,2.955,2.955,2.891,2.938,0,0
KSG_PB,D,20251031,000000,2.962,2.97,2.946,2.946,0,0
KSG_PB,D,20251103,000000,2.938,2.938,2.776,2.897,0,0
KSG_PB,D,20251104,000000,2.857,2.857,2.578,2.786,0,0
KSG_PB,D,20251105,000000,2.786,2.85,2.706,2.772,0,0
KSG_PB,D,20251106,000000,2.772,2.782,2.629,2.782,0,0
KSG_PB,D,20251107,000000,2.83,2.838,2.647,2.761,0,0
KSG_PB,D,20251110,000000,2.801,2.817,2.769,2.817,0,0
KSG_PB,D,20251112,000000,2.817,2.858,2.785,2.804,0,0
KSG_PB,D,20251113,000000,2.804,2.804,2.74,2.784,0,0
KSG_PB,D,20251114,000000,2.703,2.776,2.59,2.666,0,0
KSG_PB,D,20251117,000000,2.706,2.917,2.665,2.737,0,0
KSG_PB,D,20251118,000000,2.737,2.761,2.672,2.735,0,0
KSG_PB,D,20251119,000000,2.735,2.831,2.662,2.814,0,0
KSG_PB,D,20251120,000000,2.83,2.895,2.814,2.875,0,0
KSG_PB,D,20251121,000000,3.012,3.189,2.763,3.022,0,0
KSG_PB,D,20251124,000000,3.173,3.485,3.173,3.37,0,0
KSG_PB,D,20251125,000000,3.354,3.458,3.177,3.375,0,0
KSG_PB,D,20251126,000000,3.375,3.384,3.239,3.384,0,0
KSG_PB,D,20251127,000000,3.352,3.352,3.263,3.341,0,0
KSG_PB,D,20251128,000000,3.325,3.341,3.067,3.33,0,0
KSG_PB,D,20251201,000000,3.282,3.37,3.234,3.37,0,0
KSG_PB,D,20251202,000000,3.37,3.435,2.072,2.072,0,0
KSG_PB,D,20251203,000000,2.052,2.052,1.855,1.944,0,0
KSG_PB,D,20251204,000000,1.944,1.944,1.835,1.905,0,0
KSG_PB,D,20251205,000000,1.895,1.895,1.82,1.881,0,0
KSG_PB,D,20251208,000000,1.801,1.911,1.801,1.911,0,0
KSG_PB,D,20251209,000000,1.921,1.921,1.802,1.879,0,0
KSG_PB,D,20251210,000000,1.805,1.889,1.805,1.87,0,0
KSG_PB,D,20251211,000000,1.874,1.9,1.874,1.9,0,0
KSG_PB,D,20251212,000000,1.93,1.975,1.865,1.975,0,0
KSG_PB,D,20251215,000000,1.975,2.055,1.926,1.986,0,0
KSG_PB,D,20251216,000000,2.006,2.026,1.961,2.001,0,0
KSG_PB,D,20251217,000000,2.001,2.001,1.861,1.978,0,0
KSG_PB,D,20251218,000000,1.978,1.978,1.898,1.953,0,0
KSG_PB,D,20251219,000000,1.988,1.988,1.95,1.95,0,0
KSG_PB,D,20251222,000000,1.875,1.942,1.835,1.942,0,0
KSG_PB,D,20251223,000000,1.927,1.927,1.842,1.847,0,0
KSG_PB,D,20251229,000000,1.897,2.152,1.897,1.952,0,0
KSG_PB,D,20251230,000000,1.987,1.987,1.907,1.985,0,0
KSG_PB,D,20260102,000000,1.95,1.98,1.849,1.849,0,0
KSG_PB,D,20260105,000000,1.849,1.849,1.829,1.829,0,0
KSG_PB,D,20260107,000000,1.844,1.845,1.815,1.845,0,0
KSG_PB,D,20260108,000000,1.845,1.865,1.825,1.828,0,0
KSG_PB,D,20260109,000000,1.848,1.853,1.822,1.822,0,0
KSG_PB,D,20260112,000000,1.842,1.842,1.827,1.835,0,0
KSG_PB,D,20260113,000000,1.86,1.92,1.815,1.857,0,0
KSG_PB,D,20260114,000000,1.823,1.863,1.808,1.834,0,0
KSG_PB,D,20260115,000000,1.835,1.835,1.765,1.789,0,0
KSG_PB,D,20260116,000000,1.794,1.824,1.64,1.775,0,0
KSG_PB,D,20260119,000000,1.839,1.845,1.765,1.845,0,0
KSG_PB,D,20260120,000000,1.845,1.845,1.776,1.814,0,0
KSG_PB,D,20260121,000000,1.819,1.844,1.819,1.841,0,0
KSG_PB,D,20260122,000000,1.796,1.886,1.791,1.885,0,0
KSG_PB,D,20260123,000000,1.895,1.975,1.895,1.966,0,0
