<TICKER>,<PER>,<DATE>,<TIME>,<OPEN>,<HIGH>,<LOW>,<CLOSE>,<VOL>,<OPENINT>
MAB_PE,D,20110214,000000,183.5,183.5,183.5,183.5,0,0
MAB_PE,D,20110215,000000,183.1,183.1,179.3,182.4,0,0
MAB_PE,D,20110216,000000,183.5,183.5,174.5,180.8,0,0
MAB_PE,D,20110218,000000,170.7,173,166.6,173,0,0
MAB_PE,D,20110221,000000,168.2,170.2,167.2,167.3,0,0
MAB_PE,D,20110222,000000,167.7,170.5,167.2,170.5,0,0
MAB_PE,D,20110223,000000,166.4,168.9,164.6,168.9,0,0
MAB_PE,D,20110224,000000,165.9,177.9,165.9,176.4,0,0
MAB_PE,D,20110225,000000,176.2,187.4,176.2,187.4,0,0
MAB_PE,D,20110228,000000,185.2,185.2,181.2,185.1,0,0
MAB_PE,D,20110301,000000,184.8,187.8,184.6,187.1,0,0
MAB_PE,D,20110302,000000,183,185.9,182.6,185.9,0,0
MAB_PE,D,20110303,000000,181.1,189.8,181.1,189.8,0,0
MAB_PE,D,20110304,000000,190.3,190.3,183.9,189.3,0,0
MAB_PE,D,20110307,000000,181.9,184.6,181.2,183.9,0,0
MAB_PE,D,20110308,000000,182.6,182.6,181.2,181.2,0,0
MAB_PE,D,20110309,000000,177.3,183.8,177.3,183.6,0,0
MAB_PE,D,20110310,000000,182.4,183.4,178.8,183.4,0,0
MAB_PE,D,20110311,000000,177.2,182,177.2,182,0,0
MAB_PE,D,20110314,000000,182.6,182.6,173.8,178.5,0,0
MAB_PE,D,20110315,000000,173.8,176.5,165.1,173.8,0,0
MAB_PE,D,20110316,000000,174,180.1,173.8,173.8,0,0
MAB_PE,D,20110317,000000,174.2,178.3,174.2,178.3,0,0
MAB_PE,D,20110318,000000,175.8,175.8,174.5,174.5,0,0
MAB_PE,D,20110321,000000,174.5,178.1,168.1,168.1,0,0
MAB_PE,D,20110322,000000,169.7,179.2,169.4,179.2,0,0
MAB_PE,D,20110323,000000,178.8,178.8,175.8,177.2,0,0
MAB_PE,D,20110324,000000,177.2,177.2,171.8,174.5,0,0
MAB_PE,D,20110325,000000,174.5,177.2,171.8,177.2,0,0
MAB_PE,D,20110328,000000,173.6,173.6,171.1,173.6,0,0
MAB_PE,D,20110329,000000,170.5,173.3,170.5,173.3,0,0
MAB_PE,D,20110330,000000,170.6,173.4,169.8,173.4,0,0
MAB_PE,D,20110331,000000,170.6,173.2,169.1,173.2,0,0
MAB_PE,D,20110401,000000,172.9,172.9,161.1,169.5,0,0
MAB_PE,D,20110404,000000,167.8,167.8,162.7,163.9,0,0
MAB_PE,D,20110405,000000,163.9,163.9,161.3,161.4,0,0
MAB_PE,D,20110406,000000,161.7,167.8,161.3,163.8,0,0
MAB_PE,D,20110407,000000,161.1,163.4,158.9,161.1,0,0
MAB_PE,D,20110408,000000,159.8,162.1,154.1,154.2,0,0
MAB_PE,D,20110411,000000,156.9,156.9,141.7,143.6,0,0
MAB_PE,D,20110412,000000,151.1,157.7,149,152.4,0,0
MAB_PE,D,20110413,000000,160.3,160.3,149.4,150.4,0,0
MAB_PE,D,20110414,000000,147.9,151,147.5,151,0,0
MAB_PE,D,20110415,000000,148.3,149,147.7,149,0,0
MAB_PE,D,20110418,000000,149,149.5,145.6,149,0,0
MAB_PE,D,20110419,000000,145.6,148.6,145.6,145.7,0,0
MAB_PE,D,20110420,000000,143,143,142.7,143,0,0
MAB_PE,D,20110421,000000,147.2,147.2,141.3,142.3,0,0
MAB_PE,D,20110426,000000,147.5,147.5,147.4,147.4,0,0
MAB_PE,D,20110427,000000,143.9,151.7,143.6,147.9,0,0
MAB_PE,D,20110428,000000,145.4,151.5,145.4,145.7,0,0
MAB_PE,D,20110429,000000,147.7,147.7,146.2,147,0,0
MAB_PE,D,20110502,000000,147.7,161.1,147.7,161.1,0,0
MAB_PE,D,20110504,000000,164.3,169.9,161.2,169.9,0,0
MAB_PE,D,20110505,000000,166.9,174.2,161.5,168.2,0,0
MAB_PE,D,20110506,000000,161.8,162.6,161.2,162.6,0,0
MAB_PE,D,20110509,000000,159.3,164.2,159.3,164.2,0,0
MAB_PE,D,20110510,000000,163.7,164.2,163.7,164.2,0,0
MAB_PE,D,20110511,000000,165.4,167.7,165.4,167.7,0,0
MAB_PE,D,20110512,000000,168.1,172.6,168.1,168.5,0,0
MAB_PE,D,20110513,000000,170.1,170.1,161.3,162.6,0,0
MAB_PE,D,20110516,000000,159.6,159.7,159.6,159.7,0,0
MAB_PE,D,20110517,000000,153.9,155.3,153.7,155.3,0,0
MAB_PE,D,20110518,000000,152.3,152.4,151.5,152.4,0,0
MAB_PE,D,20110519,000000,151.2,156.6,151.2,156.6,0,0
MAB_PE,D,20110520,000000,148.5,148.5,143.3,144.3,0,0
MAB_PE,D,20110523,000000,144.9,1077.3,136.2,1077.3,0,0
MAB_PE,D,20110524,000000,1085.6,1087.8,1077.8,1079.5,0,0
MAB_PE,D,20110525,000000,1077.8,1096.2,1077.8,1096.2,0,0
MAB_PE,D,20110526,000000,1094.4,1094.4,1033.3,1055,0,0
MAB_PE,D,20110527,000000,1027.8,1053.9,1027.8,1053.9,0,0
MAB_PE,D,20110530,000000,1028.9,1040.6,1005.6,1040.6,0,0
MAB_PE,D,20110531,000000,1034.4,1034.4,1014.4,1016.1,0,0
MAB_PE,D,20110601,000000,960.4,1036.1,939.6,1036.1,0,0
MAB_PE,D,20110602,000000,1026.7,1027.2,1024.4,1027.2,0,0
MAB_PE,D,20110603,000000,1004.4,1030,1001.1,1028.3,0,0
MAB_PE,D,20110606,000000,1018.9,1019.4,1014.4,1019.4,0,0
MAB_PE,D,20110607,000000,1011.1,1017.8,977.8,979.4,0,0
MAB_PE,D,20110608,000000,977.8,977.8,903.3,934.8,0,0
MAB_PE,D,20110609,000000,985.6,985.6,927.8,957.1,0,0
MAB_PE,D,20110610,000000,933.3,957.1,933.3,957.1,0,0
MAB_PE,D,20110613,000000,955.6,989.4,955.6,989.4,0,0
MAB_PE,D,20110614,000000,987.8,1031.7,987.8,1031.7,0,0
MAB_PE,D,20110615,000000,1072.2,1155.6,1072.2,1150.7,0,0
MAB_PE,D,20110616,000000,1111.1,1143,1068.9,1143,0,0
MAB_PE,D,20110617,000000,1142.2,1157.4,1142.2,1157.4,0,0
MAB_PE,D,20110620,000000,1138.9,1277.6,1138.9,1277.6,0,0
MAB_PE,D,20110621,000000,1275.6,1275.6,1176.3,1176.3,0,0
MAB_PE,D,20110622,000000,1126.7,1177.8,1126.7,1146.3,0,0
MAB_PE,D,20110624,000000,1123.3,1125.1,1123.3,1125.1,0,0
MAB_PE,D,20110627,000000,1133.3,1149.6,1124.4,1149.6,0,0
MAB_PE,D,20110628,000000,1128.9,1134,1091.1,1134,0,0
MAB_PE,D,20110629,000000,1132.2,1134,1132.2,1134,0,0
MAB_PE,D,20110630,000000,1142.2,1142.2,1091.1,1138.5,0,0
MAB_PE,D,20110701,000000,1100,1216.7,1088.9,1173,0,0
MAB_PE,D,20110704,000000,1166.7,1194.1,1166.7,1194.1,0,0
MAB_PE,D,20110705,000000,1177.8,1177.8,1133.3,1135.2,0,0
MAB_PE,D,20110706,000000,1191.1,1200.8,1191.1,1200.8,0,0
MAB_PE,D,20110707,000000,1188.9,1188.9,1138.9,1147.4,0,0
MAB_PE,D,20110708,000000,1186.7,1188.6,1186.7,1188.6,0,0
MAB_PE,D,20110711,000000,1162.2,1186.7,1162.2,1165.2,0,0
MAB_PE,D,20110712,000000,1138.9,1141.8,1088.9,1141.8,0,0
MAB_PE,D,20110713,000000,1166.7,1166.7,1127.8,1129.6,0,0
MAB_PE,D,20110714,000000,1127.8,1129.6,1127.8,1129.6,0,0
MAB_PE,D,20110715,000000,1127.8,1156.3,1127.8,1156.3,0,0
MAB_PE,D,20110719,000000,1133.3,1133.3,1127.8,1129.6,0,0
MAB_PE,D,20110720,000000,1127.8,1127.8,1111.1,1112.9,0,0
MAB_PE,D,20110721,000000,1105.6,1200.8,1105.6,1200.8,0,0
MAB_PE,D,20110722,000000,1113.3,1168.5,1113.3,1168.5,0,0
MAB_PE,D,20110725,000000,1126.7,1127.4,1125.6,1127.4,0,0
MAB_PE,D,20110726,000000,1125.6,1125.6,1122.2,1124,0,0
MAB_PE,D,20110727,000000,1116.7,1131.8,1116.7,1131.8,0,0
MAB_PE,D,20110728,000000,1116.7,1118.5,1116.7,1118.5,0,0
MAB_PE,D,20110729,000000,1142.2,1179.7,1142.2,1179.7,0,0
MAB_PE,D,20110801,000000,1220,1222,1220,1222,0,0
MAB_PE,D,20110802,000000,1175.2,1175.2,1175.2,1175.2,0,0
MAB_PE,D,20110803,000000,1166.7,1166.7,1151.1,1153,0,0
MAB_PE,D,20110804,000000,1180.7,1181.8,1090.6,1090.6,0,0
MAB_PE,D,20110805,000000,1083.3,1112.9,1011.1,1112.9,0,0
MAB_PE,D,20110808,000000,1033.3,1055.6,1000,1001.6,0,0
MAB_PE,D,20110809,000000,1000,1000,957.1,957.1,0,0
MAB_PE,D,20110810,000000,955.6,1000,946.7,979.4,0,0
MAB_PE,D,20110811,000000,998.9,1001.6,998.9,1001.6,0,0
MAB_PE,D,20110812,000000,1043.3,1045,1043.3,1045,0,0
MAB_PE,D,20110816,000000,1088.9,1118.9,406,406,0,0
MAB_PE,D,20110818,000000,416.3,416.3,378.9,386.9,0,0
MAB_PE,D,20110819,000000,404.4,404.4,398.4,402.8,0,0
MAB_PE,D,20110822,000000,414.3,416.8,406.4,416.8,0,0
MAB_PE,D,20110823,000000,403.2,406.8,384.5,406.8,0,0
MAB_PE,D,20110825,000000,398.4,398.8,398.4,398.8,0,0
MAB_PE,D,20110826,000000,374.5,397.6,374.5,397.6,0,0
MAB_PE,D,20110829,000000,378.5,402.8,378.5,402.8,0,0
MAB_PE,D,20110830,000000,398.4,404.8,398.4,404.8,0,0
MAB_PE,D,20110831,000000,402.4,412.8,402.4,412.8,0,0
MAB_PE,D,20110901,000000,408.4,416.8,408.4,416.8,0,0
MAB_PE,D,20110902,000000,422.3,437.8,422.3,424.8,0,0
MAB_PE,D,20110905,000000,422.3,438.2,399.2,400,0,0
MAB_PE,D,20110906,000000,406.4,418.4,400.4,418.4,0,0
MAB_PE,D,20110907,000000,402.8,403.2,401.6,403.2,0,0
MAB_PE,D,20110908,000000,400.8,400.8,391.3,391.3,0,0
MAB_PE,D,20110909,000000,398.4,398.8,398.4,398.8,0,0
MAB_PE,D,20110912,000000,390.4,390.4,374.5,386.9,0,0
MAB_PE,D,20110913,000000,397.6,397.6,386.5,386.9,0,0
MAB_PE,D,20110914,000000,379.3,398.4,379.3,390.9,0,0
MAB_PE,D,20110915,000000,388.4,410.4,388.4,410,0,0
MAB_PE,D,20110916,000000,415.5,416,415.5,416,0,0
MAB_PE,D,20110920,000000,384.1,399.2,384.1,399.2,0,0
MAB_PE,D,20110921,000000,398.8,398.8,380.5,382.9,0,0
MAB_PE,D,20110922,000000,382.5,382.5,378.5,378.9,0,0
MAB_PE,D,20110923,000000,372.1,398.4,372.1,386.9,0,0
MAB_PE,D,20110926,000000,386.5,392.5,386.5,392.5,0,0
MAB_PE,D,20110927,000000,390,397.2,390,390.9,0,0
MAB_PE,D,20110928,000000,378.1,386.5,374.5,386.5,0,0
MAB_PE,D,20110929,000000,378.5,390,378.5,389.7,0,0
MAB_PE,D,20111003,000000,378.5,378.5,358.6,378.5,0,0
MAB_PE,D,20111004,000000,382.1,382.5,382.1,382.5,0,0
MAB_PE,D,20111005,000000,378.5,378.9,378.5,378.9,0,0
MAB_PE,D,20111006,000000,378.5,378.9,378.5,378.9,0,0
MAB_PE,D,20111010,000000,378.5,378.9,378.5,378.9,0,0
MAB_PE,D,20111011,000000,378.5,378.5,367.7,371.3,0,0
MAB_PE,D,20111012,000000,367.7,368.1,367.7,368.1,0,0
MAB_PE,D,20111013,000000,378.9,378.9,378.5,378.9,0,0
MAB_PE,D,20111014,000000,382.1,383.7,370.9,381.7,0,0
MAB_PE,D,20111017,000000,385.3,386.9,384.9,386.9,0,0
MAB_PE,D,20111018,000000,404.8,405.2,404.8,405.2,0,0
MAB_PE,D,20111019,000000,402,402.4,402,402.4,0,0
MAB_PE,D,20111020,000000,402,403.6,380.5,403.6,0,0
MAB_PE,D,20111021,000000,426.3,426.3,418.3,418.8,0,0
MAB_PE,D,20111024,000000,433.5,439.8,418.3,434.7,0,0
MAB_PE,D,20111025,000000,435.1,441.1,435.1,441.1,0,0
MAB_PE,D,20111026,000000,421.5,437.1,420.3,437.1,0,0
MAB_PE,D,20111027,000000,434.3,447.5,434.3,447.5,0,0
MAB_PE,D,20111028,000000,447,448.3,447,448.3,0,0
MAB_PE,D,20111031,000000,447.8,455.4,434.3,454.3,0,0
MAB_PE,D,20111102,000000,429.9,435.1,398.4,435.1,0,0
MAB_PE,D,20111103,000000,434.7,438.3,434.3,438.3,0,0
MAB_PE,D,20111104,000000,437.5,437.5,422.3,436.3,0,0
MAB_PE,D,20111107,000000,418.7,445,418.3,434.7,0,0
MAB_PE,D,20111108,000000,425.1,437.8,425.1,434.3,0,0
MAB_PE,D,20111109,000000,434.3,434.3,430.3,430.8,0,0
MAB_PE,D,20111110,000000,432.3,432.3,418.3,430.8,0,0
MAB_PE,D,20111114,000000,430.3,430.3,420.3,429.6,0,0
MAB_PE,D,20111115,000000,429.1,441.8,421.6,421.6,0,0
MAB_PE,D,20111116,000000,419.5,419.5,398.4,398.8,0,0
MAB_PE,D,20111117,000000,407.2,417.2,407.2,417.2,0,0
MAB_PE,D,20111118,000000,398.4,408.4,398.4,408.4,0,0
MAB_PE,D,20111121,000000,413.5,414.8,398.4,414.8,0,0
MAB_PE,D,20111123,000000,132.2,134.9,130.9,134.9,0,0
MAB_PE,D,20111125,000000,129.7,130.7,129.6,130.7,0,0
MAB_PE,D,20111128,000000,129.5,130.9,129.5,130.8,0,0
MAB_PE,D,20111201,000000,130.9,135.5,130.9,135.5,0,0
MAB_PE,D,20111205,000000,131.8,131.8,131.8,131.8,0,0
MAB_PE,D,20111207,000000,134.4,134.6,134.4,134.6,0,0
MAB_PE,D,20111208,000000,130.9,132.1,124.5,132.1,0,0
MAB_PE,D,20111209,000000,131.4,134.6,130.9,134.6,0,0
MAB_PE,D,20111212,000000,136.1,136.2,136.1,136.2,0,0
MAB_PE,D,20111213,000000,133.4,133.4,130.9,132.2,0,0
MAB_PE,D,20111214,000000,130.9,133.5,130,133.4,0,0
MAB_PE,D,20111215,000000,133.4,136.2,133.4,136.2,0,0
MAB_PE,D,20111216,000000,136,142.1,130.9,130.9,0,0
MAB_PE,D,20111219,000000,137.2,137.2,131.4,136.8,0,0
MAB_PE,D,20111220,000000,137.4,141.4,137.4,140.7,0,0
MAB_PE,D,20111221,000000,142,144,141,141,0,0
MAB_PE,D,20111222,000000,142.5,143.8,140.7,140.7,0,0
MAB_PE,D,20111223,000000,143.8,143.8,136.1,137.6,0,0
MAB_PE,D,20111227,000000,137.4,142.6,137.4,142.6,0,0
MAB_PE,D,20111229,000000,137.4,139.7,137.4,139.7,0,0
MAB_PE,D,20111230,000000,137.4,137.6,137.4,137.6,0,0
MAB_PE,D,20120102,000000,138.6,138.7,138.6,138.7,0,0
MAB_PE,D,20120103,000000,138.6,138.8,138.6,138.8,0,0
MAB_PE,D,20120104,000000,138.6,143.3,137.4,142.6,0,0
MAB_PE,D,20120105,000000,143.2,143.2,138.2,138.8,0,0
MAB_PE,D,20120109,000000,138.6,147,138.6,147,0,0
MAB_PE,D,20120110,000000,147.1,156.3,139.1,156.2,0,0
MAB_PE,D,20120111,000000,156.2,156.2,150.5,150.6,0,0
MAB_PE,D,20120112,000000,144.1,151.9,144,151.9,0,0
MAB_PE,D,20120113,000000,142.4,151.8,142.4,151.2,0,0
MAB_PE,D,20120116,000000,151.7,151.7,145.7,145.7,0,0
MAB_PE,D,20120118,000000,150.8,150.8,150.8,150.8,0,0
MAB_PE,D,20120119,000000,150.5,165.2,150.5,163.1,0,0
MAB_PE,D,20120120,000000,160.9,168.8,160.9,163.8,0,0
MAB_PE,D,20120123,000000,169.2,169.2,163.6,166.1,0,0
MAB_PE,D,20120124,000000,169.2,169.4,169.2,169.4,0,0
MAB_PE,D,20120125,000000,163,169.4,162.3,169.4,0,0
MAB_PE,D,20120126,000000,169.2,169.4,164.3,169.3,0,0
MAB_PE,D,20120130,000000,163,163.7,163,163.7,0,0
MAB_PE,D,20120131,000000,167.4,170.2,164,170.2,0,0
MAB_PE,D,20120201,000000,170.9,171,166.9,171,0,0
MAB_PE,D,20120202,000000,170.9,171,170.9,171,0,0
MAB_PE,D,20120203,000000,171,171,171,171,0,0
MAB_PE,D,20120206,000000,170.2,173.4,170.2,173.4,0,0
MAB_PE,D,20120207,000000,170.2,173.2,170.2,173.2,0,0
MAB_PE,D,20120208,000000,170.2,173.2,170.2,170.2,0,0
MAB_PE,D,20120209,000000,169.8,170.2,166.2,170.2,0,0
MAB_PE,D,20120210,000000,168.7,168.7,162.3,163.7,0,0
MAB_PE,D,20120213,000000,162.4,165.6,162.4,165.6,0,0
MAB_PE,D,20120214,000000,165.7,170,165.7,167.5,0,0
MAB_PE,D,20120215,000000,163.4,167,163.4,166.1,0,0
MAB_PE,D,20120216,000000,166.9,166.9,162.3,162.3,0,0
MAB_PE,D,20170929,000000,166.9,166.9,162.3,162.3,0,0
MAB_PE,D,20220506,000000,246.1,246.1,246.1,246.1,0,0
MAB_PE,D,20220509,000000,251.3,259.7,248.7,250.2,0,0
MAB_PE,D,20220510,000000,239.1,244.7,236.4,242,0,0
MAB_PE,D,20220511,000000,244.2,248.7,236.8,237.8,0,0
MAB_PE,D,20220512,000000,237,237,224.3,229.3,0,0
MAB_PE,D,20220513,000000,232.6,240.3,231.2,240.2,0,0
MAB_PE,D,20220516,000000,240.4,240.4,233.2,233.6,0,0
MAB_PE,D,20220517,000000,233.6,240.4,233.6,237.6,0,0
MAB_PE,D,20220518,000000,237.5,243.2,232.2,232.3,0,0
MAB_PE,D,20220519,000000,232.4,236.6,230.5,230.5,0,0
MAB_PE,D,20220520,000000,236.1,239,233.1,233.1,0,0
MAB_PE,D,20220523,000000,233.4,240.2,233.1,237.8,0,0
MAB_PE,D,20220524,000000,237.9,238.3,231.1,231.9,0,0
MAB_PE,D,20220525,000000,232,232,224.3,226.4,0,0
MAB_PE,D,20220526,000000,229,237.7,229,234.4,0,0
MAB_PE,D,20220527,000000,235.3,235.3,225.1,225.1,0,0
MAB_PE,D,20220530,000000,229.4,231,222,229.1,0,0
MAB_PE,D,20220531,000000,229.9,229.9,16.5,16.5,0,0
MAB_PE,D,20220601,000000,16.5,16.5,16.1,16.1,0,0
MAB_PE,D,20220602,000000,16.1,16.2,16,16,0,0
MAB_PE,D,20220603,000000,16,16,14.9,14.9,0,0
MAB_PE,D,20220606,000000,15,15.5,15,15.1,0,0
MAB_PE,D,20220607,000000,15.2,16.5,15.1,16.5,0,0
MAB_PE,D,20220608,000000,17.2,17.8,15.7,15.7,0,0
MAB_PE,D,20220609,000000,15.9,16,15,15,0,0
MAB_PE,D,20220610,000000,14.7,14.7,14.2,14.2,0,0
MAB_PE,D,20220613,000000,14.2,14.2,13.2,13.2,0,0
MAB_PE,D,20220614,000000,13.2,13.5,12.5,12.7,0,0
MAB_PE,D,20220615,000000,12.8,13.3,12.6,13.2,0,0
MAB_PE,D,20220617,000000,12.8,13.7,12.7,13.2,0,0
MAB_PE,D,20220620,000000,13.2,13.6,13.2,13.2,0,0
MAB_PE,D,20220621,000000,13.4,13.6,13.2,13.4,0,0
MAB_PE,D,20220622,000000,13.4,13.5,13,13.5,0,0
MAB_PE,D,20220623,000000,13.6,13.6,12.9,12.9,0,0
MAB_PE,D,20220624,000000,13.2,13.6,13.2,13.4,0,0
MAB_PE,D,20220627,000000,13.4,13.5,13.2,13.4,0,0
MAB_PE,D,20220628,000000,13.5,13.6,13.2,13.2,0,0
MAB_PE,D,20220629,000000,13.2,13.6,13,13.6,0,0
MAB_PE,D,20220630,000000,13.5,13.5,13.2,13.3,0,0
MAB_PE,D,20220701,000000,13.3,15,13.3,15,0,0
MAB_PE,D,20220704,000000,15.6,15.9,15,15.4,0,0
MAB_PE,D,20220705,000000,15.4,16.1,14.5,15.9,0,0
MAB_PE,D,20220706,000000,16.2,17.9,16.2,17.4,0,0
MAB_PE,D,20220707,000000,17.5,17.9,17,17.7,0,0
MAB_PE,D,20220708,000000,17.9,20.9,17.9,20.4,0,0
MAB_PE,D,20220711,000000,21,23.5,21,22.9,0,0
MAB_PE,D,20220712,000000,21.6,22.1,19.7,19.9,0,0
MAB_PE,D,20220713,000000,20.4,20.9,19.8,20.5,0,0
MAB_PE,D,20220714,000000,20.9,20.9,18,18.4,0,0
MAB_PE,D,20220715,000000,17.4,19.3,17.4,18.2,0,0
MAB_PE,D,20220718,000000,18.9,19.1,18.2,18.2,0,0
MAB_PE,D,20220719,000000,17.8,19.3,17.5,19.3,0,0
MAB_PE,D,20220720,000000,20.3,20.4,19.3,20.1,0,0
MAB_PE,D,20220721,000000,20.8,21.6,20.3,20.5,0,0
MAB_PE,D,20220722,000000,20.2,21,19.6,19.6,0,0
MAB_PE,D,20220725,000000,19.4,20.9,19,20.3,0,0
MAB_PE,D,20220726,000000,20.4,20.4,19.7,19.7,0,0
MAB_PE,D,20220727,000000,19.7,20.3,19.7,20.2,0,0
MAB_PE,D,20220728,000000,20.2,21.1,20.2,20.4,0,0
MAB_PE,D,20220729,000000,20.7,21.2,20.2,20.8,0,0
MAB_PE,D,20220801,000000,20.8,20.8,19.8,20.3,0,0
MAB_PE,D,20220802,000000,20,20,19.3,19.9,0,0
MAB_PE,D,20220803,000000,20.4,20.6,19.6,20.6,0,0
MAB_PE,D,20220804,000000,20.7,20.7,19.9,19.9,0,0
MAB_PE,D,20220805,000000,19.8,20.2,19.4,19.4,0,0
MAB_PE,D,20220808,000000,19.6,19.6,18.8,19,0,0
MAB_PE,D,20220809,000000,16.5,17.4,16.3,16.3,0,0
MAB_PE,D,20220810,000000,16.3,16.7,16.1,16.1,0,0
MAB_PE,D,20220811,000000,16.4,16.7,16.2,16.5,0,0
MAB_PE,D,20220812,000000,16.4,16.5,16,16,0,0
MAB_PE,D,20220816,000000,16,16,15.5,15.5,0,0
MAB_PE,D,20220817,000000,15.5,15.9,15.3,15.3,0,0
MAB_PE,D,20220818,000000,15.3,15.5,14.9,15.1,0,0
MAB_PE,D,20220819,000000,15.1,15.1,14.7,14.9,0,0
MAB_PE,D,20220822,000000,14.9,14.9,14.1,14.1,0,0
MAB_PE,D,20220823,000000,14.1,16,14.1,15.4,0,0
MAB_PE,D,20220824,000000,15.6,15.6,14.9,15,0,0
MAB_PE,D,20220825,000000,15.3,16.1,15.3,15.4,0,0
MAB_PE,D,20220826,000000,15.6,16.2,15.4,15.8,0,0
MAB_PE,D,20220829,000000,15.4,15.4,14.7,15.2,0,0
MAB_PE,D,20220830,000000,15.3,15.5,14.7,14.7,0,0
MAB_PE,D,20220831,000000,14.9,15,14.4,14.8,0,0
MAB_PE,D,20220901,000000,14.6,14.7,13.7,14.1,0,0
MAB_PE,D,20220902,000000,14.4,15,14.4,14.4,0,0
MAB_PE,D,20220905,000000,14.3,14.4,14,14.1,0,0
MAB_PE,D,20220906,000000,14.1,14.3,13.6,13.7,0,0
MAB_PE,D,20220907,000000,13.7,14.6,13.5,13.7,0,0
MAB_PE,D,20220908,000000,14.5,14.5,14,14.5,0,0
MAB_PE,D,20220909,000000,14.3,15.3,14.3,15.2,0,0
MAB_PE,D,20220912,000000,15.3,15.7,14.8,14.9,0,0
MAB_PE,D,20220913,000000,15.1,15.3,14.1,14.2,0,0
MAB_PE,D,20220914,000000,14.1,14.6,14.1,14.3,0,0
MAB_PE,D,20220915,000000,14.4,15,14.3,14.6,0,0
MAB_PE,D,20220916,000000,14.7,14.7,13.4,13.4,0,0
MAB_PE,D,20220919,000000,13.7,14.4,13.4,13.5,0,0
MAB_PE,D,20220920,000000,13.4,13.9,12.7,12.8,0,0
MAB_PE,D,20220921,000000,12.8,13.4,12.8,13.3,0,0
MAB_PE,D,20220922,000000,13.2,13.2,12.8,13.1,0,0
MAB_PE,D,20220923,000000,13.9,15,13.3,13.3,0,0
MAB_PE,D,20220926,000000,13.4,13.5,12.6,13,0,0
MAB_PE,D,20220927,000000,13.1,13.5,13,13.5,0,0
MAB_PE,D,20220928,000000,13.2,13.3,12.8,13.1,0,0
MAB_PE,D,20220929,000000,13.1,13.2,12.3,12.3,0,0
MAB_PE,D,20220930,000000,13.5,13.5,12.6,12.6,0,0
MAB_PE,D,20221003,000000,12.7,12.7,12.1,12.2,0,0
MAB_PE,D,20221004,000000,12.3,12.5,12.2,12.2,0,0
MAB_PE,D,20221005,000000,12.3,12.8,12.2,12.2,0,0
MAB_PE,D,20221006,000000,12.3,12.5,9.4,9.4,0,0
MAB_PE,D,20221007,000000,9.4,9.5,9.2,9.2,0,0
MAB_PE,D,20221010,000000,9.3,9.7,9.2,9.4,0,0
MAB_PE,D,20221011,000000,9.5,9.7,9.3,9.6,0,0
MAB_PE,D,20221012,000000,9.7,9.9,9.5,9.5,0,0
MAB_PE,D,20221013,000000,9.6,9.9,9.4,9.5,0,0
MAB_PE,D,20221014,000000,9.8,9.8,9.5,9.5,0,0
MAB_PE,D,20221017,000000,9.5,10.1,9.5,10.1,0,0
MAB_PE,D,20221018,000000,10.2,10.3,10,10,0,0
MAB_PE,D,20221019,000000,10.2,10.2,9.8,10.2,0,0
MAB_PE,D,20221020,000000,10.3,10.3,9.9,10,0,0
MAB_PE,D,20221021,000000,10,10,9.5,9.5,0,0
MAB_PE,D,20221024,000000,9.7,9.7,9.3,9.4,0,0
MAB_PE,D,20221025,000000,9.4,9.6,9.4,9.4,0,0
MAB_PE,D,20221026,000000,9.5,9.9,9.5,9.7,0,0
MAB_PE,D,20221027,000000,9.5,9.8,9.5,9.7,0,0
MAB_PE,D,20221028,000000,9.7,9.8,9.5,9.8,0,0
MAB_PE,D,20221031,000000,9.8,10,9.7,9.8,0,0
MAB_PE,D,20221102,000000,9.9,10.2,9.8,10.1,0,0
MAB_PE,D,20221103,000000,9.9,10.8,9.9,10.8,0,0
MAB_PE,D,20221104,000000,11,11,10.5,10.7,0,0
MAB_PE,D,20221107,000000,10.7,10.8,10.3,10.3,0,0
MAB_PE,D,20221108,000000,10.4,10.8,10.4,10.4,0,0
MAB_PE,D,20221109,000000,10.5,10.7,10.2,10.2,0,0
MAB_PE,D,20221110,000000,10.2,10.4,9.9,10.4,0,0
MAB_PE,D,20221114,000000,10.5,10.8,10.4,10.5,0,0
MAB_PE,D,20221115,000000,10.6,10.6,10.4,10.4,0,0
MAB_PE,D,20221116,000000,10.2,10.5,10.2,10.4,0,0
MAB_PE,D,20221117,000000,10.4,10.4,10.1,10.3,0,0
MAB_PE,D,20221118,000000,10.4,10.5,10.1,10.3,0,0
MAB_PE,D,20221121,000000,10.3,10.4,10,10,0,0
MAB_PE,D,20221122,000000,10,10.3,10,10,0,0
MAB_PE,D,20221123,000000,10.1,10.6,10,10.6,0,0
MAB_PE,D,20221124,000000,10.8,10.8,10.5,10.6,0,0
MAB_PE,D,20221125,000000,10.2,10.2,7.6,7.6,0,0
MAB_PE,D,20221128,000000,7.6,7.9,7.6,7.8,0,0
MAB_PE,D,20221129,000000,7.7,7.8,7.6,7.7,0,0
MAB_PE,D,20221130,000000,7.8,7.9,7.7,7.8,0,0
MAB_PE,D,20221201,000000,7.8,7.9,7.7,7.8,0,0
MAB_PE,D,20221202,000000,7.8,8,7.8,8,0,0
MAB_PE,D,20221205,000000,7.9,8.3,7.9,8,0,0
MAB_PE,D,20221206,000000,8.1,8.6,8,8.5,0,0
MAB_PE,D,20221207,000000,8.4,8.8,8.2,8.3,0,0
MAB_PE,D,20221208,000000,8.4,8.7,8.2,8.3,0,0
MAB_PE,D,20221209,000000,8.5,8.5,8.2,8.5,0,0
MAB_PE,D,20221212,000000,8.5,8.5,8.3,8.4,0,0
MAB_PE,D,20221213,000000,8.5,8.8,8.4,8.7,0,0
MAB_PE,D,20221214,000000,8.7,8.9,8.5,8.5,0,0
MAB_PE,D,20221215,000000,8.5,8.5,8.1,8.1,0,0
MAB_PE,D,20221216,000000,7.9,7.9,7.7,7.7,0,0
MAB_PE,D,20221219,000000,7.7,8.1,7.7,7.9,0,0
MAB_PE,D,20221220,000000,7.8,7.9,7.8,7.9,0,0
MAB_PE,D,20221221,000000,7.9,7.9,7.8,7.8,0,0
MAB_PE,D,20221222,000000,7.7,7.7,7.4,7.4,0,0
MAB_PE,D,20221223,000000,7.4,7.6,7.4,7.6,0,0
MAB_PE,D,20221227,000000,7.6,7.6,7.3,7.3,0,0
MAB_PE,D,20221228,000000,7.3,7.3,7.2,7.2,0,0
MAB_PE,D,20221229,000000,7.2,7.7,7.2,7.6,0,0
MAB_PE,D,20221230,000000,7.7,7.7,7.5,7.6,0,0
MAB_PE,D,20230102,000000,7.6,7.8,7.6,7.7,0,0
MAB_PE,D,20230103,000000,7.7,8,7.7,7.8,0,0
MAB_PE,D,20230104,000000,7.9,7.9,7.7,7.9,0,0
MAB_PE,D,20230105,000000,7.9,8.5,7.9,8.2,0,0
MAB_PE,D,20230109,000000,8.3,8.3,7.9,8.2,0,0
MAB_PE,D,20230110,000000,8.2,8.2,8,8.1,0,0
MAB_PE,D,20230111,000000,8.1,8.2,8,8.1,0,0
MAB_PE,D,20230112,000000,8.1,8.1,7.8,7.9,0,0
MAB_PE,D,20230113,000000,7.9,8,7.8,7.9,0,0
MAB_PE,D,20230116,000000,7.9,7.9,7.8,7.8,0,0
MAB_PE,D,20230117,000000,7.8,7.8,7.7,7.8,0,0
MAB_PE,D,20230118,000000,7.8,8.2,7.8,8,0,0
MAB_PE,D,20230119,000000,8,8,7.7,7.8,0,0
MAB_PE,D,20230120,000000,7.8,8,7.8,7.9,0,0
MAB_PE,D,20230123,000000,7.9,8.1,7.9,8.1,0,0
MAB_PE,D,20230124,000000,8,8.2,7.9,7.9,0,0
MAB_PE,D,20230125,000000,7.9,7.9,7.8,7.9,0,0
MAB_PE,D,20230126,000000,7.9,8,7.8,7.9,0,0
MAB_PE,D,20230127,000000,8.6,8.8,7.9,8.8,0,0
MAB_PE,D,20230130,000000,8.7,8.7,8.3,8.4,0,0
MAB_PE,D,20230131,000000,8.4,8.5,8.3,8.4,0,0
MAB_PE,D,20230201,000000,8.5,8.5,8.2,8.2,0,0
MAB_PE,D,20230202,000000,8.3,8.4,8.3,8.3,0,0
MAB_PE,D,20230203,000000,8.3,8.4,8.1,8.3,0,0
MAB_PE,D,20230206,000000,8.3,8.6,8.1,8.3,0,0
MAB_PE,D,20230207,000000,8.4,8.4,8.1,8.2,0,0
MAB_PE,D,20230208,000000,8.4,8.4,8.2,8.2,0,0
MAB_PE,D,20230209,000000,8.4,8.4,8.3,8.3,0,0
MAB_PE,D,20230210,000000,8.3,8.3,8,8.1,0,0
MAB_PE,D,20230213,000000,8.1,8.2,7.9,8,0,0
MAB_PE,D,20230214,000000,8.1,8.1,7.8,7.8,0,0
MAB_PE,D,20230215,000000,7.8,7.9,7.8,7.8,0,0
MAB_PE,D,20230216,000000,7.9,8,7.8,7.9,0,0
MAB_PE,D,20230217,000000,7.9,8,7.8,7.8,0,0
MAB_PE,D,20230220,000000,7.9,8.1,7.8,8.1,0,0
MAB_PE,D,20230221,000000,8.1,8.2,8,8.1,0,0
MAB_PE,D,20230222,000000,8.1,8.1,7.9,7.9,0,0
MAB_PE,D,20230223,000000,7.9,8,7.8,7.9,0,0
MAB_PE,D,20230224,000000,8,8.1,7.9,7.9,0,0
MAB_PE,D,20230227,000000,7.9,8,7.8,7.8,0,0
MAB_PE,D,20230228,000000,7.8,8,7.8,7.9,0,0
MAB_PE,D,20230301,000000,7.7,7.7,7.4,7.5,0,0
MAB_PE,D,20230302,000000,7.5,7.5,7.3,7.4,0,0
MAB_PE,D,20230303,000000,7.4,7.5,7.3,7.4,0,0
MAB_PE,D,20230306,000000,7.5,7.6,7.5,7.5,0,0
MAB_PE,D,20230307,000000,7.5,7.7,7.4,7.4,0,0
MAB_PE,D,20230308,000000,7.4,7.5,7.4,7.5,0,0
MAB_PE,D,20230309,000000,7.5,7.5,7.4,7.4,0,0
MAB_PE,D,20230310,000000,7.4,7.4,7.3,7.3,0,0
MAB_PE,D,20230313,000000,7.4,7.4,7,7.1,0,0
MAB_PE,D,20230314,000000,7,7.2,6.9,7.1,0,0
MAB_PE,D,20230315,000000,7.1,7.1,6.7,6.8,0,0
MAB_PE,D,20230316,000000,6.8,6.8,6.6,6.7,0,0
MAB_PE,D,20230317,000000,6.8,6.9,6.6,6.6,0,0
MAB_PE,D,20230320,000000,6.6,6.7,6.4,6.5,0,0
MAB_PE,D,20230321,000000,6.5,6.6,6.5,6.6,0,0
MAB_PE,D,20230322,000000,6.6,6.7,6.5,6.5,0,0
MAB_PE,D,20230323,000000,6.5,6.5,6.3,6.3,0,0
MAB_PE,D,20230324,000000,6.3,6.4,6.1,6.2,0,0
MAB_PE,D,20230327,000000,6.3,6.3,6.1,6.2,0,0
MAB_PE,D,20230328,000000,6.2,6.3,6.1,6.3,0,0
MAB_PE,D,20230329,000000,6.4,6.6,6.4,6.4,0,0
MAB_PE,D,20230330,000000,6.5,6.7,6.5,6.6,0,0
MAB_PE,D,20230331,000000,6.6,6.6,6.4,6.5,0,0
MAB_PE,D,20230403,000000,6.5,6.7,6.5,6.6,0,0
MAB_PE,D,20230404,000000,6.6,6.7,6.5,6.5,0,0
MAB_PE,D,20230405,000000,6.5,6.6,6.5,6.5,0,0
MAB_PE,D,20230406,000000,6.6,6.8,6.5,6.6,0,0
MAB_PE,D,20230411,000000,6.7,6.8,6.7,6.8,0,0
MAB_PE,D,20230412,000000,6.9,7,6.7,6.7,0,0
MAB_PE,D,20230413,000000,6.7,6.8,6.7,6.7,0,0
MAB_PE,D,20230414,000000,6.8,6.8,6.7,6.7,0,0
MAB_PE,D,20230417,000000,6.7,7.1,6.7,7,0,0
MAB_PE,D,20230418,000000,7.2,13.2,6.7,13.2,0,0
MAB_PE,D,20230419,000000,13.4,13.4,13,13.3,0,0
MAB_PE,D,20230420,000000,13.3,13.3,13.1,13.2,0,0
MAB_PE,D,20230421,000000,13.2,13.2,12.9,13,0,0
MAB_PE,D,20230424,000000,12.8,13,12.7,12.8,0,0
MAB_PE,D,20230425,000000,12.7,12.8,12.5,12.5,0,0
MAB_PE,D,20230426,000000,12.5,12.8,12.4,12.6,0,0
MAB_PE,D,20230427,000000,12.7,13,12.7,12.7,0,0
MAB_PE,D,20230428,000000,12.7,12.9,12.7,12.9,0,0
MAB_PE,D,20230502,000000,12.9,12.9,12.6,12.6,0,0
MAB_PE,D,20230504,000000,12.7,12.7,12.4,12.5,0,0
MAB_PE,D,20230505,000000,12.6,12.6,12.4,12.6,0,0
MAB_PE,D,20230508,000000,12.6,12.6,12.3,12.3,0,0
MAB_PE,D,20230509,000000,12.4,12.9,12.1,12.9,0,0
MAB_PE,D,20230510,000000,12.8,12.8,12.5,12.5,0,0
MAB_PE,D,20230511,000000,12.4,12.6,12.3,12.4,0,0
MAB_PE,D,20230512,000000,12.4,12.6,12.4,12.5,0,0
MAB_PE,D,20230515,000000,12.5,12.8,12.5,12.6,0,0
MAB_PE,D,20230516,000000,12.6,12.6,12.4,12.4,0,0
MAB_PE,D,20230517,000000,12.5,12.5,12.3,12.5,0,0
MAB_PE,D,20230518,000000,12.5,12.6,12.3,12.3,0,0
MAB_PE,D,20230519,000000,12.3,12.4,12.2,12.4,0,0
MAB_PE,D,20230522,000000,12.4,12.6,12.4,12.6,0,0
MAB_PE,D,20230523,000000,13.3,13.3,9.2,9.2,0,0
MAB_PE,D,20230524,000000,9.1,9.4,9.1,9.1,0,0
MAB_PE,D,20230525,000000,9.2,9.2,9,9,0,0
MAB_PE,D,20230526,000000,9.1,9.1,9,9.1,0,0
MAB_PE,D,20230529,000000,9.1,9.2,8.9,8.9,0,0
MAB_PE,D,20230530,000000,8.9,9,8.8,9,0,0
MAB_PE,D,20230531,000000,9,9,8.7,8.7,0,0
MAB_PE,D,20230601,000000,8.7,8.9,8.5,8.5,0,0
MAB_PE,D,20230602,000000,8.5,8.7,8.5,8.7,0,0
MAB_PE,D,20230605,000000,8.7,8.9,8.6,8.9,0,0
MAB_PE,D,20230606,000000,8.9,8.9,8.8,8.8,0,0
MAB_PE,D,20230607,000000,8.9,9,8.8,9,0,0
MAB_PE,D,20230609,000000,8.9,9,8.9,9,0,0
MAB_PE,D,20230612,000000,9,9.1,8.8,8.9,0,0
MAB_PE,D,20230613,000000,9,9,8.8,8.8,0,0
MAB_PE,D,20230614,000000,8.8,9,8.8,8.8,0,0
MAB_PE,D,20230615,000000,8.8,8.9,8.7,8.9,0,0
MAB_PE,D,20230616,000000,8.9,8.9,8.7,8.7,0,0
MAB_PE,D,20230619,000000,8.9,8.9,8.6,8.7,0,0
MAB_PE,D,20230620,000000,8.7,8.7,8.5,8.5,0,0
MAB_PE,D,20230621,000000,8.6,8.7,8.4,8.4,0,0
MAB_PE,D,20230622,000000,8.4,8.7,8.4,8.6,0,0
MAB_PE,D,20230623,000000,8.7,8.7,8.5,8.5,0,0
MAB_PE,D,20230626,000000,8.5,8.5,8.4,8.4,0,0
MAB_PE,D,20230627,000000,8.4,8.4,8.2,8.3,0,0
MAB_PE,D,20230628,000000,8.3,8.3,8,8.1,0,0
MAB_PE,D,20230629,000000,8.2,8.2,8.1,8.2,0,0
MAB_PE,D,20230630,000000,8.1,8.3,8.1,8.2,0,0
MAB_PE,D,20230703,000000,8.2,8.2,8.1,8.2,0,0
MAB_PE,D,20230704,000000,8.2,8.2,8.1,8.2,0,0
MAB_PE,D,20230705,000000,8.2,8.2,8.1,8.1,0,0
MAB_PE,D,20230706,000000,8.1,8.1,7.9,8,0,0
MAB_PE,D,20230707,000000,8,8.1,8,8.1,0,0
MAB_PE,D,20230710,000000,8.1,8.2,8,8.1,0,0
MAB_PE,D,20230711,000000,8.2,8.4,8.1,8.3,0,0
MAB_PE,D,20230712,000000,8.6,8.7,8.4,8.6,0,0
MAB_PE,D,20230713,000000,8.6,8.6,8.5,8.5,0,0
MAB_PE,D,20230714,000000,8.5,8.8,8.5,8.7,0,0
MAB_PE,D,20230717,000000,8.8,9.3,8.7,9.3,0,0
MAB_PE,D,20230718,000000,9.2,9.3,9,9,0,0
MAB_PE,D,20230719,000000,9,9.1,8.8,8.9,0,0
MAB_PE,D,20230720,000000,8.9,9,8.8,8.9,0,0
MAB_PE,D,20230721,000000,9,9,8.8,8.8,0,0
MAB_PE,D,20230724,000000,8.8,9,8.8,8.9,0,0
MAB_PE,D,20230725,000000,8.9,9,8.6,8.7,0,0
MAB_PE,D,20230726,000000,8.8,8.8,8.7,8.7,0,0
MAB_PE,D,20230727,000000,8.8,8.9,8.8,8.9,0,0
MAB_PE,D,20230728,000000,8.9,9,8.8,8.8,0,0
MAB_PE,D,20230731,000000,8.8,9.1,8.8,9.1,0,0
MAB_PE,D,20230801,000000,9.1,9.1,9,9,0,0
MAB_PE,D,20230802,000000,9,9,8.8,8.8,0,0
MAB_PE,D,20230803,000000,8.7,8.8,8.6,8.7,0,0
MAB_PE,D,20230804,000000,8.7,8.8,8.579,8.6,0,0
MAB_PE,D,20230807,000000,8.605,8.7,8.56,8.7,0,0
MAB_PE,D,20230808,000000,8.7,8.7,8.589,8.6,0,0
MAB_PE,D,20230809,000000,8.6,8.6,8.5,8.5,0,0
MAB_PE,D,20230810,000000,8.5,8.625,8.5,8.5,0,0
MAB_PE,D,20230811,000000,8.515,8.525,8.345,8.5,0,0
MAB_PE,D,20230814,000000,8.515,8.906,8.515,8.9,0,0
MAB_PE,D,20230816,000000,8.895,8.895,8.559,8.6,0,0
MAB_PE,D,20230817,000000,8.56,8.68,8.505,8.6,0,0
MAB_PE,D,20230818,000000,8.595,8.6,8.445,8.6,0,0
MAB_PE,D,20230821,000000,8.6,8.615,8.474,8.5,0,0
MAB_PE,D,20230822,000000,8.5,8.715,8.47,8.6,0,0
MAB_PE,D,20230823,000000,8.63,8.731,8.5,8.5,0,0
MAB_PE,D,20230824,000000,8.545,8.55,8.45,8.5,0,0
MAB_PE,D,20230825,000000,8.455,8.601,8.299,8.3,0,0
MAB_PE,D,20230828,000000,8.29,8.435,8.155,8.3,0,0
MAB_PE,D,20230829,000000,8.345,8.345,8.2,8.2,0,0
MAB_PE,D,20230830,000000,8.205,8.335,8.2,8.2,0,0
MAB_PE,D,20230831,000000,8.29,8.3,8.2,8.3,0,0
MAB_PE,D,20230901,000000,8.325,8.491,8.325,8.4,0,0
MAB_PE,D,20230904,000000,8.455,8.455,8.335,8.4,0,0
MAB_PE,D,20230905,000000,8.526,8.892,8.42,8.8,0,0
MAB_PE,D,20230906,000000,8.875,9.21,8.855,9.2,0,0
MAB_PE,D,20230907,000000,9.24,9.24,8.85,9,0,0
MAB_PE,D,20230908,000000,9.065,9.11,8.9,8.9,0,0
MAB_PE,D,20230911,000000,8.99,9.055,8.965,9,0,0
MAB_PE,D,20230912,000000,9.677,9.677,7.1,7.1,0,0
MAB_PE,D,20230913,000000,7.1,7.1,6.908,7,0,0
MAB_PE,D,20230914,000000,6.981,7.011,6.848,6.9,0,0
MAB_PE,D,20230915,000000,6.9,7.007,6.7,6.7,0,0
MAB_PE,D,20230918,000000,6.7,6.795,6.651,6.7,0,0
MAB_PE,D,20230919,000000,6.7,6.757,6.6,6.6,0,0
MAB_PE,D,20230920,000000,6.657,6.771,6.657,6.7,0,0
MAB_PE,D,20230921,000000,6.704,6.738,6.6,6.6,0,0
MAB_PE,D,20230922,000000,6.608,6.661,6.6,6.6,0,0
MAB_PE,D,20230925,000000,6.608,6.665,6.486,6.5,0,0
MAB_PE,D,20230926,000000,6.565,6.565,6.42,6.5,0,0
MAB_PE,D,20230927,000000,6.504,6.6,6.47,6.5,0,0
MAB_PE,D,20230928,000000,6.511,6.538,6.3,6.3,0,0
MAB_PE,D,20230929,000000,6.364,6.5,6.308,6.5,0,0
MAB_PE,D,20231002,000000,6.485,6.887,6.485,6.7,0,0
MAB_PE,D,20231003,000000,6.727,6.884,6.5,6.5,0,0
MAB_PE,D,20231004,000000,6.504,6.629,6.5,6.5,0,0
MAB_PE,D,20231005,000000,6.61,6.61,6.455,6.5,0,0
MAB_PE,D,20231006,000000,6.531,6.531,6.4,6.4,0,0
MAB_PE,D,20231009,000000,6.396,6.4,6.298,6.4,0,0
MAB_PE,D,20231010,000000,6.404,6.533,6.404,6.5,0,0
MAB_PE,D,20231011,000000,6.5,6.568,6.443,6.5,0,0
MAB_PE,D,20231012,000000,6.5,6.534,6.451,6.5,0,0
MAB_PE,D,20231013,000000,6.5,6.6,6.363,6.6,0,0
MAB_PE,D,20231016,000000,6.554,6.673,6.512,6.6,0,0
MAB_PE,D,20231017,000000,6.6,6.6,6.505,6.6,0,0
MAB_PE,D,20231018,000000,6.573,6.805,6.543,6.8,0,0
MAB_PE,D,20231019,000000,6.704,6.704,6.589,6.7,0,0
MAB_PE,D,20231020,000000,6.692,6.692,6.558,6.6,0,0
MAB_PE,D,20231023,000000,6.604,6.657,6.416,6.5,0,0
MAB_PE,D,20231024,000000,6.5,6.546,6.45,6.5,0,0
MAB_PE,D,20231025,000000,6.5,6.592,6.427,6.5,0,0
MAB_PE,D,20231026,000000,6.5,6.5,6.397,6.5,0,0
MAB_PE,D,20231027,000000,6.519,6.535,6.4,6.4,0,0
MAB_PE,D,20231030,000000,6.442,6.555,6.385,6.5,0,0
MAB_PE,D,20231031,000000,6.5,6.504,6.413,6.5,0,0
MAB_PE,D,20231102,000000,6.531,6.63,6.5,6.6,0,0
MAB_PE,D,20231103,000000,6.6,6.7,6.531,6.7,0,0
MAB_PE,D,20231106,000000,6.696,6.75,6.596,6.7,0,0
MAB_PE,D,20231107,000000,6.704,6.704,6.574,6.6,0,0
MAB_PE,D,20231108,000000,6.585,6.654,6.546,6.6,0,0
MAB_PE,D,20231109,000000,6.631,6.715,6.588,6.7,0,0
MAB_PE,D,20231110,000000,6.7,6.7,6.569,6.6,0,0
MAB_PE,D,20231113,000000,6.596,6.692,6.543,6.6,0,0
MAB_PE,D,20231114,000000,6.82,6.861,5,5,0,0
MAB_PE,D,20231115,000000,5.053,5.122,5,5,0,0
MAB_PE,D,20231116,000000,5.039,5.039,4.9,4.9,0,0
MAB_PE,D,20231117,000000,4.933,5,4.914,5,0,0
MAB_PE,D,20231120,000000,5.014,5.064,4.961,5,0,0
MAB_PE,D,20231121,000000,5.033,5.039,4.944,5,0,0
MAB_PE,D,20231122,000000,5,5.075,4.972,5,0,0
MAB_PE,D,20231123,000000,4.989,5.1,4.969,5.1,0,0
MAB_PE,D,20231124,000000,5.142,5.561,5.142,5.4,0,0
MAB_PE,D,20231127,000000,5.433,6.1,5.433,6.1,0,0
MAB_PE,D,20231128,000000,6.1,6.44,5.821,6.3,0,0
MAB_PE,D,20231129,000000,6.272,6.272,5.7,5.7,0,0
MAB_PE,D,20231130,000000,5.7,6.004,5.595,5.9,0,0
MAB_PE,D,20231201,000000,5.9,6.124,5.816,6,0,0
MAB_PE,D,20231204,000000,6.201,6.575,6.201,6.3,0,0
MAB_PE,D,20231205,000000,6.244,6.244,5.971,6,0,0
MAB_PE,D,20231206,000000,5.917,5.917,5.661,5.7,0,0
MAB_PE,D,20231207,000000,5.672,5.739,5.5,5.5,0,0
MAB_PE,D,20231208,000000,5.497,5.657,5.489,5.5,0,0
MAB_PE,D,20231211,000000,5.525,5.586,5.37,5.4,0,0
MAB_PE,D,20231212,000000,5.406,5.408,5.2,5.2,0,0
MAB_PE,D,20231213,000000,5.2,5.28,5.186,5.2,0,0
MAB_PE,D,20231214,000000,5.217,5.366,5.217,5.3,0,0
MAB_PE,D,20231215,000000,5.311,5.377,5.138,5.2,0,0
MAB_PE,D,20231218,000000,5.228,5.278,5.1,5.1,0,0
MAB_PE,D,20231219,000000,5.095,5.205,5.053,5.2,0,0
MAB_PE,D,20231220,000000,5.194,5.2,5.1,5.1,0,0
MAB_PE,D,20231221,000000,5.069,5.108,5,5,0,0
MAB_PE,D,20231222,000000,5.022,5.1,5,5.1,0,0
MAB_PE,D,20231227,000000,5.178,5.178,5,5,0,0
MAB_PE,D,20231228,000000,5.006,5.108,4.994,5,0,0
MAB_PE,D,20231229,000000,4.997,5.061,4.989,5,0,0
MAB_PE,D,20240102,000000,5.003,5.3,5,5.3,0,0
MAB_PE,D,20240103,000000,5.306,5.314,5.174,5.2,0,0
MAB_PE,D,20240104,000000,5.192,5.347,5.186,5.3,0,0
MAB_PE,D,20240105,000000,5.331,5.709,5.303,5.6,0,0
MAB_PE,D,20240108,000000,5.606,5.783,5.542,5.7,0,0
MAB_PE,D,20240109,000000,5.728,5.833,5.5,5.5,0,0
MAB_PE,D,20240110,000000,5.445,5.555,5.406,5.5,0,0
MAB_PE,D,20240111,000000,5.508,5.564,5.442,5.5,0,0
MAB_PE,D,20240112,000000,5.497,5.569,5.467,5.5,0,0
MAB_PE,D,20240115,000000,5.448,5.5,5.282,5.3,0,0
MAB_PE,D,20240116,000000,5.261,5.383,5.17,5.2,0,0
MAB_PE,D,20240117,000000,5.2,5.203,5.067,5.1,0,0
MAB_PE,D,20240118,000000,5.106,5.3,5.106,5.3,0,0
MAB_PE,D,20240119,000000,5.325,5.367,5.216,5.3,0,0
MAB_PE,D,20240122,000000,5.244,5.292,5.158,5.2,0,0
MAB_PE,D,20240123,000000,5.2,5.242,5.1,5.1,0,0
MAB_PE,D,20240124,000000,5.097,5.186,5.081,5.1,0,0
MAB_PE,D,20240125,000000,5.075,5.244,5.028,5.1,0,0
MAB_PE,D,20240126,000000,5.134,5.195,5.1,5.1,0,0
MAB_PE,D,20240129,000000,5.078,5.078,5,5,0,0
MAB_PE,D,20240130,000000,5.102,5.124,5.028,5.1,0,0
MAB_PE,D,20240131,000000,5.089,5.159,5,5,0,0
MAB_PE,D,20240201,000000,5,5.038,4.951,5,0,0
MAB_PE,D,20240202,000000,5.022,5.069,4.972,5,0,0
MAB_PE,D,20240205,000000,5,5,4.865,4.9,0,0
MAB_PE,D,20240206,000000,4.872,4.883,4.762,4.8,0,0
MAB_PE,D,20240207,000000,4.797,4.88,4.761,4.8,0,0
MAB_PE,D,20240208,000000,4.792,4.89,4.792,4.8,0,0
MAB_PE,D,20240209,000000,4.778,4.83,4.756,4.8,0,0
MAB_PE,D,20240212,000000,4.808,4.878,4.8,4.8,0,0
MAB_PE,D,20240213,000000,4.803,4.822,4.72,4.8,0,0
MAB_PE,D,20240214,000000,4.764,4.85,4.764,4.8,0,0
MAB_PE,D,20240215,000000,4.8,4.842,4.794,4.8,0,0
MAB_PE,D,20240216,000000,4.781,4.978,4.781,4.9,0,0
MAB_PE,D,20240219,000000,4.897,4.897,4.8,4.8,0,0
MAB_PE,D,20240220,000000,4.8,5,4.8,5,0,0
MAB_PE,D,20240221,000000,4.989,5.075,4.9,4.9,0,0
MAB_PE,D,20240222,000000,4.9,5.044,4.9,5,0,0
MAB_PE,D,20240223,000000,5.017,5.017,4.92,5,0,0
MAB_PE,D,20240226,000000,5.034,5.064,4.9,4.9,0,0
MAB_PE,D,20240227,000000,4.9,4.958,4.897,4.9,0,0
MAB_PE,D,20240228,000000,4.903,4.977,4.759,4.8,0,0
MAB_PE,D,20240229,000000,4.806,4.828,4.7,4.7,0,0
MAB_PE,D,20240301,000000,4.692,4.758,4.692,4.7,0,0
MAB_PE,D,20240304,000000,4.703,4.758,4.675,4.703,0,0
MAB_PE,D,20240305,000000,4.703,4.714,4.647,4.7,0,0
MAB_PE,D,20240306,000000,4.697,4.73,4.653,4.7,0,0
MAB_PE,D,20240307,000000,4.683,4.714,4.667,4.7,0,0
MAB_PE,D,20240308,000000,4.722,4.722,4.6,4.6,0,0
MAB_PE,D,20240311,000000,4.603,4.605,4.454,4.5,0,0
MAB_PE,D,20240312,000000,4.514,4.581,4.5,4.5,0,0
MAB_PE,D,20240313,000000,4.514,4.6,4.514,4.6,0,0
MAB_PE,D,20240314,000000,4.536,4.692,4.536,4.6,0,0
MAB_PE,D,20240315,000000,4.625,4.653,4.514,4.514,0,0
MAB_PE,D,20240318,000000,4.522,4.689,4.522,4.6,0,0
MAB_PE,D,20240319,000000,4.567,4.6,4.501,4.6,0,0
MAB_PE,D,20240320,000000,4.622,4.642,4.5,4.5,0,0
MAB_PE,D,20240321,000000,4.511,4.544,4.448,4.5,0,0
MAB_PE,D,20240322,000000,4.514,4.539,4.447,4.5,0,0
MAB_PE,D,20240325,000000,4.511,4.606,4.5,4.5,0,0
MAB_PE,D,20240326,000000,4.519,4.556,4.497,4.5,0,0
MAB_PE,D,20240327,000000,4.478,4.511,4.431,4.5,0,0
MAB_PE,D,20240328,000000,4.5,4.522,4.492,4.5,0,0
MAB_PE,D,20240402,000000,4.5,4.566,4.489,4.5,0,0
MAB_PE,D,20240403,000000,4.5,4.516,4.473,4.5,0,0
MAB_PE,D,20240404,000000,4.456,4.643,4.456,4.6,0,0
MAB_PE,D,20240405,000000,4.6,4.628,4.545,4.6,0,0
MAB_PE,D,20240408,000000,4.6,4.6,4.518,4.6,0,0
MAB_PE,D,20240409,000000,4.617,4.733,4.617,4.7,0,0
MAB_PE,D,20240410,000000,4.722,4.812,4.7,4.7,0,0
MAB_PE,D,20240411,000000,4.678,4.678,4.54,4.6,0,0
MAB_PE,D,20240412,000000,4.6,4.605,4.539,4.6,0,0
MAB_PE,D,20240415,000000,4.583,4.633,4.35,4.4,0,0
MAB_PE,D,20240416,000000,4.537,6.8,4.537,6.8,0,0
MAB_PE,D,20240417,000000,6.886,7.027,6.776,6.9,0,0
MAB_PE,D,20240418,000000,7.018,7.018,6.7,6.7,0,0
MAB_PE,D,20240419,000000,6.739,6.739,6.591,6.7,0,0
MAB_PE,D,20240422,000000,6.7,6.739,6.598,6.6,0,0
MAB_PE,D,20240423,000000,6.553,6.678,6.522,6.6,0,0
MAB_PE,D,20240424,000000,6.608,6.608,6.483,6.5,0,0
MAB_PE,D,20240425,000000,6.516,6.578,6.445,6.5,0,0
MAB_PE,D,20240426,000000,6.492,6.524,6.469,6.5,0,0
MAB_PE,D,20240429,000000,6.453,6.508,6.35,6.4,0,0
MAB_PE,D,20240430,000000,6.361,6.463,6.329,6.4,0,0
MAB_PE,D,20240502,000000,6.4,6.596,6.361,6.494,0,0
MAB_PE,D,20240506,000000,6.447,6.478,6.392,6.4,0,0
MAB_PE,D,20240507,000000,6.416,6.517,6.384,6.5,0,0
MAB_PE,D,20240508,000000,6.469,6.539,6.421,6.5,0,0
MAB_PE,D,20240509,000000,6.484,6.532,6.421,6.5,0,0
MAB_PE,D,20240510,000000,6.5,7.644,6.405,7.4,0,0
MAB_PE,D,20240513,000000,7.684,7.684,7.25,7.4,0,0
MAB_PE,D,20240514,000000,7.636,7.636,6.9,6.9,0,0
MAB_PE,D,20240515,000000,6.9,6.9,6.672,6.8,0,0
MAB_PE,D,20240516,000000,6.823,6.908,6.769,6.8,0,0
MAB_PE,D,20240517,000000,6.769,7.128,6.769,7,0,0
MAB_PE,D,20240520,000000,6.97,7.015,6.855,6.9,0,0
MAB_PE,D,20240521,000000,6.9,6.9,6.771,6.9,0,0
MAB_PE,D,20240522,000000,6.862,6.969,6.8,6.8,0,0
MAB_PE,D,20240523,000000,6.8,6.853,6.686,6.7,0,0
MAB_PE,D,20240524,000000,6.7,6.768,6.7,6.7,0,0
MAB_PE,D,20240527,000000,6.692,6.692,6.541,6.6,0,0
MAB_PE,D,20240528,000000,6.562,6.585,6.44,6.5,0,0
MAB_PE,D,20240529,000000,6.569,6.569,6.4,6.4,0,0
MAB_PE,D,20240531,000000,6.377,6.492,6.369,6.4,0,0
MAB_PE,D,20240603,000000,6.423,6.554,6.423,6.5,0,0
MAB_PE,D,20240604,000000,6.531,6.782,6.477,6.7,0,0
MAB_PE,D,20240605,000000,6.761,6.807,6.662,6.8,0,0
MAB_PE,D,20240606,000000,6.8,6.922,6.724,6.9,0,0
MAB_PE,D,20240607,000000,6.9,6.9,6.8,6.8,0,0
MAB_PE,D,20240610,000000,6.777,6.823,6.7,6.7,0,0
MAB_PE,D,20240611,000000,6.715,6.73,6.662,6.7,0,0
MAB_PE,D,20240612,000000,6.677,6.8,6.669,6.8,0,0
MAB_PE,D,20240613,000000,6.731,6.785,6.677,6.7,0,0
MAB_PE,D,20240614,000000,6.692,6.7,6.593,6.6,0,0
MAB_PE,D,20240617,000000,6.6,6.6,6.393,6.4,0,0
MAB_PE,D,20240618,000000,6.469,6.469,6.4,6.4,0,0
MAB_PE,D,20240619,000000,6.408,6.491,6.4,6.4,0,0
MAB_PE,D,20240620,000000,6.407,6.461,6.385,6.4,0,0
MAB_PE,D,20240621,000000,6.415,6.537,6.385,6.4,0,0
MAB_PE,D,20240624,000000,6.4,6.469,6.324,6.4,0,0
MAB_PE,D,20240625,000000,6.431,6.5,6.392,6.5,0,0
MAB_PE,D,20240626,000000,6.5,6.883,6.408,6.7,0,0
MAB_PE,D,20240627,000000,6.884,6.884,6.585,6.6,0,0
MAB_PE,D,20240628,000000,6.623,6.723,6.6,6.6,0,0
MAB_PE,D,20240701,000000,6.677,6.692,6.5,6.5,0,0
MAB_PE,D,20240702,000000,6.5,6.553,6.462,6.5,0,0
MAB_PE,D,20240703,000000,6.5,6.553,6.477,6.5,0,0
MAB_PE,D,20240704,000000,6.5,6.538,6.477,6.5,0,0
MAB_PE,D,20240705,000000,6.538,6.615,6.492,6.5,0,0
MAB_PE,D,20240708,000000,6.5,6.714,6.5,6.6,0,0
MAB_PE,D,20240709,000000,6.729,6.767,6.638,6.7,0,0
MAB_PE,D,20240710,000000,6.746,6.823,6.6,6.6,0,0
MAB_PE,D,20240711,000000,6.6,6.706,6.585,6.7,0,0
MAB_PE,D,20240712,000000,6.662,6.8,6.662,6.8,0,0
MAB_PE,D,20240715,000000,6.831,6.877,6.685,6.7,0,0
MAB_PE,D,20240716,000000,6.708,6.738,6.563,6.6,0,0
MAB_PE,D,20240717,000000,6.646,6.669,6.5,6.5,0,0
MAB_PE,D,20240718,000000,6.538,6.538,6.477,6.5,0,0
MAB_PE,D,20240719,000000,6.5,6.531,6.477,6.5,0,0
MAB_PE,D,20240722,000000,6.508,6.852,6.508,6.8,0,0
MAB_PE,D,20240723,000000,6.808,7.099,6.7,6.7,0,0
MAB_PE,D,20240724,000000,6.761,6.845,6.685,6.7,0,0
MAB_PE,D,20240725,000000,6.7,6.944,6.685,6.8,0,0
MAB_PE,D,20240726,000000,6.861,7.764,6.846,7.3,0,0
MAB_PE,D,20240729,000000,7.339,7.377,7.1,7.1,0,0
MAB_PE,D,20240730,000000,7.1,7.245,6.871,6.9,0,0
MAB_PE,D,20240731,000000,6.869,6.984,6.854,6.9,0,0
MAB_PE,D,20240801,000000,6.862,6.9,6.8,6.8,0,0
MAB_PE,D,20240802,000000,6.701,6.724,6.541,6.6,0,0
MAB_PE,D,20240805,000000,6.266,6.418,6.114,6.3,0,0
MAB_PE,D,20240806,000000,6.422,6.53,6.354,6.5,0,0
MAB_PE,D,20240807,000000,6.515,6.698,6.508,6.6,0,0
MAB_PE,D,20240808,000000,6.592,6.638,6.4,6.4,0,0
MAB_PE,D,20240809,000000,6.43,6.628,6.415,6.5,0,0
MAB_PE,D,20240812,000000,6.538,6.591,6.439,6.5,0,0
MAB_PE,D,20240813,000000,6.584,6.614,6.454,6.6,0,0
MAB_PE,D,20240814,000000,6.6,6.6,6.478,6.6,0,0
MAB_PE,D,20240816,000000,6.883,6.936,6.768,6.9,0,0
MAB_PE,D,20240819,000000,6.869,6.923,6.679,6.7,0,0
MAB_PE,D,20240820,000000,6.685,6.7,6.571,6.6,0,0
MAB_PE,D,20240821,000000,6.646,7.308,6.615,7.3,0,0
MAB_PE,D,20240822,000000,7.292,7.292,6.996,7,0,0
MAB_PE,D,20240823,000000,7.008,7.008,6.84,6.9,0,0
MAB_PE,D,20240826,000000,6.938,7.203,6.938,7.1,0,0
MAB_PE,D,20240827,000000,7.138,7.138,6.954,7,0,0
MAB_PE,D,20240828,000000,7.038,7.038,6.901,7,0,0
MAB_PE,D,20240829,000000,7,7.115,6.908,7,0,0
MAB_PE,D,20240830,000000,6.985,7.137,6.977,7.1,0,0
MAB_PE,D,20240902,000000,7.238,7.33,7.207,7.276,0,0
MAB_PE,D,20240903,000000,7.276,7.33,7.1,7.1,0,0
MAB_PE,D,20240904,000000,7.009,7.1,6.948,7.1,0,0
MAB_PE,D,20240905,000000,7,7.154,7,7,0,0
MAB_PE,D,20240906,000000,6.962,6.962,6.778,6.8,0,0
MAB_PE,D,20240909,000000,6.762,6.938,6.762,6.8,0,0
MAB_PE,D,20240910,000000,7.104,7.6,6.656,7.6,0,0
MAB_PE,D,20240911,000000,7.548,7.617,7.306,7.4,0,0
MAB_PE,D,20240912,000000,7.487,7.539,7.4,7.4,0,0
MAB_PE,D,20240913,000000,7.443,7.461,7.279,7.3,0,0
MAB_PE,D,20240916,000000,7.274,7.429,7.274,7.4,0,0
MAB_PE,D,20240917,000000,7.4,7.487,7.3,7.3,0,0
MAB_PE,D,20240918,000000,7.36,7.377,7.24,7.3,0,0
MAB_PE,D,20240919,000000,7.3,7.352,7.222,7.3,0,0
MAB_PE,D,20240920,000000,7.309,7.361,7.2,7.2,0,0
MAB_PE,D,20240923,000000,7.217,7.286,7.123,7.2,0,0
MAB_PE,D,20240924,000000,7.2,7.365,7.1,7.1,0,0
MAB_PE,D,20240925,000000,7.273,7.273,7.2,7.2,0,0
MAB_PE,D,20240926,000000,7.217,7.3,7.2,7.3,0,0
MAB_PE,D,20240927,000000,7.274,7.317,7.24,7.3,0,0
MAB_PE,D,20240930,000000,7.3,7.3,7.17,7.2,0,0
MAB_PE,D,20241001,000000,7.156,7.209,7.078,7.1,0,0
MAB_PE,D,20241002,000000,7.109,7.2,7.083,7.2,0,0
MAB_PE,D,20241003,000000,7.209,7.209,7.13,7.2,0,0
MAB_PE,D,20241004,000000,7.183,7.209,7.1,7.1,0,0
MAB_PE,D,20241007,000000,7.16,7.169,6.927,7,0,0
MAB_PE,D,20241008,000000,7.052,7.069,6.905,7,0,0
MAB_PE,D,20241009,000000,7,7.104,6.965,7,0,0
MAB_PE,D,20241010,000000,7,7.061,6.983,7,0,0
MAB_PE,D,20241011,000000,7.009,7.017,6.931,7,0,0
MAB_PE,D,20241014,000000,7,7.017,6.939,7,0,0
MAB_PE,D,20241015,000000,7,7.06,6.983,7,0,0
MAB_PE,D,20241016,000000,7.009,7.026,6.854,6.9,0,0
MAB_PE,D,20241017,000000,6.9,6.926,6.771,6.8,0,0
MAB_PE,D,20241018,000000,6.878,6.999,6.791,6.9,0,0
MAB_PE,D,20241021,000000,6.9,7.116,6.857,7.1,0,0
MAB_PE,D,20241022,000000,7.074,7.074,6.849,6.9,0,0
MAB_PE,D,20241023,000000,6.943,6.961,6.8,6.8,0,0
MAB_PE,D,20241024,000000,6.809,6.878,6.8,6.8,0,0
MAB_PE,D,20241025,000000,6.826,6.852,6.765,6.8,0,0
MAB_PE,D,20241028,000000,6.8,6.843,6.696,6.7,0,0
MAB_PE,D,20241029,000000,6.45,22.1,6.028,22.1,0,0
MAB_PE,D,20241030,000000,22.099,22.51,20.837,20.9,0,0
MAB_PE,D,20241031,000000,21.186,21.186,19.51,19.6,0,0
MAB_PE,D,20241104,000000,19.757,20.041,17.958,18,0,0
MAB_PE,D,20241105,000000,18.159,19.548,18.159,18.9,0,0
MAB_PE,D,20241106,000000,18.932,19.437,18.647,18.7,0,0
MAB_PE,D,20241107,000000,18.701,19.048,18.48,18.7,0,0
MAB_PE,D,20241108,000000,18.7,19.839,18.51,19.4,0,0
MAB_PE,D,20241112,000000,19.4,19.558,18.6,18.6,0,0
MAB_PE,D,20241113,000000,18.758,18.758,18.033,18.2,0,0
MAB_PE,D,20241114,000000,18.199,18.294,17.5,17.5,0,0
MAB_PE,D,20241115,000000,17.72,17.72,17.058,17.2,0,0
MAB_PE,D,20241118,000000,17.327,17.327,16.317,17,0,0
MAB_PE,D,20241119,000000,17.032,17.284,16.086,16.1,0,0
MAB_PE,D,20241120,000000,16.354,16.985,16.322,16.9,0,0
MAB_PE,D,20241121,000000,17.089,19.209,17.089,18.8,0,0
MAB_PE,D,20241122,000000,19.054,19.94,19,19,0,0
MAB_PE,D,20241125,000000,19,19.631,18.936,19.3,0,0
MAB_PE,D,20241126,000000,19.299,19.867,19.299,19.8,0,0
MAB_PE,D,20241127,000000,19.58,19.706,19.138,19.2,0,0
MAB_PE,D,20241128,000000,19.295,19.769,19.105,19.2,0,0
MAB_PE,D,20241129,000000,19.201,19.454,18.822,19.1,0,0
MAB_PE,D,20241202,000000,18.942,19.29,18.564,18.6,0,0
MAB_PE,D,20241203,000000,18.601,18.601,18.096,18.3,0,0
MAB_PE,D,20241204,000000,18.236,18.52,17.984,18.1,0,0
MAB_PE,D,20241205,000000,18.228,18.449,17.943,18,0,0
MAB_PE,D,20241206,000000,18.096,18.096,17.054,17.2,0,0
MAB_PE,D,20241209,000000,17.295,17.295,16.664,16.9,0,0
MAB_PE,D,20241210,000000,16.741,17.057,16.646,16.7,0,0
MAB_PE,D,20241211,000000,16.606,16.669,16.068,16.2,0,0
MAB_PE,D,20241212,000000,16.2,16.263,15.884,15.9,0,0
MAB_PE,D,20241213,000000,15.899,16.246,15.899,16,0,0
MAB_PE,D,20241216,000000,15.841,15.999,15.778,15.8,0,0
MAB_PE,D,20241217,000000,15.768,15.894,15.232,15.7,0,0
MAB_PE,D,20241218,000000,15.67,15.67,15,15,0,0
MAB_PE,D,20241219,000000,14.983,15.078,14.2,14.2,0,0
MAB_PE,D,20241220,000000,14.2,14.2,13.396,13.5,0,0
MAB_PE,D,20241223,000000,13.563,13.563,13.216,13.4,0,0
MAB_PE,D,20241227,000000,13.417,14.24,13.417,14.1,0,0
MAB_PE,D,20241230,000000,14.18,14.196,13.785,14,0,0
MAB_PE,D,20250102,000000,14,15.668,14,15.6,0,0
MAB_PE,D,20250103,000000,15.6,16.105,15.6,16,0,0
MAB_PE,D,20250107,000000,15.748,16,15.528,15.6,0,0
MAB_PE,D,20250108,000000,15.758,15.916,15.38,15.8,0,0
MAB_PE,D,20250109,000000,15.815,15.973,15.657,15.8,0,0
MAB_PE,D,20250110,000000,15.799,15.973,15.657,15.8,0,0
MAB_PE,D,20250113,000000,15.832,15.958,15.168,15.2,0,0
MAB_PE,D,20250114,000000,15.358,15.421,14.994,15.3,0,0
MAB_PE,D,20250115,000000,15.253,15.253,14.89,15,0,0
MAB_PE,D,20250116,000000,15.001,15.079,14.67,14.9,0,0
MAB_PE,D,20250117,000000,14.994,15.8,14.615,14.8,0,0
MAB_PE,D,20250120,000000,14.958,15.194,14.817,15,0,0
MAB_PE,D,20250121,000000,15.253,15.253,14.811,15,0,0
MAB_PE,D,20250122,000000,14.984,14.984,14.5,14.5,0,0
MAB_PE,D,20250123,000000,14.783,14.783,13.727,14.1,0,0
MAB_PE,D,20250124,000000,14.78,14.78,14.1,14.1,0,0
MAB_PE,D,20250127,000000,13.926,13.973,13.533,13.6,0,0
MAB_PE,D,20250128,000000,13.884,14.453,13.757,14.2,0,0
MAB_PE,D,20250129,000000,14.232,14.846,14.137,14.8,0,0
MAB_PE,D,20250130,000000,14.895,14.99,14.563,14.8,0,0
MAB_PE,D,20250131,000000,14.878,15.083,14.61,14.7,0,0
MAB_PE,D,20250203,000000,14.558,14.621,14.432,14.6,0,0
MAB_PE,D,20250204,000000,14.647,14.79,14.552,14.7,0,0
MAB_PE,D,20250205,000000,14.699,14.715,14.448,14.6,0,0
MAB_PE,D,20250206,000000,14.599,14.646,14.394,14.6,0,0
MAB_PE,D,20250207,000000,14.615,15.453,14.536,15.4,0,0
MAB_PE,D,20250210,000000,15.448,15.922,15.385,15.9,0,0
MAB_PE,D,20250211,000000,15.931,16.656,15.678,16.6,0,0
MAB_PE,D,20250212,000000,16.601,16.632,15.905,16.1,0,0
MAB_PE,D,20250213,000000,16.132,16.29,15.799,15.8,0,0
MAB_PE,D,20250214,000000,16.1,16.226,15.879,16,0,0
MAB_PE,D,20250217,000000,16,16,15.685,15.9,0,0
MAB_PE,D,20250218,000000,15.963,15.995,15.805,15.9,0,0
MAB_PE,D,20250219,000000,15.804,16.057,15.804,15.9,0,0
MAB_PE,D,20250220,000000,15.773,16.372,15.773,16.3,0,0
MAB_PE,D,20250221,000000,16.396,16.743,16.206,16.4,0,0
MAB_PE,D,20250224,000000,16.4,18.015,16.4,17.2,0,0
MAB_PE,D,20250225,000000,17.169,17.327,16.885,17.1,0,0
MAB_PE,D,20250226,000000,17.1,17.227,16.596,16.6,0,0
MAB_PE,D,20250227,000000,16.727,16.853,15.719,16.3,0,0
MAB_PE,D,20250228,000000,16.142,16.205,15.984,16.1,0,0
MAB_PE,D,20250303,000000,16.1,17.08,16.1,16.7,0,0
MAB_PE,D,20250304,000000,16.512,16.512,15.913,16.3,0,0
MAB_PE,D,20250305,000000,16.3,16.648,16.3,16.5,0,0
MAB_PE,D,20250306,000000,16.596,16.627,16.185,16.5,0,0
MAB_PE,D,20250307,000000,16.469,17.006,16.248,16.9,0,0
MAB_PE,D,20250310,000000,16.901,17.027,16.522,16.9,0,0
MAB_PE,D,20250311,000000,16.585,16.869,16.016,16.1,0,0
MAB_PE,D,20250312,000000,15.816,16.3,15.816,16.3,0,0
MAB_PE,D,20250313,000000,16.3,16.617,16.078,16.3,0,0
MAB_PE,D,20250314,000000,16.269,16.396,15.953,16.3,0,0
MAB_PE,D,20250317,000000,16.11,16.522,16.11,16.4,0,0
MAB_PE,D,20250318,000000,16.401,16.401,15.928,16.3,0,0
MAB_PE,D,20250319,000000,16.775,16.775,16.237,16.4,0,0
MAB_PE,D,20250320,000000,16.496,16.496,16.149,16.4,0,0
MAB_PE,D,20250321,000000,16.401,16.495,16.274,16.3,0,0
MAB_PE,D,20250324,000000,16.205,16.49,16.2,16.2,0,0
MAB_PE,D,20250325,000000,16.388,16.483,16.105,16.2,0,0
MAB_PE,D,20250326,000000,16.201,16.296,16.106,16.2,0,0
MAB_PE,D,20250327,000000,16.295,16.295,15.915,16,0,0
MAB_PE,D,20250328,000000,16.094,16.094,15.78,15.8,0,0
MAB_PE,D,20250331,000000,15.768,16.083,15.658,15.8,0,0
MAB_PE,D,20250401,000000,15.926,15.926,14.633,15.2,0,0
MAB_PE,D,20250402,000000,15.231,15.467,14.979,15.2,0,0
MAB_PE,D,20250403,000000,15.12,15.12,14.725,15.041,0,0
MAB_PE,D,20250404,000000,15.041,15.12,14.6,14.6,0,0
MAB_PE,D,20250407,000000,14.489,14.646,13.92,14.646,0,0
MAB_PE,D,20250408,000000,14.662,15.199,14.552,14.8,0,0
MAB_PE,D,20250409,000000,14.8,14.8,14.137,14.4,0,0
MAB_PE,D,20250410,000000,14.794,14.92,14.448,14.542,0,0
MAB_PE,D,20250411,000000,14.448,14.636,14.322,14.4,0,0
MAB_PE,D,20250414,000000,16.562,16.782,16.057,16.5,0,0
MAB_PE,D,20250415,000000,16.69,17.037,15.8,15.8,0,0
MAB_PE,D,20250416,000000,15.801,16.179,15.801,16.1,0,0
MAB_PE,D,20250417,000000,15.974,16.1,15.69,15.8,0,0
MAB_PE,D,20250422,000000,15.942,16.701,15.752,15.8,0,0
MAB_PE,D,20250423,000000,16.021,16.053,15.581,15.9,0,0
MAB_PE,D,20250424,000000,16.279,16.437,15.995,16.121,0,0
