<TICKER>,<PER>,<DATE>,<TIME>,<OPEN>,<HIGH>,<LOW>,<CLOSE>,<VOL>,<OPENINT>
MUR_PB,D,20231215,000000,2.85256,2.85256,2.85256,2.85256,0,0
MUR_PB,D,20231218,000000,2.87856,2.87856,2.33761,2.33761,0,0
MUR_PB,D,20231219,000000,2.33112,2.33112,2.29294,2.30025,0,0
MUR_PB,D,20231220,000000,2.30025,2.30594,2.28807,2.29375,0,0
MUR_PB,D,20231221,000000,2.28807,2.32218,2.28807,2.31162,0,0
MUR_PB,D,20231222,000000,2.31893,2.3506,2.31162,2.34898,0,0
MUR_PB,D,20231227,000000,2.36278,2.36929,2.33354,2.34491,0,0
MUR_PB,D,20231228,000000,2.35629,2.35629,2.28562,2.31893,0,0
MUR_PB,D,20231229,000000,2.31974,2.34329,2.30836,2.31243,0,0
MUR_PB,D,20240102,000000,2.31893,2.3506,2.30106,2.30349,0,0
MUR_PB,D,20240103,000000,2.30349,2.31893,2.29457,2.30594,0,0
MUR_PB,D,20240104,000000,2.31731,2.41315,2.30999,2.39447,0,0
MUR_PB,D,20240105,000000,2.41315,2.41315,2.35954,2.37416,0,0
MUR_PB,D,20240108,000000,2.37091,2.41315,2.34411,2.38472,0,0
MUR_PB,D,20240109,000000,2.39934,2.40746,2.38472,2.38797,0,0
MUR_PB,D,20240110,000000,2.39121,2.40016,2.3506,2.36278,0,0
MUR_PB,D,20240111,000000,2.36278,2.36278,2.30025,2.30918,0,0
MUR_PB,D,20240112,000000,2.30594,2.33354,2.30349,2.30756,0,0
MUR_PB,D,20240115,000000,2.3506,2.3506,2.28238,2.28238,0,0
MUR_PB,D,20240116,000000,2.27507,2.3506,2.27507,2.32786,0,0
MUR_PB,D,20240117,000000,2.33112,2.34167,2.31162,2.32786,0,0
MUR_PB,D,20240118,000000,2.33112,2.35954,2.32868,2.35304,0,0
MUR_PB,D,20240119,000000,2.35304,2.45376,2.35304,2.4432,0,0
MUR_PB,D,20240122,000000,2.44401,2.47569,2.37254,2.4099,0,0
MUR_PB,D,20240123,000000,2.4099,2.41802,2.37254,2.40665,0,0
MUR_PB,D,20240124,000000,2.4099,2.4099,2.3766,2.37741,0,0
MUR_PB,D,20240125,000000,2.36441,2.38147,2.36116,2.36116,0,0
MUR_PB,D,20240126,000000,2.36441,2.39121,2.36441,2.3701,0,0
MUR_PB,D,20240129,000000,2.36929,2.39121,2.36198,2.39121,0,0
MUR_PB,D,20240130,000000,2.39121,2.42696,2.38553,2.38553,0,0
MUR_PB,D,20240131,000000,2.38472,2.45619,2.38472,2.44401,0,0
MUR_PB,D,20240201,000000,2.44808,2.47569,2.44401,2.44401,0,0
MUR_PB,D,20240202,000000,2.44401,2.47569,2.44401,2.45701,0,0
MUR_PB,D,20240205,000000,2.45701,2.5626,2.45701,2.53823,0,0
MUR_PB,D,20240206,000000,2.56991,2.66982,2.56991,2.60077,0,0
MUR_PB,D,20240207,000000,2.60727,2.64219,2.5626,2.6219,0,0
MUR_PB,D,20240208,000000,2.63245,2.78758,2.63245,2.69499,0,0
MUR_PB,D,20240209,000000,2.69499,2.69499,2.63245,2.66251,0,0
MUR_PB,D,20240212,000000,2.66493,2.67794,2.6357,2.66006,0,0
MUR_PB,D,20240213,000000,2.66088,2.66331,2.5358,2.56991,0,0
MUR_PB,D,20240214,000000,2.55692,2.58128,2.55692,2.57073,0,0
MUR_PB,D,20240215,000000,2.57641,2.63164,2.57073,2.59427,0,0
MUR_PB,D,20240216,000000,2.59427,2.63002,2.55447,2.58859,0,0
MUR_PB,D,20240219,000000,2.59427,2.59427,2.54067,2.56341,0,0
MUR_PB,D,20240220,000000,2.58615,2.62433,2.56341,2.60077,0,0
MUR_PB,D,20240221,000000,2.58372,2.60239,2.56179,2.5829,0,0
MUR_PB,D,20240222,000000,2.56341,2.61783,2.56016,2.61783,0,0
MUR_PB,D,20240223,000000,2.61783,2.61783,2.54797,2.55692,0,0
MUR_PB,D,20240226,000000,2.58615,2.58615,2.52849,2.55042,0,0
MUR_PB,D,20240227,000000,2.5496,2.5496,2.49437,2.51955,0,0
MUR_PB,D,20240228,000000,2.5163,2.51955,2.48057,2.49437,0,0
MUR_PB,D,20240229,000000,2.48788,2.50737,2.46675,2.50655,0,0
MUR_PB,D,20240301,000000,2.50655,2.53011,2.49031,2.52523,0,0
MUR_PB,D,20240304,000000,2.52523,2.53418,2.50331,2.50655,0,0
MUR_PB,D,20240305,000000,2.50655,2.52281,2.49843,2.52281,0,0
MUR_PB,D,20240306,000000,2.52281,2.61945,2.52281,2.61945,0,0
MUR_PB,D,20240307,000000,2.60239,2.61296,2.55366,2.56991,0,0
MUR_PB,D,20240308,000000,2.58452,2.58452,2.53418,2.56341,0,0
MUR_PB,D,20240311,000000,2.55854,2.56179,2.5163,2.54797,0,0
MUR_PB,D,20240312,000000,2.51467,2.52281,2.49763,2.50655,0,0
MUR_PB,D,20240313,000000,2.50655,2.50655,2.47731,2.49194,0,0
MUR_PB,D,20240314,000000,2.50655,2.50655,2.48462,2.48788,0,0
MUR_PB,D,20240315,000000,2.4895,2.50899,2.4627,2.4627,0,0
MUR_PB,D,20240318,000000,2.45701,2.50655,2.45619,2.50087,0,0
MUR_PB,D,20240319,000000,2.47651,2.50655,2.47651,2.49275,0,0
MUR_PB,D,20240320,000000,2.49031,2.50655,2.47651,2.50331,0,0
MUR_PB,D,20240321,000000,2.50331,2.58859,2.48788,2.56584,0,0
MUR_PB,D,20240322,000000,2.57478,2.61214,2.57478,2.59265,0,0
MUR_PB,D,20240325,000000,2.58859,2.68687,2.58859,2.64545,0,0
MUR_PB,D,20240326,000000,2.68769,2.75103,2.68769,2.70717,0,0
MUR_PB,D,20240327,000000,2.70717,2.76241,2.70717,2.75428,0,0
MUR_PB,D,20240328,000000,2.75591,2.75753,2.73561,2.74778,0,0
MUR_PB,D,20240402,000000,2.75103,2.81764,2.64139,2.75103,0,0
MUR_PB,D,20240403,000000,2.75266,2.7616,2.69499,2.72992,0,0
MUR_PB,D,20240404,000000,2.73236,2.75023,2.4895,2.4895,0,0
MUR_PB,D,20240405,000000,2.49437,2.52443,2.47407,2.52443,0,0
MUR_PB,D,20240408,000000,2.52443,2.52443,2.49112,2.496,0,0
MUR_PB,D,20240409,000000,2.52443,2.52443,2.48543,2.48543,0,0
MUR_PB,D,20240410,000000,2.50655,2.55366,2.50087,2.52443,0,0
MUR_PB,D,20240411,000000,2.52443,2.53986,2.50737,2.5098,0,0
MUR_PB,D,20240412,000000,2.51792,2.53011,2.50168,2.50168,0,0
MUR_PB,D,20240415,000000,2.50249,2.56584,2.50249,2.54797,0,0
MUR_PB,D,20240416,000000,2.54067,2.54067,2.48219,2.49437,0,0
MUR_PB,D,20240417,000000,2.49437,2.5431,2.48381,2.52199,0,0
MUR_PB,D,20240418,000000,2.52036,2.55042,2.49437,2.54473,0,0
MUR_PB,D,20240419,000000,2.50655,2.52199,2.48626,2.49925,0,0
MUR_PB,D,20240422,000000,2.49437,2.52686,2.48706,2.52686,0,0
MUR_PB,D,20240423,000000,2.52443,2.54717,2.496,2.53986,0,0
MUR_PB,D,20240424,000000,2.54067,2.60971,2.54067,2.6089,0,0
MUR_PB,D,20240425,000000,2.60971,2.60971,2.54555,2.59184,0,0
MUR_PB,D,20240426,000000,2.59996,2.59996,2.54717,2.59589,0,0
MUR_PB,D,20240429,000000,2.59915,2.59915,2.50899,2.52523,0,0
MUR_PB,D,20240430,000000,2.5358,2.54797,2.51712,2.5358,0,0
MUR_PB,D,20240502,000000,2.52443,2.5358,2.43508,2.43508,0,0
MUR_PB,D,20240506,000000,2.44726,2.45619,2.39447,2.44076,0,0
MUR_PB,D,20240507,000000,2.42777,2.5163,2.42777,2.50493,0,0
MUR_PB,D,20240508,000000,2.49437,2.51143,2.49437,2.49437,0,0
MUR_PB,D,20240509,000000,2.50899,2.50899,2.49437,2.49437,0,0
MUR_PB,D,20240510,000000,2.5098,2.52443,2.46025,2.47082,0,0
MUR_PB,D,20240513,000000,2.44808,2.46513,2.42127,2.42208,0,0
MUR_PB,D,20240514,000000,2.41395,2.44076,2.40584,2.40584,0,0
MUR_PB,D,20240515,000000,2.40421,2.46351,2.4034,2.42696,0,0
MUR_PB,D,20240516,000000,2.42939,2.46513,2.41233,2.42939,0,0
MUR_PB,D,20240517,000000,2.42939,2.42939,2.39934,2.40584,0,0
MUR_PB,D,20240520,000000,2.42696,2.43833,2.41153,2.4229,0,0
MUR_PB,D,20240521,000000,2.43508,2.43589,2.41721,2.43427,0,0
MUR_PB,D,20240522,000000,2.42533,2.42533,2.13455,2.13455,0,0
MUR_PB,D,20240523,000000,2.16055,2.16623,2.14592,2.14755,0,0
MUR_PB,D,20240524,000000,2.1508,2.1508,2.13374,2.13374,0,0
MUR_PB,D,20240527,000000,2.1443,2.14998,2.12643,2.13374,0,0
MUR_PB,D,20240528,000000,2.13374,2.13943,2.09719,2.09881,0,0
MUR_PB,D,20240529,000000,2.09881,2.09881,2.03464,2.03546,0,0
MUR_PB,D,20240531,000000,2.03546,2.03871,2.0119,2.0379,0,0
MUR_PB,D,20240603,000000,2.0379,2.07282,2.0379,2.06064,0,0
MUR_PB,D,20240604,000000,2.07526,2.07851,2.04521,2.05496,0,0
MUR_PB,D,20240605,000000,2.06307,2.07526,2.04683,2.07526,0,0
MUR_PB,D,20240606,000000,2.08582,2.08582,2.03546,2.04277,0,0
MUR_PB,D,20240607,000000,2.04277,2.09638,2.04277,2.05333,0,0
MUR_PB,D,20240610,000000,2.04846,2.11263,2.04846,2.08339,0,0
MUR_PB,D,20240611,000000,2.08663,2.09638,2.0517,2.0582,0,0
MUR_PB,D,20240612,000000,2.06307,2.07282,2.04927,2.04927,0,0
MUR_PB,D,20240613,000000,2.05008,2.07526,2.04846,2.06876,0,0
MUR_PB,D,20240614,000000,2.06876,2.06876,1.98592,2.03222,0,0
MUR_PB,D,20240617,000000,2.04927,2.04927,2.02165,2.02653,0,0
MUR_PB,D,20240618,000000,2.03222,2.03222,1.98834,1.99484,0,0
MUR_PB,D,20240619,000000,1.98917,2.01515,1.97861,1.99729,0,0
MUR_PB,D,20240620,000000,2.01272,2.01515,1.99079,1.99079,0,0
MUR_PB,D,20240621,000000,1.98917,2.06551,1.98185,2.06551,0,0
MUR_PB,D,20240624,000000,2.06551,2.06551,2.01758,2.01921,0,0
MUR_PB,D,20240625,000000,2.02165,2.06388,2.01841,2.02327,0,0
MUR_PB,D,20240626,000000,2.01109,2.0582,2.01109,2.01434,0,0
MUR_PB,D,20240627,000000,2.01434,2.07363,2.01434,2.06957,0,0
MUR_PB,D,20240628,000000,2.07282,2.1378,2.04927,2.1378,0,0
MUR_PB,D,20240701,000000,2.1378,2.14023,2.07689,2.13049,0,0
MUR_PB,D,20240702,000000,2.12806,2.1711,2.12643,2.12643,0,0
MUR_PB,D,20240703,000000,2.12643,2.13049,2.04846,2.06388,0,0
MUR_PB,D,20240704,000000,2.06957,2.08988,2.01841,2.04277,0,0
MUR_PB,D,20240705,000000,2.04927,2.04927,2.04033,2.04846,0,0
MUR_PB,D,20240708,000000,2.04277,2.04521,2.01596,2.04359,0,0
MUR_PB,D,20240709,000000,2.04277,2.04277,2.00297,2.01758,0,0
MUR_PB,D,20240710,000000,2.04683,2.04683,2.00541,2.00541,0,0
MUR_PB,D,20240711,000000,2.00541,2.01109,1.98185,1.9843,0,0
MUR_PB,D,20240712,000000,2.00541,2.01109,1.9851,2.00297,0,0
MUR_PB,D,20240715,000000,2.00297,2.00297,1.9851,2.00297,0,0
MUR_PB,D,20240716,000000,2.00297,2.00459,1.98185,2.00459,0,0
MUR_PB,D,20240717,000000,2.00459,2.00459,1.97292,1.97861,0,0
MUR_PB,D,20240718,000000,1.97292,1.99241,1.96886,1.96886,0,0
MUR_PB,D,20240719,000000,1.96804,1.99484,1.96479,1.99484,0,0
MUR_PB,D,20240722,000000,1.99484,1.99484,1.9656,1.97779,0,0
MUR_PB,D,20240723,000000,2.00216,2.00216,1.96074,1.97128,0,0
MUR_PB,D,20240724,000000,1.99484,1.99484,1.95505,1.97048,0,0
MUR_PB,D,20240725,000000,1.95261,1.95261,1.88357,1.94774,0,0
MUR_PB,D,20240726,000000,1.97697,1.97697,1.90794,1.90794,0,0
MUR_PB,D,20240729,000000,1.89819,1.91444,1.88925,1.90631,0,0
MUR_PB,D,20240730,000000,1.90631,1.94692,1.89494,1.94124,0,0
MUR_PB,D,20240731,000000,1.94124,1.94124,1.90388,1.938,0,0
MUR_PB,D,20240801,000000,1.925,1.925,1.87708,1.89738,0,0
MUR_PB,D,20240802,000000,1.87382,1.87382,1.8194,1.82346,0,0
MUR_PB,D,20240805,000000,1.71219,1.7528,1.69107,1.70813,0,0
MUR_PB,D,20240806,000000,1.71788,1.73819,1.71788,1.72437,0,0
MUR_PB,D,20240807,000000,1.72518,1.78854,1.71138,1.7796,0,0
MUR_PB,D,20240808,000000,1.77473,1.77473,1.74143,1.77473,0,0
MUR_PB,D,20240809,000000,1.77554,1.80235,1.76498,1.79585,0,0
MUR_PB,D,20240812,000000,1.79585,1.84702,1.74224,1.84702,0,0
MUR_PB,D,20240813,000000,1.84702,1.84783,1.79829,1.80722,0,0
MUR_PB,D,20240814,000000,1.8129,1.8129,1.78529,1.79666,0,0
MUR_PB,D,20240816,000000,1.8064,1.83241,1.8064,1.82346,0,0
MUR_PB,D,20240819,000000,1.80966,1.84458,1.76823,1.84458,0,0
MUR_PB,D,20240820,000000,1.84458,1.84458,1.76985,1.81859,0,0
MUR_PB,D,20240821,000000,1.81859,1.82672,1.80722,1.81372,0,0
MUR_PB,D,20240822,000000,1.81859,1.81859,1.79829,1.80722,0,0
MUR_PB,D,20240823,000000,1.8129,1.8129,1.78204,1.80966,0,0
MUR_PB,D,20240826,000000,1.80966,1.80966,1.79179,1.80885,0,0
MUR_PB,D,20240827,000000,1.79503,1.80722,1.78935,1.80722,0,0
MUR_PB,D,20240828,000000,1.81615,1.81615,1.78286,1.78286,0,0
MUR_PB,D,20240829,000000,1.80722,1.80722,1.73819,1.79016,0,0
MUR_PB,D,20240830,000000,1.79016,1.79016,1.7658,1.78611,0,0
MUR_PB,D,20240902,000000,1.79179,1.79179,1.75768,1.7593,0,0
MUR_PB,D,20240903,000000,1.75848,1.77473,1.75768,1.7593,0,0
MUR_PB,D,20240904,000000,1.76985,1.79016,1.7593,1.76498,0,0
MUR_PB,D,20240905,000000,1.76498,1.79179,1.76498,1.78366,0,0
MUR_PB,D,20240906,000000,1.7658,1.78529,1.75768,1.7593,0,0
MUR_PB,D,20240909,000000,1.76498,1.76498,1.72193,1.73331,0,0
MUR_PB,D,20240910,000000,1.71788,1.74143,1.71788,1.7195,0,0
MUR_PB,D,20240911,000000,1.73168,1.7528,1.71138,1.74874,0,0
MUR_PB,D,20240912,000000,1.76498,1.76498,1.74631,1.74955,0,0
MUR_PB,D,20240913,000000,1.74874,1.74874,1.72518,1.74631,0,0
MUR_PB,D,20240916,000000,1.74631,1.76498,1.71138,1.72843,0,0
MUR_PB,D,20240917,000000,1.74874,1.75848,1.73087,1.7325,0,0
MUR_PB,D,20240918,000000,1.7325,1.75848,1.7325,1.7325,0,0
MUR_PB,D,20240919,000000,1.75443,1.75523,1.73819,1.75523,0,0
MUR_PB,D,20240920,000000,1.75848,1.76985,1.739,1.739,0,0
MUR_PB,D,20240923,000000,1.73574,1.76174,1.713,1.713,0,0
MUR_PB,D,20240924,000000,1.72275,1.75443,1.72275,1.74793,0,0
MUR_PB,D,20240925,000000,1.74631,1.76011,1.73087,1.74874,0,0
MUR_PB,D,20240926,000000,1.76905,1.81535,1.74874,1.81535,0,0
MUR_PB,D,20240927,000000,1.81535,2.01758,1.79991,2.01758,0,0
MUR_PB,D,20240930,000000,2.00297,2.13131,1.95505,2.07445,0,0
MUR_PB,D,20241001,000000,2.09069,2.11668,2.07038,2.07038,0,0
MUR_PB,D,20241002,000000,2.08419,2.1508,2.08419,2.14673,0,0
MUR_PB,D,20241003,000000,2.14511,2.14511,2.08176,2.13049,0,0
MUR_PB,D,20241004,000000,2.13293,2.13537,2.08988,2.10694,0,0
MUR_PB,D,20241007,000000,2.12237,2.13537,2.02084,2.02084,0,0
MUR_PB,D,20241008,000000,2.02246,2.10125,2.02246,2.10125,0,0
MUR_PB,D,20241009,000000,2.10125,2.1581,2.10125,2.15648,0,0
MUR_PB,D,20241010,000000,2.16217,2.21334,2.15648,2.16379,0,0
MUR_PB,D,20241011,000000,2.16379,2.19222,2.1248,2.1248,0,0
MUR_PB,D,20241014,000000,2.14186,2.16379,2.10694,2.14673,0,0
MUR_PB,D,20241015,000000,2.16379,2.18166,2.14998,2.17516,0,0
MUR_PB,D,20241016,000000,2.18329,2.21577,2.16379,2.19222,0,0
MUR_PB,D,20241017,000000,2.20359,2.20359,2.12969,2.1443,0,0
MUR_PB,D,20241018,000000,2.13618,2.20359,2.13618,2.18653,0,0
MUR_PB,D,20241021,000000,2.21334,2.21577,2.1906,2.20927,0,0
MUR_PB,D,20241022,000000,2.20927,2.20927,2.18653,2.18653,0,0
MUR_PB,D,20241023,000000,2.19222,2.20359,2.17272,2.20359,0,0
MUR_PB,D,20241024,000000,2.20359,2.20359,2.15242,2.16379,0,0
MUR_PB,D,20241025,000000,2.17598,2.17598,2.14186,2.16379,0,0
MUR_PB,D,20241028,000000,2.17029,2.1711,2.10694,2.15405,0,0
MUR_PB,D,20241029,000000,2.1581,2.16379,2.15405,2.16055,0,0
MUR_PB,D,20241030,000000,2.16055,2.1646,2.14268,2.1508,0,0
MUR_PB,D,20241031,000000,2.15242,2.15242,2.11018,2.12237,0,0
MUR_PB,D,20241104,000000,2.124,2.16542,2.124,2.12969,0,0
MUR_PB,D,20241105,000000,2.1862,2.1862,2.03898,2.11303,0,0
MUR_PB,D,20241106,000000,2.11479,2.12714,2.07777,2.08129,0,0
MUR_PB,D,20241107,000000,2.08129,2.10069,2.05926,2.06014,0,0
MUR_PB,D,20241108,000000,2.06719,2.10069,2.06719,2.06984,0,0
MUR_PB,D,20241112,000000,2.10069,2.10686,2.07248,2.07865,0,0
MUR_PB,D,20241113,000000,2.09893,2.11832,2.04163,2.10069,0,0
MUR_PB,D,20241114,000000,2.07865,2.09981,2.01342,2.06367,0,0
MUR_PB,D,20241115,000000,2.06984,2.08835,2.04074,2.04163,0,0
MUR_PB,D,20241118,000000,2.04163,2.04163,1.98432,1.98432,0,0
MUR_PB,D,20241119,000000,2.03546,2.03546,1.89529,1.92174,0,0
MUR_PB,D,20241120,000000,1.93937,2.06102,1.9279,2.03898,0,0
MUR_PB,D,20241121,000000,2.06014,2.07777,2.03898,2.07777,0,0
MUR_PB,D,20241122,000000,2.07777,2.09188,2.04515,2.091,0,0
MUR_PB,D,20241125,000000,2.05132,2.10245,1.95788,1.95788,0,0
MUR_PB,D,20241126,000000,1.98785,2.00108,1.91557,1.99843,0,0
MUR_PB,D,20241127,000000,1.99843,2.03281,1.95964,2.02311,0,0
MUR_PB,D,20241128,000000,1.99755,2.02576,1.97639,1.99755,0,0
MUR_PB,D,20241129,000000,2.01518,2.03986,1.98609,2.03986,0,0
MUR_PB,D,20241202,000000,2.02841,2.07953,1.99138,2.07953,0,0
MUR_PB,D,20241203,000000,2.09011,2.1624,2.0575,2.15887,0,0
MUR_PB,D,20241204,000000,2.14476,2.19149,2.11479,2.11832,0,0
MUR_PB,D,20241205,000000,2.19061,2.19061,2.11832,2.1624,0,0
MUR_PB,D,20241206,000000,2.16328,2.1765,2.1624,2.1624,0,0
MUR_PB,D,20241209,000000,2.15535,2.1624,2.09628,2.14476,0,0
MUR_PB,D,20241210,000000,2.14476,2.14476,2.0954,2.10333,0,0
MUR_PB,D,20241211,000000,2.11126,2.11303,2.06014,2.06367,0,0
MUR_PB,D,20241212,000000,2.09188,2.09188,2.04427,2.05662,0,0
MUR_PB,D,20241213,000000,2.05662,2.0857,2.03898,2.03898,0,0
MUR_PB,D,20241216,000000,2.0143,2.05485,2.01253,2.02135,0,0
MUR_PB,D,20241217,000000,2.04251,2.10333,1.98432,2.0619,0,0
MUR_PB,D,20241218,000000,2.02664,2.05662,2.02664,2.03546,0,0
MUR_PB,D,20241219,000000,2.03281,2.03281,1.99049,2.00372,0,0
MUR_PB,D,20241220,000000,2.04603,2.07424,2.04603,2.07424,0,0
MUR_PB,D,20241223,000000,2.07424,2.07424,2.02841,2.05044,0,0
MUR_PB,D,20241227,000000,2.02841,2.06543,1.99667,2.01165,0,0
MUR_PB,D,20241230,000000,2.01165,2.04074,2.01077,2.02841,0,0
MUR_PB,D,20250102,000000,2.04074,2.04074,1.99403,1.99491,0,0
MUR_PB,D,20250103,000000,2.00372,2.03898,1.99755,1.99843,0,0
MUR_PB,D,20250107,000000,2.00372,2.07424,1.99491,2.00901,0,0
MUR_PB,D,20250108,000000,2.04251,2.06455,2.02664,2.0575,0,0
MUR_PB,D,20250109,000000,2.05308,2.06367,2.04251,2.0619,0,0
MUR_PB,D,20250110,000000,2.0619,2.06719,2.02664,2.06543,0,0
MUR_PB,D,20250113,000000,2.06719,2.06807,2.05044,2.0619,0,0
MUR_PB,D,20250114,000000,2.06719,2.06807,2.05044,2.05308,0,0
MUR_PB,D,20250115,000000,2.05308,2.07072,2.05044,2.07072,0,0
MUR_PB,D,20250116,000000,2.07072,2.08482,2.0619,2.08482,0,0
MUR_PB,D,20250117,000000,2.06367,2.08482,2.03986,2.04074,0,0
MUR_PB,D,20250120,000000,2.04074,2.06807,2.04074,2.06807,0,0
MUR_PB,D,20250121,000000,2.06455,2.08482,2.05044,2.06543,0,0
MUR_PB,D,20250122,000000,2.0857,2.0857,2.06367,2.08129,0,0
MUR_PB,D,20250123,000000,2.07865,2.08305,2.00901,2.03898,0,0
MUR_PB,D,20250124,000000,2.03898,2.03898,2.00901,2.03546,0,0
MUR_PB,D,20250127,000000,2.0619,2.0619,2.04427,2.04427,0,0
MUR_PB,D,20250128,000000,2.05308,2.05838,2.03017,2.03017,0,0
MUR_PB,D,20250129,000000,2.04603,2.05308,2.03017,2.03281,0,0
MUR_PB,D,20250130,000000,2.03986,2.07777,2.03986,2.05308,0,0
MUR_PB,D,20250131,000000,2.06367,2.06367,2.01606,2.04427,0,0
MUR_PB,D,20250203,000000,2.04427,2.05662,1.99755,1.99755,0,0
MUR_PB,D,20250204,000000,2.00813,2.02488,2.00813,2.01518,0,0
MUR_PB,D,20250205,000000,2.02135,2.02311,1.99403,2.00901,0,0
MUR_PB,D,20250206,000000,2.00372,2.05662,1.99755,2.02135,0,0
MUR_PB,D,20250207,000000,2.03634,2.04691,2.02841,2.04691,0,0
MUR_PB,D,20250210,000000,2.05308,2.05308,2.01782,2.03634,0,0
MUR_PB,D,20250211,000000,2.03634,2.03722,1.99755,2.03369,0,0
MUR_PB,D,20250212,000000,2.03898,2.04691,2.03281,2.03369,0,0
MUR_PB,D,20250213,000000,2.03986,2.07953,2.03722,2.07953,0,0
MUR_PB,D,20250214,000000,2.07953,2.07953,2.05308,2.05308,0,0
MUR_PB,D,20250217,000000,2.04956,2.05662,2.03369,2.05662,0,0
MUR_PB,D,20250218,000000,2.06543,2.08482,2.03898,2.05662,0,0
MUR_PB,D,20250219,000000,2.06807,2.08482,2.0002,2.0002,0,0
MUR_PB,D,20250220,000000,2.01518,2.01958,1.99315,1.99755,0,0
MUR_PB,D,20250221,000000,2.00725,2.01782,1.99315,2.00372,0,0
MUR_PB,D,20250224,000000,2.00901,2.07953,1.99667,2.00813,0,0
MUR_PB,D,20250225,000000,2.00813,2.05662,1.99755,2.02135,0,0
MUR_PB,D,20250226,000000,2.02576,2.02929,2.00548,2.02664,0,0
MUR_PB,D,20250227,000000,2.03281,2.05662,2.02664,2.05397,0,0
MUR_PB,D,20250228,000000,2.05397,2.05397,1.99843,2.00901,0,0
MUR_PB,D,20250303,000000,2.00901,2.05397,1.99491,1.99491,0,0
MUR_PB,D,20250304,000000,1.99755,2.00108,1.96846,1.96846,0,0
MUR_PB,D,20250305,000000,2.00548,2.03722,1.99667,2.01165,0,0
MUR_PB,D,20250306,000000,2.01253,2.01606,1.99138,2.00372,0,0
MUR_PB,D,20250307,000000,2.00372,2.05662,2.0002,2.00372,0,0
MUR_PB,D,20250310,000000,2.00372,2.01782,2.0002,2.00372,0,0
MUR_PB,D,20250311,000000,2.00108,2.00372,1.99315,2.00108,0,0
MUR_PB,D,20250312,000000,2.00196,2.00372,1.99491,1.99491,0,0
MUR_PB,D,20250313,000000,2.00372,2.00372,1.99138,1.99755,0,0
MUR_PB,D,20250314,000000,2.00196,2.00901,2.0002,2.00372,0,0
MUR_PB,D,20250317,000000,2.00901,2.00901,1.98961,1.98961,0,0
MUR_PB,D,20250318,000000,1.99755,2.00901,1.98961,2.00813,0,0
MUR_PB,D,20250319,000000,2.00813,2.0143,1.99755,2.0143,0,0
MUR_PB,D,20250320,000000,2.01782,2.01782,2.00108,2.00372,0,0
MUR_PB,D,20250321,000000,2.02311,2.03281,2.0046,2.03193,0,0
MUR_PB,D,20250324,000000,2.04956,2.05308,2.03193,2.04427,0,0
MUR_PB,D,20250325,000000,2.04691,2.08129,2.04427,2.07777,0,0
MUR_PB,D,20250326,000000,2.0857,2.10421,2.05044,2.05044,0,0
MUR_PB,D,20250327,000000,2.03898,2.05132,2.02664,2.02664,0,0
MUR_PB,D,20250328,000000,2.02664,2.06719,2.02664,2.05044,0,0
MUR_PB,D,20250331,000000,2.06807,2.06807,2.02135,2.02135,0,0
MUR_PB,D,20250401,000000,2.1095,2.14124,2.05044,2.07072,0,0
MUR_PB,D,20250402,000000,2.06543,2.08305,2.03546,2.08305,0,0
MUR_PB,D,20250403,000000,2.08305,2.11567,2.06543,2.11567,0,0
MUR_PB,D,20250404,000000,2.08659,2.15182,2.08659,2.11567,0,0
MUR_PB,D,20250407,000000,2.09805,2.10069,2.02664,2.10069,0,0
MUR_PB,D,20250408,000000,2.143,2.16328,2.09805,2.12802,0,0
MUR_PB,D,20250409,000000,2.10069,2.143,2.08659,2.11567,0,0
MUR_PB,D,20250410,000000,2.14918,2.16945,2.11567,2.11567,0,0
MUR_PB,D,20250411,000000,2.15182,2.16945,2.12802,2.15799,0,0
MUR_PB,D,20250414,000000,2.19061,2.19942,2.16328,2.18444,0,0
MUR_PB,D,20250415,000000,2.21176,2.28846,2.21176,2.27964,0,0
MUR_PB,D,20250416,000000,2.30079,2.30079,2.25936,2.27964,0,0
MUR_PB,D,20250417,000000,2.29462,2.31226,2.26818,2.29815,0,0
MUR_PB,D,20250422,000000,2.29815,2.31843,2.25055,2.29462,0,0
MUR_PB,D,20250423,000000,2.29462,2.32195,2.2382,2.29198,0,0
MUR_PB,D,20250424,000000,2.26465,2.34576,2.2382,2.34576,0,0
MUR_PB,D,20250425,000000,2.24703,2.3484,2.24703,2.3484,0,0
MUR_PB,D,20250428,000000,2.3484,2.38454,2.30962,2.3722,0,0
MUR_PB,D,20250429,000000,2.3722,2.41099,2.36603,2.40482,0,0
MUR_PB,D,20250430,000000,2.35193,2.42861,2.35193,2.42861,0,0
MUR_PB,D,20250502,000000,2.44361,2.44361,2.37837,2.44361,0,0
MUR_PB,D,20250505,000000,2.45594,2.48856,2.42597,2.47975,0,0
MUR_PB,D,20250506,000000,2.4912,2.53352,2.45242,2.53352,0,0
MUR_PB,D,20250507,000000,2.53617,2.59876,2.53617,2.55115,0,0
MUR_PB,D,20250508,000000,2.55379,2.55379,2.46477,2.52118,0,0
MUR_PB,D,20250509,000000,2.52118,2.55997,2.47358,2.51501,0,0
MUR_PB,D,20250512,000000,2.55997,2.60757,2.33959,2.33959,0,0
MUR_PB,D,20250513,000000,2.33959,2.34752,2.33429,2.34488,0,0
MUR_PB,D,20250514,000000,2.34488,2.35369,2.34223,2.35369,0,0
MUR_PB,D,20250515,000000,2.35369,2.35369,2.24879,2.34223,0,0
MUR_PB,D,20250516,000000,2.35104,2.35104,2.31314,2.32107,0,0
MUR_PB,D,20250519,000000,2.31578,2.31578,2.28141,2.3105,0,0
MUR_PB,D,20250520,000000,2.32107,2.32107,2.27082,2.30785,0,0
MUR_PB,D,20250521,000000,2.13419,2.17385,2.13419,2.13947,0,0
MUR_PB,D,20250522,000000,2.19325,2.19325,2.0857,2.0857,0,0
MUR_PB,D,20250523,000000,2.0857,2.16063,2.0857,2.11038,0,0
MUR_PB,D,20250526,000000,2.13683,2.15006,2.11038,2.12626,0,0
MUR_PB,D,20250527,000000,2.1289,2.17914,2.1289,2.15535,0,0
MUR_PB,D,20250528,000000,2.18179,2.18179,2.13947,2.13947,0,0
MUR_PB,D,20250529,000000,2.17121,2.17121,2.10686,2.10686,0,0
MUR_PB,D,20250530,000000,2.13419,2.15535,2.09628,2.09628,0,0
MUR_PB,D,20250602,000000,2.09628,2.13683,2.08835,2.08835,0,0
MUR_PB,D,20250603,000000,2.11038,2.1289,2.08041,2.1289,0,0
MUR_PB,D,20250604,000000,2.15006,2.16857,2.13154,2.16592,0,0
MUR_PB,D,20250605,000000,2.17121,2.18179,2.14212,2.16063,0,0
MUR_PB,D,20250606,000000,2.17914,2.17914,2.13154,2.15535,0,0
MUR_PB,D,20250609,000000,2.16328,2.1765,2.16328,2.17385,0,0
MUR_PB,D,20250610,000000,2.1765,2.24879,2.16857,2.2197,0,0
MUR_PB,D,20250611,000000,2.2197,2.24085,2.18444,2.18444,0,0
MUR_PB,D,20250612,000000,2.18444,2.21441,2.16592,2.19325,0,0
MUR_PB,D,20250613,000000,2.19854,2.20118,2.13947,2.1765,0,0
MUR_PB,D,20250616,000000,2.18179,2.18179,2.12626,2.13683,0,0
MUR_PB,D,20250617,000000,2.13947,2.1527,2.11038,2.13947,0,0
MUR_PB,D,20250618,000000,2.13977,2.238,2.13977,2.238,0,0
MUR_PB,D,20250620,000000,2.238,2.24356,2.20927,2.24356,0,0
MUR_PB,D,20250623,000000,2.24356,2.24356,2.19815,2.22966,0,0
MUR_PB,D,20250624,000000,2.22688,2.22688,2.16479,2.17591,0,0
MUR_PB,D,20250625,000000,2.17591,2.17591,2.14255,2.16479,0,0
MUR_PB,D,20250626,000000,2.16201,2.18425,2.15367,2.18147,0,0
MUR_PB,D,20250627,000000,2.18147,2.24912,2.17869,2.24912,0,0
MUR_PB,D,20250630,000000,2.21205,2.23244,2.19815,2.19815,0,0
MUR_PB,D,20250701,000000,2.20649,2.21854,2.19537,2.19537,0,0
MUR_PB,D,20250702,000000,2.20927,2.20927,2.18703,2.19259,0,0
MUR_PB,D,20250703,000000,2.20649,2.20649,2.19259,2.19815,0,0
MUR_PB,D,20250704,000000,2.20371,2.21483,2.20371,2.21483,0,0
MUR_PB,D,20250707,000000,2.20649,2.21483,2.19259,2.19815,0,0
MUR_PB,D,20250708,000000,2.19259,2.21483,2.19259,2.20927,0,0
MUR_PB,D,20250709,000000,2.20927,2.23244,2.20093,2.20927,0,0
MUR_PB,D,20250710,000000,2.22966,2.238,2.18425,2.23522,0,0
MUR_PB,D,20250711,000000,2.23244,2.23244,2.19259,2.19259,0,0
MUR_PB,D,20250714,000000,2.19259,2.238,2.18703,2.18703,0,0
MUR_PB,D,20250715,000000,2.21205,2.27414,2.21205,2.25468,0,0
MUR_PB,D,20250716,000000,2.25468,2.29916,2.25468,2.29916,0,0
MUR_PB,D,20250717,000000,2.29638,2.31399,2.24912,2.31121,0,0
MUR_PB,D,20250718,000000,2.31121,2.31121,2.26858,2.30565,0,0
MUR_PB,D,20250721,000000,2.30565,2.30843,2.27414,2.27692,0,0
MUR_PB,D,20250722,000000,2.2797,2.29916,2.27692,2.29082,0,0
MUR_PB,D,20250723,000000,2.2936,2.29916,2.2797,2.29082,0,0
MUR_PB,D,20250724,000000,2.29082,2.30565,2.27136,2.28804,0,0
MUR_PB,D,20250725,000000,2.29916,2.31955,2.28248,2.28248,0,0
MUR_PB,D,20250728,000000,2.28248,2.30565,2.26024,2.2936,0,0
MUR_PB,D,20250729,000000,2.28804,2.28804,2.23522,2.238,0,0
MUR_PB,D,20250730,000000,2.238,2.2658,2.238,2.238,0,0
MUR_PB,D,20250731,000000,2.238,2.26024,2.23522,2.23522,0,0
MUR_PB,D,20250801,000000,2.23522,2.25746,2.23244,2.23244,0,0
MUR_PB,D,20250804,000000,2.22688,2.25746,2.22132,2.25746,0,0
MUR_PB,D,20250805,000000,2.25746,2.25746,2.19815,2.24356,0,0
MUR_PB,D,20250806,000000,2.20649,2.25746,2.20649,2.24078,0,0
MUR_PB,D,20250807,000000,2.25746,2.28248,2.22966,2.27136,0,0
MUR_PB,D,20250808,000000,2.22966,2.27136,2.22966,2.24634,0,0
MUR_PB,D,20250811,000000,2.24634,2.25746,2.22132,2.24356,0,0
MUR_PB,D,20250812,000000,2.25746,2.25746,2.22688,2.22688,0,0
MUR_PB,D,20250813,000000,2.238,2.24912,2.23244,2.24634,0,0
MUR_PB,D,20250814,000000,2.24634,2.2658,2.21854,2.24634,0,0
MUR_PB,D,20250818,000000,2.26024,2.26302,2.18703,2.22132,0,0
MUR_PB,D,20250819,000000,2.23244,2.24634,2.20371,2.24634,0,0
MUR_PB,D,20250820,000000,2.238,2.238,2.19815,2.22132,0,0
MUR_PB,D,20250821,000000,2.22132,2.22132,2.21205,2.21205,0,0
MUR_PB,D,20250822,000000,2.20649,2.24912,2.18147,2.19259,0,0
MUR_PB,D,20250825,000000,2.19259,2.238,2.18703,2.23522,0,0
MUR_PB,D,20250826,000000,2.20093,2.21854,2.19259,2.19815,0,0
MUR_PB,D,20250827,000000,2.21205,2.21483,2.19259,2.21483,0,0
MUR_PB,D,20250828,000000,2.20093,2.24634,2.17313,2.17869,0,0
MUR_PB,D,20250829,000000,2.18981,2.21483,2.17313,2.17313,0,0
MUR_PB,D,20250901,000000,2.17035,2.21205,2.12494,2.15367,0,0
MUR_PB,D,20250902,000000,2.1166,2.15367,2.11104,2.13699,0,0
MUR_PB,D,20250903,000000,2.11382,2.16479,2.11382,2.16479,0,0
MUR_PB,D,20250904,000000,2.17313,2.23522,2.17313,2.19815,0,0
MUR_PB,D,20250905,000000,2.22966,2.23522,2.13421,2.15367,0,0
MUR_PB,D,20250908,000000,2.15367,2.19815,2.13699,2.14811,0,0
MUR_PB,D,20250909,000000,2.17313,2.17313,2.11382,2.13699,0,0
MUR_PB,D,20250910,000000,2.15645,2.15645,2.07768,2.12494,0,0
MUR_PB,D,20250911,000000,2.12772,2.18425,2.12772,2.18425,0,0
MUR_PB,D,20250912,000000,2.18703,2.18703,2.13977,2.15367,0,0
MUR_PB,D,20250915,000000,2.15923,2.22132,2.15923,2.18425,0,0
MUR_PB,D,20250916,000000,2.2241,2.22966,2.1027,2.11938,0,0
MUR_PB,D,20250917,000000,2.11938,2.13699,2.06378,2.08046,0,0
MUR_PB,D,20250918,000000,2.08324,2.10826,2.06934,2.09436,0,0
MUR_PB,D,20250919,000000,2.08602,2.12772,2.0749,2.11382,0,0
MUR_PB,D,20250922,000000,2.08602,2.09714,2.0749,2.09714,0,0
MUR_PB,D,20250923,000000,2.11938,2.12772,2.08046,2.08046,0,0
MUR_PB,D,20250924,000000,2.11382,2.2658,2.08602,2.2658,0,0
MUR_PB,D,20250925,000000,2.28712,2.28712,2.24449,2.25375,0,0
MUR_PB,D,20250926,000000,2.28063,2.34457,2.25005,2.33901,0,0
MUR_PB,D,20250929,000000,2.34457,2.34457,2.25375,2.29268,0,0
MUR_PB,D,20250930,000000,2.29268,2.29268,2.25375,2.29268,0,0
MUR_PB,D,20251001,000000,2.32604,2.34179,2.26858,2.34179,0,0
MUR_PB,D,20251002,000000,2.34457,2.39369,2.31399,2.33901,0,0
MUR_PB,D,20251003,000000,2.34179,2.38164,2.32604,2.38164,0,0
MUR_PB,D,20251006,000000,2.38164,2.38164,2.32974,2.36867,0,0
MUR_PB,D,20251007,000000,2.32974,2.35662,2.28341,2.35106,0,0
MUR_PB,D,20251008,000000,2.36311,2.36311,2.29268,2.32604,0,0
MUR_PB,D,20251009,000000,2.29638,2.32974,2.24727,2.24727,0,0
MUR_PB,D,20251010,000000,2.25375,2.25931,2.24078,2.25931,0,0
MUR_PB,D,20251013,000000,2.26209,2.26209,2.24449,2.25375,0,0
MUR_PB,D,20251014,000000,2.2658,2.2899,2.21947,2.21947,0,0
MUR_PB,D,20251015,000000,2.21391,2.28063,2.21391,2.26858,0,0
MUR_PB,D,20251016,000000,2.26858,2.29638,2.2658,2.29268,0,0
MUR_PB,D,20251017,000000,2.29638,2.29638,2.238,2.27507,0,0
MUR_PB,D,20251020,000000,2.25375,2.27136,2.22873,2.24449,0,0
MUR_PB,D,20251021,000000,2.25653,2.2658,2.22595,2.22595,0,0
MUR_PB,D,20251022,000000,2.22595,2.26209,2.22595,2.26209,0,0
MUR_PB,D,20251023,000000,2.26209,2.26209,2.22317,2.25375,0,0
MUR_PB,D,20251024,000000,2.25375,2.2658,2.22317,2.23244,0,0
MUR_PB,D,20251027,000000,2.22317,2.24727,2.2102,2.238,0,0
MUR_PB,D,20251028,000000,2.2102,2.25653,2.2102,2.25375,0,0
MUR_PB,D,20251029,000000,2.25375,2.28712,2.25375,2.28712,0,0
MUR_PB,D,20251030,000000,2.28712,2.29268,2.25375,2.28341,0,0
MUR_PB,D,20251031,000000,2.28341,2.28712,2.2658,2.26858,0,0
MUR_PB,D,20251103,000000,2.28341,2.30843,2.2658,2.29268,0,0
MUR_PB,D,20251104,000000,2.2658,2.30843,2.2658,2.30843,0,0
MUR_PB,D,20251105,000000,2.28341,2.30194,2.27136,2.27507,0,0
MUR_PB,D,20251106,000000,2.27507,2.35384,2.27507,2.34179,0,0
MUR_PB,D,20251107,000000,2.34179,2.38164,2.33252,2.38164,0,0
MUR_PB,D,20251110,000000,2.38442,2.39647,2.35384,2.35384,0,0
MUR_PB,D,20251112,000000,2.35662,2.3872,2.35662,2.37793,0,0
MUR_PB,D,20251113,000000,2.38998,2.39925,2.37515,2.38164,0,0
MUR_PB,D,20251114,000000,2.38164,2.38164,2.34179,2.34457,0,0
MUR_PB,D,20251117,000000,2.34457,2.34457,2.33901,2.34457,0,0
MUR_PB,D,20251118,000000,2.34457,2.34457,2.32048,2.33252,0,0
MUR_PB,D,20251119,000000,2.34457,2.34457,2.23893,2.23893,0,0
MUR_PB,D,20251120,000000,2.24171,2.25653,2.23615,2.24819,0,0
MUR_PB,D,20251121,000000,2.24819,2.25653,2.23337,2.23615,0,0
MUR_PB,D,20251124,000000,2.24449,2.24449,2.22781,2.23059,0,0
MUR_PB,D,20251125,000000,2.23615,2.24449,2.22781,2.23337,0,0
MUR_PB,D,20251126,000000,2.24449,2.24449,2.23337,2.23615,0,0
MUR_PB,D,20251127,000000,2.24171,2.27136,2.24171,2.25097,0,0
MUR_PB,D,20251128,000000,2.30565,2.35013,2.30565,2.33808,0,0
MUR_PB,D,20251201,000000,2.34086,2.34642,2.32326,2.32326,0,0
MUR_PB,D,20251202,000000,2.34642,2.34642,2.3177,2.32048,0,0
MUR_PB,D,20251203,000000,2.32974,2.32974,2.29731,2.29731,0,0
MUR_PB,D,20251204,000000,2.29731,2.32974,2.29731,2.31214,0,0
MUR_PB,D,20251205,000000,2.32326,2.32974,2.31214,2.32974,0,0
MUR_PB,D,20251208,000000,2.32974,2.32974,2.30565,2.30565,0,0
MUR_PB,D,20251209,000000,2.32604,2.33252,2.3177,2.32604,0,0
MUR_PB,D,20251210,000000,2.35569,2.37052,2.3353,2.36125,0,0
MUR_PB,D,20251211,000000,2.36681,2.38164,2.33252,2.35847,0,0
MUR_PB,D,20251212,000000,2.36403,2.36403,2.33808,2.34086,0,0
MUR_PB,D,20251215,000000,2.36403,2.36681,2.32974,2.34364,0,0
MUR_PB,D,20251216,000000,2.344,2.385,2.322,2.366,0,0
MUR_PB,D,20251217,000000,2.382,2.382,2.312,2.363,0,0
MUR_PB,D,20251218,000000,2.363,2.363,2.322,2.344,0,0
MUR_PB,D,20251219,000000,2.36,2.416,2.325,2.385,0,0
MUR_PB,D,20251222,000000,2.422,2.444,2.375,2.444,0,0
MUR_PB,D,20251223,000000,2.444,2.46,2.419,2.444,0,0
MUR_PB,D,20251229,000000,2.444,2.482,2.444,2.473,0,0
MUR_PB,D,20251230,000000,2.495,2.507,2.482,2.482,0,0
MUR_PB,D,20260102,000000,2.504,2.57,2.504,2.561,0,0
MUR_PB,D,20260105,000000,2.558,2.558,2.536,2.545,0,0
MUR_PB,D,20260107,000000,2.57,2.63,2.542,2.63,0,0
MUR_PB,D,20260108,000000,2.639,2.639,2.576,2.608,0,0
MUR_PB,D,20260109,000000,2.608,2.642,2.601,2.642,0,0
MUR_PB,D,20260112,000000,2.642,2.642,2.62,2.627,0,0
MUR_PB,D,20260113,000000,2.627,2.633,2.601,2.627,0,0
MUR_PB,D,20260114,000000,2.633,2.633,2.529,2.576,0,0
MUR_PB,D,20260115,000000,2.576,2.601,2.548,2.576,0,0
MUR_PB,D,20260116,000000,2.601,2.601,2.561,2.57,0,0
MUR_PB,D,20260119,000000,2.576,2.576,2.554,2.57,0,0
MUR_PB,D,20260120,000000,2.57,2.576,2.551,2.558,0,0
MUR_PB,D,20260121,000000,2.586,2.592,2.558,2.564,0,0
MUR_PB,D,20260122,000000,2.586,2.627,2.579,2.614,0,0
MUR_PB,D,20260123,000000,2.633,2.689,2.62,2.686,0,0
