<TICKER>,<PER>,<DATE>,<TIME>,<OPEN>,<HIGH>,<LOW>,<CLOSE>,<VOL>,<OPENINT>
MXC_PE,D,20170630,000000,5.33491,5.33491,5.33491,5.33491,0,0
MXC_PE,D,20170703,000000,5.39475,5.39475,5.15501,5.33491,0,0
MXC_PE,D,20170704,000000,5.33491,5.51457,5.33491,5.45474,0,0
MXC_PE,D,20170705,000000,5.45474,5.45474,5.45474,5.45474,0,0
MXC_PE,D,20170706,000000,5.45474,5.45474,5.45474,5.45474,0,0
MXC_PE,D,20170707,000000,5.45474,5.45474,5.45474,5.45474,0,0
MXC_PE,D,20170710,000000,5.33491,5.33491,5.33491,5.33491,0,0
MXC_PE,D,20170711,000000,5.33491,5.33491,5.33491,5.33491,0,0
MXC_PE,D,20170712,000000,5.33491,5.33491,5.33491,5.33491,0,0
MXC_PE,D,20170713,000000,5.33491,5.33491,5.33491,5.33491,0,0
MXC_PE,D,20170714,000000,5.33491,5.39475,5.21501,5.39475,0,0
MXC_PE,D,20170717,000000,5.33491,5.39475,5.33491,5.39475,0,0
MXC_PE,D,20170718,000000,5.45474,5.8743,5.45474,5.63456,0,0
MXC_PE,D,20170719,000000,5.63456,5.69456,5.63456,5.63456,0,0
MXC_PE,D,20170720,000000,5.63456,5.69456,5.63456,5.63456,0,0
MXC_PE,D,20170721,000000,5.69456,5.69456,5.51457,5.63456,0,0
MXC_PE,D,20170724,000000,5.69456,7.19322,5.45474,7.19322,0,0
MXC_PE,D,20170725,000000,7.31296,7.37287,7.31296,7.37287,0,0
MXC_PE,D,20170726,000000,7.37287,7.37287,7.31296,7.37287,0,0
MXC_PE,D,20170727,000000,7.37287,7.37287,7.01348,7.07339,0,0
MXC_PE,D,20170728,000000,7.25313,7.25313,7.07339,7.25313,0,0
MXC_PE,D,20170731,000000,7.25313,7.25313,7.25313,7.25313,0,0
MXC_PE,D,20170801,000000,7.25313,7.31296,7.25313,7.31296,0,0
MXC_PE,D,20170802,000000,7.31296,7.31296,7.1333,7.31296,0,0
MXC_PE,D,20170803,000000,7.31296,7.31296,7.19322,7.19322,0,0
MXC_PE,D,20170804,000000,7.19322,7.19322,7.1333,7.19322,0,0
MXC_PE,D,20170807,000000,7.19322,7.31296,7.1333,7.31296,0,0
MXC_PE,D,20170808,000000,7.19322,7.31296,7.19322,7.25313,0,0
MXC_PE,D,20170809,000000,7.25313,7.25313,7.01348,7.19322,0,0
MXC_PE,D,20170810,000000,7.1333,7.19322,6.95365,7.1333,0,0
MXC_PE,D,20170811,000000,7.07339,7.07339,7.07339,7.07339,0,0
MXC_PE,D,20170814,000000,7.07339,7.07339,7.07339,7.07339,0,0
MXC_PE,D,20170816,000000,7.07339,7.07339,7.07339,7.07339,0,0
MXC_PE,D,20170817,000000,7.1333,7.1333,6.83315,7.01348,0,0
MXC_PE,D,20170818,000000,6.83315,7.01348,6.71333,6.95365,0,0
MXC_PE,D,20170821,000000,6.95365,6.95365,6.77324,6.95365,0,0
MXC_PE,D,20170822,000000,6.95365,6.95365,6.83315,6.95365,0,0
MXC_PE,D,20170823,000000,6.95365,6.95365,6.83315,6.95365,0,0
MXC_PE,D,20170824,000000,6.95365,6.95365,6.89373,6.95365,0,0
MXC_PE,D,20170825,000000,6.95365,6.95365,6.83315,6.95365,0,0
MXC_PE,D,20170828,000000,6.95365,6.95365,6.89373,6.89373,0,0
MXC_PE,D,20170829,000000,6.89373,6.95365,6.71333,6.83315,0,0
MXC_PE,D,20170830,000000,6.89373,6.89373,6.83315,6.83315,0,0
MXC_PE,D,20170831,000000,6.71333,6.89373,6.6535,6.89373,0,0
MXC_PE,D,20170901,000000,6.89373,6.89373,6.83315,6.89373,0,0
MXC_PE,D,20170904,000000,6.89373,6.89373,6.83315,6.83315,0,0
MXC_PE,D,20170905,000000,6.83315,6.83315,6.77324,6.77324,0,0
MXC_PE,D,20170906,000000,6.83315,6.83315,6.53384,6.83315,0,0
MXC_PE,D,20170907,000000,6.95365,6.95365,6.77324,6.83315,0,0
MXC_PE,D,20170908,000000,6.95365,6.95365,6.59367,6.77324,0,0
MXC_PE,D,20170911,000000,6.77324,6.77324,6.53384,6.77324,0,0
MXC_PE,D,20170912,000000,6.77324,6.77324,6.6535,6.77324,0,0
MXC_PE,D,20170913,000000,6.77324,6.83315,6.59367,6.77324,0,0
MXC_PE,D,20170914,000000,6.77324,6.77324,6.59367,6.77324,0,0
MXC_PE,D,20170915,000000,6.77324,6.77324,6.59367,6.77324,0,0
MXC_PE,D,20170918,000000,6.83315,6.83315,6.6535,6.71333,0,0
MXC_PE,D,20170919,000000,6.59367,6.71333,6.59367,6.71333,0,0
MXC_PE,D,20170920,000000,6.71333,6.71333,6.59367,6.71333,0,0
MXC_PE,D,20170921,000000,6.6535,6.71333,6.6535,6.71333,0,0
MXC_PE,D,20170922,000000,6.71333,6.71333,6.59367,6.71333,0,0
MXC_PE,D,20170925,000000,6.71333,6.77324,6.59367,6.77324,0,0
MXC_PE,D,20170926,000000,6.77324,6.77324,6.6535,6.77324,0,0
MXC_PE,D,20170927,000000,6.77324,6.77324,6.6535,6.77324,0,0
MXC_PE,D,20170928,000000,6.77324,6.77324,6.77324,6.77324,0,0
MXC_PE,D,20170929,000000,6.53384,6.53384,6.53384,6.53384,0,0
MXC_PE,D,20171002,000000,6.11411,6.11411,5.0351,5.27492,0,0
MXC_PE,D,20171003,000000,4.97518,4.97518,4.01608,4.31582,0,0
MXC_PE,D,20171004,000000,4.43572,4.73545,4.43572,4.61563,0,0
MXC_PE,D,20171005,000000,4.73545,4.73545,4.31582,4.43572,0,0
MXC_PE,D,20171006,000000,4.43572,4.43572,4.07608,4.25598,0,0
MXC_PE,D,20171009,000000,4.19598,4.43572,4.19598,4.43572,0,0
MXC_PE,D,20171010,000000,4.43572,4.43572,4.25598,4.37581,0,0
MXC_PE,D,20171011,000000,4.43572,4.55555,4.43572,4.55555,0,0
MXC_PE,D,20171012,000000,4.61563,4.61563,4.31582,4.31582,0,0
MXC_PE,D,20171013,000000,4.43572,4.43572,4.31582,4.43572,0,0
MXC_PE,D,20171016,000000,4.43572,4.43572,4.31582,4.43572,0,0
MXC_PE,D,20171017,000000,4.43572,4.43572,4.31582,4.37581,0,0
MXC_PE,D,20171018,000000,4.43572,4.43572,4.25598,4.25598,0,0
MXC_PE,D,20171019,000000,4.37581,4.37581,4.19598,4.19598,0,0
MXC_PE,D,20171020,000000,4.19598,4.25598,4.13599,4.25598,0,0
MXC_PE,D,20171023,000000,4.31582,4.31582,4.01608,4.13599,0,0
MXC_PE,D,20171024,000000,4.13599,4.13599,3.89617,3.95617,0,0
MXC_PE,D,20171025,000000,3.95617,3.95617,3.59652,3.83634,0,0
MXC_PE,D,20171026,000000,3.95617,3.95617,3.65652,3.71652,0,0
MXC_PE,D,20171027,000000,3.65652,3.83634,3.65652,3.77635,0,0
MXC_PE,D,20171030,000000,3.77635,3.83634,3.77635,3.83634,0,0
MXC_PE,D,20171031,000000,3.83634,3.83634,3.77635,3.83634,0,0
MXC_PE,D,20171102,000000,3.77635,3.77635,3.71652,3.71652,0,0
MXC_PE,D,20171103,000000,3.71652,3.71652,3.65652,3.71652,0,0
MXC_PE,D,20171106,000000,3.65652,3.71652,3.59652,3.71652,0,0
MXC_PE,D,20171107,000000,3.71652,3.71652,3.59652,3.65652,0,0
MXC_PE,D,20171108,000000,3.71652,3.71652,3.4167,3.47662,0,0
MXC_PE,D,20171109,000000,3.47662,3.59652,3.47662,3.59652,0,0
MXC_PE,D,20171110,000000,3.59652,3.71652,3.53652,3.59652,0,0
MXC_PE,D,20171113,000000,3.71652,3.71652,3.53652,3.53652,0,0
MXC_PE,D,20171114,000000,3.53652,3.59652,3.47662,3.59652,0,0
MXC_PE,D,20171115,000000,3.59652,3.59652,3.59652,3.59652,0,0
MXC_PE,D,20171116,000000,2.93715,3.11697,2.75741,2.87724,0,0
MXC_PE,D,20171117,000000,2.87724,3.11697,2.81724,3.11697,0,0
MXC_PE,D,20171120,000000,3.11697,3.65652,3.05697,3.65652,0,0
MXC_PE,D,20171121,000000,3.65652,3.77635,3.59652,3.71652,0,0
MXC_PE,D,20171122,000000,3.71652,3.71652,3.53652,3.71652,0,0
MXC_PE,D,20171123,000000,3.65652,3.65652,3.59652,3.65652,0,0
MXC_PE,D,20171124,000000,3.65652,3.65652,3.47662,3.65652,0,0
MXC_PE,D,20171127,000000,3.59652,3.77635,3.59652,3.77635,0,0
MXC_PE,D,20171128,000000,3.83634,3.83634,3.71652,3.77635,0,0
MXC_PE,D,20171129,000000,3.71652,3.77635,3.65652,3.71652,0,0
MXC_PE,D,20171130,000000,3.65652,3.71652,3.47662,3.59652,0,0
MXC_PE,D,20171201,000000,3.65652,3.65652,3.47662,3.59652,0,0
MXC_PE,D,20171204,000000,3.65652,3.65652,3.4167,3.53652,0,0
MXC_PE,D,20171205,000000,3.47662,3.47662,3.35679,3.4167,0,0
MXC_PE,D,20171206,000000,3.4167,3.4167,3.23697,3.35679,0,0
MXC_PE,D,20171207,000000,3.35679,3.35679,3.23697,3.29687,0,0
MXC_PE,D,20171208,000000,3.29687,3.29687,3.23697,3.23697,0,0
MXC_PE,D,20171211,000000,3.23697,3.29687,3.23697,3.29687,0,0
MXC_PE,D,20171212,000000,3.29687,3.29687,3.17697,3.23697,0,0
MXC_PE,D,20171213,000000,3.29687,3.29687,3.17697,3.29687,0,0
MXC_PE,D,20171214,000000,3.29687,3.29687,3.05697,3.17697,0,0
MXC_PE,D,20171215,000000,3.17697,3.23697,3.05697,3.17697,0,0
MXC_PE,D,20171218,000000,3.17697,3.17697,3.05697,3.11697,0,0
MXC_PE,D,20171219,000000,3.11697,3.35679,3.11697,3.23697,0,0
MXC_PE,D,20171220,000000,3.23697,3.29687,3.17697,3.29687,0,0
MXC_PE,D,20171221,000000,3.29687,3.35679,3.23697,3.29687,0,0
MXC_PE,D,20171222,000000,3.23697,3.35679,3.23697,3.23697,0,0
MXC_PE,D,20171227,000000,3.23697,3.23697,3.11697,3.23697,0,0
MXC_PE,D,20171228,000000,3.23697,3.29687,3.23697,3.29687,0,0
MXC_PE,D,20171229,000000,3.29687,3.29687,3.23697,3.23697,0,0
MXC_PE,D,20180103,000000,3.35679,3.35679,3.23697,3.35679,0,0
MXC_PE,D,20180104,000000,3.4167,3.4167,3.4167,3.4167,0,0
MXC_PE,D,20180105,000000,3.47662,3.53652,3.4167,3.53652,0,0
MXC_PE,D,20180108,000000,3.53652,3.59652,3.4167,3.59652,0,0
MXC_PE,D,20180109,000000,3.53652,3.53652,3.35679,3.4167,0,0
MXC_PE,D,20180110,000000,3.4167,3.4167,3.35679,3.35679,0,0
MXC_PE,D,20180111,000000,3.4167,3.47662,3.35679,3.4167,0,0
MXC_PE,D,20180112,000000,3.4167,3.47662,3.29687,3.47662,0,0
MXC_PE,D,20180115,000000,3.53652,3.53652,3.4167,3.53652,0,0
MXC_PE,D,20180116,000000,3.53652,3.53652,3.4167,3.47662,0,0
MXC_PE,D,20180117,000000,3.47662,3.89617,3.47662,3.89617,0,0
MXC_PE,D,20180118,000000,3.95617,4.13599,3.95617,4.07608,0,0
MXC_PE,D,20180119,000000,4.13599,4.13599,3.95617,4.01608,0,0
MXC_PE,D,20180122,000000,4.07608,4.07608,3.95617,4.07608,0,0
MXC_PE,D,20180123,000000,4.13599,4.37581,4.13599,4.31582,0,0
MXC_PE,D,20180124,000000,4.43572,4.55555,4.31582,4.49563,0,0
MXC_PE,D,20180125,000000,4.55555,4.55555,4.25598,4.31582,0,0
MXC_PE,D,20180126,000000,4.31582,4.43572,4.25598,4.43572,0,0
MXC_PE,D,20180129,000000,4.43572,4.61563,4.43572,4.61563,0,0
MXC_PE,D,20180130,000000,4.67545,4.67545,4.55555,4.55555,0,0
MXC_PE,D,20180131,000000,4.61563,4.79537,4.55555,4.73545,0,0
MXC_PE,D,20180201,000000,4.79537,4.79537,4.37581,4.67545,0,0
MXC_PE,D,20180202,000000,4.67545,4.73545,4.61563,4.67545,0,0
MXC_PE,D,20180205,000000,4.55555,4.55555,4.31582,4.31582,0,0
MXC_PE,D,20180206,000000,4.19598,4.25598,4.07608,4.25598,0,0
MXC_PE,D,20180207,000000,4.31582,4.43572,4.31582,4.37581,0,0
MXC_PE,D,20180208,000000,4.37581,4.37581,4.13599,4.31582,0,0
MXC_PE,D,20180209,000000,4.19598,4.31582,4.13599,4.31582,0,0
MXC_PE,D,20180212,000000,4.31582,4.49563,4.13599,4.31582,0,0
MXC_PE,D,20180213,000000,4.31582,4.37581,4.19598,4.31582,0,0
MXC_PE,D,20180214,000000,4.31582,4.31582,4.19598,4.25598,0,0
MXC_PE,D,20180215,000000,4.25598,4.25598,4.19598,4.19598,0,0
MXC_PE,D,20180216,000000,4.19598,4.19598,3.95617,4.13599,0,0
MXC_PE,D,20180219,000000,4.13599,4.13599,4.01608,4.07608,0,0
MXC_PE,D,20180220,000000,4.07608,4.07608,4.01608,4.07608,0,0
MXC_PE,D,20180221,000000,4.07608,4.07608,3.95617,4.01608,0,0
MXC_PE,D,20180222,000000,4.13599,4.13599,3.95617,4.07608,0,0
MXC_PE,D,20180223,000000,4.07608,4.37581,4.07608,4.25598,0,0
MXC_PE,D,20180226,000000,4.37581,4.49563,4.31582,4.43572,0,0
MXC_PE,D,20180227,000000,4.43572,4.55555,4.43572,4.49563,0,0
MXC_PE,D,20180228,000000,4.43572,4.49563,4.25598,4.31582,0,0
MXC_PE,D,20180301,000000,4.25598,4.37581,4.25598,4.25598,0,0
MXC_PE,D,20180302,000000,4.19598,4.37581,4.19598,4.31582,0,0
MXC_PE,D,20180305,000000,4.31582,4.31582,4.25598,4.31582,0,0
MXC_PE,D,20180306,000000,4.43572,4.43572,4.25598,4.37581,0,0
MXC_PE,D,20180307,000000,4.49563,4.49563,4.37581,4.43572,0,0
MXC_PE,D,20180308,000000,4.49563,4.49563,4.37581,4.43572,0,0
MXC_PE,D,20180309,000000,4.43572,4.49563,4.31582,4.49563,0,0
MXC_PE,D,20180312,000000,4.49563,4.49563,4.43572,4.43572,0,0
MXC_PE,D,20180313,000000,4.43572,4.43572,4.25598,4.25598,0,0
MXC_PE,D,20180314,000000,4.25598,4.43572,4.25598,4.43572,0,0
MXC_PE,D,20180315,000000,4.31582,4.31582,4.13599,4.13599,0,0
MXC_PE,D,20180316,000000,4.13599,4.19598,4.13599,4.19598,0,0
MXC_PE,D,20180319,000000,4.07608,4.19598,4.07608,4.19598,0,0
MXC_PE,D,20180320,000000,4.25598,4.25598,4.01608,4.13599,0,0
MXC_PE,D,20180321,000000,4.25598,4.25598,4.25598,4.25598,0,0
MXC_PE,D,20180322,000000,4.25598,4.25598,4.07608,4.13599,0,0
MXC_PE,D,20180323,000000,4.13599,4.13599,4.01608,4.13599,0,0
MXC_PE,D,20180326,000000,4.13599,4.61563,4.01608,4.61563,0,0
MXC_PE,D,20180327,000000,4.55555,4.61563,4.49563,4.49563,0,0
MXC_PE,D,20180328,000000,4.61563,4.61563,4.43572,4.43572,0,0
MXC_PE,D,20180329,000000,4.61563,4.61563,4.43572,4.43572,0,0
MXC_PE,D,20180403,000000,4.43572,4.49563,4.37581,4.49563,0,0
MXC_PE,D,20180404,000000,4.61563,4.61563,4.49563,4.55555,0,0
MXC_PE,D,20180405,000000,4.55555,4.55555,4.43572,4.43572,0,0
MXC_PE,D,20180406,000000,4.43572,4.49563,4.43572,4.49563,0,0
MXC_PE,D,20180409,000000,4.61563,4.61563,4.49563,4.49563,0,0
MXC_PE,D,20180410,000000,4.43572,4.49563,4.37581,4.49563,0,0
MXC_PE,D,20180411,000000,4.55555,4.55555,4.55555,4.55555,0,0
MXC_PE,D,20180412,000000,4.55555,4.61563,4.37581,4.61563,0,0
MXC_PE,D,20180413,000000,4.61563,4.61563,4.43572,4.61563,0,0
MXC_PE,D,20180416,000000,4.61563,4.61563,4.37581,4.61563,0,0
MXC_PE,D,20180417,000000,4.61563,4.61563,4.61563,4.61563,0,0
MXC_PE,D,20180418,000000,4.61563,4.61563,4.43572,4.61563,0,0
MXC_PE,D,20180419,000000,4.61563,4.61563,4.43572,4.55555,0,0
MXC_PE,D,20180420,000000,4.55555,4.55555,4.37581,4.37581,0,0
MXC_PE,D,20180423,000000,4.25598,4.37581,4.19598,4.31582,0,0
MXC_PE,D,20180424,000000,4.25598,4.31582,4.07608,4.25598,0,0
MXC_PE,D,20180425,000000,4.31582,4.31582,3.95617,3.95617,0,0
MXC_PE,D,20180426,000000,4.19598,4.19598,3.95617,4.07608,0,0
MXC_PE,D,20180427,000000,4.31582,4.31582,4.07608,4.07608,0,0
MXC_PE,D,20180430,000000,4.01608,4.13599,4.01608,4.13599,0,0
MXC_PE,D,20180502,000000,4.19598,4.19598,4.13599,4.13599,0,0
MXC_PE,D,20180504,000000,4.07608,4.31582,4.07608,4.25598,0,0
MXC_PE,D,20180507,000000,4.31582,4.31582,4.13599,4.13599,0,0
MXC_PE,D,20180508,000000,4.31582,4.31582,4.07608,4.19598,0,0
MXC_PE,D,20180509,000000,4.25598,4.25598,4.01608,4.07608,0,0
MXC_PE,D,20180510,000000,4.25598,4.25598,4.01608,4.07608,0,0
MXC_PE,D,20180511,000000,4.07608,4.13599,3.89617,4.13599,0,0
MXC_PE,D,20180514,000000,4.19598,4.19598,3.95617,4.07608,0,0
MXC_PE,D,20180515,000000,4.13599,4.13599,4.01608,4.13599,0,0
MXC_PE,D,20180516,000000,4.07608,4.07608,3.89617,3.89617,0,0
MXC_PE,D,20180517,000000,3.95617,4.07608,3.95617,4.07608,0,0
MXC_PE,D,20180518,000000,4.07608,4.19598,3.95617,4.13599,0,0
MXC_PE,D,20180521,000000,4.13599,4.19598,4.07608,4.07608,0,0
MXC_PE,D,20180522,000000,4.13599,4.13599,4.13599,4.13599,0,0
MXC_PE,D,20180523,000000,4.19598,4.19598,4.01608,4.07608,0,0
MXC_PE,D,20180524,000000,4.07608,4.07608,3.83634,4.07608,0,0
MXC_PE,D,20180525,000000,4.07608,4.07608,3.83634,4.07608,0,0
MXC_PE,D,20180528,000000,3.89617,4.19598,3.59652,4.19598,0,0
MXC_PE,D,20180529,000000,4.25598,4.25598,4.07608,4.19598,0,0
MXC_PE,D,20180530,000000,4.13599,4.13599,3.65652,3.65652,0,0
MXC_PE,D,20180601,000000,3.35679,3.4167,3.23697,3.4167,0,0
MXC_PE,D,20180604,000000,3.4167,3.59652,3.4167,3.59652,0,0
MXC_PE,D,20180605,000000,3.59652,3.83634,3.59652,3.65652,0,0
MXC_PE,D,20180606,000000,3.65652,3.89617,3.65652,3.89617,0,0
MXC_PE,D,20180607,000000,3.89617,4.01608,3.89617,3.89617,0,0
MXC_PE,D,20180608,000000,3.95617,4.01608,3.77635,3.89617,0,0
MXC_PE,D,20180611,000000,3.95617,3.95617,3.71652,3.89617,0,0
MXC_PE,D,20180612,000000,3.83634,3.89617,3.83634,3.89617,0,0
MXC_PE,D,20180613,000000,3.95617,3.95617,3.77635,3.77635,0,0
MXC_PE,D,20180614,000000,3.77635,3.77635,3.77635,3.77635,0,0
MXC_PE,D,20180615,000000,3.77635,3.77635,3.65652,3.71652,0,0
MXC_PE,D,20180618,000000,3.77635,3.77635,3.53652,3.53652,0,0
MXC_PE,D,20180619,000000,3.53652,3.53652,3.47662,3.47662,0,0
MXC_PE,D,20180620,000000,3.47662,3.47662,3.35679,3.47662,0,0
MXC_PE,D,20180621,000000,3.47662,3.47662,3.29687,3.29687,0,0
MXC_PE,D,20180622,000000,3.29687,3.29687,3.23697,3.29687,0,0
MXC_PE,D,20180625,000000,3.6303,3.6303,3.31183,3.43922,0,0
MXC_PE,D,20180626,000000,3.43922,3.50283,3.37553,3.50283,0,0
MXC_PE,D,20180627,000000,3.50283,3.50283,3.43922,3.50283,0,0
MXC_PE,D,20180628,000000,3.43922,3.50283,3.43922,3.43922,0,0
MXC_PE,D,20180629,000000,3.43922,3.50283,3.37553,3.50283,0,0
MXC_PE,D,20180702,000000,3.50283,3.6303,3.50283,3.56653,0,0
MXC_PE,D,20180703,000000,3.56653,3.6303,3.56653,3.6303,0,0
MXC_PE,D,20180704,000000,3.6303,3.6303,3.6303,3.6303,0,0
MXC_PE,D,20180705,000000,3.6303,3.6303,3.6303,3.6303,0,0
MXC_PE,D,20180706,000000,3.6303,3.6303,3.50283,3.6303,0,0
MXC_PE,D,20180709,000000,3.6303,3.6303,3.6303,3.6303,0,0
MXC_PE,D,20180710,000000,3.6303,3.6303,3.6303,3.6303,0,0
MXC_PE,D,20180711,000000,3.6303,3.6303,3.6303,3.6303,0,0
MXC_PE,D,20180712,000000,3.6303,3.6303,3.37553,3.50283,0,0
MXC_PE,D,20180713,000000,3.56653,3.56653,3.37553,3.43922,0,0
MXC_PE,D,20180716,000000,3.43922,3.43922,3.37553,3.37553,0,0
MXC_PE,D,20180717,000000,3.43922,3.43922,3.31183,3.31183,0,0
MXC_PE,D,20180718,000000,3.31183,3.37553,3.24814,3.37553,0,0
MXC_PE,D,20180719,000000,3.43922,3.43922,3.24814,3.31183,0,0
MXC_PE,D,20180720,000000,3.43922,3.6303,3.31183,3.50283,0,0
MXC_PE,D,20180723,000000,3.50283,3.50283,3.50283,3.50283,0,0
MXC_PE,D,20180724,000000,3.50283,3.50283,3.43922,3.50283,0,0
MXC_PE,D,20180725,000000,3.56653,3.56653,3.43922,3.50283,0,0
MXC_PE,D,20180726,000000,3.50283,3.6303,3.50283,3.56653,0,0
MXC_PE,D,20180727,000000,3.56653,3.56653,3.50283,3.56653,0,0
MXC_PE,D,20180730,000000,3.56653,3.56653,3.50283,3.50283,0,0
MXC_PE,D,20180731,000000,3.6303,3.6303,3.43922,3.50283,0,0
MXC_PE,D,20180801,000000,3.50283,3.56653,3.31183,3.56653,0,0
MXC_PE,D,20180802,000000,3.56653,3.56653,3.50283,3.50283,0,0
MXC_PE,D,20180803,000000,3.50283,3.50283,3.50283,3.50283,0,0
MXC_PE,D,20180806,000000,3.50283,3.50283,3.37553,3.50283,0,0
MXC_PE,D,20180807,000000,3.50283,3.50283,3.43922,3.50283,0,0
MXC_PE,D,20180808,000000,3.50283,3.50283,3.37553,3.37553,0,0
MXC_PE,D,20180809,000000,3.50283,3.50283,3.31183,3.50283,0,0
MXC_PE,D,20180810,000000,3.50283,3.50283,3.31183,3.37553,0,0
MXC_PE,D,20180813,000000,3.37553,3.43922,3.37553,3.43922,0,0
MXC_PE,D,20180814,000000,3.50283,3.50283,3.43922,3.43922,0,0
MXC_PE,D,20180816,000000,3.43922,3.43922,3.37553,3.43922,0,0
MXC_PE,D,20180817,000000,3.43922,3.43922,3.31183,3.43922,0,0
MXC_PE,D,20180820,000000,3.43922,3.43922,3.31183,3.31183,0,0
MXC_PE,D,20180821,000000,3.43922,3.43922,3.24814,3.24814,0,0
MXC_PE,D,20180822,000000,3.24814,3.37553,3.24814,3.37553,0,0
MXC_PE,D,20180823,000000,3.37553,3.37553,3.18444,3.37553,0,0
MXC_PE,D,20180824,000000,3.37553,3.37553,3.31183,3.31183,0,0
MXC_PE,D,20180827,000000,3.37553,3.37553,3.24814,3.37553,0,0
MXC_PE,D,20180828,000000,3.37553,3.37553,3.31183,3.37553,0,0
MXC_PE,D,20180829,000000,3.43922,3.43922,3.31183,3.37553,0,0
MXC_PE,D,20180830,000000,3.31183,3.43922,3.31183,3.37553,0,0
MXC_PE,D,20180831,000000,3.37553,3.37553,3.31183,3.37553,0,0
MXC_PE,D,20180903,000000,3.37553,3.37553,3.31183,3.31183,0,0
MXC_PE,D,20180904,000000,3.37553,3.37553,3.31183,3.31183,0,0
MXC_PE,D,20180905,000000,3.31183,3.31183,3.24814,3.31183,0,0
MXC_PE,D,20180906,000000,3.31183,3.31183,3.12067,3.12067,0,0
MXC_PE,D,20180907,000000,3.12067,3.24814,3.05697,3.05697,0,0
MXC_PE,D,20180910,000000,3.05697,3.05697,2.92967,2.92967,0,0
MXC_PE,D,20180911,000000,2.86598,2.92967,2.86598,2.92967,0,0
MXC_PE,D,20180912,000000,2.92967,2.92967,2.80228,2.86598,0,0
MXC_PE,D,20180913,000000,2.86598,2.92967,2.86598,2.86598,0,0
MXC_PE,D,20180914,000000,2.99337,3.12067,2.86598,2.86598,0,0
MXC_PE,D,20180917,000000,2.92967,2.92967,2.80228,2.86598,0,0
MXC_PE,D,20180918,000000,2.86598,2.86598,2.86598,2.86598,0,0
MXC_PE,D,20180919,000000,2.86598,2.86598,2.80228,2.86598,0,0
MXC_PE,D,20180920,000000,2.86598,2.92967,2.80228,2.92967,0,0
MXC_PE,D,20180921,000000,2.92967,2.92967,2.86598,2.92967,0,0
MXC_PE,D,20180924,000000,2.92967,3.12067,2.86598,3.12067,0,0
MXC_PE,D,20180925,000000,3.12067,3.12067,3.05697,3.12067,0,0
MXC_PE,D,20180926,000000,3.12067,3.18444,3.12067,3.12067,0,0
MXC_PE,D,20180927,000000,3.18444,3.37553,3.18444,3.18444,0,0
MXC_PE,D,20180928,000000,3.18444,3.50283,2.86598,2.86598,0,0
MXC_PE,D,20181001,000000,2.99337,3.12067,2.99337,3.05697,0,0
MXC_PE,D,20181002,000000,3.05697,3.12067,3.05697,3.05697,0,0
MXC_PE,D,20181003,000000,3.05697,3.05697,3.05697,3.05697,0,0
MXC_PE,D,20181004,000000,3.05697,3.05697,2.92967,2.92967,0,0
MXC_PE,D,20181005,000000,2.86598,2.99337,2.73867,2.80228,0,0
MXC_PE,D,20181008,000000,2.80228,2.80228,2.73867,2.80228,0,0
MXC_PE,D,20181009,000000,2.86598,3.05697,2.86598,3.05697,0,0
MXC_PE,D,20181010,000000,2.92967,2.92967,2.92967,2.92967,0,0
MXC_PE,D,20181011,000000,2.92967,2.92967,2.80228,2.86598,0,0
MXC_PE,D,20181012,000000,2.86598,3.05697,2.86598,3.05697,0,0
MXC_PE,D,20181015,000000,2.92967,2.92967,2.86598,2.92967,0,0
MXC_PE,D,20181016,000000,2.99337,2.99337,2.92967,2.92967,0,0
MXC_PE,D,20181017,000000,2.92967,2.92967,2.80228,2.86598,0,0
MXC_PE,D,20181018,000000,2.86598,2.92967,2.86598,2.86598,0,0
MXC_PE,D,20181019,000000,2.92967,2.92967,2.86598,2.86598,0,0
MXC_PE,D,20181022,000000,2.86598,2.86598,2.73867,2.86598,0,0
MXC_PE,D,20181023,000000,2.67498,2.73867,2.67498,2.73867,0,0
MXC_PE,D,20181024,000000,2.6112,2.67498,2.6112,2.67498,0,0
MXC_PE,D,20181025,000000,2.67498,2.67498,2.6112,2.67498,0,0
MXC_PE,D,20181026,000000,2.67498,2.67498,2.6112,2.6112,0,0
MXC_PE,D,20181029,000000,2.6112,2.6112,2.5475,2.6112,0,0
MXC_PE,D,20181030,000000,2.6112,2.73867,2.5475,2.67498,0,0
MXC_PE,D,20181031,000000,2.73867,2.73867,2.6112,2.73867,0,0
MXC_PE,D,20181102,000000,2.67498,2.73867,2.67498,2.73867,0,0
MXC_PE,D,20181105,000000,2.73867,2.73867,2.73867,2.73867,0,0
MXC_PE,D,20181106,000000,2.73867,2.73867,2.5475,2.6112,0,0
MXC_PE,D,20181107,000000,2.6112,2.67498,2.4839,2.4839,0,0
MXC_PE,D,20181108,000000,2.4839,2.4839,2.29282,2.29282,0,0
MXC_PE,D,20181109,000000,2.29282,2.42012,2.2292,2.29282,0,0
MXC_PE,D,20181113,000000,2.29282,2.4839,2.29282,2.4839,0,0
MXC_PE,D,20181114,000000,2.4839,2.5475,2.4839,2.4839,0,0
MXC_PE,D,20181115,000000,2.5475,2.6112,2.5475,2.6112,0,0
MXC_PE,D,20181116,000000,2.6112,2.67498,2.6112,2.6112,0,0
MXC_PE,D,20181119,000000,2.6112,2.6112,2.5475,2.6112,0,0
MXC_PE,D,20181120,000000,2.6112,2.6112,2.5475,2.6112,0,0
MXC_PE,D,20181121,000000,2.5475,2.6112,2.4839,2.6112,0,0
MXC_PE,D,20181122,000000,2.4839,2.5475,2.42012,2.4839,0,0
MXC_PE,D,20181123,000000,2.4839,2.5475,2.4839,2.5475,0,0
MXC_PE,D,20181126,000000,2.5475,2.73867,2.4839,2.73867,0,0
MXC_PE,D,20181127,000000,2.73867,2.73867,2.73867,2.73867,0,0
MXC_PE,D,20181128,000000,2.73867,2.92967,2.73867,2.86598,0,0
MXC_PE,D,20181129,000000,2.86598,2.99337,2.73867,2.73867,0,0
MXC_PE,D,20181130,000000,2.80228,2.86598,2.80228,2.80228,0,0
MXC_PE,D,20181203,000000,2.86598,2.86598,2.86598,2.86598,0,0
MXC_PE,D,20181204,000000,2.86598,2.92967,2.86598,2.86598,0,0
MXC_PE,D,20181205,000000,2.86598,2.86598,2.73867,2.80228,0,0
MXC_PE,D,20181206,000000,2.80228,2.80228,2.73867,2.80228,0,0
MXC_PE,D,20181207,000000,2.80228,2.80228,2.67498,2.73867,0,0
MXC_PE,D,20181210,000000,2.73867,2.73867,2.42012,2.6112,0,0
MXC_PE,D,20181211,000000,2.67498,2.67498,2.6112,2.6112,0,0
MXC_PE,D,20181212,000000,2.6112,2.6112,2.5475,2.6112,0,0
MXC_PE,D,20181213,000000,2.6112,2.6112,2.5475,2.6112,0,0
MXC_PE,D,20181214,000000,2.6112,2.67498,2.6112,2.67498,0,0
MXC_PE,D,20181217,000000,2.67498,2.67498,2.67498,2.67498,0,0
MXC_PE,D,20181218,000000,2.67498,2.67498,2.5475,2.6112,0,0
MXC_PE,D,20181219,000000,2.6112,2.6112,2.4839,2.6112,0,0
MXC_PE,D,20181220,000000,2.6112,2.6112,2.5475,2.6112,0,0
MXC_PE,D,20181221,000000,2.6112,2.6112,2.5475,2.5475,0,0
MXC_PE,D,20181227,000000,2.5475,2.6112,2.5475,2.5475,0,0
MXC_PE,D,20181228,000000,2.5475,2.6112,2.4839,2.6112,0,0
MXC_PE,D,20190102,000000,2.6112,2.6112,2.5475,2.6112,0,0
MXC_PE,D,20190103,000000,2.6112,2.67498,2.6112,2.6112,0,0
MXC_PE,D,20190104,000000,2.6112,2.80228,2.6112,2.73867,0,0
MXC_PE,D,20190107,000000,2.73867,2.73867,2.73867,2.73867,0,0
MXC_PE,D,20190108,000000,2.67498,2.92967,2.67498,2.92967,0,0
MXC_PE,D,20190109,000000,2.80228,2.86598,2.80228,2.80228,0,0
MXC_PE,D,20190110,000000,2.73867,2.86598,2.73867,2.86598,0,0
MXC_PE,D,20190111,000000,2.86598,2.86598,2.80228,2.80228,0,0
MXC_PE,D,20190114,000000,2.80228,2.86598,2.80228,2.86598,0,0
MXC_PE,D,20190115,000000,2.86598,2.92967,2.86598,2.92967,0,0
MXC_PE,D,20190116,000000,2.92967,3.05697,2.92967,3.05697,0,0
MXC_PE,D,20190117,000000,3.05697,3.12067,3.05697,3.05697,0,0
MXC_PE,D,20190118,000000,3.05697,3.18444,3.05697,3.18444,0,0
MXC_PE,D,20190121,000000,3.18444,3.18444,3.12067,3.18444,0,0
MXC_PE,D,20190122,000000,3.12067,3.18444,3.12067,3.18444,0,0
MXC_PE,D,20190123,000000,3.12067,3.18444,3.12067,3.18444,0,0
MXC_PE,D,20190124,000000,3.18444,3.18444,3.12067,3.12067,0,0
MXC_PE,D,20190125,000000,3.18444,3.18444,3.05697,3.12067,0,0
MXC_PE,D,20190128,000000,3.18444,3.37553,3.18444,3.37553,0,0
MXC_PE,D,20190129,000000,3.37553,3.6303,3.37553,3.56653,0,0
MXC_PE,D,20190130,000000,3.6303,3.75761,3.6303,3.694,0,0
MXC_PE,D,20190131,000000,3.694,3.694,3.56653,3.6303,0,0
MXC_PE,D,20190201,000000,3.6303,3.6303,3.6303,3.6303,0,0
MXC_PE,D,20190204,000000,3.6303,3.6303,3.56653,3.6303,0,0
MXC_PE,D,20190205,000000,3.694,3.694,3.6303,3.6303,0,0
MXC_PE,D,20190206,000000,3.75761,3.75761,3.6303,3.6303,0,0
MXC_PE,D,20190207,000000,3.694,3.694,3.56653,3.56653,0,0
MXC_PE,D,20190208,000000,3.6303,3.6303,3.6303,3.6303,0,0
MXC_PE,D,20190211,000000,3.6303,3.6303,3.56653,3.6303,0,0
MXC_PE,D,20190212,000000,3.694,3.75761,3.694,3.75761,0,0
MXC_PE,D,20190213,000000,3.8213,3.8213,3.694,3.75761,0,0
MXC_PE,D,20190214,000000,3.75761,3.88499,3.6303,3.8213,0,0
MXC_PE,D,20190215,000000,3.88499,3.88499,3.75761,3.88499,0,0
MXC_PE,D,20190218,000000,3.8213,3.94869,3.8213,3.88499,0,0
MXC_PE,D,20190219,000000,3.94869,3.94869,3.75761,3.88499,0,0
MXC_PE,D,20190220,000000,3.88499,3.88499,3.694,3.75761,0,0
MXC_PE,D,20190221,000000,3.75761,3.8213,3.75761,3.75761,0,0
MXC_PE,D,20190222,000000,3.75761,3.75761,3.6303,3.75761,0,0
MXC_PE,D,20190225,000000,3.75761,3.75761,3.56653,3.694,0,0
MXC_PE,D,20190226,000000,3.694,3.75761,3.6303,3.694,0,0
MXC_PE,D,20190227,000000,3.75761,3.75761,3.694,3.75761,0,0
MXC_PE,D,20190228,000000,3.8213,3.8213,3.75761,3.75761,0,0
MXC_PE,D,20190301,000000,3.75761,3.75761,3.6303,3.75761,0,0
MXC_PE,D,20190304,000000,3.6303,3.75761,3.6303,3.75761,0,0
MXC_PE,D,20190305,000000,3.694,3.694,3.6303,3.694,0,0
MXC_PE,D,20190306,000000,3.694,3.694,3.6303,3.694,0,0
MXC_PE,D,20190307,000000,3.694,3.694,3.56653,3.694,0,0
MXC_PE,D,20190308,000000,3.56653,3.694,3.56653,3.694,0,0
MXC_PE,D,20190311,000000,3.694,3.8213,3.694,3.8213,0,0
MXC_PE,D,20190312,000000,3.8213,3.8213,3.75761,3.8213,0,0
MXC_PE,D,20190313,000000,3.8213,3.8213,3.8213,3.8213,0,0
MXC_PE,D,20190314,000000,3.8213,3.8213,3.75761,3.8213,0,0
MXC_PE,D,20190315,000000,3.8213,3.8213,3.75761,3.8213,0,0
MXC_PE,D,20190318,000000,3.8213,3.8213,3.75761,3.8213,0,0
MXC_PE,D,20190319,000000,3.88499,3.88499,3.8213,3.8213,0,0
MXC_PE,D,20190320,000000,3.8213,3.8213,3.8213,3.8213,0,0
MXC_PE,D,20190321,000000,3.88499,3.88499,3.75761,3.75761,0,0
MXC_PE,D,20190322,000000,3.8213,3.88499,3.8213,3.88499,0,0
MXC_PE,D,20190325,000000,3.8213,3.8213,3.75761,3.75761,0,0
MXC_PE,D,20190326,000000,3.88499,3.88499,3.75761,3.8213,0,0
MXC_PE,D,20190327,000000,3.88499,3.88499,3.8213,3.88499,0,0
MXC_PE,D,20190328,000000,3.88499,3.88499,3.8213,3.8213,0,0
MXC_PE,D,20190329,000000,3.8213,3.8213,3.6303,3.75761,0,0
MXC_PE,D,20190401,000000,3.88499,3.88499,3.75761,3.8213,0,0
MXC_PE,D,20190402,000000,3.8213,3.8213,3.6303,3.8213,0,0
MXC_PE,D,20190403,000000,3.8213,3.8213,3.6303,3.6303,0,0
MXC_PE,D,20190404,000000,3.75761,3.75761,3.694,3.75761,0,0
MXC_PE,D,20190405,000000,3.8213,3.8213,3.8213,3.8213,0,0
MXC_PE,D,20190408,000000,3.8213,3.8213,3.694,3.694,0,0
MXC_PE,D,20190409,000000,3.694,3.75761,3.694,3.75761,0,0
MXC_PE,D,20190410,000000,3.8213,3.8213,3.75761,3.75761,0,0
MXC_PE,D,20190411,000000,3.8213,4.0123,3.75761,4.0123,0,0
MXC_PE,D,20190412,000000,4.07608,4.26716,4.07608,4.20347,0,0
MXC_PE,D,20190415,000000,4.13977,4.33085,4.13977,4.20347,0,0
MXC_PE,D,20190416,000000,4.26716,4.26716,4.0123,4.07608,0,0
MXC_PE,D,20190417,000000,4.13977,4.13977,4.0123,4.13977,0,0
MXC_PE,D,20190418,000000,4.13977,4.13977,4.0123,4.07608,0,0
MXC_PE,D,20190423,000000,4.13977,4.13977,4.07608,4.07608,0,0
MXC_PE,D,20190424,000000,4.07608,4.07608,3.94869,4.07608,0,0
MXC_PE,D,20190425,000000,4.07608,4.07608,4.07608,4.07608,0,0
MXC_PE,D,20190426,000000,4.07608,4.07608,3.94869,4.0123,0,0
MXC_PE,D,20190429,000000,4.07608,4.13977,3.694,3.694,0,0
MXC_PE,D,20190430,000000,3.75761,3.75761,3.6303,3.694,0,0
MXC_PE,D,20190502,000000,3.694,3.694,3.6303,3.694,0,0
MXC_PE,D,20190506,000000,3.6303,3.694,3.6303,3.694,0,0
MXC_PE,D,20190507,000000,3.6303,3.694,3.56653,3.56653,0,0
MXC_PE,D,20190508,000000,3.56653,3.56653,3.50283,3.56653,0,0
MXC_PE,D,20190509,000000,3.56653,3.56653,3.31183,3.43922,0,0
MXC_PE,D,20190510,000000,3.43922,3.56653,3.43922,3.50283,0,0
MXC_PE,D,20190513,000000,3.50283,3.56653,3.50283,3.56653,0,0
MXC_PE,D,20190514,000000,3.56653,3.56653,3.50283,3.56653,0,0
MXC_PE,D,20190515,000000,3.56653,3.56653,3.50283,3.56653,0,0
MXC_PE,D,20190516,000000,3.56653,3.56653,3.50283,3.56653,0,0
MXC_PE,D,20190517,000000,3.56653,3.56653,3.56653,3.56653,0,0
MXC_PE,D,20190520,000000,3.56653,3.56653,3.50283,3.50283,0,0
MXC_PE,D,20190521,000000,3.50283,3.50283,3.50283,3.50283,0,0
MXC_PE,D,20190522,000000,3.56653,3.56653,3.50283,3.50283,0,0
MXC_PE,D,20190523,000000,3.56653,3.56653,3.50283,3.56653,0,0
MXC_PE,D,20190524,000000,3.56653,3.56653,3.56653,3.56653,0,0
MXC_PE,D,20190527,000000,3.56653,3.56653,3.56653,3.56653,0,0
MXC_PE,D,20190528,000000,3.56653,3.56653,3.50283,3.50283,0,0
MXC_PE,D,20190529,000000,3.56653,3.56653,3.50283,3.50283,0,0
MXC_PE,D,20190530,000000,3.50283,3.50283,3.31183,3.37553,0,0
MXC_PE,D,20190531,000000,3.37553,3.50283,3.31183,3.50283,0,0
MXC_PE,D,20190603,000000,3.6303,3.6303,3.50283,3.50283,0,0
MXC_PE,D,20190604,000000,3.50283,3.56653,3.50283,3.50283,0,0
MXC_PE,D,20190605,000000,3.50283,3.50283,3.50283,3.50283,0,0
MXC_PE,D,20190606,000000,3.50283,3.50283,3.50283,3.50283,0,0
MXC_PE,D,20190607,000000,3.50283,3.56653,3.50283,3.56653,0,0
MXC_PE,D,20190610,000000,3.56653,3.6303,3.56653,3.6303,0,0
MXC_PE,D,20190611,000000,3.6303,3.6303,3.56653,3.56653,0,0
MXC_PE,D,20190612,000000,3.6303,3.6303,3.56653,3.6303,0,0
MXC_PE,D,20190613,000000,3.6303,3.694,3.6303,3.694,0,0
MXC_PE,D,20190614,000000,3.62131,3.69098,3.55165,3.62131,0,0
MXC_PE,D,20190617,000000,3.62131,3.69098,3.62131,3.69098,0,0
MXC_PE,D,20190618,000000,3.69098,3.69098,3.55165,3.69098,0,0
MXC_PE,D,20190619,000000,3.69098,3.69098,3.69098,3.69098,0,0
MXC_PE,D,20190621,000000,3.69098,3.69098,3.62131,3.62131,0,0
MXC_PE,D,20190624,000000,3.69098,3.69098,3.62131,3.62131,0,0
MXC_PE,D,20190625,000000,3.62131,3.62131,3.48208,3.55165,0,0
MXC_PE,D,20190626,000000,3.34275,3.41242,3.2731,3.41242,0,0
MXC_PE,D,20190627,000000,3.2731,3.41242,3.2731,3.41242,0,0
MXC_PE,D,20190628,000000,3.41242,3.41242,3.34275,3.34275,0,0
MXC_PE,D,20190701,000000,3.34275,3.41242,3.34275,3.34275,0,0
MXC_PE,D,20190702,000000,3.41242,3.41242,3.41242,3.41242,0,0
MXC_PE,D,20190703,000000,3.41242,3.41242,3.34275,3.34275,0,0
MXC_PE,D,20190704,000000,3.34275,3.34275,3.34275,3.34275,0,0
MXC_PE,D,20190705,000000,3.41242,3.41242,3.41242,3.41242,0,0
MXC_PE,D,20190708,000000,3.41242,3.41242,3.41242,3.41242,0,0
MXC_PE,D,20190709,000000,3.41242,3.41242,3.34275,3.34275,0,0
MXC_PE,D,20190710,000000,3.41242,3.41242,3.34275,3.41242,0,0
MXC_PE,D,20190711,000000,3.41242,3.41242,3.41242,3.41242,0,0
MXC_PE,D,20190712,000000,3.41242,3.41242,3.41242,3.41242,0,0
MXC_PE,D,20190715,000000,3.41242,3.41242,3.34275,3.34275,0,0
MXC_PE,D,20190716,000000,3.34275,3.34275,3.34275,3.34275,0,0
MXC_PE,D,20190717,000000,3.2731,3.48208,3.2731,3.34275,0,0
MXC_PE,D,20190718,000000,3.41242,3.41242,3.34275,3.34275,0,0
MXC_PE,D,20190719,000000,3.41242,3.41242,3.34275,3.34275,0,0
MXC_PE,D,20190722,000000,3.41242,3.41242,3.34275,3.41242,0,0
MXC_PE,D,20190723,000000,3.41242,3.41242,3.2731,3.2731,0,0
MXC_PE,D,20190724,000000,3.34275,3.34275,3.2731,3.2731,0,0
MXC_PE,D,20190725,000000,3.34275,3.41242,3.34275,3.41242,0,0
MXC_PE,D,20190726,000000,3.41242,3.41242,3.34275,3.34275,0,0
MXC_PE,D,20190729,000000,3.34275,3.34275,3.34275,3.34275,0,0
MXC_PE,D,20190730,000000,3.34275,3.34275,3.2731,3.2731,0,0
MXC_PE,D,20190731,000000,3.2731,3.2731,3.13386,3.2731,0,0
MXC_PE,D,20190801,000000,3.2731,3.2731,3.13386,3.13386,0,0
MXC_PE,D,20190802,000000,2.99454,3.13386,2.99454,3.0642,0,0
MXC_PE,D,20190805,000000,3.0642,3.0642,2.99454,3.0642,0,0
MXC_PE,D,20190806,000000,3.0642,3.0642,2.99454,3.0642,0,0
MXC_PE,D,20190807,000000,3.0642,3.0642,3.0642,3.0642,0,0
MXC_PE,D,20190808,000000,3.0642,3.0642,2.99454,2.99454,0,0
MXC_PE,D,20190809,000000,2.92497,2.99454,2.92497,2.99454,0,0
MXC_PE,D,20190812,000000,2.99454,3.0642,2.99454,2.99454,0,0
MXC_PE,D,20190813,000000,2.99454,2.99454,2.85522,2.99454,0,0
MXC_PE,D,20190814,000000,2.99454,2.99454,2.99454,2.99454,0,0
MXC_PE,D,20190816,000000,2.99454,2.99454,2.92497,2.99454,0,0
MXC_PE,D,20190819,000000,2.99454,2.99454,2.92497,2.99454,0,0
MXC_PE,D,20190820,000000,2.99454,2.99454,2.99454,2.99454,0,0
MXC_PE,D,20190821,000000,2.99454,2.99454,2.92497,2.92497,0,0
MXC_PE,D,20190822,000000,2.92497,2.92497,2.92497,2.92497,0,0
MXC_PE,D,20190823,000000,2.78564,2.92497,2.78564,2.92497,0,0
MXC_PE,D,20190826,000000,2.92497,2.92497,2.92497,2.92497,0,0
MXC_PE,D,20190827,000000,2.92497,2.92497,2.92497,2.92497,0,0
MXC_PE,D,20190828,000000,2.92497,2.92497,2.92497,2.92497,0,0
MXC_PE,D,20190829,000000,2.92497,2.92497,2.85522,2.92497,0,0
MXC_PE,D,20190830,000000,2.92497,2.92497,2.85522,2.92497,0,0
MXC_PE,D,20190902,000000,2.92497,2.99454,2.92497,2.92497,0,0
MXC_PE,D,20190903,000000,2.92497,2.92497,2.85522,2.92497,0,0
MXC_PE,D,20190904,000000,2.92497,2.92497,2.85522,2.92497,0,0
MXC_PE,D,20190905,000000,2.92497,2.92497,2.92497,2.92497,0,0
MXC_PE,D,20190906,000000,2.92497,2.92497,2.92497,2.92497,0,0
MXC_PE,D,20190909,000000,2.92497,2.99454,2.92497,2.99454,0,0
MXC_PE,D,20190910,000000,2.99454,2.99454,2.92497,2.99454,0,0
MXC_PE,D,20190911,000000,3.0642,3.0642,2.99454,3.0642,0,0
MXC_PE,D,20190912,000000,3.0642,3.0642,3.0642,3.0642,0,0
MXC_PE,D,20190913,000000,3.0642,3.13386,3.0642,3.13386,0,0
MXC_PE,D,20190916,000000,3.13386,3.20344,3.13386,3.13386,0,0
MXC_PE,D,20190917,000000,3.13386,3.13386,3.0642,3.13386,0,0
MXC_PE,D,20190918,000000,3.0642,3.13386,3.0642,3.13386,0,0
MXC_PE,D,20190919,000000,3.20344,3.41242,3.20344,3.34275,0,0
MXC_PE,D,20190920,000000,3.34275,3.34275,3.13386,3.34275,0,0
MXC_PE,D,20190923,000000,3.34275,3.34275,3.2731,3.2731,0,0
MXC_PE,D,20190924,000000,3.2731,3.2731,3.20344,3.20344,0,0
MXC_PE,D,20190925,000000,3.2731,3.2731,3.20344,3.2731,0,0
MXC_PE,D,20190926,000000,3.34275,3.34275,3.13386,3.13386,0,0
MXC_PE,D,20190927,000000,3.2731,3.2731,2.99454,3.0642,0,0
MXC_PE,D,20190930,000000,2.71599,3.34275,2.43743,3.34275,0,0
MXC_PE,D,20191001,000000,3.13386,3.48208,3.13386,3.41242,0,0
MXC_PE,D,20191002,000000,3.2731,3.41242,3.2731,3.41242,0,0
MXC_PE,D,20191003,000000,3.41242,3.41242,3.34275,3.41242,0,0
MXC_PE,D,20191004,000000,3.34275,3.41242,3.34275,3.41242,0,0
MXC_PE,D,20191007,000000,3.41242,3.48208,3.41242,3.48208,0,0
MXC_PE,D,20191008,000000,3.62131,3.62131,3.41242,3.55165,0,0
MXC_PE,D,20191009,000000,3.62131,3.96953,3.48208,3.96953,0,0
MXC_PE,D,20191010,000000,3.96953,3.96953,3.96953,3.96953,0,0
MXC_PE,D,20191011,000000,3.76055,3.96953,3.76055,3.83029,0,0
MXC_PE,D,20191015,000000,4.10877,4.10877,3.96953,3.96953,0,0
MXC_PE,D,20191016,000000,3.96953,3.96953,3.89987,3.89987,0,0
MXC_PE,D,20191017,000000,3.89987,3.89987,3.89987,3.89987,0,0
MXC_PE,D,20191018,000000,3.89987,3.89987,3.83029,3.83029,0,0
MXC_PE,D,20191021,000000,3.69098,3.89987,3.62131,3.89987,0,0
MXC_PE,D,20191022,000000,3.89987,3.89987,3.76055,3.76055,0,0
MXC_PE,D,20191023,000000,3.76055,3.76055,3.69098,3.69098,0,0
MXC_PE,D,20191024,000000,3.76055,3.76055,3.69098,3.69098,0,0
MXC_PE,D,20191025,000000,3.69098,3.76055,3.62131,3.62131,0,0
MXC_PE,D,20191028,000000,3.55165,3.62131,3.55165,3.55165,0,0
MXC_PE,D,20191029,000000,3.55165,3.55165,3.48208,3.48208,0,0
MXC_PE,D,20191030,000000,3.55165,3.55165,3.55165,3.55165,0,0
MXC_PE,D,20191031,000000,3.55165,3.62131,3.55165,3.62131,0,0
MXC_PE,D,20191104,000000,3.62131,3.62131,3.55165,3.55165,0,0
MXC_PE,D,20191105,000000,3.41242,3.55165,3.41242,3.55165,0,0
MXC_PE,D,20191106,000000,3.55165,3.55165,3.41242,3.41242,0,0
MXC_PE,D,20191107,000000,3.48208,3.48208,3.41242,3.41242,0,0
MXC_PE,D,20191108,000000,3.41242,3.41242,3.34275,3.41242,0,0
MXC_PE,D,20191112,000000,3.41242,3.41242,3.41242,3.41242,0,0
MXC_PE,D,20191113,000000,3.34275,3.41242,3.34275,3.41242,0,0
MXC_PE,D,20191114,000000,3.41242,3.41242,3.34275,3.41242,0,0
MXC_PE,D,20191115,000000,3.41242,3.41242,3.41242,3.41242,0,0
MXC_PE,D,20191118,000000,3.41242,3.41242,3.41242,3.41242,0,0
MXC_PE,D,20191119,000000,3.41242,3.48208,3.41242,3.48208,0,0
MXC_PE,D,20191120,000000,3.48208,3.55165,3.41242,3.48208,0,0
MXC_PE,D,20191121,000000,3.55165,3.55165,3.48208,3.55165,0,0
MXC_PE,D,20191122,000000,3.48208,3.55165,3.48208,3.55165,0,0
MXC_PE,D,20191125,000000,3.55165,3.55165,3.48208,3.55165,0,0
MXC_PE,D,20191126,000000,3.55165,3.62131,3.55165,3.62131,0,0
MXC_PE,D,20191127,000000,3.62131,3.89987,3.62131,3.76055,0,0
MXC_PE,D,20191128,000000,3.76055,3.83029,3.76055,3.83029,0,0
MXC_PE,D,20191129,000000,3.83029,3.83029,3.83029,3.83029,0,0
MXC_PE,D,20191202,000000,3.69098,4.31766,3.2731,4.31766,0,0
MXC_PE,D,20191203,000000,4.52673,4.52673,4.3874,4.3874,0,0
MXC_PE,D,20191204,000000,4.31766,4.45698,4.24809,4.31766,0,0
MXC_PE,D,20191205,000000,4.3874,4.3874,4.24809,4.24809,0,0
MXC_PE,D,20191206,000000,4.31766,4.31766,4.10877,4.24809,0,0
MXC_PE,D,20191209,000000,4.24809,4.24809,4.24809,4.24809,0,0
MXC_PE,D,20191210,000000,4.24809,4.24809,4.24809,4.24809,0,0
MXC_PE,D,20191211,000000,4.3874,4.3874,3.83029,3.83029,0,0
MXC_PE,D,20191212,000000,4.03919,4.1785,3.89987,4.1785,0,0
MXC_PE,D,20191213,000000,4.3874,4.3874,4.03919,4.03919,0,0
MXC_PE,D,20191216,000000,4.31766,4.31766,4.03919,4.10877,0,0
MXC_PE,D,20191217,000000,4.10877,4.10877,3.89987,3.96953,0,0
MXC_PE,D,20191218,000000,4.10877,4.10877,4.03919,4.10877,0,0
MXC_PE,D,20191219,000000,4.10877,4.1785,4.03919,4.03919,0,0
MXC_PE,D,20191220,000000,4.10877,4.10877,3.83029,3.96953,0,0
MXC_PE,D,20191223,000000,3.96953,4.03919,3.89987,3.89987,0,0
MXC_PE,D,20191227,000000,4.03919,4.03919,3.89987,3.96953,0,0
MXC_PE,D,20191230,000000,4.03919,4.10877,3.96953,3.96953,0,0
MXC_PE,D,20200102,000000,4.1785,4.3874,4.1785,4.3874,0,0
MXC_PE,D,20200103,000000,4.3874,4.3874,4.1785,4.3874,0,0
MXC_PE,D,20200107,000000,4.31766,4.45698,4.31766,4.45698,0,0
MXC_PE,D,20200108,000000,4.45698,4.45698,4.3874,4.3874,0,0
MXC_PE,D,20200109,000000,4.3874,4.45698,4.31766,4.45698,0,0
MXC_PE,D,20200110,000000,4.45698,4.45698,4.45698,4.45698,0,0
MXC_PE,D,20200113,000000,4.3874,4.3874,4.31766,4.31766,0,0
MXC_PE,D,20200114,000000,4.3874,4.3874,4.3874,4.3874,0,0
MXC_PE,D,20200115,000000,4.31766,4.3874,4.24809,4.3874,0,0
MXC_PE,D,20200116,000000,4.3874,4.45698,4.3874,4.45698,0,0
MXC_PE,D,20200117,000000,4.45698,4.45698,4.31766,4.45698,0,0
MXC_PE,D,20200120,000000,4.3874,4.5963,4.3874,4.52673,0,0
MXC_PE,D,20200121,000000,4.52673,4.66588,4.52673,4.66588,0,0
MXC_PE,D,20200122,000000,4.66588,4.66588,4.5963,4.5963,0,0
MXC_PE,D,20200123,000000,4.66588,4.66588,4.3874,4.45698,0,0
MXC_PE,D,20200124,000000,4.5963,4.5963,4.3874,4.52673,0,0
MXC_PE,D,20200127,000000,4.52673,4.5963,4.45698,4.45698,0,0
MXC_PE,D,20200128,000000,4.52673,4.52673,4.24809,4.3874,0,0
MXC_PE,D,20200129,000000,4.3874,4.3874,4.31766,4.3874,0,0
MXC_PE,D,20200130,000000,4.3874,4.5963,4.3874,4.5963,0,0
MXC_PE,D,20200131,000000,4.5963,4.5963,4.3874,4.52673,0,0
MXC_PE,D,20200203,000000,4.52673,4.52673,4.3874,4.45698,0,0
MXC_PE,D,20200204,000000,4.45698,4.45698,4.45698,4.45698,0,0
MXC_PE,D,20200205,000000,4.45698,4.45698,4.45698,4.45698,0,0
MXC_PE,D,20200206,000000,4.3874,4.45698,4.3874,4.3874,0,0
MXC_PE,D,20200207,000000,4.3874,4.3874,4.3874,4.3874,0,0
MXC_PE,D,20200210,000000,4.3874,4.3874,4.24809,4.31766,0,0
MXC_PE,D,20200211,000000,4.31766,4.3874,4.24809,4.3874,0,0
MXC_PE,D,20200212,000000,4.3874,4.3874,4.3874,4.3874,0,0
MXC_PE,D,20200213,000000,4.3874,4.3874,4.3874,4.3874,0,0
MXC_PE,D,20200214,000000,4.3874,4.3874,4.3874,4.3874,0,0
MXC_PE,D,20200217,000000,4.3874,4.3874,4.31766,4.3874,0,0
MXC_PE,D,20200218,000000,4.3874,4.3874,4.3874,4.3874,0,0
MXC_PE,D,20200219,000000,4.3874,4.3874,4.31766,4.31766,0,0
MXC_PE,D,20200220,000000,4.31766,4.31766,4.24809,4.31766,0,0
MXC_PE,D,20200221,000000,4.10877,4.24809,4.10877,4.1785,0,0
MXC_PE,D,20200224,000000,4.31766,4.31766,3.96953,4.10877,0,0
MXC_PE,D,20200225,000000,4.10877,4.10877,3.76055,3.76055,0,0
MXC_PE,D,20200226,000000,3.89987,3.89987,3.48208,3.55165,0,0
MXC_PE,D,20200227,000000,3.62131,3.89987,3.55165,3.83029,0,0
MXC_PE,D,20200228,000000,3.83029,3.83029,3.48208,3.55165,0,0
MXC_PE,D,20200302,000000,3.48208,3.69098,3.48208,3.69098,0,0
MXC_PE,D,20200303,000000,3.76055,4.1785,3.76055,3.89987,0,0
MXC_PE,D,20200304,000000,3.96953,3.96953,3.89987,3.89987,0,0
MXC_PE,D,20200305,000000,3.89987,3.89987,3.83029,3.89987,0,0
MXC_PE,D,20200306,000000,3.83029,3.89987,3.76055,3.76055,0,0
MXC_PE,D,20200309,000000,3.76055,3.76055,3.2731,3.34275,0,0
MXC_PE,D,20200310,000000,3.2731,3.41242,3.2731,3.41242,0,0
MXC_PE,D,20200311,000000,3.41242,3.41242,3.0642,3.2731,0,0
MXC_PE,D,20200312,000000,3.34275,3.34275,2.92497,2.92497,0,0
MXC_PE,D,20200313,000000,2.92497,3.20344,2.92497,3.0642,0,0
MXC_PE,D,20200316,000000,2.99454,2.99454,2.85522,2.92497,0,0
MXC_PE,D,20200317,000000,2.92497,3.13386,2.92497,3.0642,0,0
MXC_PE,D,20200318,000000,3.0642,3.0642,2.85522,2.85522,0,0
MXC_PE,D,20200319,000000,3.0642,3.0642,2.85522,2.85522,0,0
MXC_PE,D,20200320,000000,3.0642,3.20344,2.85522,2.85522,0,0
MXC_PE,D,20200323,000000,2.99454,3.0642,2.99454,3.0642,0,0
MXC_PE,D,20200324,000000,3.13386,3.13386,3.0642,3.0642,0,0
MXC_PE,D,20200325,000000,3.0642,3.0642,3.0642,3.0642,0,0
MXC_PE,D,20200326,000000,3.0642,3.0642,2.99454,3.0642,0,0
MXC_PE,D,20200327,000000,3.0642,3.0642,3.0642,3.0642,0,0
MXC_PE,D,20200330,000000,3.0642,3.0642,2.71599,2.99454,0,0
MXC_PE,D,20200331,000000,2.99454,3.0642,2.78564,2.99454,0,0
MXC_PE,D,20200401,000000,3.0642,3.0642,2.99454,3.0642,0,0
MXC_PE,D,20200402,000000,3.0642,3.0642,3.0642,3.0642,0,0
MXC_PE,D,20200403,000000,2.92497,3.0642,2.92497,3.0642,0,0
MXC_PE,D,20200406,000000,3.0642,4.31766,3.0642,4.10877,0,0
MXC_PE,D,20200407,000000,4.1785,4.1785,3.55165,3.55165,0,0
MXC_PE,D,20200408,000000,3.48208,3.76055,3.34275,3.69098,0,0
MXC_PE,D,20200409,000000,3.69098,4.3874,3.62131,4.1785,0,0
MXC_PE,D,20200414,000000,4.31766,4.31766,3.89987,4.03919,0,0
MXC_PE,D,20200415,000000,4.03919,4.03919,3.62131,3.89987,0,0
MXC_PE,D,20200416,000000,3.76055,3.96953,3.69098,3.96953,0,0
MXC_PE,D,20200417,000000,3.96953,3.96953,3.76055,3.83029,0,0
MXC_PE,D,20200420,000000,3.83029,3.83029,3.48208,3.62131,0,0
MXC_PE,D,20200421,000000,3.48208,3.69098,3.2731,3.41242,0,0
MXC_PE,D,20200422,000000,3.48208,3.62131,3.20344,3.62131,0,0
MXC_PE,D,20200423,000000,3.41242,3.55165,3.41242,3.48208,0,0
MXC_PE,D,20200424,000000,3.48208,3.48208,3.48208,3.48208,0,0
MXC_PE,D,20200427,000000,3.48208,3.89987,3.41242,3.89987,0,0
MXC_PE,D,20200428,000000,3.89987,4.03919,3.69098,3.76055,0,0
MXC_PE,D,20200429,000000,3.62131,3.76055,3.62131,3.69098,0,0
MXC_PE,D,20200430,000000,3.96953,3.96953,3.48208,3.76055,0,0
MXC_PE,D,20200504,000000,3.62131,8.49617,3.41242,8.49617,0,0
MXC_PE,D,20200505,000000,8.42643,8.42643,7.73033,7.93897,0,0
MXC_PE,D,20200506,000000,8.07854,8.21803,7.86965,8.07854,0,0
MXC_PE,D,20200507,000000,8.14745,8.21803,7.93897,7.93897,0,0
MXC_PE,D,20200508,000000,8.07854,8.42643,8.00881,8.21803,0,0
MXC_PE,D,20200511,000000,8.21803,8.21803,7.79957,8.21803,0,0
MXC_PE,D,20200512,000000,8.14745,9.6801,7.93897,8.56592,0,0
MXC_PE,D,20200513,000000,8.98354,8.98354,8.21803,8.84489,0,0
MXC_PE,D,20200514,000000,8.84489,8.84489,8.00881,8.28693,0,0
MXC_PE,D,20200515,000000,8.21803,8.21803,7.93897,8.07854,0,0
MXC_PE,D,20200518,000000,8.07854,8.28693,7.86965,8.07854,0,0
MXC_PE,D,20200519,000000,8.21803,8.28693,7.73033,8.07854,0,0
MXC_PE,D,20200520,000000,9.33227,9.47173,8.98354,9.26172,0,0
MXC_PE,D,20200521,000000,9.61037,9.61037,9.1928,9.40118,0,0
MXC_PE,D,20200522,000000,9.40118,9.40118,9.26172,9.33227,0,0
MXC_PE,D,20200525,000000,9.33227,9.47173,9.05328,9.40118,0,0
MXC_PE,D,20200526,000000,9.40118,9.40118,9.1928,9.40118,0,0
MXC_PE,D,20200527,000000,9.40118,9.47173,9.26172,9.40118,0,0
MXC_PE,D,20200528,000000,9.47173,9.81965,9.47173,9.6801,0,0
MXC_PE,D,20200529,000000,9.81965,10.028,9.47173,9.54064,0,0
MXC_PE,D,20200601,000000,9.26172,13.1623,9.26172,13.1623,0,0
MXC_PE,D,20200602,000000,13.2312,14.137,13.2312,13.9975,0,0
MXC_PE,D,20200603,000000,14.137,14.3455,14.0673,14.2068,0,0
MXC_PE,D,20200604,000000,14.2068,14.2068,13.9975,14.137,0,0
MXC_PE,D,20200605,000000,14.5546,14.5546,14.3455,14.416,0,0
MXC_PE,D,20200608,000000,14.3455,15.1118,14.3455,14.5546,0,0
MXC_PE,D,20200609,000000,14.6244,14.9034,14.6244,14.7639,0,0
MXC_PE,D,20200610,000000,14.9034,15.0428,14.8337,14.9034,0,0
MXC_PE,D,20200612,000000,14.5546,14.6941,13.7194,14.6941,0,0
MXC_PE,D,20200615,000000,14.6941,15.1118,14.4849,14.7639,0,0
MXC_PE,D,20200616,000000,14.4849,14.9034,14.416,14.6941,0,0
MXC_PE,D,20200617,000000,14.7639,15.5302,14.7639,15.1118,0,0
MXC_PE,D,20200618,000000,15.1118,15.4605,15.1118,15.321,0,0
MXC_PE,D,20200619,000000,15.321,15.8782,15.321,15.8782,0,0
MXC_PE,D,20200622,000000,15.8782,16.8528,15.8782,16.7831,0,0
MXC_PE,D,20200623,000000,16.9924,17.8276,16.8528,16.9924,0,0
MXC_PE,D,20200624,000000,16.7831,17.4099,16.5747,16.7831,0,0
MXC_PE,D,20200625,000000,16.8528,16.9226,16.0865,16.505,0,0
MXC_PE,D,20200626,000000,16.4353,16.4353,15.5991,15.8782,0,0
MXC_PE,D,20200629,000000,16.2957,16.5747,16.0176,16.5747,0,0
MXC_PE,D,20200630,000000,16.6445,17.6192,15.8782,16.1571,0,0
MXC_PE,D,20200701,000000,16.7134,16.8528,16.226,16.3654,0,0
MXC_PE,D,20200702,000000,16.221,18.8989,15.5916,16.7722,0,0
MXC_PE,D,20200703,000000,16.7722,17.8747,16.615,17.6385,0,0
MXC_PE,D,20200706,000000,17.2453,17.7965,17.2453,17.4024,0,0
MXC_PE,D,20200707,000000,17.1662,17.4024,17.0091,17.0091,0,0
MXC_PE,D,20200708,000000,17.0091,17.0091,16.536,16.9302,0,0
MXC_PE,D,20200709,000000,16.8512,17.0091,16.3789,16.4579,0,0
MXC_PE,D,20200710,000000,16.4579,16.4579,15.4336,15.9066,0,0
MXC_PE,D,20200713,000000,15.9066,15.9066,15.6697,15.7487,0,0
MXC_PE,D,20200714,000000,15.7487,15.7487,15.1975,15.2764,0,0
MXC_PE,D,20200715,000000,15.3554,15.3554,14.4101,14.4101,0,0
MXC_PE,D,20200716,000000,14.4101,15.5916,14.4101,15.5916,0,0
MXC_PE,D,20200717,000000,15.5916,16.0639,15.1975,16.0639,0,0
MXC_PE,D,20200720,000000,15.9848,16.3789,15.9848,16.2999,0,0
MXC_PE,D,20200721,000000,16.1428,16.2999,15.7487,15.8277,0,0
MXC_PE,D,20200722,000000,15.7487,16.615,15.5916,16.3789,0,0
MXC_PE,D,20200723,000000,16.7722,16.7722,16.1428,16.1428,0,0
MXC_PE,D,20200724,000000,16.1428,16.1428,15.5126,15.7487,0,0
MXC_PE,D,20200727,000000,16.615,18.3477,16.0639,17.8747,0,0
MXC_PE,D,20200728,000000,17.8747,19.1351,17.7175,18.4258,0,0
MXC_PE,D,20200729,000000,18.662,18.662,16.9302,17.8747,0,0
MXC_PE,D,20200730,000000,17.6385,17.6385,14.6462,14.8043,0,0
MXC_PE,D,20200731,000000,14.8043,15.7487,14.8043,14.9614,0,0
MXC_PE,D,20200803,000000,15.3554,15.7487,14.9614,15.4336,0,0
MXC_PE,D,20200804,000000,15.4336,15.7487,15.3554,15.5126,0,0
MXC_PE,D,20200805,000000,15.6697,15.6697,15.0404,15.1975,0,0
MXC_PE,D,20200806,000000,15.0404,15.5126,15.0404,15.2764,0,0
MXC_PE,D,20200807,000000,15.1975,15.1975,14.8824,14.9614,0,0
MXC_PE,D,20200810,000000,15.1975,15.1975,14.8043,14.8824,0,0
MXC_PE,D,20200811,000000,14.8824,15.1185,14.6462,14.9614,0,0
MXC_PE,D,20200812,000000,14.9614,14.9614,14.5673,14.9614,0,0
MXC_PE,D,20200813,000000,14.8043,15.3554,14.6462,15.3554,0,0
MXC_PE,D,20200814,000000,15.3554,15.3554,14.5673,15.2764,0,0
MXC_PE,D,20200817,000000,15.1975,15.1975,14.6462,14.9614,0,0
MXC_PE,D,20200818,000000,14.9614,14.9614,14.5673,14.7252,0,0
MXC_PE,D,20200819,000000,14.9614,14.9614,14.4891,14.7252,0,0
MXC_PE,D,20200820,000000,14.8824,14.8824,14.174,14.5673,0,0
MXC_PE,D,20200821,000000,14.5673,14.9614,14.3312,14.9614,0,0
MXC_PE,D,20200824,000000,14.9614,14.9614,14.095,14.9614,0,0
MXC_PE,D,20200825,000000,14.9614,14.9614,14.6462,14.9614,0,0
MXC_PE,D,20200826,000000,14.9614,14.9614,14.3312,14.5673,0,0
MXC_PE,D,20200827,000000,14.8824,14.8824,14.5673,14.8043,0,0
MXC_PE,D,20200828,000000,14.8043,14.8043,14.4891,14.7252,0,0
MXC_PE,D,20200831,000000,14.3312,14.6462,14.3312,14.4101,0,0
MXC_PE,D,20200901,000000,14.4101,14.4891,13.6228,13.7018,0,0
MXC_PE,D,20200902,000000,14.0168,14.095,13.6228,13.9379,0,0
MXC_PE,D,20200903,000000,13.5438,13.9379,13.5438,13.7018,0,0
MXC_PE,D,20200904,000000,13.6228,14.095,13.3077,13.6228,0,0
MXC_PE,D,20200907,000000,13.1506,13.5438,13.1506,13.4656,0,0
MXC_PE,D,20200908,000000,12.9144,13.4656,12.4414,12.8354,0,0
MXC_PE,D,20200909,000000,12.8354,13.0716,12.5993,13.0716,0,0
MXC_PE,D,20200910,000000,13.3077,13.5438,13.3077,13.5438,0,0
MXC_PE,D,20200911,000000,13.7018,14.0168,13.4656,14.0168,0,0
MXC_PE,D,20200914,000000,14.0168,14.0168,13.9379,14.0168,0,0
MXC_PE,D,20200915,000000,14.0168,14.0168,13.9379,14.0168,0,0
MXC_PE,D,20200916,000000,14.095,14.095,13.3866,13.5438,0,0
MXC_PE,D,20200917,000000,13.9379,13.9379,13.1506,13.7799,0,0
MXC_PE,D,20200918,000000,13.7799,13.7799,13.0716,13.7799,0,0
MXC_PE,D,20200921,000000,13.7018,13.7018,13.0716,13.0716,0,0
MXC_PE,D,20200922,000000,13.3866,13.5438,13.0716,13.4656,0,0
MXC_PE,D,20200923,000000,13.7018,13.7018,12.8354,13.1506,0,0
MXC_PE,D,20200924,000000,13.1506,13.3866,12.8354,13.0716,0,0
MXC_PE,D,20200925,000000,13.4656,13.7799,12.6775,13.0716,0,0
MXC_PE,D,20200928,000000,12.2842,13.0716,11.4968,11.4968,0,0
MXC_PE,D,20200929,000000,11.4968,11.4968,10.9456,11.4968,0,0
MXC_PE,D,20200930,000000,11.3389,11.4968,10.9456,11.1817,0,0
MXC_PE,D,20201001,000000,11.1027,11.1817,10.7877,11.1817,0,0
MXC_PE,D,20201002,000000,11.1027,11.2608,11.0237,11.1817,0,0
MXC_PE,D,20201005,000000,11.1817,11.1817,11.0237,11.1817,0,0
MXC_PE,D,20201006,000000,11.2608,11.3389,11.2608,11.2608,0,0
MXC_PE,D,20201007,000000,11.3389,11.3389,11.2608,11.2608,0,0
MXC_PE,D,20201008,000000,11.3389,11.3389,11.1027,11.2608,0,0
MXC_PE,D,20201009,000000,11.3389,11.3389,10.8666,11.0237,0,0
MXC_PE,D,20201012,000000,11.2608,11.2608,10.8666,11.1027,0,0
MXC_PE,D,20201013,000000,10.8666,11.2608,10.8666,11.2608,0,0
MXC_PE,D,20201014,000000,11.3389,11.3389,10.9456,11.1817,0,0
MXC_PE,D,20201015,000000,11.2608,11.2608,10.3944,10.3944,0,0
MXC_PE,D,20201016,000000,10.5515,10.5515,10.3154,10.3944,0,0
MXC_PE,D,20201019,000000,10.4733,10.4733,10.2364,10.3944,0,0
MXC_PE,D,20201020,000000,10.3944,10.4733,10.3154,10.3154,0,0
MXC_PE,D,20201021,000000,10.4733,10.4733,10.2364,10.3154,0,0
MXC_PE,D,20201022,000000,10.3154,10.3944,9.92215,10.2364,0,0
MXC_PE,D,20201023,000000,10.3154,10.3944,10.0793,10.3154,0,0
MXC_PE,D,20201026,000000,10.3154,10.3154,9.84313,9.84313,0,0
MXC_PE,D,20201027,000000,9.84313,10.2364,9.76421,10.0003,0,0
MXC_PE,D,20201028,000000,9.607,9.607,8.97681,9.37095,0,0
MXC_PE,D,20201029,000000,9.37095,9.37095,8.97681,9.37095,0,0
MXC_PE,D,20201030,000000,9.37095,9.37095,8.97681,9.13391,0,0
MXC_PE,D,20201102,000000,9.29194,9.607,9.13391,9.44906,0,0
MXC_PE,D,20201103,000000,9.76421,9.92215,9.44906,9.84313,0,0
MXC_PE,D,20201104,000000,9.76421,9.76421,9.52807,9.68519,0,0
MXC_PE,D,20201105,000000,9.37095,9.76421,9.37095,9.76421,0,0
MXC_PE,D,20201106,000000,9.76421,11.9691,9.76421,11.4179,0,0
MXC_PE,D,20201109,000000,11.9691,12.4414,11.3389,11.4179,0,0
MXC_PE,D,20201110,000000,11.3389,11.4968,10.2364,10.4733,0,0
MXC_PE,D,20201112,000000,11.0237,11.2608,10.7095,11.1027,0,0
MXC_PE,D,20201113,000000,11.2608,11.4179,11.1027,11.2608,0,0
MXC_PE,D,20201116,000000,11.3389,11.4179,11.3389,11.3389,0,0
MXC_PE,D,20201117,000000,11.4179,11.4179,11.3389,11.4179,0,0
MXC_PE,D,20201118,000000,11.3389,11.4179,11.1027,11.4179,0,0
MXC_PE,D,20201119,000000,11.4179,11.4179,11.1027,11.3389,0,0
MXC_PE,D,20201120,000000,11.4179,11.4179,11.1027,11.3389,0,0
MXC_PE,D,20201123,000000,11.3389,11.4179,11.0237,11.2608,0,0
MXC_PE,D,20201124,000000,11.3389,11.3389,10.8666,10.9456,0,0
MXC_PE,D,20201125,000000,10.9456,10.9456,10.7877,10.9456,0,0
MXC_PE,D,20201126,000000,10.9456,10.9456,10.5515,10.7877,0,0
MXC_PE,D,20201127,000000,10.7877,10.7877,10.6305,10.7877,0,0
MXC_PE,D,20201130,000000,11.4968,11.575,9.44906,9.44906,0,0
MXC_PE,D,20201201,000000,9.44906,9.44906,9.21292,9.37095,0,0
MXC_PE,D,20201202,000000,9.37095,9.37095,9.0558,9.37095,0,0
MXC_PE,D,20201203,000000,9.52807,9.52807,9.21292,9.37095,0,0
MXC_PE,D,20201204,000000,9.44906,9.44906,9.21292,9.37095,0,0
MXC_PE,D,20201207,000000,9.37095,9.607,9.37095,9.52807,0,0
MXC_PE,D,20201208,000000,9.52807,10.0003,9.37095,9.92215,0,0
MXC_PE,D,20201209,000000,10.0003,10.1583,9.68519,9.92215,0,0
MXC_PE,D,20201210,000000,10.0003,10.0793,9.84313,10.0003,0,0
MXC_PE,D,20201211,000000,9.84313,9.92215,9.68519,9.68519,0,0
MXC_PE,D,20201214,000000,9.92215,9.92215,9.607,9.76421,0,0
MXC_PE,D,20201215,000000,9.92215,9.92215,9.52807,9.76421,0,0
MXC_PE,D,20201216,000000,9.76421,9.92215,9.607,9.92215,0,0
MXC_PE,D,20201217,000000,9.92215,9.92215,9.607,9.84313,0,0
MXC_PE,D,20201218,000000,9.92215,10.0003,9.68519,9.68519,0,0
MXC_PE,D,20201221,000000,9.607,9.607,9.44906,9.607,0,0
MXC_PE,D,20201222,000000,9.607,9.84313,9.44906,9.68519,0,0
MXC_PE,D,20201223,000000,9.84313,9.84313,9.607,9.76421,0,0
MXC_PE,D,20201228,000000,9.76421,9.84313,9.52807,9.607,0,0
MXC_PE,D,20201229,000000,9.68519,9.76421,9.52807,9.76421,0,0
MXC_PE,D,20201230,000000,9.84313,10.0003,9.68519,9.92215,0,0
MXC_PE,D,20210104,000000,9.76421,10.3944,9.76421,10.3154,0,0
MXC_PE,D,20210105,000000,10.3944,11.1027,10.3944,10.7095,0,0
MXC_PE,D,20210107,000000,11.0237,11.4179,10.8666,11.4179,0,0
MXC_PE,D,20210108,000000,11.575,11.7329,11.0237,11.575,0,0
MXC_PE,D,20210111,000000,11.3389,11.575,11.1817,11.3389,0,0
MXC_PE,D,20210112,000000,11.2608,11.2608,11.1027,11.2608,0,0
MXC_PE,D,20210113,000000,11.3389,11.3389,10.8666,11.1027,0,0
MXC_PE,D,20210114,000000,10.8666,11.1817,10.8666,11.1027,0,0
MXC_PE,D,20210115,000000,10.8666,11.575,10.8666,11.4179,0,0
MXC_PE,D,20210118,000000,11.575,11.575,11.2608,11.2608,0,0
MXC_PE,D,20210119,000000,11.3389,11.3389,11.1027,11.1817,0,0
MXC_PE,D,20210120,000000,11.4179,11.4179,10.9456,11.1027,0,0
MXC_PE,D,20210121,000000,11.3389,11.3389,10.7877,10.9456,0,0
MXC_PE,D,20210122,000000,11.1027,11.3389,10.8666,11.1027,0,0
MXC_PE,D,20210125,000000,11.2608,11.2608,11.0237,11.2608,0,0
MXC_PE,D,20210126,000000,11.2608,11.575,11.1817,11.1817,0,0
MXC_PE,D,20210127,000000,11.0237,11.1817,10.7877,11.1027,0,0
MXC_PE,D,20210128,000000,11.0237,11.0237,10.7877,10.8666,0,0
MXC_PE,D,20210129,000000,11.0237,11.0237,10.7877,10.9456,0,0
MXC_PE,D,20210201,000000,11.0237,11.4179,10.9456,11.2608,0,0
MXC_PE,D,20210202,000000,11.2608,11.3389,11.1027,11.3389,0,0
MXC_PE,D,20210203,000000,11.4179,11.575,11.1027,11.4179,0,0
MXC_PE,D,20210204,000000,11.3389,11.4179,11.1027,11.3389,0,0
MXC_PE,D,20210205,000000,11.1027,11.3389,10.8666,11.2608,0,0
MXC_PE,D,20210208,000000,11.2608,11.4179,11.1817,11.2608,0,0
MXC_PE,D,20210209,000000,11.2608,11.3389,11.2608,11.2608,0,0
MXC_PE,D,20210210,000000,11.2608,11.3389,11.1817,11.2608,0,0
MXC_PE,D,20210211,000000,11.1817,12.0481,11.1817,11.9691,0,0
MXC_PE,D,20210212,000000,11.9691,12.2052,11.7329,11.9691,0,0
MXC_PE,D,20210215,000000,11.8901,12.2842,11.8901,12.2052,0,0
MXC_PE,D,20210216,000000,12.2052,12.2842,12.1262,12.2842,0,0
MXC_PE,D,20210217,000000,12.3632,12.3632,11.8901,12.1262,0,0
MXC_PE,D,20210218,000000,12.1262,12.2052,12.0481,12.1262,0,0
MXC_PE,D,20210219,000000,12.2842,12.2842,11.8901,11.9691,0,0
MXC_PE,D,20210222,000000,12.2052,12.2052,11.812,12.0481,0,0
MXC_PE,D,20210223,000000,11.9691,12.0481,11.4179,11.654,0,0
MXC_PE,D,20210224,000000,11.812,11.9691,11.7329,11.7329,0,0
MXC_PE,D,20210225,000000,11.7329,11.9691,11.7329,11.8901,0,0
MXC_PE,D,20210226,000000,11.812,11.9691,11.654,11.8901,0,0
MXC_PE,D,20210301,000000,12.1262,12.5203,11.8901,12.0481,0,0
MXC_PE,D,20210302,000000,11.9691,12.3632,11.812,12.2052,0,0
MXC_PE,D,20210303,000000,12.2052,12.3632,12.0481,12.1262,0,0
MXC_PE,D,20210304,000000,12.1262,12.1262,11.7329,12.1262,0,0
MXC_PE,D,20210305,000000,11.9691,11.9691,11.7329,11.8901,0,0
MXC_PE,D,20210308,000000,11.8901,12.0481,11.4179,11.812,0,0
MXC_PE,D,20210309,000000,11.7329,11.7329,11.3389,11.575,0,0
MXC_PE,D,20210310,000000,11.575,11.575,11.1027,11.1817,0,0
MXC_PE,D,20210311,000000,11.4968,11.575,11.1817,11.4968,0,0
MXC_PE,D,20210312,000000,11.1817,11.3389,10.7877,11.0237,0,0
MXC_PE,D,20210315,000000,11.0237,11.0237,10.6305,10.8666,0,0
MXC_PE,D,20210316,000000,10.8666,10.9456,10.7877,10.8666,0,0
MXC_PE,D,20210317,000000,11.0237,11.0237,10.6305,10.9456,0,0
MXC_PE,D,20210318,000000,10.7877,11.0237,10.7877,10.9456,0,0
MXC_PE,D,20210319,000000,11.0237,11.1027,10.8666,11.0237,0,0
MXC_PE,D,20210322,000000,11.1027,11.1027,10.8666,11.0237,0,0
MXC_PE,D,20210323,000000,11.1027,11.4968,10.9456,11.1817,0,0
MXC_PE,D,20210324,000000,11.1817,11.1817,10.9456,11.1027,0,0
MXC_PE,D,20210325,000000,11.1027,11.1027,10.9456,11.0237,0,0
MXC_PE,D,20210326,000000,11.0237,11.1027,10.9456,11.1027,0,0
MXC_PE,D,20210329,000000,11.2608,11.3389,10.9456,11.2608,0,0
MXC_PE,D,20210330,000000,11.3389,11.3389,10.9456,11.2608,0,0
MXC_PE,D,20210331,000000,11.0237,11.2608,11.0237,11.2608,0,0
MXC_PE,D,20210401,000000,11.2608,11.9691,11.1817,11.8901,0,0
MXC_PE,D,20210406,000000,12.0481,12.4414,11.9691,12.3632,0,0
MXC_PE,D,20210407,000000,12.3632,12.5993,12.0481,12.2842,0,0
MXC_PE,D,20210408,000000,12.2842,12.2842,11.812,11.8901,0,0
MXC_PE,D,20210409,000000,12.2052,12.2052,11.8901,12.0481,0,0
MXC_PE,D,20210412,000000,11.9691,12.1262,11.9691,12.1262,0,0
MXC_PE,D,20210413,000000,12.1262,12.1262,11.812,12.0481,0,0
MXC_PE,D,20210414,000000,12.0481,12.1262,11.812,12.1262,0,0
MXC_PE,D,20210415,000000,11.9691,11.9691,11.812,11.9691,0,0
MXC_PE,D,20210416,000000,11.812,12.0481,11.812,11.9691,0,0
MXC_PE,D,20210419,000000,11.9691,11.9691,11.575,11.9691,0,0
MXC_PE,D,20210420,000000,11.8901,11.8901,11.575,11.575,0,0
MXC_PE,D,20210421,000000,11.812,11.812,11.575,11.7329,0,0
MXC_PE,D,20210422,000000,11.812,11.812,11.654,11.7329,0,0
MXC_PE,D,20210423,000000,11.812,11.9691,11.654,11.7329,0,0
MXC_PE,D,20210426,000000,11.7329,11.9691,11.7329,11.8901,0,0
MXC_PE,D,20210427,000000,11.9691,11.9691,11.8901,11.8901,0,0
MXC_PE,D,20210428,000000,11.812,12.1262,11.812,12.0481,0,0
MXC_PE,D,20210429,000000,12.1262,12.1262,11.7329,11.8901,0,0
MXC_PE,D,20210430,000000,11.812,12.2052,11.812,12.1262,0,0
MXC_PE,D,20210504,000000,12.2052,12.3632,11.1027,11.1027,0,0
MXC_PE,D,20210505,000000,11.0237,11.1027,10.7877,11.0237,0,0
MXC_PE,D,20210506,000000,11.0237,11.654,10.8666,11.4968,0,0
MXC_PE,D,20210507,000000,11.654,11.7329,11.3389,11.7329,0,0
MXC_PE,D,20210510,000000,11.812,11.812,11.1817,11.4179,0,0
MXC_PE,D,20210511,000000,11.1027,11.4179,11.1027,11.4179,0,0
MXC_PE,D,20210512,000000,11.3389,11.3389,11.2608,11.3389,0,0
MXC_PE,D,20210513,000000,11.3389,11.3389,11.0237,11.1027,0,0
MXC_PE,D,20210514,000000,11.1817,11.1817,11.0237,11.0237,0,0
MXC_PE,D,20210517,000000,11.0237,11.1027,10.8666,10.8666,0,0
MXC_PE,D,20210518,000000,11.0237,11.0237,10.8666,10.8666,0,0
MXC_PE,D,20210519,000000,10.8666,10.9456,10.8666,10.8666,0,0
MXC_PE,D,20210520,000000,10.8666,10.9456,10.8666,10.9456,0,0
MXC_PE,D,20210521,000000,10.9456,11.1027,10.9456,11.0237,0,0
MXC_PE,D,20210524,000000,11.0237,11.2608,11.0237,11.1027,0,0
MXC_PE,D,20210525,000000,11.0237,11.1817,10.8666,10.8666,0,0
MXC_PE,D,20210526,000000,10.9456,11.0237,10.9456,11.0237,0,0
MXC_PE,D,20210527,000000,11.1027,11.1027,10.9456,11.0237,0,0
MXC_PE,D,20210528,000000,11.1027,11.1027,10.8666,11.0237,0,0
MXC_PE,D,20210531,000000,11.0237,11.4179,10.7095,11.4179,0,0
MXC_PE,D,20210601,000000,11.4179,11.4968,11.1817,11.4968,0,0
MXC_PE,D,20210602,000000,11.575,11.654,11.575,11.654,0,0
MXC_PE,D,20210604,000000,11.654,11.654,11.575,11.654,0,0
MXC_PE,D,20210607,000000,11.654,11.812,11.654,11.7329,0,0
MXC_PE,D,20210608,000000,11.812,11.812,11.575,11.575,0,0
MXC_PE,D,20210609,000000,11.575,11.7329,11.575,11.575,0,0
MXC_PE,D,20210610,000000,11.654,11.812,11.575,11.812,0,0
MXC_PE,D,20210611,000000,11.812,11.812,11.4968,11.812,0,0
MXC_PE,D,20210614,000000,11.654,11.8901,11.575,11.812,0,0
MXC_PE,D,20210615,000000,11.812,11.9691,11.575,11.9691,0,0
MXC_PE,D,20210616,000000,11.8481,12.1002,11.8481,11.8481,0,0
MXC_PE,D,20210617,000000,12.8565,12.8565,11.6801,11.6801,0,0
MXC_PE,D,20210618,000000,12.0161,12.0161,11.2599,11.596,0,0
MXC_PE,D,20210621,000000,11.2599,11.4279,10.9238,11.2599,0,0
MXC_PE,D,20210622,000000,11.1758,11.2599,11.1758,11.2599,0,0
MXC_PE,D,20210623,000000,11.512,11.512,11.2599,11.2599,0,0
MXC_PE,D,20210624,000000,11.512,11.512,11.1758,11.1758,0,0
MXC_PE,D,20210625,000000,11.1758,11.1758,11.0918,11.1758,0,0
MXC_PE,D,20210628,000000,11.1758,11.512,10.9238,11.0918,0,0
MXC_PE,D,20210629,000000,11.0918,11.0918,10.8397,11.0078,0,0
MXC_PE,D,20210630,000000,11.0078,11.0078,10.8397,10.9238,0,0
MXC_PE,D,20210701,000000,11.0078,11.0078,10.9238,11.0078,0,0
MXC_PE,D,20210702,000000,11.0078,11.0078,10.9238,10.9238,0,0
MXC_PE,D,20210705,000000,10.9238,11.1758,10.6717,10.7557,0,0
MXC_PE,D,20210706,000000,10.7557,10.7557,10.7557,10.7557,0,0
MXC_PE,D,20210707,000000,10.9238,10.9238,10.5877,10.6717,0,0
MXC_PE,D,20210708,000000,10.6717,10.6717,10.6717,10.6717,0,0
MXC_PE,D,20210709,000000,10.6717,10.6717,10.6717,10.6717,0,0
MXC_PE,D,20210712,000000,10.6717,10.6717,10.5877,10.6717,0,0
MXC_PE,D,20210713,000000,10.6717,10.6717,10.5037,10.5037,0,0
MXC_PE,D,20210714,000000,10.5037,10.5877,10.5037,10.5877,0,0
MXC_PE,D,20210715,000000,10.5877,10.5877,10.1675,10.2515,0,0
MXC_PE,D,20210716,000000,10.1675,10.4196,10.0835,10.2515,0,0
MXC_PE,D,20210719,000000,10.2515,10.2515,9.91541,10.0835,0,0
MXC_PE,D,20210720,000000,10.0835,10.1675,9.91541,9.91541,0,0
MXC_PE,D,20210721,000000,9.99943,9.99943,9.57932,9.99943,0,0
MXC_PE,D,20210722,000000,9.74737,9.99943,9.74737,9.91541,0,0
MXC_PE,D,20210723,000000,9.99943,9.99943,9.91541,9.91541,0,0
MXC_PE,D,20210726,000000,9.91541,9.99943,9.74737,9.99943,0,0
MXC_PE,D,20210727,000000,9.99943,9.99943,9.83139,9.91541,0,0
MXC_PE,D,20210728,000000,9.91541,9.91541,9.91541,9.91541,0,0
MXC_PE,D,20210729,000000,9.91541,9.99943,9.83139,9.83139,0,0
MXC_PE,D,20210730,000000,9.83139,9.99943,9.83139,9.91541,0,0
MXC_PE,D,20210802,000000,9.99943,9.99943,9.91541,9.99943,0,0
MXC_PE,D,20210803,000000,9.91541,10.0835,9.91541,10.0835,0,0
MXC_PE,D,20210804,000000,10.0835,10.6717,10.0835,10.4196,0,0
MXC_PE,D,20210805,000000,10.5877,10.5877,10.5037,10.5037,0,0
MXC_PE,D,20210806,000000,10.5877,10.5877,10.2515,10.5877,0,0
MXC_PE,D,20210809,000000,10.5877,10.7557,10.5877,10.7557,0,0
MXC_PE,D,20210810,000000,10.8397,10.8397,10.5877,10.6717,0,0
MXC_PE,D,20210811,000000,10.7557,10.7557,10.6717,10.6717,0,0
MXC_PE,D,20210812,000000,10.6717,10.6717,10.2515,10.2515,0,0
MXC_PE,D,20210813,000000,10.5037,10.5037,10.2515,10.2515,0,0
MXC_PE,D,20210816,000000,10.3355,10.3355,10.2515,10.2515,0,0
MXC_PE,D,20210817,000000,10.3355,10.5037,10.2515,10.2515,0,0
MXC_PE,D,20210818,000000,10.2515,10.3355,10.2515,10.2515,0,0
MXC_PE,D,20210819,000000,10.3355,10.3355,9.99943,9.99943,0,0
MXC_PE,D,20210820,000000,10.2515,10.2515,10.2515,10.2515,0,0
MXC_PE,D,20210823,000000,10.3355,10.3355,10.3355,10.3355,0,0
MXC_PE,D,20210824,000000,10.3355,10.4196,10.3355,10.3355,0,0
MXC_PE,D,20210825,000000,10.5037,10.5037,10.3355,10.4196,0,0
MXC_PE,D,20210826,000000,10.3355,10.5037,10.1675,10.2515,0,0
MXC_PE,D,20210827,000000,10.3355,10.3355,10.0835,10.2515,0,0
MXC_PE,D,20210830,000000,10.2515,10.3355,9.74737,9.99943,0,0
MXC_PE,D,20210831,000000,10.0835,10.0835,9.91541,10.0835,0,0
MXC_PE,D,20210901,000000,10.0835,10.0835,9.91541,10.0835,0,0
MXC_PE,D,20210902,000000,10.0835,10.4196,10.0835,10.4196,0,0
MXC_PE,D,20210903,000000,10.1675,10.2515,10.1675,10.1675,0,0
MXC_PE,D,20210906,000000,10.2515,10.4196,10.1675,10.1675,0,0
MXC_PE,D,20210907,000000,10.3355,10.3355,10.1675,10.3355,0,0
MXC_PE,D,20210908,000000,10.2515,10.4196,10.1675,10.2515,0,0
MXC_PE,D,20210909,000000,10.2515,10.3355,10.1675,10.3355,0,0
MXC_PE,D,20210910,000000,10.3355,10.3355,10.2515,10.2515,0,0
MXC_PE,D,20210913,000000,10.2515,10.2515,10.1675,10.2515,0,0
MXC_PE,D,20210914,000000,10.2515,10.3355,10.1675,10.3355,0,0
MXC_PE,D,20210915,000000,10.3355,10.5877,10.2515,10.2515,0,0
MXC_PE,D,20210916,000000,10.2515,10.2515,10.1675,10.2515,0,0
MXC_PE,D,20210917,000000,10.2515,10.2515,10.2515,10.2515,0,0
MXC_PE,D,20210920,000000,10.2515,10.2515,9.91541,9.99943,0,0
MXC_PE,D,20210921,000000,9.99943,9.99943,9.74737,9.83139,0,0
MXC_PE,D,20210922,000000,9.99943,9.99943,9.83139,9.91541,0,0
MXC_PE,D,20210923,000000,9.99943,9.99943,9.91541,9.99943,0,0
MXC_PE,D,20210924,000000,9.99943,9.99943,9.91541,9.91541,0,0
MXC_PE,D,20210927,000000,9.91541,9.99943,9.91541,9.91541,0,0
MXC_PE,D,20210928,000000,9.99943,9.99943,9.91541,9.99943,0,0
MXC_PE,D,20210929,000000,9.99943,9.99943,9.74737,9.91541,0,0
MXC_PE,D,20210930,000000,9.91541,9.91541,9.74737,9.91541,0,0
MXC_PE,D,20211001,000000,9.91541,10.4196,9.91541,10.4196,0,0
MXC_PE,D,20211004,000000,10.4196,10.5037,10.3355,10.4196,0,0
MXC_PE,D,20211005,000000,10.2515,10.5877,10.2515,10.3355,0,0
MXC_PE,D,20211006,000000,10.3355,10.5037,10.2515,10.5037,0,0
MXC_PE,D,20211007,000000,10.5877,10.5877,10.5037,10.5037,0,0
MXC_PE,D,20211008,000000,10.5877,10.5877,10.4196,10.5037,0,0
MXC_PE,D,20211011,000000,10.5877,10.6717,10.3355,10.5037,0,0
MXC_PE,D,20211012,000000,10.5877,10.5877,10.5037,10.5037,0,0
MXC_PE,D,20211013,000000,10.5037,10.5877,10.5037,10.5037,0,0
MXC_PE,D,20211014,000000,10.5037,10.5877,10.5037,10.5877,0,0
MXC_PE,D,20211015,000000,10.5877,10.5877,10.5037,10.5877,0,0
MXC_PE,D,20211018,000000,10.5877,10.5877,10.2515,10.2515,0,0
MXC_PE,D,20211019,000000,10.4196,10.5037,10.2515,10.5037,0,0
MXC_PE,D,20211020,000000,10.5037,10.5037,10.2515,10.4196,0,0
MXC_PE,D,20211021,000000,10.4196,10.4196,10.3355,10.3355,0,0
MXC_PE,D,20211022,000000,10.4196,10.4196,10.3355,10.3355,0,0
MXC_PE,D,20211025,000000,10.3355,10.5037,10.3355,10.4196,0,0
MXC_PE,D,20211026,000000,10.5037,10.5037,10.3355,10.3355,0,0
MXC_PE,D,20211027,000000,10.5037,10.5037,10.2515,10.3355,0,0
MXC_PE,D,20211028,000000,10.4196,10.4196,10.3355,10.3355,0,0
MXC_PE,D,20211029,000000,10.4196,10.4196,9.99943,10.1675,0,0
MXC_PE,D,20211102,000000,10.1675,10.3355,9.91541,10.0835,0,0
MXC_PE,D,20211103,000000,10.0835,10.0835,9.66335,9.99943,0,0
MXC_PE,D,20211104,000000,9.74737,9.91541,9.32726,9.74737,0,0
MXC_PE,D,20211105,000000,9.74737,9.74737,9.66335,9.74737,0,0
MXC_PE,D,20211108,000000,9.74737,10.3355,9.74737,10.0835,0,0
MXC_PE,D,20211109,000000,10.1675,10.1675,9.83139,9.91541,0,0
MXC_PE,D,20211110,000000,9.91541,9.91541,9.66335,9.83139,0,0
MXC_PE,D,20211112,000000,9.91541,9.91541,9.91541,9.91541,0,0
MXC_PE,D,20211115,000000,9.83139,9.91541,9.57932,9.91541,0,0
MXC_PE,D,20211116,000000,9.83139,10.0835,9.74737,9.74737,0,0
MXC_PE,D,20211117,000000,9.66335,9.83139,9.66335,9.83139,0,0
MXC_PE,D,20211118,000000,9.83139,9.99943,9.57932,9.57932,0,0
MXC_PE,D,20211119,000000,9.57932,9.57932,9.41128,9.4953,0,0
MXC_PE,D,20211122,000000,9.41128,9.57932,9.41128,9.41128,0,0
MXC_PE,D,20211123,000000,9.66335,9.66335,9.41128,9.66335,0,0
MXC_PE,D,20211124,000000,9.57932,9.57932,9.4953,9.4953,0,0
MXC_PE,D,20211125,000000,9.57932,9.66335,9.41128,9.57932,0,0
MXC_PE,D,20211126,000000,9.66335,9.66335,9.32726,9.41128,0,0
MXC_PE,D,20211129,000000,9.57932,9.57932,9.41128,9.4953,0,0
MXC_PE,D,20211130,000000,9.4953,9.4953,9.24315,9.41128,0,0
MXC_PE,D,20211201,000000,9.4953,9.4953,9.41128,9.4953,0,0
MXC_PE,D,20211202,000000,9.4953,9.57932,7.73067,7.73067,0,0
MXC_PE,D,20211203,000000,7.8147,7.8147,7.8147,7.8147,0,0
MXC_PE,D,20211206,000000,7.64664,7.8147,7.64664,7.73067,0,0
MXC_PE,D,20211207,000000,7.73067,7.8147,7.73067,7.8147,0,0
MXC_PE,D,20211208,000000,7.73067,7.8147,7.73067,7.8147,0,0
MXC_PE,D,20211209,000000,7.8147,7.98275,7.8147,7.8147,0,0
MXC_PE,D,20211210,000000,7.98275,8.31887,7.89872,8.06678,0,0
MXC_PE,D,20211213,000000,8.31887,8.31887,8.06678,8.23484,0,0
MXC_PE,D,20211214,000000,8.23484,8.23484,8.06678,8.15081,0,0
MXC_PE,D,20211215,000000,8.15081,8.15081,7.98275,8.06678,0,0
MXC_PE,D,20211216,000000,8.06678,8.06678,7.8147,7.8147,0,0
MXC_PE,D,20211217,000000,7.8147,7.8147,7.8147,7.8147,0,0
MXC_PE,D,20211220,000000,7.8147,7.8147,7.73067,7.8147,0,0
MXC_PE,D,20211221,000000,7.8147,7.8147,7.73067,7.73067,0,0
MXC_PE,D,20211222,000000,7.73067,7.73067,7.73067,7.73067,0,0
MXC_PE,D,20211223,000000,7.8147,7.8147,7.64664,7.64664,0,0
MXC_PE,D,20211227,000000,7.64664,7.73067,7.47857,7.64664,0,0
MXC_PE,D,20211228,000000,7.64664,7.8147,7.56261,7.64664,0,0
MXC_PE,D,20211229,000000,7.73067,8.06678,7.56261,8.06678,0,0
MXC_PE,D,20211230,000000,8.06678,8.15081,7.8147,7.89872,0,0
MXC_PE,D,20220103,000000,8.06678,8.06678,8.06678,8.06678,0,0
MXC_PE,D,20220104,000000,8.06678,8.31887,8.06678,8.06678,0,0
MXC_PE,D,20220105,000000,8.23484,8.23484,8.15081,8.23484,0,0
MXC_PE,D,20220107,000000,8.23484,8.65498,7.98275,8.57095,0,0
MXC_PE,D,20220110,000000,8.57095,8.73901,8.48693,8.48693,0,0
MXC_PE,D,20220111,000000,8.65498,8.65498,8.31887,8.65498,0,0
MXC_PE,D,20220112,000000,8.48693,8.65498,8.48693,8.48693,0,0
MXC_PE,D,20220113,000000,8.65498,8.65498,8.4029,8.65498,0,0
MXC_PE,D,20220114,000000,8.65498,8.65498,8.65498,8.65498,0,0
MXC_PE,D,20220117,000000,8.65498,8.65498,8.4029,8.57095,0,0
MXC_PE,D,20220118,000000,8.57095,8.65498,8.4029,8.65498,0,0
MXC_PE,D,20220119,000000,8.65498,8.65498,8.48693,8.65498,0,0
MXC_PE,D,20220120,000000,8.57095,8.57095,8.48693,8.57095,0,0
MXC_PE,D,20220121,000000,8.57095,8.57095,8.4029,8.4029,0,0
MXC_PE,D,20220124,000000,8.23484,8.48693,7.98275,8.23484,0,0
MXC_PE,D,20220125,000000,7.98275,8.06678,7.73067,7.8147,0,0
MXC_PE,D,20220126,000000,7.8147,7.98275,7.8147,7.8147,0,0
MXC_PE,D,20220127,000000,7.8147,7.98275,7.8147,7.98275,0,0
MXC_PE,D,20220128,000000,7.98275,7.98275,7.89872,7.98275,0,0
MXC_PE,D,20220131,000000,7.98275,8.06678,7.98275,8.06678,0,0
MXC_PE,D,20220201,000000,8.06678,8.15081,8.06678,8.15081,0,0
MXC_PE,D,20220202,000000,8.15081,8.57095,8.15081,8.23484,0,0
MXC_PE,D,20220203,000000,8.23484,8.31887,8.15081,8.31887,0,0
MXC_PE,D,20220204,000000,8.31887,8.31887,8.31887,8.31887,0,0
MXC_PE,D,20220207,000000,8.31887,8.4029,8.31887,8.4029,0,0
MXC_PE,D,20220208,000000,8.4029,8.4029,8.31887,8.4029,0,0
MXC_PE,D,20220209,000000,8.4029,8.4029,8.4029,8.4029,0,0
MXC_PE,D,20220210,000000,8.4029,8.48693,8.31887,8.31887,0,0
MXC_PE,D,20220211,000000,8.31887,8.31887,7.89872,8.23484,0,0
MXC_PE,D,20220214,000000,8.23484,8.23484,7.64664,7.8147,0,0
MXC_PE,D,20220215,000000,8.06678,8.06678,7.73067,7.73067,0,0
MXC_PE,D,20220216,000000,7.89872,7.89872,7.64664,7.89872,0,0
MXC_PE,D,20220217,000000,7.89872,7.89872,7.73067,7.73067,0,0
MXC_PE,D,20220218,000000,7.89872,7.89872,7.73067,7.89872,0,0
MXC_PE,D,20220221,000000,7.73067,7.89872,7.56261,7.8147,0,0
MXC_PE,D,20220222,000000,7.8147,7.8147,7.47857,7.73067,0,0
MXC_PE,D,20220223,000000,7.8147,7.8147,7.73067,7.73067,0,0
MXC_PE,D,20220224,000000,7.47857,7.89872,7.05844,7.22649,0,0
MXC_PE,D,20220225,000000,7.47857,7.47857,7.31052,7.39455,0,0
MXC_PE,D,20220228,000000,7.47857,7.47857,7.22649,7.47857,0,0
MXC_PE,D,20220301,000000,7.47857,7.56261,7.47857,7.47857,0,0
MXC_PE,D,20220302,000000,7.64664,7.64664,7.31052,7.39455,0,0
MXC_PE,D,20220303,000000,7.39455,7.56261,7.39455,7.47857,0,0
MXC_PE,D,20220304,000000,7.56261,7.56261,7.22649,7.22649,0,0
MXC_PE,D,20220307,000000,7.39455,7.39455,7.22649,7.39455,0,0
MXC_PE,D,20220308,000000,7.47857,7.47857,7.39455,7.47857,0,0
MXC_PE,D,20220309,000000,7.31052,7.64664,7.31052,7.64664,0,0
MXC_PE,D,20220310,000000,7.64664,7.64664,7.64664,7.64664,0,0
MXC_PE,D,20220311,000000,7.73067,7.73067,7.56261,7.64664,0,0
MXC_PE,D,20220314,000000,7.64664,8.23484,7.64664,8.23484,0,0
MXC_PE,D,20220315,000000,8.15081,8.15081,7.8147,7.8147,0,0
MXC_PE,D,20220316,000000,7.8147,7.8147,7.8147,7.8147,0,0
MXC_PE,D,20220317,000000,7.8147,7.98275,7.8147,7.98275,0,0
MXC_PE,D,20220318,000000,7.98275,7.98275,7.89872,7.98275,0,0
MXC_PE,D,20220321,000000,7.98275,8.06678,7.98275,8.06678,0,0
MXC_PE,D,20220322,000000,8.06678,8.06678,7.98275,7.98275,0,0
MXC_PE,D,20220323,000000,7.98275,8.06678,7.8147,8.06678,0,0
MXC_PE,D,20220324,000000,7.89872,8.31887,7.89872,8.31887,0,0
MXC_PE,D,20220325,000000,8.31887,8.57095,8.15081,8.57095,0,0
MXC_PE,D,20220328,000000,8.57095,8.57095,8.4029,8.48693,0,0
MXC_PE,D,20220329,000000,8.48693,8.65498,8.15081,8.48693,0,0
MXC_PE,D,20220330,000000,8.48693,8.57095,8.4029,8.57095,0,0
MXC_PE,D,20220331,000000,8.57095,8.57095,8.4029,8.57095,0,0
MXC_PE,D,20220401,000000,8.57095,8.65498,8.57095,8.65498,0,0
MXC_PE,D,20220404,000000,8.65498,8.65498,8.57095,8.57095,0,0
MXC_PE,D,20220405,000000,8.57095,8.57095,8.48693,8.48693,0,0
MXC_PE,D,20220406,000000,8.57095,8.57095,8.57095,8.57095,0,0
MXC_PE,D,20220407,000000,8.57095,8.57095,8.31887,8.4029,0,0
MXC_PE,D,20220408,000000,8.31887,8.57095,8.31887,8.48693,0,0
MXC_PE,D,20220411,000000,8.48693,8.48693,8.23484,8.23484,0,0
MXC_PE,D,20220412,000000,8.4029,8.4029,8.15081,8.31887,0,0
MXC_PE,D,20220413,000000,8.31887,8.48693,8.15081,8.31887,0,0
MXC_PE,D,20220414,000000,8.31887,8.31887,8.31887,8.31887,0,0
MXC_PE,D,20220419,000000,8.48693,8.48693,8.23484,8.23484,0,0
MXC_PE,D,20220420,000000,8.4029,8.48693,8.4029,8.48693,0,0
MXC_PE,D,20220421,000000,8.15081,8.4029,8.15081,8.4029,0,0
MXC_PE,D,20220422,000000,8.4029,8.4029,8.31887,8.4029,0,0
MXC_PE,D,20220425,000000,8.4029,8.4029,8.23484,8.4029,0,0
MXC_PE,D,20220426,000000,8.4029,8.4029,8.15081,8.4029,0,0
MXC_PE,D,20220427,000000,8.4029,8.4029,8.15081,8.4029,0,0
MXC_PE,D,20220428,000000,8.4029,8.4029,8.23484,8.4029,0,0
MXC_PE,D,20220429,000000,8.4029,8.4029,8.06678,8.4029,0,0
MXC_PE,D,20220502,000000,8.4029,8.4029,8.23484,8.23484,0,0
MXC_PE,D,20220504,000000,8.4029,8.4029,8.23484,8.31887,0,0
MXC_PE,D,20220505,000000,8.31887,8.31887,8.15081,8.15081,0,0
MXC_PE,D,20220506,000000,8.4029,8.4029,7.8147,8.23484,0,0
MXC_PE,D,20220509,000000,8.23484,8.23484,7.73067,7.8147,0,0
MXC_PE,D,20220510,000000,7.98275,7.98275,7.56261,7.98275,0,0
MXC_PE,D,20220511,000000,7.98275,7.98275,7.39455,7.47857,0,0
MXC_PE,D,20220512,000000,7.98275,7.98275,7.39455,7.8147,0,0
MXC_PE,D,20220513,000000,7.64664,8.23484,7.64664,7.89872,0,0
MXC_PE,D,20220516,000000,7.89872,7.89872,7.8147,7.89872,0,0
MXC_PE,D,20220517,000000,7.89872,8.06678,7.56261,8.06678,0,0
MXC_PE,D,20220518,000000,8.06678,8.06678,7.8147,7.8147,0,0
MXC_PE,D,20220519,000000,7.98275,8.06678,7.64664,8.06678,0,0
MXC_PE,D,20220520,000000,8.06678,8.06678,7.64664,7.98275,0,0
MXC_PE,D,20220523,000000,8.15081,8.23484,8.15081,8.23484,0,0
MXC_PE,D,20220524,000000,8.15081,8.23484,8.15081,8.15081,0,0
MXC_PE,D,20220525,000000,8.15081,8.15081,8.06678,8.15081,0,0
MXC_PE,D,20220526,000000,8.15081,8.23484,7.98275,8.23484,0,0
MXC_PE,D,20220527,000000,8.23484,8.23484,8.23484,8.23484,0,0
MXC_PE,D,20220530,000000,8.31887,8.65498,8.31887,8.65498,0,0
MXC_PE,D,20220531,000000,8.4029,8.65498,8.06678,8.06678,0,0
MXC_PE,D,20220601,000000,8.06678,8.15081,7.8147,8.15081,0,0
MXC_PE,D,20220602,000000,8.31887,8.31887,8.15081,8.31887,0,0
MXC_PE,D,20220603,000000,8.31887,8.48693,8.31887,8.48693,0,0
MXC_PE,D,20220606,000000,8.31887,8.31887,8.23484,8.23484,0,0
MXC_PE,D,20220607,000000,8.31887,8.48693,8.23484,8.4029,0,0
MXC_PE,D,20220608,000000,8.15081,8.4029,8.15081,8.4029,0,0
MXC_PE,D,20220609,000000,8.4029,8.4029,8.23484,8.4029,0,0
MXC_PE,D,20220610,000000,8.4029,10.2515,8.4029,10.2515,0,0
MXC_PE,D,20220613,000000,10.2515,10.2515,9.83139,9.83139,0,0
MXC_PE,D,20220614,000000,9.99943,9.99943,9.66335,9.74737,0,0
MXC_PE,D,20220615,000000,9.83139,10.0835,9.83139,10.0835,0,0
MXC_PE,D,20220617,000000,9.99943,9.99943,9.74737,9.74737,0,0
MXC_PE,D,20220620,000000,9.66335,9.74737,9.41128,9.66335,0,0
MXC_PE,D,20220621,000000,9.74737,10.1675,9.4953,10.1675,0,0
MXC_PE,D,20220622,000000,10.0835,10.1675,10.0835,10.1675,0,0
MXC_PE,D,20220623,000000,10.1675,10.1675,9.74737,10.0835,0,0
MXC_PE,D,20220624,000000,10.0835,10.0835,9.99943,9.99943,0,0
MXC_PE,D,20220627,000000,10.0835,10.1675,9.83139,10.1675,0,0
MXC_PE,D,20220628,000000,10.2515,10.2515,10.1675,10.1675,0,0
MXC_PE,D,20220629,000000,10.1675,10.1675,9.91541,10.1675,0,0
MXC_PE,D,20220630,000000,10.1675,10.1675,10.0835,10.0835,0,0
MXC_PE,D,20220701,000000,10.1675,10.1675,10.0835,10.0835,0,0
MXC_PE,D,20220704,000000,10.2515,10.3355,9.99943,10.3355,0,0
MXC_PE,D,20220705,000000,10.3355,10.3355,9.83139,10.3355,0,0
MXC_PE,D,20220706,000000,10.3355,10.3355,10.3355,10.3355,0,0
MXC_PE,D,20220707,000000,10.2515,10.2515,10.0835,10.2515,0,0
MXC_PE,D,20220708,000000,10.3355,10.3355,10.1675,10.3355,0,0
MXC_PE,D,20220711,000000,10.1675,10.3355,10.1675,10.3355,0,0
MXC_PE,D,20220712,000000,10.2515,10.2515,10.1675,10.2515,0,0
MXC_PE,D,20220713,000000,10.3355,10.4196,10.3355,10.4196,0,0
MXC_PE,D,20220714,000000,10.5037,10.5877,10.4196,10.4196,0,0
MXC_PE,D,20220715,000000,10.4196,10.5037,10.1675,10.5037,0,0
MXC_PE,D,20220718,000000,10.4196,10.4196,10.4196,10.4196,0,0
MXC_PE,D,20220719,000000,10.3355,10.3355,10.1675,10.3355,0,0
MXC_PE,D,20220720,000000,10.4196,10.4196,10.1675,10.3355,0,0
MXC_PE,D,20220721,000000,10.5037,10.5037,10.4196,10.4196,0,0
MXC_PE,D,20220722,000000,10.5037,10.5037,10.0835,10.4196,0,0
MXC_PE,D,20220725,000000,10.4196,10.4196,10.3355,10.3355,0,0
MXC_PE,D,20220726,000000,10.4196,10.4196,10.1675,10.2515,0,0
MXC_PE,D,20220727,000000,10.3355,10.3355,10.1675,10.3355,0,0
MXC_PE,D,20220728,000000,10.2515,10.3355,10.2515,10.3355,0,0
MXC_PE,D,20220729,000000,10.3355,10.4196,10.3355,10.4196,0,0
MXC_PE,D,20220801,000000,10.4196,10.7557,10.4196,10.7557,0,0
MXC_PE,D,20220802,000000,10.6717,10.9238,10.6717,10.9238,0,0
MXC_PE,D,20220803,000000,11.0078,11.1758,10.8397,10.9238,0,0
MXC_PE,D,20220804,000000,10.9238,11.0918,10.8397,10.8397,0,0
MXC_PE,D,20220805,000000,11.0078,11.0918,10.9238,10.9238,0,0
MXC_PE,D,20220808,000000,11.0078,11.2599,11.0078,11.2599,0,0
MXC_PE,D,20220809,000000,12.2892,12.4713,11.47,11.47,0,0
MXC_PE,D,20220810,000000,11.561,11.561,11.0148,11.3789,0,0
MXC_PE,D,20220811,000000,11.1969,11.1969,10.7417,11.0148,0,0
MXC_PE,D,20220812,000000,11.0148,11.0148,11.0148,11.0148,0,0
MXC_PE,D,20220816,000000,11.0148,11.0148,10.7417,10.9238,0,0
MXC_PE,D,20220817,000000,10.9238,10.9238,10.6507,10.6507,0,0
MXC_PE,D,20220818,000000,10.8327,10.8327,10.8327,10.8327,0,0
MXC_PE,D,20220819,000000,10.8327,10.9238,10.5596,10.8327,0,0
MXC_PE,D,20220822,000000,10.7417,10.8327,9.92242,10.1045,0,0
MXC_PE,D,20220823,000000,10.3776,10.3776,10.1045,10.1955,0,0
MXC_PE,D,20220824,000000,10.1955,10.1955,10.1045,10.1955,0,0
MXC_PE,D,20220825,000000,10.4686,10.4686,10.2865,10.2865,0,0
MXC_PE,D,20220826,000000,10.2865,10.4686,10.1045,10.4686,0,0
MXC_PE,D,20220829,000000,10.5596,10.5596,9.74036,10.1045,0,0
MXC_PE,D,20220830,000000,10.1045,10.3776,10.1045,10.3776,0,0
MXC_PE,D,20220831,000000,10.3776,10.3776,9.83139,10.2865,0,0
MXC_PE,D,20220901,000000,10.1955,10.2865,9.83139,9.83139,0,0
MXC_PE,D,20220902,000000,10.0135,10.0135,10.0135,10.0135,0,0
MXC_PE,D,20220905,000000,10.0135,10.0135,9.83139,9.92242,0,0
MXC_PE,D,20220906,000000,9.92242,9.92242,9.64933,9.92242,0,0
MXC_PE,D,20220907,000000,9.74036,9.83139,9.46726,9.64933,0,0
MXC_PE,D,20220908,000000,9.5583,9.64933,9.46726,9.5583,0,0
MXC_PE,D,20220909,000000,9.5583,9.64933,9.46726,9.64933,0,0
MXC_PE,D,20220912,000000,9.83139,9.83139,9.37623,9.74036,0,0
MXC_PE,D,20220913,000000,9.64933,9.74036,9.46726,9.74036,0,0
MXC_PE,D,20220914,000000,9.74036,9.74036,9.64933,9.64933,0,0
MXC_PE,D,20220915,000000,9.64933,9.64933,9.5583,9.5583,0,0
MXC_PE,D,20220916,000000,9.64933,9.64933,9.5583,9.64933,0,0
MXC_PE,D,20220919,000000,9.64933,9.64933,9.5583,9.64933,0,0
MXC_PE,D,20220920,000000,9.64933,9.74036,9.5583,9.64933,0,0
MXC_PE,D,20220921,000000,9.64933,9.64933,9.64933,9.64933,0,0
MXC_PE,D,20220922,000000,9.64933,9.64933,9.46726,9.64933,0,0
MXC_PE,D,20220923,000000,9.64933,9.64933,9.5583,9.5583,0,0
MXC_PE,D,20220926,000000,9.37623,9.46726,9.2852,9.37623,0,0
MXC_PE,D,20220927,000000,9.10314,9.37623,9.10314,9.10314,0,0
MXC_PE,D,20220928,000000,9.2852,9.2852,8.92108,9.19417,0,0
MXC_PE,D,20220929,000000,9.2852,9.2852,9.2852,9.2852,0,0
MXC_PE,D,20220930,000000,9.37623,9.37623,8.64798,9.37623,0,0
MXC_PE,D,20221003,000000,9.37623,9.37623,8.73901,8.92108,0,0
MXC_PE,D,20221004,000000,9.37623,9.64933,8.55695,8.73901,0,0
MXC_PE,D,20221005,000000,8.64798,9.01211,8.64798,8.73901,0,0
MXC_PE,D,20221006,000000,8.55695,65.9978,8.46592,65.9978,0,0
MXC_PE,D,20221007,000000,65.9067,68.6377,65.9067,68.5466,0,0
MXC_PE,D,20221010,000000,68.5466,69.2749,68.5466,69.2749,0,0
MXC_PE,D,20221011,000000,69.2749,70.5493,66.3619,70.5493,0,0
MXC_PE,D,20221012,000000,69.2749,69.2749,69.0928,69.1839,0,0
MXC_PE,D,20221013,000000,69.2749,69.2749,66.4529,66.9991,0,0
MXC_PE,D,20221014,000000,68.6377,68.6377,66.9991,68.4556,0,0
MXC_PE,D,20221017,000000,68.4556,68.4556,66.9991,66.9991,0,0
MXC_PE,D,20221018,000000,66.9991,66.9991,64.9964,66.9081,0,0
MXC_PE,D,20221019,000000,66.9081,66.9081,64.2682,64.2682,0,0
MXC_PE,D,20221020,000000,64.3592,64.3592,64.2682,64.2682,0,0
MXC_PE,D,20221021,000000,62.3565,64.2682,62.3565,64.2682,0,0
MXC_PE,D,20221024,000000,64.2682,65.6336,64.2682,65.6336,0,0
MXC_PE,D,20221025,000000,65.5426,66.9081,63.6309,65.2695,0,0
MXC_PE,D,20221026,000000,66.726,66.726,63.9951,66.4529,0,0
MXC_PE,D,20221027,000000,66.2709,66.4529,65.9978,65.9978,0,0
MXC_PE,D,20221028,000000,64.6323,64.7233,64.2682,64.2682,0,0
MXC_PE,D,20221031,000000,64.2682,66.817,64.2682,65.6336,0,0
MXC_PE,D,20221102,000000,65.6336,70.6404,65.6336,70.5493,0,0
MXC_PE,D,20221103,000000,69.0928,70.3673,67.8184,70.2762,0,0
MXC_PE,D,20221104,000000,69.8211,70.5493,69.2749,69.2749,0,0
MXC_PE,D,20221107,000000,70.0031,71.4596,67.7274,71.4596,0,0
MXC_PE,D,20221108,000000,71.2776,75.0099,70.7314,72.552,0,0
MXC_PE,D,20221109,000000,73.2803,73.2803,71.4596,73.2803,0,0
MXC_PE,D,20221110,000000,73.2803,73.2803,72.9161,73.2803,0,0
MXC_PE,D,20221114,000000,73.2803,73.2803,72.9161,72.9161,0,0
MXC_PE,D,20221115,000000,73.2803,74.7368,71.1865,73.2803,0,0
MXC_PE,D,20221116,000000,72.9161,74.7368,72.9161,74.6457,0,0
MXC_PE,D,20221117,000000,74.6457,74.6457,74.6457,74.6457,0,0
MXC_PE,D,20221118,000000,74.2816,74.2816,71.8238,72.1879,0,0
MXC_PE,D,20221121,000000,71.4596,72.9161,71.4596,72.9161,0,0
MXC_PE,D,20221122,000000,72.552,72.9161,71.5507,72.9161,0,0
MXC_PE,D,20221123,000000,72.9161,72.9161,72.1879,72.1879,0,0
MXC_PE,D,20221124,000000,72.1879,73.5534,71.2776,73.2803,0,0
MXC_PE,D,20221125,000000,73.2803,73.2803,72.1879,73.2803,0,0
MXC_PE,D,20221128,000000,73.2803,73.2803,71.3686,72.552,0,0
MXC_PE,D,20221129,000000,72.9161,73.2803,72.552,72.9161,0,0
MXC_PE,D,20221130,000000,70.8224,72.9161,70.8224,71.1865,0,0
MXC_PE,D,20221201,000000,71.2776,72.552,69.2749,71.4596,0,0
MXC_PE,D,20221202,000000,71.1865,71.1865,70.0031,70.7314,0,0
MXC_PE,D,20221205,000000,71.0045,71.1865,69.0018,70.7314,0,0
MXC_PE,D,20221206,000000,70.6404,70.6404,68.2735,68.5466,0,0
MXC_PE,D,20221207,000000,70.3673,70.3673,70.0031,70.0031,0,0
MXC_PE,D,20221208,000000,65.9067,70.0031,65.9067,67.6363,0,0
MXC_PE,D,20221209,000000,68.5466,69.1839,67.1812,69.1839,0,0
MXC_PE,D,20221212,000000,69.1839,70.0031,67.1812,69.73,0,0
MXC_PE,D,20221213,000000,69.9121,69.9121,67.7274,69.73,0,0
MXC_PE,D,20231204,000000,91.2135,91.2135,91.2135,91.2135,0,0
MXC_PE,D,20231205,000000,92.0036,92.0036,90.0592,91.2135,0,0
MXC_PE,D,20231206,000000,90.8384,90.8384,90.2604,90.3942,0,0
MXC_PE,D,20231207,000000,91.1279,91.32,89.2007,91.2135,0,0
MXC_PE,D,20231208,000000,91.0314,91.0314,89.2954,91.0314,0,0
MXC_PE,D,20231211,000000,91.0314,91.0314,88.5244,91.0314,0,0
MXC_PE,D,20231212,000000,90.8384,90.8384,86.7884,90.03,0,0
MXC_PE,D,20231213,000000,90.2604,90.2604,89.0287,89.0287,0,0
MXC_PE,D,20231214,000000,88.6227,91.0314,88.2376,91.0314,0,0
MXC_PE,D,20231215,000000,91.0314,91.0314,89.8744,90.5762,0,0
MXC_PE,D,20231218,000000,90.3568,90.3568,89.3937,89.6659,0,0
MXC_PE,D,20231219,000000,89.6814,89.6814,86.9814,89.6659,0,0
MXC_PE,D,20231220,000000,89.6814,89.6814,86.7884,89.4839,0,0
MXC_PE,D,20231221,000000,88.5244,89.4884,86.0174,89.2108,0,0
MXC_PE,D,20231222,000000,85.9263,89.2108,83.8062,86.7529,0,0
MXC_PE,D,20231227,000000,86.7884,88.7174,85.8244,88.6646,0,0
MXC_PE,D,20231228,000000,88.6227,89.2108,88.4306,89.2108,0,0
MXC_PE,D,20231229,000000,89.2007,89.2108,87.0815,89.2108,0,0
MXC_PE,D,20240102,000000,89.3937,90.3942,89.3937,90.3942,0,0
MXC_PE,D,20240103,000000,89.7788,90.3942,88.6227,90.3942,0,0
MXC_PE,D,20240104,000000,90.3568,91.0314,89.0087,91.0314,0,0
MXC_PE,D,20240105,000000,91.0314,91.0314,90.6454,91.0314,0,0
MXC_PE,D,20240108,000000,91.6103,91.6103,88.9094,91.3955,0,0
MXC_PE,D,20240109,000000,91.0314,91.0314,90.7583,90.7583,0,0
MXC_PE,D,20240110,000000,90.5498,90.5762,89.2007,90.5762,0,0
MXC_PE,D,20240111,000000,89.2007,89.2108,89.2007,89.2108,0,0
MXC_PE,D,20240112,000000,90.1648,90.5762,90.1648,90.5762,0,0
MXC_PE,D,20240115,000000,90.1648,90.5498,89.2007,89.2108,0,0
MXC_PE,D,20240116,000000,89.2007,89.2108,89.0087,89.2108,0,0
MXC_PE,D,20240117,000000,88.6227,88.8466,87.6596,88.8466,0,0
MXC_PE,D,20240118,000000,89.2007,89.2007,86.6965,86.7529,0,0
MXC_PE,D,20240119,000000,87.9454,89.1024,87.9454,89.0287,0,0
MXC_PE,D,20240122,000000,88.6227,88.8466,88.6227,88.8466,0,0
MXC_PE,D,20240123,000000,88.8157,88.8466,88.8157,88.8466,0,0
MXC_PE,D,20240124,000000,88.8157,88.8157,86.6965,86.7529,0,0
MXC_PE,D,20240125,000000,87.5595,92.1884,87.5595,90.3942,0,0
MXC_PE,D,20240126,000000,90.3568,91.2135,87.6596,91.2135,0,0
MXC_PE,D,20240129,000000,91.2244,91.2244,89.6659,89.6659,0,0
MXC_PE,D,20240130,000000,91.2244,91.2244,91.0314,91.0314,0,0
MXC_PE,D,20240131,000000,91.2244,91.2244,90.8384,91.2135,0,0
MXC_PE,D,20240201,000000,91.0314,91.6103,89.1024,91.5776,0,0
MXC_PE,D,20240202,000000,91.6103,91.6103,90.5762,90.5762,0,0
MXC_PE,D,20240205,000000,91.32,91.32,89.5867,89.6659,0,0
MXC_PE,D,20240206,000000,91.6103,91.6103,89.6814,91.5776,0,0
MXC_PE,D,20240207,000000,91.4174,91.4174,91.2135,91.2135,0,0
MXC_PE,D,20240208,000000,91.2244,91.2244,90.6454,91.2135,0,0
MXC_PE,D,20240209,000000,91.2244,91.2244,90.6454,91.2135,0,0
MXC_PE,D,20240212,000000,91.2244,91.2244,90.5762,90.5762,0,0
MXC_PE,D,20240213,000000,90.5498,90.5762,90.3568,90.5762,0,0
MXC_PE,D,20240214,000000,90.5498,90.5762,89.5867,90.5762,0,0
MXC_PE,D,20240215,000000,90.5498,90.5762,90.1648,90.5762,0,0
MXC_PE,D,20240216,000000,90.5498,90.5762,89.0087,90.5762,0,0
MXC_PE,D,20240219,000000,90.5498,90.5762,89.2007,90.5762,0,0
MXC_PE,D,20240220,000000,90.5498,90.5762,90.5498,90.5762,0,0
MXC_PE,D,20240221,000000,90.3568,90.5762,88.6227,90.5762,0,0
MXC_PE,D,20240222,000000,90.5498,90.5762,90.5498,90.5762,0,0
MXC_PE,D,20240223,000000,88.8157,90.5498,88.8157,89.0287,0,0
MXC_PE,D,20240226,000000,90.3568,90.3942,90.3568,90.3942,0,0
MXC_PE,D,20240227,000000,89.5867,91.3955,89.5867,91.3955,0,0
MXC_PE,D,20240228,000000,91.4174,91.4174,89.6814,91.3955,0,0
MXC_PE,D,20240229,000000,91.4174,91.4174,89.6814,91.2135,0,0
MXC_PE,D,20240301,000000,91.2244,91.2244,89.6814,90.7583,0,0
MXC_PE,D,20240304,000000,90.7428,90.7428,89.5867,90.7428,0,0
MXC_PE,D,20240305,000000,90.7428,90.7428,88.6227,90.5762,0,0
MXC_PE,D,20240306,000000,90.5498,90.7583,89.5867,90.7583,0,0
MXC_PE,D,20240307,000000,90.7428,91.0314,89.5867,91.0314,0,0
MXC_PE,D,20240308,000000,91.0314,91.0314,90.5762,90.5762,0,0
MXC_PE,D,20240311,000000,90.9349,91.1279,90.3568,90.3942,0,0
MXC_PE,D,20240312,000000,90.3568,92.761,90.3568,92.761,0,0
MXC_PE,D,20240313,000000,93.1533,95.0814,93.1533,95.0368,0,0
MXC_PE,D,20240314,000000,95.0814,96.2384,91.9954,96.2202,0,0
MXC_PE,D,20240315,000000,96.2384,96.2384,93.5384,95.8533,0,0
MXC_PE,D,20240318,000000,95.8533,95.8533,93.9244,94.8547,0,0
MXC_PE,D,20240319,000000,94.8884,94.8884,93.7314,94.3085,0,0
MXC_PE,D,20240320,000000,95.8533,104.146,93.1533,96.2202,0,0
MXC_PE,D,20240321,000000,96.2384,103.181,95.8533,103.139,0,0
MXC_PE,D,20240322,000000,102.217,102.217,93.5384,102.137,0,0
MXC_PE,D,20240325,000000,102.109,103.073,98.7381,99.7704,0,0
MXC_PE,D,20240326,000000,100.288,101.735,100.288,101.682,0,0
MXC_PE,D,20240327,000000,101.735,101.735,101.227,101.227,0,0
MXC_PE,D,20240328,000000,100.771,105.11,100.771,105.05,0,0
MXC_PE,D,20240402,000000,98.2566,104.999,98.2566,103.139,0,0
MXC_PE,D,20240403,000000,104.146,105.11,101.253,104.595,0,0
MXC_PE,D,20240404,000000,104.628,105.11,102.137,102.137,0,0
MXC_PE,D,20240405,000000,105.481,105.481,99.7012,102.683,0,0
MXC_PE,D,20240408,000000,99.8068,103.181,99.8068,103.139,0,0
MXC_PE,D,20240409,000000,102.7,103.664,96.4022,96.4022,0,0
MXC_PE,D,20240410,000000,97.8779,98.8428,92.7674,96.2202,0,0
MXC_PE,D,20240411,000000,97.8779,97.8779,94.4906,94.4906,0,0
MXC_PE,D,20240412,000000,96.0454,101.253,93.5384,95.4009,0,0
MXC_PE,D,20240415,000000,97.2925,101.146,95.3663,95.4009,0,0
MXC_PE,D,20240416,000000,102.109,110.779,96.811,103.139,0,0
MXC_PE,D,20240417,000000,103.664,106.052,96.9138,106.052,0,0
MXC_PE,D,20240418,000000,106.074,106.074,101.253,106.052,0,0
MXC_PE,D,20240419,000000,106.074,106.074,101.735,106.052,0,0
MXC_PE,D,20240422,000000,100.288,109.932,100.288,109.875,0,0
MXC_PE,D,20240423,000000,109.45,109.45,104.146,109.42,0,0
MXC_PE,D,20240424,000000,109.932,110.896,106.557,107.963,0,0
MXC_PE,D,20240425,000000,110.896,110.896,104.146,106.052,0,0
MXC_PE,D,20240426,000000,106.074,106.074,104.146,106.052,0,0
MXC_PE,D,20240429,000000,110.896,110.896,103.181,107.508,0,0
MXC_PE,D,20240430,000000,103.664,109.932,103.181,103.594,0,0
MXC_PE,D,20240502,000000,98.7381,103.073,97.2925,100.183,0,0
MXC_PE,D,20240506,000000,99.7012,103.073,42.7848,42.7848,0,0
MXC_PE,D,20240507,000000,42.7775,42.7775,40.7784,41.6013,0,0
MXC_PE,D,20240508,000000,42.5963,42.7957,41.1963,41.7834,0,0
MXC_PE,D,20240509,000000,42.5772,42.5772,41.5777,41.7834,0,0
MXC_PE,D,20240510,000000,41.5777,42.3769,41.5777,41.6013,0,0
MXC_PE,D,20240513,000000,41.5959,41.5959,39.9965,41.3283,0,0
MXC_PE,D,20240514,000000,41.1234,41.5231,41.1234,41.3283,0,0
MXC_PE,D,20240515,000000,40.9241,41.5231,40.9241,41.3283,0,0
MXC_PE,D,20240516,000000,41.1234,42.1475,40.7247,42.1475,0,0
MXC_PE,D,20240517,000000,41.7406,42.3405,41.1416,41.6013,0,0
MXC_PE,D,20240520,000000,41.9964,41.9964,40.1958,41.1462,0,0
MXC_PE,D,20240521,000000,40.742,41.3419,39.9437,39.9628,0,0
MXC_PE,D,20240522,000000,39.961,41.7597,39.961,41.6013,0,0
MXC_PE,D,20240523,000000,41.1963,41.7962,41.1963,41.7834,0,0
MXC_PE,D,20240524,000000,39.8991,41.178,39.8991,41.1462,0,0
MXC_PE,D,20240527,000000,41.1416,41.1416,39.9437,40.7821,0,0
MXC_PE,D,20240528,000000,40.5782,41.7779,39.8717,39.8717,0,0
MXC_PE,D,20240529,000000,40.5427,42.1403,40.3433,41.6013,0,0
MXC_PE,D,20240531,000000,41.5959,45.5958,19.4807,19.4807,0,0
MXC_PE,D,20240603,000000,19.2213,19.4807,18.788,19.3897,0,0
MXC_PE,D,20240604,000000,19.65,19.65,19.2987,19.2987,0,0
MXC_PE,D,20240605,000000,19.5599,19.5717,19.041,19.5717,0,0
MXC_PE,D,20240606,000000,19.9177,20.1771,19.5708,20.0269,0,0
MXC_PE,D,20240607,000000,20.026,20.026,19.508,19.8448,0,0
MXC_PE,D,20240610,000000,20.0187,20.0187,19.0693,19.8448,0,0
MXC_PE,D,20240611,000000,20.0187,20.0187,19.5007,19.5717,0,0
MXC_PE,D,20240612,000000,19.9177,19.9177,19.7438,19.8448,0,0
MXC_PE,D,20240613,000000,19.8458,19.8458,19.4143,19.5717,0,0
MXC_PE,D,20240614,000000,19.7438,19.7438,19.3897,19.3897,0,0
MXC_PE,D,20240617,000000,19.5636,19.5636,19.2987,19.2987,0,0
MXC_PE,D,20240618,000000,19.5599,19.5599,19.3005,19.4734,0,0
MXC_PE,D,20240619,000000,19.5599,19.7329,19.5599,19.6628,0,0
MXC_PE,D,20240620,000000,19.5754,19.6619,19.2304,19.3897,0,0
MXC_PE,D,20240621,000000,19.3906,19.3906,19.2987,19.2987,0,0
MXC_PE,D,20240624,000000,19.6464,19.7329,19.6464,19.6628,0,0
MXC_PE,D,20240625,000000,19.6619,19.8348,19.4033,19.6628,0,0
MXC_PE,D,20240626,000000,19.7483,19.7483,19.4033,19.6628,0,0
MXC_PE,D,20240627,000000,19.6619,19.6628,19.5754,19.6628,0,0
MXC_PE,D,20240628,000000,19.661,19.661,19.5717,19.5717,0,0
MXC_PE,D,20240701,000000,19.5708,19.5717,19.3979,19.5717,0,0
MXC_PE,D,20240702,000000,19.3979,19.5708,19.3897,19.3897,0,0
MXC_PE,D,20240703,000000,19.5636,19.5717,19.3906,19.5717,0,0
MXC_PE,D,20240704,000000,19.3979,19.6628,19.3979,19.6628,0,0
MXC_PE,D,20240705,000000,19.5745,20.0078,19.5745,19.6628,0,0
MXC_PE,D,20240708,000000,19.6619,19.7538,19.6619,19.7538,0,0
MXC_PE,D,20240709,000000,19.8421,19.8448,19.6692,19.8448,0,0
MXC_PE,D,20240710,000000,19.8458,19.8458,19.5872,19.8448,0,0
MXC_PE,D,20240711,000000,19.8458,19.8458,19.5007,19.8448,0,0
MXC_PE,D,20240712,000000,19.8458,19.8458,19.4143,19.5717,0,0
MXC_PE,D,20240715,000000,19.8312,19.8312,19.7538,19.7538,0,0
MXC_PE,D,20240716,000000,19.7556,19.7556,19.0656,19.3897,0,0
MXC_PE,D,20240717,000000,19.65,19.7365,19.3906,19.6628,0,0
MXC_PE,D,20240718,000000,19.7483,19.7538,19.6619,19.7538,0,0
MXC_PE,D,20240719,000000,19.7556,19.7556,19.3241,19.6628,0,0
MXC_PE,D,20240722,000000,19.6619,19.6628,18.9719,19.6628,0,0
MXC_PE,D,20240723,000000,19.6619,19.6619,18.9719,19.2987,0,0
MXC_PE,D,20240724,000000,19.585,19.585,18.216,19.2,0,0
MXC_PE,D,20240725,000000,19.011,19.106,18.517,19.1,0,0
MXC_PE,D,20240726,000000,18.51,19.2,18.51,19.2,0,0
MXC_PE,D,20240729,000000,19.202,19.202,19.2,19.2,0,0
MXC_PE,D,20240730,000000,21.093,21.093,18.8,18.8,0,0
MXC_PE,D,20240731,000000,18.799,19.045,18.457,19,0,0
MXC_PE,D,20240801,000000,18.963,18.963,18.6,18.6,0,0
MXC_PE,D,20240802,000000,18.902,19.034,18.561,18.9,0,0
MXC_PE,D,20240805,000000,18.786,18.786,16.964,17.6,0,0
MXC_PE,D,20240806,000000,17.94,17.978,17.485,17.7,0,0
MXC_PE,D,20240807,000000,17.891,17.891,17.244,17.8,0,0
MXC_PE,D,20240808,000000,17.763,17.992,17.763,17.8,0,0
MXC_PE,D,20240809,000000,17.194,17.7,17.194,17.7,0,0
MXC_PE,D,20240812,000000,17.891,17.891,17.168,17.7,0,0
MXC_PE,D,20240813,000000,17.622,17.8,17.622,17.8,0,0
MXC_PE,D,20240814,000000,17.839,17.878,17.8,17.8,0,0
MXC_PE,D,20240816,000000,17.837,17.875,17.761,17.8,0,0
MXC_PE,D,20240819,000000,17.916,18.068,17.916,18,0,0
MXC_PE,D,20240820,000000,18.037,18.075,17.998,18,0,0
MXC_PE,D,20240821,000000,18.037,18.645,18.037,18.6,0,0
MXC_PE,D,20240822,000000,20.35,20.35,18.638,19.5,0,0
MXC_PE,D,20240823,000000,19.882,19.882,19.8,19.8,0,0
MXC_PE,D,20240826,000000,19.704,20,19.704,20,0,0
MXC_PE,D,20240827,000000,20,20,19.336,19.4,0,0
MXC_PE,D,20240828,000000,19.399,19.97,19.209,19.9,0,0
MXC_PE,D,20240829,000000,19.807,19.807,19.333,19.4,0,0
MXC_PE,D,20240830,000000,19.209,19.209,18.638,19.1,0,0
MXC_PE,D,20240902,000000,19.099,19.099,18.624,19.004,0,0
MXC_PE,D,20240903,000000,19.099,19.194,18.928,19,0,0
MXC_PE,D,20240904,000000,18.925,18.925,17.899,18.1,0,0
MXC_PE,D,20240905,000000,17.644,18.1,17.644,18.1,0,0
MXC_PE,D,20240906,000000,18.099,18.099,17.6,17.6,0,0
MXC_PE,D,20240909,000000,17.978,17.978,17.599,17.8,0,0
MXC_PE,D,20240910,000000,17.724,17.724,17.345,17.4,0,0
MXC_PE,D,20240911,000000,17.249,17.401,17.173,17.3,0,0
MXC_PE,D,20240912,000000,17.338,17.605,17.11,17.6,0,0
MXC_PE,D,20240913,000000,17.601,17.677,17.6,17.6,0,0
MXC_PE,D,20240916,000000,17.523,17.637,17.334,17.6,0,0
MXC_PE,D,20240917,000000,17.677,17.7,17.677,17.7,0,0
MXC_PE,D,20240918,000000,17.663,17.815,17.663,17.7,0,0
MXC_PE,D,20240919,000000,17.586,17.737,17.586,17.7,0,0
MXC_PE,D,20240920,000000,17.774,17.8,17.509,17.8,0,0
MXC_PE,D,20240923,000000,17.801,17.801,17.535,17.7,0,0
MXC_PE,D,20240924,000000,17.699,18.192,17.396,17.8,0,0
MXC_PE,D,20240925,000000,17.8,17.8,17.8,17.8,0,0
MXC_PE,D,20240926,000000,17.762,17.8,17.762,17.8,0,0
MXC_PE,D,20240927,000000,17.761,18,17.761,18,0,0
MXC_PE,D,20240930,000000,17.466,17.466,16.895,17.1,0,0
MXC_PE,D,20241001,000000,17.253,85.9,16.721,85.9,0,0
MXC_PE,D,20241002,000000,85.687,85.878,85.496,85.7,0,0
MXC_PE,D,20241003,000000,85.878,85.9,84.924,85.9,0,0
MXC_PE,D,20241004,000000,85.687,85.9,84.924,85.9,0,0
MXC_PE,D,20241007,000000,85.687,85.9,85.687,85.9,0,0
MXC_PE,D,20241008,000000,85.878,85.878,85.496,85.7,0,0
MXC_PE,D,20241009,000000,85.878,85.9,85.878,85.9,0,0
MXC_PE,D,20241010,000000,85.687,86.832,84.924,86.8,0,0
MXC_PE,D,20241011,000000,86.641,87.405,86.069,86.1,0,0
MXC_PE,D,20241014,000000,87.405,87.405,85.878,86.6,0,0
MXC_PE,D,20241015,000000,86.641,87.405,84.16,85.7,0,0
MXC_PE,D,20241016,000000,85.687,87.405,83.397,85.9,0,0
MXC_PE,D,20241017,000000,86.069,87.405,82,82,0,0
MXC_PE,D,20241018,000000,83.699,84.9,81.03,84.9,0,0
MXC_PE,D,20241021,000000,84.924,85.115,83.397,85.1,0,0
MXC_PE,D,20241022,000000,85.115,87.405,85.115,87.4,0,0
MXC_PE,D,20241023,000000,87.405,87.405,84.16,85.7,0,0
MXC_PE,D,20241024,000000,85.687,87.405,85.687,85.7,0,0
MXC_PE,D,20241025,000000,85.496,85.5,85.496,85.5,0,0
MXC_PE,D,20241028,000000,85.496,85.5,85.496,85.5,0,0
MXC_PE,D,20241029,000000,85.496,85.5,80.153,82.2,0,0
MXC_PE,D,20241030,000000,83.508,85.033,83.508,84,0,0
MXC_PE,D,20241031,000000,83.969,83.969,79.771,82.8,0,0
MXC_PE,D,20241104,000000,82.824,83.015,80.534,82.8,0,0
MXC_PE,D,20241105,000000,82.634,83.779,81.679,83.2,0,0
MXC_PE,D,20241106,000000,83.206,83.397,82.6,82.6,0,0
MXC_PE,D,20241107,000000,82.061,83.206,80.153,81.5,0,0
MXC_PE,D,20241108,000000,81.489,81.489,81.107,81.3,0,0
MXC_PE,D,20241112,000000,82.061,82.824,79.58,82.8,0,0
MXC_PE,D,20241113,000000,81.107,81.107,79.198,80.1,0,0
MXC_PE,D,20241114,000000,80.076,80.076,77.407,79,0,0
MXC_PE,D,20241115,000000,79.008,80.916,78.053,78.2,0,0
MXC_PE,D,20241118,000000,78.17,78.2,78.17,78.2,0,0
MXC_PE,D,20241119,000000,78.551,79.695,78.551,79.2,0,0
MXC_PE,D,20241120,000000,79.389,79.8,77.863,79.8,0,0
MXC_PE,D,20241121,000000,79.58,79.771,77.481,79.6,0,0
MXC_PE,D,20241122,000000,79.58,79.58,79.389,79.4,0,0
MXC_PE,D,20241125,000000,79.58,79.58,78.2,78.2,0,0
MXC_PE,D,20241126,000000,77.979,79.8,77.407,79.8,0,0
MXC_PE,D,20241127,000000,79.771,79.771,78.244,79.6,0,0
MXC_PE,D,20241128,000000,79.58,79.771,78.244,79.6,0,0
MXC_PE,D,20241129,000000,79.58,79.8,78.244,79.8,0,0
MXC_PE,D,20241202,000000,76.336,79.2,76.336,79.2,0,0
MXC_PE,D,20241203,000000,78.626,79.198,77.481,77.7,0,0
MXC_PE,D,20241204,000000,77.672,77.672,77.29,77.3,0,0
MXC_PE,D,20241205,000000,77.29,77.29,76.336,77.1,0,0
MXC_PE,D,20241206,000000,77.099,77.099,76.336,76.9,0,0
MXC_PE,D,20241209,000000,76.336,76.718,75.382,76.7,0,0
MXC_PE,D,20241210,000000,76.718,76.718,75,75,0,0
