<TICKER>,<PER>,<DATE>,<TIME>,<OPEN>,<HIGH>,<LOW>,<CLOSE>,<VOL>,<OPENINT>
NCL_PB,D,20220412,000000,11.77,11.77,11.77,11.77,0,0
NCL_PB,D,20220413,000000,12.17,12.84,11.32,12.66,0,0
NCL_PB,D,20220414,000000,12.66,14.99,12.66,14.91,0,0
NCL_PB,D,20220419,000000,15.73,19.58,15.73,19.58,0,0
NCL_PB,D,20220420,000000,20.19,20.19,17.14,17.16,0,0
NCL_PB,D,20220421,000000,16.82,16.82,14.75,15.39,0,0
NCL_PB,D,20220422,000000,15.3,16.3,14.78,16.15,0,0
NCL_PB,D,20220425,000000,16.2,16.2,14.68,14.87,0,0
NCL_PB,D,20220426,000000,15.84,16.82,13.52,16.15,0,0
NCL_PB,D,20220427,000000,16.3,16.3,14.18,14.38,0,0
NCL_PB,D,20220428,000000,14.68,14.99,14.02,14.61,0,0
NCL_PB,D,20220429,000000,14.61,14.62,13.92,13.93,0,0
NCL_PB,D,20220502,000000,13.87,14.32,13.55,14.32,0,0
NCL_PB,D,20220504,000000,14.62,16.46,14.62,15.67,0,0
NCL_PB,D,20220505,000000,16.14,16.55,14.99,14.99,0,0
NCL_PB,D,20220506,000000,14.53,15.11,14.22,15.02,0,0
NCL_PB,D,20220509,000000,14.99,15.6,14.42,15.36,0,0
NCL_PB,D,20220510,000000,15.36,15.75,14.71,15.5,0,0
NCL_PB,D,20220511,000000,15.05,15.17,14.53,14.92,0,0
NCL_PB,D,20220512,000000,14.68,14.68,13.77,14.13,0,0
NCL_PB,D,20220513,000000,14.38,14.59,13.85,14.43,0,0
NCL_PB,D,20220516,000000,14.35,16.2,13.77,16.2,0,0
NCL_PB,D,20220517,000000,15.84,16.45,15.77,16.28,0,0
NCL_PB,D,20220518,000000,15.81,16.63,15.81,16.15,0,0
NCL_PB,D,20220519,000000,15.74,16.45,15.52,16.45,0,0
NCL_PB,D,20220520,000000,15.6,16.4,15.6,16.24,0,0
NCL_PB,D,20220523,000000,16.11,16.39,15.65,16.11,0,0
NCL_PB,D,20220524,000000,16.11,16.11,15.29,15.97,0,0
NCL_PB,D,20220525,000000,15.75,15.94,15.43,15.77,0,0
NCL_PB,D,20220526,000000,15.77,15.77,15.42,15.43,0,0
NCL_PB,D,20220527,000000,15.84,15.84,15.08,15.43,0,0
NCL_PB,D,20220530,000000,15.43,15.43,14.06,14.5,0,0
NCL_PB,D,20220531,000000,15.74,15.74,13.71,14.57,0,0
NCL_PB,D,20220601,000000,14.4,15.08,13.71,14.09,0,0
NCL_PB,D,20220602,000000,14.07,14.74,13.87,14.71,0,0
NCL_PB,D,20220603,000000,14.74,14.84,14.11,14.57,0,0
NCL_PB,D,20220606,000000,14.57,14.57,13.71,13.88,0,0
NCL_PB,D,20220607,000000,13.71,14.33,13.71,14.06,0,0
NCL_PB,D,20220608,000000,14.4,14.4,13.37,13.42,0,0
NCL_PB,D,20220609,000000,13.44,13.44,12.1,12.97,0,0
NCL_PB,D,20220610,000000,12.22,13.15,12.22,13.03,0,0
NCL_PB,D,20220613,000000,13.01,13.03,12.1,12.24,0,0
NCL_PB,D,20220614,000000,12.86,13.03,12.51,13.03,0,0
NCL_PB,D,20220615,000000,13.03,14.23,13.03,14.19,0,0
NCL_PB,D,20220617,000000,14.16,14.16,13.2,13.23,0,0
NCL_PB,D,20220620,000000,13.03,13.71,12.34,12.99,0,0
NCL_PB,D,20220621,000000,13.16,13.16,13.03,13.03,0,0
NCL_PB,D,20220622,000000,12.68,13.47,12.34,12.84,0,0
NCL_PB,D,20220623,000000,12.34,12.8,12.31,12.8,0,0
NCL_PB,D,20220624,000000,12.92,13.3,12.38,13.27,0,0
NCL_PB,D,20220627,000000,13.3,13.3,13.03,13.08,0,0
NCL_PB,D,20220628,000000,13.08,13.08,12.29,12.86,0,0
NCL_PB,D,20220629,000000,12.27,13.08,12.08,13.08,0,0
NCL_PB,D,20220630,000000,13.22,14.23,13.22,14.11,0,0
NCL_PB,D,20220701,000000,14.11,14.23,13.88,14.23,0,0
NCL_PB,D,20220704,000000,14.12,14.14,13.95,14.14,0,0
NCL_PB,D,20220705,000000,14.14,14.54,14.14,14.5,0,0
NCL_PB,D,20220706,000000,14.54,16.11,14.54,16.11,0,0
NCL_PB,D,20220707,000000,16.04,17.65,15.77,17.55,0,0
NCL_PB,D,20220708,000000,17.55,17.55,16.11,16.8,0,0
NCL_PB,D,20220711,000000,16.32,16.9,15.96,16.9,0,0
NCL_PB,D,20220712,000000,17.06,17.06,16.45,16.73,0,0
NCL_PB,D,20220713,000000,16.45,16.45,15.46,16.28,0,0
NCL_PB,D,20220714,000000,16.69,16.71,16.45,16.71,0,0
NCL_PB,D,20220715,000000,16.73,16.73,16.28,16.73,0,0
NCL_PB,D,20220718,000000,17.07,17.11,16.54,16.87,0,0
NCL_PB,D,20220719,000000,15.63,17.04,15.63,17.04,0,0
NCL_PB,D,20220720,000000,17.07,17.07,17,17,0,0
NCL_PB,D,20220721,000000,17.04,17.04,16.11,16.11,0,0
NCL_PB,D,20220722,000000,15.74,16.69,15.74,16.32,0,0
NCL_PB,D,20220725,000000,16.11,17,16.01,16.11,0,0
NCL_PB,D,20220726,000000,16.11,16.11,15.7,16.11,0,0
NCL_PB,D,20220727,000000,15.77,16.59,15.77,16.59,0,0
NCL_PB,D,20220728,000000,16.59,16.61,16.28,16.44,0,0
NCL_PB,D,20220729,000000,16.44,16.61,16.11,16.45,0,0
NCL_PB,D,20220801,000000,16.45,16.76,16.42,16.69,0,0
NCL_PB,D,20220802,000000,16.45,16.73,16.45,16.45,0,0
NCL_PB,D,20220803,000000,16.45,16.8,16.28,16.69,0,0
NCL_PB,D,20220804,000000,16.45,17.83,16.45,17.28,0,0
NCL_PB,D,20220805,000000,17.76,17.96,16.49,17.72,0,0
NCL_PB,D,20220808,000000,17.59,18.82,17.59,18.51,0,0
NCL_PB,D,20220809,000000,18.79,18.82,18.44,18.61,0,0
NCL_PB,D,20220810,000000,18.68,19.68,18.48,19.03,0,0
NCL_PB,D,20220811,000000,18.51,18.96,18.48,18.85,0,0
NCL_PB,D,20220812,000000,18.85,19.88,18.85,19.47,0,0
NCL_PB,D,20220816,000000,19.54,26.32,19.54,26.32,0,0
NCL_PB,D,20220817,000000,26.32,30.95,25.56,28.66,0,0
NCL_PB,D,20220818,000000,29.76,35.03,28.87,34.01,0,0
NCL_PB,D,20220819,000000,33.97,35.2,33.12,33.33,0,0
NCL_PB,D,20220822,000000,33.37,38.08,33.37,36.94,0,0
NCL_PB,D,20220823,000000,37.36,41.14,37.36,39.91,0,0
NCL_PB,D,20220824,000000,39.91,40.97,38.68,39.91,0,0
NCL_PB,D,20220825,000000,39.91,54.34,39.91,47.98,0,0
NCL_PB,D,20220826,000000,48.82,55.2,48.4,51.37,0,0
NCL_PB,D,20220829,000000,50.95,50.95,46.28,49.25,0,0
NCL_PB,D,20220830,000000,46.7,48.82,43.22,43.22,0,0
NCL_PB,D,20220831,000000,41.18,47.55,39.82,42.46,0,0
NCL_PB,D,20220901,000000,42.46,45.43,40.33,43.9,0,0
NCL_PB,D,20220902,000000,43.9,52.99,43.9,50.1,0,0
NCL_PB,D,20220905,000000,50.52,50.95,48.82,50.1,0,0
NCL_PB,D,20220906,000000,50.1,51.8,49.51,50.61,0,0
NCL_PB,D,20220907,000000,50.78,50.78,48.23,49.93,0,0
NCL_PB,D,20220908,000000,48.82,49.68,45.26,49.68,0,0
NCL_PB,D,20220909,000000,49.25,50.1,46.79,49.16,0,0
NCL_PB,D,20220912,000000,49.16,49.16,45.43,45.94,0,0
NCL_PB,D,20220913,000000,45.94,45.94,43.73,44.41,0,0
NCL_PB,D,20220914,000000,44.41,53.24,44.41,49.08,0,0
NCL_PB,D,20220915,000000,48.4,48.4,44.58,47.04,0,0
NCL_PB,D,20220916,000000,45.18,46.28,43.99,45.94,0,0
NCL_PB,D,20220919,000000,46.28,46.79,42.88,43.31,0,0
NCL_PB,D,20220920,000000,44.83,44.83,40.76,41.86,0,0
NCL_PB,D,20220921,000000,40.38,43.99,39.91,42.03,0,0
NCL_PB,D,20220922,000000,42.71,43.65,39.95,43.14,0,0
NCL_PB,D,20220923,000000,43.56,43.82,41.61,43.56,0,0
NCL_PB,D,20220926,000000,43.65,43.65,41.61,42.8,0,0
NCL_PB,D,20220927,000000,41.65,44.16,41.65,44.16,0,0
NCL_PB,D,20220928,000000,43.73,45.01,42.46,44.07,0,0
NCL_PB,D,20220929,000000,42.46,43.73,41.4,42.88,0,0
NCL_PB,D,20220930,000000,41.35,43.31,41.35,42.46,0,0
NCL_PB,D,20221003,000000,40.97,41.61,40.76,41.31,0,0
NCL_PB,D,20221004,000000,41.18,41.99,40.25,41.82,0,0
NCL_PB,D,20221005,000000,40.97,41.61,40.72,41.61,0,0
NCL_PB,D,20221006,000000,41.61,43.73,40.59,43.31,0,0
NCL_PB,D,20221007,000000,42.46,42.71,41.65,41.78,0,0
NCL_PB,D,20221010,000000,42.29,42.29,38.97,39.27,0,0
NCL_PB,D,20221011,000000,39.32,41.4,39.32,40.5,0,0
NCL_PB,D,20221012,000000,40.76,40.76,38.64,39.91,0,0
NCL_PB,D,20221013,000000,39.91,41.18,39.49,41.18,0,0
NCL_PB,D,20221014,000000,41.86,43.14,41.61,42.46,0,0
NCL_PB,D,20221017,000000,42.46,42.46,39.1,42.03,0,0
NCL_PB,D,20221018,000000,43.14,45.85,42.88,44.41,0,0
NCL_PB,D,20221019,000000,44.41,44.41,42.03,43.56,0,0
NCL_PB,D,20221020,000000,41.14,44.07,41.14,42.8,0,0
NCL_PB,D,20221021,000000,42.8,42.8,41.44,42.37,0,0
NCL_PB,D,20221024,000000,42.37,45.01,40.89,41.4,0,0
NCL_PB,D,20221025,000000,41.4,42.24,40.16,42.2,0,0
NCL_PB,D,20221026,000000,42.03,42.03,41.61,41.78,0,0
NCL_PB,D,20221027,000000,42.12,42.12,41.44,41.82,0,0
NCL_PB,D,20221028,000000,41.61,41.99,40.76,41.4,0,0
NCL_PB,D,20221031,000000,40.76,42.16,40.5,41.52,0,0
NCL_PB,D,20221102,000000,41.1,41.18,39.82,40.29,0,0
NCL_PB,D,20221103,000000,39.74,39.91,38.21,38.55,0,0
NCL_PB,D,20221104,000000,38.17,39.7,36.09,39.49,0,0
NCL_PB,D,20221107,000000,40.33,41.99,40.33,41.99,0,0
NCL_PB,D,20221108,000000,42.03,43.99,41.61,42.46,0,0
NCL_PB,D,20221109,000000,42.71,42.71,40.72,41.18,0,0
NCL_PB,D,20221110,000000,41.27,41.99,40.63,41.99,0,0
NCL_PB,D,20221114,000000,42.46,48.92,40.97,48.92,0,0
NCL_PB,D,20221115,000000,49.42,49.42,47.92,47.92,0,0
NCL_PB,D,20221116,000000,47.82,48.92,46.32,47.42,0,0
NCL_PB,D,20221117,000000,46.92,48.42,46.17,48.12,0,0
NCL_PB,D,20221118,000000,46.72,48.42,46.72,47.77,0,0
NCL_PB,D,20221121,000000,47.92,48.42,47.42,48.42,0,0
NCL_PB,D,20221122,000000,47.92,48.42,47.02,47.92,0,0
NCL_PB,D,20221123,000000,47.87,48.42,47.42,48.37,0,0
NCL_PB,D,20221124,000000,48.37,49.42,47.67,48.92,0,0
NCL_PB,D,20221125,000000,49.32,50.31,48.42,49.42,0,0
NCL_PB,D,20221128,000000,49.42,49.92,48.72,48.72,0,0
NCL_PB,D,20221129,000000,48.67,49.77,48.12,48.92,0,0
NCL_PB,D,20221130,000000,49.36,49.36,48.67,48.67,0,0
NCL_PB,D,20221201,000000,49.36,49.36,48.27,48.82,0,0
NCL_PB,D,20221202,000000,48.42,49.36,48.42,49.36,0,0
NCL_PB,D,20221205,000000,49.42,49.42,46.97,48.82,0,0
NCL_PB,D,20221206,000000,47.62,49.17,47.57,48.92,0,0
NCL_PB,D,20221207,000000,48.67,50.42,48.67,49.92,0,0
NCL_PB,D,20221208,000000,49.92,49.92,49.17,49.86,0,0
NCL_PB,D,20221209,000000,49.42,49.61,48.67,49.42,0,0
NCL_PB,D,20221212,000000,48.77,49.32,48.57,49.32,0,0
NCL_PB,D,20221213,000000,49.17,49.61,48.72,49.52,0,0
NCL_PB,D,20221214,000000,49.27,49.61,48.72,48.77,0,0
NCL_PB,D,20221215,000000,48.92,49.61,48.92,49.02,0,0
NCL_PB,D,20221216,000000,49.17,49.17,48.62,48.77,0,0
NCL_PB,D,20221219,000000,49.17,49.17,47.67,48.57,0,0
NCL_PB,D,20221220,000000,48.52,48.52,47.02,48.02,0,0
NCL_PB,D,20221221,000000,48.12,48.12,47.42,47.92,0,0
NCL_PB,D,20221222,000000,47.92,48.17,47.02,47.92,0,0
NCL_PB,D,20221223,000000,48.87,48.87,47.02,48.12,0,0
NCL_PB,D,20221227,000000,48.37,48.92,46.92,47.42,0,0
NCL_PB,D,20221228,000000,46.92,47.37,46.77,47.37,0,0
NCL_PB,D,20221229,000000,47.32,47.57,46.07,47.42,0,0
NCL_PB,D,20221230,000000,47.17,48.32,47.07,47.52,0,0
NCL_PB,D,20230102,000000,47.52,50.31,47.52,48.32,0,0
NCL_PB,D,20230103,000000,47.92,49.36,47.62,49.36,0,0
NCL_PB,D,20230104,000000,49.42,50.31,48.87,49.57,0,0
NCL_PB,D,20230105,000000,49.42,53.91,49.42,52.91,0,0
NCL_PB,D,20230109,000000,53.91,58,53.91,58,0,0
NCL_PB,D,20230110,000000,57.7,57.7,55.11,57.3,0,0
NCL_PB,D,20230111,000000,56.3,61.4,55.41,60.8,0,0
NCL_PB,D,20230112,000000,60.7,60.7,58.9,59.8,0,0
NCL_PB,D,20230113,000000,60.8,61.4,59,60.8,0,0
NCL_PB,D,20230116,000000,61.4,61.4,59.2,60.8,0,0
NCL_PB,D,20230117,000000,60,60,57.9,58.8,0,0
NCL_PB,D,20230118,000000,57.6,58.7,56.3,57.2,0,0
NCL_PB,D,20230119,000000,58.7,58.7,55.51,57,0,0
NCL_PB,D,20230120,000000,57.1,59.8,56.41,59.3,0,0
NCL_PB,D,20230123,000000,59.3,59.4,58.4,58.9,0,0
NCL_PB,D,20230124,000000,58.8,61.1,57.5,59.9,0,0
NCL_PB,D,20230125,000000,58.4,59.9,58.3,59.7,0,0
NCL_PB,D,20230126,000000,59.9,59.9,58.3,59.7,0,0
NCL_PB,D,20230127,000000,58.9,59.9,58.3,59.9,0,0
NCL_PB,D,20230130,000000,59.4,59.4,58.4,59.4,0,0
NCL_PB,D,20230131,000000,59.4,59.8,58.3,59.4,0,0
NCL_PB,D,20230201,000000,59,59.2,58.3,59.2,0,0
NCL_PB,D,20230202,000000,59.2,59.2,58.3,58.3,0,0
NCL_PB,D,20230203,000000,58.3,59.2,57.4,58.8,0,0
NCL_PB,D,20230206,000000,58.8,59.1,57.9,58.6,0,0
NCL_PB,D,20230207,000000,57.9,58.9,57.9,58.8,0,0
NCL_PB,D,20230208,000000,58.4,58.6,57.6,57.9,0,0
NCL_PB,D,20230209,000000,57.5,59.9,56.91,59.4,0,0
NCL_PB,D,20230210,000000,58.5,58.5,56.41,58.2,0,0
NCL_PB,D,20230213,000000,57.9,57.9,56.3,56.3,0,0
NCL_PB,D,20230214,000000,55.91,80.89,54.11,80.89,0,0
NCL_PB,D,20230215,000000,80.89,83.42,80.89,83.42,0,0
NCL_PB,D,20230216,000000,83.28,83.28,80.74,82.09,0,0
NCL_PB,D,20230217,000000,80.89,82.09,79.7,81.34,0,0
NCL_PB,D,20230220,000000,80.59,81.19,79.4,81.19,0,0
NCL_PB,D,20230221,000000,80.59,83.73,80.59,83.73,0,0
NCL_PB,D,20230222,000000,82.38,84.92,82.09,83.42,0,0
NCL_PB,D,20230223,000000,81.48,83.42,79.7,82.53,0,0
NCL_PB,D,20230224,000000,80.74,83.28,80.59,83.28,0,0
NCL_PB,D,20230227,000000,83.28,83.58,81.19,82.68,0,0
NCL_PB,D,20230228,000000,82.68,82.68,81.04,81.93,0,0
NCL_PB,D,20230301,000000,81.19,87.31,81.04,87.31,0,0
NCL_PB,D,20230302,000000,88.06,90.89,88.06,89.99,0,0
NCL_PB,D,20230303,000000,89.99,92.38,88.5,90.89,0,0
NCL_PB,D,20230306,000000,90.59,91.64,90.29,91.04,0,0
NCL_PB,D,20230307,000000,89.84,91.78,89.84,90.44,0,0
NCL_PB,D,20230308,000000,89.55,91.48,89.55,89.55,0,0
NCL_PB,D,20230309,000000,89.55,89.55,85.81,87.45,0,0
NCL_PB,D,20230310,000000,86.26,87.45,83.58,85.22,0,0
NCL_PB,D,20230313,000000,83.13,88.35,81.19,83.73,0,0
NCL_PB,D,20230314,000000,84.32,84.32,80.59,82.09,0,0
NCL_PB,D,20230315,000000,82.83,85.67,82.09,83.28,0,0
NCL_PB,D,20230316,000000,83.28,84.92,83.28,84.17,0,0
NCL_PB,D,20230317,000000,89.55,89.55,82.53,83.58,0,0
NCL_PB,D,20230320,000000,83.58,83.58,81.04,83.13,0,0
NCL_PB,D,20230321,000000,83.13,84.92,82.09,84.62,0,0
NCL_PB,D,20230322,000000,83.13,84.17,81.48,81.48,0,0
NCL_PB,D,20230323,000000,81.34,83.28,81.34,83.28,0,0
NCL_PB,D,20230324,000000,83.28,83.28,81.78,82.53,0,0
NCL_PB,D,20230327,000000,82.09,84.32,82.09,84.32,0,0
NCL_PB,D,20230328,000000,84.32,85.67,82.38,83.58,0,0
NCL_PB,D,20230329,000000,82.38,84.32,82.38,84.03,0,0
NCL_PB,D,20230330,000000,84.03,85.96,82.98,85.81,0,0
NCL_PB,D,20230331,000000,85.96,88.8,85.07,88.65,0,0
NCL_PB,D,20230403,000000,89.1,89.55,87.31,88.65,0,0
NCL_PB,D,20230404,000000,88.65,89.99,88.65,88.8,0,0
NCL_PB,D,20230405,000000,88.8,89.55,87.31,89.55,0,0
NCL_PB,D,20230406,000000,89.25,89.99,89.25,89.25,0,0
NCL_PB,D,20230411,000000,89.25,90.14,89.25,89.55,0,0
NCL_PB,D,20230412,000000,89.55,89.55,88.06,89.55,0,0
NCL_PB,D,20230413,000000,89.25,89.25,86.86,88.06,0,0
NCL_PB,D,20230414,000000,87.31,88.06,83.73,85.52,0,0
NCL_PB,D,20230417,000000,84.47,87.61,84.47,87.01,0,0
NCL_PB,D,20230418,000000,87.01,97.61,87.01,87.9,0,0
NCL_PB,D,20230419,000000,87.9,89.25,86.86,87.31,0,0
NCL_PB,D,20230420,000000,88.8,88.8,86.71,88.35,0,0
NCL_PB,D,20230421,000000,88.35,88.8,87.01,88.06,0,0
NCL_PB,D,20230424,000000,88.2,89.55,87.31,88.2,0,0
NCL_PB,D,20230425,000000,87.9,88.95,87.16,87.16,0,0
NCL_PB,D,20230426,000000,87.9,88.06,86.56,87.9,0,0
NCL_PB,D,20230427,000000,88.06,88.35,86.56,88.2,0,0
NCL_PB,D,20230428,000000,88.06,88.5,87.16,88.2,0,0
NCL_PB,D,20230502,000000,88.2,94.77,88.2,94.77,0,0
NCL_PB,D,20230504,000000,95.96,103.58,95.96,101.48,0,0
NCL_PB,D,20230505,000000,101.93,108.95,101.93,104.47,0,0
NCL_PB,D,20230508,000000,108.2,110.14,106.26,108.05,0,0
NCL_PB,D,20230509,000000,107.16,108.35,103.72,108.05,0,0
NCL_PB,D,20230510,000000,107.45,108.05,105.96,106.71,0,0
NCL_PB,D,20230511,000000,105.22,108.5,105.22,108.5,0,0
NCL_PB,D,20230512,000000,108.65,108.8,104.62,108.2,0,0
NCL_PB,D,20230515,000000,107.45,108.2,48.18,48.18,0,0
NCL_PB,D,20230516,000000,48.25,48.25,47.72,48.25,0,0
NCL_PB,D,20230517,000000,47.92,49.18,46.99,48.85,0,0
NCL_PB,D,20230518,000000,48.59,48.85,47.92,47.99,0,0
NCL_PB,D,20230519,000000,47.92,48.18,46.25,47.79,0,0
NCL_PB,D,20230522,000000,48.45,49.18,46.59,48.59,0,0
NCL_PB,D,20230523,000000,48.65,49.12,47.25,48.72,0,0
NCL_PB,D,20230524,000000,48.72,49.05,48.05,48.98,0,0
NCL_PB,D,20230525,000000,49.12,49.92,48.39,49.92,0,0
NCL_PB,D,20230526,000000,49.98,51.91,49.58,51.91,0,0
NCL_PB,D,20230529,000000,52.64,52.64,50.25,50.58,0,0
NCL_PB,D,20230530,000000,50.25,51.18,49.58,49.58,0,0
NCL_PB,D,20230531,000000,49.25,49.25,47.59,47.59,0,0
NCL_PB,D,20230601,000000,47.45,48.72,47.45,48.25,0,0
NCL_PB,D,20230602,000000,47.92,47.99,47.25,47.99,0,0
NCL_PB,D,20230605,000000,48.39,48.39,47.32,48.18,0,0
NCL_PB,D,20230606,000000,48.25,48.78,46.66,48.25,0,0
NCL_PB,D,20230607,000000,48.52,48.72,47.79,48.72,0,0
NCL_PB,D,20230609,000000,47.85,49.58,47.85,48.85,0,0
NCL_PB,D,20230612,000000,48.98,49.58,47.85,49.38,0,0
NCL_PB,D,20230613,000000,49.25,49.25,48.65,49.18,0,0
NCL_PB,D,20230614,000000,47.85,49.32,47.79,49.25,0,0
NCL_PB,D,20230615,000000,49.18,49.25,47.59,48.32,0,0
NCL_PB,D,20230616,000000,48.85,48.85,45.26,46.39,0,0
NCL_PB,D,20230619,000000,45.92,46.59,45.26,46.59,0,0
NCL_PB,D,20230620,000000,46.45,46.59,45.59,46.39,0,0
NCL_PB,D,20230621,000000,45.72,49.11,45.72,49.11,0,0
NCL_PB,D,20230622,000000,49.18,51.78,49.18,51.22,0,0
NCL_PB,D,20230623,000000,50.72,50.72,43.15,43.15,0,0
NCL_PB,D,20230626,000000,43.85,45.39,42.09,43.85,0,0
NCL_PB,D,20230627,000000,44.97,44.97,43.85,44.41,0,0
NCL_PB,D,20230628,000000,44.55,44.55,43.5,44.34,0,0
NCL_PB,D,20230629,000000,43.64,43.92,42.09,43.5,0,0
NCL_PB,D,20230630,000000,42.87,45.81,42.66,45.6,0,0
NCL_PB,D,20230703,000000,45.6,45.6,44.55,44.9,0,0
NCL_PB,D,20230704,000000,44.76,44.76,43.5,43.85,0,0
NCL_PB,D,20230705,000000,42.8,43.85,42.23,43.5,0,0
NCL_PB,D,20230706,000000,43.15,44.76,42.8,44.34,0,0
NCL_PB,D,20230707,000000,44.2,44.2,42.8,43.78,0,0
NCL_PB,D,20230710,000000,43.85,44.2,43.5,43.5,0,0
NCL_PB,D,20230711,000000,43.5,43.85,43.5,43.78,0,0
NCL_PB,D,20230712,000000,43.78,43.78,42.94,42.94,0,0
NCL_PB,D,20230713,000000,43.01,46.09,43.01,44.69,0,0
NCL_PB,D,20230714,000000,44.2,44.97,43.36,44.97,0,0
NCL_PB,D,20230717,000000,44.83,45.6,44.55,45.6,0,0
NCL_PB,D,20230718,000000,45.53,45.6,44.27,45.46,0,0
NCL_PB,D,20230719,000000,45.46,46.09,44.83,45.95,0,0
NCL_PB,D,20230720,000000,45.81,54.09,45.81,52.13,0,0
NCL_PB,D,20230721,000000,52.27,53.74,51.99,51.99,0,0
NCL_PB,D,20230724,000000,52.69,52.69,49.81,50.02,0,0
NCL_PB,D,20230725,000000,49.88,49.95,47.85,48.97,0,0
NCL_PB,D,20230726,000000,48.76,48.76,46.37,47.92,0,0
NCL_PB,D,20230727,000000,47.01,49.6,47.01,49.25,0,0
NCL_PB,D,20230728,000000,48.62,48.76,46.37,47.99,0,0
NCL_PB,D,20230731,000000,47.5,48.41,47.08,48.06,0,0
NCL_PB,D,20230801,000000,48.27,48.9,45.95,46.66,0,0
NCL_PB,D,20230802,000000,46.66,46.66,44.27,45.46,0,0
NCL_PB,D,20230803,000000,44.55,45.6,44.34,44.76,0,0
NCL_PB,D,20230804,000000,44.34,46.23,44.2,45.532,0,0
NCL_PB,D,20230807,000000,45.532,45.532,44.761,45.11,0,0
NCL_PB,D,20230808,000000,44.901,44.901,43.849,44.55,0,0
NCL_PB,D,20230809,000000,43.637,44.2,43.637,43.849,0,0
NCL_PB,D,20230810,000000,44.128,44.55,43.568,44.34,0,0
NCL_PB,D,20230811,000000,44.55,46.655,44.55,46.444,0,0
NCL_PB,D,20230814,000000,46.234,46.234,45.252,45.532,0,0
NCL_PB,D,20230816,000000,46.095,46.514,35.529,35.529,0,0
NCL_PB,D,20230817,000000,35.585,35.585,33.996,34.928,0,0
NCL_PB,D,20230818,000000,34.216,34.216,33.285,33.779,0,0
NCL_PB,D,20230821,000000,33.613,33.613,32.847,33.121,0,0
NCL_PB,D,20230822,000000,33.888,33.888,33.011,33.395,0,0
NCL_PB,D,20230823,000000,33.395,34.216,33.395,34.051,0,0
NCL_PB,D,20230824,000000,33.996,34.654,33.942,34.434,0,0
NCL_PB,D,20230825,000000,33.779,34.216,33.504,34.216,0,0
NCL_PB,D,20230828,000000,33.996,33.996,33.504,33.668,0,0
NCL_PB,D,20230829,000000,33.722,33.996,33.395,33.559,0,0
NCL_PB,D,20230830,000000,34.162,34.763,33.779,34.763,0,0
NCL_PB,D,20230831,000000,34.763,34.763,32.847,33.285,0,0
NCL_PB,D,20230901,000000,33.285,34.654,33.121,34.434,0,0
NCL_PB,D,20230904,000000,34.216,34.434,33.668,34.216,0,0
NCL_PB,D,20230905,000000,33.668,34.216,33.395,33.888,0,0
NCL_PB,D,20230906,000000,33.339,34.216,33.011,34.216,0,0
NCL_PB,D,20230907,000000,33.722,34.325,32.847,33.668,0,0
NCL_PB,D,20230908,000000,33.668,33.668,32.793,33.613,0,0
NCL_PB,D,20230911,000000,33.613,33.779,32.847,33.668,0,0
NCL_PB,D,20230912,000000,33.722,33.888,33.395,33.888,0,0
NCL_PB,D,20230913,000000,33.668,34.216,32.902,33.942,0,0
NCL_PB,D,20230914,000000,33.996,33.996,33.395,33.779,0,0
NCL_PB,D,20230915,000000,33.779,34.216,33.613,33.613,0,0
NCL_PB,D,20230918,000000,33.613,33.888,33.121,33.395,0,0
NCL_PB,D,20230919,000000,33.23,33.722,32.847,33.285,0,0
NCL_PB,D,20230920,000000,32.355,32.847,32.355,32.847,0,0
NCL_PB,D,20230921,000000,32.301,32.847,30.931,31.478,0,0
NCL_PB,D,20230922,000000,31.752,31.972,30.821,31.369,0,0
NCL_PB,D,20230925,000000,31.369,31.369,30.383,31.369,0,0
NCL_PB,D,20230926,000000,31.206,32.081,30.712,31.698,0,0
NCL_PB,D,20230927,000000,31.589,31.752,30.657,31.424,0,0
NCL_PB,D,20230928,000000,31.424,31.424,29.837,30.877,0,0
NCL_PB,D,20230929,000000,30.877,31.315,30.766,31.206,0,0
NCL_PB,D,20231002,000000,30.821,31.369,30.766,31.369,0,0
NCL_PB,D,20231003,000000,31.369,31.369,30.712,30.766,0,0
NCL_PB,D,20231004,000000,30.712,30.712,28.467,30.054,0,0
NCL_PB,D,20231005,000000,29.837,30.111,29.234,30.111,0,0
NCL_PB,D,20231006,000000,29.453,30.877,29.288,30.054,0,0
NCL_PB,D,20231009,000000,29.562,30.054,29.399,30,0,0
NCL_PB,D,20231010,000000,29.891,29.946,29.016,29.946,0,0
NCL_PB,D,20231011,000000,29.891,29.891,29.234,29.837,0,0
NCL_PB,D,20231012,000000,29.508,29.837,28.631,29.782,0,0
NCL_PB,D,20231013,000000,29.782,29.891,29.562,29.726,0,0
NCL_PB,D,20231016,000000,30,30.657,29.671,30.548,0,0
NCL_PB,D,20231017,000000,30.548,30.603,29.562,30.329,0,0
NCL_PB,D,20231018,000000,29.837,32.135,29.288,30.111,0,0
NCL_PB,D,20231019,000000,30.111,30.657,29.671,30.329,0,0
NCL_PB,D,20231020,000000,30.22,30.657,28.905,28.905,0,0
NCL_PB,D,20231023,000000,29.562,29.946,29.288,29.726,0,0
NCL_PB,D,20231024,000000,30.054,30.054,29.399,29.562,0,0
NCL_PB,D,20231025,000000,29.562,30.329,28.96,28.96,0,0
NCL_PB,D,20231026,000000,29.288,29.726,28.248,28.742,0,0
NCL_PB,D,20231027,000000,28.304,28.631,27.701,28.522,0,0
NCL_PB,D,20231030,000000,28.687,28.742,27.318,28.084,0,0
NCL_PB,D,20231031,000000,27.373,27.921,27.098,27.373,0,0
NCL_PB,D,20231102,000000,27.647,27.921,26.552,27.865,0,0
NCL_PB,D,20231103,000000,27.865,27.865,26.715,27.373,0,0
NCL_PB,D,20231106,000000,26.852,27.373,26.578,26.826,0,0
NCL_PB,D,20231107,000000,26.606,26.826,25.757,26.004,0,0
NCL_PB,D,20231108,000000,26.004,26.989,25.731,26.989,0,0
NCL_PB,D,20231109,000000,26.989,34.076,26.223,34.076,0,0
NCL_PB,D,20231110,000000,33.799,34.148,32.754,34.148,0,0
NCL_PB,D,20231113,000000,33.973,34.843,33.799,34.494,0,0
NCL_PB,D,20231114,000000,34.774,37.074,34.774,36.935,0,0
NCL_PB,D,20231115,000000,36.935,37.98,36.168,37.98,0,0
NCL_PB,D,20231116,000000,38.257,38.676,37.98,38.606,0,0
NCL_PB,D,20231117,000000,38.329,38.329,36.029,36.935,0,0
NCL_PB,D,20231120,000000,36.306,36.586,34.843,35.541,0,0
NCL_PB,D,20231121,000000,35.541,35.749,34.669,35.051,0,0
NCL_PB,D,20231122,000000,35.051,35.611,34.843,35.192,0,0
NCL_PB,D,20231123,000000,35.541,35.541,34.494,35.262,0,0
NCL_PB,D,20231124,000000,35.47,35.541,35.47,35.541,0,0
NCL_PB,D,20231127,000000,35.541,35.541,34.705,35.4,0,0
NCL_PB,D,20231128,000000,34.843,35.4,34.774,35.192,0,0
NCL_PB,D,20231129,000000,34.982,35.262,33.973,34.705,0,0
NCL_PB,D,20231130,000000,34.148,35.123,34.148,35.123,0,0
NCL_PB,D,20231201,000000,34.913,34.913,34.148,34.808,0,0
NCL_PB,D,20231204,000000,34.6,34.913,34.6,34.808,0,0
NCL_PB,D,20231205,000000,34.808,37.143,34.564,37.143,0,0
NCL_PB,D,20231206,000000,36.864,38.886,36.586,38.049,0,0
NCL_PB,D,20231207,000000,38.049,38.188,37.213,38.188,0,0
NCL_PB,D,20231208,000000,38.119,38.606,37.631,37.631,0,0
NCL_PB,D,20231211,000000,38.468,38.468,36.935,36.935,0,0
NCL_PB,D,20231212,000000,36.935,36.935,35.888,36.237,0,0
NCL_PB,D,20231213,000000,36.098,36.586,35.888,36.517,0,0
NCL_PB,D,20231214,000000,36.586,37.492,36.237,36.794,0,0
NCL_PB,D,20231215,000000,36.794,38.049,36.586,37.631,0,0
NCL_PB,D,20231218,000000,37.004,37.839,36.935,37.492,0,0
NCL_PB,D,20231219,000000,37.98,37.98,37.213,37.7,0,0
NCL_PB,D,20231220,000000,37.911,39.792,37.911,39.374,0,0
NCL_PB,D,20231221,000000,39.304,40.139,39.094,39.374,0,0
NCL_PB,D,20231222,000000,39.025,39.723,38.955,39.374,0,0
NCL_PB,D,20231227,000000,39.374,40.418,38.886,40.418,0,0
NCL_PB,D,20231228,000000,39.861,41.951,39.512,41.951,0,0
NCL_PB,D,20231229,000000,42.02,42.092,40.349,40.767,0,0
NCL_PB,D,20240102,000000,41.532,41.951,41.463,41.673,0,0
NCL_PB,D,20240103,000000,41.812,41.812,40.767,41.743,0,0
NCL_PB,D,20240104,000000,41.743,41.951,41.186,41.812,0,0
NCL_PB,D,20240105,000000,41.463,41.743,40.767,41.743,0,0
NCL_PB,D,20240108,000000,41.743,43.275,41.743,43.275,0,0
NCL_PB,D,20240109,000000,43.275,43.485,43.136,43.275,0,0
NCL_PB,D,20240110,000000,43.067,43.275,41.604,41.812,0,0
NCL_PB,D,20240111,000000,41.463,42.857,41.463,42.649,0,0
NCL_PB,D,20240112,000000,42.579,42.579,41.812,42.161,0,0
NCL_PB,D,20240115,000000,43.555,43.555,40,40,0,0
NCL_PB,D,20240116,000000,40.626,41.045,39.651,41.045,0,0
NCL_PB,D,20240117,000000,41.045,41.045,39.651,40.349,0,0
NCL_PB,D,20240118,000000,39.861,40.698,39.723,40.698,0,0
NCL_PB,D,20240119,000000,40.557,40.767,39.723,40.698,0,0
NCL_PB,D,20240122,000000,40.069,40.698,39.582,40.626,0,0
NCL_PB,D,20240123,000000,40.626,41.255,40.28,40.975,0,0
NCL_PB,D,20240124,000000,40.767,40.906,39.723,40.418,0,0
NCL_PB,D,20240125,000000,39.582,40.21,38.329,38.329,0,0
NCL_PB,D,20240126,000000,38.329,38.329,37.282,37.492,0,0
NCL_PB,D,20240129,000000,37.492,37.631,36.098,37.562,0,0
NCL_PB,D,20240130,000000,37.213,37.562,36.586,37.562,0,0
NCL_PB,D,20240131,000000,36.935,37.562,36.935,37.562,0,0
NCL_PB,D,20240201,000000,37.562,38.329,37.492,37.631,0,0
NCL_PB,D,20240202,000000,37.631,37.7,37.004,37.423,0,0
NCL_PB,D,20240205,000000,37.423,37.839,37.282,37.562,0,0
NCL_PB,D,20240206,000000,38.119,38.119,36.935,37.492,0,0
NCL_PB,D,20240207,000000,36.935,36.935,36.935,36.935,0,0
NCL_PB,D,20240208,000000,37.282,37.282,36.098,36.445,0,0
NCL_PB,D,20240209,000000,36.237,36.517,35.888,36.517,0,0
NCL_PB,D,20240212,000000,36.168,36.864,36.168,36.586,0,0
NCL_PB,D,20240213,000000,36.586,36.586,35.888,36.517,0,0
NCL_PB,D,20240214,000000,36.237,37.282,36.168,37.282,0,0
NCL_PB,D,20240215,000000,37.213,37.213,36.237,37.074,0,0
NCL_PB,D,20240216,000000,37.074,37.282,36.376,37.282,0,0
NCL_PB,D,20240219,000000,36.306,50.347,36.029,50.347,0,0
NCL_PB,D,20240220,000000,49.408,50.347,49.408,50.347,0,0
NCL_PB,D,20240221,000000,50.347,50.819,50.254,50.819,0,0
NCL_PB,D,20240222,000000,50.912,50.912,49.595,49.879,0,0
NCL_PB,D,20240223,000000,52.701,55.526,51.855,55.429,0,0
NCL_PB,D,20240226,000000,55.9,59.571,55.9,59.29,0,0
NCL_PB,D,20240227,000000,58.347,60.136,58.347,59.665,0,0
NCL_PB,D,20240228,000000,59.665,59.758,55.242,55.526,0,0
NCL_PB,D,20240229,000000,55.994,57.502,55.994,55.994,0,0
NCL_PB,D,20240301,000000,56.278,56.746,55.526,56.088,0,0
NCL_PB,D,20240304,000000,56.372,57.408,56.372,57.124,0,0
NCL_PB,D,20240305,000000,57.124,57.124,55.526,55.9,0,0
NCL_PB,D,20240306,000000,55.807,55.994,55.526,55.9,0,0
NCL_PB,D,20240307,000000,55.526,56.184,55.526,56.184,0,0
NCL_PB,D,20240308,000000,56.184,56.372,54.205,56.278,0,0
NCL_PB,D,20240311,000000,56.278,57.218,55.054,55.054,0,0
NCL_PB,D,20240312,000000,54.961,55.429,54.112,54.961,0,0
NCL_PB,D,20240313,000000,54.961,54.961,52.982,54.302,0,0
NCL_PB,D,20240314,000000,53.36,54.489,53.079,53.644,0,0
NCL_PB,D,20240315,000000,53.644,53.644,52.23,52.42,0,0
NCL_PB,D,20240318,000000,52.323,53.644,51.006,53.172,0,0
NCL_PB,D,20240319,000000,53.547,53.644,52.323,53.36,0,0
NCL_PB,D,20240320,000000,52.888,53.547,52.607,53.36,0,0
NCL_PB,D,20240321,000000,52.701,53.172,51.855,53.079,0,0
NCL_PB,D,20240322,000000,52.701,52.701,50.725,51.29,0,0
NCL_PB,D,20240325,000000,50.16,51.29,49.595,50.347,0,0
NCL_PB,D,20240326,000000,50.347,51.477,49.879,50.725,0,0
NCL_PB,D,20240327,000000,50.819,50.819,50.066,50.819,0,0
NCL_PB,D,20240328,000000,50.819,50.819,50.16,50.819,0,0
NCL_PB,D,20240402,000000,50.819,51.477,50.347,51.29,0,0
NCL_PB,D,20240403,000000,50.819,51.384,50.538,51.196,0,0
NCL_PB,D,20240404,000000,51.384,51.665,51.006,51.29,0,0
NCL_PB,D,20240405,000000,51.29,51.477,49.03,50.254,0,0
NCL_PB,D,20240408,000000,49.879,50.538,49.124,50.066,0,0
NCL_PB,D,20240409,000000,50.066,51.29,49.408,50.16,0,0
NCL_PB,D,20240410,000000,50.16,51.29,50.16,50.16,0,0
NCL_PB,D,20240411,000000,50.254,50.819,49.879,49.879,0,0
NCL_PB,D,20240412,000000,49.502,50.819,48.749,48.749,0,0
NCL_PB,D,20240415,000000,48.937,49.879,48.937,49.879,0,0
NCL_PB,D,20240416,000000,50.347,50.347,48.749,49.879,0,0
NCL_PB,D,20240417,000000,50.347,50.347,49.314,50.16,0,0
NCL_PB,D,20240418,000000,49.408,49.595,48.749,49.124,0,0
NCL_PB,D,20240419,000000,49.314,49.973,48.937,49.782,0,0
NCL_PB,D,20240422,000000,49.879,49.879,48.937,49.408,0,0
NCL_PB,D,20240423,000000,49.218,49.408,48.465,49.408,0,0
NCL_PB,D,20240424,000000,49.408,49.689,48.184,48.937,0,0
NCL_PB,D,20240425,000000,49.314,49.314,47.054,47.997,0,0
NCL_PB,D,20240426,000000,48.372,49.689,47.242,48.278,0,0
NCL_PB,D,20240429,000000,47.997,49.879,47.997,49.879,0,0
NCL_PB,D,20240430,000000,49.879,49.879,49.03,49.595,0,0
NCL_PB,D,20240502,000000,49.408,50.631,48.937,50.631,0,0
NCL_PB,D,20240506,000000,50.631,51.29,49.595,51.29,0,0
NCL_PB,D,20240507,000000,50.347,51.1,49.879,50.819,0,0
NCL_PB,D,20240508,000000,51.006,51.006,49.408,49.502,0,0
NCL_PB,D,20240509,000000,49.408,53.079,49.408,51.29,0,0
NCL_PB,D,20240510,000000,51.29,52.701,49.879,51.665,0,0
NCL_PB,D,20240513,000000,51.761,52.42,50.16,51.665,0,0
NCL_PB,D,20240514,000000,51.665,51.665,50.066,51.29,0,0
NCL_PB,D,20240515,000000,49.879,113.18,49.879,113.18,0,0
NCL_PB,D,20240516,000000,114.22,114.22,107.987,112.973,0,0
NCL_PB,D,20240517,000000,112.14,112.14,106.327,109.853,0,0
NCL_PB,D,20240520,000000,108.607,108.607,105.287,106.947,0,0
NCL_PB,D,20240521,000000,108.4,111.1,107.987,111.1,0,0
NCL_PB,D,20240522,000000,111.1,113.18,109.233,110.067,0,0
NCL_PB,D,20240523,000000,112.14,114.007,111.1,111.1,0,0
NCL_PB,D,20240524,000000,110.273,112.14,108.4,111.1,0,0
NCL_PB,D,20240527,000000,110.067,111.727,110.067,111.727,0,0
NCL_PB,D,20240528,000000,111.1,111.933,107.987,110.273,0,0
NCL_PB,D,20240529,000000,110.273,110.273,106.12,107.987,0,0
NCL_PB,D,20240531,000000,106.947,110.687,106.947,109.647,0,0
NCL_PB,D,20240603,000000,109.027,109.647,107.573,109.027,0,0
NCL_PB,D,20240604,000000,107.573,109.027,105.913,109.027,0,0
NCL_PB,D,20240605,000000,108.607,108.82,106.12,107.78,0,0
NCL_PB,D,20240606,000000,107.78,108.607,105.913,107.367,0,0
NCL_PB,D,20240607,000000,105.913,107.367,103.833,104.04,0,0
NCL_PB,D,20240610,000000,104.04,104.873,99.16,102.173,0,0
NCL_PB,D,20240611,000000,102.173,102.38,97.607,98.02,0,0
NCL_PB,D,20240612,000000,98.02,100.613,98.02,100.613,0,0
NCL_PB,D,20240613,000000,100.72,101.34,99.68,101.34,0,0
NCL_PB,D,20240614,000000,101.34,101.34,96.773,99.473,0,0
NCL_PB,D,20240617,000000,99.473,99.473,93.24,94.18,0,0
NCL_PB,D,20240618,000000,94.18,95.32,92.62,93.453,0,0
NCL_PB,D,20240619,000000,94.487,96.253,92.827,93.033,0,0
NCL_PB,D,20240620,000000,92.933,98.02,86.287,97.607,0,0
NCL_PB,D,20240621,000000,98.02,98.12,94.28,98.12,0,0
NCL_PB,D,20240624,000000,98.12,98.12,94.487,97.607,0,0
NCL_PB,D,20240625,000000,97.087,97.087,93.453,95.527,0,0
NCL_PB,D,20240626,000000,93.453,93.453,90.333,92.207,0,0
NCL_PB,D,20240627,000000,91.787,92.207,88.567,90.333,0,0
NCL_PB,D,20240628,000000,90.333,92.1,89.4,89.4,0,0
NCL_PB,D,20240701,000000,89.813,93.14,89.3,92.207,0,0
NCL_PB,D,20240702,000000,92.1,92.1,90.027,91.687,0,0
NCL_PB,D,20240703,000000,92.307,97.187,90.753,93.453,0,0
NCL_PB,D,20240704,000000,95.527,95.527,92.413,93.453,0,0
NCL_PB,D,20240705,000000,94.073,94.487,90.127,91.58,0,0
NCL_PB,D,20240708,000000,90.333,92.413,88.26,88.78,0,0
NCL_PB,D,20240709,000000,89.3,94.18,88.153,92.413,0,0
NCL_PB,D,20240710,000000,92.413,93.347,89.4,91.893,0,0
NCL_PB,D,20240711,000000,90.853,90.853,89.813,90.44,0,0
NCL_PB,D,20240712,000000,90.44,90.853,88.26,88.26,0,0
NCL_PB,D,20240715,000000,88.673,88.673,85.873,87.22,0,0
NCL_PB,D,20240716,000000,85.973,85.973,80.16,82.447,0,0
NCL_PB,D,20240717,000000,80.993,82.86,79.64,82.027,0,0
NCL_PB,D,20240718,000000,82.027,84.52,82.027,82.547,0,0
NCL_PB,D,20240719,000000,82.133,82.547,81.407,81.407,0,0
NCL_PB,D,20240722,000000,81.2,81.2,79.12,80.993,0,0
NCL_PB,D,20240723,000000,79.953,92.307,79.747,92.1,0,0
NCL_PB,D,20240724,000000,93.453,96.36,91.58,92.933,0,0
NCL_PB,D,20240725,000000,94.387,94.387,88.467,91.373,0,0
NCL_PB,D,20240726,000000,92.933,98.953,92.933,98.333,0,0
NCL_PB,D,20241114,000000,271.745,271.745,271.745,271.745,0,0
NCL_PB,D,20241115,000000,275.043,275.043,275.043,275.043,0,0
NCL_PB,D,20241118,000000,275.043,286.021,275.043,286.021,0,0
NCL_PB,D,20241119,000000,286.021,286.021,280.638,280.638,0,0
NCL_PB,D,20241120,000000,279.277,279.277,275.915,275.915,0,0
NCL_PB,D,20241121,000000,273.894,274.574,273.894,274.574,0,0
NCL_PB,D,20241122,000000,274.574,274.574,274.574,274.574,0,0
NCL_PB,D,20241125,000000,274.574,274.574,271.553,271.553,0,0
NCL_PB,D,20241126,000000,271.894,272.894,271.894,272.894,0,0
NCL_PB,D,20241127,000000,275.255,279.277,275.255,279.277,0,0
NCL_PB,D,20241128,000000,275.915,277.936,275.915,277.936,0,0
NCL_PB,D,20241129,000000,279.277,292.064,279.277,292.064,0,0
NCL_PB,D,20241202,000000,283.319,283.319,279.617,279.617,0,0
NCL_PB,D,20241203,000000,275.574,275.574,275.574,275.574,0,0
NCL_PB,D,20241204,000000,274.234,274.234,272.213,272.213,0,0
NCL_PB,D,20241205,000000,272.213,272.213,271.894,271.894,0,0
NCL_PB,D,20241206,000000,269.191,269.191,269.191,269.191,0,0
NCL_PB,D,20241209,000000,268.851,268.851,268.851,268.851,0,0
NCL_PB,D,20241210,000000,275.915,279.277,275.915,279.277,0,0
NCL_PB,D,20241211,000000,275.915,275.915,275.915,275.915,0,0
NCL_PB,D,20241212,000000,269.872,270.532,269.872,270.532,0,0
NCL_PB,D,20241213,000000,272.553,275.255,272.553,275.255,0,0
NCL_PB,D,20241216,000000,277.596,300.83,277.596,289.043,0,0
NCL_PB,D,20241217,000000,291.745,295.447,289.043,292.404,0,0
NCL_PB,D,20241218,000000,294.426,316.298,291.064,316.298,0,0
NCL_PB,D,20241219,000000,316.979,343.894,316.979,323.021,0,0
NCL_PB,D,20241220,000000,328.404,328.404,317.979,322.702,0,0
NCL_PB,D,20241223,000000,328.085,329.426,306.213,329.426,0,0
NCL_PB,D,20241227,000000,329.766,333.468,326.404,329.766,0,0
NCL_PB,D,20241230,000000,329.766,343.213,329.766,339.191,0,0
NCL_PB,D,20250102,000000,336.489,349.957,336.489,339.851,0,0
NCL_PB,D,20250103,000000,347.255,347.936,334.809,336.489,0,0
NCL_PB,D,20250107,000000,339.851,347.936,336.489,339.851,0,0
NCL_PB,D,20250108,000000,341.191,345.915,336.489,336.489,0,0
NCL_PB,D,20250109,000000,336.489,341.872,324.702,332.447,0,0
NCL_PB,D,20250110,000000,332.447,334.128,323.021,332.106,0,0
NCL_PB,D,20250113,000000,327.064,341.191,327.064,339.851,0,0
NCL_PB,D,20250114,000000,341.191,341.191,333.128,336.489,0,0
NCL_PB,D,20250115,000000,336.149,337.83,332.447,335.809,0,0
NCL_PB,D,20250116,000000,337.17,337.17,323.021,328.745,0,0
NCL_PB,D,20250117,000000,328.085,328.745,312.936,323.021,0,0
NCL_PB,D,20250120,000000,328.745,341.191,326.404,329.766,0,0
NCL_PB,D,20250121,000000,332.787,332.787,320,329.085,0,0
NCL_PB,D,20250122,000000,329.085,332.787,323.021,332.447,0,0
NCL_PB,D,20250123,000000,331.787,331.787,322.362,327.745,0,0
NCL_PB,D,20250124,000000,323.021,329.085,319.66,321.681,0,0
NCL_PB,D,20250127,000000,326.723,330.426,323.021,329.766,0,0
NCL_PB,D,20250128,000000,329.426,329.426,319.66,328.085,0,0
NCL_PB,D,20250129,000000,328.085,329.766,320.681,329.766,0,0
NCL_PB,D,20250130,000000,330.426,330.766,322.362,326.404,0,0
NCL_PB,D,20250131,000000,326.404,327.064,319.319,327.064,0,0
NCL_PB,D,20250203,000000,320,320,312.596,319.66,0,0
NCL_PB,D,20250204,000000,319.66,321.021,314.957,318.319,0,0
NCL_PB,D,20250205,000000,315.957,316.298,305.532,310.234,0,0
NCL_PB,D,20250206,000000,303.511,314.617,302.851,314.617,0,0
NCL_PB,D,20250207,000000,314.617,314.617,309.574,310.234,0,0
NCL_PB,D,20250210,000000,326.404,326.404,314.617,325.043,0,0
NCL_PB,D,20250211,000000,325.043,325.043,319,319.66,0,0
NCL_PB,D,20250212,000000,325.383,325.383,318.319,322.702,0,0
NCL_PB,D,20250213,000000,322.702,322.702,317.638,319.66,0,0
NCL_PB,D,20250214,000000,316.298,327.745,312.936,327.064,0,0
NCL_PB,D,20250217,000000,327.064,334.468,325.723,334.468,0,0
NCL_PB,D,20250218,000000,335.809,335.809,328.745,330.426,0,0
NCL_PB,D,20250219,000000,330.426,339.191,328.085,336.489,0,0
NCL_PB,D,20250220,000000,336.489,339.851,330.426,335.809,0,0
NCL_PB,D,20250221,000000,335.809,339.191,331.447,335.149,0,0
NCL_PB,D,20250224,000000,336.489,336.489,331.106,331.787,0,0
NCL_PB,D,20250225,000000,331.447,331.447,323.021,329.766,0,0
NCL_PB,D,20250226,000000,329.766,329.766,323.021,327.745,0,0
NCL_PB,D,20250227,000000,327.745,327.745,319.66,323.021,0,0
NCL_PB,D,20250228,000000,323.021,323.021,313.617,322.702,0,0
NCL_PB,D,20250303,000000,322.702,336.489,322.702,336.149,0,0
NCL_PB,D,20250304,000000,336.149,343.894,328.404,333.128,0,0
NCL_PB,D,20250305,000000,330.766,341.191,327.064,335.489,0,0
NCL_PB,D,20250306,000000,336.149,343.213,328.085,331.106,0,0
NCL_PB,D,20250307,000000,336.149,336.149,322.702,322.702,0,0
NCL_PB,D,20250310,000000,326.404,326.404,315.617,317.979,0,0
NCL_PB,D,20250311,000000,318.66,318.66,314.277,314.277,0,0
NCL_PB,D,20250312,000000,313.936,319,313.936,316.298,0,0
NCL_PB,D,20250313,000000,316.298,319.66,313.936,319.66,0,0
NCL_PB,D,20250314,000000,318.319,321.34,316.298,321.34,0,0
NCL_PB,D,20250317,000000,326.404,355.34,326.404,348.596,0,0
NCL_PB,D,20250318,000000,348.596,348.596,337.83,348.596,0,0
NCL_PB,D,20250319,000000,348.596,349.957,337.17,343.213,0,0
NCL_PB,D,20250320,000000,345.915,365.426,345.234,358.021,0,0
NCL_PB,D,20250321,000000,360.043,366.106,356.681,365.426,0,0
NCL_PB,D,20250324,000000,368.787,382.915,368.787,381.574,0,0
NCL_PB,D,20250325,000000,381.574,382.915,373.511,376.872,0,0
NCL_PB,D,20250326,000000,376.872,376.872,364.745,368.787,0,0
NCL_PB,D,20250327,000000,366.766,366.766,359.362,363.404,0,0
NCL_PB,D,20250328,000000,363.404,369.468,360.043,365.426,0,0
NCL_PB,D,20250331,000000,365.426,368.787,345.234,345.234,0,0
NCL_PB,D,20250401,000000,349.957,355,343.213,348.277,0,0
NCL_PB,D,20250402,000000,336.489,356.681,336.489,356.681,0,0
NCL_PB,D,20250403,000000,344.894,351.638,338.17,338.17,0,0
NCL_PB,D,20250404,000000,343.213,343.213,310.915,317.638,0,0
NCL_PB,D,20250407,000000,279.277,312.936,279.277,312.936,0,0
NCL_PB,D,20250408,000000,312.936,330.426,312.936,327.745,0,0
NCL_PB,D,20250409,000000,321.681,322.362,309.574,317.638,0,0
NCL_PB,D,20250410,000000,326.404,329.766,326.404,329.766,0,0
NCL_PB,D,20250411,000000,320.34,330.426,320.34,330.426,0,0
NCL_PB,D,20250414,000000,331.106,341.532,331.106,335.809,0,0
NCL_PB,D,20250415,000000,336.489,346.574,331.106,336.489,0,0
NCL_PB,D,20250416,000000,335.809,336.489,331.787,336.489,0,0
NCL_PB,D,20250417,000000,330.426,339.851,329.085,338.17,0,0
NCL_PB,D,20250422,000000,331.787,331.787,320.34,327.745,0,0
NCL_PB,D,20250423,000000,327.745,327.745,316.298,323.021,0,0
NCL_PB,D,20250424,000000,323.702,330.426,319.66,322.362,0,0
NCL_PB,D,20250425,000000,322.362,326.404,319,326.404,0,0
NCL_PB,D,20250428,000000,326.404,336.489,323.702,331.106,0,0
NCL_PB,D,20250429,000000,331.106,338.17,329.766,336.489,0,0
NCL_PB,D,20250430,000000,339.851,339.851,330.426,334.468,0,0
NCL_PB,D,20250502,000000,336.489,336.489,327.064,334.468,0,0
NCL_PB,D,20250505,000000,333.128,1111.571,323.021,1111.571,0,0
NCL_PB,D,20250506,000000,1111.571,1118.357,1055.071,1059.571,0,0
NCL_PB,D,20250507,000000,1059.571,1061.857,1028,1050.571,0,0
NCL_PB,D,20250508,000000,1061.857,1091.214,1043.786,1084.429,0,0
NCL_PB,D,20250509,000000,1086.714,1086.714,1052.857,1070.929,0,0
NCL_PB,D,20250512,000000,1070.929,1070.929,1048.286,1066.357,0,0
NCL_PB,D,20250513,000000,1066.357,1095.786,1066.357,1079.929,0,0
NCL_PB,D,20250514,000000,1102.5,1107.071,1073.143,1104.786,0,0
NCL_PB,D,20250515,000000,1104.786,1107.071,1079.929,1107.071,0,0
NCL_PB,D,20250516,000000,1107.071,1118.357,1095.786,1116.071,0,0
NCL_PB,D,20250519,000000,1118.357,1118.357,1098,1118.357,0,0
NCL_PB,D,20250520,000000,1100.286,1120.571,1093.5,1104.786,0,0
NCL_PB,D,20250521,000000,1109.286,1197.429,1086.714,1186.143,0,0
NCL_PB,D,20250522,000000,1197.429,1208.714,1157.857,1157.857,0,0
NCL_PB,D,20250523,000000,1135.286,1191.786,1120.571,1140.929,0,0
NCL_PB,D,20250526,000000,1140.929,1197.429,1129.643,1174.857,0,0
NCL_PB,D,20250527,000000,1180.5,1180.5,1140.929,1180.5,0,0
NCL_PB,D,20250528,000000,1197.429,1242.643,1197.429,1220,0,0
NCL_PB,D,20250529,000000,1236.929,1236.929,1152.214,1186.143,0,0
NCL_PB,D,20250530,000000,1186.143,1186.143,1113.857,1140.929,0,0
NCL_PB,D,20250602,000000,1135.286,1174.857,1109.286,1140.929,0,0
NCL_PB,D,20250603,000000,1169.214,1186.143,1152.214,1186.143,0,0
NCL_PB,D,20250604,000000,1191.786,1191.786,1146.571,1186.143,0,0
NCL_PB,D,20250605,000000,1180.5,1180.5,1140.929,1163.5,0,0
NCL_PB,D,20250930,000000,31.629,31.629,31.629,31.629,0,0
NCL_PB,D,20251001,000000,31.322,32.091,31.016,31.938,0,0
NCL_PB,D,20251002,000000,31.938,31.938,31.629,31.938,0,0
NCL_PB,D,20251003,000000,32.245,32.551,31.629,32.551,0,0
NCL_PB,D,20251006,000000,32.705,32.858,32.091,32.245,0,0
NCL_PB,D,20251007,000000,32.245,32.245,31.169,31.784,0,0
NCL_PB,D,20251008,000000,31.784,31.784,31.169,31.629,0,0
NCL_PB,D,20251009,000000,31.784,32.091,31.169,31.629,0,0
NCL_PB,D,20251010,000000,31.629,31.938,31.322,31.938,0,0
NCL_PB,D,20251013,000000,31.322,31.938,30.862,31.476,0,0
NCL_PB,D,20251014,000000,31.169,31.784,30.862,31.476,0,0
NCL_PB,D,20251015,000000,31.322,31.322,30.709,31.322,0,0
NCL_PB,D,20251016,000000,31.322,31.322,30.709,31.169,0,0
NCL_PB,D,20251017,000000,31.322,31.322,30.709,31.322,0,0
NCL_PB,D,20251020,000000,31.322,31.784,30.862,31.169,0,0
NCL_PB,D,20251021,000000,30.862,31.016,30.709,31.016,0,0
NCL_PB,D,20251022,000000,30.709,31.629,30.402,31.322,0,0
NCL_PB,D,20251023,000000,31.322,31.629,30.402,31.016,0,0
NCL_PB,D,20251024,000000,31.169,31.169,30.34,30.586,0,0
NCL_PB,D,20251027,000000,30.586,30.862,30.28,30.462,0,0
NCL_PB,D,20251028,000000,30.462,30.462,29.788,30.217,0,0
NCL_PB,D,20251029,000000,30.28,30.28,29.911,30.217,0,0
NCL_PB,D,20251030,000000,30.217,30.28,29.788,29.971,0,0
NCL_PB,D,20251031,000000,29.48,29.911,29.173,29.173,0,0
NCL_PB,D,20251103,000000,29.173,32.796,29.173,32.796,0,0
NCL_PB,D,20251104,000000,32.796,32.796,32.594,32.796,0,0
NCL_PB,D,20251105,000000,32.796,32.796,31.854,31.854,0,0
NCL_PB,D,20251106,000000,32.124,32.124,31.518,31.922,0,0
NCL_PB,D,20251107,000000,31.854,31.854,31.25,31.586,0,0
NCL_PB,D,20251110,000000,33.266,33.266,31.586,32.46,0,0
NCL_PB,D,20251112,000000,32.93,32.93,32.46,32.46,0,0
NCL_PB,D,20251113,000000,32.796,32.862,32.258,32.862,0,0
NCL_PB,D,20251114,000000,32.862,32.862,31.652,32.056,0,0
NCL_PB,D,20251117,000000,32.526,32.526,31.586,32.124,0,0
NCL_PB,D,20251118,000000,31.922,31.922,30.713,30.779,0,0
NCL_PB,D,20251119,000000,30.377,30.511,29.973,30.443,0,0
NCL_PB,D,20251120,000000,30.511,30.847,29.705,30.175,0,0
NCL_PB,D,20251121,000000,29.839,29.839,28.427,29.033,0,0
NCL_PB,D,20251124,000000,29.435,29.435,28.427,28.897,0,0
NCL_PB,D,20251125,000000,28.561,28.629,27.621,28.561,0,0
NCL_PB,D,20251126,000000,28.561,31.25,28.561,29.905,0,0
NCL_PB,D,20251127,000000,30.175,30.175,29.637,30.175,0,0
NCL_PB,D,20251128,000000,30.243,31.384,30.243,31.317,0,0
NCL_PB,D,20251201,000000,31.317,32.796,31.317,32.46,0,0
NCL_PB,D,20251202,000000,32.728,32.93,30.579,31.988,0,0
NCL_PB,D,20251203,000000,32.258,32.258,30.981,31.317,0,0
NCL_PB,D,20251204,000000,32.19,32.19,30.981,31.652,0,0
NCL_PB,D,20251205,000000,31.518,31.518,31.25,31.384,0,0
NCL_PB,D,20251208,000000,31.45,31.45,15.795,15.795,0,0
NCL_PB,D,20251209,000000,15.622,15.76,14.927,15.447,0,0
NCL_PB,D,20251210,000000,15.447,15.447,15.24,15.447,0,0
NCL_PB,D,20251211,000000,15.274,15.552,15.135,15.552,0,0
NCL_PB,D,20251212,000000,15.795,15.795,15.413,15.725,0,0
NCL_PB,D,20251215,000000,15.969,15.969,15.274,15.587,0,0
NCL_PB,D,20251216,000000,15.552,15.587,15.378,15.413,0,0
NCL_PB,D,20251217,000000,15.587,15.899,15.587,15.795,0,0
NCL_PB,D,20251218,000000,15.76,15.76,15.518,15.587,0,0
NCL_PB,D,20251219,000000,15.622,15.795,15.413,15.518,0,0
NCL_PB,D,20251222,000000,15.518,15.795,15.309,15.691,0,0
NCL_PB,D,20251223,000000,15.725,15.725,15.378,15.413,0,0
NCL_PB,D,20251229,000000,15.587,15.656,15.274,15.656,0,0
NCL_PB,D,20251230,000000,15.795,15.795,15.622,15.622,0,0
NCL_PB,D,20260102,000000,17.184,17.184,16.212,16.246,0,0
NCL_PB,D,20260105,000000,16.35,17.079,16.35,16.941,0,0
NCL_PB,D,20260107,000000,17.01,17.01,16.663,16.941,0,0
NCL_PB,D,20260108,000000,16.941,16.975,16.871,16.941,0,0
NCL_PB,D,20260109,000000,16.941,16.941,16.732,16.871,0,0
NCL_PB,D,20260112,000000,17.079,17.079,16.663,16.732,0,0
NCL_PB,D,20260113,000000,16.697,16.697,16.316,16.316,0,0
NCL_PB,D,20260114,000000,16.697,16.732,16.35,16.663,0,0
NCL_PB,D,20260115,000000,16.559,16.663,16.454,16.663,0,0
NCL_PB,D,20260116,000000,16.697,16.697,15.969,15.969,0,0
NCL_PB,D,20260119,000000,16.489,17.148,16.35,16.837,0,0
NCL_PB,D,20260120,000000,17.148,17.288,16.663,17.184,0,0
NCL_PB,D,20260121,000000,17.184,17.184,16.906,17.01,0,0
NCL_PB,D,20260122,000000,17.148,20.111,16.975,20.111,0,0
NCL_PB,D,20260123,000000,20.21,20.407,19.815,20.308,0,0
