<TICKER>,<PER>,<DATE>,<TIME>,<OPEN>,<HIGH>,<LOW>,<CLOSE>,<VOL>,<OPENINT>
NNG_MV,D,20171221,000000,58.37,58.37,58.37,58.37,0,0
NNG_MV,D,20171222,000000,61.61,61.61,51.88,53.18,0,0
NNG_MV,D,20171227,000000,53.18,53.18,38.91,38.91,0,0
NNG_MV,D,20171228,000000,40.6,40.6,36.32,40.21,0,0
NNG_MV,D,20171229,000000,40.21,42.67,40.21,41.5,0,0
NNG_MV,D,20180103,000000,41.5,45.14,41.5,44.1,0,0
NNG_MV,D,20180104,000000,47.21,51.88,47.21,51.88,0,0
NNG_MV,D,20180105,000000,55.51,66.67,51.88,64.07,0,0
NNG_MV,D,20180108,000000,64.07,67.44,59.79,62.9,0,0
NNG_MV,D,20180109,000000,63.29,63.55,60.31,60.96,0,0
NNG_MV,D,20180110,000000,60.57,60.57,59.53,60.57,0,0
NNG_MV,D,20180111,000000,60.96,62.9,60.57,62.9,0,0
NNG_MV,D,20180112,000000,62.9,62.9,59.79,62.26,0,0
NNG_MV,D,20180115,000000,62.26,62.26,59.92,62.26,0,0
NNG_MV,D,20180116,000000,61.61,62.26,61.61,62.26,0,0
NNG_MV,D,20180117,000000,61.61,61.61,59.92,59.92,0,0
NNG_MV,D,20180118,000000,59.01,59.01,53.18,53.18,0,0
NNG_MV,D,20180119,000000,53.18,53.18,52.79,53.18,0,0
NNG_MV,D,20180122,000000,53.18,53.18,53.18,53.18,0,0
NNG_MV,D,20180123,000000,53.18,57.98,53.18,57.98,0,0
NNG_MV,D,20180124,000000,57.72,58.24,57.72,58.11,0,0
NNG_MV,D,20180125,000000,58.37,58.37,57.07,57.07,0,0
NNG_MV,D,20180126,000000,58.88,59.01,58.37,58.37,0,0
NNG_MV,D,20180129,000000,58.62,58.62,58.62,58.62,0,0
NNG_MV,D,20180130,000000,58.24,58.24,58.24,58.24,0,0
NNG_MV,D,20180201,000000,57.07,57.07,57.07,57.07,0,0
NNG_MV,D,20180205,000000,56.81,56.81,52.53,56.42,0,0
NNG_MV,D,20180206,000000,55.77,58.37,54.47,58.37,0,0
NNG_MV,D,20180207,000000,53.31,56.29,53.31,55.77,0,0
NNG_MV,D,20180209,000000,55.64,55.77,55.64,55.77,0,0
NNG_MV,D,20180212,000000,57.07,57.07,57.07,57.07,0,0
NNG_MV,D,20180213,000000,57.07,57.07,51.88,56.29,0,0
NNG_MV,D,20180214,000000,56.29,56.29,56.29,56.29,0,0
NNG_MV,D,20180215,000000,55.77,55.77,55.51,55.51,0,0
NNG_MV,D,20180216,000000,55.51,55.51,55.51,55.51,0,0
NNG_MV,D,20180219,000000,55.38,55.38,55.38,55.38,0,0
NNG_MV,D,20180220,000000,55.51,55.51,51.88,55.51,0,0
NNG_MV,D,20180221,000000,55.51,55.51,55.51,55.51,0,0
NNG_MV,D,20180226,000000,55.12,55.12,55.12,55.12,0,0
NNG_MV,D,20180227,000000,51.88,55.12,51.88,54.99,0,0
NNG_MV,D,20180228,000000,54.86,54.99,54.47,54.47,0,0
NNG_MV,D,20180302,000000,52.01,52.01,52.01,52.01,0,0
NNG_MV,D,20180305,000000,51.88,51.88,51.1,51.75,0,0
NNG_MV,D,20180306,000000,51.1,51.75,48.51,50.19,0,0
NNG_MV,D,20180307,000000,49.29,50.19,48.51,48.51,0,0
NNG_MV,D,20180308,000000,46.17,54.21,46.17,52.27,0,0
NNG_MV,D,20180309,000000,52.27,55.12,52.27,55.12,0,0
NNG_MV,D,20180312,000000,57.07,57.07,55.12,55.12,0,0
NNG_MV,D,20180313,000000,55.12,55.12,55.12,55.12,0,0
NNG_MV,D,20180314,000000,53.18,55.12,50.58,55.12,0,0
NNG_MV,D,20180315,000000,55.12,55.12,55.12,55.12,0,0
NNG_MV,D,20180316,000000,55.12,55.12,55.12,55.12,0,0
NNG_MV,D,20180320,000000,51.88,54.34,51.88,54.34,0,0
NNG_MV,D,20180326,000000,54.34,55.12,54.34,55.12,0,0
NNG_MV,D,20180328,000000,54.47,54.47,54.47,54.47,0,0
NNG_MV,D,20180329,000000,55.12,55.12,55.12,55.12,0,0
NNG_MV,D,20180403,000000,51.23,54.47,51.23,54.47,0,0
NNG_MV,D,20180404,000000,49.42,49.42,49.42,49.42,0,0
NNG_MV,D,20180405,000000,49.42,54.34,49.42,54.34,0,0
NNG_MV,D,20180409,000000,53.83,53.83,47.47,47.47,0,0
NNG_MV,D,20180410,000000,51.88,51.88,51.88,51.88,0,0
NNG_MV,D,20180411,000000,51.88,51.88,51.88,51.88,0,0
NNG_MV,D,20180412,000000,47.99,51.88,47.99,51.88,0,0
NNG_MV,D,20180413,000000,51.88,51.88,49.29,49.29,0,0
NNG_MV,D,20180416,000000,49.29,49.29,47.34,47.34,0,0
NNG_MV,D,20180417,000000,51.75,51.75,51.75,51.75,0,0
NNG_MV,D,20180418,000000,51.62,51.62,51.62,51.62,0,0
NNG_MV,D,20180419,000000,51.62,51.62,47.34,47.34,0,0
NNG_MV,D,20180420,000000,46.69,46.69,46.69,46.69,0,0
NNG_MV,D,20180424,000000,37.87,37.87,37.87,37.87,0,0
NNG_MV,D,20180425,000000,39.17,40.86,39.17,40.86,0,0
NNG_MV,D,20180426,000000,42.15,43.45,42.15,43.45,0,0
NNG_MV,D,20180427,000000,42.54,42.8,42.54,42.8,0,0
NNG_MV,D,20180430,000000,47.34,47.34,47.34,47.34,0,0
NNG_MV,D,20180502,000000,49.29,50.58,49.29,50.58,0,0
NNG_MV,D,20180507,000000,40.99,40.99,40.99,40.99,0,0
NNG_MV,D,20180509,000000,41.5,41.5,41.5,41.5,0,0
NNG_MV,D,20180511,000000,41.76,41.76,40.99,40.99,0,0
NNG_MV,D,20180514,000000,43.45,43.45,41.5,41.5,0,0
NNG_MV,D,20180515,000000,43.45,43.45,43.45,43.45,0,0
NNG_MV,D,20180516,000000,41.5,41.5,41.5,41.5,0,0
NNG_MV,D,20180517,000000,41.5,41.5,40.86,40.86,0,0
NNG_MV,D,20180518,000000,40.73,40.86,40.73,40.86,0,0
NNG_MV,D,20180521,000000,38.91,38.91,36.32,36.32,0,0
NNG_MV,D,20180522,000000,35.67,42.15,35.67,42.15,0,0
NNG_MV,D,20180523,000000,43.45,43.45,43.45,43.45,0,0
NNG_MV,D,20180524,000000,43.45,43.45,43.45,43.45,0,0
NNG_MV,D,20180528,000000,46.69,46.69,43.45,46.69,0,0
NNG_MV,D,20180529,000000,46.43,46.43,46.43,46.43,0,0
NNG_MV,D,20180605,000000,50.58,50.58,50.58,50.58,0,0
NNG_MV,D,20180606,000000,49.93,49.93,49.93,49.93,0,0
NNG_MV,D,20180608,000000,49.29,49.29,49.29,49.29,0,0
NNG_MV,D,20180612,000000,50.06,50.06,50.06,50.06,0,0
NNG_MV,D,20180613,000000,50.06,50.06,50.06,50.06,0,0
NNG_MV,D,20180619,000000,49.29,49.29,49.29,49.29,0,0
NNG_MV,D,20180621,000000,45.4,45.4,45.4,45.4,0,0
NNG_MV,D,20180627,000000,46.56,46.56,46.56,46.56,0,0
NNG_MV,D,20180628,000000,46.69,46.69,46.69,46.69,0,0
NNG_MV,D,20180629,000000,46.3,50.58,46.3,50.58,0,0
NNG_MV,D,20180703,000000,49.93,49.93,49.93,49.93,0,0
NNG_MV,D,20180807,000000,49.16,49.16,49.16,49.16,0,0
NNG_MV,D,20180814,000000,47.99,47.99,47.99,47.99,0,0
NNG_MV,D,20180817,000000,47.34,47.99,47.34,47.99,0,0
NNG_MV,D,20180820,000000,49.29,49.29,48.9,48.9,0,0
NNG_MV,D,20180821,000000,50.58,50.58,50.58,50.58,0,0
NNG_MV,D,20180822,000000,50.58,51.23,50.58,51.23,0,0
NNG_MV,D,20180823,000000,51.88,52.53,51.88,52.53,0,0
NNG_MV,D,20180824,000000,54.21,54.21,54.21,54.21,0,0
NNG_MV,D,20180827,000000,53.83,53.83,53.83,53.83,0,0
NNG_MV,D,20180828,000000,54.34,54.34,54.34,54.34,0,0
NNG_MV,D,20180830,000000,54.21,54.21,54.21,54.21,0,0
NNG_MV,D,20180903,000000,52.53,52.53,52.53,52.53,0,0
NNG_MV,D,20180904,000000,53.18,53.18,53.18,53.18,0,0
NNG_MV,D,20180910,000000,52.53,52.53,52.53,52.53,0,0
NNG_MV,D,20180911,000000,52.53,52.53,52.53,52.53,0,0
NNG_MV,D,20180921,000000,52.4,52.53,52.4,52.53,0,0
NNG_MV,D,20181001,000000,51.88,51.88,51.88,51.88,0,0
NNG_MV,D,20181019,000000,51.75,51.75,51.75,51.75,0,0
NNG_MV,D,20181022,000000,51.23,51.23,51.23,51.23,0,0
NNG_MV,D,20181023,000000,38.91,38.91,38.91,38.91,0,0
NNG_MV,D,20181024,000000,35.02,36.32,35.02,36.32,0,0
NNG_MV,D,20181029,000000,32.43,36.32,32.43,32.43,0,0
NNG_MV,D,20181030,000000,33.72,33.72,33.72,33.72,0,0
NNG_MV,D,20181031,000000,33.72,33.72,33.72,33.72,0,0
NNG_MV,D,20181102,000000,33.72,33.72,33.72,33.72,0,0
NNG_MV,D,20181108,000000,33.72,33.72,33.72,33.72,0,0
NNG_MV,D,20181120,000000,38.91,38.91,38.91,38.91,0,0
NNG_MV,D,20181121,000000,38.91,38.91,38.91,38.91,0,0
NNG_MV,D,20181126,000000,38.91,38.91,38.91,38.91,0,0
NNG_MV,D,20181129,000000,38.91,38.91,38.91,38.91,0,0
NNG_MV,D,20181204,000000,36.32,36.32,36.32,36.32,0,0
NNG_MV,D,20181211,000000,36.32,36.32,36.32,36.32,0,0
NNG_MV,D,20181217,000000,31.13,31.13,31.13,31.13,0,0
NNG_MV,D,20181218,000000,32.43,33.72,32.43,33.72,0,0
NNG_MV,D,20181219,000000,33.72,33.72,31.13,31.13,0,0
NNG_MV,D,20181220,000000,33.72,33.72,32.43,32.43,0,0
NNG_MV,D,20181221,000000,31.13,31.65,31.13,31.65,0,0
NNG_MV,D,20181227,000000,32.43,32.43,32.43,32.43,0,0
NNG_MV,D,20181228,000000,32.43,32.43,31.65,31.65,0,0
NNG_MV,D,20190102,000000,31.13,31.13,31.13,31.13,0,0
NNG_MV,D,20190103,000000,32.43,32.43,32.43,32.43,0,0
NNG_MV,D,20190110,000000,32.43,32.43,32.43,32.43,0,0
NNG_MV,D,20190111,000000,32.43,32.43,32.43,32.43,0,0
NNG_MV,D,20190114,000000,32.43,32.43,32.43,32.43,0,0
NNG_MV,D,20190115,000000,32.43,34.89,32.43,34.89,0,0
NNG_MV,D,20190117,000000,36.29,36.29,36.29,36.29,0,0
NNG_MV,D,20190121,000000,39.92,39.92,39.92,39.92,0,0
NNG_MV,D,20190123,000000,39.92,39.92,39.92,39.92,0,0
NNG_MV,D,20190124,000000,40.47,41.87,40.47,41.87,0,0
NNG_MV,D,20190125,000000,43.96,43.96,43.96,43.96,0,0
NNG_MV,D,20190128,000000,44.66,44.94,44.66,44.94,0,0
NNG_MV,D,20190129,000000,46.89,46.89,46.89,46.89,0,0
NNG_MV,D,20190131,000000,46.89,46.89,46.89,46.89,0,0
NNG_MV,D,20190201,000000,46.75,46.75,46.75,46.75,0,0
NNG_MV,D,20190204,000000,45.5,45.5,45.5,45.5,0,0
NNG_MV,D,20190206,000000,45.22,45.22,43.27,43.27,0,0
NNG_MV,D,20190208,000000,44.66,44.66,44.66,44.66,0,0
NNG_MV,D,20190211,000000,44.38,44.38,44.1,44.1,0,0
NNG_MV,D,20190212,000000,43.27,43.27,43.27,43.27,0,0
NNG_MV,D,20190213,000000,44.1,44.1,44.1,44.1,0,0
NNG_MV,D,20190214,000000,44.94,44.94,44.94,44.94,0,0
NNG_MV,D,20190215,000000,44.38,44.38,44.38,44.38,0,0
NNG_MV,D,20190218,000000,44.66,44.66,44.66,44.66,0,0
NNG_MV,D,20190219,000000,44.38,44.38,44.38,44.38,0,0
NNG_MV,D,20190220,000000,41.87,41.87,41.87,41.87,0,0
NNG_MV,D,20190221,000000,44.66,44.66,44.66,44.66,0,0
NNG_MV,D,20190225,000000,44.24,44.24,44.24,44.24,0,0
NNG_MV,D,20190226,000000,41.87,41.87,41.87,41.87,0,0
NNG_MV,D,20190228,000000,41.87,41.87,41.87,41.87,0,0
NNG_MV,D,20190306,000000,43.96,43.96,43.96,43.96,0,0
NNG_MV,D,20190311,000000,41.87,41.87,41.87,41.87,0,0
NNG_MV,D,20190312,000000,37.68,37.68,37.68,37.68,0,0
NNG_MV,D,20190313,000000,44.1,44.1,44.1,44.1,0,0
NNG_MV,D,20190318,000000,43.13,43.13,43.13,43.13,0,0
NNG_MV,D,20190320,000000,38.38,38.38,38.38,38.38,0,0
NNG_MV,D,20190321,000000,43.96,43.96,43.96,43.96,0,0
NNG_MV,D,20190326,000000,43.96,43.96,43.96,43.96,0,0
NNG_MV,D,20190401,000000,43.82,43.82,40.47,40.47,0,0
NNG_MV,D,20190402,000000,42.99,42.99,41.87,41.87,0,0
NNG_MV,D,20190403,000000,42.15,42.15,42.15,42.15,0,0
NNG_MV,D,20190404,000000,42.43,42.43,41.87,41.87,0,0
NNG_MV,D,20190405,000000,41.31,41.31,41.31,41.31,0,0
NNG_MV,D,20190409,000000,41.59,41.59,41.59,41.59,0,0
NNG_MV,D,20190410,000000,41.31,41.31,41.03,41.03,0,0
NNG_MV,D,20190411,000000,35.45,35.45,35.45,35.45,0,0
NNG_MV,D,20190412,000000,35.45,40.47,35.45,40.47,0,0
NNG_MV,D,20190415,000000,39.08,39.08,39.08,39.08,0,0
NNG_MV,D,20190423,000000,35.17,35.17,35.17,35.17,0,0
NNG_MV,D,20190426,000000,39.08,39.08,39.08,39.08,0,0
NNG_MV,D,20190429,000000,41.87,41.87,41.87,41.87,0,0
NNG_MV,D,20190522,000000,37.68,37.68,37.68,37.68,0,0
NNG_MV,D,20190523,000000,34.89,34.89,34.89,34.89,0,0
NNG_MV,D,20190612,000000,34.89,34.89,34.89,34.89,0,0
NNG_MV,D,20190618,000000,34.33,34.33,34.33,34.33,0,0
NNG_MV,D,20190628,000000,35.17,35.17,35.17,35.17,0,0
NNG_MV,D,20190702,000000,39.08,39.08,39.08,39.08,0,0
NNG_MV,D,20190705,000000,37.68,37.68,37.68,37.68,0,0
NNG_MV,D,20190708,000000,39.08,39.64,39.08,39.64,0,0
NNG_MV,D,20190709,000000,41.87,41.87,41.87,41.87,0,0
NNG_MV,D,20190710,000000,41.87,41.87,41.87,41.87,0,0
NNG_MV,D,20190711,000000,46.06,48.85,46.06,48.85,0,0
NNG_MV,D,20190712,000000,50.24,50.24,50.24,50.24,0,0
NNG_MV,D,20190715,000000,48.85,48.85,48.85,48.85,0,0
NNG_MV,D,20190718,000000,41.87,41.87,41.87,41.87,0,0
NNG_MV,D,20190719,000000,41.87,41.87,41.87,41.87,0,0
NNG_MV,D,20190801,000000,43.27,43.27,43.27,43.27,0,0
NNG_MV,D,20190802,000000,47.17,47.17,47.17,47.17,0,0
NNG_MV,D,20190805,000000,46.89,46.89,46.89,46.89,0,0
NNG_MV,D,20190807,000000,41.87,41.87,41.87,41.87,0,0
NNG_MV,D,20190814,000000,41.87,47.17,41.87,47.17,0,0
NNG_MV,D,20190820,000000,41.87,41.87,41.87,41.87,0,0
NNG_MV,D,20190822,000000,47.17,47.17,47.17,47.17,0,0
NNG_MV,D,20190828,000000,46.89,46.89,46.89,46.89,0,0
NNG_MV,D,20190904,000000,46.61,46.61,46.61,46.61,0,0
NNG_MV,D,20190906,000000,43.27,43.27,43.27,43.27,0,0
NNG_MV,D,20190911,000000,43.27,43.27,43.27,43.27,0,0
NNG_MV,D,20190913,000000,41.87,41.87,41.87,41.87,0,0
NNG_MV,D,20190917,000000,41.87,41.87,41.87,41.87,0,0
NNG_MV,D,20190923,000000,37.96,37.96,36.29,36.29,0,0
NNG_MV,D,20190924,000000,33.5,33.5,33.5,33.5,0,0
NNG_MV,D,20190926,000000,36.29,36.29,34.89,34.89,0,0
NNG_MV,D,20190930,000000,28.75,28.75,25.96,25.96,0,0
NNG_MV,D,20191001,000000,23.87,23.87,22.61,22.61,0,0
NNG_MV,D,20191002,000000,22.61,23.17,22.61,23.17,0,0
NNG_MV,D,20191004,000000,24.84,24.84,23.17,24.84,0,0
NNG_MV,D,20191008,000000,27.22,29.31,27.22,29.31,0,0
NNG_MV,D,20191009,000000,30.7,30.7,29.31,30.7,0,0
NNG_MV,D,20191011,000000,30.7,30.7,30.7,30.7,0,0
NNG_MV,D,20191016,000000,30.7,30.98,30.7,30.98,0,0
NNG_MV,D,20191017,000000,29.31,30.98,29.31,29.31,0,0
NNG_MV,D,20191021,000000,27.91,27.91,27.91,27.91,0,0
NNG_MV,D,20191023,000000,27.91,27.91,27.91,27.91,0,0
NNG_MV,D,20191024,000000,27.91,27.91,27.91,27.91,0,0
NNG_MV,D,20191025,000000,25.12,25.12,25.12,25.12,0,0
NNG_MV,D,20191028,000000,24.01,25.12,23.73,23.73,0,0
NNG_MV,D,20191029,000000,22.75,23.73,22.75,23.73,0,0
NNG_MV,D,20191030,000000,24.98,26.38,24.98,26.38,0,0
NNG_MV,D,20191031,000000,28.75,28.75,28.75,28.75,0,0
NNG_MV,D,20191104,000000,28.75,28.75,28.75,28.75,0,0
NNG_MV,D,20191105,000000,23.59,28.75,23.59,28.75,0,0
NNG_MV,D,20191112,000000,23.59,23.59,23.59,23.59,0,0
NNG_MV,D,20191113,000000,27.77,27.77,27.77,27.77,0,0
NNG_MV,D,20191114,000000,27.91,27.91,27.91,27.91,0,0
NNG_MV,D,20191115,000000,27.77,27.77,27.77,27.77,0,0
NNG_MV,D,20191118,000000,27.77,27.77,27.77,27.77,0,0
NNG_MV,D,20191119,000000,27.77,27.77,27.77,27.77,0,0
NNG_MV,D,20191121,000000,24.01,27.22,24.01,27.22,0,0
NNG_MV,D,20191122,000000,27.63,27.63,24.28,24.28,0,0
NNG_MV,D,20191125,000000,24.28,24.28,24.01,24.01,0,0
NNG_MV,D,20191126,000000,23.59,24.01,21.35,21.35,0,0
NNG_MV,D,20191127,000000,20.38,20.38,20.38,20.38,0,0
NNG_MV,D,20191128,000000,21.21,21.21,20.38,21.21,0,0
NNG_MV,D,20191202,000000,20.66,20.66,20.66,20.66,0,0
NNG_MV,D,20191203,000000,19.54,19.54,19.54,19.54,0,0
NNG_MV,D,20191210,000000,25.12,25.12,24.84,24.84,0,0
NNG_MV,D,20191211,000000,25.12,25.12,24.84,24.84,0,0
NNG_MV,D,20191212,000000,22.89,22.89,22.89,22.89,0,0
NNG_MV,D,20191213,000000,21.63,23.73,21.63,23.73,0,0
NNG_MV,D,20191216,000000,23.73,23.73,23.73,23.73,0,0
NNG_MV,D,20191217,000000,22.61,22.61,21.63,21.63,0,0
NNG_MV,D,20191218,000000,20.93,20.93,20.93,20.93,0,0
NNG_MV,D,20191219,000000,20.93,20.93,20.93,20.93,0,0
NNG_MV,D,20191220,000000,20.8,20.8,20.8,20.8,0,0
NNG_MV,D,20191223,000000,20.66,20.66,20.66,20.66,0,0
NNG_MV,D,20200102,000000,21.21,21.21,21.21,21.21,0,0
NNG_MV,D,20200103,000000,22.05,22.05,22.05,22.05,0,0
NNG_MV,D,20200108,000000,22.05,22.05,22.05,22.05,0,0
NNG_MV,D,20200109,000000,22.05,22.05,22.05,22.05,0,0
NNG_MV,D,20200113,000000,22.05,22.05,22.05,22.05,0,0
NNG_MV,D,20200117,000000,19.68,21.21,19.68,21.21,0,0
NNG_MV,D,20200122,000000,26.52,26.52,26.52,26.52,0,0
NNG_MV,D,20200124,000000,21.77,26.52,21.77,26.52,0,0
NNG_MV,D,20200127,000000,28.47,28.47,28.47,28.47,0,0
NNG_MV,D,20200128,000000,29.03,29.31,29.03,29.31,0,0
NNG_MV,D,20200129,000000,29.03,29.03,29.03,29.03,0,0
NNG_MV,D,20200130,000000,28.19,28.19,28.19,28.19,0,0
NNG_MV,D,20200131,000000,29.03,29.03,29.03,29.03,0,0
NNG_MV,D,20200203,000000,29.03,29.03,29.03,29.03,0,0
NNG_MV,D,20200204,000000,28.75,28.75,27.91,27.91,0,0
NNG_MV,D,20200206,000000,28.19,28.19,28.19,28.19,0,0
NNG_MV,D,20200207,000000,29.03,29.03,29.03,29.03,0,0
NNG_MV,D,20200210,000000,28.47,29.03,28.47,29.03,0,0
NNG_MV,D,20200211,000000,29.59,29.59,29.59,29.59,0,0
NNG_MV,D,20200212,000000,30.98,30.98,30.98,30.98,0,0
NNG_MV,D,20200213,000000,30.98,30.98,30.98,30.98,0,0
NNG_MV,D,20200214,000000,30.98,36.57,30.98,36.57,0,0
NNG_MV,D,20200217,000000,37.96,37.96,37.4,37.4,0,0
NNG_MV,D,20200218,000000,36.29,36.29,36.29,36.29,0,0
NNG_MV,D,20200219,000000,36.29,36.29,36.29,36.29,0,0
NNG_MV,D,20200220,000000,27.91,27.91,27.91,27.91,0,0
NNG_MV,D,20200221,000000,28.19,28.19,28.19,28.19,0,0
NNG_MV,D,20200224,000000,31.54,31.54,31.54,31.54,0,0
NNG_MV,D,20200225,000000,27.91,27.91,27.91,27.91,0,0
NNG_MV,D,20200226,000000,26.24,26.24,26.24,26.24,0,0
NNG_MV,D,20200227,000000,26.38,26.38,26.38,26.38,0,0
NNG_MV,D,20200228,000000,28.75,28.75,28.75,28.75,0,0
NNG_MV,D,20200302,000000,27.63,27.77,27.63,27.77,0,0
NNG_MV,D,20200303,000000,29.31,29.31,29.31,29.31,0,0
NNG_MV,D,20200304,000000,29.03,29.03,29.03,29.03,0,0
NNG_MV,D,20200305,000000,31.26,31.26,30.98,30.98,0,0
NNG_MV,D,20200309,000000,30.98,30.98,23.73,23.73,0,0
NNG_MV,D,20200310,000000,27.91,27.91,27.91,27.91,0,0
NNG_MV,D,20200311,000000,26.24,26.24,26.24,26.24,0,0
NNG_MV,D,20200312,000000,26.52,26.52,26.52,26.52,0,0
NNG_MV,D,20200313,000000,26.24,26.24,26.1,26.1,0,0
NNG_MV,D,20200316,000000,25.82,25.82,24.84,24.84,0,0
NNG_MV,D,20200317,000000,23.87,23.87,22.75,22.75,0,0
NNG_MV,D,20200318,000000,25.82,25.82,23.59,23.59,0,0
NNG_MV,D,20200319,000000,21.35,23.59,21.35,21.35,0,0
NNG_MV,D,20200320,000000,20.93,21.35,20.8,20.8,0,0
NNG_MV,D,20200323,000000,19.54,20.8,19.54,20.8,0,0
NNG_MV,D,20200324,000000,19.54,19.54,19.54,19.54,0,0
NNG_MV,D,20200325,000000,19.68,19.68,19.54,19.68,0,0
NNG_MV,D,20200326,000000,21.07,21.07,21.07,21.07,0,0
NNG_MV,D,20200327,000000,21.07,21.07,21.07,21.07,0,0
NNG_MV,D,20200330,000000,22.89,22.89,20.1,20.1,0,0
NNG_MV,D,20200331,000000,19.54,19.54,19.54,19.54,0,0
NNG_MV,D,20200401,000000,19.54,19.54,19.54,19.54,0,0
NNG_MV,D,20200402,000000,21.07,21.07,21.07,21.07,0,0
NNG_MV,D,20200403,000000,20.93,20.93,20.8,20.8,0,0
NNG_MV,D,20200406,000000,22.19,22.61,22.19,22.61,0,0
NNG_MV,D,20200407,000000,23.17,23.17,23.17,23.17,0,0
NNG_MV,D,20200408,000000,23.03,23.03,23.03,23.03,0,0
NNG_MV,D,20200415,000000,22.33,22.33,22.33,22.33,0,0
NNG_MV,D,20200416,000000,21.21,21.21,19.54,19.54,0,0
NNG_MV,D,20200417,000000,19.54,19.54,19.54,19.54,0,0
NNG_MV,D,20200420,000000,21.77,21.77,21.49,21.49,0,0
NNG_MV,D,20200421,000000,19.96,20.8,19.96,20.8,0,0
NNG_MV,D,20200422,000000,20.52,20.52,20.52,20.52,0,0
NNG_MV,D,20200423,000000,20.52,21.91,20.52,21.91,0,0
NNG_MV,D,20200424,000000,22.19,22.19,22.05,22.05,0,0
NNG_MV,D,20200427,000000,20.66,21.21,20.66,21.21,0,0
NNG_MV,D,20200428,000000,22.19,22.19,22.19,22.19,0,0
NNG_MV,D,20200429,000000,22.19,22.33,22.19,22.33,0,0
NNG_MV,D,20200430,000000,22.61,22.61,22.61,22.61,0,0
NNG_MV,D,20200504,000000,22.33,22.47,22.33,22.47,0,0
NNG_MV,D,20200505,000000,22.75,22.75,22.75,22.75,0,0
NNG_MV,D,20200506,000000,22.75,22.75,22.75,22.75,0,0
NNG_MV,D,20200507,000000,22.75,22.75,22.75,22.75,0,0
NNG_MV,D,20200508,000000,22.75,22.75,22.75,22.75,0,0
NNG_MV,D,20200512,000000,22.75,22.75,22.75,22.75,0,0
NNG_MV,D,20200513,000000,22.75,22.75,22.75,22.75,0,0
NNG_MV,D,20200514,000000,22.75,22.75,22.75,22.75,0,0
NNG_MV,D,20200515,000000,22.75,23.45,22.75,23.45,0,0
NNG_MV,D,20200518,000000,23.45,23.45,23.45,23.45,0,0
NNG_MV,D,20200519,000000,24.84,24.84,24.84,24.84,0,0
NNG_MV,D,20200520,000000,25.82,27.22,25.82,27.22,0,0
NNG_MV,D,20200521,000000,29.59,30.43,29.59,30.43,0,0
NNG_MV,D,20200522,000000,30.15,30.15,29.31,29.31,0,0
NNG_MV,D,20200525,000000,23.59,25.12,23.59,25.12,0,0
NNG_MV,D,20200526,000000,25.12,25.12,25.12,25.12,0,0
NNG_MV,D,20200527,000000,24.42,24.42,24.42,24.42,0,0
NNG_MV,D,20200528,000000,25.68,25.68,25.68,25.68,0,0
NNG_MV,D,20200529,000000,25.54,25.68,25.54,25.68,0,0
NNG_MV,D,20200601,000000,30.43,30.43,30.43,30.43,0,0
NNG_MV,D,20200602,000000,33.22,33.22,33.22,33.22,0,0
NNG_MV,D,20200603,000000,41.31,41.31,41.31,41.31,0,0
NNG_MV,D,20200604,000000,40.75,40.75,40.75,40.75,0,0
NNG_MV,D,20200605,000000,38.8,38.8,38.8,38.8,0,0
NNG_MV,D,20200608,000000,31.54,31.54,30.7,30.7,0,0
NNG_MV,D,20200609,000000,34.33,34.33,34.33,34.33,0,0
NNG_MV,D,20200610,000000,34.33,34.33,34.33,34.33,0,0
NNG_MV,D,20200615,000000,33.5,33.5,33.5,33.5,0,0
NNG_MV,D,20200616,000000,30.7,30.7,30.7,30.7,0,0
NNG_MV,D,20200617,000000,30.43,30.43,30.43,30.43,0,0
NNG_MV,D,20200618,000000,33.5,33.5,33.5,33.5,0,0
NNG_MV,D,20200619,000000,30.7,30.7,30.7,30.7,0,0
NNG_MV,D,20200622,000000,31.82,31.82,31.82,31.82,0,0
NNG_MV,D,20200623,000000,29.31,30.7,29.31,30.7,0,0
NNG_MV,D,20200624,000000,33.22,33.22,32.66,32.66,0,0
NNG_MV,D,20200625,000000,33.22,33.22,33.22,33.22,0,0
NNG_MV,D,20200626,000000,30.98,30.98,30.98,30.98,0,0
NNG_MV,D,20200629,000000,30.7,30.7,29.31,29.31,0,0
NNG_MV,D,20200630,000000,32.94,32.94,32.38,32.38,0,0
NNG_MV,D,20200701,000000,32.38,32.38,32.38,32.38,0,0
NNG_MV,D,20200702,000000,27.22,29.87,24.7,27.91,0,0
NNG_MV,D,20200703,000000,28.75,29.87,27.91,27.91,0,0
NNG_MV,D,20200706,000000,29.59,30.15,29.59,29.87,0,0
NNG_MV,D,20200707,000000,30.15,30.15,27.22,29.03,0,0
NNG_MV,D,20200708,000000,26.52,29.31,26.52,27.63,0,0
NNG_MV,D,20200709,000000,27.22,27.22,26.52,26.52,0,0
NNG_MV,D,20200710,000000,26.52,26.52,26.52,26.52,0,0
NNG_MV,D,20200713,000000,28.47,28.47,26.52,27.08,0,0
NNG_MV,D,20200714,000000,27.63,27.63,26.52,26.52,0,0
NNG_MV,D,20200715,000000,26.24,27.91,25.96,26.1,0,0
NNG_MV,D,20200716,000000,26.1,27.63,25.12,27.63,0,0
NNG_MV,D,20200717,000000,25.4,26.8,25.12,26.8,0,0
NNG_MV,D,20200720,000000,26.94,26.94,26.94,26.94,0,0
NNG_MV,D,20200721,000000,25.4,26.24,24.28,26.24,0,0
NNG_MV,D,20200722,000000,26.52,26.52,24.28,25.4,0,0
NNG_MV,D,20200723,000000,25.4,30.7,25.12,29.59,0,0
NNG_MV,D,20200724,000000,30.7,32.94,29.87,32.94,0,0
NNG_MV,D,20200727,000000,33.5,36.85,33.5,36.57,0,0
NNG_MV,D,20200728,000000,37.96,44.66,37.96,44.66,0,0
NNG_MV,D,20200729,000000,46.06,49.13,41.59,43.27,0,0
NNG_MV,D,20200730,000000,41.87,44.1,37.96,43.27,0,0
NNG_MV,D,20200731,000000,37.68,42.99,37.68,39.36,0,0
NNG_MV,D,20200803,000000,40.47,43.54,39.36,43.27,0,0
NNG_MV,D,20200804,000000,43.27,47.45,41.03,45.78,0,0
NNG_MV,D,20200805,000000,45.22,47.17,43.82,44.66,0,0
NNG_MV,D,20200806,000000,42.43,44.66,41.87,42.43,0,0
NNG_MV,D,20200807,000000,41.87,41.87,41.87,41.87,0,0
NNG_MV,D,20200810,000000,41.59,43.27,37.68,43.27,0,0
NNG_MV,D,20200811,000000,41.87,43.27,39.64,41.87,0,0
NNG_MV,D,20200812,000000,41.31,43.27,39.92,41.87,0,0
NNG_MV,D,20200813,000000,41.87,45.22,41.87,45.22,0,0
NNG_MV,D,20200814,000000,45.22,45.22,41.87,44.94,0,0
NNG_MV,D,20200817,000000,44.66,45.5,42.15,44.66,0,0
NNG_MV,D,20200818,000000,45.5,45.5,42.15,44.66,0,0
NNG_MV,D,20200819,000000,42.71,44.1,42.43,43.54,0,0
NNG_MV,D,20200820,000000,42.71,43.27,40.47,43.27,0,0
NNG_MV,D,20200821,000000,42.99,42.99,39.08,42.99,0,0
NNG_MV,D,20200824,000000,40.75,41.87,40.75,41.87,0,0
NNG_MV,D,20200825,000000,41.03,41.87,40.47,41.87,0,0
NNG_MV,D,20200826,000000,41.87,41.87,41.87,41.87,0,0
NNG_MV,D,20200827,000000,41.87,41.87,40.47,40.47,0,0
NNG_MV,D,20200828,000000,41.87,43.82,40.75,42.71,0,0
NNG_MV,D,20200831,000000,42.43,42.43,40.47,42.43,0,0
NNG_MV,D,20200901,000000,42.43,46.61,40.47,46.06,0,0
NNG_MV,D,20200902,000000,46.06,53.03,44.1,53.03,0,0
NNG_MV,D,20200903,000000,53.03,53.03,47.73,50.24,0,0
NNG_MV,D,20200904,000000,50.24,50.24,45.22,46.06,0,0
NNG_MV,D,20200907,000000,49.96,49.96,47.45,49.41,0,0
NNG_MV,D,20200908,000000,48.85,48.85,41.87,45.22,0,0
NNG_MV,D,20200909,000000,43.54,47.45,43.54,46.89,0,0
NNG_MV,D,20200910,000000,46.89,46.89,46.89,46.89,0,0
NNG_MV,D,20200911,000000,45.5,46.61,45.5,46.61,0,0
NNG_MV,D,20200914,000000,47.45,48.57,47.45,48.57,0,0
NNG_MV,D,20200915,000000,48.57,48.85,48.57,48.85,0,0
NNG_MV,D,20200916,000000,45.5,48.57,45.5,48.57,0,0
NNG_MV,D,20200917,000000,45.22,45.22,45.22,45.22,0,0
NNG_MV,D,20200918,000000,45.22,47.45,41.87,47.45,0,0
NNG_MV,D,20200921,000000,46.61,47.17,46.61,47.17,0,0
NNG_MV,D,20200922,000000,47.17,47.17,47.17,47.17,0,0
NNG_MV,D,20200923,000000,44.1,46.34,44.1,46.34,0,0
NNG_MV,D,20200924,000000,46.34,46.34,46.34,46.34,0,0
NNG_MV,D,20200925,000000,41.87,44.66,41.87,44.66,0,0
NNG_MV,D,20200928,000000,45.5,45.5,45.5,45.5,0,0
NNG_MV,D,20200929,000000,45.22,45.22,41.87,42.71,0,0
NNG_MV,D,20200930,000000,44.1,45.5,42.71,44.1,0,0
NNG_MV,D,20201001,000000,48.29,48.29,44.38,44.66,0,0
NNG_MV,D,20201002,000000,44.38,44.66,43.27,44.66,0,0
NNG_MV,D,20201005,000000,44.1,44.66,41.87,44.1,0,0
NNG_MV,D,20201006,000000,44.1,46.61,41.87,46.61,0,0
NNG_MV,D,20201007,000000,46.06,46.06,45.5,46.06,0,0
NNG_MV,D,20201008,000000,45.78,46.06,42.43,46.06,0,0
NNG_MV,D,20201009,000000,46.06,46.34,42.71,46.34,0,0
NNG_MV,D,20201012,000000,43.27,46.06,43.27,46.06,0,0
NNG_MV,D,20201013,000000,42.15,45.78,42.15,45.78,0,0
NNG_MV,D,20201014,000000,45.78,46.61,42.15,44.38,0,0
NNG_MV,D,20201015,000000,44.38,44.38,40.47,41.87,0,0
NNG_MV,D,20201016,000000,41.87,73.27,41.87,73.27,0,0
NNG_MV,D,20201019,000000,122.82,132.59,122.82,132.59,0,0
NNG_MV,D,20201020,000000,139.57,181.44,139.57,181.44,0,0
NNG_MV,D,20201021,000000,175.85,175.85,129.8,139.57,0,0
NNG_MV,D,20201022,000000,125.61,127.7,104.67,104.67,0,0
NNG_MV,D,20201023,000000,98.39,125.61,93.51,113.05,0,0
NNG_MV,D,20201026,000000,114.44,117.24,106.07,106.07,0,0
NNG_MV,D,20201027,000000,110.26,110.26,96.3,98.39,0,0
NNG_MV,D,20201028,000000,98.39,98.39,76.76,86.53,0,0
NNG_MV,D,20201029,000000,82.34,85.83,75.37,83.04,0,0
NNG_MV,D,20201030,000000,76.76,95.6,76.76,90.72,0,0
NNG_MV,D,20201102,000000,125.61,125.61,108.16,125.61,0,0
NNG_MV,D,20201103,000000,150.73,153.52,126.31,127.7,0,0
NNG_MV,D,20201104,000000,127,127,114.44,117.24,0,0
NNG_MV,D,20201105,000000,115.84,127,115.84,121.42,0,0
NNG_MV,D,20201106,000000,120.03,130.49,117.24,118.63,0,0
NNG_MV,D,20201109,000000,122.12,122.82,106.07,110.26,0,0
NNG_MV,D,20201110,000000,104.67,110.26,94.21,107.47,0,0
NNG_MV,D,20201112,000000,111.65,111.65,101.19,107.47,0,0
NNG_MV,D,20201113,000000,106.77,106.77,100.49,101.19,0,0
NNG_MV,D,20201116,000000,94.9,94.9,88.62,89.32,0,0
NNG_MV,D,20201117,000000,88.62,89.32,79.55,82.34,0,0
NNG_MV,D,20201118,000000,85.14,99.09,82.34,94.21,0,0
NNG_MV,D,20201119,000000,99.09,99.09,89.32,91.42,0,0
NNG_MV,D,20201120,000000,91.42,93.51,87.23,91.42,0,0
NNG_MV,D,20201123,000000,91.42,91.42,85.83,86.53,0,0
NNG_MV,D,20201124,000000,90.02,90.02,85.83,88.62,0,0
NNG_MV,D,20201125,000000,88.62,88.62,80.25,80.95,0,0
NNG_MV,D,20201126,000000,80.95,83.04,74.67,81.65,0,0
NNG_MV,D,20201127,000000,81.65,89.32,76.76,85.83,0,0
NNG_MV,D,20201130,000000,83.04,83.04,75.37,76.76,0,0
NNG_MV,D,20201201,000000,76.76,76.76,69.78,71.18,0,0
NNG_MV,D,20201202,000000,64.2,70.48,64.2,68.39,0,0
NNG_MV,D,20201203,000000,68.39,68.67,63.36,65.32,0,0
NNG_MV,D,20201204,000000,63.64,65.6,59.45,61.41,0,0
NNG_MV,D,20201207,000000,62.8,62.8,58.06,60.01,0,0
NNG_MV,D,20201208,000000,60.01,80.95,58.62,80.95,0,0
NNG_MV,D,20201209,000000,83.74,94.21,78.16,78.16,0,0
NNG_MV,D,20201210,000000,81.65,81.65,73.27,73.27,0,0
NNG_MV,D,20201211,000000,73.97,73.97,66.99,68.39,0,0
NNG_MV,D,20201214,000000,68.67,71.18,67.55,71.18,0,0
NNG_MV,D,20201215,000000,72.57,80.95,69.78,73.97,0,0
NNG_MV,D,20201216,000000,73.97,75.37,69.78,69.78,0,0
NNG_MV,D,20201217,000000,68.39,79.05,64.2,79.05,0,0
NNG_MV,D,20201218,000000,77.38,78.38,75.7,77.04,0,0
NNG_MV,D,20201221,000000,76.04,77.71,74.7,75.03,0,0
NNG_MV,D,20201222,000000,75.37,80.05,75.37,76.71,0,0
NNG_MV,D,20201223,000000,78.38,78.38,75.37,77.04,0,0
NNG_MV,D,20201228,000000,77.04,77.04,74.03,75.37,0,0
NNG_MV,D,20201229,000000,76.04,77.04,70.68,75.37,0,0
NNG_MV,D,20201230,000000,67.33,74.7,67.33,73.36,0,0
NNG_MV,D,20210104,000000,73.36,78.72,73.36,78.72,0,0
NNG_MV,D,20210105,000000,78.72,83.74,77.71,81.06,0,0
NNG_MV,D,20210107,000000,81.06,83.74,77.71,78.72,0,0
NNG_MV,D,20210108,000000,78.72,78.72,75.7,76.71,0,0
NNG_MV,D,20210111,000000,77.04,79.38,76.04,77.04,0,0
NNG_MV,D,20210112,000000,77.71,78.38,75.37,77.71,0,0
NNG_MV,D,20210113,000000,77.04,85.41,77.04,85.41,0,0
NNG_MV,D,20210114,000000,84.58,85.41,81.06,83.4,0,0
NNG_MV,D,20210115,000000,93.79,93.79,79.72,84.58,0,0
NNG_MV,D,20210118,000000,83.74,87.93,83.74,86.25,0,0
NNG_MV,D,20210119,000000,87.09,87.09,83.74,83.74,0,0
NNG_MV,D,20210120,000000,84.58,85.41,83.4,85.41,0,0
NNG_MV,D,20210121,000000,85.41,87.09,83.07,86.25,0,0
NNG_MV,D,20210122,000000,87.93,87.93,83.4,86.25,0,0
NNG_MV,D,20210125,000000,86.25,86.25,83.4,83.74,0,0
NNG_MV,D,20210126,000000,83.74,85.41,83.07,83.74,0,0
NNG_MV,D,20210127,000000,83.4,84.58,77.71,83.07,0,0
NNG_MV,D,20210128,000000,82.06,84.58,80.05,82.06,0,0
NNG_MV,D,20210129,000000,83.4,83.74,81.06,83.07,0,0
NNG_MV,D,20210201,000000,92.11,114.72,92.11,114.72,0,0
NNG_MV,D,20210202,000000,122.26,140.68,101.32,103,0,0
NNG_MV,D,20210203,000000,104.67,120.58,104.67,108.86,0,0
NNG_MV,D,20210204,000000,117.24,117.24,105.51,108.02,0,0
NNG_MV,D,20210205,000000,112.21,112.21,105.51,108.02,0,0
NNG_MV,D,20210208,000000,110.54,123.93,110.54,123.93,0,0
NNG_MV,D,20210209,000000,118.91,120.58,117.24,118.91,0,0
NNG_MV,D,20210210,000000,120.58,120.58,112.21,114.72,0,0
NNG_MV,D,20210211,000000,115.56,115.56,108.02,109.7,0,0
NNG_MV,D,20210212,000000,108.86,110.54,103.84,109.7,0,0
NNG_MV,D,20210215,000000,108.02,111.37,106.35,110.54,0,0
NNG_MV,D,20210216,000000,114.72,114.72,107.19,110.54,0,0
NNG_MV,D,20210217,000000,112.21,114.72,108.86,110.54,0,0
NNG_MV,D,20210218,000000,114.72,128.96,112.21,121.42,0,0
NNG_MV,D,20210219,000000,122.26,147.38,121.42,138.17,0,0
NNG_MV,D,20210222,000000,149.06,149.06,136.5,136.5,0,0
NNG_MV,D,20210223,000000,138.17,139.01,129.8,133.98,0,0
NNG_MV,D,20210224,000000,133.98,141.52,131.47,133.98,0,0
NNG_MV,D,20210225,000000,134.82,134.82,125.61,125.61,0,0
NNG_MV,D,20210226,000000,122.26,123.93,117.24,123.93,0,0
NNG_MV,D,20210301,000000,124.77,128.96,122.26,126.45,0,0
NNG_MV,D,20210302,000000,128.96,128.96,118.07,119.75,0,0
NNG_MV,D,20210303,000000,118.91,119.75,111.37,118.07,0,0
NNG_MV,D,20210304,000000,117.24,124.77,113.05,120.58,0,0
NNG_MV,D,20210305,000000,120.58,123.1,117.24,118.91,0,0
NNG_MV,D,20210308,000000,119.75,120.58,115.56,117.24,0,0
NNG_MV,D,20210309,000000,118.91,118.91,113.89,116.4,0,0
NNG_MV,D,20210310,000000,118.07,118.07,112.21,115.56,0,0
NNG_MV,D,20210311,000000,115.56,120.58,114.72,120.58,0,0
NNG_MV,D,20210312,000000,120.58,123.1,116.4,118.91,0,0
NNG_MV,D,20210315,000000,118.91,119.75,115.56,115.56,0,0
NNG_MV,D,20210316,000000,115.56,124.77,114.72,119.75,0,0
NNG_MV,D,20210317,000000,134.82,134.82,120.58,122.26,0,0
NNG_MV,D,20210318,000000,123.1,123.93,117.24,122.26,0,0
NNG_MV,D,20210319,000000,122.26,125.61,118.91,125.61,0,0
NNG_MV,D,20210322,000000,125.61,125.61,121.42,122.26,0,0
NNG_MV,D,20210323,000000,124.77,124.77,120.58,123.1,0,0
NNG_MV,D,20210324,000000,123.1,123.93,119.75,123.93,0,0
NNG_MV,D,20210325,000000,123.93,123.93,119.75,121.42,0,0
NNG_MV,D,20210326,000000,120.58,121.42,119.75,121.42,0,0
NNG_MV,D,20210329,000000,137.33,144.03,132.31,135.66,0,0
NNG_MV,D,20210330,000000,132.31,132.31,125.61,125.61,0,0
NNG_MV,D,20210331,000000,127.28,127.28,121.42,124.77,0,0
NNG_MV,D,20210401,000000,126.28,127.12,122.26,122.93,0,0
NNG_MV,D,20210406,000000,118.91,120.08,116.4,119.91,0,0
NNG_MV,D,20210407,000000,118.07,119.58,117.4,118.91,0,0
NNG_MV,D,20210408,000000,117.74,119.58,117.57,118.41,0,0
NNG_MV,D,20210409,000000,118.74,119.24,117.07,117.57,0,0
NNG_MV,D,20210412,000000,116.57,119.08,116.23,119.08,0,0
NNG_MV,D,20210413,000000,117.91,119.24,114.89,117.07,0,0
NNG_MV,D,20210414,000000,118.58,118.58,115.73,115.73,0,0
NNG_MV,D,20210415,000000,115.73,116.9,111.37,113.22,0,0
NNG_MV,D,20210416,000000,111.04,117.24,111.04,113.05,0,0
NNG_MV,D,20210419,000000,114.22,114.22,108.02,110.37,0,0
NNG_MV,D,20210420,000000,110.2,110.2,101.83,105.85,0,0
NNG_MV,D,20210421,000000,105.85,105.85,100.49,100.99,0,0
NNG_MV,D,20210422,000000,100.49,101.83,99.15,100.99,0,0
NNG_MV,D,20210423,000000,98.81,98.81,92.11,92.45,0,0
NNG_MV,D,20210426,000000,94.12,97.14,92.11,96.47,0,0
NNG_MV,D,20210427,000000,93.96,96.13,92.11,92.11,0,0
NNG_MV,D,20210428,000000,92.45,95.46,92.11,95.46,0,0
NNG_MV,D,20210429,000000,98.31,98.65,96.47,97.14,0,0
NNG_MV,D,20210430,000000,95.97,102.16,95.3,97.64,0,0
NNG_MV,D,20210504,000000,94.63,95.8,86.75,91.95,0,0
NNG_MV,D,20210505,000000,93.62,93.62,86.75,88.09,0,0
NNG_MV,D,20210506,000000,87.76,87.93,84.07,85.92,0,0
NNG_MV,D,20210507,000000,86.08,86.08,81.23,84.24,0,0
NNG_MV,D,20210510,000000,83.57,83.66,79.55,79.72,0,0
NNG_MV,D,20210511,000000,81.56,82.9,79.72,82.23,0,0
NNG_MV,D,20210512,000000,82.4,83.57,78.63,82.06,0,0
NNG_MV,D,20210513,000000,79.64,81.73,78.63,81.56,0,0
NNG_MV,D,20210514,000000,80.39,84.58,78.72,84.58,0,0
NNG_MV,D,20210517,000000,85.41,87.09,83.74,86.25,0,0
NNG_MV,D,20210518,000000,86.08,86.08,83.91,85.41,0,0
NNG_MV,D,20210519,000000,83.91,85.41,83.74,85.08,0,0
NNG_MV,D,20210520,000000,83.74,84.74,82.15,84.58,0,0
NNG_MV,D,20210521,000000,84.58,84.58,83.07,83.74,0,0
NNG_MV,D,20210524,000000,83.74,85.41,82.73,83.74,0,0
NNG_MV,D,20210525,000000,85.41,85.41,82.99,84.74,0,0
NNG_MV,D,20210526,000000,85.25,85.25,82.23,85.25,0,0
NNG_MV,D,20210527,000000,85.41,85.41,82.9,83.74,0,0
NNG_MV,D,20210528,000000,83.74,85.92,82.82,84.07,0,0
NNG_MV,D,20210531,000000,83.74,83.74,80.56,83.07,0,0
NNG_MV,D,20210601,000000,81.73,83.07,80.39,83.07,0,0
NNG_MV,D,20210602,000000,83.57,84.58,82.06,82.73,0,0
NNG_MV,D,20210604,000000,82.06,82.9,82.06,82.9,0,0
NNG_MV,D,20210607,000000,83.4,83.4,80.72,82.9,0,0
NNG_MV,D,20210608,000000,82.9,83.74,82.06,83.74,0,0
NNG_MV,D,20210609,000000,83.74,84.58,82.06,82.23,0,0
NNG_MV,D,20210610,000000,82.9,83.74,82.23,83.74,0,0
NNG_MV,D,20210611,000000,83.74,83.74,82.4,83.4,0,0
NNG_MV,D,20210614,000000,82.9,85.41,82.57,85.41,0,0
NNG_MV,D,20210615,000000,84.41,90.94,84.41,90.61,0,0
NNG_MV,D,20210616,000000,90.61,90.61,87.09,90.27,0,0
NNG_MV,D,20210617,000000,87.93,90.27,85.58,85.75,0,0
NNG_MV,D,20210618,000000,88.6,88.6,82.4,82.4,0,0
NNG_MV,D,20210621,000000,82.4,83.74,81.73,83.74,0,0
NNG_MV,D,20210622,000000,83.74,85.25,82.4,83.74,0,0
NNG_MV,D,20210623,000000,83.74,85.08,83.07,85.08,0,0
NNG_MV,D,20210624,000000,85.08,87.93,82.4,86.25,0,0
NNG_MV,D,20210625,000000,83.74,87.76,82.4,83.4,0,0
NNG_MV,D,20210628,000000,86.75,87.42,83.74,87.09,0,0
NNG_MV,D,20210629,000000,84.07,86.92,83.74,84.74,0,0
NNG_MV,D,20210630,000000,83.74,86.75,83.07,86.25,0,0
NNG_MV,D,20210701,000000,86.25,86.25,83.74,86.08,0,0
NNG_MV,D,20210702,000000,86.25,86.25,84.91,86.25,0,0
NNG_MV,D,20210705,000000,86.25,88.26,85.58,85.58,0,0
NNG_MV,D,20210706,000000,85.58,88.26,85.08,87.76,0,0
NNG_MV,D,20210707,000000,84.91,88.26,84.91,87.76,0,0
NNG_MV,D,20210708,000000,85.08,87.76,84.74,87.42,0,0
NNG_MV,D,20210709,000000,84.91,87.59,84.74,86.59,0,0
NNG_MV,D,20210712,000000,86.25,86.92,84.58,86.08,0,0
NNG_MV,D,20210713,000000,84.41,86.08,83.91,85.75,0,0
NNG_MV,D,20210714,000000,85.08,85.75,83.91,85.25,0,0
NNG_MV,D,20210715,000000,85.08,85.41,83.74,84.24,0,0
NNG_MV,D,20210716,000000,83.24,85.41,83.24,85.25,0,0
NNG_MV,D,20210719,000000,85.25,86.92,83.91,84.58,0,0
NNG_MV,D,20210720,000000,84.58,86.25,83.4,85.08,0,0
NNG_MV,D,20210721,000000,85.08,86.75,83.74,86.59,0,0
NNG_MV,D,20210722,000000,86.59,86.75,83.4,86.25,0,0
NNG_MV,D,20210723,000000,82.9,86.08,82.9,85.92,0,0
NNG_MV,D,20210726,000000,85.41,86.59,85.41,86.25,0,0
NNG_MV,D,20210727,000000,86.25,86.42,83.07,86.25,0,0
NNG_MV,D,20210728,000000,86.25,86.25,83.74,86.25,0,0
NNG_MV,D,20210729,000000,83.74,86.25,83.74,85.08,0,0
NNG_MV,D,20210730,000000,85.41,86.25,84.07,86.08,0,0
NNG_MV,D,20210802,000000,86.25,86.42,83.24,85.08,0,0
NNG_MV,D,20210803,000000,85.08,86.25,83.4,85.25,0,0
NNG_MV,D,20210804,000000,83.91,85.75,83.4,85.08,0,0
NNG_MV,D,20210805,000000,83.74,85.08,82.9,82.9,0,0
NNG_MV,D,20210806,000000,82.06,85.41,82.06,84.58,0,0
NNG_MV,D,20210809,000000,83.57,84.58,83.4,84.58,0,0
NNG_MV,D,20210810,000000,82.9,84.41,82.9,83.74,0,0
NNG_MV,D,20210811,000000,83.74,83.74,82.23,83.74,0,0
NNG_MV,D,20210812,000000,83.74,83.74,82.23,83.74,0,0
NNG_MV,D,20210813,000000,83.74,83.74,82.57,83.07,0,0
NNG_MV,D,20210816,000000,83.24,83.4,82.4,83.24,0,0
NNG_MV,D,20210817,000000,82.15,83.24,80.39,81.39,0,0
NNG_MV,D,20210818,000000,81.39,81.39,77.04,80.39,0,0
NNG_MV,D,20210819,000000,77.38,77.79,72.18,77.04,0,0
NNG_MV,D,20210820,000000,77.79,82.06,77.79,79.55,0,0
NNG_MV,D,20210823,000000,79.55,79.55,77.88,78.72,0,0
NNG_MV,D,20210824,000000,79.3,79.3,76.04,78.38,0,0
NNG_MV,D,20210825,000000,78.38,81.39,78.13,81.14,0,0
NNG_MV,D,20210826,000000,81.23,81.23,78.72,80.72,0,0
NNG_MV,D,20210827,000000,80.39,81.98,79.05,81.81,0,0
NNG_MV,D,20210830,000000,78.55,81.65,78.55,81.48,0,0
NNG_MV,D,20210831,000000,79.05,81.48,79.05,80.72,0,0
NNG_MV,D,20210901,000000,81.23,81.23,75.53,78.72,0,0
NNG_MV,D,20210902,000000,78.72,79.55,77.21,77.88,0,0
NNG_MV,D,20210903,000000,78.72,80.05,77.04,79.72,0,0
NNG_MV,D,20210906,000000,76.37,80.05,76.37,79.72,0,0
NNG_MV,D,20210907,000000,78.72,79.72,78.21,78.72,0,0
NNG_MV,D,20210908,000000,78.72,78.72,76.04,76.71,0,0
NNG_MV,D,20210909,000000,76.71,77.71,75.7,75.78,0,0
NNG_MV,D,20210910,000000,77.63,77.71,75.78,77.71,0,0
NNG_MV,D,20210913,000000,77.63,77.71,76.2,77.63,0,0
NNG_MV,D,20210914,000000,77.54,77.63,75.37,77.21,0,0
NNG_MV,D,20210915,000000,75.45,77.21,75.45,76.96,0,0
NNG_MV,D,20210916,000000,77.12,77.21,75.37,77.04,0,0
NNG_MV,D,20210917,000000,77.04,93.79,77.04,86.92,0,0
NNG_MV,D,20210920,000000,85.92,85.92,78.72,78.72,0,0
NNG_MV,D,20210921,000000,78.72,82.9,78.72,82.9,0,0
NNG_MV,D,20210922,000000,83.49,85.25,80.72,82.9,0,0
NNG_MV,D,20210923,000000,85.75,85.75,80.47,85.08,0,0
NNG_MV,D,20210924,000000,88.43,88.43,84.91,86.92,0,0
NNG_MV,D,20210927,000000,85.41,86.92,82.23,82.65,0,0
NNG_MV,D,20210928,000000,83.74,87.42,83.74,86.42,0,0
NNG_MV,D,20210929,000000,87.09,87.59,83.91,85.92,0,0
NNG_MV,D,20210930,000000,85.41,90.27,84.41,87.93,0,0
NNG_MV,D,20211001,000000,88.09,88.43,84.58,87.76,0,0
NNG_MV,D,20211006,000000,83.57,86.08,82.65,85.25,0,0
NNG_MV,D,20211007,000000,85.41,85.41,82.73,84.07,0,0
NNG_MV,D,20211008,000000,84.58,85.41,83.74,84.91,0,0
NNG_MV,D,20211011,000000,86.08,86.08,83.91,84.24,0,0
NNG_MV,D,20211012,000000,83.74,86.08,83.74,85.25,0,0
NNG_MV,D,20211013,000000,82.9,85.25,82.9,85.25,0,0
NNG_MV,D,20211014,000000,85.25,85.25,82.57,82.57,0,0
NNG_MV,D,20211015,000000,85.25,85.25,83.91,84.74,0,0
NNG_MV,D,20211018,000000,82.65,84.74,82.06,84.07,0,0
NNG_MV,D,20211019,000000,82.23,85.08,81.9,83.74,0,0
NNG_MV,D,20211020,000000,83.74,83.74,82.4,83.57,0,0
NNG_MV,D,20211021,000000,83.74,83.74,82.06,83.74,0,0
NNG_MV,D,20211022,000000,83.74,83.74,82.06,83.74,0,0
NNG_MV,D,20211025,000000,83.74,83.74,82.57,83.74,0,0
NNG_MV,D,20211026,000000,83.74,84.24,80.64,83.74,0,0
NNG_MV,D,20211027,000000,83.74,83.74,82.06,83.74,0,0
NNG_MV,D,20211028,000000,83.74,84.41,82.23,84.41,0,0
NNG_MV,D,20211029,000000,84.58,84.58,82.06,82.73,0,0
NNG_MV,D,20211102,000000,84.07,86.08,83.07,85.08,0,0
NNG_MV,D,20211103,000000,83.74,86.25,83.74,85.25,0,0
NNG_MV,D,20211104,000000,85.25,85.25,84.41,85.25,0,0
NNG_MV,D,20211105,000000,85.08,85.41,84.07,85.41,0,0
NNG_MV,D,20211108,000000,85.25,85.41,84.07,84.91,0,0
NNG_MV,D,20211109,000000,85.08,86.25,84.91,84.91,0,0
NNG_MV,D,20211110,000000,84.58,85.08,81.06,83.49,0,0
NNG_MV,D,20211112,000000,83.49,84.07,82.23,83.74,0,0
NNG_MV,D,20211115,000000,83.57,83.74,81.06,83.74,0,0
NNG_MV,D,20211116,000000,83.74,84.41,81.73,83.07,0,0
NNG_MV,D,20211117,000000,83.32,83.32,80.72,82.65,0,0
NNG_MV,D,20211118,000000,82.99,82.99,81.23,82.32,0,0
NNG_MV,D,20211119,000000,82.23,82.32,80.39,81.98,0,0
NNG_MV,D,20211122,000000,81.98,82.48,76.2,79.55,0,0
NNG_MV,D,20211123,000000,78.55,79.89,75.37,76.79,0,0
NNG_MV,D,20211124,000000,75.37,77.04,75.37,77.04,0,0
NNG_MV,D,20211125,000000,77.04,77.04,75.37,76.2,0,0
NNG_MV,D,20211126,000000,75.37,75.37,74.19,74.53,0,0
NNG_MV,D,20211129,000000,74.03,81.39,74.03,79.55,0,0
NNG_MV,D,20211130,000000,81.48,81.48,76.37,78.55,0,0
NNG_MV,D,20211201,000000,78.55,78.55,74.53,74.53,0,0
NNG_MV,D,20211202,000000,74.53,77.46,74.53,77.46,0,0
NNG_MV,D,20211203,000000,76.37,80.22,76.2,80.22,0,0
NNG_MV,D,20211206,000000,80.22,80.22,75.37,77.88,0,0
NNG_MV,D,20211207,000000,77.04,77.88,74.86,77.88,0,0
NNG_MV,D,20211208,000000,75.53,79.05,75.53,78.72,0,0
NNG_MV,D,20211209,000000,79.05,80.39,76.71,78.72,0,0
NNG_MV,D,20211210,000000,80.22,80.39,77.04,78.55,0,0
NNG_MV,D,20211213,000000,78.72,80.31,74.36,77.79,0,0
NNG_MV,D,20211214,000000,75.37,76.2,73.69,74.53,0,0
NNG_MV,D,20211215,000000,73.69,74.7,73.69,74.7,0,0
NNG_MV,D,20211216,000000,74.7,74.7,72.85,74.7,0,0
NNG_MV,D,20211217,000000,74.7,74.7,72.35,72.69,0,0
NNG_MV,D,20211220,000000,72.18,72.85,64.98,68.08,0,0
NNG_MV,D,20211221,000000,68.08,68.08,64.65,64.98,0,0
NNG_MV,D,20211222,000000,65.15,65.32,63.06,64.23,0,0
NNG_MV,D,20211223,000000,63.22,64.14,61.63,61.63,0,0
NNG_MV,D,20211227,000000,61.63,61.97,52.09,52.76,0,0
NNG_MV,D,20211228,000000,52.76,54.1,52.67,53.17,0,0
NNG_MV,D,20211229,000000,53.26,61.8,53.26,61.63,0,0
NNG_MV,D,20211230,000000,60.29,64.81,55.27,60.12,0,0
NNG_MV,D,20220103,000000,60.29,64.98,60.29,62.97,0,0
NNG_MV,D,20220104,000000,62.97,63.14,60.29,60.29,0,0
NNG_MV,D,20220105,000000,60.29,64.65,60.29,64.65,0,0
NNG_MV,D,20220107,000000,64.48,65.82,61.97,65.82,0,0
NNG_MV,D,20220110,000000,66.15,66.15,64.65,66.07,0,0
NNG_MV,D,20220111,000000,65.32,70.26,65.23,69.67,0,0
NNG_MV,D,20220112,000000,69.67,70.34,65.32,70.34,0,0
NNG_MV,D,20220113,000000,70.26,70.26,66.99,68.67,0,0
NNG_MV,D,20220114,000000,68.5,71.76,66.91,70.34,0,0
NNG_MV,D,20220117,000000,71.18,72.35,67.49,72.35,0,0
NNG_MV,D,20220118,000000,72.18,72.18,66.99,69.5,0,0
NNG_MV,D,20220119,000000,68.33,70.34,68.16,70.26,0,0
NNG_MV,D,20220120,000000,70.26,71.68,68.33,68.33,0,0
NNG_MV,D,20220121,000000,68,68,63.73,65.57,0,0
NNG_MV,D,20220124,000000,68.67,68.67,58.95,61.13,0,0
NNG_MV,D,20220125,000000,61.13,64.65,60.29,64.65,0,0
NNG_MV,D,20220126,000000,64.81,65.32,61.97,64.65,0,0
NNG_MV,D,20220127,000000,66.15,66.15,59.54,59.62,0,0
NNG_MV,D,20220128,000000,63.64,63.64,58.62,62.97,0,0
NNG_MV,D,20220131,000000,63.64,63.64,61.97,63.47,0,0
NNG_MV,D,20220201,000000,63.47,63.64,60.46,63.64,0,0
NNG_MV,D,20220202,000000,63.64,64.31,63.47,64.31,0,0
NNG_MV,D,20220203,000000,64.31,64.81,60.79,63.64,0,0
NNG_MV,D,20220204,000000,61.46,63.64,61.46,63.64,0,0
NNG_MV,D,20220207,000000,61.72,64.81,61.63,64.81,0,0
NNG_MV,D,20220208,000000,63.64,64.81,61.63,64.06,0,0
NNG_MV,D,20220209,000000,63.98,63.98,59.45,61.8,0,0
NNG_MV,D,20220210,000000,60.63,61.97,60.63,61.97,0,0
NNG_MV,D,20220211,000000,61.46,63.47,60.46,63.47,0,0
NNG_MV,D,20220214,000000,59.62,63.31,57.11,63.31,0,0
NNG_MV,D,20220215,000000,60.96,76.37,60.96,70.01,0,0
NNG_MV,D,20220216,000000,72.52,72.52,67.16,70.51,0,0
NNG_MV,D,20220217,000000,65.32,69.5,61.3,63.14,0,0
NNG_MV,D,20220218,000000,61.13,63.56,61.13,63.56,0,0
NNG_MV,D,20220221,000000,63.64,63.64,61.88,61.97,0,0
NNG_MV,D,20220222,000000,61.46,61.46,59.12,60.38,0,0
NNG_MV,D,20220223,000000,60.96,61.97,60.38,60.38,0,0
NNG_MV,D,20220224,000000,59.79,59.79,50.41,54.93,0,0
NNG_MV,D,20220225,000000,55.1,62.8,51.92,62.8,0,0
NNG_MV,D,20220228,000000,58.79,62.13,58.79,62.13,0,0
NNG_MV,D,20220301,000000,62.13,62.13,58.95,61.13,0,0
NNG_MV,D,20220302,000000,58.79,61.13,50.58,53.59,0,0
NNG_MV,D,20220303,000000,53.59,55.27,53.59,53.93,0,0
NNG_MV,D,20220304,000000,53.76,55.69,52.76,54.6,0,0
NNG_MV,D,20220307,000000,51.58,52.92,48.57,51.92,0,0
NNG_MV,D,20220308,000000,51.92,51.92,48.9,49.41,0,0
NNG_MV,D,20220309,000000,48.74,54.51,48.23,54.51,0,0
NNG_MV,D,20220310,000000,54.51,54.51,50.91,53.59,0,0
NNG_MV,D,20220311,000000,50.75,53.59,50.75,53.59,0,0
NNG_MV,D,20220314,000000,51.92,54.43,51.25,52.59,0,0
NNG_MV,D,20220315,000000,54.51,55.27,51.25,55.27,0,0
NNG_MV,D,20220316,000000,55.27,55.27,51.92,55.27,0,0
NNG_MV,D,20220317,000000,55.27,55.94,53.09,54.77,0,0
NNG_MV,D,20220318,000000,55.27,56.61,54.6,54.6,0,0
NNG_MV,D,20220321,000000,53.76,56.61,53.76,53.84,0,0
NNG_MV,D,20220322,000000,53.93,56.19,52.09,56.11,0,0
NNG_MV,D,20220323,000000,52.76,55.27,52.76,55.27,0,0
NNG_MV,D,20220324,000000,57.45,57.45,52.42,52.42,0,0
NNG_MV,D,20220325,000000,55.6,55.6,51.92,51.92,0,0
NNG_MV,D,20220328,000000,52,53.76,51.75,51.92,0,0
NNG_MV,D,20220329,000000,51.92,53.26,51.92,53.26,0,0
NNG_MV,D,20220330,000000,52,53.51,50.24,50.24,0,0
NNG_MV,D,20220331,000000,51.42,52.76,50.24,50.24,0,0
NNG_MV,D,20220401,000000,51.58,51.58,50.24,50.24,0,0
NNG_MV,D,20220404,000000,49.74,50.24,49.41,50.24,0,0
NNG_MV,D,20220405,000000,49.41,50.16,47.9,50.16,0,0
NNG_MV,D,20220406,000000,50.16,50.16,46.89,48.9,0,0
NNG_MV,D,20220407,000000,48.57,51.92,48.57,50.08,0,0
NNG_MV,D,20220408,000000,49.99,50.24,47.9,47.9,0,0
NNG_MV,D,20220411,000000,47.82,50.08,47.4,48.4,0,0
NNG_MV,D,20220412,000000,48.57,49.41,45.22,48.57,0,0
NNG_MV,D,20220413,000000,45.81,47.73,45.22,47.15,0,0
NNG_MV,D,20220414,000000,45.22,46.06,44.8,45.72,0,0
NNG_MV,D,20220419,000000,44.72,44.72,41.7,43.63,0,0
NNG_MV,D,20220420,000000,41.87,43.88,40.19,42.96,0,0
NNG_MV,D,20220421,000000,40.28,42.71,37.52,40.19,0,0
NNG_MV,D,20220422,000000,38.52,39.86,36.01,36.01,0,0
NNG_MV,D,20220425,000000,36.01,38.27,33.5,35.84,0,0
NNG_MV,D,20220426,000000,35.84,37.26,33.91,35.67,0,0
NNG_MV,D,20220427,000000,35.09,35.67,31.65,33.5,0,0
NNG_MV,D,20220428,000000,33.5,33.5,30.15,32.09,0,0
NNG_MV,D,20220429,000000,32.32,34.67,21.77,21.77,0,0
NNG_MV,D,20220502,000000,21.77,23.88,19.63,22.27,0,0
NNG_MV,D,20220504,000000,22.27,23.11,21.77,23.11,0,0
NNG_MV,D,20220505,000000,23.18,23.45,22.44,23.28,0,0
NNG_MV,D,20220506,000000,22.61,23.28,20.77,22.58,0,0
NNG_MV,D,20220509,000000,23.25,23.25,21.81,23.11,0,0
NNG_MV,D,20220510,000000,20.93,22.27,20.6,21.71,0,0
NNG_MV,D,20220511,000000,20.3,21.71,18.96,19.9,0,0
NNG_MV,D,20220512,000000,19.86,21.44,19.43,19.46,0,0
NNG_MV,D,20220513,000000,19.46,20.77,19.26,20.4,0,0
NNG_MV,D,20220516,000000,20.73,20.73,19.13,20.5,0,0
NNG_MV,D,20220517,000000,20.47,21.27,20.1,21.14,0,0
NNG_MV,D,20220518,000000,21.3,21.3,19.8,21.24,0,0
NNG_MV,D,20220519,000000,21.3,21.44,20.26,21.44,0,0
NNG_MV,D,20220520,000000,21.44,21.44,20.26,21.4,0,0
NNG_MV,D,20220523,000000,21.4,23.38,20.93,21.77,0,0
NNG_MV,D,20220524,000000,20.93,21.77,20.93,21.44,0,0
NNG_MV,D,20220525,000000,21.1,21.77,21.04,21.34,0,0
NNG_MV,D,20220526,000000,21.44,21.44,19.93,20.93,0,0
NNG_MV,D,20220527,000000,21.6,22.94,21.1,21.71,0,0
NNG_MV,D,20220530,000000,21.71,22.61,21.2,21.77,0,0
NNG_MV,D,20220531,000000,21.77,22.61,21.64,21.77,0,0
NNG_MV,D,20220601,000000,21.77,21.77,21.1,21.1,0,0
NNG_MV,D,20220602,000000,21.1,22.48,20.5,21.2,0,0
NNG_MV,D,20220603,000000,21.27,22.27,21.24,21.3,0,0
NNG_MV,D,20220606,000000,22.61,22.61,21.3,21.77,0,0
NNG_MV,D,20220607,000000,21.27,22.27,20.93,21.57,0,0
NNG_MV,D,20220608,000000,22.27,22.27,20.93,21.77,0,0
NNG_MV,D,20220609,000000,21.1,21.77,19.76,21.71,0,0
NNG_MV,D,20220610,000000,20.13,21.77,20.13,21.77,0,0
NNG_MV,D,20220613,000000,20.6,21.94,20.26,20.93,0,0
NNG_MV,D,20220614,000000,20.26,20.93,19.43,20.93,0,0
NNG_MV,D,20220615,000000,19.93,20.77,19.26,20.77,0,0
NNG_MV,D,20220617,000000,19.6,20.73,19.6,20.73,0,0
NNG_MV,D,20220620,000000,19.6,20.77,19.6,20.77,0,0
NNG_MV,D,20220621,000000,19.6,20.77,19.6,20.77,0,0
NNG_MV,D,20220622,000000,19.76,20.77,19.56,20.6,0,0
NNG_MV,D,20220623,000000,20.1,20.1,19.56,19.56,0,0
NNG_MV,D,20220624,000000,20.7,20.9,19.46,20.87,0,0
NNG_MV,D,20220627,000000,20.1,20.8,19.43,20.7,0,0
NNG_MV,D,20220628,000000,19.43,20.8,19.43,20.73,0,0
NNG_MV,D,20220629,000000,20.73,20.77,19.46,20.77,0,0
NNG_MV,D,20220630,000000,19.76,20.83,19.76,20.83,0,0
NNG_MV,D,20220701,000000,20.83,20.87,19.26,19.26,0,0
NNG_MV,D,20220704,000000,20.43,20.43,19.29,19.43,0,0
NNG_MV,D,20220705,000000,19.09,20.3,17.92,20.03,0,0
NNG_MV,D,20220706,000000,20,20.16,19.09,19.09,0,0
NNG_MV,D,20220707,000000,20.1,20.4,19.26,20.4,0,0
NNG_MV,D,20220708,000000,20.77,20.77,18.69,19.16,0,0
NNG_MV,D,20220711,000000,19.53,25.96,19.26,25.96,0,0
NNG_MV,D,20220712,000000,26.8,35.59,26.8,35.59,0,0
NNG_MV,D,20220713,000000,37.68,42.54,29.98,29.98,0,0
NNG_MV,D,20220714,000000,30.15,30.65,26.33,26.8,0,0
NNG_MV,D,20220715,000000,26.36,31.85,26.36,30.15,0,0
NNG_MV,D,20220718,000000,30.15,30.78,28.87,29.14,0,0
NNG_MV,D,20220719,000000,30.35,30.35,26.8,28.47,0,0
NNG_MV,D,20220720,000000,29.48,30.18,28.34,28.34,0,0
NNG_MV,D,20220721,000000,27.63,28.64,27.13,27.63,0,0
NNG_MV,D,20220722,000000,28.14,28.27,26.8,26.86,0,0
NNG_MV,D,20220725,000000,27.53,31.79,27.53,30.31,0,0
NNG_MV,D,20220726,000000,30.98,31.65,30.05,30.78,0,0
NNG_MV,D,20220727,000000,30.78,30.78,29.31,29.38,0,0
NNG_MV,D,20220728,000000,29.51,30.01,28.54,29.01,0,0
NNG_MV,D,20220729,000000,29.61,29.64,28.74,29.01,0,0
NNG_MV,D,20220801,000000,29.01,29.44,27.3,27.47,0,0
NNG_MV,D,20220802,000000,27.63,27.97,26.83,26.86,0,0
NNG_MV,D,20220803,000000,26.93,26.96,24.62,25.79,0,0
NNG_MV,D,20220804,000000,25.79,26.5,24.28,25.59,0,0
NNG_MV,D,20220805,000000,24.32,24.49,24.05,24.18,0,0
NNG_MV,D,20220808,000000,24.42,26.6,24.22,26.23,0,0
NNG_MV,D,20220809,000000,26.19,26.63,25.32,25.36,0,0
NNG_MV,D,20220810,000000,25.42,25.46,23.28,24.45,0,0
NNG_MV,D,20220811,000000,25.09,25.12,23.78,25.12,0,0
NNG_MV,D,20220812,000000,23.98,25.12,23.98,24.52,0,0
NNG_MV,D,20220816,000000,24.52,24.92,23.45,24.89,0,0
NNG_MV,D,20220817,000000,24.92,24.92,23.65,23.78,0,0
NNG_MV,D,20220818,000000,23.78,24.42,23.78,23.82,0,0
NNG_MV,D,20220819,000000,24.28,24.45,23.45,23.78,0,0
NNG_MV,D,20220822,000000,24.42,24.42,23.11,23.11,0,0
NNG_MV,D,20220823,000000,23.11,23.78,23.11,23.28,0,0
NNG_MV,D,20220824,000000,23.28,24.12,21.77,24.12,0,0
NNG_MV,D,20220825,000000,23.82,24.08,22.98,23.15,0,0
NNG_MV,D,20220826,000000,22.21,23.58,21.97,23.21,0,0
NNG_MV,D,20220829,000000,23.11,23.45,23.11,23.41,0,0
NNG_MV,D,20220830,000000,23.45,27.47,23.45,26.6,0,0
NNG_MV,D,20220831,000000,26.63,26.8,24.28,24.28,0,0
NNG_MV,D,20220901,000000,24.95,25.12,21.77,22.78,0,0
NNG_MV,D,20220902,000000,22.78,23.31,22.61,23.28,0,0
NNG_MV,D,20220905,000000,22.61,24.15,22.31,23.78,0,0
NNG_MV,D,20220906,000000,22.61,23.78,22.61,23.41,0,0
NNG_MV,D,20220907,000000,22.44,23.78,22.11,23.78,0,0
NNG_MV,D,20220908,000000,23.78,24.28,22.78,24.28,0,0
NNG_MV,D,20220909,000000,24.28,24.28,22.98,23.01,0,0
NNG_MV,D,20220912,000000,24.28,24.28,22.17,22.38,0,0
NNG_MV,D,20220913,000000,22.41,23.61,21.81,21.81,0,0
NNG_MV,D,20220914,000000,22.11,23.15,21.91,23.11,0,0
NNG_MV,D,20220915,000000,22.94,23.11,22.27,22.27,0,0
NNG_MV,D,20220916,000000,22.27,22.91,22.11,22.11,0,0
NNG_MV,D,20220919,000000,21.94,22.61,21.94,22.61,0,0
NNG_MV,D,20220920,000000,21.94,23.25,21.77,21.94,0,0
NNG_MV,D,20220921,000000,23.25,23.25,21.81,22.11,0,0
NNG_MV,D,20220922,000000,21.81,23.41,21.81,22.58,0,0
NNG_MV,D,20220923,000000,21.97,22.27,21.94,21.94,0,0
NNG_MV,D,20220926,000000,21.87,21.87,20.1,21.84,0,0
NNG_MV,D,20220927,000000,20.16,22.61,20.16,21.74,0,0
NNG_MV,D,20220928,000000,22.44,22.44,20.26,20.26,0,0
NNG_MV,D,20220929,000000,20.26,21.57,19.26,20.26,0,0
NNG_MV,D,20220930,000000,20.26,23.08,19.26,20.77,0,0
NNG_MV,D,20221003,000000,20.9,21.6,19.43,21.5,0,0
NNG_MV,D,20221004,000000,21.5,28.57,20.47,28.57,0,0
NNG_MV,D,20221005,000000,29.81,29.81,22.81,22.81,0,0
NNG_MV,D,20221006,000000,24.95,24.95,22.78,23.95,0,0
NNG_MV,D,20221007,000000,24.55,24.55,22.94,24.12,0,0
NNG_MV,D,20221010,000000,22.94,24.08,22.44,23.72,0,0
NNG_MV,D,20221011,000000,23.68,23.68,21.1,21.1,0,0
NNG_MV,D,20221012,000000,23.21,23.28,21.77,22.94,0,0
NNG_MV,D,20221013,000000,22.74,22.74,20.93,21.57,0,0
NNG_MV,D,20221014,000000,22.17,22.17,20.4,20.43,0,0
NNG_MV,D,20221017,000000,21.47,21.5,20.26,21.5,0,0
NNG_MV,D,20221018,000000,20.93,21.77,20.47,20.6,0,0
NNG_MV,D,20221019,000000,20.63,21.74,20.13,20.43,0,0
NNG_MV,D,20221020,000000,20.43,21.44,20.4,20.6,0,0
NNG_MV,D,20221021,000000,21.44,21.44,20.6,20.93,0,0
NNG_MV,D,20221024,000000,20.43,20.9,19.43,20.73,0,0
NNG_MV,D,20221025,000000,20.1,20.67,18.42,18.49,0,0
NNG_MV,D,20221026,000000,19.73,21.44,18.76,20.67,0,0
NNG_MV,D,20221027,000000,20.6,21,19.6,20.97,0,0
NNG_MV,D,20221028,000000,20.97,21.6,19.96,21.6,0,0
NNG_MV,D,20221031,000000,21.77,22.58,21.44,21.77,0,0
NNG_MV,D,20221102,000000,22.17,23.88,21.3,22.78,0,0
NNG_MV,D,20221103,000000,23.21,23.21,21.64,21.77,0,0
NNG_MV,D,20221104,000000,21.47,23.21,21.47,22.44,0,0
NNG_MV,D,20221107,000000,23.28,23.28,21.6,21.84,0,0
NNG_MV,D,20221108,000000,22.61,22.61,21.44,22.27,0,0
NNG_MV,D,20221109,000000,22.41,22.44,21.47,21.47,0,0
NNG_MV,D,20221110,000000,22.34,22.34,21.47,21.47,0,0
NNG_MV,D,20221114,000000,21.47,22.74,21.04,21.77,0,0
NNG_MV,D,20221115,000000,21.27,21.94,21.27,21.44,0,0
NNG_MV,D,20221116,000000,21.44,21.94,21.37,21.37,0,0
NNG_MV,D,20221117,000000,21.37,21.37,20.83,20.93,0,0
NNG_MV,D,20221118,000000,21.37,22.11,20.93,22.11,0,0
NNG_MV,D,20221121,000000,20.97,21.44,20.93,21.17,0,0
NNG_MV,D,20221122,000000,20.93,22.07,20.93,21.5,0,0
NNG_MV,D,20221123,000000,21.5,22.07,21.3,21.37,0,0
NNG_MV,D,20221124,000000,20.97,21.77,20.6,20.6,0,0
NNG_MV,D,20221125,000000,21.1,21.54,20.26,20.5,0,0
NNG_MV,D,20221128,000000,21.54,21.54,20.26,20.4,0,0
NNG_MV,D,20221129,000000,20.47,21.37,19.6,21.1,0,0
NNG_MV,D,20221130,000000,20.26,21.44,19.83,21.44,0,0
NNG_MV,D,20221201,000000,20.3,21.4,20.13,20.16,0,0
NNG_MV,D,20221202,000000,20.16,21,19.76,20.3,0,0
NNG_MV,D,20221205,000000,20.1,21.44,20.1,21.44,0,0
NNG_MV,D,20221206,000000,20.1,21.44,20.1,20.33,0,0
NNG_MV,D,20221207,000000,21.6,21.6,20.1,20.16,0,0
NNG_MV,D,20221208,000000,21.37,21.44,20.16,21.24,0,0
NNG_MV,D,20221209,000000,21.24,21.24,20.43,20.5,0,0
NNG_MV,D,20221212,000000,20.47,21.07,20.13,20.6,0,0
NNG_MV,D,20221213,000000,20.6,20.93,20.1,20.1,0,0
NNG_MV,D,20221214,000000,20.77,20.77,19.93,19.96,0,0
NNG_MV,D,20221215,000000,20.77,20.77,20.03,20.1,0,0
NNG_MV,D,20221216,000000,20,20.63,19.96,20.13,0,0
NNG_MV,D,20221219,000000,19.43,20.4,19.43,20.37,0,0
NNG_MV,D,20221220,000000,19.63,20.63,19.63,20.5,0,0
NNG_MV,D,20221221,000000,19.76,20.5,19.76,20.4,0,0
NNG_MV,D,20221222,000000,20.26,20.26,19.63,19.63,0,0
NNG_MV,D,20221223,000000,20.43,20.43,19.63,19.66,0,0
NNG_MV,D,20221227,000000,20,20.43,18.42,18.52,0,0
NNG_MV,D,20221228,000000,19.56,19.56,18.62,18.82,0,0
NNG_MV,D,20221229,000000,18.82,20.57,18.59,19.06,0,0
NNG_MV,D,20221230,000000,21.44,21.44,19.43,20.83,0,0
NNG_MV,D,20230102,000000,20.83,21.4,19.46,21.1,0,0
NNG_MV,D,20230103,000000,21.1,21.1,19.76,20.1,0,0
NNG_MV,D,20230104,000000,19.9,20.77,19.86,20.1,0,0
NNG_MV,D,20230105,000000,20.1,20.87,19.93,20.6,0,0
NNG_MV,D,20230109,000000,20.6,20.6,20,20.6,0,0
NNG_MV,D,20230110,000000,21.14,21.14,20.1,20.16,0,0
NNG_MV,D,20230111,000000,20.93,20.93,20.13,20.8,0,0
NNG_MV,D,20230112,000000,20.9,20.9,20.1,20.26,0,0
NNG_MV,D,20230113,000000,20.87,21.24,20.13,20.26,0,0
NNG_MV,D,20230116,000000,20.57,21.27,20.26,21.27,0,0
NNG_MV,D,20230117,000000,21.27,21.27,20.37,20.37,0,0
NNG_MV,D,20230118,000000,20.47,21.2,20.26,20.6,0,0
NNG_MV,D,20230119,000000,20.6,29.64,20.6,29.64,0,0
NNG_MV,D,20230120,000000,30.98,30.98,25.79,27.13,0,0
NNG_MV,D,20230123,000000,27.47,27.47,25.12,25.12,0,0
NNG_MV,D,20230124,000000,25.12,26.29,25.12,26.23,0,0
NNG_MV,D,20230125,000000,26.26,26.26,23.98,24.65,0,0
NNG_MV,D,20230126,000000,24.65,25.32,24.02,25.22,0,0
NNG_MV,D,20230127,000000,24.35,25.29,24.15,24.28,0,0
NNG_MV,D,20230130,000000,24.28,25.12,24.28,24.28,0,0
NNG_MV,D,20230131,000000,24.28,27.53,24.28,25.96,0,0
NNG_MV,D,20230201,000000,26.26,26.26,24.89,24.89,0,0
NNG_MV,D,20230202,000000,25.46,29.31,24.45,28.07,0,0
NNG_MV,D,20230203,000000,27.97,28.14,26.46,27.2,0,0
NNG_MV,D,20230206,000000,27.2,27.2,25.46,26.26,0,0
NNG_MV,D,20230207,000000,25.36,26.8,25.29,25.96,0,0
NNG_MV,D,20230208,000000,26.29,26.29,25.32,25.32,0,0
NNG_MV,D,20230209,000000,25.12,27.13,25.02,26.26,0,0
NNG_MV,D,20230210,000000,26.63,28.47,25.72,27.13,0,0
NNG_MV,D,20230213,000000,28.04,30.82,26.8,26.8,0,0
NNG_MV,D,20230214,000000,26.8,27.63,26.43,27.47,0,0
NNG_MV,D,20230215,000000,27.97,27.97,26.46,26.63,0,0
NNG_MV,D,20230216,000000,26.63,30.91,25.56,30.91,0,0
NNG_MV,D,20230217,000000,30.51,32.12,30.51,31.71,0,0
NNG_MV,D,20230220,000000,31.71,32.36,29.95,30.35,0,0
NNG_MV,D,20230221,000000,30.91,30.91,29.74,29.91,0,0
NNG_MV,D,20230222,000000,30.07,30.07,28.62,29.62,0,0
NNG_MV,D,20230223,000000,29.91,30.15,28.54,29.74,0,0
NNG_MV,D,20230224,000000,28.58,29.95,28.58,29.5,0,0
NNG_MV,D,20230227,000000,29.5,29.7,28.58,29.58,0,0
NNG_MV,D,20230228,000000,29.54,29.54,28.14,29.06,0,0
NNG_MV,D,20230301,000000,28.34,29.34,28.22,28.54,0,0
NNG_MV,D,20230302,000000,28.54,29.14,28.18,28.3,0,0
NNG_MV,D,20230303,000000,28.74,29.02,27.81,27.86,0,0
NNG_MV,D,20230306,000000,27.81,28.74,27.81,27.86,0,0
NNG_MV,D,20230307,000000,27.73,28.74,27.53,28.02,0,0
NNG_MV,D,20230308,000000,28.34,28.34,27.53,27.73,0,0
NNG_MV,D,20230309,000000,28.5,28.5,27.33,27.73,0,0
NNG_MV,D,20230310,000000,27.73,28.46,27.17,28.14,0,0
NNG_MV,D,20230313,000000,27.33,27.53,26.53,27.33,0,0
NNG_MV,D,20230314,000000,26.73,27.17,26.49,27.17,0,0
NNG_MV,D,20230315,000000,26.69,27.21,25.56,27.13,0,0
NNG_MV,D,20230316,000000,28.14,28.14,24.72,24.76,0,0
NNG_MV,D,20230317,000000,26.13,26.49,25.12,25.24,0,0
NNG_MV,D,20230320,000000,26.05,26.05,24.12,25.48,0,0
NNG_MV,D,20230321,000000,24.72,25.72,24.72,25.48,0,0
NNG_MV,D,20230322,000000,25.48,25.68,24.2,25.48,0,0
NNG_MV,D,20230323,000000,25.81,25.81,24.32,24.72,0,0
NNG_MV,D,20230324,000000,25.6,26.25,24.76,26.09,0,0
NNG_MV,D,20230327,000000,26.37,28.54,25.12,28.14,0,0
NNG_MV,D,20230328,000000,27.94,28.14,26.41,26.45,0,0
NNG_MV,D,20230329,000000,27.73,27.73,25.2,26.29,0,0
NNG_MV,D,20230330,000000,25.68,27.45,25.68,25.68,0,0
NNG_MV,D,20230331,000000,26.25,26.65,25.64,26.65,0,0
NNG_MV,D,20230403,000000,26.65,27.09,25,25.72,0,0
NNG_MV,D,20230404,000000,25.72,27.01,25.24,25.28,0,0
NNG_MV,D,20230405,000000,25.28,25.6,24.12,24.68,0,0
NNG_MV,D,20230406,000000,24.24,24.88,24.04,24.08,0,0
NNG_MV,D,20230411,000000,24.48,24.92,23.72,24.72,0,0
NNG_MV,D,20230412,000000,24.12,24.84,23.84,24.8,0,0
NNG_MV,D,20230413,000000,24.72,25,23.72,23.92,0,0
NNG_MV,D,20230414,000000,23.92,24.48,23.15,24.28,0,0
NNG_MV,D,20230417,000000,23.92,24.4,23.51,23.72,0,0
NNG_MV,D,20230418,000000,23.35,24.12,22.63,23.72,0,0
NNG_MV,D,20230419,000000,23.72,23.72,22.71,23.47,0,0
NNG_MV,D,20230420,000000,22.71,24.02,22.71,23.11,0,0
NNG_MV,D,20230421,000000,23.11,23.72,23.11,23.61,0,0
NNG_MV,D,20230424,000000,23.31,23.82,22.81,23.31,0,0
NNG_MV,D,20230425,000000,23.72,24.12,23.01,23.31,0,0
NNG_MV,D,20230426,000000,23.82,24.12,23.01,23.01,0,0
NNG_MV,D,20230427,000000,23.51,24.02,23.01,23.82,0,0
NNG_MV,D,20230428,000000,23.82,24.12,23.72,24.12,0,0
NNG_MV,D,20230502,000000,24.12,24.32,23.31,23.31,0,0
NNG_MV,D,20230504,000000,24.02,24.32,23.41,23.51,0,0
NNG_MV,D,20230505,000000,23.92,24.22,23.72,23.72,0,0
NNG_MV,D,20230508,000000,23.72,24.12,23.51,23.51,0,0
NNG_MV,D,20230509,000000,23.51,24.02,23.21,23.31,0,0
NNG_MV,D,20230510,000000,23.31,24.12,23.31,23.41,0,0
NNG_MV,D,20230511,000000,23.11,24.32,23.11,23.92,0,0
NNG_MV,D,20230512,000000,23.92,24.12,23.61,23.82,0,0
NNG_MV,D,20230515,000000,23.92,24.02,23.51,23.92,0,0
NNG_MV,D,20230516,000000,23.92,24.12,23.72,23.92,0,0
NNG_MV,D,20230517,000000,24.02,24.02,23.41,23.41,0,0
NNG_MV,D,20230518,000000,23.31,24.02,23.31,23.31,0,0
NNG_MV,D,20230519,000000,23.82,24.12,23.41,24.12,0,0
NNG_MV,D,20230522,000000,23.72,24.12,23.51,23.92,0,0
NNG_MV,D,20230523,000000,23.92,23.92,23.61,23.82,0,0
NNG_MV,D,20230524,000000,24.02,24.02,23.51,23.51,0,0
NNG_MV,D,20230525,000000,23.72,23.72,23.31,23.31,0,0
NNG_MV,D,20230526,000000,23.51,23.92,23.51,23.51,0,0
NNG_MV,D,20230529,000000,23.82,24.22,23.61,23.82,0,0
NNG_MV,D,20230530,000000,23.72,24.02,23.41,23.41,0,0
NNG_MV,D,20230531,000000,23.82,23.92,23.51,23.51,0,0
NNG_MV,D,20230601,000000,23.51,23.72,23.51,23.72,0,0
NNG_MV,D,20230602,000000,23.72,24.02,23.72,24.02,0,0
NNG_MV,D,20230605,000000,24.02,24.02,23.61,23.72,0,0
NNG_MV,D,20230606,000000,24.02,24.02,23.51,23.51,0,0
NNG_MV,D,20230607,000000,23.61,23.92,23.51,23.92,0,0
NNG_MV,D,20230609,000000,23.92,24.02,23.72,23.72,0,0
NNG_MV,D,20230612,000000,23.72,23.92,23.51,23.92,0,0
NNG_MV,D,20230613,000000,23.92,23.92,23.61,23.92,0,0
NNG_MV,D,20230614,000000,23.92,23.92,23.51,23.92,0,0
NNG_MV,D,20230615,000000,23.61,23.92,23.61,23.92,0,0
NNG_MV,D,20230616,000000,23.92,23.92,23.51,23.82,0,0
NNG_MV,D,20230619,000000,23.82,24.32,23.82,24.12,0,0
NNG_MV,D,20230620,000000,24.32,24.32,23.61,23.61,0,0
NNG_MV,D,20230621,000000,23.72,24.12,23.61,24.12,0,0
NNG_MV,D,20230622,000000,23.82,25.12,23.82,23.92,0,0
NNG_MV,D,20230623,000000,23.92,24.52,23.92,24.52,0,0
NNG_MV,D,20230626,000000,24.72,24.72,23.92,24.12,0,0
NNG_MV,D,20230627,000000,24.12,25.02,23.72,23.82,0,0
NNG_MV,D,20230628,000000,24.12,24.72,23.92,23.92,0,0
NNG_MV,D,20230629,000000,24.12,24.52,23.41,24.02,0,0
NNG_MV,D,20230630,000000,24.12,24.12,23.51,23.51,0,0
NNG_MV,D,20230703,000000,23.82,23.92,23.31,23.92,0,0
NNG_MV,D,20230704,000000,23.92,23.92,23.31,23.31,0,0
NNG_MV,D,20230705,000000,23.41,23.82,23.31,23.82,0,0
NNG_MV,D,20230706,000000,23.41,23.82,23.31,23.82,0,0
NNG_MV,D,20230707,000000,23.82,24.02,23.41,23.92,0,0
NNG_MV,D,20230710,000000,23.72,23.92,23.51,23.51,0,0
NNG_MV,D,20230711,000000,23.72,23.92,23.51,23.72,0,0
NNG_MV,D,20230712,000000,23.82,23.82,23.61,23.72,0,0
NNG_MV,D,20230713,000000,23.72,23.72,23.41,23.51,0,0
NNG_MV,D,20230714,000000,23.82,26.13,23.82,25.12,0,0
NNG_MV,D,20230717,000000,25.83,25.83,24.22,25.32,0,0
NNG_MV,D,20230718,000000,24.62,25.52,24.32,24.52,0,0
NNG_MV,D,20230719,000000,24.52,24.92,23.82,24.92,0,0
NNG_MV,D,20230720,000000,24.92,24.92,23.92,24.72,0,0
NNG_MV,D,20230721,000000,24.22,24.72,24.12,24.52,0,0
NNG_MV,D,20230724,000000,24.72,24.72,23.92,24.02,0,0
NNG_MV,D,20230725,000000,24.42,24.82,24.12,24.12,0,0
NNG_MV,D,20230726,000000,24.72,24.72,23.92,23.92,0,0
NNG_MV,D,20230727,000000,23.92,24.32,23.82,24.22,0,0
NNG_MV,D,20230728,000000,24.32,24.42,23.92,24.32,0,0
NNG_MV,D,20230731,000000,24.32,24.32,23.51,23.92,0,0
NNG_MV,D,20230801,000000,24.32,24.32,23.51,23.51,0,0
NNG_MV,D,20230802,000000,23.51,24.02,23.31,23.92,0,0
NNG_MV,D,20230803,000000,23.92,23.92,23.11,23.72,0,0
NNG_MV,D,20230804,000000,23.61,23.72,23.41,23.51,0,0
NNG_MV,D,20230807,000000,23.514,23.514,23.112,23.51,0,0
NNG_MV,D,20230808,000000,23.414,23.514,23.21,23.21,0,0
NNG_MV,D,20230809,000000,23.313,23.313,22.81,22.81,0,0
NNG_MV,D,20230810,000000,23.313,23.313,22.911,23.01,0,0
NNG_MV,D,20230811,000000,23.313,23.414,22.81,22.81,0,0
NNG_MV,D,20230814,000000,22.911,24.921,22.71,23.61,0,0
NNG_MV,D,20230816,000000,23.715,23.715,22.911,23.51,0,0
NNG_MV,D,20230817,000000,22.911,23.313,22.911,23.01,0,0
NNG_MV,D,20230818,000000,23.313,23.313,21.504,22.41,0,0
NNG_MV,D,20230821,000000,22.409,22.911,21.102,22.91,0,0
NNG_MV,D,20230822,000000,23.012,23.012,20.901,21.91,0,0
NNG_MV,D,20230823,000000,21.806,21.806,20.7,21.1,0,0
NNG_MV,D,20230824,000000,21.102,21.203,20.198,20.5,0,0
NNG_MV,D,20230825,000000,20.097,20.3,19.696,20.3,0,0
NNG_MV,D,20230828,000000,20.057,20.901,20.057,20.06,0,0
NNG_MV,D,20230829,000000,20.057,20.499,19.696,20.1,0,0
NNG_MV,D,20230830,000000,20.7,20.7,19.615,20.6,0,0
NNG_MV,D,20230831,000000,19.696,20.7,19.012,19.86,0,0
NNG_MV,D,20230901,000000,19.856,19.896,18.088,19.25,0,0
NNG_MV,D,20230904,000000,19.253,19.575,18.289,18.73,0,0
NNG_MV,D,20230905,000000,18.49,20.7,17.766,19.21,0,0
NNG_MV,D,20230906,000000,19.213,19.535,18.53,19.29,0,0
NNG_MV,D,20230907,000000,19.535,19.575,18.49,18.89,0,0
NNG_MV,D,20230908,000000,19.093,19.495,17.847,18.65,0,0
NNG_MV,D,20230911,000000,18.61,18.691,17.887,18.49,0,0
NNG_MV,D,20230912,000000,18.61,18.932,18.048,18.29,0,0
NNG_MV,D,20230913,000000,18.289,18.449,18.088,18.25,0,0
NNG_MV,D,20230914,000000,18.088,18.409,17.847,18.25,0,0
NNG_MV,D,20230915,000000,17.887,18.892,17.887,18.49,0,0
NNG_MV,D,20230918,000000,18.49,18.57,18.088,18.13,0,0
NNG_MV,D,20230919,000000,18.409,18.892,18.088,18.29,0,0
NNG_MV,D,20230920,000000,18.088,18.57,18.007,18.37,0,0
NNG_MV,D,20230921,000000,18.329,18.329,17.887,18.29,0,0
NNG_MV,D,20230922,000000,18.289,19.052,18.088,19.05,0,0
NNG_MV,D,20230925,000000,18.329,19.093,18.329,18.89,0,0
NNG_MV,D,20230926,000000,19.093,19.093,18.409,18.57,0,0
NNG_MV,D,20230927,000000,18.57,19.052,18.53,18.53,0,0
NNG_MV,D,20230928,000000,18.57,18.731,18.088,18.41,0,0
NNG_MV,D,20230929,000000,18.409,19.012,18.208,19.01,0,0
NNG_MV,D,20231002,000000,18.369,19.012,18.329,18.89,0,0
NNG_MV,D,20231003,000000,19.012,19.655,18.731,19.49,0,0
NNG_MV,D,20231004,000000,19.495,19.62,18.892,19.62,0,0
NNG_MV,D,20231005,000000,19.615,20.057,18.892,19.57,0,0
NNG_MV,D,20231006,000000,19.535,19.535,18.49,18.85,0,0
NNG_MV,D,20231009,000000,18.851,19.816,18.128,19.7,0,0
NNG_MV,D,20231010,000000,19.052,19.696,18.771,19.57,0,0
NNG_MV,D,20231011,000000,18.771,19.535,18.691,19.53,0,0
NNG_MV,D,20231012,000000,19.093,19.535,18.892,19.53,0,0
NNG_MV,D,20231013,000000,18.771,19.66,18.771,19.66,0,0
NNG_MV,D,20231016,000000,19.696,19.896,18.81,18.81,0,0
NNG_MV,D,20231017,000000,19.696,19.776,19.294,19.49,0,0
NNG_MV,D,20231018,000000,19.776,19.776,19.09,19.09,0,0
NNG_MV,D,20231019,000000,19.655,19.736,19.29,19.29,0,0
NNG_MV,D,20231020,000000,19.615,19.615,18.49,19.41,0,0
NNG_MV,D,20231023,000000,19.374,19.454,18.771,19.17,0,0
NNG_MV,D,20231024,000000,18.771,19.495,18.771,19.45,0,0
NNG_MV,D,20231025,000000,18.851,19.495,18.851,19.49,0,0
NNG_MV,D,20231026,000000,19.294,19.736,19.294,19.33,0,0
NNG_MV,D,20231027,000000,19.495,19.696,19.49,19.49,0,0
NNG_MV,D,20231030,000000,19.615,20.06,19.495,20.06,0,0
NNG_MV,D,20231031,000000,20.057,20.5,19.495,20.5,0,0
NNG_MV,D,20231102,000000,20.399,20.5,20.097,20.5,0,0
NNG_MV,D,20231103,000000,20.097,20.801,19.696,20.5,0,0
NNG_MV,D,20231106,000000,20.499,20.5,20.198,20.5,0,0
NNG_MV,D,20231107,000000,20.097,20.097,19.09,19.09,0,0
NNG_MV,D,20231108,000000,19.093,20.017,19.093,19.98,0,0
NNG_MV,D,20231109,000000,19.977,20.3,19.896,20.3,0,0
NNG_MV,D,20231110,000000,19.696,20.3,19.696,20.3,0,0
NNG_MV,D,20231113,000000,20.298,20.298,18.731,19.82,0,0
NNG_MV,D,20231114,000000,19.133,19.495,18.81,18.81,0,0
NNG_MV,D,20231115,000000,18.811,19.495,18.69,18.69,0,0
NNG_MV,D,20231116,000000,19.253,19.535,18.69,18.69,0,0
NNG_MV,D,20231117,000000,18.892,18.892,18.007,18.01,0,0
NNG_MV,D,20231120,000000,18.007,18.33,17.364,18.33,0,0
NNG_MV,D,20231121,000000,17.726,18.248,17.686,18.09,0,0
NNG_MV,D,20231122,000000,18.088,19.093,18.088,18.25,0,0
NNG_MV,D,20231123,000000,18.248,19.655,17.726,18.33,0,0
NNG_MV,D,20231124,000000,18.65,19.093,18.61,18.65,0,0
NNG_MV,D,20231127,000000,18.65,18.65,18.128,18.13,0,0
NNG_MV,D,20231128,000000,18.128,19.093,18.128,18.89,0,0
NNG_MV,D,20231129,000000,18.892,18.932,18.168,18.81,0,0
NNG_MV,D,20231130,000000,18.771,18.811,18.128,18.61,0,0
NNG_MV,D,20231201,000000,18.61,18.691,18.088,18.29,0,0
NNG_MV,D,20231204,000000,18.289,18.61,17.887,18.45,0,0
NNG_MV,D,20231205,000000,17.927,18.449,17.887,18.33,0,0
NNG_MV,D,20231206,000000,18.449,18.61,17.927,18.45,0,0
NNG_MV,D,20231207,000000,17.967,24.921,17.967,20.02,0,0
NNG_MV,D,20231208,000000,20.298,20.298,19.294,20.02,0,0
NNG_MV,D,20231211,000000,20.097,20.097,19.133,19.45,0,0
NNG_MV,D,20231212,000000,19.454,20.097,18.49,19.05,0,0
NNG_MV,D,20231213,000000,18.892,19.454,18.851,19.29,0,0
NNG_MV,D,20231214,000000,19.856,19.856,18.851,19.49,0,0
NNG_MV,D,20231215,000000,19.253,19.253,18.851,19.01,0,0
NNG_MV,D,20231218,000000,18.53,18.851,18.289,18.49,0,0
NNG_MV,D,20231219,000000,18.49,19.816,18.49,18.93,0,0
NNG_MV,D,20231220,000000,18.972,19.414,18.57,18.85,0,0
NNG_MV,D,20231221,000000,18.691,18.851,18.128,18.33,0,0
NNG_MV,D,20231222,000000,18.691,18.691,18.208,18.65,0,0
NNG_MV,D,20231227,000000,18.329,18.892,18.128,18.49,0,0
NNG_MV,D,20231228,000000,18.248,19.173,18.248,18.85,0,0
NNG_MV,D,20231229,000000,18.691,19.253,18.57,18.65,0,0
NNG_MV,D,20240102,000000,18.53,19.334,18.088,18.93,0,0
NNG_MV,D,20240103,000000,18.932,19.253,18.53,18.93,0,0
NNG_MV,D,20240104,000000,18.972,19.253,18.932,19.05,0,0
NNG_MV,D,20240105,000000,19.133,19.133,18.691,19.09,0,0
NNG_MV,D,20240108,000000,19.133,19.133,18.691,19.09,0,0
NNG_MV,D,20240109,000000,19.133,19.294,18.811,19.17,0,0
NNG_MV,D,20240110,000000,19.093,20.901,18.892,19.7,0,0
NNG_MV,D,20240111,000000,19.696,19.816,19.495,19.7,0,0
NNG_MV,D,20240112,000000,19.615,20.399,19.093,19.9,0,0
NNG_MV,D,20240115,000000,19.896,19.896,19.374,19.7,0,0
NNG_MV,D,20240116,000000,19.374,19.535,19.17,19.17,0,0
NNG_MV,D,20240117,000000,19.133,19.736,19.093,19.13,0,0
NNG_MV,D,20240118,000000,19.093,19.535,19.093,19.45,0,0
NNG_MV,D,20240119,000000,19.173,19.696,18.771,19.05,0,0
NNG_MV,D,20240122,000000,19.052,19.052,18.691,19.01,0,0
NNG_MV,D,20240123,000000,18.851,19.334,18.65,19.33,0,0
NNG_MV,D,20240124,000000,19.334,19.334,18.811,19.29,0,0
NNG_MV,D,20240125,000000,18.972,19.012,18.329,18.89,0,0
NNG_MV,D,20240126,000000,18.449,19.294,18.449,19.17,0,0
NNG_MV,D,20240129,000000,19.093,19.093,18.369,18.37,0,0
NNG_MV,D,20240130,000000,18.49,18.892,18.289,18.29,0,0
NNG_MV,D,20240131,000000,18.289,19.052,18.289,18.61,0,0
NNG_MV,D,20240201,000000,18.65,19.012,18.57,18.57,0,0
NNG_MV,D,20240202,000000,18.811,19.012,18.409,18.89,0,0
NNG_MV,D,20240205,000000,18.53,18.53,18.289,18.37,0,0
NNG_MV,D,20240206,000000,18.49,18.49,18.329,18.49,0,0
NNG_MV,D,20240207,000000,18.329,18.49,18.329,18.49,0,0
NNG_MV,D,20240208,000000,18.49,19.012,18.369,18.49,0,0
NNG_MV,D,20240209,000000,18.49,18.851,18.369,18.69,0,0
NNG_MV,D,20240212,000000,18.691,18.851,18.289,18.77,0,0
NNG_MV,D,20240213,000000,18.65,18.691,18.088,18.09,0,0
NNG_MV,D,20240214,000000,18.088,18.49,17.927,18.37,0,0
NNG_MV,D,20240215,000000,18.088,18.41,18.088,18.41,0,0
NNG_MV,D,20240216,000000,18.65,18.65,18.248,18.25,0,0
NNG_MV,D,20240219,000000,18.248,18.61,18.248,18.57,0,0
NNG_MV,D,20240220,000000,18.57,18.61,18.289,18.29,0,0
NNG_MV,D,20240221,000000,18.49,18.65,18.49,18.49,0,0
NNG_MV,D,20240222,000000,18.409,18.65,18.369,18.57,0,0
NNG_MV,D,20240223,000000,18.691,19.294,18.691,19.17,0,0
NNG_MV,D,20240226,000000,18.892,19.213,18.49,19.01,0,0
NNG_MV,D,20240227,000000,18.57,19.052,18.57,18.73,0,0
NNG_MV,D,20240228,000000,18.892,18.932,18.49,18.49,0,0
NNG_MV,D,20240229,000000,18.49,19.012,18.49,18.69,0,0
NNG_MV,D,20240301,000000,18.972,18.972,18.61,18.65,0,0
NNG_MV,D,20240304,000000,18.65,18.892,18.49,18.49,0,0
NNG_MV,D,20240305,000000,18.771,18.771,18.128,18.17,0,0
NNG_MV,D,20240306,000000,18.449,18.691,18.168,18.69,0,0
NNG_MV,D,20240307,000000,18.61,18.65,18.168,18.17,0,0
NNG_MV,D,20240308,000000,18.61,18.65,18.248,18.61,0,0
NNG_MV,D,20240311,000000,18.65,18.851,18.409,18.53,0,0
NNG_MV,D,20240312,000000,18.53,19.093,18.49,19.01,0,0
NNG_MV,D,20240313,000000,19.012,19.696,19.012,19.53,0,0
NNG_MV,D,20240314,000000,19.535,19.535,19.09,19.09,0,0
NNG_MV,D,20240315,000000,18.972,19.414,18.771,18.972,0,0
NNG_MV,D,20240318,000000,19.294,19.294,18.77,18.77,0,0
NNG_MV,D,20240319,000000,19.093,19.615,19.093,19.49,0,0
NNG_MV,D,20240320,000000,19.495,20.097,19.454,19.86,0,0
NNG_MV,D,20240321,000000,19.896,20.198,19.816,19.98,0,0
NNG_MV,D,20240322,000000,19.977,20.399,19.696,19.9,0,0
NNG_MV,D,20240325,000000,20.057,20.901,20.057,20.4,0,0
NNG_MV,D,20240326,000000,21.906,22.911,20.7,20.7,0,0
NNG_MV,D,20240327,000000,20.7,21.102,20.097,20.8,0,0
NNG_MV,D,20240328,000000,20.7,20.801,20.198,20.7,0,0
NNG_MV,D,20240402,000000,20.499,20.801,20.198,20.5,0,0
NNG_MV,D,20240403,000000,20.901,21.002,20.499,20.7,0,0
NNG_MV,D,20240404,000000,21.002,21.002,20.499,20.7,0,0
NNG_MV,D,20240405,000000,20.499,20.7,20.298,20.5,0,0
NNG_MV,D,20240408,000000,20.499,20.7,20.298,20.3,0,0
NNG_MV,D,20240409,000000,20.298,20.7,20.198,20.3,0,0
NNG_MV,D,20240410,000000,20.298,20.801,20.298,20.5,0,0
NNG_MV,D,20240411,000000,20.499,20.901,20.499,20.9,0,0
NNG_MV,D,20240412,000000,20.901,20.901,20.499,20.8,0,0
NNG_MV,D,20240415,000000,20.499,20.801,20.499,20.6,0,0
NNG_MV,D,20240416,000000,20.7,20.7,20.399,20.4,0,0
NNG_MV,D,20240417,000000,20.399,20.6,20.298,20.4,0,0
NNG_MV,D,20240418,000000,20.298,20.7,20.298,20.7,0,0
NNG_MV,D,20240419,000000,20.6,20.7,20.399,20.7,0,0
NNG_MV,D,20240422,000000,20.6,20.6,20.057,20.5,0,0
NNG_MV,D,20240423,000000,20.057,20.7,20.057,20.3,0,0
NNG_MV,D,20240424,000000,20.499,21.002,20.057,20.4,0,0
NNG_MV,D,20240425,000000,20.399,20.7,20.097,20.6,0,0
NNG_MV,D,20240426,000000,20.097,20.901,20.057,20.5,0,0
NNG_MV,D,20240429,000000,20.801,20.801,20.198,20.2,0,0
NNG_MV,D,20240430,000000,20.198,20.6,20.198,20.2,0,0
NNG_MV,D,20240502,000000,20.198,20.6,20.057,20.6,0,0
NNG_MV,D,20240506,000000,20.298,20.298,20.057,20.1,0,0
NNG_MV,D,20240507,000000,20.097,20.7,20.097,20.6,0,0
NNG_MV,D,20240508,000000,20.6,20.7,20.097,20.1,0,0
NNG_MV,D,20240509,000000,20.7,20.801,20.399,20.8,0,0
NNG_MV,D,20240510,000000,20.499,20.5,20.097,20.5,0,0
NNG_MV,D,20240513,000000,20.298,20.7,19.696,20.5,0,0
NNG_MV,D,20240514,000000,20.298,20.7,20.097,20.7,0,0
NNG_MV,D,20240515,000000,20.499,20.7,20.097,20.5,0,0
NNG_MV,D,20240516,000000,20.298,20.399,20.097,20.2,0,0
NNG_MV,D,20240517,000000,20.6,20.6,20.6,20.6,0,0
NNG_MV,D,20240520,000000,20.499,20.7,20.399,20.4,0,0
NNG_MV,D,20240521,000000,20.298,20.6,20.198,20.5,0,0
NNG_MV,D,20240522,000000,20.097,20.499,20.097,20.3,0,0
NNG_MV,D,20240523,000000,20.097,20.499,20.057,20.1,0,0
NNG_MV,D,20240524,000000,20.499,20.499,20.298,20.3,0,0
NNG_MV,D,20240527,000000,20.399,20.7,20.399,20.7,0,0
NNG_MV,D,20240528,000000,20.298,20.6,20.097,20.6,0,0
NNG_MV,D,20240529,000000,20.6,20.6,20.097,20.5,0,0
NNG_MV,D,20240531,000000,20.399,20.6,20.198,20.6,0,0
NNG_MV,D,20240603,000000,20.6,21.705,20.097,21.6,0,0
NNG_MV,D,20240604,000000,21.605,21.605,20.9,20.9,0,0
NNG_MV,D,20240605,000000,21.303,21.303,21.102,21.2,0,0
NNG_MV,D,20240606,000000,21.102,22.31,20.901,22.31,0,0
NNG_MV,D,20240607,000000,22.509,24.72,22.509,23.82,0,0
NNG_MV,D,20240610,000000,24.72,29.141,24.72,28.54,0,0
NNG_MV,D,20240611,000000,27.232,27.232,25.524,25.62,0,0
NNG_MV,D,20240612,000000,25.122,26.931,25.122,26.33,0,0
NNG_MV,D,20240613,000000,26.629,27.031,26.428,26.73,0,0
NNG_MV,D,20240614,000000,26.83,26.83,25.825,26.03,0,0
NNG_MV,D,20240617,000000,26.127,26.529,25.825,26.33,0,0
NNG_MV,D,20240618,000000,26.328,27.534,25.825,27.534,0,0
NNG_MV,D,20240619,000000,27.333,27.634,26.529,27.63,0,0
NNG_MV,D,20240620,000000,27.132,27.935,27.031,27.83,0,0
NNG_MV,D,20240621,000000,27.835,29.443,27.835,28.44,0,0
NNG_MV,D,20240624,000000,29.342,31.352,28.136,30.75,0,0
NNG_MV,D,20240625,000000,30.95,32.055,29.945,31.75,0,0
NNG_MV,D,20240626,000000,31.252,35.171,31.252,34.87,0,0
NNG_MV,D,20240627,000000,34.869,35.07,32.96,33.06,0,0
NNG_MV,D,20240628,000000,33.563,35.07,33.462,34.17,0,0
NNG_MV,D,20240701,000000,33.764,34.266,32.859,33.86,0,0
NNG_MV,D,20240702,000000,34.065,34.869,33.764,34.37,0,0
NNG_MV,D,20240703,000000,34.869,34.869,34.166,34.37,0,0
NNG_MV,D,20240704,000000,34.367,34.769,34.166,34.67,0,0
NNG_MV,D,20240705,000000,34.869,37.08,34.869,36.18,0,0
NNG_MV,D,20240708,000000,37.281,39.592,37.281,38.99,0,0
NNG_MV,D,20240709,000000,38.989,39.692,38.185,38.99,0,0
NNG_MV,D,20240710,000000,38.889,48.14,38.185,48.14,0,0
NNG_MV,D,20240711,000000,47.766,48.756,47.766,47.89,0,0
NNG_MV,D,20240712,000000,48.632,49.251,48.137,49.13,0,0
NNG_MV,D,20240715,000000,49.499,49.994,47.642,48.76,0,0
NNG_MV,D,20240716,000000,48.756,49.251,47.519,48.51,0,0
NNG_MV,D,20240717,000000,48.509,58.41,48.261,58.41,0,0
NNG_MV,D,20240718,000000,60.388,62.616,55.933,57.67,0,0
NNG_MV,D,20240719,000000,57.418,63.606,56.181,61.87,0,0
NNG_MV,D,20240722,000000,63.358,83.653,63.358,83.65,0,0
NNG_MV,D,20240723,000000,98.997,101.47,92.315,98.25,0,0
NNG_MV,D,20240724,000000,96.522,99.987,94.047,94.05,0,0
NNG_MV,D,20240725,000000,93.8,97.265,86.87,97.26,0,0
NNG_MV,D,20240726,000000,97.265,100.23,89.593,90.09,0,0
NNG_MV,D,20240729,000000,91.325,94.295,90.335,91.57,0,0
NNG_MV,D,20240730,000000,90.583,91.57,75.485,75.49,0,0
NNG_MV,D,20240731,000000,74.99,88.603,74.99,88.6,0,0
NNG_MV,D,20240801,000000,89.098,89.098,80.188,82.17,0,0
NNG_MV,D,20240802,000000,82.663,82.663,75.24,75.24,0,0
NNG_MV,D,20240805,000000,75.238,82.663,69.051,80.19,0,0
NNG_MV,D,20240806,000000,84.148,97.512,84.148,97.51,0,0
NNG_MV,D,20240807,000000,95.532,100.98,92.315,97.76,0,0
NNG_MV,D,20240808,000000,97.76,98.997,94.79,95.04,0,0
NNG_MV,D,20240809,000000,96.522,97.76,93.8,94.54,0,0
NNG_MV,D,20240812,000000,94.047,96.027,89.84,91.57,0,0
NNG_MV,D,20240813,000000,92.81,95.78,90.583,91.57,0,0
NNG_MV,D,20240814,000000,91.573,94.047,89.593,89.84,0,0
NNG_MV,D,20240816,000000,90.335,90.335,86.623,86.87,0,0
NNG_MV,D,20240819,000000,87.118,93.305,84.643,91.33,0,0
NNG_MV,D,20240820,000000,89.098,91.325,86.623,89.35,0,0
NNG_MV,D,20240821,000000,86.87,93.305,86.623,86.87,0,0
NNG_MV,D,20240822,000000,86.87,88.85,85.633,87.61,0,0
NNG_MV,D,20240823,000000,89.098,90.83,86.87,86.87,0,0
NNG_MV,D,20240826,000000,87.118,89.098,85.385,86.87,0,0
NNG_MV,D,20240827,000000,85.88,87.118,84.89,85.14,0,0
NNG_MV,D,20240828,000000,85.385,89.35,84.395,89.35,0,0
NNG_MV,D,20240829,000000,86.375,90.088,86.375,89.59,0,0
NNG_MV,D,20240830,000000,87.365,93.305,87.365,91.08,0,0
NNG_MV,D,20240902,000000,91.078,92.315,88.355,92.315,0,0
NNG_MV,D,20240903,000000,92.81,94.295,90.83,91.33,0,0
NNG_MV,D,20240904,000000,91.078,92.068,89.84,90.09,0,0
NNG_MV,D,20240905,000000,90.088,91.078,89.098,90.09,0,0
NNG_MV,D,20240906,000000,91.325,91.325,85.138,86.38,0,0
NNG_MV,D,20240909,000000,89.84,98.75,89.84,89.84,0,0
NNG_MV,D,20240910,000000,91.573,91.573,87.86,90.34,0,0
NNG_MV,D,20240911,000000,91.573,91.573,89.345,91.08,0,0
NNG_MV,D,20240912,000000,91.078,97.512,90.335,96.03,0,0
NNG_MV,D,20240913,000000,97.76,102.46,97.76,100.98,0,0
NNG_MV,D,20240916,000000,101.97,101.97,98.502,101.47,0,0
NNG_MV,D,20240917,000000,101.22,101.22,98.75,100.73,0,0
NNG_MV,D,20240918,000000,101.47,106.92,99.245,104.69,0,0
NNG_MV,D,20240919,000000,104.44,104.44,100.73,101.72,0,0
NNG_MV,D,20240920,000000,102.71,102.71,100.23,100.73,0,0
NNG_MV,D,20240923,000000,99.74,101.72,97.76,99.74,0,0
NNG_MV,D,20240924,000000,99.74,99.74,94.79,94.79,0,0
NNG_MV,D,20240925,000000,95.532,95.532,92.068,94.29,0,0
NNG_MV,D,20240926,000000,95.285,98.502,94.29,97.51,0,0
NNG_MV,D,20240927,000000,97.512,104.94,96.522,100.48,0,0
NNG_MV,D,20240930,000000,99.245,105.3,99.245,105.3,0,0
NNG_MV,D,20241001,000000,105.3,107.6,103.26,104.28,0,0
NNG_MV,D,20241002,000000,104.02,106.07,102.75,103,0,0
NNG_MV,D,20241003,000000,105.56,105.56,100.19,101.47,0,0
NNG_MV,D,20241004,000000,99.68,101.72,98.402,100.96,0,0
NNG_MV,D,20241007,000000,100.96,101.72,98.657,100.96,0,0
NNG_MV,D,20241008,000000,102.24,102.24,98.146,99.17,0,0
NNG_MV,D,20241009,000000,99.168,102.24,99.168,101.72,0,0
NNG_MV,D,20241010,000000,102.75,114.62,101.47,114.62,0,0
NNG_MV,D,20241011,000000,116.34,116.34,111.75,114.04,0,0
NNG_MV,D,20241014,000000,116.34,116.34,111.75,111.75,0,0
NNG_MV,D,20241015,000000,115.19,115.19,111.75,114.33,0,0
NNG_MV,D,20241016,000000,112.32,113.18,111.75,112.9,0,0
NNG_MV,D,20241017,000000,113.18,113.18,105.45,108.89,0,0
NNG_MV,D,20241018,000000,108.89,111.46,107.45,110.6,0,0
NNG_MV,D,20241021,000000,106.88,110.32,105.73,107.74,0,0
NNG_MV,D,20241022,000000,107.74,108.31,102.01,102.87,0,0
NNG_MV,D,20241023,000000,102.58,105.45,98.857,102.58,0,0
NNG_MV,D,20241024,000000,103.15,104.59,101.44,104.59,0,0
NNG_MV,D,20241025,000000,102.58,108.6,101.44,103.15,0,0
NNG_MV,D,20241028,000000,106.31,107.74,103.15,104.59,0,0
NNG_MV,D,20241029,000000,103.15,107.45,100.29,100.86,0,0
NNG_MV,D,20241030,000000,100.29,104.59,100.29,103.73,0,0
NNG_MV,D,20241031,000000,100,104.59,100,104.59,0,0
NNG_MV,D,20241104,000000,102.3,104.59,97.424,101.72,0,0
NNG_MV,D,20241105,000000,100.29,100.86,93.41,93.41,0,0
NNG_MV,D,20241106,000000,93.126,93.126,83.097,83.1,0,0
NNG_MV,D,20241107,000000,84.243,89.401,83.097,89.4,0,0
NNG_MV,D,20241108,000000,89.401,90.26,84.24,84.24,0,0
NNG_MV,D,20241112,000000,85.103,88.828,84.816,87.39,0,0
NNG_MV,D,20241113,000000,85.962,87.395,83.67,85.1,0,0
NNG_MV,D,20241114,000000,85.103,86.822,79.372,85.96,0,0
NNG_MV,D,20241115,000000,86.535,86.535,81.664,84.82,0,0
NNG_MV,D,20241118,000000,83.097,85.962,79.658,82.52,0,0
NNG_MV,D,20241119,000000,80.231,85.962,74.501,78.51,0,0
NNG_MV,D,20241120,000000,78.512,85.103,78.512,81.66,0,0
NNG_MV,D,20241121,000000,82.524,82.524,78.799,78.8,0,0
NNG_MV,D,20241122,000000,79.085,82.237,74.787,76.22,0,0
NNG_MV,D,20241125,000000,78.226,78.512,74.501,75.93,0,0
NNG_MV,D,20241126,000000,75.074,77.366,71.349,71.35,0,0
NNG_MV,D,20241127,000000,71.635,72.495,60.747,64.19,0,0
NNG_MV,D,20241128,000000,64.758,68.483,61.606,62.75,0,0
NNG_MV,D,20241129,000000,62.179,74.214,61.893,71.64,0,0
NNG_MV,D,20241202,000000,71.635,85.103,71.635,78.51,0,0
NNG_MV,D,20241203,000000,77.366,84.53,75.933,82.24,0,0
NNG_MV,D,20241204,000000,83.956,83.956,76.506,79.66,0,0
NNG_MV,D,20241205,000000,77.653,79.085,75.933,76.51,0,0
NNG_MV,D,20241206,000000,76.506,78.226,71.922,74.5,0,0
NNG_MV,D,20241209,000000,74.501,76.793,71.062,74.5,0,0
NNG_MV,D,20241210,000000,74.501,74.501,69.629,71.64,0,0
NNG_MV,D,20241211,000000,70.203,77.18,66.477,77.18,0,0
NNG_MV,D,20241212,000000,78.789,80.397,76.216,77.18,0,0
NNG_MV,D,20241213,000000,78.146,78.789,75.252,77.82,0,0
NNG_MV,D,20241216,000000,77.181,84.899,77.181,79.75,0,0
NNG_MV,D,20241217,000000,79.754,80.076,77.18,77.18,0,0
NNG_MV,D,20241218,000000,76.86,82.005,73.965,76.22,0,0
NNG_MV,D,20241219,000000,77.824,78.468,72.036,74.93,0,0
NNG_MV,D,20241220,000000,74.93,88.12,71.393,88.12,0,0
NNG_MV,D,20241223,000000,87.794,94.547,85.864,89.4,0,0
NNG_MV,D,20241227,000000,90.045,95.512,86.829,94.87,0,0
NNG_MV,D,20241230,000000,91.331,100.01,91.331,93.26,0,0
NNG_MV,D,20250102,000000,97.12,109.98,94.225,103.87,0,0
NNG_MV,D,20250103,000000,105.48,109.66,105.48,108.05,0,0
NNG_MV,D,20250107,000000,108.7,115.13,107.73,114.81,0,0
NNG_MV,D,20250108,000000,113.84,119.63,104.84,106.45,0,0
NNG_MV,D,20250109,000000,106.77,109.66,101.3,102.91,0,0
NNG_MV,D,20250110,000000,103.87,108.05,101.62,108.05,0,0
NNG_MV,D,20250113,000000,108.7,108.7,101.3,104.52,0,0
NNG_MV,D,20250114,000000,101.94,107.73,100.98,104.84,0,0
NNG_MV,D,20250115,000000,105.8,108.05,104.84,107.09,0,0
NNG_MV,D,20250116,000000,107.09,107.09,101.62,101.94,0,0
NNG_MV,D,20250117,000000,102.91,106.12,101.3,104.84,0,0
NNG_MV,D,20250120,000000,108.38,108.38,99.692,100.01,0,0
NNG_MV,D,20250121,000000,100.98,101.62,98.085,100.66,0,0
NNG_MV,D,20250122,000000,100.66,103.23,99.692,102.27,0,0
NNG_MV,D,20250123,000000,102.27,102.27,97.441,100.66,0,0
NNG_MV,D,20250124,000000,100.66,102.59,98.406,102.59,0,0
NNG_MV,D,20250127,000000,102.27,102.27,99.692,100.98,0,0
NNG_MV,D,20250128,000000,100.98,102.91,99.37,99.37,0,0
NNG_MV,D,20250129,000000,101.3,102.27,97.441,100.66,0,0
NNG_MV,D,20250130,000000,102.27,103.55,99.692,101.3,0,0
NNG_MV,D,20250131,000000,103.23,103.23,97.763,98.08,0,0
NNG_MV,D,20250203,000000,99.371,101.3,98.406,98.73,0,0
NNG_MV,D,20250204,000000,98.406,101.3,98.406,99.37,0,0
NNG_MV,D,20250205,000000,99.371,101.62,99.371,101.62,0,0
NNG_MV,D,20250206,000000,101.94,101.94,96.798,96.8,0,0
NNG_MV,D,20250207,000000,98.085,98.1,96.155,98.1,0,0
NNG_MV,D,20250210,000000,96.815,99.388,96.49,96.49,0,0
NNG_MV,D,20250211,000000,96.172,98.102,93.92,93.92,0,0
NNG_MV,D,20250212,000000,93.599,96.494,90.704,94.89,0,0
NNG_MV,D,20250213,000000,96.494,96.494,93.599,94.89,0,0
NNG_MV,D,20250214,000000,93.277,96.172,91.026,91.67,0,0
NNG_MV,D,20250217,000000,91.669,93.277,90.06,90.06,0,0
NNG_MV,D,20250218,000000,90.061,93.277,89.096,91.35,0,0
NNG_MV,D,20250219,000000,91.669,106.46,90.061,105.18,0,0
NNG_MV,D,20250220,000000,105.18,105.18,97.459,98.75,0,0
NNG_MV,D,20250221,000000,101.96,101.96,98.745,98.75,0,0
NNG_MV,D,20250224,000000,98.745,100.68,97.459,99.71,0,0
NNG_MV,D,20250225,000000,99.71,100.68,97.78,99.71,0,0
NNG_MV,D,20250226,000000,99.71,100.35,98.102,100.03,0,0
NNG_MV,D,20250227,000000,101,101.32,97.78,98.42,0,0
NNG_MV,D,20250228,000000,98.102,99.71,96.815,98.1,0,0
NNG_MV,D,20250303,000000,99.067,102.28,96.815,102.28,0,0
NNG_MV,D,20250304,000000,100.35,102.93,96.815,99.71,0,0
NNG_MV,D,20250305,000000,99.71,102.28,98.424,100.35,0,0
NNG_MV,D,20250306,000000,100.03,101,97.78,101,0,0
NNG_MV,D,20250307,000000,99.71,100.68,98.745,99.39,0,0
NNG_MV,D,20250310,000000,98.424,104.21,98.424,102.93,0,0
NNG_MV,D,20250311,000000,102.93,106.46,101.64,101.64,0,0
NNG_MV,D,20250312,000000,103.89,104.53,101.96,102.93,0,0
NNG_MV,D,20250313,000000,104.86,104.86,102.93,103.25,0,0
NNG_MV,D,20250314,000000,102.93,103.89,102.6,102.6,0,0
NNG_MV,D,20250317,000000,102.6,103.57,99.71,102.28,0,0
NNG_MV,D,20250318,000000,100.35,102.6,98.745,102.6,0,0
NNG_MV,D,20250319,000000,102.6,102.6,98.745,99.71,0,0
NNG_MV,D,20250320,000000,99.067,102.28,98.102,99.71,0,0
NNG_MV,D,20250321,000000,99.067,101.32,98.745,101.32,0,0
NNG_MV,D,20250324,000000,101,101,100.03,101,0,0
NNG_MV,D,20250325,000000,99.71,101.32,96.815,101,0,0
NNG_MV,D,20250326,000000,98.424,101,98.102,100.35,0,0
NNG_MV,D,20250327,000000,98.102,101,98.102,101,0,0
NNG_MV,D,20250328,000000,100.68,101,97.78,100.35,0,0
NNG_MV,D,20250331,000000,97.78,100.03,97.459,97.78,0,0
NNG_MV,D,20250401,000000,100.68,100.68,97.137,97.14,0,0
NNG_MV,D,20250402,000000,99.71,100.35,97.298,100.35,0,0
NNG_MV,D,20250403,000000,99.549,100.35,97.298,97.78,0,0
NNG_MV,D,20250404,000000,97.78,99.71,96.494,99.07,0,0
NNG_MV,D,20250407,000000,96.494,98.263,87.166,97.619,0,0
NNG_MV,D,20250408,000000,97.619,100.35,97.619,99.71,0,0
NNG_MV,D,20250409,000000,99.71,100.03,96.655,99.39,0,0
NNG_MV,D,20250410,000000,99.388,99.388,97.137,97.137,0,0
NNG_MV,D,20250411,000000,98.424,98.424,96.49,96.49,0,0
NNG_MV,D,20250414,000000,97.137,106.14,97.137,105.02,0,0
NNG_MV,D,20250415,000000,105.66,106.14,99.71,100.03,0,0
NNG_MV,D,20250416,000000,100.35,102.93,100.03,102.44,0,0
NNG_MV,D,20250417,000000,102.6,114.18,100.35,113.86,0,0
NNG_MV,D,20250422,000000,112.58,112.58,105.5,105.5,0,0
NNG_MV,D,20250423,000000,105.02,107.11,105.02,106.79,0,0
NNG_MV,D,20250424,000000,105.34,105.5,102.44,102.44,0,0
NNG_MV,D,20250425,000000,102.6,105.18,100.03,100.68,0,0
NNG_MV,D,20250428,000000,101,106.14,99.871,101,0,0
NNG_MV,D,20250429,000000,102.93,106.14,102.28,105.18,0,0
NNG_MV,D,20250430,000000,105.18,105.18,101,103.25,0,0
NNG_MV,D,20250502,000000,103.25,104.53,100.35,102.93,0,0
NNG_MV,D,20250505,000000,102.93,104.37,100.03,104.05,0,0
NNG_MV,D,20250506,000000,100.35,104.05,99.71,101.96,0,0
NNG_MV,D,20250507,000000,102.28,115.15,99.067,102.6,0,0
NNG_MV,D,20250508,000000,104.53,104.53,100.35,100.51,0,0
NNG_MV,D,20250509,000000,100.51,101.64,97.459,101.64,0,0
NNG_MV,D,20250512,000000,102.28,102.28,99.067,100.84,0,0
NNG_MV,D,20250513,000000,100.84,100.84,96.494,100.84,0,0
NNG_MV,D,20250514,000000,98.424,100.84,96.815,99.07,0,0
NNG_MV,D,20250515,000000,97.459,99.067,94.885,96.65,0,0
NNG_MV,D,20250516,000000,96.655,98.424,92.634,96.49,0,0
NNG_MV,D,20250519,000000,96.494,100.19,96.011,100.03,0,0
NNG_MV,D,20250520,000000,105.5,105.5,100.51,102.93,0,0
NNG_MV,D,20250521,000000,102.93,102.93,98.102,99.71,0,0
NNG_MV,D,20250522,000000,100.68,100.68,96.494,97.78,0,0
NNG_MV,D,20250523,000000,97.619,101.64,95.85,99.39,0,0
NNG_MV,D,20250526,000000,99.388,99.388,95.207,97.62,0,0
NNG_MV,D,20250527,000000,96.333,97.619,93.438,96.01,0,0
NNG_MV,D,20250528,000000,95.207,95.207,92.312,93.6,0,0
NNG_MV,D,20250529,000000,93.599,98.102,93.599,94.08,0,0
NNG_MV,D,20250530,000000,93.277,94.242,92.312,94.24,0,0
NNG_MV,D,20250602,000000,93.921,94.242,90.061,94.24,0,0
NNG_MV,D,20250603,000000,91.026,91.03,89.257,91.03,0,0
NNG_MV,D,20250604,000000,91.508,91.508,86.523,88.13,0,0
NNG_MV,D,20250605,000000,86.844,94.081,84.914,91.35,0,0
NNG_MV,D,20250606,000000,92.312,92.312,86.523,87.97,0,0
NNG_MV,D,20250609,000000,87.648,87.97,86.201,87.65,0,0
NNG_MV,D,20250610,000000,86.683,89.578,86.201,86.84,0,0
NNG_MV,D,20250611,000000,86.201,89.578,83.628,84.91,0,0
NNG_MV,D,20250612,000000,80.894,86.523,80.894,83.15,0,0
NNG_MV,D,20250613,000000,82.824,92.634,80.572,91.67,0,0
NNG_MV,D,20250616,000000,85.879,91.991,85.879,91.35,0,0
NNG_MV,D,20250617,000000,92.312,92.312,87.648,90.38,0,0
NNG_MV,D,20250618,000000,88.453,90.704,87.648,90.38,0,0
NNG_MV,D,20250620,000000,90.222,93.599,88.935,92.31,0,0
NNG_MV,D,20250623,000000,91.347,92.956,84.914,92.63,0,0
NNG_MV,D,20250624,000000,92.634,92.634,87.809,87.81,0,0
NNG_MV,D,20250625,000000,89.096,89.096,85.236,87.81,0,0
NNG_MV,D,20250626,000000,85.236,88.453,85.236,88.45,0,0
NNG_MV,D,20250627,000000,88.453,88.453,85.397,86.52,0,0
NNG_MV,D,20250630,000000,86.844,88.453,83.628,83.63,0,0
NNG_MV,D,20250701,000000,83.467,88.131,81.698,88.13,0,0
NNG_MV,D,20250702,000000,85.397,88.131,85.236,88.13,0,0
NNG_MV,D,20250703,000000,87.488,88.453,85.397,87.97,0,0
NNG_MV,D,20250704,000000,87.97,88.453,85.236,87.65,0,0
NNG_MV,D,20250707,000000,87.809,87.809,84.914,86.2,0,0
NNG_MV,D,20250708,000000,85.719,88.453,84.914,86.84,0,0
NNG_MV,D,20250709,000000,86.844,87.327,85.879,86.84,0,0
NNG_MV,D,20250710,000000,87.648,87.809,84.593,86.68,0,0
NNG_MV,D,20250711,000000,86.683,86.683,83.467,83.63,0,0
NNG_MV,D,20250714,000000,86.523,86.523,83.467,85.08,0,0
NNG_MV,D,20250715,000000,85.236,85.236,80.733,84.91,0,0
NNG_MV,D,20250716,000000,82.824,85.075,82.02,84.91,0,0
NNG_MV,D,20250717,000000,84.593,84.754,84.432,84.75,0,0
NNG_MV,D,20250718,000000,84.754,84.914,84.75,84.75,0,0
NNG_MV,D,20250721,000000,84.754,84.914,82.66,82.66,0,0
NNG_MV,D,20250722,000000,82.663,86.844,82.663,85.88,0,0
NNG_MV,D,20250723,000000,85.558,87.97,80.411,85.24,0,0
NNG_MV,D,20250724,000000,85.075,85.075,80.411,82.02,0,0
NNG_MV,D,20250725,000000,83.145,83.145,81.055,82.98,0,0
NNG_MV,D,20250728,000000,82.824,82.985,82.02,82.98,0,0
NNG_MV,D,20250729,000000,82.985,82.985,77.517,81.22,0,0
NNG_MV,D,20250730,000000,81.055,82.341,80.411,80.57,0,0
NNG_MV,D,20250731,000000,82.341,85.075,82.341,83.95,0,0
NNG_MV,D,20250801,000000,85.075,86.523,82.985,84.27,0,0
NNG_MV,D,20250804,000000,84.271,92.312,82.502,88.45,0,0
NNG_MV,D,20250805,000000,88.131,88.131,83.145,85.72,0,0
NNG_MV,D,20250806,000000,85.558,88.774,84.914,86.68,0,0
NNG_MV,D,20250807,000000,86.844,86.844,84.75,84.75,0,0
NNG_MV,D,20250808,000000,84.11,88.131,84.11,87.49,0,0
NNG_MV,D,20250811,000000,84.754,87.648,84.593,86.84,0,0
NNG_MV,D,20250812,000000,87.166,87.809,86.52,86.52,0,0
NNG_MV,D,20250813,000000,87.327,87.648,85.236,87.01,0,0
NNG_MV,D,20250814,000000,84.754,87.17,84.754,87.17,0,0
NNG_MV,D,20250818,000000,87.166,87.488,85.236,86.2,0,0
NNG_MV,D,20250819,000000,85.236,87.166,85.075,85.08,0,0
NNG_MV,D,20250820,000000,85.236,86.844,85.236,86.68,0,0
NNG_MV,D,20250821,000000,87.166,88.292,86.523,88.29,0,0
NNG_MV,D,20250822,000000,88.453,92.473,88.292,90.54,0,0
NNG_MV,D,20250825,000000,90.543,90.704,88.453,90.06,0,0
NNG_MV,D,20250826,000000,92.634,92.634,90.06,90.06,0,0
NNG_MV,D,20250827,000000,91.026,92.956,90.382,92.47,0,0
NNG_MV,D,20250828,000000,91.347,92.795,90.704,92.63,0,0
NNG_MV,D,20250829,000000,90.704,92.312,88.935,90.86,0,0
NNG_MV,D,20250901,000000,89.578,91.187,86.844,87.65,0,0
NNG_MV,D,20250902,000000,87.648,89.257,87.327,87.33,0,0
NNG_MV,D,20250903,000000,84.271,86.523,84.271,85.24,0,0
NNG_MV,D,20250904,000000,84.11,85.879,83.95,85.4,0,0
NNG_MV,D,20250905,000000,86.201,87.809,83.95,85.24,0,0
NNG_MV,D,20250908,000000,85.075,88.453,85.075,86.04,0,0
NNG_MV,D,20250909,000000,85.879,89.417,84.271,88.94,0,0
NNG_MV,D,20250910,000000,86.844,89.578,85.879,89.42,0,0
NNG_MV,D,20250911,000000,89.417,89.417,85.558,87.49,0,0
NNG_MV,D,20250912,000000,87.488,89.739,86.201,89.1,0,0
NNG_MV,D,20250915,000000,86.201,89.739,86.201,88.13,0,0
NNG_MV,D,20250916,000000,86.844,86.844,84.754,86.2,0,0
NNG_MV,D,20250917,000000,85.397,86.201,83.628,84.91,0,0
NNG_MV,D,20250918,000000,84.914,86.362,83.467,83.47,0,0
NNG_MV,D,20250919,000000,85.075,88.774,85.075,87.17,0,0
NNG_MV,D,20250922,000000,88.453,88.774,84.914,88.13,0,0
NNG_MV,D,20250923,000000,86.844,91.508,85.719,90.7,0,0
NNG_MV,D,20250924,000000,90.704,90.704,86.04,89.1,0,0
NNG_MV,D,20250925,000000,89.096,90.704,86.844,89.9,0,0
NNG_MV,D,20250926,000000,89.739,89.739,86.844,88.29,0,0
NNG_MV,D,20250929,000000,88.453,88.453,86.523,87.49,0,0
NNG_MV,D,20250930,000000,88.131,88.453,87.97,88.13,0,0
NNG_MV,D,20251001,000000,88.453,88.453,85.558,85.72,0,0
NNG_MV,D,20251002,000000,86.201,87.809,86.201,87.65,0,0
NNG_MV,D,20251003,000000,87.648,89.417,86.201,88.77,0,0
NNG_MV,D,20251006,000000,88.935,88.935,86.201,86.84,0,0
NNG_MV,D,20251007,000000,86.201,87.166,85.558,87.01,0,0
NNG_MV,D,20251008,000000,86.201,86.201,84.75,84.75,0,0
NNG_MV,D,20251009,000000,84.593,88.453,82.985,86.68,0,0
NNG_MV,D,20251010,000000,86.523,86.523,83.628,85.72,0,0
NNG_MV,D,20251013,000000,84.593,85.397,83.467,83.63,0,0
NNG_MV,D,20251014,000000,84.271,85.64,82.02,85.64,0,0
NNG_MV,D,20251015,000000,85.971,86.463,83.674,84.99,0,0
NNG_MV,D,20251016,000000,84.986,85.314,83.51,83.51,0,0
NNG_MV,D,20251017,000000,84.002,85.15,81.541,84.49,0,0
NNG_MV,D,20251020,000000,84.002,84.002,81.377,82.03,0,0
NNG_MV,D,20251021,000000,81.377,83.182,81.049,83.18,0,0
NNG_MV,D,20251022,000000,83.346,83.346,80.064,82.03,0,0
NNG_MV,D,20251023,000000,82.361,82.525,79.572,81.87,0,0
NNG_MV,D,20251024,000000,81.869,83.346,80.885,82.03,0,0
NNG_MV,D,20251027,000000,82.853,82.853,79.9,81.38,0,0
NNG_MV,D,20251028,000000,81.377,82.033,80.72,80.72,0,0
NNG_MV,D,20251029,000000,80.556,82.689,80.556,82.03,0,0
NNG_MV,D,20251030,000000,81.869,82.853,81.705,82.2,0,0
NNG_MV,D,20251031,000000,82.689,82.689,80.392,82.361,0,0
NNG_MV,D,20251103,000000,83.182,86.791,81.377,83.67,0,0
NNG_MV,D,20251104,000000,81.377,85.15,80.721,81.7,0,0
NNG_MV,D,20251105,000000,81.705,83.346,73.83,80.39,0,0
NNG_MV,D,20251106,000000,80.392,82.197,79.736,81.87,0,0
NNG_MV,D,20251107,000000,82.033,82.033,80.064,81.21,0,0
NNG_MV,D,20251110,000000,79.9,84.33,79.9,83.35,0,0
NNG_MV,D,20251112,000000,82.197,83.017,82.033,82.85,0,0
NNG_MV,D,20251113,000000,82.853,84.33,80.885,83.51,0,0
NNG_MV,D,20251114,000000,83.674,85.314,82.361,84.66,0,0
NNG_MV,D,20251117,000000,84.494,86.955,82.361,83.67,0,0
NNG_MV,D,20251118,000000,83.674,89.252,83.674,88.27,0,0
NNG_MV,D,20251119,000000,88.596,88.596,85.314,85.64,0,0
NNG_MV,D,20251120,000000,87.939,89.42,85.643,89.42,0,0
NNG_MV,D,20251121,000000,89.416,95.487,87.283,94.83,0,0
NNG_MV,D,20251124,000000,94.994,103.03,94.994,102.38,0,0
NNG_MV,D,20251125,000000,103.36,104.02,95.158,95.65,0,0
NNG_MV,D,20251126,000000,95.487,95.487,91.877,93.52,0,0
NNG_MV,D,20251127,000000,94.174,94.502,92.205,94.17,0,0
NNG_MV,D,20251128,000000,94.174,98.44,94.174,95.49,0,0
NNG_MV,D,20251201,000000,95.487,97.455,93.19,94.83,0,0
NNG_MV,D,20251202,000000,95.487,97.46,94.502,97.46,0,0
NNG_MV,D,20251203,000000,97.783,98.276,93.518,95.98,0,0
NNG_MV,D,20251204,000000,95.651,95.651,89.908,90.89,0,0
NNG_MV,D,20251205,000000,93.354,93.354,86.955,89.25,0,0
NNG_MV,D,20251208,000000,89.252,92.861,89.252,90.89,0,0
NNG_MV,D,20251209,000000,92.533,92.533,88.596,88.92,0,0
NNG_MV,D,20251210,000000,87.939,90.729,86.955,90.4,0,0
NNG_MV,D,20251211,000000,90.236,90.236,86.955,86.96,0,0
NNG_MV,D,20251212,000000,89.744,89.744,84.002,84.66,0,0
NNG_MV,D,20251215,000000,85.15,86.955,84.166,84.66,0,0
NNG_MV,D,20251216,000000,84.658,88.596,84.658,85.97,0,0
NNG_MV,D,20251217,000000,86.135,86.791,84.822,86.3,0,0
NNG_MV,D,20251218,000000,86.299,86.791,84.33,86.3,0,0
NNG_MV,D,20251219,000000,86.299,87.283,84.33,86.46,0,0
NNG_MV,D,20251222,000000,86.299,86.299,84.822,85.97,0,0
NNG_MV,D,20251223,000000,85.971,86.299,84.166,85.314,0,0
NNG_MV,D,20251229,000000,85.314,86.96,84.002,86.96,0,0
NNG_MV,D,20251230,000000,85.314,87.119,85.314,86.96,0,0
NNG_MV,D,20260102,000000,85.478,88.596,85.478,87.94,0,0
NNG_MV,D,20260105,000000,87.939,89.908,87.939,89.58,0,0
NNG_MV,D,20260107,000000,89.908,89.908,84.822,85.97,0,0
NNG_MV,D,20260108,000000,85.971,87.939,84.822,87.61,0,0
NNG_MV,D,20260109,000000,87.611,88.432,85.15,86.46,0,0
NNG_MV,D,20260112,000000,86.463,86.463,84.986,85.97,0,0
NNG_MV,D,20260113,000000,85.971,86.299,84.986,85.31,0,0
NNG_MV,D,20260114,000000,85.314,85.643,82.689,84.66,0,0
NNG_MV,D,20260115,000000,85.971,87.283,84.33,84.33,0,0
NNG_MV,D,20260116,000000,84.33,85.68,84.002,85.68,0,0
NNG_MV,D,20260119,000000,85.52,85.52,84.042,85.36,0,0
NNG_MV,D,20260120,000000,84.37,85.191,82.729,84.37,0,0
NNG_MV,D,20260121,000000,84.37,86.997,83.878,86.5,0,0
NNG_MV,D,20260122,000000,86.504,86.997,83.386,84.04,0,0
NNG_MV,D,20260123,000000,84.042,85.027,83.714,84.53,0,0
