<TICKER>,<PER>,<DATE>,<TIME>,<OPEN>,<HIGH>,<LOW>,<CLOSE>,<VOL>,<OPENINT>
NTU_PE,D,20180321,000000,9.881,9.881,9.881,9.881,0,0
NTU_PE,D,20180322,000000,10.261,10.356,9.691,9.691,0,0
NTU_PE,D,20180323,000000,9.691,9.691,9.0261,9.4061,0,0
NTU_PE,D,20180326,000000,9.4061,9.786,9.4061,9.596,0,0
NTU_PE,D,20180327,000000,9.786,9.786,9.596,9.691,0,0
NTU_PE,D,20180328,000000,9.691,9.691,9.4061,9.596,0,0
NTU_PE,D,20180329,000000,9.501,9.501,9.501,9.501,0,0
NTU_PE,D,20180403,000000,9.501,9.501,9.501,9.501,0,0
NTU_PE,D,20180404,000000,9.501,9.691,9.501,9.691,0,0
NTU_PE,D,20180405,000000,9.596,9.691,9.596,9.596,0,0
NTU_PE,D,20180406,000000,9.596,9.691,9.501,9.501,0,0
NTU_PE,D,20180409,000000,9.3111,9.501,9.2161,9.4061,0,0
NTU_PE,D,20180410,000000,9.4061,9.691,9.4061,9.691,0,0
NTU_PE,D,20180411,000000,9.691,9.691,9.691,9.691,0,0
NTU_PE,D,20180412,000000,9.691,9.691,9.691,9.691,0,0
NTU_PE,D,20180413,000000,9.691,9.691,9.596,9.596,0,0
NTU_PE,D,20180416,000000,9.786,9.786,9.691,9.786,0,0
NTU_PE,D,20180418,000000,9.691,9.976,9.691,9.976,0,0
NTU_PE,D,20180420,000000,9.786,9.881,9.786,9.881,0,0
NTU_PE,D,20180424,000000,9.786,9.786,9.786,9.786,0,0
NTU_PE,D,20180426,000000,9.596,9.691,9.501,9.596,0,0
NTU_PE,D,20180427,000000,9.501,9.501,9.4061,9.4061,0,0
NTU_PE,D,20180430,000000,9.3111,9.596,9.3111,9.596,0,0
NTU_PE,D,20180504,000000,9.501,9.501,9.501,9.501,0,0
NTU_PE,D,20180507,000000,9.501,9.501,9.4061,9.4061,0,0
NTU_PE,D,20180508,000000,9.4061,9.4061,9.2161,9.3111,0,0
NTU_PE,D,20180509,000000,9.596,9.691,8.741,8.741,0,0
NTU_PE,D,20180510,000000,8.646,8.646,8.551,8.551,0,0
NTU_PE,D,20180511,000000,8.741,8.741,8.551,8.646,0,0
NTU_PE,D,20180514,000000,8.646,8.646,8.551,8.551,0,0
NTU_PE,D,20180515,000000,8.266,8.741,8.266,8.741,0,0
NTU_PE,D,20180516,000000,8.646,9.1211,8.646,9.0261,0,0
NTU_PE,D,20180517,000000,8.646,8.741,8.646,8.741,0,0
NTU_PE,D,20180518,000000,8.741,9.0261,8.741,8.931,0,0
NTU_PE,D,20180521,000000,8.646,8.931,8.646,8.931,0,0
NTU_PE,D,20180522,000000,8.741,8.931,8.646,8.646,0,0
NTU_PE,D,20180523,000000,8.646,8.741,8.646,8.741,0,0
NTU_PE,D,20180524,000000,8.836,8.931,8.836,8.836,0,0
NTU_PE,D,20180525,000000,8.836,9.0261,8.836,9.0261,0,0
NTU_PE,D,20180528,000000,9.0261,9.1211,8.931,8.931,0,0
NTU_PE,D,20180529,000000,8.931,8.931,8.836,8.836,0,0
NTU_PE,D,20180530,000000,8.836,8.836,8.836,8.836,0,0
NTU_PE,D,20180601,000000,8.836,8.836,8.741,8.741,0,0
NTU_PE,D,20180604,000000,8.741,9.0261,8.741,9.0261,0,0
NTU_PE,D,20180605,000000,8.931,8.931,8.646,8.741,0,0
NTU_PE,D,20180606,000000,8.741,8.836,8.741,8.836,0,0
NTU_PE,D,20180607,000000,8.931,9.0261,8.931,9.0261,0,0
NTU_PE,D,20180611,000000,8.931,9.0261,8.931,8.931,0,0
NTU_PE,D,20180613,000000,8.931,8.931,8.931,8.931,0,0
NTU_PE,D,20180614,000000,8.931,8.931,8.931,8.931,0,0
NTU_PE,D,20180615,000000,8.931,9.0261,8.836,9.0261,0,0
NTU_PE,D,20180619,000000,8.931,8.931,8.836,8.836,0,0
NTU_PE,D,20180626,000000,8.931,9.0261,8.931,8.931,0,0
NTU_PE,D,20180627,000000,8.931,9.1211,8.931,9.1211,0,0
NTU_PE,D,20180628,000000,8.931,9.1211,8.931,9.1211,0,0
NTU_PE,D,20180629,000000,9.1211,9.1211,9.1211,9.1211,0,0
NTU_PE,D,20180702,000000,9.1211,9.3111,9.1211,9.2161,0,0
NTU_PE,D,20180703,000000,9.2161,9.596,9.2161,9.596,0,0
NTU_PE,D,20180704,000000,9.786,9.786,9.786,9.786,0,0
NTU_PE,D,20180705,000000,9.786,9.786,9.4061,9.501,0,0
NTU_PE,D,20180706,000000,9.501,9.501,9.501,9.501,0,0
NTU_PE,D,20180709,000000,9.4061,9.501,9.4061,9.501,0,0
NTU_PE,D,20180710,000000,9.501,9.501,9.2161,9.4061,0,0
NTU_PE,D,20180711,000000,9.4061,9.4061,9.4061,9.4061,0,0
NTU_PE,D,20180712,000000,9.501,9.881,9.501,9.881,0,0
NTU_PE,D,20180713,000000,9.881,10.261,9.881,10.261,0,0
NTU_PE,D,20180716,000000,10.166,10.546,10.166,10.451,0,0
NTU_PE,D,20180717,000000,10.451,10.641,10.166,10.356,0,0
NTU_PE,D,20180718,000000,10.736,10.736,10.166,10.261,0,0
NTU_PE,D,20180719,000000,10.546,10.546,10.356,10.356,0,0
NTU_PE,D,20180720,000000,10.736,10.736,10.641,10.641,0,0
NTU_PE,D,20180723,000000,10.641,10.736,10.641,10.736,0,0
NTU_PE,D,20180724,000000,10.356,10.736,10.356,10.546,0,0
NTU_PE,D,20180725,000000,10.261,10.261,9.976,9.976,0,0
NTU_PE,D,20180726,000000,10.356,10.356,9.881,9.881,0,0
NTU_PE,D,20180727,000000,9.976,9.976,9.786,9.976,0,0
NTU_PE,D,20180730,000000,9.691,10.166,9.691,10.166,0,0
NTU_PE,D,20180731,000000,10.166,10.166,10.166,10.166,0,0
NTU_PE,D,20180801,000000,10.166,10.166,10.166,10.166,0,0
NTU_PE,D,20180802,000000,10.166,10.166,9.4061,9.691,0,0
NTU_PE,D,20180803,000000,9.4061,9.596,9.4061,9.596,0,0
NTU_PE,D,20180806,000000,9.501,9.691,9.4061,9.691,0,0
NTU_PE,D,20180807,000000,9.691,9.691,9.501,9.501,0,0
NTU_PE,D,20180808,000000,9.691,9.691,9.501,9.691,0,0
NTU_PE,D,20180809,000000,9.691,9.691,9.501,9.691,0,0
NTU_PE,D,20180810,000000,9.691,10.071,9.596,9.596,0,0
NTU_PE,D,20180813,000000,9.4061,9.596,9.4061,9.4061,0,0
NTU_PE,D,20180814,000000,9.691,9.691,9.596,9.596,0,0
NTU_PE,D,20180816,000000,9.596,9.596,9.1211,9.596,0,0
NTU_PE,D,20180817,000000,9.501,9.501,9.2161,9.4061,0,0
NTU_PE,D,20180820,000000,9.596,9.596,9.596,9.596,0,0
NTU_PE,D,20180821,000000,9.596,9.596,9.4061,9.4061,0,0
NTU_PE,D,20180822,000000,9.2161,9.4061,9.2161,9.3111,0,0
NTU_PE,D,20180823,000000,9.3111,9.4061,9.3111,9.4061,0,0
NTU_PE,D,20180824,000000,9.4061,9.596,9.3111,9.596,0,0
NTU_PE,D,20180827,000000,9.596,9.596,9.3111,9.4061,0,0
NTU_PE,D,20180828,000000,9.4061,9.4061,8.551,8.931,0,0
NTU_PE,D,20180829,000000,8.931,8.931,8.741,8.836,0,0
NTU_PE,D,20180830,000000,8.836,9.1211,8.836,9.0261,0,0
NTU_PE,D,20180831,000000,8.836,9.0261,8.836,8.836,0,0
NTU_PE,D,20180903,000000,8.836,9.0261,8.836,9.0261,0,0
NTU_PE,D,20180904,000000,9.0261,9.2161,9.0261,9.0261,0,0
NTU_PE,D,20180906,000000,8.931,9.1211,8.931,9.1211,0,0
NTU_PE,D,20180907,000000,9.0261,9.2161,9.0261,9.2161,0,0
NTU_PE,D,20180910,000000,9.0261,9.596,9.0261,9.596,0,0
NTU_PE,D,20180912,000000,9.501,9.501,9.501,9.501,0,0
NTU_PE,D,20180913,000000,9.3111,9.4061,9.3111,9.4061,0,0
NTU_PE,D,20180914,000000,9.4061,9.4061,9.4061,9.4061,0,0
NTU_PE,D,20180917,000000,9.501,9.501,9.4061,9.4061,0,0
NTU_PE,D,20180918,000000,9.4061,9.4061,9.4061,9.4061,0,0
NTU_PE,D,20180920,000000,9.4061,9.4061,9.4061,9.4061,0,0
NTU_PE,D,20180925,000000,9.0261,9.0261,8.836,9.0261,0,0
NTU_PE,D,20180926,000000,9.0261,9.1211,9.0261,9.1211,0,0
NTU_PE,D,20180927,000000,9.1211,9.1211,9.1211,9.1211,0,0
NTU_PE,D,20181001,000000,9.1211,9.1211,9.0261,9.0261,0,0
NTU_PE,D,20181003,000000,8.931,8.931,8.931,8.931,0,0
NTU_PE,D,20181004,000000,8.931,8.931,8.931,8.931,0,0
NTU_PE,D,20181008,000000,9.2161,9.2161,8.741,8.741,0,0
NTU_PE,D,20181009,000000,8.741,8.741,8.646,8.646,0,0
NTU_PE,D,20181010,000000,8.551,8.551,8.456,8.551,0,0
NTU_PE,D,20181011,000000,8.4,8.4,8.2,8.2,0,0
NTU_PE,D,20181012,000000,8.2,8.8,8.2,8.4,0,0
NTU_PE,D,20181015,000000,8.8,8.9,8.8,8.9,0,0
NTU_PE,D,20181018,000000,8.9,8.9,8.9,8.9,0,0
NTU_PE,D,20181022,000000,8.9,8.9,8.6,8.6,0,0
NTU_PE,D,20181024,000000,8.6,8.6,8.6,8.6,0,0
NTU_PE,D,20181025,000000,8.6,8.6,8.3,8.3,0,0
NTU_PE,D,20181029,000000,8.3,8.3,8.3,8.3,0,0
NTU_PE,D,20181102,000000,8.3,8.3,8.2,8.2,0,0
NTU_PE,D,20181105,000000,8.2,8.2,8.2,8.2,0,0
NTU_PE,D,20181107,000000,8.2,11.1,7.6,11.1,0,0
NTU_PE,D,20181108,000000,11.1,11.1,11,11,0,0
NTU_PE,D,20181109,000000,10.9,10.9,10.7,10.7,0,0
NTU_PE,D,20181114,000000,10.7,10.8,10.7,10.8,0,0
NTU_PE,D,20181116,000000,10.8,10.8,10.7,10.7,0,0
NTU_PE,D,20181119,000000,10.7,10.7,10.4,10.5,0,0
NTU_PE,D,20181120,000000,10.5,10.5,10.4,10.4,0,0
NTU_PE,D,20181121,000000,10.4,10.4,10.4,10.4,0,0
NTU_PE,D,20181122,000000,10.2,10.2,10.1,10.1,0,0
NTU_PE,D,20181128,000000,9.9,10.2,9.9,10.2,0,0
NTU_PE,D,20181129,000000,9.9,9.9,9.4,9.5,0,0
NTU_PE,D,20181203,000000,9.8,10,9.8,10,0,0
NTU_PE,D,20181204,000000,9.6,10.1,9.5,10.1,0,0
NTU_PE,D,20181206,000000,9.8,9.8,9.7,9.7,0,0
NTU_PE,D,20181217,000000,10,10.5,10,10,0,0
NTU_PE,D,20181219,000000,9.7,9.7,9.7,9.7,0,0
NTU_PE,D,20181220,000000,9.7,9.7,9.7,9.7,0,0
NTU_PE,D,20181221,000000,9.7,9.7,9.7,9.7,0,0
NTU_PE,D,20181227,000000,9.7,9.7,9.7,9.7,0,0
NTU_PE,D,20190104,000000,10,10,10,10,0,0
NTU_PE,D,20190108,000000,10.1,10.1,10.1,10.1,0,0
NTU_PE,D,20190111,000000,10.1,10.1,10.1,10.1,0,0
NTU_PE,D,20190115,000000,10.1,10.1,9.9,9.9,0,0
NTU_PE,D,20190116,000000,9.6,10.1,9.6,10.1,0,0
NTU_PE,D,20190117,000000,10.1,10.1,9.9,9.9,0,0
NTU_PE,D,20190118,000000,10.2,10.2,9.9,9.9,0,0
NTU_PE,D,20190121,000000,10.2,10.2,10.2,10.2,0,0
NTU_PE,D,20190123,000000,10.2,10.2,10.2,10.2,0,0
NTU_PE,D,20190129,000000,10.2,10.3,10.2,10.3,0,0
NTU_PE,D,20190130,000000,10.3,10.3,10.2,10.2,0,0
NTU_PE,D,20190131,000000,10.3,10.3,10.3,10.3,0,0
NTU_PE,D,20190201,000000,10.3,10.3,10.2,10.2,0,0
NTU_PE,D,20190207,000000,10.3,10.3,10.3,10.3,0,0
NTU_PE,D,20190212,000000,10,10,9.9,9.9,0,0
NTU_PE,D,20190213,000000,9.9,9.9,9.9,9.9,0,0
NTU_PE,D,20190219,000000,9.9,9.9,9.9,9.9,0,0
NTU_PE,D,20190221,000000,11.3,11.3,11.3,11.3,0,0
NTU_PE,D,20190228,000000,11.8,11.8,11.8,11.8,0,0
NTU_PE,D,20190301,000000,11.8,11.9,11.8,11.9,0,0
NTU_PE,D,20190311,000000,11.5,11.5,11.4,11.4,0,0
NTU_PE,D,20190314,000000,11.5,11.5,11.5,11.5,0,0
NTU_PE,D,20190319,000000,11.8,11.9,11.8,11.9,0,0
NTU_PE,D,20190320,000000,11.9,11.9,11.9,11.9,0,0
NTU_PE,D,20190322,000000,12,12,12,12,0,0
NTU_PE,D,20190325,000000,12,12.4,12,12.4,0,0
NTU_PE,D,20190328,000000,12.4,12.9,12.4,12.9,0,0
NTU_PE,D,20190329,000000,12.3,12.7,12.3,12.7,0,0
NTU_PE,D,20190401,000000,12.7,13.3,12.7,13.3,0,0
NTU_PE,D,20190402,000000,13.4,13.4,13.4,13.4,0,0
NTU_PE,D,20190403,000000,13.1,13.1,13.1,13.1,0,0
NTU_PE,D,20190408,000000,12.7,13.1,12.7,13.1,0,0
NTU_PE,D,20190411,000000,12.5,12.5,12.5,12.5,0,0
NTU_PE,D,20190412,000000,12.6,12.6,12.6,12.6,0,0
NTU_PE,D,20190415,000000,11.8,12.1,11.8,12.1,0,0
NTU_PE,D,20190502,000000,11.5,14.7,11.5,14.7,0,0
NTU_PE,D,20190517,000000,14.4,14.7,14.4,14.7,0,0
NTU_PE,D,20190520,000000,14.3,14.3,14.3,14.3,0,0
NTU_PE,D,20190521,000000,14.3,14.3,14,14,0,0
NTU_PE,D,20190522,000000,13.9,14,13.9,13.9,0,0
NTU_PE,D,20190524,000000,14,14,14,14,0,0
NTU_PE,D,20190529,000000,14.5,14.5,14.5,14.5,0,0
NTU_PE,D,20190530,000000,14,14,14,14,0,0
NTU_PE,D,20190603,000000,13.9,14,13.9,14,0,0
NTU_PE,D,20190612,000000,13.5,13.5,13.5,13.5,0,0
NTU_PE,D,20190627,000000,14.1,14.1,14.1,14.1,0,0
NTU_PE,D,20190703,000000,13.5,13.5,13.5,13.5,0,0
NTU_PE,D,20190704,000000,13.5,13.5,13.4,13.4,0,0
NTU_PE,D,20190715,000000,13.4,13.4,13.4,13.4,0,0
NTU_PE,D,20190722,000000,13.4,13.4,13.4,13.4,0,0
NTU_PE,D,20190726,000000,13.1,13.4,13.1,13.2,0,0
NTU_PE,D,20190730,000000,13.2,13.2,13.2,13.2,0,0
NTU_PE,D,20190731,000000,12.1,37.9,12.1,37.9,0,0
NTU_PE,D,20190801,000000,36.4,37.7,36.4,37.6,0,0
NTU_PE,D,20190802,000000,36.1,36.1,36.1,36.1,0,0
NTU_PE,D,20190805,000000,36.1,36.1,36,36,0,0
NTU_PE,D,20190806,000000,36.3,36.3,35.7,35.7,0,0
NTU_PE,D,20190807,000000,35,35,35,35,0,0
NTU_PE,D,20190821,000000,35.3,35.3,35.3,35.3,0,0
NTU_PE,D,20190827,000000,35.3,35.3,35.2,35.2,0,0
NTU_PE,D,20190830,000000,34.4,34.4,34.4,34.4,0,0
NTU_PE,D,20190910,000000,33.7,33.8,33.7,33.8,0,0
NTU_PE,D,20190912,000000,33.8,33.8,33.8,33.8,0,0
NTU_PE,D,20190918,000000,34.1,34.1,34,34,0,0
NTU_PE,D,20190925,000000,34.3,34.9,34.3,34.9,0,0
NTU_PE,D,20190927,000000,34.9,34.9,34.9,34.9,0,0
NTU_PE,D,20191001,000000,34.4,34.4,33.2,33.2,0,0
NTU_PE,D,20191002,000000,34.2,34.2,33.7,33.7,0,0
NTU_PE,D,20191003,000000,35.2,35.2,34.9,34.9,0,0
NTU_PE,D,20191009,000000,35.6,35.6,35.3,35.6,0,0
NTU_PE,D,20191010,000000,35.6,35.6,34.6,34.6,0,0
NTU_PE,D,20191011,000000,34.3,34.6,34.3,34.6,0,0
NTU_PE,D,20191014,000000,34.8,35,34.6,35,0,0
NTU_PE,D,20191015,000000,35.3,35.3,35,35.3,0,0
NTU_PE,D,20191017,000000,35.4,35.4,35.3,35.3,0,0
NTU_PE,D,20191021,000000,35.4,35.4,35.4,35.4,0,0
NTU_PE,D,20191105,000000,46,46,45,45,0,0
NTU_PE,D,20191108,000000,45.2,45.3,45.2,45.3,0,0
NTU_PE,D,20191114,000000,45.1,45.1,45.1,45.1,0,0
NTU_PE,D,20191115,000000,45.1,45.1,45,45,0,0
NTU_PE,D,20191120,000000,45,45,45,45,0,0
NTU_PE,D,20191121,000000,45,45,38.1,40,0,0
NTU_PE,D,20191122,000000,38,38,34.4,34.4,0,0
NTU_PE,D,20191125,000000,34.1,34.1,29.1,29.1,0,0
NTU_PE,D,20191126,000000,29.1,31.4,28.4,31.4,0,0
NTU_PE,D,20191127,000000,31.4,34.4,31.4,34.4,0,0
NTU_PE,D,20191128,000000,36,36,32.5,32.5,0,0
NTU_PE,D,20191202,000000,33,33,32.2,32.2,0,0
NTU_PE,D,20191204,000000,34.7,34.7,33,33,0,0
NTU_PE,D,20191205,000000,34.6,36.3,34.6,36.3,0,0
NTU_PE,D,20191209,000000,36.3,36.3,36.3,36.3,0,0
NTU_PE,D,20191210,000000,36.3,36.3,33,33,0,0
NTU_PE,D,20191211,000000,31.8,31.9,31.8,31.9,0,0
NTU_PE,D,20191212,000000,33.1,33.1,33,33,0,0
NTU_PE,D,20191213,000000,32.3,32.3,31.3,31.4,0,0
NTU_PE,D,20191216,000000,31.4,31.5,31.4,31.5,0,0
NTU_PE,D,20191223,000000,29.8,29.8,29.8,29.8,0,0
NTU_PE,D,20191227,000000,28.3,29.8,28.3,29.8,0,0
NTU_PE,D,20191230,000000,29.1,29.1,29.1,29.1,0,0
NTU_PE,D,20200102,000000,28.6,28.8,28.6,28.8,0,0
NTU_PE,D,20200115,000000,30.3,30.3,30.3,30.3,0,0
NTU_PE,D,20200122,000000,31.6,31.6,31.6,31.6,0,0
NTU_PE,D,20200124,000000,33.1,33.3,33.1,33.3,0,0
NTU_PE,D,20200206,000000,30.3,30.3,30.3,30.3,0,0
NTU_PE,D,20200212,000000,33.3,33.6,15.1,15.1,0,0
NTU_PE,D,20200214,000000,15.1,15.1,15.1,15.1,0,0
NTU_PE,D,20200217,000000,14.3,14.3,14.3,14.3,0,0
NTU_PE,D,20200219,000000,14.3,14.3,14.1,14.2,0,0
NTU_PE,D,20200224,000000,14.2,14.2,14.1,14.1,0,0
NTU_PE,D,20200303,000000,11.1,11.8,11.1,11.8,0,0
NTU_PE,D,20200304,000000,11.8,11.8,11.8,11.8,0,0
NTU_PE,D,20200306,000000,11.8,11.8,11.8,11.8,0,0
NTU_PE,D,20200309,000000,10,10.2,10,10,0,0
NTU_PE,D,20200310,000000,10.2,10.2,9.4,9.4,0,0
NTU_PE,D,20200409,000000,6.3,7.1,6.3,7.1,0,0
NTU_PE,D,20200414,000000,7.2,8.3,7.1,8.3,0,0
NTU_PE,D,20200415,000000,8.3,8.7,8.3,8.6,0,0
NTU_PE,D,20200417,000000,8.4,8.5,8.4,8.5,0,0
NTU_PE,D,20200421,000000,8.4,8.4,8.4,8.4,0,0
NTU_PE,D,20200424,000000,8.4,8.4,8.4,8.4,0,0
NTU_PE,D,20200427,000000,8.6,8.6,8.6,8.6,0,0
NTU_PE,D,20200430,000000,10.3,10.3,9.1,9.7,0,0
NTU_PE,D,20200504,000000,10.4,11.3,10.4,10.9,0,0
NTU_PE,D,20200505,000000,10.6,10.6,10.6,10.6,0,0
NTU_PE,D,20200507,000000,8,8,8,8,0,0
NTU_PE,D,20200508,000000,8.2,8.2,7.9,7.9,0,0
NTU_PE,D,20200513,000000,8.6,8.6,8.6,8.6,0,0
NTU_PE,D,20200514,000000,8.2,8.2,8.2,8.2,0,0
NTU_PE,D,20200520,000000,9,9.1,9,9.1,0,0
NTU_PE,D,20200521,000000,9.1,9.1,9.1,9.1,0,0
NTU_PE,D,20200525,000000,9.1,9.5,9.1,9.5,0,0
NTU_PE,D,20200526,000000,9.8,10.4,9.8,9.8,0,0
NTU_PE,D,20200527,000000,9.1,9.9,9.1,9.9,0,0
NTU_PE,D,20200528,000000,10.5,10.5,9.2,9.6,0,0
NTU_PE,D,20200529,000000,9.2,9.2,9.1,9.1,0,0
NTU_PE,D,20200601,000000,10.7,10.7,9.1,9.2,0,0
NTU_PE,D,20200602,000000,9.2,9.2,7.5,8.1,0,0
NTU_PE,D,20200603,000000,8.5,9,8.5,9,0,0
NTU_PE,D,20200604,000000,9.1,9.6,9.1,9.3,0,0
NTU_PE,D,20200605,000000,9.1,9.8,9.1,9.4,0,0
NTU_PE,D,20200608,000000,9.9,10.3,9.1,9.9,0,0
NTU_PE,D,20200609,000000,9.9,9.9,9,9.4,0,0
NTU_PE,D,20200610,000000,9.3,9.3,8.8,9.2,0,0
NTU_PE,D,20200612,000000,8.6,9,8.5,8.6,0,0
NTU_PE,D,20200615,000000,9.3,9.3,8.6,8.6,0,0
NTU_PE,D,20200616,000000,8.4,8.4,8.4,8.4,0,0
NTU_PE,D,20200617,000000,9.1,9.1,8.4,8.4,0,0
NTU_PE,D,20200618,000000,8.4,8.9,8.4,8.9,0,0
NTU_PE,D,20200619,000000,8.8,9.1,8.6,8.7,0,0
NTU_PE,D,20200622,000000,9.3,9.3,8.8,8.8,0,0
NTU_PE,D,20200623,000000,8.8,8.9,8.4,8.9,0,0
NTU_PE,D,20200624,000000,8.7,8.7,8.5,8.5,0,0
NTU_PE,D,20200625,000000,8.3,8.3,8.3,8.3,0,0
NTU_PE,D,20200626,000000,8.3,8.3,8.1,8.1,0,0
NTU_PE,D,20200630,000000,8.1,8.1,8.1,8.1,0,0
NTU_PE,D,20200701,000000,8.1,8.1,8.1,8.1,0,0
NTU_PE,D,20200702,000000,8.1,8.1,4.3,4.3,0,0
NTU_PE,D,20200703,000000,4.4,4.8,4.4,4.7,0,0
NTU_PE,D,20200708,000000,4.4,4.4,4.2,4.2,0,0
NTU_PE,D,20200709,000000,4.2,4.4,4.2,4.4,0,0
NTU_PE,D,20200710,000000,4.2,4.4,4.2,4.2,0,0
NTU_PE,D,20200713,000000,4.4,4.4,4.2,4.2,0,0
NTU_PE,D,20200714,000000,4.2,4.2,4.2,4.2,0,0
NTU_PE,D,20200715,000000,4.2,4.2,3.9,3.9,0,0
NTU_PE,D,20200716,000000,4,4,4,4,0,0
NTU_PE,D,20200717,000000,4,4,4,4,0,0
NTU_PE,D,20200720,000000,4,4,4,4,0,0
NTU_PE,D,20200721,000000,3.9,3.9,3.7,3.8,0,0
NTU_PE,D,20200722,000000,4,4.1,3.7,3.7,0,0
NTU_PE,D,20200723,000000,4,4.2,4,4.2,0,0
NTU_PE,D,20200727,000000,4.2,4.2,4.2,4.2,0,0
NTU_PE,D,20200728,000000,4.2,4.2,4.2,4.2,0,0
NTU_PE,D,20200730,000000,3.8,9.9,3.8,9.9,0,0
NTU_PE,D,20200731,000000,9.9,9.9,9.9,9.9,0,0
NTU_PE,D,20200803,000000,9.9,9.9,9.9,9.9,0,0
NTU_PE,D,20200804,000000,9.9,9.9,9.3,9.4,0,0
NTU_PE,D,20200807,000000,9.2,9.6,9.2,9.6,0,0
NTU_PE,D,20200811,000000,9.3,9.3,9.2,9.2,0,0
NTU_PE,D,20200813,000000,9.1,9.1,9.1,9.1,0,0
NTU_PE,D,20200814,000000,9.2,9.2,9.1,9.1,0,0
NTU_PE,D,20200817,000000,9.1,9.1,9.1,9.1,0,0
NTU_PE,D,20200818,000000,9,9.1,9,9.1,0,0
NTU_PE,D,20200819,000000,9.2,9.2,9.2,9.2,0,0
NTU_PE,D,20200820,000000,10,10,9.9,9.9,0,0
NTU_PE,D,20200821,000000,9.9,9.9,9.1,9.1,0,0
NTU_PE,D,20200824,000000,9,9,9,9,0,0
NTU_PE,D,20200826,000000,9,9,9,9,0,0
NTU_PE,D,20200827,000000,9.2,10.1,9.2,10.1,0,0
NTU_PE,D,20200828,000000,10.4,10.4,10.4,10.4,0,0
NTU_PE,D,20200831,000000,9.3,9.6,9.3,9.6,0,0
NTU_PE,D,20200901,000000,9.9,9.9,9.9,9.9,0,0
NTU_PE,D,20200902,000000,10.5,10.5,10.4,10.4,0,0
NTU_PE,D,20200903,000000,11,11,10.6,10.6,0,0
NTU_PE,D,20200904,000000,10.4,10.4,10.3,10.3,0,0
NTU_PE,D,20200908,000000,10.3,10.3,10.3,10.3,0,0
NTU_PE,D,20200914,000000,10.3,10.3,10.3,10.3,0,0
NTU_PE,D,20200915,000000,10.3,10.3,10.3,10.3,0,0
NTU_PE,D,20200916,000000,9.4,9.4,9.4,9.4,0,0
NTU_PE,D,20200918,000000,10.3,10.3,10.3,10.3,0,0
NTU_PE,D,20200924,000000,9.6,9.6,9.5,9.5,0,0
NTU_PE,D,20200928,000000,8.7,8.7,8.6,8.6,0,0
NTU_PE,D,20200929,000000,8.5,8.7,8.4,8.4,0,0
NTU_PE,D,20200930,000000,8.6,9.6,8.4,9.6,0,0
NTU_PE,D,20201001,000000,9.6,9.6,9.6,9.6,0,0
NTU_PE,D,20201005,000000,10.5,10.5,10.5,10.5,0,0
NTU_PE,D,20201006,000000,9.6,9.6,8.7,9.6,0,0
NTU_PE,D,20201007,000000,8.9,9.8,8.7,9.8,0,0
NTU_PE,D,20201013,000000,8.8,8.8,8.7,8.7,0,0
NTU_PE,D,20201014,000000,9.1,9.1,9.1,9.1,0,0
NTU_PE,D,20201015,000000,9.1,9.7,9.1,9.5,0,0
NTU_PE,D,20201016,000000,9.5,9.5,9.5,9.5,0,0
NTU_PE,D,20201021,000000,8.5,8.5,8.5,8.5,0,0
NTU_PE,D,20201022,000000,8.5,8.5,8.5,8.5,0,0
NTU_PE,D,20201023,000000,8.5,8.5,8.5,8.5,0,0
NTU_PE,D,20201029,000000,8.1,8.1,8.1,8.1,0,0
NTU_PE,D,20220208,000000,24.7,24.7,24.7,24.7,0,0
NTU_PE,D,20220214,000000,21.6,23.1,20.9,22.8,0,0
NTU_PE,D,20220221,000000,21.2,21.2,21.2,21.2,0,0
NTU_PE,D,20220224,000000,20.8,20.8,19.8,19.8,0,0
NTU_PE,D,20220303,000000,18.9,19,18.9,19,0,0
NTU_PE,D,20220304,000000,17.1,17.2,17,17,0,0
NTU_PE,D,20220307,000000,16.7,16.9,16.4,16.4,0,0
NTU_PE,D,20220308,000000,16.4,16.5,16.3,16.5,0,0
NTU_PE,D,20220309,000000,15,18.4,15,18.4,0,0
NTU_PE,D,20220317,000000,18.8,19,18.8,19,0,0
NTU_PE,D,20220318,000000,19,19.3,19,19.1,0,0
NTU_PE,D,20220321,000000,20.9,21.8,20.9,21.8,0,0
NTU_PE,D,20220322,000000,21.5,22.7,21.5,22.7,0,0
NTU_PE,D,20220330,000000,22.7,24.5,22.7,24.5,0,0
NTU_PE,D,20220401,000000,23.7,24.9,23.7,24.9,0,0
NTU_PE,D,20220428,000000,18.2,18.3,18.2,18.3,0,0
NTU_PE,D,20220429,000000,20.1,22.3,18.3,22.3,0,0
NTU_PE,D,20220502,000000,22.3,22.3,22.2,22.2,0,0
NTU_PE,D,20220505,000000,18.6,20.5,18.6,20.5,0,0
NTU_PE,D,20220510,000000,18.5,20.5,18.5,20.5,0,0
NTU_PE,D,20220511,000000,20.5,21.7,20.5,21.7,0,0
NTU_PE,D,20220513,000000,22.3,50.5,22.3,50.5,0,0
NTU_PE,D,20220523,000000,52.7,52.8,52.7,52.8,0,0
NTU_PE,D,20220601,000000,158.6,158.6,144.2,158.1,0,0
NTU_PE,D,20220602,000000,150.9,151,150.9,151,0,0
NTU_PE,D,20220617,000000,141.3,141.3,140.4,140.4,0,0
NTU_PE,D,20220629,000000,117,117.5,117,117.5,0,0
NTU_PE,D,20220630,000000,116.7,116.7,116.7,116.7,0,0
NTU_PE,D,20220704,000000,106.8,106.8,104.9,105.3,0,0
NTU_PE,D,20220705,000000,101.4,101.4,100.6,100.6,0,0
NTU_PE,D,20220713,000000,91,91,90.9,90.9,0,0
NTU_PE,D,20220715,000000,92.4,93,92.4,93,0,0
NTU_PE,D,20220722,000000,103.2,103.2,103.1,103.1,0,0
NTU_PE,D,20220727,000000,114.5,115.8,114.2,114.2,0,0
NTU_PE,D,20220803,000000,95.1,116,95.1,95.1,0,0
NTU_PE,D,20220804,000000,104.5,104.5,104.1,104.1,0,0
NTU_PE,D,20221206,000000,271.4,271.4,271,271,0,0
NTU_PE,D,20221219,000000,265,265.3,265,265.3,0,0
NTU_PE,D,20221228,000000,224.1,246.5,222.4,222.4,0,0
NTU_PE,D,20221229,000000,243,259.4,222.4,259.2,0,0
NTU_PE,D,20221230,000000,257.9,258.1,257.9,258.1,0,0
NTU_PE,D,20230102,000000,261.6,262.4,258.1,262.4,0,0
NTU_PE,D,20230103,000000,272.6,272.6,272.3,272.3,0,0
NTU_PE,D,20230104,000000,272.1,273,272.1,273,0,0
NTU_PE,D,20230116,000000,271.6,271.6,271.2,271.2,0,0
NTU_PE,D,20230120,000000,271.1,271.1,270.4,270.4,0,0
NTU_PE,D,20230123,000000,297.6,297.6,297.1,297.1,0,0
NTU_PE,D,20230124,000000,297.2,320.5,297.2,320.5,0,0
NTU_PE,D,20230125,000000,335.2,335.4,320.5,335.4,0,0
NTU_PE,D,20230126,000000,335.2,335.2,334.2,334.2,0,0
NTU_PE,D,20230206,000000,259.8,336.4,259.8,334.6,0,0
NTU_PE,D,20230208,000000,299.4,329.7,299.4,329.7,0,0
NTU_PE,D,20230214,000000,311.4,331.8,311.4,331.8,0,0
NTU_PE,D,20230215,000000,331.5,335.2,331.5,333.6,0,0
NTU_PE,D,20230223,000000,304.4,337.7,304.4,337.7,0,0
NTU_PE,D,20230307,000000,340.6,342.3,340.6,342.3,0,0
NTU_PE,D,20230313,000000,280.9,339,280.9,339,0,0
NTU_PE,D,20230403,000000,324.2,324.2,323.9,323.9,0,0
NTU_PE,D,20230411,000000,282.9,311.1,282.9,309,0,0
NTU_PE,D,20230412,000000,283.4,284.6,283.4,284.6,0,0
NTU_PE,D,20230413,000000,300.6,301.6,300.6,301.6,0,0
NTU_PE,D,20230418,000000,286.7,302.8,285.5,285.6,0,0
NTU_PE,D,20230419,000000,299.2,299.5,299.2,299.5,0,0
NTU_PE,D,20230505,000000,302.1,302.1,302,302,0,0
NTU_PE,D,20230515,000000,304.1,306.4,304.1,306.4,0,0
NTU_PE,D,20230530,000000,15,15,15,15,0,0
NTU_PE,D,20230605,000000,15.2,17,15.2,17,0,0
NTU_PE,D,20230609,000000,17,18.4,17,18.4,0,0
NTU_PE,D,20230612,000000,18.8,19,18.8,19,0,0
NTU_PE,D,20230613,000000,19,19,18.8,18.8,0,0
NTU_PE,D,20230614,000000,20.7,21.5,20.7,21.3,0,0
NTU_PE,D,20230615,000000,21.1,21.3,21.1,21.3,0,0
NTU_PE,D,20230616,000000,17.9,18,17.9,18,0,0
NTU_PE,D,20230619,000000,18.1,18.4,17.4,18.4,0,0
NTU_PE,D,20230621,000000,17.1,18.3,15.6,18.3,0,0
NTU_PE,D,20230626,000000,17.5,17.5,15.7,15.8,0,0
NTU_PE,D,20230627,000000,16.9,16.9,16.6,16.6,0,0
NTU_PE,D,20230628,000000,15.8,15.8,15.2,15.2,0,0
NTU_PE,D,20230629,000000,15.2,16.2,15.2,16.2,0,0
NTU_PE,D,20230630,000000,16.2,17.1,16.2,17.1,0,0
NTU_PE,D,20230703,000000,15.4,15.4,15.3,15.4,0,0
NTU_PE,D,20230705,000000,15.6,15.6,15.5,15.5,0,0
NTU_PE,D,20230706,000000,15.5,15.5,15.4,15.4,0,0
NTU_PE,D,20230714,000000,15.3,16.8,15.3,16.7,0,0
NTU_PE,D,20230717,000000,15.8,15.8,15.5,15.5,0,0
NTU_PE,D,20230718,000000,15.6,15.6,15.6,15.6,0,0
NTU_PE,D,20230719,000000,15.6,15.6,15.6,15.6,0,0
NTU_PE,D,20230720,000000,15.6,16.4,15.6,16.4,0,0
NTU_PE,D,20230726,000000,16.2,16.9,16.2,16.9,0,0
NTU_PE,D,20230727,000000,17.8,17.8,15.6,16.5,0,0
NTU_PE,D,20230802,000000,16.4,16.4,16.3,16.3,0,0
NTU_PE,D,20230803,000000,15.4,16.4,15.2,15.2,0,0
NTU_PE,D,20230807,000000,15.74,16.2,15.74,16.2,0,0
NTU_PE,D,20230808,000000,16.201,16.201,15.386,15.4,0,0
NTU_PE,D,20230810,000000,15.75,15.75,15.7,15.7,0,0
NTU_PE,D,20230811,000000,16.284,16.3,16.284,16.3,0,0
NTU_PE,D,20230814,000000,16.3,16.5,16.3,16.5,0,0
NTU_PE,D,20230824,000000,16.22,16.22,16.2,16.2,0,0
NTU_PE,D,20230829,000000,15.171,16.558,5.8,5.8,0,0
NTU_PE,D,20230830,000000,5.8,5.8,5.8,5.8,0,0
NTU_PE,D,20230901,000000,5.8,5.8,5.7,5.7,0,0
NTU_PE,D,20230904,000000,5.7,5.8,5.7,5.8,0,0
NTU_PE,D,20230905,000000,5.486,5.9,5.486,5.9,0,0
NTU_PE,D,20230912,000000,5.746,5.746,5.6,5.6,0,0
NTU_PE,D,20230913,000000,5.6,5.7,5.6,5.7,0,0
NTU_PE,D,20230921,000000,5.76,5.8,5.76,5.8,0,0
NTU_PE,D,20230925,000000,5.694,5.7,5.694,5.7,0,0
NTU_PE,D,20230926,000000,5.198,5.2,5.198,5.2,0,0
NTU_PE,D,20230927,000000,5.2,5.2,5.2,5.2,0,0
NTU_PE,D,20230929,000000,5.61,5.61,5.6,5.6,0,0
NTU_PE,D,20231003,000000,5.6,5.6,5.6,5.6,0,0
NTU_PE,D,20231018,000000,5.046,5.046,5,5,0,0
NTU_PE,D,20231019,000000,5.452,6,5.452,6,0,0
NTU_PE,D,20231020,000000,6,6,5.9,5.9,0,0
NTU_PE,D,20231107,000000,5.416,5.953,5.4,5.4,0,0
NTU_PE,D,20231108,000000,5.447,5.901,5.447,5.9,0,0
NTU_PE,D,20231113,000000,5.984,6,5.9,5.9,0,0
NTU_PE,D,20231121,000000,5.522,6,5.522,6,0,0
NTU_PE,D,20231123,000000,5.984,6,5.984,6,0,0
NTU_PE,D,20231128,000000,5.599,5.6,5.599,5.6,0,0
NTU_PE,D,20231129,000000,5.584,5.9,5.584,5.9,0,0
NTU_PE,D,20231130,000000,5.849,5.9,5.849,5.9,0,0
NTU_PE,D,20231204,000000,5.866,5.9,5.866,5.9,0,0
NTU_PE,D,20231205,000000,5.608,5.608,5.6,5.6,0,0
NTU_PE,D,20231208,000000,5.652,5.652,5.6,5.6,0,0
NTU_PE,D,20231212,000000,5.6,5.6,5.5,5.5,0,0
NTU_PE,D,20231213,000000,5.5,5.5,5.449,5.5,0,0
NTU_PE,D,20231215,000000,5.483,5.483,5.174,5.2,0,0
NTU_PE,D,20231218,000000,5.51,5.51,5.5,5.5,0,0
NTU_PE,D,20231220,000000,5.053,5.053,5,5,0,0
NTU_PE,D,20231221,000000,5,5.442,4.983,5.1,0,0
NTU_PE,D,20231222,000000,5.1,5.1,5.1,5.1,0,0
NTU_PE,D,20231227,000000,5.1,5.2,5.1,5.2,0,0
NTU_PE,D,20231228,000000,5.665,5.665,5.6,5.6,0,0
NTU_PE,D,20240102,000000,5.6,5.6,5.6,5.6,0,0
NTU_PE,D,20240103,000000,5.6,5.838,4.987,5.2,0,0
NTU_PE,D,20240122,000000,5.014,5.014,4.93,5,0,0
NTU_PE,D,20240124,000000,4.9,4.9,4.9,4.9,0,0
NTU_PE,D,20240125,000000,4.9,4.9,4.9,4.9,0,0
NTU_PE,D,20240129,000000,4.9,5,4.9,5,0,0
NTU_PE,D,20240130,000000,4.795,4.932,4.658,4.9,0,0
NTU_PE,D,20240202,000000,4.475,4.9,4.475,4.5,0,0
NTU_PE,D,20240206,000000,4.791,4.8,4.722,4.8,0,0
NTU_PE,D,20240222,000000,5.143,5.537,5.1,5.1,0,0
NTU_PE,D,20240223,000000,5.1,5.1,5.1,5.1,0,0
NTU_PE,D,20240226,000000,5.593,5.593,5.032,5.1,0,0
NTU_PE,D,20240227,000000,5.565,5.824,5.565,5.7,0,0
NTU_PE,D,20240228,000000,5.204,5.6,5.169,5.6,0,0
NTU_PE,D,20240229,000000,5.755,5.755,5.7,5.7,0,0
NTU_PE,D,20240304,000000,5.255,5.683,5.221,5.495,0,0
NTU_PE,D,20240313,000000,5.356,5.356,5.3,5.3,0,0
NTU_PE,D,20240318,000000,5.3,5.3,5.3,5.3,0,0
NTU_PE,D,20240325,000000,5.352,5.455,5.352,5.4,0,0
NTU_PE,D,20240326,000000,5.4,5.4,5.4,5.4,0,0
NTU_PE,D,20240402,000000,5.212,5.212,5.161,5.2,0,0
NTU_PE,D,20240409,000000,5.097,5.1,5.097,5.1,0,0
NTU_PE,D,20240410,000000,5.134,5.2,5.134,5.2,0,0
NTU_PE,D,20240412,000000,5.27,5.27,5.2,5.2,0,0
NTU_PE,D,20240415,000000,5.2,5.2,5.2,5.2,0,0
NTU_PE,D,20240416,000000,5.131,5.131,5.1,5.1,0,0
NTU_PE,D,20240417,000000,5.1,5.1,5.1,5.1,0,0
NTU_PE,D,20240422,000000,5.134,5.134,5.1,5.1,0,0
NTU_PE,D,20240424,000000,5.1,5.1,5.1,5.1,0,0
NTU_PE,D,20240425,000000,4.45,4.706,4.45,4.5,0,0
NTU_PE,D,20240426,000000,4.517,4.569,4.5,4.5,0,0
NTU_PE,D,20240429,000000,4.841,4.841,4.7,4.7,0,0
NTU_PE,D,20240506,000000,4.7,4.7,4.7,4.7,0,0
NTU_PE,D,20240507,000000,4.938,5,4.938,5,0,0
NTU_PE,D,20240510,000000,5,5,5,5,0,0
NTU_PE,D,20240514,000000,5,5,5,5,0,0
NTU_PE,D,20240515,000000,5.241,5.3,5.241,5.3,0,0
NTU_PE,D,20240516,000000,5.056,5.056,5,5,0,0
NTU_PE,D,20240527,000000,13.655,13.655,13.6,13.6,0,0
NTU_PE,D,20240528,000000,12.24,12.3,12.24,12.3,0,0
NTU_PE,D,20240529,000000,13.027,13.027,13,13,0,0
NTU_PE,D,20240604,000000,13.136,13.136,13.1,13.1,0,0
NTU_PE,D,20240605,000000,12.829,12.829,12.7,12.7,0,0
NTU_PE,D,20240611,000000,12.7,12.7,12.6,12.6,0,0
NTU_PE,D,20240618,000000,11.979,11.979,11.979,11.979,0,0
NTU_PE,D,20240628,000000,12.1,12.1,11.786,11.8,0,0
NTU_PE,D,20240712,000000,12.851,12.9,12.851,12.9,0,0
NTU_PE,D,20240716,000000,11.81,12.718,11.8,11.8,0,0
NTU_PE,D,20240724,000000,11.755,11.755,11.7,11.7,0,0
NTU_PE,D,20240725,000000,11.61,11.61,11.6,11.6,0,0
NTU_PE,D,20240814,000000,11.78,11.8,11.6,11.8,0,0
NTU_PE,D,20240816,000000,12.79,12.8,12.79,12.8,0,0
NTU_PE,D,20240903,000000,10.456,11.8,10.456,11.8,0,0
NTU_PE,D,20240905,000000,12.659,12.7,12.659,12.7,0,0
NTU_PE,D,20240917,000000,12.836,12.881,12.8,12.8,0,0
NTU_PE,D,20240926,000000,11.174,12.9,10.084,12.2,0,0
NTU_PE,D,20241003,000000,11.657,11.657,11.6,11.6,0,0
