<TICKER>,<PER>,<DATE>,<TIME>,<OPEN>,<HIGH>,<LOW>,<CLOSE>,<VOL>,<OPENINT>
NTU_PB,D,20180321,000000,5.5011,5.5011,5.5011,5.5011,0,0
NTU_PB,D,20180322,000000,5.5011,5.5296,5.3776,5.3776,0,0
NTU_PB,D,20180323,000000,5.3871,5.3871,5.0071,5.2161,0,0
NTU_PB,D,20180326,000000,5.2066,5.4441,5.2066,5.3111,0,0
NTU_PB,D,20180327,000000,5.4061,5.4061,5.3301,5.3776,0,0
NTU_PB,D,20180328,000000,5.3776,5.3776,5.2256,5.3491,0,0
NTU_PB,D,20180329,000000,5.2731,5.2826,5.2731,5.2826,0,0
NTU_PB,D,20180403,000000,5.2731,5.2921,5.2731,5.2921,0,0
NTU_PB,D,20180404,000000,5.2921,5.3776,5.2921,5.3776,0,0
NTU_PB,D,20180405,000000,5.3016,5.3966,5.3016,5.3301,0,0
NTU_PB,D,20180406,000000,5.3301,5.3871,5.2731,5.2731,0,0
NTU_PB,D,20180409,000000,5.2256,5.3206,5.1971,5.2066,0,0
NTU_PB,D,20180410,000000,5.2161,5.3681,5.2161,5.3681,0,0
NTU_PB,D,20180411,000000,5.3681,5.3776,5.3681,5.3776,0,0
NTU_PB,D,20180412,000000,5.3586,5.3681,5.3586,5.3681,0,0
NTU_PB,D,20180413,000000,5.3491,5.3681,5.3491,5.3491,0,0
NTU_PB,D,20180416,000000,5.4346,5.4346,5.4061,5.4251,0,0
NTU_PB,D,20180418,000000,5.4156,5.5201,5.4156,5.5201,0,0
NTU_PB,D,20180420,000000,5.4631,5.4726,5.4631,5.4726,0,0
NTU_PB,D,20180424,000000,5.4536,5.4631,5.4441,5.4441,0,0
NTU_PB,D,20180426,000000,5.3396,5.3491,5.2921,5.3206,0,0
NTU_PB,D,20180427,000000,5.2731,5.2731,5.2446,5.2446,0,0
NTU_PB,D,20180430,000000,5.1876,5.3491,5.1876,5.3491,0,0
NTU_PB,D,20180504,000000,5.3206,5.3206,5.2636,5.2636,0,0
NTU_PB,D,20180507,000000,5.2636,5.2636,5.2541,5.2541,0,0
NTU_PB,D,20180508,000000,5.2541,5.2541,5.1686,5.1971,0,0
NTU_PB,D,20180509,000000,5.3396,5.4156,4.9786,4.9786,0,0
NTU_PB,D,20180510,000000,4.9216,4.9216,4.8551,4.8551,0,0
NTU_PB,D,20180511,000000,4.9596,4.9596,4.8551,4.9121,0,0
NTU_PB,D,20180514,000000,4.9121,4.9121,4.8741,4.8741,0,0
NTU_PB,D,20180515,000000,4.7221,4.9881,4.7221,4.9786,0,0
NTU_PB,D,20180516,000000,4.9121,5.2161,4.9121,5.1591,0,0
NTU_PB,D,20180517,000000,4.9691,4.9691,4.9596,4.9596,0,0
NTU_PB,D,20180518,000000,4.9596,5.1116,4.9596,5.1116,0,0
NTU_PB,D,20180521,000000,4.9691,5.0831,4.9691,5.0736,0,0
NTU_PB,D,20180522,000000,4.9596,5.0451,4.9406,4.9406,0,0
NTU_PB,D,20180523,000000,4.9406,4.9691,4.9406,4.9691,0,0
NTU_PB,D,20180524,000000,5.0166,5.0926,5.0166,5.0451,0,0
NTU_PB,D,20180525,000000,5.0451,5.1496,5.0451,5.1496,0,0
NTU_PB,D,20180528,000000,5.1496,5.1876,5.1021,5.1021,0,0
NTU_PB,D,20180529,000000,5.1021,5.1021,5.0546,5.0546,0,0
NTU_PB,D,20180530,000000,5.0546,5.0546,5.0451,5.0451,0,0
NTU_PB,D,20180601,000000,5.0451,5.0451,4.9881,4.9881,0,0
NTU_PB,D,20180604,000000,4.9881,5.1401,4.9691,5.1401,0,0
NTU_PB,D,20180605,000000,5.0831,5.0831,4.9501,4.9976,0,0
NTU_PB,D,20180606,000000,5.0166,5.0261,5.0166,5.0261,0,0
NTU_PB,D,20180607,000000,5.0736,5.1306,5.0736,5.1306,0,0
NTU_PB,D,20180611,000000,5.0926,5.1496,5.0926,5.1211,0,0
NTU_PB,D,20180613,000000,5.0926,5.0926,5.0831,5.0831,0,0
NTU_PB,D,20180614,000000,5.0831,5.0831,5.0831,5.0831,0,0
NTU_PB,D,20180615,000000,5.0831,5.1401,5.0261,5.1401,0,0
NTU_PB,D,20180619,000000,5.0736,5.0736,5.0261,5.0261,0,0
NTU_PB,D,20180626,000000,5.0831,5.1781,5.0831,5.0831,0,0
NTU_PB,D,20180627,000000,5.0831,5.2161,5.0831,5.1971,0,0
NTU_PB,D,20180628,000000,5.1116,5.1971,5.1116,5.1971,0,0
NTU_PB,D,20180629,000000,5.2066,5.2161,5.1971,5.1971,0,0
NTU_PB,D,20180702,000000,5.1971,5.2921,5.1971,5.2826,0,0
NTU_PB,D,20180703,000000,5.2921,5.5201,5.2921,5.4821,0,0
NTU_PB,D,20180704,000000,5.5772,5.5772,5.5677,5.5677,0,0
NTU_PB,D,20180705,000000,5.5677,5.5677,5.3681,5.4156,0,0
NTU_PB,D,20180706,000000,5.3966,5.4156,5.3966,5.4156,0,0
NTU_PB,D,20180709,000000,5.3776,5.4061,5.3776,5.4061,0,0
NTU_PB,D,20180710,000000,5.4061,5.4061,5.2351,5.3871,0,0
NTU_PB,D,20180711,000000,5.3871,5.3871,5.3871,5.3871,0,0
NTU_PB,D,20180712,000000,5.4346,5.6437,5.4346,5.6437,0,0
NTU_PB,D,20180713,000000,5.6532,5.8527,5.6532,5.8527,0,0
NTU_PB,D,20180716,000000,5.7767,5.9952,5.7767,5.9857,0,0
NTU_PB,D,20180717,000000,5.9952,6.0997,5.8242,5.9192,0,0
NTU_PB,D,20180718,000000,6.1377,6.1377,5.8242,5.8717,0,0
NTU_PB,D,20180719,000000,6.0332,6.0332,5.9192,5.9192,0,0
NTU_PB,D,20180720,000000,6.1377,6.1377,6.0807,6.0807,0,0
NTU_PB,D,20180723,000000,6.0807,6.1187,6.0807,6.0997,0,0
NTU_PB,D,20180724,000000,5.8907,6.1092,5.8907,5.9952,0,0
NTU_PB,D,20180725,000000,5.8337,5.8337,5.6722,5.6722,0,0
NTU_PB,D,20180726,000000,5.8717,5.8717,5.6057,5.6342,0,0
NTU_PB,D,20180727,000000,5.7007,5.7007,5.6057,5.6627,0,0
NTU_PB,D,20180730,000000,5.4916,5.7672,5.4916,5.7672,0,0
NTU_PB,D,20180731,000000,5.7672,5.7862,5.7672,5.7862,0,0
NTU_PB,D,20180801,000000,5.7862,5.7862,5.7862,5.7862,0,0
NTU_PB,D,20180802,000000,5.7862,5.7862,5.3396,5.5106,0,0
NTU_PB,D,20180803,000000,5.3586,5.4631,5.3586,5.4631,0,0
NTU_PB,D,20180806,000000,5.4061,5.5201,5.3491,5.5201,0,0
NTU_PB,D,20180807,000000,5.5011,5.5201,5.3871,5.3966,0,0
NTU_PB,D,20180808,000000,5.5296,5.5296,4.437,4.437,0,0
NTU_PB,D,20180809,000000,4.437,4.437,4.3515,4.4275,0,0
NTU_PB,D,20180810,000000,4.4275,4.589,4.418,4.418,0,0
NTU_PB,D,20180813,000000,4.342,4.418,4.3135,4.3135,0,0
NTU_PB,D,20180814,000000,4.437,4.437,4.4275,4.4275,0,0
NTU_PB,D,20180816,000000,4.418,4.418,4.228,4.418,0,0
NTU_PB,D,20180817,000000,4.3895,4.3895,4.2565,4.3135,0,0
NTU_PB,D,20180820,000000,4.38,4.38,4.38,4.38,0,0
NTU_PB,D,20180821,000000,4.38,4.38,4.3135,4.323,0,0
NTU_PB,D,20180822,000000,4.2375,4.304,4.2375,4.2945,0,0
NTU_PB,D,20180823,000000,4.2945,4.3135,4.2945,4.3135,0,0
NTU_PB,D,20180824,000000,4.3135,4.4085,4.2755,4.4085,0,0
NTU_PB,D,20180827,000000,4.399,4.399,4.285,4.2945,0,0
NTU_PB,D,20180828,000000,4.3135,4.3135,3.8955,4.0855,0,0
NTU_PB,D,20180829,000000,4.0855,4.0855,3.9715,4.0475,0,0
NTU_PB,D,20180830,000000,4.0475,4.152,4.0475,4.1425,0,0
NTU_PB,D,20180831,000000,4.057,4.133,4.057,4.057,0,0
NTU_PB,D,20180903,000000,4.057,4.133,4.057,4.133,0,0
NTU_PB,D,20180904,000000,4.133,4.2185,4.133,4.133,0,0
NTU_PB,D,20180906,000000,4.1235,4.209,4.1235,4.1995,0,0
NTU_PB,D,20180907,000000,4.133,4.2185,4.133,4.209,0,0
NTU_PB,D,20180910,000000,4.133,4.38,4.133,4.38,0,0
NTU_PB,D,20180912,000000,4.3705,4.38,4.3705,4.38,0,0
NTU_PB,D,20180913,000000,4.2945,4.323,4.2945,4.323,0,0
NTU_PB,D,20180914,000000,4.323,4.323,4.323,4.323,0,0
NTU_PB,D,20180917,000000,4.3705,4.3705,4.323,4.3325,0,0
NTU_PB,D,20180918,000000,4.342,4.342,4.323,4.342,0,0
NTU_PB,D,20180920,000000,4.323,4.3325,4.323,4.3325,0,0
NTU_PB,D,20180925,000000,4.1615,4.1615,4.057,4.133,0,0
NTU_PB,D,20180926,000000,4.1425,4.171,4.114,4.171,0,0
NTU_PB,D,20180927,000000,4.1615,4.171,4.1615,4.171,0,0
NTU_PB,D,20181001,000000,4.171,4.171,4.114,4.1235,0,0
NTU_PB,D,20181003,000000,4.1235,4.1235,4.1045,4.1045,0,0
NTU_PB,D,20181004,000000,4.1045,4.1045,4.1045,4.1045,0,0
NTU_PB,D,20181008,000000,4.228,4.228,4.0285,4.0285,0,0
NTU_PB,D,20181009,000000,4.019,4.019,3.981,3.981,0,0
NTU_PB,D,20181010,000000,3.943,3.943,3.8955,3.924,0,0
NTU_PB,D,20181011,000000,3.86,3.86,3.77,3.78,0,0
NTU_PB,D,20181012,000000,3.78,4.06,3.78,3.86,0,0
NTU_PB,D,20181015,000000,4.05,4.06,4.05,4.06,0,0
NTU_PB,D,20181018,000000,4.07,4.07,4.07,4.07,0,0
NTU_PB,D,20181022,000000,4.07,4.07,3.93,3.93,0,0
NTU_PB,D,20181024,000000,3.94,3.94,3.93,3.93,0,0
NTU_PB,D,20181025,000000,3.92,3.92,3.8,3.8,0,0
NTU_PB,D,20181029,000000,3.81,3.81,3.79,3.81,0,0
NTU_PB,D,20181102,000000,3.78,3.78,3.77,3.77,0,0
NTU_PB,D,20181105,000000,3.77,3.78,3.77,3.78,0,0
NTU_PB,D,20181107,000000,3.8,3.8,3.32,3.32,0,0
NTU_PB,D,20181108,000000,3.32,3.32,3.29,3.29,0,0
NTU_PB,D,20181109,000000,3.25,3.25,3.21,3.22,0,0
NTU_PB,D,20181114,000000,3.23,3.23,3.23,3.23,0,0
NTU_PB,D,20181116,000000,3.22,3.23,3.22,3.22,0,0
NTU_PB,D,20181119,000000,3.22,3.22,3.13,3.14,0,0
NTU_PB,D,20181120,000000,3.13,3.13,3.11,3.11,0,0
NTU_PB,D,20181121,000000,3.11,3.11,3.11,3.11,0,0
NTU_PB,D,20181122,000000,3.04,3.04,3.02,3.04,0,0
NTU_PB,D,20181128,000000,2.96,3.05,2.96,3.05,0,0
NTU_PB,D,20181129,000000,2.95,2.95,2.82,2.85,0,0
NTU_PB,D,20181203,000000,2.96,3.01,2.96,3.01,0,0
NTU_PB,D,20181204,000000,2.88,3.01,2.86,3.01,0,0
NTU_PB,D,20181206,000000,2.93,2.93,2.92,2.92,0,0
NTU_PB,D,20181217,000000,3,3.14,2.99,2.99,0,0
NTU_PB,D,20181219,000000,2.89,2.9,2.89,2.9,0,0
NTU_PB,D,20181220,000000,2.9,2.9,2.9,2.9,0,0
NTU_PB,D,20181221,000000,2.9,2.9,2.9,2.9,0,0
NTU_PB,D,20181227,000000,2.9,2.9,2.9,2.9,0,0
NTU_PB,D,20190104,000000,3.01,3.01,3.01,3.01,0,0
NTU_PB,D,20190108,000000,3.02,3.03,3.02,3.03,0,0
NTU_PB,D,20190111,000000,3.03,3.03,3.02,3.02,0,0
NTU_PB,D,20190115,000000,3.03,3.03,2.97,2.97,0,0
NTU_PB,D,20190116,000000,2.89,3.03,2.89,3.03,0,0
NTU_PB,D,20190117,000000,3.03,3.03,2.96,2.96,0,0
NTU_PB,D,20190118,000000,3.06,3.06,2.96,2.97,0,0
NTU_PB,D,20190121,000000,3.06,3.06,3.06,3.06,0,0
NTU_PB,D,20190123,000000,3.07,3.07,3.06,3.07,0,0
NTU_PB,D,20190129,000000,3.07,3.07,3.07,3.07,0,0
NTU_PB,D,20190130,000000,3.07,3.07,3.07,3.07,0,0
NTU_PB,D,20190131,000000,3.09,3.09,3.09,3.09,0,0
NTU_PB,D,20190201,000000,3.09,3.09,3.05,3.06,0,0
NTU_PB,D,20190207,000000,3.1,3.1,3.09,3.09,0,0
NTU_PB,D,20190212,000000,2.98,2.98,2.97,2.97,0,0
NTU_PB,D,20190213,000000,2.98,2.98,2.97,2.97,0,0
NTU_PB,D,20190219,000000,2.97,2.97,2.97,2.97,0,0
NTU_PB,D,20190221,000000,4.32,4.32,4.31,4.31,0,0
NTU_PB,D,20190228,000000,4.5,4.52,4.5,4.52,0,0
NTU_PB,D,20190301,000000,4.52,4.53,4.52,4.53,0,0
NTU_PB,D,20190311,000000,4.37,4.37,4.37,4.37,0,0
NTU_PB,D,20190314,000000,4.36,4.38,4.36,4.37,0,0
NTU_PB,D,20190319,000000,4.54,4.54,4.54,4.54,0,0
NTU_PB,D,20190320,000000,4.54,4.55,4.54,4.55,0,0
NTU_PB,D,20190322,000000,4.59,4.59,4.59,4.59,0,0
NTU_PB,D,20190325,000000,4.59,4.75,4.59,4.74,0,0
NTU_PB,D,20190328,000000,4.74,4.92,4.74,4.92,0,0
NTU_PB,D,20190329,000000,4.69,4.84,4.69,4.83,0,0
NTU_PB,D,20190401,000000,4.83,5.06,4.83,5.06,0,0
NTU_PB,D,20190402,000000,5.11,5.11,5.11,5.11,0,0
NTU_PB,D,20190403,000000,5.01,5.01,5.01,5.01,0,0
NTU_PB,D,20190408,000000,4.79,4.94,4.79,4.94,0,0
NTU_PB,D,20190411,000000,4.72,4.72,4.72,4.72,0,0
NTU_PB,D,20190412,000000,4.74,4.75,4.74,4.75,0,0
NTU_PB,D,20190415,000000,4.44,4.57,4.44,4.57,0,0
NTU_PB,D,20190502,000000,4.33,4.43,4.2,4.2,0,0
NTU_PB,D,20190517,000000,4.08,4.19,4.08,4.19,0,0
NTU_PB,D,20190520,000000,4.07,4.07,4.06,4.06,0,0
NTU_PB,D,20190521,000000,4.06,4.06,3.99,4,0,0
NTU_PB,D,20190522,000000,3.97,4,3.97,3.97,0,0
NTU_PB,D,20190524,000000,3.99,3.99,3.99,3.99,0,0
NTU_PB,D,20190529,000000,4.14,4.14,4.14,4.14,0,0
NTU_PB,D,20190530,000000,4,4,3.99,3.99,0,0
NTU_PB,D,20190603,000000,3.96,3.98,3.96,3.98,0,0
NTU_PB,D,20190612,000000,3.84,3.84,3.83,3.83,0,0
NTU_PB,D,20190627,000000,4.01,4.01,4.01,4.01,0,0
NTU_PB,D,20190703,000000,3.86,3.86,3.85,3.85,0,0
NTU_PB,D,20190704,000000,3.85,3.85,3.83,3.83,0,0
NTU_PB,D,20190715,000000,3.81,3.81,3.81,3.81,0,0
NTU_PB,D,20190722,000000,3.81,3.82,3.81,3.82,0,0
NTU_PB,D,20190726,000000,3.75,3.82,3.75,3.75,0,0
NTU_PB,D,20190730,000000,3.76,3.76,3.75,3.75,0,0
NTU_PB,D,20190731,000000,3.44,3.63,3.44,3.47,0,0
NTU_PB,D,20190801,000000,3.33,3.45,3.33,3.44,0,0
NTU_PB,D,20190802,000000,3.31,3.31,3.31,3.31,0,0
NTU_PB,D,20190805,000000,3.31,3.31,3.29,3.29,0,0
NTU_PB,D,20190806,000000,3.32,3.32,3.26,3.26,0,0
NTU_PB,D,20190807,000000,3.19,3.2,3.19,3.2,0,0
NTU_PB,D,20190821,000000,3.24,3.24,3.23,3.23,0,0
NTU_PB,D,20190827,000000,3.23,3.23,3.22,3.22,0,0
NTU_PB,D,20190830,000000,3.15,3.15,3.15,3.15,0,0
NTU_PB,D,20190910,000000,3.09,3.09,3.09,3.09,0,0
NTU_PB,D,20190912,000000,3.09,3.09,3.09,3.09,0,0
NTU_PB,D,20190918,000000,3.12,3.12,3.11,3.11,0,0
NTU_PB,D,20190925,000000,3.14,3.2,3.14,3.2,0,0
NTU_PB,D,20190927,000000,3.19,3.19,3.19,3.19,0,0
NTU_PB,D,20191001,000000,3.14,3.14,3.03,3.04,0,0
NTU_PB,D,20191002,000000,3.13,3.13,3.09,3.09,0,0
NTU_PB,D,20191003,000000,3.22,3.22,3.2,3.2,0,0
NTU_PB,D,20191009,000000,3.25,3.25,3.23,3.25,0,0
NTU_PB,D,20191010,000000,3.25,3.25,3.16,3.17,0,0
NTU_PB,D,20191011,000000,3.14,3.17,3.14,3.17,0,0
NTU_PB,D,20191014,000000,3.19,3.2,3.17,3.2,0,0
NTU_PB,D,20191015,000000,3.22,3.23,3.2,3.23,0,0
NTU_PB,D,20191017,000000,3.24,3.24,3.23,3.23,0,0
NTU_PB,D,20191021,000000,3.24,3.24,3.24,3.24,0,0
NTU_PB,D,20191105,000000,3.01,3.01,2.94,2.95,0,0
NTU_PB,D,20191108,000000,2.96,2.96,2.96,2.96,0,0
NTU_PB,D,20191114,000000,2.95,2.95,2.95,2.95,0,0
NTU_PB,D,20191115,000000,2.95,2.95,2.94,2.94,0,0
NTU_PB,D,20191120,000000,2.95,2.95,2.94,2.94,0,0
NTU_PB,D,20191121,000000,2.94,2.94,2.49,2.62,0,0
NTU_PB,D,20191122,000000,2.49,2.49,2.25,2.25,0,0
NTU_PB,D,20191125,000000,2.23,2.23,1.9,1.9,0,0
NTU_PB,D,20191126,000000,1.9,2.05,1.86,2.05,0,0
NTU_PB,D,20191127,000000,2.05,2.25,2.05,2.25,0,0
NTU_PB,D,20191128,000000,2.36,2.36,2.13,2.13,0,0
NTU_PB,D,20191202,000000,2.16,2.16,2.11,2.11,0,0
NTU_PB,D,20191204,000000,2.27,2.27,2.16,2.16,0,0
NTU_PB,D,20191205,000000,2.27,2.38,2.27,2.38,0,0
NTU_PB,D,20191209,000000,2.38,2.38,2.38,2.38,0,0
NTU_PB,D,20191210,000000,2.38,2.38,2.16,2.16,0,0
NTU_PB,D,20191211,000000,2.09,2.09,2.09,2.09,0,0
NTU_PB,D,20191212,000000,2.16,2.16,2.16,2.16,0,0
NTU_PB,D,20191213,000000,2.12,2.12,2.05,2.05,0,0
NTU_PB,D,20191216,000000,2.05,2.06,2.05,2.06,0,0
NTU_PB,D,20191223,000000,1.95,1.95,1.95,1.95,0,0
NTU_PB,D,20191227,000000,1.85,1.95,1.85,1.95,0,0
NTU_PB,D,20191230,000000,1.91,1.91,1.91,1.91,0,0
NTU_PB,D,20200102,000000,1.87,1.88,1.87,1.88,0,0
NTU_PB,D,20200115,000000,1.98,1.98,1.98,1.98,0,0
NTU_PB,D,20200122,000000,2.07,2.07,2.07,2.07,0,0
NTU_PB,D,20200124,000000,2.17,2.18,2.17,2.18,0,0
NTU_PB,D,20200206,000000,1.98,1.98,1.98,1.98,0,0
NTU_PB,D,20200212,000000,2.18,2.2,1.92,1.92,0,0
NTU_PB,D,20200214,000000,1.92,1.92,1.92,1.92,0,0
NTU_PB,D,20200217,000000,1.82,1.82,1.82,1.82,0,0
NTU_PB,D,20200219,000000,1.82,1.82,1.8,1.8,0,0
NTU_PB,D,20200224,000000,1.8,1.8,1.79,1.79,0,0
NTU_PB,D,20200303,000000,1.41,1.5,1.41,1.5,0,0
NTU_PB,D,20200304,000000,1.5,1.5,1.5,1.5,0,0
NTU_PB,D,20200306,000000,1.5,1.5,1.5,1.5,0,0
NTU_PB,D,20200309,000000,1.27,1.3,1.27,1.27,0,0
NTU_PB,D,20200310,000000,1.3,1.3,1.2,1.2,0,0
NTU_PB,D,20200409,000000,0.8,0.9,0.8,0.9,0,0
NTU_PB,D,20200414,000000,0.91,1.05,0.9,1.05,0,0
NTU_PB,D,20200415,000000,1.05,1.1,1.05,1.1,0,0
NTU_PB,D,20200417,000000,1.08,1.08,1.08,1.08,0,0
NTU_PB,D,20200421,000000,1.07,1.07,1.07,1.07,0,0
NTU_PB,D,20200424,000000,1.07,1.07,1.07,1.07,0,0
NTU_PB,D,20200427,000000,1.09,1.09,1.09,1.09,0,0
NTU_PB,D,20200430,000000,1.45,1.45,1.28,1.36,0,0
NTU_PB,D,20200504,000000,1.45,1.59,1.45,1.54,0,0
NTU_PB,D,20200505,000000,1.5,1.5,1.49,1.49,0,0
NTU_PB,D,20200507,000000,1.13,1.13,1.13,1.13,0,0
NTU_PB,D,20200508,000000,1.15,1.15,1.11,1.11,0,0
NTU_PB,D,20200513,000000,1.21,1.21,1.21,1.21,0,0
NTU_PB,D,20200514,000000,1.16,1.16,1.16,1.16,0,0
NTU_PB,D,20200520,000000,1.27,1.27,1.27,1.27,0,0
NTU_PB,D,20200521,000000,1.27,1.27,1.27,1.27,0,0
NTU_PB,D,20200525,000000,1.27,1.33,1.27,1.33,0,0
NTU_PB,D,20200526,000000,1.38,1.45,1.37,1.37,0,0
NTU_PB,D,20200527,000000,1.27,1.4,1.27,1.4,0,0
NTU_PB,D,20200528,000000,1.48,1.48,1.29,1.34,0,0
NTU_PB,D,20200529,000000,1.28,1.28,1.28,1.28,0,0
NTU_PB,D,20200601,000000,1.5,1.5,1.28,1.29,0,0
NTU_PB,D,20200602,000000,1.29,1.29,1.05,1.14,0,0
NTU_PB,D,20200603,000000,1.2,1.27,1.2,1.26,0,0
NTU_PB,D,20200604,000000,1.27,1.34,1.27,1.3,0,0
NTU_PB,D,20200605,000000,1.28,1.37,1.28,1.32,0,0
NTU_PB,D,20200608,000000,1.39,1.45,1.28,1.39,0,0
NTU_PB,D,20200609,000000,1.39,1.39,1.26,1.32,0,0
NTU_PB,D,20200610,000000,1.31,1.31,1.24,1.3,0,0
NTU_PB,D,20200612,000000,1.22,1.28,1.19,1.21,0,0
NTU_PB,D,20200615,000000,1.3,1.3,1.21,1.21,0,0
NTU_PB,D,20200616,000000,1.17,1.18,1.17,1.18,0,0
NTU_PB,D,20200617,000000,1.27,1.27,1.18,1.18,0,0
NTU_PB,D,20200618,000000,1.18,1.25,1.18,1.25,0,0
NTU_PB,D,20200619,000000,1.24,1.28,1.22,1.22,0,0
NTU_PB,D,20200622,000000,1.3,1.3,1.23,1.23,0,0
NTU_PB,D,20200623,000000,1.23,1.24,1.17,1.24,0,0
NTU_PB,D,20200624,000000,1.22,1.22,1.18,1.19,0,0
NTU_PB,D,20200625,000000,1.17,1.17,1.16,1.16,0,0
NTU_PB,D,20200626,000000,1.16,1.16,1.13,1.13,0,0
NTU_PB,D,20200630,000000,1.14,1.14,1.14,1.14,0,0
NTU_PB,D,20200701,000000,1.13,1.14,1.13,1.14,0,0
NTU_PB,D,20200702,000000,1.14,1.14,1.13,1.13,0,0
NTU_PB,D,20200703,000000,1.16,1.26,1.16,1.25,0,0
NTU_PB,D,20200708,000000,1.15,1.15,1.11,1.11,0,0
NTU_PB,D,20200709,000000,1.13,1.17,1.13,1.17,0,0
NTU_PB,D,20200710,000000,1.12,1.15,1.11,1.12,0,0
NTU_PB,D,20200713,000000,1.17,1.17,1.11,1.11,0,0
NTU_PB,D,20200714,000000,1.13,1.13,1.12,1.12,0,0
NTU_PB,D,20200715,000000,1.11,1.11,1.03,1.04,0,0
NTU_PB,D,20200716,000000,1.07,1.07,1.06,1.06,0,0
NTU_PB,D,20200717,000000,1.06,1.07,1.06,1.07,0,0
NTU_PB,D,20200720,000000,1.07,1.07,1.07,1.07,0,0
NTU_PB,D,20200721,000000,1.05,1.05,0.98,1,0,0
NTU_PB,D,20200722,000000,1.05,1.08,0.99,0.99,0,0
NTU_PB,D,20200723,000000,1.08,1.13,1.08,1.12,0,0
NTU_PB,D,20200727,000000,1.11,1.11,1.11,1.11,0,0
NTU_PB,D,20200728,000000,1.11,1.12,1.11,1.12,0,0
NTU_PB,D,20200730,000000,1,1,0.92,0.92,0,0
NTU_PB,D,20200731,000000,0.92,0.92,0.92,0.92,0,0
NTU_PB,D,20200803,000000,0.92,0.92,0.92,0.92,0,0
NTU_PB,D,20200804,000000,0.92,0.92,0.86,0.87,0,0
NTU_PB,D,20200807,000000,0.85,0.89,0.85,0.89,0,0
NTU_PB,D,20200811,000000,0.86,0.86,0.85,0.85,0,0
NTU_PB,D,20200813,000000,0.84,0.84,0.84,0.84,0,0
NTU_PB,D,20200814,000000,0.85,0.85,0.84,0.84,0,0
NTU_PB,D,20200817,000000,0.84,0.85,0.84,0.85,0,0
NTU_PB,D,20200818,000000,0.84,0.85,0.84,0.84,0,0
NTU_PB,D,20200819,000000,0.85,0.85,0.85,0.85,0,0
NTU_PB,D,20200820,000000,0.92,0.92,0.92,0.92,0,0
NTU_PB,D,20200821,000000,0.92,0.92,0.84,0.85,0,0
NTU_PB,D,20200824,000000,0.84,0.84,0.84,0.84,0,0
NTU_PB,D,20200826,000000,0.84,0.84,0.84,0.84,0,0
NTU_PB,D,20200827,000000,0.86,0.94,0.86,0.94,0,0
NTU_PB,D,20200828,000000,0.96,0.97,0.96,0.97,0,0
NTU_PB,D,20200831,000000,0.86,0.89,0.86,0.89,0,0
NTU_PB,D,20200901,000000,0.91,0.92,0.91,0.92,0,0
NTU_PB,D,20200902,000000,0.97,0.97,0.97,0.97,0,0
NTU_PB,D,20200903,000000,1.02,1.02,0.99,0.99,0,0
NTU_PB,D,20200904,000000,0.96,0.96,0.96,0.96,0,0
NTU_PB,D,20200908,000000,0.96,0.96,0.96,0.96,0,0
NTU_PB,D,20200914,000000,0.96,0.96,0.96,0.96,0,0
NTU_PB,D,20200915,000000,0.96,0.96,0.96,0.96,0,0
NTU_PB,D,20200916,000000,0.88,0.88,0.88,0.88,0,0
NTU_PB,D,20200918,000000,0.96,0.96,0.96,0.96,0,0
NTU_PB,D,20200924,000000,0.89,0.89,0.88,0.88,0,0
NTU_PB,D,20200928,000000,0.8,0.8,0.8,0.8,0,0
NTU_PB,D,20200929,000000,0.79,0.81,0.78,0.78,0,0
NTU_PB,D,20200930,000000,0.8,0.89,0.78,0.89,0,0
NTU_PB,D,20201001,000000,0.89,0.89,0.89,0.89,0,0
NTU_PB,D,20201005,000000,0.98,0.98,0.98,0.98,0,0
NTU_PB,D,20201006,000000,0.89,0.89,0.81,0.89,0,0
NTU_PB,D,20201007,000000,0.83,0.91,0.81,0.91,0,0
NTU_PB,D,20201013,000000,0.81,0.81,0.81,0.81,0,0
NTU_PB,D,20201014,000000,0.85,0.85,0.84,0.84,0,0
NTU_PB,D,20201015,000000,0.84,0.89,0.84,0.88,0,0
NTU_PB,D,20201016,000000,0.88,0.88,0.88,0.88,0,0
NTU_PB,D,20201021,000000,0.79,0.79,0.79,0.79,0,0
NTU_PB,D,20201022,000000,0.79,0.79,0.79,0.79,0,0
NTU_PB,D,20201023,000000,0.79,0.79,0.79,0.79,0,0
NTU_PB,D,20201029,000000,0.76,0.81,0.76,0.81,0,0
NTU_PB,D,20201030,000000,0.76,0.79,0.76,0.79,0,0
NTU_PB,D,20201104,000000,0.86,0.94,0.86,0.94,0,0
NTU_PB,D,20201109,000000,0.94,1,0.94,0.99,0,0
NTU_PB,D,20201110,000000,1.04,1.16,1.04,1.1,0,0
NTU_PB,D,20201112,000000,1.1,1.1,1.02,1.07,0,0
NTU_PB,D,20201113,000000,1.1,1.1,1.04,1.1,0,0
NTU_PB,D,20201117,000000,1.11,1.12,1.11,1.11,0,0
NTU_PB,D,20201118,000000,1.15,1.15,1.11,1.15,0,0
NTU_PB,D,20201119,000000,1.15,1.24,1.13,1.23,0,0
NTU_PB,D,20201123,000000,1.21,1.21,1.21,1.21,0,0
NTU_PB,D,20201124,000000,1.21,1.21,1.1,1.1,0,0
NTU_PB,D,20201125,000000,1.18,1.18,1.1,1.11,0,0
NTU_PB,D,20201126,000000,1.21,1.21,1.13,1.2,0,0
NTU_PB,D,20201127,000000,1.2,1.2,1.19,1.19,0,0
NTU_PB,D,20201130,000000,1.22,1.25,1.19,1.23,0,0
NTU_PB,D,20201202,000000,1.13,1.22,1.13,1.22,0,0
NTU_PB,D,20201203,000000,1.22,1.27,1.21,1.26,0,0
NTU_PB,D,20201204,000000,1.26,1.38,1.26,1.38,0,0
NTU_PB,D,20201207,000000,1.36,1.55,1.36,1.55,0,0
NTU_PB,D,20201208,000000,1.55,1.68,1.54,1.68,0,0
NTU_PB,D,20201209,000000,1.68,1.69,1.46,1.56,0,0
NTU_PB,D,20201210,000000,1.41,1.64,1.39,1.64,0,0
NTU_PB,D,20201211,000000,1.64,1.64,1.4,1.41,0,0
NTU_PB,D,20201214,000000,1.41,1.41,1.34,1.41,0,0
NTU_PB,D,20201215,000000,1.54,1.54,1.42,1.42,0,0
NTU_PB,D,20201216,000000,1.41,1.41,1.41,1.41,0,0
NTU_PB,D,20201217,000000,1.28,1.4,1.28,1.4,0,0
NTU_PB,D,20201218,000000,1.47,1.47,1.31,1.45,0,0
NTU_PB,D,20201221,000000,1.34,1.34,1.32,1.32,0,0
NTU_PB,D,20201222,000000,1.44,1.45,1.44,1.45,0,0
NTU_PB,D,20201228,000000,1.45,1.45,1.45,1.45,0,0
NTU_PB,D,20201230,000000,1.39,1.39,1.38,1.38,0,0
NTU_PB,D,20210104,000000,1.38,1.38,1.38,1.38,0,0
NTU_PB,D,20210105,000000,1.39,1.39,1.33,1.33,0,0
NTU_PB,D,20210108,000000,1.35,1.39,1.34,1.34,0,0
NTU_PB,D,20210112,000000,1.32,1.32,1.32,1.32,0,0
NTU_PB,D,20210118,000000,1.33,1.33,1.33,1.33,0,0
NTU_PB,D,20210119,000000,1.44,1.55,1.44,1.55,0,0
NTU_PB,D,20210120,000000,1.55,1.55,1.55,1.55,0,0
NTU_PB,D,20210121,000000,1.56,1.56,1.45,1.45,0,0
NTU_PB,D,20210122,000000,1.47,1.59,1.45,1.5,0,0
NTU_PB,D,20210125,000000,1.5,1.5,1.47,1.47,0,0
NTU_PB,D,20210126,000000,1.47,1.47,1.47,1.47,0,0
NTU_PB,D,20210201,000000,1.45,1.46,1.45,1.46,0,0
NTU_PB,D,20210202,000000,1.46,1.52,1.46,1.52,0,0
NTU_PB,D,20210204,000000,1.41,1.52,1.41,1.51,0,0
NTU_PB,D,20210205,000000,1.46,1.46,1.46,1.46,0,0
NTU_PB,D,20210208,000000,1.35,1.42,1.35,1.42,0,0
NTU_PB,D,20210209,000000,1.42,1.51,1.42,1.5,0,0
NTU_PB,D,20210210,000000,1.5,1.56,1.47,1.56,0,0
NTU_PB,D,20210211,000000,1.54,1.55,1.54,1.54,0,0
NTU_PB,D,20210212,000000,1.56,1.56,1.56,1.56,0,0
NTU_PB,D,20210215,000000,1.56,1.57,1.56,1.57,0,0
NTU_PB,D,20210216,000000,1.57,1.68,1.57,1.68,0,0
NTU_PB,D,20210217,000000,1.68,1.8,1.68,1.77,0,0
NTU_PB,D,20210218,000000,1.59,1.75,1.59,1.75,0,0
NTU_PB,D,20210224,000000,1.73,1.73,1.56,1.61,0,0
NTU_PB,D,20210225,000000,1.57,1.73,1.57,1.73,0,0
NTU_PB,D,20210302,000000,1.71,1.71,1.71,1.71,0,0
NTU_PB,D,20210305,000000,1.77,1.77,1.71,1.76,0,0
NTU_PB,D,20210308,000000,1.71,1.76,1.71,1.73,0,0
NTU_PB,D,20210309,000000,1.73,1.74,1.73,1.74,0,0
NTU_PB,D,20210310,000000,1.85,1.85,1.76,1.78,0,0
NTU_PB,D,20210311,000000,1.76,1.78,1.76,1.76,0,0
NTU_PB,D,20210312,000000,1.76,1.84,1.76,1.84,0,0
NTU_PB,D,20210315,000000,1.85,1.89,1.85,1.89,0,0
NTU_PB,D,20210316,000000,1.98,1.99,1.89,1.98,0,0
NTU_PB,D,20210317,000000,1.94,1.99,1.89,1.89,0,0
NTU_PB,D,20210318,000000,1.83,1.93,1.83,1.92,0,0
NTU_PB,D,20210322,000000,1.92,1.92,1.92,1.92,0,0
NTU_PB,D,20210323,000000,1.76,1.76,1.76,1.76,0,0
NTU_PB,D,20210324,000000,1.79,1.93,1.79,1.92,0,0
NTU_PB,D,20210325,000000,1.78,1.92,1.78,1.89,0,0
NTU_PB,D,20210401,000000,1.87,2,1.87,2,0,0
NTU_PB,D,20210406,000000,2.01,2.1,1.86,2.1,0,0
NTU_PB,D,20210407,000000,2.21,2.21,2,2.2,0,0
NTU_PB,D,20210408,000000,2.23,2.34,2.21,2.34,0,0
NTU_PB,D,20210409,000000,2.34,2.55,2.23,2.51,0,0
NTU_PB,D,20210412,000000,2.51,2.67,2.3,2.46,0,0
NTU_PB,D,20210413,000000,2.67,2.67,2.55,2.55,0,0
NTU_PB,D,20210414,000000,2.3,2.33,2.3,2.33,0,0
NTU_PB,D,20210415,000000,2.36,2.36,2.3,2.3,0,0
NTU_PB,D,20210420,000000,2.53,2.53,2.53,2.53,0,0
NTU_PB,D,20210422,000000,2.5,2.5,2.5,2.5,0,0
NTU_PB,D,20210427,000000,2.5,2.5,2.5,2.5,0,0
NTU_PB,D,20210429,000000,2.49,2.5,2.46,2.5,0,0
NTU_PB,D,20210430,000000,2.52,2.53,2.52,2.53,0,0
NTU_PB,D,20210504,000000,2.53,2.54,2.53,2.54,0,0
NTU_PB,D,20210505,000000,2.54,2.56,2.39,2.55,0,0
NTU_PB,D,20210507,000000,2.54,2.55,2.54,2.55,0,0
NTU_PB,D,20210512,000000,2.3,2.3,2.28,2.29,0,0
NTU_PB,D,20210513,000000,2.29,2.39,2.29,2.39,0,0
NTU_PB,D,20210514,000000,2.42,2.43,2.42,2.43,0,0
NTU_PB,D,20210517,000000,2.24,2.48,2.24,2.48,0,0
NTU_PB,D,20210518,000000,2.4,2.53,2.4,2.48,0,0
NTU_PB,D,20210519,000000,2.29,2.29,2.28,2.28,0,0
NTU_PB,D,20210520,000000,2.5,2.51,2.5,2.51,0,0
NTU_PB,D,20210521,000000,2.58,2.58,2.56,2.57,0,0
NTU_PB,D,20210524,000000,2.59,2.6,2.59,2.6,0,0
NTU_PB,D,20210526,000000,2.6,2.6,2.6,2.6,0,0
NTU_PB,D,20210527,000000,2.6,2.6,2.59,2.59,0,0
NTU_PB,D,20210528,000000,2.47,2.6,2.47,2.6,0,0
NTU_PB,D,20210531,000000,2.48,2.67,2.48,2.67,0,0
NTU_PB,D,20210601,000000,2.67,2.78,2.67,2.78,0,0
NTU_PB,D,20210602,000000,2.56,2.56,2.56,2.56,0,0
NTU_PB,D,20210604,000000,2.73,2.76,2.73,2.75,0,0
NTU_PB,D,20210607,000000,2.78,2.81,2.78,2.81,0,0
NTU_PB,D,20210608,000000,2.76,2.76,2.76,2.76,0,0
NTU_PB,D,20210609,000000,3.03,3.03,2.93,2.93,0,0
NTU_PB,D,20210610,000000,2.98,2.98,2.8,2.8,0,0
NTU_PB,D,20210611,000000,2.97,2.97,2.97,2.97,0,0
NTU_PB,D,20210614,000000,3.02,3.04,3,3.02,0,0
NTU_PB,D,20210615,000000,3.02,3.02,3.01,3.01,0,0
NTU_PB,D,20210616,000000,2.57,2.81,2.55,2.55,0,0
NTU_PB,D,20210617,000000,2.6,2.98,2.55,2.98,0,0
NTU_PB,D,20210618,000000,2.98,2.98,2.97,2.97,0,0
NTU_PB,D,20210621,000000,2.8,2.8,2.8,2.8,0,0
NTU_PB,D,20210622,000000,2.73,2.74,2.73,2.74,0,0
NTU_PB,D,20210623,000000,2.64,2.82,2.55,2.82,0,0
NTU_PB,D,20210628,000000,2.75,2.75,2.75,2.75,0,0
NTU_PB,D,20210629,000000,2.75,2.75,2.53,2.53,0,0
NTU_PB,D,20210630,000000,2.53,2.53,2.43,2.43,0,0
NTU_PB,D,20210701,000000,2.43,2.43,2.43,2.43,0,0
NTU_PB,D,20210702,000000,2.29,2.31,2.29,2.31,0,0
NTU_PB,D,20210705,000000,2.29,2.35,2.29,2.3,0,0
NTU_PB,D,20210712,000000,2.11,2.26,2.11,2.26,0,0
NTU_PB,D,20210713,000000,2.27,2.27,2.08,2.14,0,0
NTU_PB,D,20210714,000000,2.09,2.15,2.08,2.08,0,0
NTU_PB,D,20210721,000000,1.87,2.01,1.87,2.01,0,0
NTU_PB,D,20210722,000000,2.04,2.05,2.04,2.05,0,0
NTU_PB,D,20210726,000000,1.89,1.89,1.89,1.89,0,0
NTU_PB,D,20210727,000000,1.88,1.89,1.86,1.86,0,0
NTU_PB,D,20210728,000000,1.86,1.87,1.86,1.86,0,0
NTU_PB,D,20210729,000000,1.87,2,1.86,2,0,0
NTU_PB,D,20210802,000000,1.77,1.77,1.77,1.77,0,0
NTU_PB,D,20210803,000000,1.77,1.77,1.77,1.77,0,0
NTU_PB,D,20210810,000000,2.09,2.09,2.09,2.09,0,0
NTU_PB,D,20210816,000000,2.08,2.12,2.08,2.12,0,0
NTU_PB,D,20210819,000000,2.11,2.11,2.1,2.1,0,0
NTU_PB,D,20210823,000000,1.84,1.89,1.84,1.89,0,0
NTU_PB,D,20210824,000000,2.07,2.07,2.07,2.07,0,0
NTU_PB,D,20210831,000000,1.9,2.08,1.89,1.9,0,0
NTU_PB,D,20210901,000000,1.86,1.98,1.86,1.98,0,0
NTU_PB,D,20210902,000000,1.88,1.88,1.88,1.88,0,0
NTU_PB,D,20210903,000000,2.04,2.04,1.98,1.98,0,0
NTU_PB,D,20210909,000000,1.88,2.04,1.88,2.03,0,0
NTU_PB,D,20210910,000000,1.87,2.1,1.87,2.09,0,0
NTU_PB,D,20210915,000000,2.05,2.05,1.91,1.92,0,0
NTU_PB,D,20210916,000000,2.05,2.05,1.99,1.99,0,0
NTU_PB,D,20210917,000000,1.91,2.01,1.91,2.01,0,0
NTU_PB,D,20210921,000000,1.99,2,1.99,1.99,0,0
NTU_PB,D,20210928,000000,1.9,1.9,1.89,1.89,0,0
NTU_PB,D,20211005,000000,1.83,1.83,1.63,1.63,0,0
NTU_PB,D,20211007,000000,1.64,1.66,1.64,1.66,0,0
NTU_PB,D,20211008,000000,1.66,1.66,1.65,1.65,0,0
NTU_PB,D,20211011,000000,1.78,1.78,1.77,1.77,0,0
NTU_PB,D,20211012,000000,1.76,1.91,1.76,1.91,0,0
NTU_PB,D,20211013,000000,1.82,2.09,1.82,2.04,0,0
NTU_PB,D,20211014,000000,2.11,2.11,2.04,2.11,0,0
NTU_PB,D,20211018,000000,2.01,2.01,2.01,2.01,0,0
NTU_PB,D,20211021,000000,2.07,2.07,2.01,2.07,0,0
NTU_PB,D,20211027,000000,2.06,2.08,2.06,2.08,0,0
NTU_PB,D,20211104,000000,1.88,1.88,1.88,1.88,0,0
NTU_PB,D,20211105,000000,1.88,1.88,1.7,1.75,0,0
NTU_PB,D,20211108,000000,1.87,1.88,1.75,1.88,0,0
NTU_PB,D,20211116,000000,1.73,1.73,1.72,1.72,0,0
NTU_PB,D,20211117,000000,1.77,1.91,1.77,1.91,0,0
NTU_PB,D,20211118,000000,2.09,2.09,1.91,2.09,0,0
NTU_PB,D,20211119,000000,2.16,2.16,2.15,2.15,0,0
NTU_PB,D,20211122,000000,1.97,2.13,1.97,2.11,0,0
NTU_PB,D,20211124,000000,2.09,2.09,1.95,1.96,0,0
NTU_PB,D,20211126,000000,1.98,1.98,1.96,1.96,0,0
NTU_PB,D,20211129,000000,1.88,1.88,1.88,1.88,0,0
NTU_PB,D,20211130,000000,2.07,2.07,2.07,2.07,0,0
NTU_PB,D,20211228,000000,1.71,1.72,1.71,1.72,0,0
NTU_PB,D,20211230,000000,2.02,2.03,2.02,2.03,0,0
NTU_PB,D,20220103,000000,2.03,2.03,2.03,2.03,0,0
NTU_PB,D,20220104,000000,2.03,2.03,2.03,2.03,0,0
NTU_PB,D,20220114,000000,2.06,2.07,2.06,2.06,0,0
NTU_PB,D,20220117,000000,2.1,2.1,2.1,2.1,0,0
NTU_PB,D,20220124,000000,2.05,2.09,2.05,2.09,0,0
NTU_PB,D,20220201,000000,2.04,2.06,1.75,1.75,0,0
NTU_PB,D,20220202,000000,2.06,2.08,2.06,2.08,0,0
NTU_PB,D,20220208,000000,2.04,2.04,2.03,2.03,0,0
NTU_PB,D,20220214,000000,1.78,1.9,1.72,1.88,0,0
NTU_PB,D,20220221,000000,1.74,1.74,1.74,1.74,0,0
NTU_PB,D,20220224,000000,1.72,1.72,1.63,1.63,0,0
NTU_PB,D,20220303,000000,1.56,1.56,1.56,1.56,0,0
NTU_PB,D,20220304,000000,1.4,1.41,1.4,1.4,0,0
NTU_PB,D,20220307,000000,1.38,1.39,1.35,1.35,0,0
NTU_PB,D,20220308,000000,1.35,1.36,1.34,1.36,0,0
NTU_PB,D,20220309,000000,1.23,1.51,1.23,1.51,0,0
NTU_PB,D,20220317,000000,1.55,1.56,1.55,1.56,0,0
NTU_PB,D,20220318,000000,1.56,1.58,1.56,1.57,0,0
NTU_PB,D,20220321,000000,1.72,1.8,1.72,1.8,0,0
NTU_PB,D,20220322,000000,1.78,1.87,1.78,1.87,0,0
NTU_PB,D,20220330,000000,1.86,2.02,1.86,2.02,0,0
NTU_PB,D,20220401,000000,1.96,2.05,1.96,2.05,0,0
NTU_PB,D,20220428,000000,1.5,1.51,1.5,1.51,0,0
NTU_PB,D,20220429,000000,1.66,1.84,1.51,1.84,0,0
NTU_PB,D,20220502,000000,1.84,1.84,1.83,1.83,0,0
NTU_PB,D,20220505,000000,1.53,1.69,1.53,1.69,0,0
NTU_PB,D,20220510,000000,1.52,1.69,1.52,1.69,0,0
NTU_PB,D,20220511,000000,1.69,1.78,1.69,1.78,0,0
NTU_PB,D,20220513,000000,1.83,2,1.83,2,0,0
NTU_PB,D,20220523,000000,2.08,2.09,2.08,2.09,0,0
NTU_PB,D,20220601,000000,2.32,2.32,2.11,2.31,0,0
NTU_PB,D,20220602,000000,2.2,2.21,2.2,2.21,0,0
NTU_PB,D,20220617,000000,2.06,2.06,2.05,2.05,0,0
NTU_PB,D,20220629,000000,1.71,1.72,1.71,1.72,0,0
NTU_PB,D,20220630,000000,1.7,1.7,1.7,1.7,0,0
NTU_PB,D,20220704,000000,1.56,1.56,1.53,1.54,0,0
NTU_PB,D,20220705,000000,1.48,1.48,1.47,1.47,0,0
NTU_PB,D,20220713,000000,1.33,1.33,1.33,1.33,0,0
NTU_PB,D,20220715,000000,1.35,1.36,1.35,1.36,0,0
NTU_PB,D,20220722,000000,1.51,1.51,1.51,1.51,0,0
NTU_PB,D,20220727,000000,1.67,1.69,1.67,1.67,0,0
NTU_PB,D,20220803,000000,1.39,1.69,1.39,1.39,0,0
NTU_PB,D,20220804,000000,1.53,1.53,1.52,1.52,0,0
NTU_PB,D,20220824,000000,1.79,1.79,1.79,1.79,0,0
NTU_PB,D,20221006,000000,1.74,1.74,1.7,1.7,0,0
NTU_PB,D,20221103,000000,1.58,1.73,1.58,1.73,0,0
NTU_PB,D,20221107,000000,1.82,1.82,1.82,1.82,0,0
NTU_PB,D,20221109,000000,1.82,1.82,1.81,1.81,0,0
NTU_PB,D,20221116,000000,1.63,1.82,1.63,1.82,0,0
NTU_PB,D,20221125,000000,1.64,1.64,1.64,1.64,0,0
NTU_PB,D,20221129,000000,1.64,1.64,1.64,1.64,0,0
NTU_PB,D,20221206,000000,1.57,1.57,1.57,1.57,0,0
NTU_PB,D,20221219,000000,1.53,1.54,1.53,1.54,0,0
NTU_PB,D,20221228,000000,1.3,1.43,1.29,1.29,0,0
NTU_PB,D,20221229,000000,1.41,1.5,1.29,1.5,0,0
NTU_PB,D,20221230,000000,1.49,1.49,1.49,1.49,0,0
NTU_PB,D,20230102,000000,1.52,1.52,1.49,1.52,0,0
NTU_PB,D,20230103,000000,1.58,1.58,1.58,1.58,0,0
NTU_PB,D,20230104,000000,1.58,1.58,1.58,1.58,0,0
NTU_PB,D,20230116,000000,1.57,1.57,1.57,1.57,0,0
NTU_PB,D,20230120,000000,1.57,1.57,1.57,1.57,0,0
NTU_PB,D,20230123,000000,1.72,1.72,1.72,1.72,0,0
NTU_PB,D,20230124,000000,1.72,1.86,1.72,1.86,0,0
NTU_PB,D,20230125,000000,1.94,1.94,1.86,1.94,0,0
NTU_PB,D,20230126,000000,1.94,1.94,1.94,1.94,0,0
NTU_PB,D,20230206,000000,1.51,1.95,1.51,1.94,0,0
NTU_PB,D,20230208,000000,1.73,1.91,1.73,1.91,0,0
NTU_PB,D,20230214,000000,1.8,1.92,1.8,1.92,0,0
NTU_PB,D,20230215,000000,1.92,1.94,1.92,1.93,0,0
NTU_PB,D,20230223,000000,1.76,1.96,1.76,1.96,0,0
NTU_PB,D,20230307,000000,1.97,1.98,1.97,1.98,0,0
NTU_PB,D,20230313,000000,1.63,1.96,1.63,1.96,0,0
NTU_PB,D,20230403,000000,1.88,1.88,1.88,1.88,0,0
NTU_PB,D,20230411,000000,1.64,1.8,1.64,1.79,0,0
NTU_PB,D,20230412,000000,1.64,1.65,1.64,1.65,0,0
NTU_PB,D,20230413,000000,1.74,1.75,1.74,1.75,0,0
NTU_PB,D,20230418,000000,1.66,1.75,1.65,1.65,0,0
NTU_PB,D,20230419,000000,1.73,1.73,1.73,1.73,0,0
NTU_PB,D,20230505,000000,1.75,1.75,1.75,1.75,0,0
NTU_PB,D,20230515,000000,1.76,1.77,1.76,1.77,0,0
NTU_PB,D,20230517,000000,1.8,1.92,1.8,1.91,0,0
NTU_PB,D,20230522,000000,1.89,1.89,1.88,1.89,0,0
NTU_PB,D,20230530,000000,1.91,2.05,1.77,1.77,0,0
NTU_PB,D,20230605,000000,1.79,2,1.79,2,0,0
NTU_PB,D,20230609,000000,2,2.16,2,2.16,0,0
NTU_PB,D,20230612,000000,2.21,2.24,2.21,2.24,0,0
NTU_PB,D,20230613,000000,2.24,2.24,2.21,2.21,0,0
NTU_PB,D,20230614,000000,2.44,2.53,2.44,2.51,0,0
NTU_PB,D,20230615,000000,2.49,2.51,2.49,2.51,0,0
NTU_PB,D,20230616,000000,2.11,2.12,2.11,2.12,0,0
NTU_PB,D,20230619,000000,2.13,2.17,2.04,2.17,0,0
NTU_PB,D,20230621,000000,2.02,2.16,1.85,2.16,0,0
NTU_PB,D,20230626,000000,2.07,2.07,1.86,1.86,0,0
NTU_PB,D,20230627,000000,1.99,1.99,1.95,1.95,0,0
NTU_PB,D,20230628,000000,1.86,1.86,1.79,1.79,0,0
NTU_PB,D,20230629,000000,1.79,1.91,1.79,1.91,0,0
NTU_PB,D,20230630,000000,1.91,2.02,1.91,2.02,0,0
NTU_PB,D,20230703,000000,1.81,1.81,1.8,1.81,0,0
NTU_PB,D,20230705,000000,1.83,1.83,1.83,1.83,0,0
NTU_PB,D,20230706,000000,1.83,1.83,1.81,1.81,0,0
NTU_PB,D,20230714,000000,1.8,1.98,1.8,1.97,0,0
NTU_PB,D,20230717,000000,1.86,1.86,1.82,1.82,0,0
NTU_PB,D,20230718,000000,1.84,1.84,1.84,1.84,0,0
NTU_PB,D,20230719,000000,1.84,1.84,1.84,1.84,0,0
NTU_PB,D,20230720,000000,1.84,1.93,1.84,1.93,0,0
NTU_PB,D,20230726,000000,1.91,1.98,1.91,1.98,0,0
NTU_PB,D,20230727,000000,2.09,2.09,1.83,1.94,0,0
NTU_PB,D,20230802,000000,1.93,1.93,1.92,1.92,0,0
NTU_PB,D,20230803,000000,1.8,1.93,1.79,1.79,0,0
NTU_PB,D,20230807,000000,1.86,1.909,1.86,1.909,0,0
NTU_PB,D,20230808,000000,1.909,1.909,1.809,1.809,0,0
NTU_PB,D,20230810,000000,1.853,1.853,1.851,1.851,0,0
NTU_PB,D,20230811,000000,1.92,1.924,1.92,1.924,0,0
NTU_PB,D,20230814,000000,1.924,1.948,1.924,1.948,0,0
NTU_PB,D,20230824,000000,1.907,1.911,1.907,1.911,0,0
NTU_PB,D,20230829,000000,1.79,1.954,1.699,1.699,0,0
NTU_PB,D,20230830,000000,1.699,1.699,1.698,1.698,0,0
NTU_PB,D,20230901,000000,1.7,1.7,1.674,1.674,0,0
NTU_PB,D,20230904,000000,1.674,1.697,1.674,1.697,0,0
NTU_PB,D,20230905,000000,1.605,1.72,1.605,1.719,0,0
NTU_PB,D,20230912,000000,1.679,1.679,1.657,1.657,0,0
NTU_PB,D,20230913,000000,1.657,1.672,1.657,1.672,0,0
NTU_PB,D,20230921,000000,1.685,1.697,1.685,1.697,0,0
NTU_PB,D,20230925,000000,1.671,1.677,1.671,1.677,0,0
NTU_PB,D,20230926,000000,1.53,1.53,1.524,1.524,0,0
NTU_PB,D,20230927,000000,1.524,1.524,1.524,1.524,0,0
NTU_PB,D,20230929,000000,1.635,1.635,1.634,1.634,0,0
NTU_PB,D,20231003,000000,1.643,1.643,1.641,1.641,0,0
NTU_PB,D,20231018,000000,1.484,1.484,1.481,1.481,0,0
NTU_PB,D,20231019,000000,1.615,1.753,1.615,1.752,0,0
NTU_PB,D,20231020,000000,1.752,1.752,1.746,1.746,0,0
NTU_PB,D,20231107,000000,1.578,1.735,1.578,1.591,0,0
NTU_PB,D,20231108,000000,1.605,1.738,1.605,1.736,0,0
NTU_PB,D,20231113,000000,1.745,1.75,1.745,1.745,0,0
NTU_PB,D,20231121,000000,1.631,1.764,1.631,1.764,0,0
NTU_PB,D,20231123,000000,1.753,1.758,1.753,1.758,0,0
NTU_PB,D,20231128,000000,1.645,1.645,1.645,1.645,0,0
NTU_PB,D,20231129,000000,1.641,1.641,1.53,1.53,0,0
NTU_PB,D,20231130,000000,1.516,1.516,1.511,1.511,0,0
NTU_PB,D,20231204,000000,1.502,1.507,1.502,1.507,0,0
NTU_PB,D,20231205,000000,1.433,1.436,1.433,1.436,0,0
NTU_PB,D,20231208,000000,1.444,1.444,1.431,1.434,0,0
NTU_PB,D,20231212,000000,1.432,1.432,1.422,1.422,0,0
NTU_PB,D,20231213,000000,1.422,1.422,1.409,1.412,0,0
NTU_PB,D,20231215,000000,1.415,1.415,1.334,1.334,0,0
NTU_PB,D,20231218,000000,1.414,1.414,1.408,1.408,0,0
NTU_PB,D,20231220,000000,1.292,1.292,1.292,1.292,0,0
NTU_PB,D,20231221,000000,1.292,1.406,1.287,1.317,0,0
NTU_PB,D,20231222,000000,1.317,1.32,1.317,1.32,0,0
NTU_PB,D,20231227,000000,1.32,1.329,1.32,1.328,0,0
NTU_PB,D,20231228,000000,1.447,1.447,1.444,1.444,0,0
NTU_PB,D,20240102,000000,1.441,1.443,1.441,1.443,0,0
NTU_PB,D,20240103,000000,1.443,1.504,1.285,1.344,0,0
NTU_PB,D,20240122,000000,1.29,1.29,1.268,1.277,0,0
NTU_PB,D,20240124,000000,1.273,1.273,1.271,1.271,0,0
NTU_PB,D,20240125,000000,1.271,1.271,1.27,1.27,0,0
NTU_PB,D,20240129,000000,1.27,1.274,1.27,1.274,0,0
NTU_PB,D,20240130,000000,1.222,1.257,1.187,1.257,0,0
NTU_PB,D,20240202,000000,1.158,1.268,1.158,1.16,0,0
NTU_PB,D,20240206,000000,1.232,1.232,1.215,1.228,0,0
NTU_PB,D,20240222,000000,1.324,1.425,1.323,1.323,0,0
NTU_PB,D,20240223,000000,1.323,1.323,1.319,1.319,0,0
NTU_PB,D,20240226,000000,1.446,1.446,1.301,1.307,0,0
NTU_PB,D,20240227,000000,1.427,1.493,1.427,1.473,0,0
NTU_PB,D,20240228,000000,1.344,1.433,1.336,1.431,0,0
NTU_PB,D,20240229,000000,1.471,1.471,1.468,1.468,0,0
NTU_PB,D,20240304,000000,1.354,1.464,1.345,1.416,0,0
NTU_PB,D,20240313,000000,1.366,1.366,1.363,1.363,0,0
NTU_PB,D,20240318,000000,1.364,1.364,1.357,1.357,0,0
NTU_PB,D,20240325,000000,1.367,1.397,1.367,1.397,0,0
NTU_PB,D,20240326,000000,1.397,1.397,1.396,1.396,0,0
NTU_PB,D,20240402,000000,1.345,1.345,1.332,1.34,0,0
NTU_PB,D,20240409,000000,1.317,1.324,1.317,1.324,0,0
NTU_PB,D,20240410,000000,1.333,1.333,1.331,1.331,0,0
NTU_PB,D,20240412,000000,1.349,1.349,1.339,1.339,0,0
NTU_PB,D,20240415,000000,1.339,1.339,1.333,1.333,0,0
NTU_PB,D,20240416,000000,1.315,1.315,1.305,1.305,0,0
NTU_PB,D,20240417,000000,1.305,1.305,1.3,1.3,0,0
NTU_PB,D,20240422,000000,1.31,1.314,1.31,1.314,0,0
NTU_PB,D,20240424,000000,1.31,1.314,1.31,1.314,0,0
NTU_PB,D,20240425,000000,1.147,1.213,1.146,1.146,0,0
NTU_PB,D,20240426,000000,1.151,1.164,1.151,1.163,0,0
NTU_PB,D,20240429,000000,1.251,1.251,1.216,1.217,0,0
NTU_PB,D,20240506,000000,1.216,1.216,1.214,1.214,0,0
NTU_PB,D,20240507,000000,1.276,1.281,1.276,1.281,0,0
NTU_PB,D,20240510,000000,1.285,1.285,1.285,1.285,0,0
NTU_PB,D,20240514,000000,1.285,1.29,1.285,1.29,0,0
NTU_PB,D,20240515,000000,1.352,1.358,1.352,1.358,0,0
NTU_PB,D,20240516,000000,1.295,1.296,1.295,1.296,0,0
NTU_PB,D,20240527,000000,1.527,1.53,1.527,1.53,0,0
NTU_PB,D,20240528,000000,1.377,1.382,1.377,1.38,0,0
NTU_PB,D,20240529,000000,1.462,1.464,1.462,1.464,0,0
NTU_PB,D,20240604,000000,1.469,1.469,1.466,1.466,0,0
NTU_PB,D,20240605,000000,1.435,1.435,1.43,1.43,0,0
NTU_PB,D,20240611,000000,1.426,1.426,1.418,1.418,0,0
NTU_PB,D,20240618,000000,1.343,1.343,1.343,1.343,0,0
NTU_PB,D,20240628,000000,1.359,1.359,1.323,1.323,0,0
NTU_PB,D,20240712,000000,1.447,1.447,1.447,1.447,0,0
NTU_PB,D,20240716,000000,1.327,1.429,1.327,1.329,0,0
NTU_PB,D,20240724,000000,1.318,1.318,1.318,1.318,0,0
NTU_PB,D,20240725,000000,1.308,1.308,1.303,1.303,0,0
NTU_PB,D,20240814,000000,1.323,1.324,1.303,1.324,0,0
NTU_PB,D,20240816,000000,1.435,1.442,1.435,1.442,0,0
NTU_PB,D,20240903,000000,1.176,1.324,1.176,1.324,0,0
NTU_PB,D,20240905,000000,1.419,1.422,1.419,1.422,0,0
NTU_PB,D,20240917,000000,1.436,1.441,1.436,1.441,0,0
NTU_PB,D,20240926,000000,1.252,1.445,1.13,1.373,0,0
NTU_PB,D,20241003,000000,1.303,1.303,1.302,1.302,0,0
NTU_PB,D,20241008,000000,1.434,1.434,1.434,1.434,0,0
NTU_PB,D,20241015,000000,1.189,1.189,1.189,1.189,0,0
NTU_PB,D,20241016,000000,1.27,1.27,1.053,1.057,0,0
NTU_PB,D,20241022,000000,1.044,1.148,1.044,1.148,0,0
NTU_PB,D,20241024,000000,1.029,1.029,0.972,0.993,0,0
NTU_PB,D,20241104,000000,1.02,1.022,1.02,1.022,0,0
NTU_PB,D,20241105,000000,1.122,1.122,0.909,0.909,0,0
NTU_PB,D,20241112,000000,1.146,1.146,1.137,1.137,0,0
NTU_PB,D,20241115,000000,1.028,1.135,1.028,1.135,0,0
NTU_PB,D,20241127,000000,1.063,1.065,1.063,1.065,0,0
NTU_PB,D,20241206,000000,1.065,1.068,1.065,1.068,0,0
NTU_PB,D,20241211,000000,1.274,1.274,1.274,1.274,0,0
NTU_PB,D,20241219,000000,1.148,1.148,1.148,1.148,0,0
NTU_PB,D,20241220,000000,1.119,1.119,1.034,1.036,0,0
NTU_PB,D,20241223,000000,0.993,0.993,0.918,0.918,0,0
NTU_PB,D,20241227,000000,0.918,0.918,0.916,0.916,0,0
NTU_PB,D,20241230,000000,1.006,1.105,1.006,1.105,0,0
NTU_PB,D,20250102,000000,1.215,1.217,1.215,1.217,0,0
NTU_PB,D,20250113,000000,1.203,1.203,1.202,1.202,0,0
NTU_PB,D,20250123,000000,1.181,1.189,1.181,1.189,0,0
NTU_PB,D,20250207,000000,0.95,1.128,0.95,1.124,0,0
NTU_PB,D,20250211,000000,1.111,1.113,1.111,1.113,0,0
NTU_PB,D,20250214,000000,1.102,1.103,1.102,1.103,0,0
NTU_PB,D,20250218,000000,1.146,1.146,1.044,1.046,0,0
NTU_PB,D,20250219,000000,1.11,1.162,1.11,1.162,0,0
NTU_PB,D,20250220,000000,1.162,1.229,1.162,1.225,0,0
NTU_PB,D,20250221,000000,1.071,1.179,1.071,1.179,0,0
NTU_PB,D,20250224,000000,1.225,1.228,1.225,1.228,0,0
NTU_PB,D,20250304,000000,1.096,1.103,1.096,1.103,0,0
NTU_PB,D,20250307,000000,1.103,1.103,1.103,1.103,0,0
NTU_PB,D,20250310,000000,1.106,1.207,1.106,1.205,0,0
NTU_PB,D,20250311,000000,1.199,1.199,1.083,1.162,0,0
NTU_PB,D,20250312,000000,1.162,1.196,1.148,1.148,0,0
NTU_PB,D,20250314,000000,1.196,1.201,1.196,1.201,0,0
NTU_PB,D,20250317,000000,1.168,1.168,1.168,1.168,0,0
NTU_PB,D,20250318,000000,1.168,1.168,1.168,1.168,0,0
NTU_PB,D,20250320,000000,1.197,1.197,1.196,1.196,0,0
NTU_PB,D,20250321,000000,1.227,1.279,1.227,1.279,0,0
NTU_PB,D,20250325,000000,1.104,1.132,1.104,1.132,0,0
NTU_PB,D,20250331,000000,1.291,1.291,1.267,1.267,0,0
NTU_PB,D,20250401,000000,1.114,1.114,1.006,1.011,0,0
NTU_PB,D,20250402,000000,1.089,1.09,1.089,1.09,0,0
NTU_PB,D,20250404,000000,1.141,1.141,1.125,1.125,0,0
NTU_PB,D,20250407,000000,1.123,1.123,1.112,1.112,0,0
NTU_PB,D,20250409,000000,0.982,0.985,0.982,0.985,0,0
NTU_PB,D,20250423,000000,0.985,0.985,0.983,0.983,0,0
NTU_PB,D,20250425,000000,0.983,0.986,0.983,0.986,0,0
NTU_PB,D,20250428,000000,1.067,1.067,1.065,1.065,0,0
NTU_PB,D,20250502,000000,1.065,1.065,1.065,1.065,0,0
NTU_PB,D,20250507,000000,1.115,1.116,1.115,1.116,0,0
NTU_PB,D,20250508,000000,1.113,1.113,1.014,1.018,0,0
NTU_PB,D,20250512,000000,1.114,1.114,1.114,1.114,0,0
NTU_PB,D,20250513,000000,1.086,1.086,1.005,1.005,0,0
NTU_PB,D,20250514,000000,1.096,1.098,1.096,1.098,0,0
NTU_PB,D,20250516,000000,1.141,1.141,1.141,1.141,0,0
NTU_PB,D,20250522,000000,1.138,1.138,1.125,1.126,0,0
NTU_PB,D,20250528,000000,1.034,1.098,1.034,1.098,0,0
NTU_PB,D,20250529,000000,1.037,1.037,1.034,1.036,0,0
NTU_PB,D,20250605,000000,1.027,1.027,1.016,1.016,0,0
NTU_PB,D,20250609,000000,1.014,1.016,1.014,1.016,0,0
NTU_PB,D,20250617,000000,1.956,1.956,1.949,1.949,0,0
NTU_PB,D,20250623,000000,1.796,1.951,1.796,1.95,0,0
NTU_PB,D,20250626,000000,1.797,1.939,1.797,1.939,0,0
NTU_PB,D,20250630,000000,1.806,1.806,1.804,1.804,0,0
NTU_PB,D,20250703,000000,1.795,1.795,1.79,1.79,0,0
NTU_PB,D,20250707,000000,1.8,1.8,1.799,1.799,0,0
NTU_PB,D,20250708,000000,1.777,1.779,1.777,1.779,0,0
NTU_PB,D,20250714,000000,1.775,1.775,1.772,1.772,0,0
NTU_PB,D,20250716,000000,1.739,1.739,1.6,1.6,0,0
NTU_PB,D,20250717,000000,1.568,1.715,1.568,1.715,0,0
NTU_PB,D,20250718,000000,1.693,1.789,1.693,1.695,0,0
NTU_PB,D,20250721,000000,1.786,1.786,1.603,1.605,0,0
NTU_PB,D,20250723,000000,1.602,1.602,1.602,1.602,0,0
NTU_PB,D,20250724,000000,1.602,1.603,1.602,1.603,0,0
NTU_PB,D,20250811,000000,1.569,1.57,1.569,1.57,0,0
NTU_PB,D,20250814,000000,1.6,1.6,1.598,1.598,0,0
NTU_PB,D,20250818,000000,1.598,1.601,1.598,1.601,0,0
NTU_PB,D,20250819,000000,1.601,1.606,1.601,1.606,0,0
NTU_PB,D,20250820,000000,1.606,1.778,1.606,1.778,0,0
NTU_PB,D,20250821,000000,1.742,1.742,1.742,1.742,0,0
NTU_PB,D,20250903,000000,1.773,1.775,1.773,1.775,0,0
NTU_PB,D,20250904,000000,1.739,1.741,1.739,1.741,0,0
NTU_PB,D,20250905,000000,1.741,1.744,1.741,1.744,0,0
NTU_PB,D,20250909,000000,1.78,1.78,1.752,1.752,0,0
NTU_PB,D,20250910,000000,1.777,1.777,1.774,1.774,0,0
NTU_PB,D,20250929,000000,1.747,1.747,1.746,1.746,0,0
NTU_PB,D,20251001,000000,1.746,1.746,1.735,1.74,0,0
NTU_PB,D,20251010,000000,1.73,1.73,1.73,1.73,0,0
NTU_PB,D,20251013,000000,1.73,1.73,1.572,1.572,0,0
NTU_PB,D,20251014,000000,1.582,1.582,1.58,1.58,0,0
NTU_PB,D,20251015,000000,1.59,1.59,1.519,1.523,0,0
NTU_PB,D,20251016,000000,1.523,1.524,1.523,1.524,0,0
NTU_PB,D,20251022,000000,1.477,1.477,1.476,1.476,0,0
NTU_PB,D,20251027,000000,1.479,1.479,1.479,1.479,0,0
NTU_PB,D,20251103,000000,1.481,1.481,1.478,1.478,0,0
NTU_PB,D,20251106,000000,1.476,1.477,1.476,1.477,0,0
NTU_PB,D,20251110,000000,1.48,1.48,1.474,1.479,0,0
NTU_PB,D,20251118,000000,1.432,1.432,1.429,1.429,0,0
NTU_PB,D,20251120,000000,1.4,1.43,1.334,1.43,0,0
NTU_PB,D,20251124,000000,1.332,1.336,1.332,1.336,0,0
NTU_PB,D,20251125,000000,1.428,1.532,1.428,1.532,0,0
NTU_PB,D,20251126,000000,1.532,1.532,1.531,1.531,0,0
NTU_PB,D,20251127,000000,1.531,1.533,1.531,1.533,0,0
NTU_PB,D,20251203,000000,1.529,1.531,1.529,1.531,0,0
NTU_PB,D,20251205,000000,1.379,1.379,1.378,1.378,0,0
NTU_PB,D,20251208,000000,1.373,1.43,1.373,1.43,0,0
NTU_PB,D,20251209,000000,1.527,1.527,1.525,1.525,0,0
NTU_PB,D,20251215,000000,1.533,1.536,1.533,1.536,0,0
NTU_PB,D,20251218,000000,1.445,1.54,1.445,1.54,0,0
NTU_PB,D,20251219,000000,1.345,1.345,1.344,1.344,0,0
NTU_PB,D,20251222,000000,1.344,1.344,1.344,1.344,0,0
NTU_PB,D,20251223,000000,1.216,1.216,1.17,1.17,0,0
NTU_PB,D,20251229,000000,1.282,1.472,1.282,1.466,0,0
NTU_PB,D,20251230,000000,1.553,1.788,1.553,1.788,0,0
NTU_PB,D,20260102,000000,1.966,1.973,1.966,1.973,0,0
NTU_PB,D,20260105,000000,2.05,2.483,2.05,2.483,0,0
NTU_PB,D,20260107,000000,2.629,2.629,2.052,2.134,0,0
NTU_PB,D,20260108,000000,2.211,2.211,1.975,2.082,0,0
NTU_PB,D,20260109,000000,1.984,2.184,1.974,2.144,0,0
NTU_PB,D,20260112,000000,2.118,2.241,1.979,1.981,0,0
NTU_PB,D,20260113,000000,2.155,2.155,2.123,2.123,0,0
NTU_PB,D,20260114,000000,2.123,2.124,1.974,2.124,0,0
NTU_PB,D,20260115,000000,2.093,2.126,1.975,2.126,0,0
NTU_PB,D,20260116,000000,2.121,2.121,2.018,2.022,0,0
NTU_PB,D,20260119,000000,2.119,2.119,2.117,2.117,0,0
NTU_PB,D,20260120,000000,2.107,2.107,1.967,1.967,0,0
NTU_PB,D,20260121,000000,2.064,2.064,1.967,1.967,0,0
NTU_PB,D,20260122,000000,1.87,2.044,1.87,1.897,0,0
NTU_PB,D,20260123,000000,1.877,1.977,1.877,1.977,0,0
