<TICKER>,<PER>,<DATE>,<TIME>,<OPEN>,<HIGH>,<LOW>,<CLOSE>,<VOL>,<OPENINT>
OND_PE,D,20210719,000000,26.8949,26.8949,26.8949,26.8949,0,0
OND_PE,D,20210720,000000,25.5597,26.418,24.2244,26.3226,0,0
OND_PE,D,20210721,000000,26.8949,26.8949,25.8458,25.8458,0,0
OND_PE,D,20210722,000000,25.8458,25.8458,25.4643,25.655,0,0
OND_PE,D,20210723,000000,25.655,26.3226,25.5597,25.7504,0,0
OND_PE,D,20210726,000000,26.7041,26.7041,25.8458,26.1319,0,0
OND_PE,D,20210727,000000,26.418,26.418,25.7504,25.7504,0,0
OND_PE,D,20210728,000000,25.7504,25.8458,25.0828,25.3689,0,0
OND_PE,D,20210729,000000,25.7504,26.3226,25.3689,25.7504,0,0
OND_PE,D,20210730,000000,25.8458,26.9903,25.2735,26.8949,0,0
OND_PE,D,20210802,000000,27.181,27.6579,26.6088,26.6088,0,0
OND_PE,D,20210803,000000,27.0856,27.0856,25.9411,26.5134,0,0
OND_PE,D,20210804,000000,26.7995,26.7995,25.8458,26.418,0,0
OND_PE,D,20210805,000000,26.418,26.418,25.8458,26.3226,0,0
OND_PE,D,20210806,000000,26.418,26.418,25.655,25.9411,0,0
OND_PE,D,20210809,000000,26.3226,26.3226,25.8458,26.3226,0,0
OND_PE,D,20210810,000000,26.0365,26.418,25.5597,25.7504,0,0
OND_PE,D,20210811,000000,26.6088,26.6088,25.655,26.2273,0,0
OND_PE,D,20210812,000000,25.9411,26.3226,25.655,25.655,0,0
OND_PE,D,20210813,000000,25.8458,25.8458,25.5597,25.8458,0,0
OND_PE,D,20210816,000000,25.8458,25.8458,25.2735,25.655,0,0
OND_PE,D,20210817,000000,25.8458,25.8458,25.2735,25.5597,0,0
OND_PE,D,20210818,000000,25.3689,25.655,25.2735,25.655,0,0
OND_PE,D,20210819,000000,25.8458,25.8458,25.3689,25.3689,0,0
OND_PE,D,20210820,000000,25.4643,26.0365,25.3689,26.0365,0,0
OND_PE,D,20210823,000000,26.3226,26.3226,25.9411,26.2273,0,0
OND_PE,D,20210824,000000,26.2273,26.3226,25.4643,26.3226,0,0
OND_PE,D,20210825,000000,26.5134,26.5134,25.4643,25.5597,0,0
OND_PE,D,20210826,000000,25.5597,25.5597,25.2735,25.3689,0,0
OND_PE,D,20210827,000000,25.2735,26.2273,25.2735,25.4643,0,0
OND_PE,D,20210830,000000,25.7504,25.8458,25.4643,25.8458,0,0
OND_PE,D,20210831,000000,25.8458,29.8514,25.3689,29.8514,0,0
OND_PE,D,20210901,000000,29.9468,29.9468,29.6607,29.8514,0,0
OND_PE,D,20210902,000000,30.3283,31.9495,29.6607,31.9495,0,0
OND_PE,D,20210903,000000,32.1403,32.1403,31.8542,31.8542,0,0
OND_PE,D,20210906,000000,32.0449,32.0449,31.3774,31.5682,0,0
OND_PE,D,20210907,000000,31.4728,31.4728,30.2329,30.2329,0,0
OND_PE,D,20210908,000000,30.3283,30.3283,29.0885,29.0885,0,0
OND_PE,D,20210909,000000,29.0885,30.3283,29.0885,30.0422,0,0
OND_PE,D,20210910,000000,30.3283,30.3283,29.8514,29.9468,0,0
OND_PE,D,20210913,000000,30.3283,31.6635,29.9468,31.1867,0,0
OND_PE,D,20210914,000000,31.5682,32.0449,31.282,31.4728,0,0
OND_PE,D,20210915,000000,31.8542,31.8542,31.282,31.7588,0,0
OND_PE,D,20210916,000000,31.5682,32.1403,30.8052,31.282,0,0
OND_PE,D,20210917,000000,31.4728,31.9495,30.5191,31.7588,0,0
OND_PE,D,20210920,000000,31.7588,31.7588,30.3283,30.3283,0,0
OND_PE,D,20210921,000000,30.3283,30.9005,29.6607,29.7561,0,0
OND_PE,D,20210922,000000,31.0913,31.7588,29.7561,29.7561,0,0
OND_PE,D,20210923,000000,30.2329,30.9959,29.9468,30.5191,0,0
OND_PE,D,20210924,000000,30.5191,31.3774,30.3283,30.3283,0,0
OND_PE,D,20210927,000000,30.3283,30.9959,30.2329,30.8052,0,0
OND_PE,D,20210928,000000,30.3283,30.7098,30.2329,30.6144,0,0
OND_PE,D,20210929,000000,30.3283,30.3283,29.8514,29.9468,0,0
OND_PE,D,20210930,000000,29.9468,30.1376,29.0885,29.7561,0,0
OND_PE,D,20211001,000000,29.4699,30.1376,29.2792,30.1376,0,0
OND_PE,D,20211004,000000,29.7561,30.4237,29.7561,30.3283,0,0
OND_PE,D,20211005,000000,30.3283,30.4237,29.7561,30.4237,0,0
OND_PE,D,20211006,000000,30.1376,30.3283,29.0885,29.6607,0,0
OND_PE,D,20211007,000000,29.6607,29.9468,29.0885,29.8514,0,0
OND_PE,D,20211008,000000,29.5653,29.8514,29.0885,29.2792,0,0
OND_PE,D,20211011,000000,29.5653,29.7561,29.0885,29.0885,0,0
OND_PE,D,20211012,000000,29.3746,29.3746,28.6116,28.8977,0,0
OND_PE,D,20211013,000000,28.8977,29.6607,28.5162,28.5162,0,0
OND_PE,D,20211014,000000,28.9931,29.3746,28.4208,28.5162,0,0
OND_PE,D,20211015,000000,28.5162,29.7561,28.5162,29.5653,0,0
OND_PE,D,20211018,000000,29.6607,29.9468,29.5653,29.9468,0,0
OND_PE,D,20211019,000000,29.9468,29.9468,28.5162,28.8977,0,0
OND_PE,D,20211020,000000,28.707,28.8023,27.944,28.1347,0,0
OND_PE,D,20211021,000000,28.1347,28.3255,27.7532,27.944,0,0
OND_PE,D,20211022,000000,27.944,27.944,27.2764,27.2764,0,0
OND_PE,D,20211025,000000,27.5625,27.5625,26.418,26.418,0,0
OND_PE,D,20211026,000000,26.418,26.7995,25.8458,26.0365,0,0
OND_PE,D,20211027,000000,26.0365,26.0365,24.9874,25.7504,0,0
OND_PE,D,20211028,000000,25.5597,25.5597,24.2244,24.4152,0,0
OND_PE,D,20211029,000000,24.5106,25.9411,24.3198,24.3198,0,0
OND_PE,D,20211102,000000,24.3198,25.4643,24.3198,24.4152,0,0
OND_PE,D,20211103,000000,24.4152,25.0828,24.3198,24.7013,0,0
OND_PE,D,20211104,000000,24.7013,25.4643,24.7013,25.2735,0,0
OND_PE,D,20211105,000000,25.5597,25.8458,24.7013,24.7967,0,0
OND_PE,D,20211108,000000,24.9874,24.9874,22.1263,22.1263,0,0
OND_PE,D,20211109,000000,22.1263,22.3171,21.8402,21.9356,0,0
OND_PE,D,20211110,000000,22.031,22.031,21.0772,21.3633,0,0
OND_PE,D,20211112,000000,20.9819,21.3633,20.2189,20.3142,0,0
OND_PE,D,20211115,000000,20.3142,20.6957,20.2189,20.3142,0,0
OND_PE,D,20211116,000000,20.6004,21.0772,20.4096,20.7911,0,0
OND_PE,D,20211117,000000,20.4096,21.8402,20.4096,21.7448,0,0
OND_PE,D,20211118,000000,21.7448,22.1263,21.5541,22.1263,0,0
OND_PE,D,20211119,000000,22.4124,22.4124,20.9819,21.1726,0,0
OND_PE,D,20211122,000000,21.1726,21.7448,20.6957,20.8865,0,0
OND_PE,D,20211123,000000,20.8865,21.268,20.4096,20.505,0,0
OND_PE,D,20211124,000000,20.505,20.7911,19.9328,20.3142,0,0
OND_PE,D,20211125,000000,20.3142,20.6957,20.1235,20.6004,0,0
OND_PE,D,20211126,000000,20.505,20.505,20.0281,20.0281,0,0
OND_PE,D,20211129,000000,20.0281,20.0281,19.0744,19.5513,0,0
OND_PE,D,20211130,000000,19.6466,19.6466,19.3605,19.3605,0,0
OND_PE,D,20211201,000000,19.3605,19.742,19.1698,19.1698,0,0
OND_PE,D,20211202,000000,19.2651,19.6466,19.2651,19.4559,0,0
OND_PE,D,20211203,000000,19.3605,19.4559,19.1698,19.4559,0,0
OND_PE,D,20211206,000000,19.9328,21.8402,19.9328,20.8865,0,0
OND_PE,D,20211207,000000,21.5541,21.8402,21.268,21.3633,0,0
OND_PE,D,20211208,000000,21.8402,23.2707,21.4587,23.2707,0,0
OND_PE,D,20211209,000000,23.4615,24.7013,23.4615,23.8429,0,0
OND_PE,D,20211210,000000,23.9383,23.9383,21.8402,22.031,0,0
OND_PE,D,20211213,000000,22.031,22.1263,20.8865,20.8865,0,0
OND_PE,D,20211214,000000,20.8865,22.6032,20.0281,21.268,0,0
OND_PE,D,20211215,000000,21.4587,22.2217,20.505,20.8865,0,0
OND_PE,D,20211216,000000,20.8865,21.6495,20.7911,21.4587,0,0
OND_PE,D,20211217,000000,21.4587,22.031,21.3633,21.4587,0,0
OND_PE,D,20211220,000000,21.4587,21.8402,20.9819,21.4587,0,0
OND_PE,D,20211221,000000,21.6495,21.8402,20.7911,20.8865,0,0
OND_PE,D,20211222,000000,20.8865,21.0772,20.4096,20.4096,0,0
OND_PE,D,20211223,000000,20.4096,20.4096,19.742,19.8374,0,0
OND_PE,D,20211227,000000,19.742,19.742,19.2651,19.2651,0,0
OND_PE,D,20211228,000000,19.2651,19.2651,18.216,18.216,0,0
OND_PE,D,20211229,000000,18.216,19.4559,18.216,18.5975,0,0
OND_PE,D,20211230,000000,18.979,19.3605,18.7883,19.0744,0,0
OND_PE,D,20220103,000000,19.4559,19.4559,18.6929,18.7883,0,0
OND_PE,D,20220104,000000,18.979,20.6004,18.979,20.505,0,0
OND_PE,D,20220105,000000,21.0772,21.3633,20.8865,21.268,0,0
OND_PE,D,20220107,000000,20.8865,20.8865,20.3142,20.7911,0,0
OND_PE,D,20220110,000000,20.7911,21.0772,20.6957,20.8865,0,0
OND_PE,D,20220111,000000,20.4096,20.7911,20.1235,20.6004,0,0
OND_PE,D,20220112,000000,20.6004,20.6004,20.3142,20.4096,0,0
OND_PE,D,20220113,000000,20.6004,20.6004,20.1235,20.4096,0,0
OND_PE,D,20220114,000000,20.3142,20.3142,20.1235,20.3142,0,0
OND_PE,D,20220117,000000,20.6004,21.4587,20.3142,20.6004,0,0
OND_PE,D,20220118,000000,20.8865,21.7448,20.505,21.6495,0,0
OND_PE,D,20220119,000000,21.4587,21.5541,20.8865,21.4587,0,0
OND_PE,D,20220120,000000,21.4587,22.4124,21.1726,22.4124,0,0
OND_PE,D,20220121,000000,22.5078,22.5078,21.1726,22.1263,0,0
OND_PE,D,20220124,000000,21.6495,22.5078,20.6004,20.6957,0,0
OND_PE,D,20220125,000000,20.6957,21.1726,20.6957,20.9819,0,0
OND_PE,D,20220126,000000,21.0772,21.5541,20.8865,21.3633,0,0
OND_PE,D,20220127,000000,21.268,21.3633,20.8865,20.8865,0,0
OND_PE,D,20220128,000000,20.8865,21.1726,20.6957,20.8865,0,0
OND_PE,D,20220131,000000,21.3633,21.3633,20.7911,21.0772,0,0
OND_PE,D,20220201,000000,21.3633,21.9356,20.7911,21.6495,0,0
OND_PE,D,20220202,000000,21.7448,21.8402,21.1726,21.5541,0,0
OND_PE,D,20220203,000000,21.5541,21.9356,21.1726,21.5541,0,0
OND_PE,D,20220204,000000,21.5541,22.4124,21.0772,21.9356,0,0
OND_PE,D,20220207,000000,22.3171,22.4124,22.031,22.3171,0,0
OND_PE,D,20220208,000000,22.1263,22.3171,21.9356,22.3171,0,0
OND_PE,D,20220209,000000,22.3171,23.2707,22.1263,23.2707,0,0
OND_PE,D,20220210,000000,23.2707,24.0337,23.2707,23.3661,0,0
OND_PE,D,20220211,000000,23.3661,23.6522,23.2707,23.4615,0,0
OND_PE,D,20220214,000000,22.8892,23.08,21.4587,23.08,0,0
OND_PE,D,20220215,000000,23.08,23.5568,22.9846,23.2707,0,0
OND_PE,D,20220216,000000,23.4615,23.4615,23.08,23.1753,0,0
OND_PE,D,20220217,000000,22.2217,23.1753,21.5541,22.6032,0,0
OND_PE,D,20220218,000000,22.3171,22.9846,22.1263,22.7938,0,0
OND_PE,D,20220221,000000,23.7476,23.7476,21.4587,22.3171,0,0
OND_PE,D,20220222,000000,21.4587,22.6032,21.4587,21.9356,0,0
OND_PE,D,20220223,000000,22.2217,22.3171,21.9356,22.3171,0,0
OND_PE,D,20220224,000000,20.3142,21.3633,18.6929,20.8865,0,0
OND_PE,D,20220225,000000,20.6957,20.7911,19.4559,20.2189,0,0
OND_PE,D,20220228,000000,20.3142,21.3633,20.0281,20.6957,0,0
OND_PE,D,20220301,000000,20.7911,21.268,20.6004,21.1726,0,0
OND_PE,D,20220302,000000,20.8865,21.1726,19.9328,20.8865,0,0
OND_PE,D,20220303,000000,20.8865,21.4587,20.505,21.4587,0,0
OND_PE,D,20220304,000000,21.268,21.268,20.505,20.6004,0,0
OND_PE,D,20220307,000000,20.3142,20.8865,19.8374,20.6004,0,0
OND_PE,D,20220308,000000,20.8865,20.9819,20.505,20.8865,0,0
OND_PE,D,20220309,000000,20.8865,21.5541,20.8865,21.3633,0,0
OND_PE,D,20220310,000000,21.4587,21.4587,20.8865,20.8865,0,0
OND_PE,D,20220311,000000,21.4587,21.4587,20.9819,21.4587,0,0
OND_PE,D,20220314,000000,21.7448,21.9356,21.4587,21.9356,0,0
OND_PE,D,20220315,000000,21.9356,21.9356,21.1726,21.268,0,0
OND_PE,D,20220316,000000,21.7448,21.7448,21.4587,21.6495,0,0
OND_PE,D,20220317,000000,22.031,22.4124,21.7448,22.2217,0,0
OND_PE,D,20220318,000000,22.2217,22.6985,22.2217,22.6032,0,0
OND_PE,D,20220321,000000,22.6032,22.6985,22.3171,22.6985,0,0
OND_PE,D,20220322,000000,22.6985,22.6985,22.3171,22.5078,0,0
OND_PE,D,20220323,000000,22.6032,22.6985,22.4124,22.6985,0,0
OND_PE,D,20220324,000000,22.6985,22.8892,21.4587,22.031,0,0
OND_PE,D,20220325,000000,22.4124,22.5078,22.031,22.4124,0,0
OND_PE,D,20220328,000000,22.7938,22.7938,21.9356,22.5078,0,0
OND_PE,D,20220329,000000,22.6032,22.6032,21.9356,22.031,0,0
OND_PE,D,20220330,000000,22.1263,22.1263,21.7448,22.031,0,0
OND_PE,D,20220331,000000,22.031,22.2217,21.5541,22.1263,0,0
OND_PE,D,20220401,000000,22.3171,22.7938,22.031,22.6032,0,0
OND_PE,D,20220404,000000,22.9846,22.9846,22.2217,22.5078,0,0
OND_PE,D,20220405,000000,22.5078,22.5078,22.031,22.4124,0,0
OND_PE,D,20220406,000000,22.4124,22.4124,21.7448,22.2217,0,0
OND_PE,D,20220407,000000,22.2217,22.2217,21.5541,21.7448,0,0
OND_PE,D,20220408,000000,21.7448,21.7448,20.6004,20.6004,0,0
OND_PE,D,20220411,000000,20.505,20.7911,19.742,20.3142,0,0
OND_PE,D,20220412,000000,20.3142,20.3142,19.1698,20.0281,0,0
OND_PE,D,20220413,000000,20.0281,20.0281,18.979,19.6466,0,0
OND_PE,D,20220414,000000,19.6466,19.6466,18.5975,18.979,0,0
OND_PE,D,20220419,000000,19.1698,19.1698,18.5022,19.0744,0,0
OND_PE,D,20220420,000000,18.8836,19.0744,18.8836,19.0744,0,0
OND_PE,D,20220421,000000,19.0744,19.5513,18.979,18.979,0,0
OND_PE,D,20220422,000000,19.2651,19.3605,18.5975,18.6929,0,0
OND_PE,D,20220425,000000,18.5975,18.7883,18.4068,18.4068,0,0
OND_PE,D,20220426,000000,18.7883,18.979,18.7883,18.7883,0,0
OND_PE,D,20220427,000000,18.7883,18.7883,18.216,18.4068,0,0
OND_PE,D,20220428,000000,18.4068,18.4068,18.0253,18.0253,0,0
OND_PE,D,20220429,000000,18.3114,18.3114,17.9299,17.9299,0,0
OND_PE,D,20220502,000000,18.0253,18.0253,17.1669,17.2623,0,0
OND_PE,D,20220504,000000,17.0716,17.0716,15.641,15.8317,0,0
OND_PE,D,20220505,000000,15.9271,15.9271,14.4965,14.4965,0,0
OND_PE,D,20220506,000000,14.4965,14.4965,13.2567,13.6382,0,0
OND_PE,D,20220509,000000,13.5428,14.115,13.2567,13.5428,0,0
OND_PE,D,20220510,000000,13.7335,13.9243,13.5428,13.9243,0,0
OND_PE,D,20220511,000000,13.6382,13.6382,13.2567,13.5428,0,0
OND_PE,D,20220512,000000,13.1614,13.1614,12.303,12.8753,0,0
OND_PE,D,20220513,000000,12.9706,13.8289,10.8724,10.8724,0,0
OND_PE,D,20220516,000000,11.2539,11.8261,11.2539,11.6354,0,0
OND_PE,D,20220517,000000,11.9215,11.9215,11.3493,11.6354,0,0
OND_PE,D,20220518,000000,11.7308,11.8261,11.6354,11.7308,0,0
OND_PE,D,20220519,000000,11.6354,11.6354,11.0632,11.6354,0,0
OND_PE,D,20220520,000000,11.7308,11.7308,11.54,11.7308,0,0
OND_PE,D,20220523,000000,11.8261,12.0169,11.8261,11.8261,0,0
OND_PE,D,20220524,000000,11.9215,12.0169,11.8261,12.0169,0,0
OND_PE,D,20220525,000000,11.8261,12.0169,11.7308,11.7308,0,0
OND_PE,D,20220526,000000,11.9215,12.303,11.9215,12.303,0,0
OND_PE,D,20220527,000000,12.1123,12.1123,11.1585,11.1585,0,0
OND_PE,D,20220530,000000,11.3493,11.3493,10.9678,10.9678,0,0
OND_PE,D,20220531,000000,11.2539,11.2539,10.6817,10.8724,0,0
OND_PE,D,20220601,000000,10.8724,10.9678,10.6817,10.8724,0,0
OND_PE,D,20220602,000000,10.9678,10.9678,10.6817,10.6817,0,0
OND_PE,D,20220603,000000,10.9678,10.9678,10.4909,10.777,0,0
OND_PE,D,20220606,000000,10.777,10.777,10.4909,10.5863,0,0
OND_PE,D,20220607,000000,10.777,10.777,10.4909,10.5863,0,0
OND_PE,D,20220608,000000,10.6817,10.6817,10.4909,10.4909,0,0
OND_PE,D,20220609,000000,10.6817,10.6817,10.2048,10.2048,0,0
OND_PE,D,20220610,000000,10.3956,10.3956,9.63256,9.72793,0,0
OND_PE,D,20220613,000000,9.82329,9.82329,9.06033,9.53719,0,0
OND_PE,D,20220614,000000,9.53719,9.63256,9.25108,9.44182,0,0
OND_PE,D,20220615,000000,9.63256,10.3956,9.63256,10.0141,0,0
OND_PE,D,20220617,000000,10.4909,10.4909,10.2048,10.2048,0,0
OND_PE,D,20220620,000000,10.2048,10.2048,9.91869,9.91869,0,0
OND_PE,D,20220621,000000,10.1094,10.1094,9.91869,10.0141,0,0
OND_PE,D,20220622,000000,10.0141,10.0141,9.82329,9.91869,0,0
OND_PE,D,20220623,000000,10.1094,10.1094,9.82329,9.82329,0,0
OND_PE,D,20220624,000000,9.91869,10.1094,9.91869,9.91869,0,0
OND_PE,D,20220627,000000,9.91869,10.0141,9.82329,9.91869,0,0
OND_PE,D,20220628,000000,9.91869,9.91869,9.82329,9.91869,0,0
OND_PE,D,20220629,000000,10.1094,10.1094,9.72793,9.91869,0,0
OND_PE,D,20220630,000000,9.91869,9.91869,9.63256,9.63256,0,0
OND_PE,D,20220701,000000,9.82329,9.82329,9.63256,9.72793,0,0
OND_PE,D,20220704,000000,10.2048,10.2048,9.15571,9.34645,0,0
OND_PE,D,20220705,000000,9.34645,10.9678,9.34645,10.9678,0,0
OND_PE,D,20220706,000000,11.2539,12.6845,11.2539,11.3493,0,0
OND_PE,D,20220707,000000,11.8261,11.8261,11.54,11.6354,0,0
OND_PE,D,20220708,000000,11.7308,12.2076,11.3493,12.0169,0,0
OND_PE,D,20220711,000000,11.4447,11.9215,11.4447,11.7308,0,0
OND_PE,D,20220712,000000,11.54,11.6354,11.1585,11.2539,0,0
OND_PE,D,20220713,000000,11.2539,11.2539,10.6817,10.777,0,0
OND_PE,D,20220714,000000,10.777,10.9678,10.5863,10.5863,0,0
OND_PE,D,20220715,000000,10.4909,11.0632,10.4909,10.8724,0,0
OND_PE,D,20220718,000000,11.2539,11.3493,11.0632,11.1585,0,0
OND_PE,D,20220719,000000,11.2539,11.2539,11.1585,11.1585,0,0
OND_PE,D,20220720,000000,11.2539,11.9215,11.1585,11.9215,0,0
OND_PE,D,20220721,000000,11.9215,11.9215,11.3493,11.8261,0,0
OND_PE,D,20220722,000000,11.9215,11.9215,11.6354,11.6354,0,0
OND_PE,D,20220725,000000,11.6354,12.0169,11.6354,11.8261,0,0
OND_PE,D,20220726,000000,11.9215,12.0169,11.54,11.7308,0,0
OND_PE,D,20220727,000000,11.7308,11.8261,11.54,11.7308,0,0
OND_PE,D,20220728,000000,11.7308,11.7308,11.54,11.54,0,0
OND_PE,D,20220729,000000,11.6354,11.6354,11.1585,11.54,0,0
OND_PE,D,20220801,000000,11.6354,11.6354,10.9678,11.3493,0,0
OND_PE,D,20220802,000000,11.3493,11.3493,10.8724,10.9678,0,0
OND_PE,D,20220803,000000,10.9678,11.2539,10.8724,10.8724,0,0
OND_PE,D,20220804,000000,10.8724,11.0632,10.6817,10.777,0,0
OND_PE,D,20220805,000000,10.8724,10.9678,10.6817,10.8724,0,0
OND_PE,D,20220808,000000,10.9678,10.9678,10.6817,10.777,0,0
OND_PE,D,20220809,000000,10.9678,10.9678,10.5863,10.777,0,0
OND_PE,D,20220810,000000,10.777,10.777,10.5863,10.6817,0,0
OND_PE,D,20220811,000000,10.5863,11.0632,10.5863,10.9678,0,0
OND_PE,D,20220812,000000,10.9678,11.0632,10.9678,11.0632,0,0
OND_PE,D,20220816,000000,11.1585,11.3493,10.9678,10.9678,0,0
OND_PE,D,20220817,000000,11.1585,11.1585,10.6817,10.8724,0,0
OND_PE,D,20220818,000000,10.9678,10.9678,10.6817,10.6817,0,0
OND_PE,D,20220819,000000,10.777,10.777,10.5863,10.6817,0,0
OND_PE,D,20220822,000000,10.6817,10.8724,10.4909,10.4909,0,0
OND_PE,D,20220823,000000,10.5863,10.5863,10.4909,10.5863,0,0
OND_PE,D,20220824,000000,10.5863,10.5863,10.3956,10.4909,0,0
OND_PE,D,20220825,000000,10.4909,10.4909,10.3956,10.3956,0,0
OND_PE,D,20220826,000000,10.5863,10.5863,10.4909,10.4909,0,0
OND_PE,D,20220829,000000,10.5863,10.5863,10.3002,10.5863,0,0
OND_PE,D,20220830,000000,10.5863,10.6817,10.3956,10.3956,0,0
OND_PE,D,20220831,000000,10.3956,10.3956,10.1094,10.1094,0,0
OND_PE,D,20220901,000000,10.2048,10.2048,9.91869,9.91869,0,0
OND_PE,D,20220902,000000,9.91869,10.1094,9.82329,10.0141,0,0
OND_PE,D,20220905,000000,10.0141,10.2048,9.63256,9.72793,0,0
OND_PE,D,20220906,000000,9.63256,9.63256,8.96496,9.06033,0,0
OND_PE,D,20220907,000000,9.15571,17.0716,9.06033,17.0716,0,0
OND_PE,D,20220908,000000,17.2623,17.2623,16.8808,17.0716,0,0
OND_PE,D,20220909,000000,17.1669,17.3577,16.5947,16.8808,0,0
OND_PE,D,20220912,000000,16.8808,17.0716,16.6901,16.6901,0,0
OND_PE,D,20220913,000000,16.7854,17.0716,16.5947,16.6901,0,0
OND_PE,D,20220914,000000,16.6901,16.8808,16.6901,16.7854,0,0
OND_PE,D,20220915,000000,16.9762,17.1669,16.6901,16.6901,0,0
OND_PE,D,20220916,000000,17.0716,17.0716,16.5947,16.5947,0,0
OND_PE,D,20220919,000000,16.7854,16.7854,16.4993,16.6901,0,0
OND_PE,D,20220920,000000,16.6901,16.6901,15.9271,16.2132,0,0
OND_PE,D,20220921,000000,16.2132,16.2132,15.2595,15.3548,0,0
OND_PE,D,20220922,000000,15.3548,15.3548,14.6872,14.6872,0,0
OND_PE,D,20220923,000000,14.7826,14.7826,14.2104,14.3057,0,0
OND_PE,D,20220926,000000,14.4011,14.4011,13.9243,13.9243,0,0
OND_PE,D,20220927,000000,13.9243,14.3057,13.9243,14.115,0,0
OND_PE,D,20220928,000000,14.115,14.115,13.9243,13.9243,0,0
OND_PE,D,20220929,000000,14.0196,14.0196,13.8289,13.8289,0,0
OND_PE,D,20220930,000000,13.9243,13.9243,13.6382,13.6382,0,0
OND_PE,D,20221003,000000,13.9243,14.115,13.7335,13.7335,0,0
OND_PE,D,20221004,000000,13.8289,14.0196,13.8289,13.9243,0,0
OND_PE,D,20221005,000000,14.0196,14.115,13.7335,14.115,0,0
OND_PE,D,20221006,000000,14.115,14.4965,14.115,14.115,0,0
OND_PE,D,20221007,000000,14.115,15.1641,14.115,15.0687,0,0
OND_PE,D,20221010,000000,14.878,15.0687,14.4011,14.878,0,0
OND_PE,D,20221011,000000,14.6872,14.6872,14.4011,14.4965,0,0
OND_PE,D,20221012,000000,14.4965,14.4965,13.5428,13.6382,0,0
OND_PE,D,20221013,000000,14.115,14.2104,13.8289,13.9243,0,0
OND_PE,D,20221014,000000,14.3057,14.6872,13.8289,14.6872,0,0
OND_PE,D,20221017,000000,14.5919,14.5919,13.1614,13.1614,0,0
OND_PE,D,20221018,000000,13.4475,14.0196,13.3521,13.5428,0,0
OND_PE,D,20221019,000000,13.8289,13.9243,13.1614,13.5428,0,0
OND_PE,D,20221020,000000,13.5428,13.6382,13.4475,13.4475,0,0
OND_PE,D,20221021,000000,13.5428,14.115,13.5428,13.8289,0,0
OND_PE,D,20221024,000000,13.8289,14.0196,13.6382,13.6382,0,0
OND_PE,D,20221025,000000,13.8289,13.8289,13.6382,13.7335,0,0
OND_PE,D,20221026,000000,13.8289,13.8289,13.5428,13.5428,0,0
OND_PE,D,20221027,000000,13.5428,13.7335,13.4475,13.7335,0,0
OND_PE,D,20221028,000000,13.7335,13.8289,13.4475,13.6382,0,0
OND_PE,D,20221031,000000,13.6382,13.8289,13.4475,13.5428,0,0
OND_PE,D,20221102,000000,13.9243,14.0196,13.5428,13.6382,0,0
OND_PE,D,20221103,000000,13.7335,14.0196,13.7335,13.7335,0,0
OND_PE,D,20221104,000000,14.0196,14.3057,13.9243,14.3057,0,0
OND_PE,D,20221107,000000,14.3057,14.7826,14.115,14.3057,0,0
OND_PE,D,20221108,000000,13.8289,14.0196,13.8289,13.9243,0,0
OND_PE,D,20221109,000000,14.0196,20.8865,13.6382,20.8865,0,0
OND_PE,D,20221110,000000,20.7911,21.6495,20.7911,21.3633,0,0
OND_PE,D,20221114,000000,21.5541,22.2217,21.5541,21.9356,0,0
OND_PE,D,20221115,000000,22.1263,22.6032,21.6495,22.031,0,0
OND_PE,D,20221116,000000,21.7448,22.4124,21.7448,22.031,0,0
OND_PE,D,20221117,000000,22.4124,22.4124,21.7448,21.8402,0,0
OND_PE,D,20221118,000000,22.1263,22.2217,21.9356,22.1263,0,0
OND_PE,D,20221121,000000,22.9846,22.9846,22.2217,22.7938,0,0
OND_PE,D,20221122,000000,23.1753,24.1291,23.1753,23.7476,0,0
OND_PE,D,20221123,000000,24.4152,24.4152,24.0337,24.1291,0,0
OND_PE,D,20221124,000000,24.4152,24.892,24.3198,24.5106,0,0
OND_PE,D,20221125,000000,24.892,24.892,24.0337,24.0337,0,0
OND_PE,D,20221128,000000,24.0337,24.0337,23.2707,23.8429,0,0
OND_PE,D,20221129,000000,24.0337,24.0337,23.5568,23.8429,0,0
OND_PE,D,20221130,000000,23.8429,24.5106,23.8429,24.1291,0,0
OND_PE,D,20221201,000000,24.4152,24.892,24.1291,24.5106,0,0
OND_PE,D,20221202,000000,24.892,26.7995,24.892,26.3226,0,0
OND_PE,D,20221205,000000,26.9903,27.6579,26.7995,26.7995,0,0
OND_PE,D,20221206,000000,26.7041,26.9903,26.418,26.7995,0,0
OND_PE,D,20221207,000000,26.7995,27.0856,26.5134,26.7995,0,0
OND_PE,D,20221208,000000,27.0856,27.944,26.7995,27.8486,0,0
OND_PE,D,20221209,000000,28.0394,29.9468,27.8486,29.2792,0,0
OND_PE,D,20221212,000000,29.5653,29.5653,28.9931,29.3746,0,0
OND_PE,D,20221213,000000,29.6607,30.7098,29.3746,30.6144,0,0
OND_PE,D,20221214,000000,31.4728,31.4728,30.4237,30.6144,0,0
OND_PE,D,20221215,000000,30.6144,30.6144,28.8977,29.3746,0,0
OND_PE,D,20221216,000000,28.6116,29.0885,27.3717,28.3255,0,0
OND_PE,D,20221219,000000,28.1347,29.0885,27.6579,27.7532,0,0
OND_PE,D,20221220,000000,27.5625,27.6579,26.0365,26.7995,0,0
OND_PE,D,20221221,000000,26.5134,26.8949,26.2273,26.5134,0,0
OND_PE,D,20221222,000000,26.9903,27.6579,26.6088,26.7995,0,0
OND_PE,D,20221223,000000,27.0856,27.0856,26.2273,26.2273,0,0
OND_PE,D,20221227,000000,26.7041,26.7041,25.3689,25.5597,0,0
OND_PE,D,20221228,000000,25.4643,25.7504,25.3689,25.5597,0,0
OND_PE,D,20221229,000000,25.5597,25.7504,25.5597,25.7504,0,0
OND_PE,D,20221230,000000,25.5597,25.7504,25.4643,25.5597,0,0
OND_PE,D,20230102,000000,25.7504,27.3717,25.5597,26.418,0,0
OND_PE,D,20230103,000000,26.6088,27.2764,26.6088,26.7995,0,0
OND_PE,D,20230104,000000,26.7995,27.5625,26.7041,27.181,0,0
OND_PE,D,20230105,000000,27.181,27.4671,26.3226,26.7995,0,0
OND_PE,D,20230109,000000,26.7995,27.3717,26.7995,26.8949,0,0
OND_PE,D,20230110,000000,26.9903,27.3717,26.7995,27.0856,0,0
OND_PE,D,20230111,000000,27.0856,27.3717,25.655,25.655,0,0
OND_PE,D,20230112,000000,26.0365,26.9903,25.5597,26.1319,0,0
OND_PE,D,20230113,000000,26.5134,29.8514,25.9411,29.8514,0,0
OND_PE,D,20230116,000000,31.4728,35.7645,31.4728,35.7645,0,0
OND_PE,D,20230117,000000,36.8136,38.5303,35.1922,35.6691,0,0
OND_PE,D,20230118,000000,35.6691,36.6228,33.5709,36.3367,0,0
OND_PE,D,20230119,000000,35.5737,35.5737,33.094,33.3801,0,0
OND_PE,D,20230120,000000,33.3801,34.8107,33.1894,34.7154,0,0
OND_PE,D,20230123,000000,35.4783,36.8136,35.383,35.7645,0,0
OND_PE,D,20230124,000000,36.146,39.0071,35.1922,38.2442,0,0
OND_PE,D,20230125,000000,38.6257,39.7701,36.146,36.2413,0,0
OND_PE,D,20230126,000000,36.5274,36.6228,33.7616,33.857,0,0
OND_PE,D,20230127,000000,33.5709,36.6228,33.094,36.6228,0,0
OND_PE,D,20230130,000000,36.9089,38.2442,35.0969,38.2442,0,0
OND_PE,D,20230131,000000,38.1488,38.4349,37.0997,37.0997,0,0
OND_PE,D,20230201,000000,37.4812,37.4812,36.0506,36.5274,0,0
OND_PE,D,20230202,000000,37.0043,37.4812,36.6228,37.0997,0,0
OND_PE,D,20230203,000000,36.4321,37.8627,36.3367,37.2904,0,0
OND_PE,D,20230206,000000,37.2904,40.247,36.8136,40.247,0,0
OND_PE,D,20230207,000000,40.4377,40.4377,38.0534,38.0534,0,0
OND_PE,D,20230208,000000,38.2442,39.3886,38.2442,38.6257,0,0
OND_PE,D,20230209,000000,39.6748,39.6748,36.6228,37.5766,0,0
OND_PE,D,20230210,000000,37.3858,37.3858,35.8598,36.5274,0,0
OND_PE,D,20230213,000000,35.1922,35.6691,34.62,35.1922,0,0
OND_PE,D,20230214,000000,35.1922,36.146,35.0969,36.0506,0,0
OND_PE,D,20230215,000000,35.5737,36.3367,35.5737,36.146,0,0
OND_PE,D,20230216,000000,38.1488,38.1488,36.4321,37.0997,0,0
OND_PE,D,20230217,000000,36.8136,38.0534,36.3367,37.5766,0,0
OND_PE,D,20230220,000000,37.5766,37.5766,36.5274,36.9089,0,0
OND_PE,D,20230221,000000,36.9089,36.9089,35.5737,35.8598,0,0
OND_PE,D,20230222,000000,35.7645,36.0506,35.2876,35.9552,0,0
OND_PE,D,20230223,000000,38.0534,38.0534,36.2413,36.6228,0,0
OND_PE,D,20230224,000000,36.9089,37.0997,35.9552,36.6228,0,0
OND_PE,D,20230227,000000,36.2413,37.4812,36.2413,37.0997,0,0
OND_PE,D,20230228,000000,37.3858,38.1488,36.6228,37.4812,0,0
OND_PE,D,20230301,000000,37.4812,38.3395,37.4812,37.5766,0,0
OND_PE,D,20230302,000000,37.4812,37.6719,36.7182,36.8136,0,0
OND_PE,D,20230303,000000,36.8136,38.4349,36.4321,38.4349,0,0
OND_PE,D,20230306,000000,38.5303,38.5303,37.3858,38.1488,0,0
OND_PE,D,20230307,000000,38.1488,38.1488,37.2904,38.1488,0,0
OND_PE,D,20230308,000000,37.6719,39.7701,37.6719,39.6748,0,0
OND_PE,D,20230309,000000,39.7701,39.7701,38.721,39.1025,0,0
OND_PE,D,20230310,000000,38.1488,38.1488,36.8136,37.2904,0,0
OND_PE,D,20230313,000000,36.7182,37.0043,35.0015,36.0506,0,0
OND_PE,D,20230314,000000,36.0506,37.0997,35.5737,36.6228,0,0
OND_PE,D,20230315,000000,36.7182,37.0997,34.4292,34.5246,0,0
OND_PE,D,20230316,000000,34.5246,35.0015,33.4755,34.5246,0,0
OND_PE,D,20230317,000000,34.8107,35.4783,33.857,33.9524,0,0
OND_PE,D,20230320,000000,33.1894,34.8107,32.331,34.3339,0,0
OND_PE,D,20230321,000000,34.4292,35.5737,34.4292,35.0969,0,0
OND_PE,D,20230322,000000,35.0969,35.4783,34.62,34.7154,0,0
OND_PE,D,20230323,000000,34.8107,35.0015,33.5709,34.3339,0,0
OND_PE,D,20230324,000000,34.7154,34.7154,33.3801,33.9524,0,0
OND_PE,D,20230327,000000,34.0478,34.4292,33.5709,34.4292,0,0
OND_PE,D,20230328,000000,34.4292,37.6719,34.3339,36.4321,0,0
OND_PE,D,20230329,000000,37.2904,37.2904,36.4321,37.0043,0,0
OND_PE,D,20230330,000000,37.0997,37.7673,36.3367,37.5766,0,0
OND_PE,D,20230331,000000,36.146,36.146,33.9524,34.8107,0,0
OND_PE,D,20230403,000000,35.0015,97.2793,33.9524,97.2793,0,0
OND_PE,D,20230404,000000,97.2793,97.8513,92.7015,94.2275,0,0
OND_PE,D,20230405,000000,92.6062,94.7997,90.6987,90.6987,0,0
OND_PE,D,20230406,000000,90.6987,94.8951,90.6987,93.6553,0,0
OND_PE,D,20230411,000000,94.4182,99.5685,94.4182,97.8513,0,0
OND_PE,D,20230412,000000,97.8513,98.6145,96.7071,97.5651,0,0
OND_PE,D,20230413,000000,98.0421,99.2823,96.9932,98.6145,0,0
OND_PE,D,20230414,000000,97.7559,99.9501,97.7559,99.9501,0,0
OND_PE,D,20230417,000000,99.9501,100.141,97.7559,97.7559,0,0
OND_PE,D,20230418,000000,97.9467,102.334,96.6117,99.9501,0,0
OND_PE,D,20230419,000000,100.998,100.998,98.9007,98.9007,0,0
OND_PE,D,20230420,000000,99.4731,101.38,99.4731,100.808,0,0
OND_PE,D,20230421,000000,98.9007,100.808,98.9007,99.9501,0,0
OND_PE,D,20230424,000000,99.5685,101.762,98.3283,100.617,0,0
OND_PE,D,20230425,000000,100.617,101.38,98.9961,99.4731,0,0
OND_PE,D,20230426,000000,100.045,100.236,97.8513,100.045,0,0
OND_PE,D,20230427,000000,99.9501,99.9501,98.6145,98.6145,0,0
OND_PE,D,20230428,000000,98.7099,98.7099,96.5163,96.6117,0,0
OND_PE,D,20230502,000000,96.0395,97.7559,95.8487,96.421,0,0
OND_PE,D,20230504,000000,96.2302,96.421,92.8923,94.5136,0,0
OND_PE,D,20230505,000000,93.6553,95.3719,93.6553,95.0858,0,0
OND_PE,D,20230508,000000,95.3719,98.0421,95.0858,96.9932,0,0
OND_PE,D,20230509,000000,95.1812,97.3743,95.1812,97.2793,0,0
OND_PE,D,20230510,000000,92.7015,296.321,90.4126,296.321,0,0
OND_PE,D,20230511,000000,295.939,297.847,277.627,279.822,0,0
OND_PE,D,20230512,000000,279.535,280.965,274.862,280.775,0,0
OND_PE,D,20230515,000000,280.965,293.937,280.965,293.937,0,0
OND_PE,D,20230516,000000,293.65,295.557,286.593,286.879,0,0
OND_PE,D,20230517,000000,283.255,291.742,282.396,286.402,0,0
OND_PE,D,20230518,000000,288.5,288.5,276.674,277.437,0,0
OND_PE,D,20230519,000000,277.15,279.535,272.001,279.345,0,0
OND_PE,D,20230522,000000,280.489,283.255,275.339,275.625,0,0
OND_PE,D,20230523,000000,276.674,276.674,264.943,267.613,0,0
OND_PE,D,20230524,000000,265.42,267.327,259.317,259.602,0,0
OND_PE,D,20230525,000000,259.793,263.131,258.363,261.987,0,0
OND_PE,D,20230526,000000,261.701,268.09,261.701,268.09,0,0
OND_PE,D,20230529,000000,267.804,271.047,260.27,261.033,0,0
OND_PE,D,20230530,000000,259.793,265.42,259.317,261.987,0,0
OND_PE,D,20230531,000000,260.747,263.131,258.363,258.649,0,0
OND_PE,D,20230601,000000,258.363,265.42,258.363,265.229,0,0
OND_PE,D,20230602,000000,263.131,269.712,263.131,269.426,0,0
OND_PE,D,20230605,000000,269.712,269.712,263.608,265.229,0,0
OND_PE,D,20230606,000000,264.943,267.804,263.131,265.706,0,0
OND_PE,D,20230607,000000,265.42,266.85,263.131,264.275,0,0
OND_PE,D,20230609,000000,265.42,268.758,265.42,268.09,0,0
OND_PE,D,20230612,000000,267.804,268.758,260.747,264.752,0,0
OND_PE,D,20230613,000000,265.897,265.897,260.747,261.033,0,0
OND_PE,D,20230614,000000,260.747,263.989,260.747,262.845,0,0
OND_PE,D,20230615,000000,259.317,262.845,257.027,257.218,0,0
OND_PE,D,20230616,000000,258.84,295.08,258.84,289.263,0,0
OND_PE,D,20230619,000000,286.593,286.593,278.104,281.252,0,0
OND_PE,D,20230620,000000,277.15,295.557,277.15,284.494,0,0
OND_PE,D,20230621,000000,284.208,292.696,284.208,289.263,0,0
OND_PE,D,20230622,000000,288.977,291.265,283.255,286.879,0,0
OND_PE,D,20230623,000000,282.396,286.116,277.627,278.391,0,0
OND_PE,D,20230626,000000,277.15,279.535,272.955,273.241,0,0
OND_PE,D,20230627,000000,272.955,281.919,272.955,276.007,0,0
OND_PE,D,20230628,000000,274.862,286.402,274.385,286.402,0,0
OND_PE,D,20230629,000000,286.116,305.667,278.581,305.667,0,0
OND_PE,D,20230630,000000,305.38,317.398,291.265,317.398,0,0
OND_PE,D,20230703,000000,314.728,314.728,305.38,308.529,0,0
OND_PE,D,20230704,000000,305.38,309.577,301.185,303.283,0,0
OND_PE,D,20230705,000000,304.904,311.008,295.939,300.994,0,0
OND_PE,D,20230706,000000,302.996,316.635,302.996,309.482,0,0
OND_PE,D,20230707,000000,310.054,313.869,304.427,307.098,0,0
OND_PE,D,20230710,000000,306.811,312.915,304.427,304.714,0,0
OND_PE,D,20230711,000000,305.38,309.577,298.8,299.086,0,0
OND_PE,D,20230712,000000,302.519,305.38,297.847,300.994,0,0
OND_PE,D,20230713,000000,304.904,311.008,298.323,303.283,0,0
OND_PE,D,20230714,000000,300.708,304.427,298.323,299.086,0,0
OND_PE,D,20230717,000000,303.95,303.95,297.847,299.086,0,0
OND_PE,D,20230718,000000,298.323,302.519,295.939,297.656,0,0
OND_PE,D,20230719,000000,302.042,302.042,297.37,298.133,0,0
OND_PE,D,20230720,000000,300.708,301.185,288.977,289.263,0,0
OND_PE,D,20230721,000000,288.023,288.023,286.593,287.356,0,0
OND_PE,D,20230724,000000,287.07,287.07,280.489,280.775,0,0
OND_PE,D,20230725,000000,280.489,280.489,273.432,273.717,0,0
OND_PE,D,20230726,000000,272.478,274.862,270.188,271.333,0,0
OND_PE,D,20230727,000000,271.047,272.478,270.188,270.856,0,0
OND_PE,D,20230728,000000,271.524,278.581,266.374,270.379,0,0
OND_PE,D,20230731,000000,267.804,277.627,267.804,270.379,0,0
OND_PE,D,20230801,000000,271.047,274.385,270.188,270.379,0,0
OND_PE,D,20230802,000000,269.235,269.235,263.131,264.275,0,0
OND_PE,D,20230803,000000,263.131,267.804,263.131,263.322,0,0
OND_PE,D,20230804,000000,263.989,266.374,263.095,263.322,0,0
OND_PE,D,20230807,000000,264.034,266.183,263.095,266.183,0,0
OND_PE,D,20230808,000000,265.444,265.444,260.746,261.033,0,0
OND_PE,D,20230809,000000,264.974,264.974,258.867,259.126,0,0
OND_PE,D,20230810,000000,259.336,263.095,259.336,260.079,0,0
OND_PE,D,20230811,000000,262.625,267.613,260.746,267.613,0,0
OND_PE,D,20230814,000000,267.323,286.586,267.323,286.402,0,0
OND_PE,D,20230816,000000,288.935,290.814,277.189,277.437,0,0
OND_PE,D,20230817,000000,274.84,281.888,270.612,270.856,0,0
OND_PE,D,20230818,000000,270.612,276.72,258.867,260.079,0,0
OND_PE,D,20230821,000000,263.095,268.263,261.685,263.798,0,0
OND_PE,D,20230822,000000,263.565,267.323,263.565,265.229,0,0
OND_PE,D,20230823,000000,264.974,270.142,263.095,267.423,0,0
OND_PE,D,20230824,000000,267.694,268.162,258.834,260.842,0,0
OND_PE,D,20230825,000000,260.529,267.041,259.598,260.842,0,0
OND_PE,D,20230828,000000,260.529,267.506,260.529,262.75,0,0
OND_PE,D,20230829,000000,263.498,273.758,263.498,269.235,0,0
OND_PE,D,20230830,000000,271.425,279.821,270.027,274.862,0,0
OND_PE,D,20230831,000000,275.157,277.488,261.165,263.226,0,0
OND_PE,D,20230901,000000,263.031,267.694,261.165,265.516,0,0
OND_PE,D,20230904,000000,265.363,265.829,260.233,260.842,0,0
OND_PE,D,20230905,000000,266.11,269.368,261.458,264.18,0,0
OND_PE,D,20230906,000000,264.43,265.363,257.901,259.984,0,0
OND_PE,D,20230907,000000,271.425,273.758,32.0449,32.0449,0,0
OND_PE,D,20230908,000000,32.1575,32.27,31.198,31.3774,0,0
OND_PE,D,20230911,000000,31.4889,31.6024,29.4537,29.4699,0,0
OND_PE,D,20230912,000000,29.4671,30.2005,28.5639,29.0885,0,0
OND_PE,D,20230913,000000,29.0846,29.3669,28.4084,28.4208,0,0
OND_PE,D,20230914,000000,28.7556,28.8681,28.107,28.707,0,0
OND_PE,D,20230915,000000,28.767,29.7275,28.7108,29.1838,0,0
OND_PE,D,20230918,000000,29.8619,29.9182,29.1285,29.7561,0,0
OND_PE,D,20230919,000000,29.6444,29.7579,28.2329,29.5653,0,0
OND_PE,D,20230920,000000,29.6235,29.6235,28.8319,29.0885,0,0
OND_PE,D,20230921,000000,29.0885,29.3717,28.5239,28.9931,0,0
OND_PE,D,20230922,000000,29.1066,29.2191,28.8023,28.8023,0,0
OND_PE,D,20230925,000000,28.8062,29.3145,28.2978,28.3255,0,0
OND_PE,D,20230926,000000,28.3235,29.3412,28.3235,28.5162,0,0
OND_PE,D,20230927,000000,28.5152,29.1933,28.5152,28.8023,0,0
OND_PE,D,20230928,000000,29.0885,29.0885,28.1004,28.1347,0,0
OND_PE,D,20230929,000000,28.1337,29.1237,28.1337,28.9931,0,0
OND_PE,D,20231002,000000,28.4818,28.9931,28.1995,28.707,0,0
OND_PE,D,20231003,000000,28.5973,28.707,28.1452,28.2301,0,0
OND_PE,D,20231004,000000,30.9997,30.9997,29.8705,29.9468,0,0
OND_PE,D,20231005,000000,30.7374,31.8656,30.5686,31.4728,0,0
OND_PE,D,20231006,000000,31.5833,31.5833,30.23,31.0913,0,0
OND_PE,D,20231009,000000,31.0368,31.4889,29.3975,29.6607,0,0
OND_PE,D,20231010,000000,29.6626,31.1313,29.6626,30.9005,0,0
OND_PE,D,20231011,000000,30.7269,31.5175,30.2748,31.3774,0,0
OND_PE,D,20231012,000000,31.5452,31.941,31.0368,31.7588,0,0
OND_PE,D,20231013,000000,31.9314,32.7793,31.5929,32.7125,0,0
OND_PE,D,20231016,000000,34.4035,34.9681,33.3325,34.9061,0,0
OND_PE,D,20231017,000000,35.0701,36.1975,33.9429,35.0969,0,0
OND_PE,D,20231018,000000,34.7574,34.9271,33.9524,33.9524,0,0
OND_PE,D,20231019,000000,33.9562,33.9562,32.7698,32.9986,0,0
OND_PE,D,20231020,000000,33.2762,33.2762,32.2042,32.9986,0,0
OND_PE,D,20231023,000000,32.9939,33.8399,32.4302,33.7616,0,0
OND_PE,D,20231024,000000,33.7569,33.7569,32.9662,33.094,0,0
OND_PE,D,20231025,000000,33.0893,33.8799,33.033,33.6663,0,0
OND_PE,D,20231026,000000,33.5576,34.0087,33.2762,33.857,0,0
OND_PE,D,20231027,000000,33.6272,34.0793,33.5709,33.9524,0,0
OND_PE,D,20231030,000000,34.0697,34.0697,33.3354,33.857,0,0
OND_PE,D,20231031,000000,33.8598,34.2548,33.2952,33.5709,0,0
OND_PE,D,20231102,000000,33.9067,35.26,33.5709,34.9061,0,0
OND_PE,D,20231103,000000,34.9576,35.4087,34.5065,35.0015,0,0
OND_PE,D,20231106,000000,35.5069,36.2403,34.9986,36.0506,0,0
OND_PE,D,20231107,000000,35.9934,36.3319,35.5423,35.6691,0,0
OND_PE,D,20231108,000000,36.0687,36.1812,35.5594,35.8598,0,0
OND_PE,D,20231109,000000,35.9123,36.9852,35.7435,36.9089,0,0
OND_PE,D,20231110,000000,37.0768,37.0768,36.5685,36.9089,0,0
OND_PE,D,20231113,000000,37.0186,37.4707,37.0186,37.3858,0,0
OND_PE,D,20231114,000000,37.382,37.9456,35.8035,35.9552,0,0
OND_PE,D,20231115,000000,35.2771,35.4469,33.9763,35.2876,0,0
OND_PE,D,20231116,000000,35.4049,36.5904,34.8966,34.9061,0,0
OND_PE,D,20231117,000000,35.3019,36.0363,34.6811,35.5737,0,0
OND_PE,D,20231120,000000,35.5737,35.63,23.2707,23.2707,0,0
OND_PE,D,20231121,000000,23.307,23.307,22.8644,23.08,0,0
OND_PE,D,20231122,000000,23.3022,23.3022,23.0428,23.08,0,0
OND_PE,D,20231123,000000,23.0809,23.266,23.0447,23.1753,0,0
OND_PE,D,20231124,000000,23.1773,23.2888,22.9188,23.2707,0,0
OND_PE,D,20231127,000000,23.2707,24.6002,22.9751,24.5106,0,0
OND_PE,D,20231128,000000,24.5468,25.1019,24.4353,24.5106,0,0
OND_PE,D,20231129,000000,25.1763,25.3241,24.5097,25.0828,0,0
OND_PE,D,20231130,000000,25.0856,25.4548,24.8262,24.9874,0,0
OND_PE,D,20231201,000000,25.5415,27.4289,24.9874,26.418,0,0
OND_PE,D,20231204,000000,27.1228,28.0832,26.79,26.7995,0,0
OND_PE,D,20231205,000000,27.0961,27.613,25.6169,25.7504,0,0
OND_PE,D,20231206,000000,25.7886,26.6774,25.7886,26.6088,0,0
OND_PE,D,20231207,000000,26.6107,26.7947,26.0556,26.3226,0,0
OND_PE,D,20231208,000000,26.2512,27.1381,26.2512,26.9903,0,0
OND_PE,D,20231211,000000,27.4337,27.6559,27.1381,27.5625,0,0
OND_PE,D,20231212,000000,27.4128,28.3398,27.2649,28.2301,0,0
OND_PE,D,20231213,000000,28.2311,28.7852,28.0832,28.707,0,0
OND_PE,D,20231214,000000,28.706,29.3708,28.2625,28.5162,0,0
OND_PE,D,20231215,000000,28.8872,29.3307,28.8872,29.0885,0,0
OND_PE,D,20231218,000000,29.2372,30.1623,29.2372,29.8514,0,0
OND_PE,D,20231219,000000,30.1098,31.366,30.1098,31.1867,0,0
OND_PE,D,20231220,000000,31.6301,31.9258,30.3006,31.282,0,0
OND_PE,D,20231221,000000,30.7288,31.1732,30.4332,30.8052,0,0
OND_PE,D,20231222,000000,30.3626,30.8052,29.4756,30.0422,0,0
OND_PE,D,20231227,000000,30.1509,30.1509,28.4857,29.3746,0,0
OND_PE,D,20231228,000000,29.5958,31.075,29.5958,30.9005,0,0
OND_PE,D,20231229,000000,31.0875,31.7903,30.7545,31.6635,0,0
OND_PE,D,20240102,000000,31.6606,31.6606,30.0317,30.1376,0,0
OND_PE,D,20240103,000000,30.5085,30.6563,29.1772,30.0422,0,0
OND_PE,D,20240104,000000,30.0412,30.3006,29.303,29.5653,0,0
OND_PE,D,20240105,000000,29.4557,29.4557,28.273,29.0885,0,0
OND_PE,D,20240108,000000,29.0493,29.3822,28.643,29.1838,0,0
OND_PE,D,20240109,000000,29.3708,29.9992,28.7794,29.0885,0,0
OND_PE,D,20240110,000000,29.0865,29.9,28.8643,29.1838,0,0
OND_PE,D,20240111,000000,29.777,30.0726,29.4814,29.7561,0,0
OND_PE,D,20240112,000000,29.7579,30.3855,29.6835,29.7561,0,0
OND_PE,D,20240115,000000,29.7579,30.1271,29.3135,29.3746,0,0
OND_PE,D,20240116,000000,29.2629,29.5958,28.6707,28.9931,0,0
OND_PE,D,20240117,000000,29.1438,29.1438,27.777,27.8486,0,0
OND_PE,D,20240118,000000,27.9983,28.9215,27.1858,28.707,0,0
OND_PE,D,20240119,000000,28.706,29.0016,27.6712,28.2301,0,0
OND_PE,D,20240122,000000,28.7852,29.0074,28.3045,28.9931,0,0
OND_PE,D,20240123,000000,28.4046,28.7737,28.0727,28.3255,0,0
OND_PE,D,20240124,000000,28.7689,28.7689,27.9564,28.2301,0,0
OND_PE,D,20240125,000000,28.1939,28.3416,27.3441,27.3717,0,0
OND_PE,D,20240126,000000,27.3708,28.1108,27.3708,28.0394,0,0
OND_PE,D,20240129,000000,27.8935,28.2635,27.8935,28.2301,0,0
OND_PE,D,20240130,000000,28.046,28.046,27.5663,27.6579,0,0
OND_PE,D,20240131,000000,27.6188,27.6931,26.8424,27.181,0,0
OND_PE,D,20240201,000000,26.4409,26.811,25.8496,26.0365,0,0
OND_PE,D,20240202,000000,26.0355,26.1834,25.4815,25.8458,0,0
OND_PE,D,20240205,000000,26.0308,26.7318,26.0308,26.418,0,0
OND_PE,D,20240206,000000,26.4562,26.4562,25.9383,26.2273,0,0
OND_PE,D,20240207,000000,26.2254,26.7423,26.1148,26.418,0,0
OND_PE,D,20240208,000000,26.6031,26.6774,26.2273,26.2273,0,0
OND_PE,D,20240209,000000,26.2663,26.5248,26.192,26.2273,0,0
OND_PE,D,20240212,000000,25.7485,25.8592,25.5635,25.655,0,0
OND_PE,D,20240213,000000,25.5835,25.5835,24.4725,24.7967,0,0
OND_PE,D,20240214,000000,24.4257,24.9073,24.2779,24.4152,0,0
OND_PE,D,20240215,000000,24.6021,25.2697,24.4152,24.4152,0,0
OND_PE,D,20240216,000000,24.4162,24.8606,24.4162,24.5106,0,0
OND_PE,D,20240219,000000,24.6193,24.6565,24.213,24.4152,0,0
OND_PE,D,20240220,000000,24.379,26.2273,24.379,26.2273,0,0
OND_PE,D,20240221,000000,26.4104,27.3708,26.2254,26.6088,0,0
OND_PE,D,20240222,000000,26.9798,27.944,26.9798,27.944,0,0
OND_PE,D,20240223,000000,28.3122,28.9778,27.6082,28.707,0,0
OND_PE,D,20240226,000000,29.6301,30.2225,29.5929,29.7561,0,0
OND_PE,D,20240227,000000,29.942,29.942,28.3893,29.3746,0,0
OND_PE,D,20240228,000000,29.5215,29.5215,27.6349,27.6579,0,0
OND_PE,D,20240229,000000,27.6559,28.5162,27.6197,28.5162,0,0
OND_PE,D,20240301,000000,28.8472,29.18,28.5505,28.8977,0,0
OND_PE,D,20240304,000000,29.118,29.3392,28.0832,28.1567,0,0
OND_PE,D,20240305,000000,28.1204,28.1204,27.1591,27.5625,0,0
OND_PE,D,20240306,000000,28.1156,28.3255,27.4128,28.3255,0,0
OND_PE,D,20240307,000000,28.4342,28.5162,27.8047,28.5162,0,0
OND_PE,D,20240308,000000,28.5877,29.1056,28.1433,28.5162,0,0
OND_PE,D,20240311,000000,28.4418,28.4418,27.5549,27.944,0,0
OND_PE,D,20240312,000000,27.942,27.942,27.3498,27.3717,0,0
OND_PE,D,20240313,000000,27.1858,27.1858,26.6679,26.8949,0,0
OND_PE,D,20240314,000000,26.8959,26.9903,26.6001,26.9903,0,0
OND_PE,D,20240315,000000,26.9903,26.9903,26.0661,26.4361,0,0
OND_PE,D,20240318,000000,26.1033,26.6202,25.8811,26.0365,0,0
OND_PE,D,20240319,000000,26.0355,26.3226,25.9621,26.3226,0,0
OND_PE,D,20240320,000000,26.2864,26.3236,26.1013,26.2273,0,0
OND_PE,D,20240321,000000,26.0775,26.0775,25.8458,25.8458,0,0
OND_PE,D,20240322,000000,25.8458,25.8458,25.3289,25.655,0,0
OND_PE,D,20240325,000000,25.6169,25.7657,24.8415,24.9874,0,0
OND_PE,D,20240326,000000,25.0228,25.8,25.0228,25.7504,0,0
OND_PE,D,20240327,000000,25.7504,25.7504,25.1591,25.5597,0,0
OND_PE,D,20240328,000000,25.7065,25.8544,21.7448,21.7448,0,0
OND_PE,D,20240402,000000,21.7429,21.7744,20.7787,21.4587,0,0
OND_PE,D,20240403,000000,21.7095,22.3942,21.4291,22.3171,0,0
OND_PE,D,20240404,000000,22.2541,23.3661,22.2541,23.3661,0,0
OND_PE,D,20240405,000000,23.2117,23.2117,22.7443,23.08,0,0
OND_PE,D,20240408,000000,23.1411,23.7028,23.1411,23.3661,0,0
OND_PE,D,20240409,000000,23.368,23.368,21.966,22.2217,0,0
OND_PE,D,20240410,000000,22.4095,22.7519,22.0042,22.4124,0,0
OND_PE,D,20240411,000000,22.5669,22.8473,22.1263,22.1263,0,0
OND_PE,D,20240412,000000,22.4696,22.8435,22.0032,22.031,0,0
OND_PE,D,20240415,000000,22.0318,22.998,22.0318,22.6032,0,0
OND_PE,D,20240416,000000,22.5411,22.5411,22.0128,22.031,0,0
OND_PE,D,20240417,000000,21.8115,22.4639,21.7495,22.1263,0,0
OND_PE,D,20240418,000000,22.1253,22.1253,21.658,21.7448,0,0
OND_PE,D,20240419,000000,21.9308,21.9308,21.5264,21.8402,0,0
OND_PE,D,20240422,000000,21.8383,21.8402,21.6513,21.8402,0,0
OND_PE,D,20240423,000000,21.8077,21.8077,21.5579,21.7448,0,0
OND_PE,D,20240424,000000,21.7753,21.7753,21.246,21.268,0,0
OND_PE,D,20240425,000000,21.4539,21.6723,21.2975,21.4587,0,0
OND_PE,D,20240426,000000,21.6151,22.0509,21.6151,22.031,0,0
OND_PE,D,20240429,000000,22.2475,22.2789,22.029,22.031,0,0
OND_PE,D,20240430,000000,22.2475,22.2475,21.4587,21.4587,0,0
OND_PE,D,20240502,000000,21.741,21.9584,21.4911,21.7715,0,0
OND_PE,D,20240506,000000,21.7715,21.8402,21.4606,21.8402,0,0
OND_PE,D,20240507,000000,21.8698,21.8698,21.6199,21.7448,0,0
OND_PE,D,20240508,000000,21.8068,22.461,21.7133,22.1263,0,0
OND_PE,D,20240509,000000,22.7795,23.122,13.6382,13.6382,0,0
OND_PE,D,20240510,000000,13.8252,13.8252,13.5428,13.5428,0,0
OND_PE,D,20240513,000000,13.9348,14.115,13.8785,14.115,0,0
OND_PE,D,20240514,000000,14.1713,14.2838,13.6658,13.8289,0,0
OND_PE,D,20240515,000000,13.9968,13.9968,13.7355,13.8289,0,0
OND_PE,D,20240516,000000,13.8661,13.9968,13.7164,13.8289,0,0
OND_PE,D,20240517,000000,14.0771,14.3097,13.9204,13.9204,0,0
OND_PE,D,20240520,000000,13.9009,14.0177,13.4249,14.0177,0,0
OND_PE,D,20240521,000000,13.8639,14.0936,13.7257,13.7257,0,0
OND_PE,D,20240522,000000,13.897,13.897,13.421,13.531,0,0
OND_PE,D,20240523,000000,13.531,13.823,13.531,13.823,0,0
OND_PE,D,20240524,000000,13.7471,13.7471,13.4424,13.531,0,0
OND_PE,D,20240527,000000,13.5495,13.6828,13.5495,13.6283,0,0
OND_PE,D,20240528,000000,13.6088,13.8181,13.456,13.7257,0,0
OND_PE,D,20240529,000000,13.7636,13.7636,13.4969,13.6283,0,0
OND_PE,D,20240531,000000,13.6283,13.7617,13.5709,13.7257,0,0
OND_PE,D,20240603,000000,13.7266,13.9369,13.7266,13.823,0,0
OND_PE,D,20240604,000000,13.823,13.8804,13.5378,13.6283,0,0
OND_PE,D,20240605,000000,13.8006,13.8006,13.4385,13.531,0,0
OND_PE,D,20240606,000000,13.8551,13.8551,13.4365,13.6283,0,0
OND_PE,D,20240607,000000,13.6478,13.8191,13.457,13.6283,0,0
OND_PE,D,20240610,000000,13.6088,13.6283,13.4336,13.4336,0,0
OND_PE,D,20240611,000000,13.4346,13.568,13.3363,13.3363,0,0
OND_PE,D,20240612,000000,13.2788,13.3927,13.0121,13.2389,0,0
OND_PE,D,20240613,000000,13.2389,13.4297,13.1241,13.2389,0,0
OND_PE,D,20240614,000000,12.9917,13.201,12.9537,13.0442,0,0
OND_PE,D,20240617,000000,13.0442,13.1416,12.8729,13.1416,0,0
OND_PE,D,20240618,000000,13.1416,13.199,12.9693,12.9693,0,0
OND_PE,D,20240619,000000,12.9693,13.199,12.9313,13.1416,0,0
OND_PE,D,20240620,000000,13.199,13.199,13.0073,13.0442,0,0
OND_PE,D,20240621,000000,13.0442,13.3694,13.0248,13.2389,0,0
OND_PE,D,20240624,000000,13.2954,13.4482,12.9722,13.4336,0,0
OND_PE,D,20240625,000000,13.3957,13.5096,13.2808,13.3363,0,0
OND_PE,D,20240626,000000,13.3742,13.565,13.1835,13.3363,0,0
OND_PE,D,20240627,000000,13.3558,13.5845,13.2389,13.2389,0,0
OND_PE,D,20240628,000000,13.3334,13.3363,13.162,13.3363,0,0
OND_PE,D,20240701,000000,13.3363,13.4502,13.1455,13.3363,0,0
OND_PE,D,20240702,000000,13.3742,13.4122,13.1445,13.2389,0,0
OND_PE,D,20240703,000000,13.2574,13.3149,13.1435,13.2389,0,0
OND_PE,D,20240704,000000,13.2389,13.2769,13.0491,13.2389,0,0
OND_PE,D,20240705,000000,13.201,13.3723,13.201,13.3363,0,0
OND_PE,D,20240708,000000,13.3373,13.3558,13.0696,13.3363,0,0
OND_PE,D,20240709,000000,13.2409,14.3097,13.2409,14.3097,0,0
OND_PE,D,20240710,000000,14.6913,14.7867,14.3477,14.6018,0,0
OND_PE,D,20240711,000000,14.6407,14.6407,14.3097,14.3097,0,0
OND_PE,D,20240712,000000,14.1958,14.2143,13.9486,14.115,0,0
OND_PE,D,20240715,000000,14.115,14.153,13.6974,13.7257,0,0
OND_PE,D,20240716,000000,13.6877,13.6877,13.2302,13.2389,0,0
OND_PE,D,20240717,000000,13.2389,13.3149,12.4602,12.9469,0,0
OND_PE,D,20240718,000000,12.9459,13.1747,12.87,13.1416,0,0
OND_PE,D,20240719,000000,13.1231,13.1796,12.8943,13.0442,0,0
OND_PE,D,20240722,000000,13.0063,13.3888,13.0063,13.2389,0,0
OND_PE,D,20240723,000000,13.2954,13.2954,12.7055,12.7522,0,0
OND_PE,D,20240724,000000,12.7337,13.0773,12.7337,13.0442,0,0
OND_PE,D,20240725,000000,12.8729,12.9488,12.6821,12.7522,0,0
OND_PE,D,20240726,000000,12.7532,12.8865,12.7142,12.7522,0,0
OND_PE,D,20240729,000000,12.6578,12.905,12.6578,12.8496,0,0
OND_PE,D,20240730,000000,12.8496,13.0442,12.7551,13.0442,0,0
OND_PE,D,20240731,000000,13.0637,13.1416,12.796,13.1416,0,0
OND_PE,D,20240801,000000,13.1416,13.2175,12.9693,13.0442,0,0
OND_PE,D,20240802,000000,13.0442,13.0442,12.8145,12.8496,0,0
OND_PE,D,20240805,000000,12.6597,12.6597,11.6318,12.1681,0,0
OND_PE,D,20240806,000000,11.9579,12.1876,11.9579,12.0708,0,0
OND_PE,D,20240807,000000,12.1847,12.6042,12.1847,12.4602,0,0
OND_PE,D,20240808,000000,12.3278,12.4037,12.0231,12.2655,0,0
OND_PE,D,20240809,000000,12.5127,12.5127,12.246,12.2655,0,0
OND_PE,D,20240812,000000,12.3035,12.5507,12.0757,12.2655,0,0
OND_PE,D,20240813,000000,12.4748,12.4748,12.1516,12.3628,0,0
OND_PE,D,20240814,000000,12.4777,12.4777,12.21,12.2655,0,0
OND_PE,D,20240816,000000,12.4563,13.2389,12.3998,12.9469,0,0
OND_PE,D,20240819,000000,13.1367,13.384,12.9274,12.9469,0,0
OND_PE,D,20240820,000000,12.9459,13.0413,12.2606,12.2655,0,0
OND_PE,D,20240821,000000,12.2655,12.5517,12.2275,12.3628,0,0
OND_PE,D,20240822,000000,12.3823,12.5157,12.2655,12.2655,0,0
OND_PE,D,20240823,000000,12.3609,12.3609,11.9803,12.2655,0,0
OND_PE,D,20240826,000000,12.2655,12.3628,12.2275,12.3628,0,0
OND_PE,D,20240827,000000,12.3823,12.4203,12.1146,12.1681,0,0
OND_PE,D,20240828,000000,12.1681,12.1681,12.0348,12.0708,0,0
OND_PE,D,20240829,000000,12.0513,12.2227,12.0319,12.1681,0,0
OND_PE,D,20240830,000000,12.2061,12.3784,12.0922,12.2655,0,0
OND_PE,D,20240902,000000,12.284,12.3988,12.1691,12.2265,0,0
OND_PE,D,20240903,000000,12.2265,12.2655,12.0163,12.0708,0,0
OND_PE,D,20240904,000000,11.9569,12.0523,11.7788,11.7788,0,0
OND_PE,D,20240905,000000,11.9881,11.9881,11.7788,11.8761,0,0
OND_PE,D,20240906,000000,11.8761,11.952,11.6863,11.8761,0,0
OND_PE,D,20240909,000000,11.8576,11.9335,11.5841,11.5841,0,0
OND_PE,D,20240910,000000,11.5841,11.8761,11.5841,11.8761,0,0
OND_PE,D,20240911,000000,11.7622,17.3274,11.0925,17.3274,0,0
OND_PE,D,20240912,000000,17.3839,17.7022,17.0354,17.0354,0,0
OND_PE,D,20240913,000000,16.977,17.0919,16.8621,16.9381,0,0
OND_PE,D,20240916,000000,17.0247,17.4579,16.9098,16.9381,0,0
OND_PE,D,20240917,000000,16.9945,17.3693,16.9079,16.9381,0,0
OND_PE,D,20240918,000000,17.0247,17.0247,16.7365,16.8407,0,0
OND_PE,D,20240919,000000,16.6966,17.3274,16.6392,17.3274,0,0
OND_PE,D,20240920,000000,17.2106,18.0478,17.0665,18.0088,0,0
OND_PE,D,20240923,000000,18.0079,18.0079,17.4608,17.5221,0,0
OND_PE,D,20240924,000000,17.6672,17.6672,17.0889,17.1327,0,0
OND_PE,D,20240925,000000,17.2486,17.5367,16.8748,16.9381,0,0
OND_PE,D,20240926,000000,17.6857,17.6857,16.5915,16.7434,0,0
OND_PE,D,20240927,000000,16.83,17.1765,16.5993,16.7434,0,0
OND_PE,D,20240930,000000,16.7434,17.0325,16.5127,16.5487,0,0
OND_PE,D,20241001,000000,16.8641,16.8641,16.3462,16.5487,0,0
OND_PE,D,20241002,000000,16.6363,16.6947,16.3472,16.4513,0,0
OND_PE,D,20241003,000000,16.4221,16.4221,15.9305,16.1593,0,0
OND_PE,D,20241004,000000,16.1885,16.1885,15.7699,15.7699,0,0
OND_PE,D,20241007,000000,15.7709,15.8283,15.4253,15.4779,0,0
OND_PE,D,20241008,000000,15.4779,16.1427,15.4496,15.9646,0,0
OND_PE,D,20241009,000000,15.7923,16.3102,15.7923,15.9646,0,0
OND_PE,D,20241010,000000,16.1953,16.4552,16.1953,16.2566,0,0
OND_PE,D,20241011,000000,16.2576,16.977,16.2576,16.8407,0,0
OND_PE,D,20241014,000000,16.8407,17.0422,16.3209,16.646,0,0
OND_PE,D,20241015,000000,16.646,16.7609,16.354,16.354,0,0
OND_PE,D,20241016,000000,16.5555,16.8144,16.4114,16.5487,0,0
OND_PE,D,20241017,000000,16.5769,16.7784,16.0016,16.0619,0,0
OND_PE,D,20241018,000000,16.1788,16.4387,16.0337,16.1593,0,0
OND_PE,D,20241021,000000,16.1301,16.1301,15.4779,15.4779,0,0
OND_PE,D,20241022,000000,15.6512,15.7952,15.5071,15.5752,0,0
OND_PE,D,20241023,000000,15.5742,15.6317,15.3153,15.5752,0,0
OND_PE,D,20241024,000000,15.6044,15.6911,15.2579,15.5752,0,0
OND_PE,D,20241025,000000,15.4886,15.7193,15.2871,15.4779,0,0
OND_PE,D,20241028,000000,15.6794,15.6794,15.1858,15.1858,0,0
OND_PE,D,20241029,000000,15.1868,15.4448,15.1858,15.2832,0,0
OND_PE,D,20241030,000000,15.4555,15.6288,15.2822,15.3805,0,0
OND_PE,D,20241031,000000,15.2666,15.4973,15.1226,15.1858,0,0
OND_PE,D,20241104,000000,15.1868,15.1868,14.8704,14.9912,0,0
OND_PE,D,20241105,000000,14.9921,14.9921,14.8763,14.9912,0,0
OND_PE,D,20241106,000000,14.9921,15.0496,14.7896,14.7965,0,0
OND_PE,D,20241107,000000,14.8257,17.5221,14.739,17.5221,0,0
OND_PE,D,20241108,000000,17.5572,18.405,17.5572,17.9115,0,0
OND_PE,D,20241112,000000,17.9115,18.0799,17.6195,17.6195,0,0
OND_PE,D,20241113,000000,17.6535,17.8891,17.5523,17.7168,0,0
OND_PE,D,20241114,000000,17.7178,17.7178,17.2116,17.5221,0,0
OND_PE,D,20241115,000000,17.5212,17.5212,16.8796,16.9381,0,0
OND_PE,D,20241118,000000,16.9381,17.2087,16.9381,17.0354,0,0
OND_PE,D,20241119,000000,17.0364,17.307,16.7161,16.9381,0,0
OND_PE,D,20241120,000000,16.9381,17.2437,16.9381,16.9381,0,0
OND_PE,D,20241121,000000,17.1746,17.3771,17.0734,17.2301,0,0
OND_PE,D,20241122,000000,17.2642,17.5338,17.1629,17.2301,0,0
OND_PE,D,20241125,000000,17.3985,17.3985,17.0607,17.2301,0,0
OND_PE,D,20241126,000000,17.2291,17.8375,17.2291,17.2301,0,0
OND_PE,D,20241127,000000,17.3654,17.3654,17.0617,17.1327,0,0
OND_PE,D,20241128,000000,17.1318,17.1318,16.8962,17.0354,0,0
OND_PE,D,20241129,000000,16.9342,17.2048,16.8154,16.9381,0,0
OND_PE,D,20241202,000000,19.4388,19.4388,18.2892,18.6903,0,0
OND_PE,D,20241203,000000,18.6912,18.8606,17.9115,17.9115,0,0
OND_PE,D,20241204,000000,17.9115,18.2493,17.4043,17.5221,0,0
OND_PE,D,20241205,000000,17.4199,17.6896,17.2174,17.4248,0,0
OND_PE,D,20241206,000000,17.4258,18.5754,17.4258,18.1062,0,0
OND_PE,D,20241209,000000,18.3778,18.4119,17.8035,17.8142,0,0
OND_PE,D,20241210,000000,17.9144,18.0828,17.3274,17.3274,0,0
OND_PE,D,20241211,000000,17.3284,17.5309,17.0919,17.2301,0,0
OND_PE,D,20241212,000000,17.1639,17.2651,16.8592,16.9381,0,0
OND_PE,D,20241213,000000,17.1074,17.2096,16.2566,16.2566,0,0
OND_PE,D,20241216,000000,16.6275,16.6275,15.9335,16.0619,0,0
OND_PE,D,20241217,000000,15.8916,16.095,15.8069,15.9646,0,0
OND_PE,D,20241218,000000,15.9821,16.574,15.8293,15.8673,0,0
OND_PE,D,20241219,000000,15.7319,16.0016,15.3601,15.3805,0,0
OND_PE,D,20241220,000000,15.2978,15.2978,14.6378,15.1858,0,0
OND_PE,D,20241223,000000,15.1868,15.7767,15.0174,15.4779,0,0
OND_PE,D,20241227,000000,15.4769,17.3888,15.0544,17.3274,0,0
OND_PE,D,20241230,000000,17.6652,18.1062,17.6652,18.1062,0,0
OND_PE,D,20250102,000000,18.1052,18.5452,17.9699,18.3982,0,0
OND_PE,D,20250103,000000,18.3992,18.3992,17.6224,17.9115,0,0
OND_PE,D,20250107,000000,17.9105,18.3496,17.9105,18.1062,0,0
OND_PE,D,20250108,000000,18.2405,18.2405,17.7168,17.7168,0,0
OND_PE,D,20250109,000000,17.8862,18.2571,17.7509,18.1062,0,0
OND_PE,D,20250110,000000,18.2065,18.2065,17.4287,18.0088,0,0
OND_PE,D,20250113,000000,18.0098,18.2123,17.8745,18.2035,0,0
OND_PE,D,20250114,000000,18.2035,18.2376,17.8988,18.0088,0,0
OND_PE,D,20250115,000000,18.0098,18.1782,17.9758,18.1062,0,0
OND_PE,D,20250116,000000,18.1072,18.3982,17.8375,18.3982,0,0
OND_PE,D,20250117,000000,18.3982,19.3814,18.3982,19.0796,0,0
OND_PE,D,20250120,000000,19.4184,19.8243,19.4184,19.7611,0,0
OND_PE,D,20250121,000000,19.762,19.9645,19.4593,19.5664,0,0
OND_PE,D,20250122,000000,19.7027,20.2439,19.4992,20.0531,0,0
OND_PE,D,20250123,000000,20.1212,20.1212,19.4116,19.8584,0,0
OND_PE,D,20250124,000000,19.7903,19.7903,19.4525,19.7611,0,0
OND_PE,D,20250127,000000,18.8139,18.9151,18.408,18.5929,0,0
OND_PE,D,20250128,000000,18.5939,18.7876,18.4245,18.7876,0,0
OND_PE,D,20250129,000000,18.7886,18.958,18.552,18.885,0,0
OND_PE,D,20250130,000000,18.885,19.9558,18.8168,19.9558,0,0
OND_PE,D,20250131,000000,19.9908,20.1602,19.4827,19.5664,0,0
OND_PE,D,20250203,000000,18.9589,19.398,18.9249,19.177,0,0
OND_PE,D,20250204,000000,19.1789,19.3814,18.8071,18.9823,0,0
OND_PE,D,20250205,000000,18.9823,19.3542,18.7876,18.7876,0,0
OND_PE,D,20250206,000000,18.7876,19.0796,18.7876,19.0796,0,0
OND_PE,D,20250207,000000,19.0806,19.0806,18.7428,18.7876,0,0
OND_PE,D,20250210,000000,19.1273,19.9733,18.8898,19.177,0,0
OND_PE,D,20250211,000000,19.212,19.5839,19.0777,19.177,0,0
OND_PE,D,20250212,000000,19.3814,19.7192,19.0436,19.177,0,0
OND_PE,D,20250213,000000,19.2111,19.4486,19.0758,19.3717,0,0
OND_PE,D,20250214,000000,19.2023,19.2743,18.9658,19.2743,0,0
OND_PE,D,20250217,000000,19.2734,19.3065,18.9346,19.177,0,0
OND_PE,D,20250218,000000,19.2802,19.2802,18.7058,18.7876,0,0
OND_PE,D,20250219,000000,18.6192,18.6192,17.7168,17.7168,0,0
OND_PE,D,20250220,000000,17.7178,17.9115,17.2116,17.9115,0,0
OND_PE,D,20250221,000000,17.9456,18.4196,17.9456,18.2035,0,0
OND_PE,D,20250224,000000,17.5942,18.2035,17.4258,17.8142,0,0
OND_PE,D,20250225,000000,17.8161,18.0517,17.748,17.8142,0,0
OND_PE,D,20250226,000000,17.9144,18.3875,17.9144,18.2035,0,0
OND_PE,D,20250227,000000,18.1714,18.1714,17.8005,17.8142,0,0
OND_PE,D,20250228,000000,17.7149,18.0186,17.5796,17.8142,0,0
OND_PE,D,20250303,000000,17.9485,18.151,17.7791,17.9115,0,0
OND_PE,D,20250304,000000,17.9115,18.0458,16.9984,17.1327,0,0
OND_PE,D,20250305,000000,17.3002,17.638,17.3002,17.6195,0,0
OND_PE,D,20250306,000000,17.6195,18.2619,17.6195,18.0088,0,0
OND_PE,D,20250307,000000,17.8745,17.8745,17.3333,17.7168,0,0
OND_PE,D,20250310,000000,17.7178,17.785,17.38,17.7168,0,0
OND_PE,D,20250311,000000,17.7178,17.7178,17.3119,17.3274,0,0
OND_PE,D,20250312,000000,17.3956,17.8677,17.3956,17.8142,0,0
OND_PE,D,20250313,000000,17.8132,17.9144,17.6779,17.8142,0,0
OND_PE,D,20250314,000000,17.8132,18.4226,17.6779,18.0088,0,0
OND_PE,D,20250317,000000,18.5481,19.3912,18.3797,19.3717,0,0
OND_PE,D,20250318,000000,19.4719,19.6413,18.9307,19.5664,0,0
OND_PE,D,20250319,000000,19.6686,20.1427,19.6637,19.6637,0,0
OND_PE,D,20250320,000000,19.7669,20.2069,19.1235,19.2743,0,0
OND_PE,D,20250321,000000,19.5099,19.9558,19.0709,19.9558,0,0
OND_PE,D,20250324,000000,19.9548,21.4412,19.9548,21.4159,0,0
OND_PE,D,20250325,000000,21.415,21.5493,20.8065,21.1239,0,0
OND_PE,D,20250326,000000,21.156,21.2232,20.4142,20.4425,0,0
OND_PE,D,20250327,000000,20.5116,21.6106,20.275,21.6106,0,0
OND_PE,D,20250328,000000,21.6437,21.6437,21.3186,21.3186,0,0
OND_PE,D,20250331,000000,21.2816,21.3867,20.3354,20.4425,0,0
OND_PE,D,20250401,000000,20.4425,21.0022,20.4425,20.5398,0,0
OND_PE,D,20250402,000000,20.6781,20.7832,20.3276,20.5398,0,0
OND_PE,D,20250403,000000,20.3296,20.5048,19.4515,19.4865,0,0
OND_PE,D,20250404,000000,19.838,19.838,18.6085,18.7876,0,0
OND_PE,D,20250407,000000,18.4362,18.7175,16.5925,18.1558,0,0
OND_PE,D,20250408,000000,18.4362,18.7526,18.296,18.5929,0,0
OND_PE,D,20250409,000000,18.3466,18.3466,17.8901,18.2035,0,0
OND_PE,D,20250410,000000,19.1176,19.1176,18.7312,18.9774,0,0
OND_PE,D,20250411,000000,19.1527,19.3288,18.3009,18.3009,0,0
OND_PE,D,20250414,000000,18.405,18.9648,18.405,18.885,0,0
OND_PE,D,20250415,000000,18.919,18.9541,18.3233,18.6903,0,0
OND_PE,D,20250416,000000,18.7584,18.8285,18.3038,18.7876,0,0
OND_PE,D,20250417,000000,18.5082,18.7886,18.1928,18.5929,0,0
OND_PE,D,20250422,000000,18.5919,18.7321,18.3009,18.3009,0,0
OND_PE,D,20250423,000000,18.407,18.7224,18.1266,18.6903,0,0
OND_PE,D,20250424,000000,18.6192,18.6893,18.443,18.5929,0,0
OND_PE,D,20250425,000000,18.5939,18.8042,18.4187,18.4956,0,0
OND_PE,D,20250428,000000,18.7759,18.8801,18.6358,18.6903,0,0
OND_PE,D,20250429,000000,18.6903,19.0057,18.6903,18.7876,0,0
OND_PE,D,20250430,000000,18.6825,18.9638,18.4712,18.7876,0,0
OND_PE,D,20250502,000000,18.7866,18.8918,18.4722,18.885,0,0
OND_PE,D,20250505,000000,18.92,18.92,18.5705,18.885,0,0
OND_PE,D,20250506,000000,18.885,18.885,18.4304,18.885,0,0
OND_PE,D,20250507,000000,18.8509,20.6411,18.8509,20.2478,0,0
OND_PE,D,20250508,000000,20.2838,20.459,19.7591,19.7611,0,0
OND_PE,D,20250509,000000,19.7591,20.0044,19.4447,19.9558,0,0
OND_PE,D,20250512,000000,19.9558,20.0609,19.6754,20.0531,0,0
OND_PE,D,20250513,000000,18.8976,79.7257,18.8976,79.7257,0,0
OND_PE,D,20250514,000000,79.1562,81.3396,78.7201,80.3097,0,0
OND_PE,D,20250515,000000,80.3204,80.3204,78.8651,80.2124,0,0
OND_PE,D,20250516,000000,81.1089,85.0407,79.6527,82.8407,0,0
OND_PE,D,20250519,000000,83.0023,85.4778,82.9381,82.9381,0,0
OND_PE,D,20250520,000000,83.085,84.3953,80.6115,82.0619,0,0
OND_PE,D,20250521,000000,82.3579,83.2311,82.2119,83.2311,0,0
OND_PE,D,20250522,000000,83.2311,83.3761,82.5029,82.8407,0,0
OND_PE,D,20250523,000000,83.4384,83.4384,80.9629,82.2566,0,0
OND_PE,D,20250526,000000,82.872,84.979,81.975,82.2,0,0
OND_PE,D,20250527,000000,82.81,82.81,81.465,81.8,0,0
OND_PE,D,20250528,000000,81.975,82.723,81.526,82.7,0,0
OND_PE,D,20250529,000000,82.274,82.274,81.227,81.5,0,0
OND_PE,D,20250530,000000,81.526,82.423,81.227,82.2,0,0
OND_PE,D,20250602,000000,77.578,78.475,76.831,77.7,0,0
OND_PE,D,20250603,000000,77.28,77.578,75.3,75.3,0,0
OND_PE,D,20250604,000000,75.878,76.176,73.338,73.7,0,0
OND_PE,D,20250605,000000,73.692,74.141,72.197,72.3,0,0
OND_PE,D,20250606,000000,73.114,73.114,72.069,72.3,0,0
OND_PE,D,20250609,000000,72.666,73.1,71.322,73.1,0,0
OND_PE,D,20250610,000000,73.094,73.991,71.898,72.6,0,0
OND_PE,D,20250611,000000,72.816,72.816,71.397,72.3,0,0
OND_PE,D,20250612,000000,71.919,71.919,71.322,71.7,0,0
OND_PE,D,20250613,000000,71.397,71.695,69.604,69.9,0,0
OND_PE,D,20250616,000000,69.88,69.88,68.386,69.4,0,0
OND_PE,D,20250617,000000,69.455,69.455,68.708,69,0,0
OND_PE,D,20250618,000000,68.909,71.674,68.909,71,0,0
OND_PE,D,20250620,000000,69.88,74.4,69.88,74.4,0,0
OND_PE,D,20250623,000000,74.794,78.534,74.495,77.7,0,0
OND_PE,D,20250624,000000,77.728,78.2,75.486,78.2,0,0
OND_PE,D,20250625,000000,78.326,80.269,76.2,76.2,0,0
OND_PE,D,20250626,000000,77.222,77.819,74.981,77,0,0
OND_PE,D,20250627,000000,77.28,77.28,74.589,75.5,0,0
OND_PE,D,20250630,000000,74.738,76.084,74.066,74.5,0,0
OND_PE,D,20250701,000000,74.888,75.336,73.6,73.6,0,0
OND_PE,D,20250702,000000,73.393,76.682,73.393,76.2,0,0
OND_PE,D,20250703,000000,76.176,77.371,75.579,75.6,0,0
OND_PE,D,20250704,000000,75.878,76.774,75.429,75.5,0,0
OND_PE,D,20250707,000000,75.934,75.934,74.738,75.3,0,0
OND_PE,D,20250708,000000,74.832,76.326,74.683,75.5,0,0
OND_PE,D,20250709,000000,75.486,77.429,74.365,75.5,0,0
OND_PE,D,20250710,000000,75.187,75.934,74.738,75,0,0
OND_PE,D,20250711,000000,75.28,75.429,73.936,74.4,0,0
OND_PE,D,20250714,000000,73.506,74.391,73.137,74.1,0,0
OND_PE,D,20250715,000000,74.085,75.5,73.936,75.5,0,0
OND_PE,D,20250716,000000,75.486,76.981,74.5,74.5,0,0
OND_PE,D,20250717,000000,74.738,76.233,74.738,76.1,0,0
OND_PE,D,20250718,000000,76.084,76.233,75.336,76.2,0,0
OND_PE,D,20250721,000000,76.176,76.176,75.131,75.9,0,0
OND_PE,D,20250722,000000,75.878,75.878,74.832,75.5,0,0
OND_PE,D,20250723,000000,75.635,75.934,74.738,75.9,0,0
OND_PE,D,20250724,000000,76.176,76.176,74.683,75.5,0,0
OND_PE,D,20250725,000000,75.336,76.084,74.738,75.5,0,0
OND_PE,D,20250728,000000,76.084,76.084,74.738,75.3,0,0
OND_PE,D,20250729,000000,75.429,76.176,74.085,75,0,0
OND_PE,D,20250730,000000,74.981,75.579,74.683,75.5,0,0
OND_PE,D,20250731,000000,75.486,75.635,74.439,75.5,0,0
OND_PE,D,20250801,000000,75.934,75.934,73.094,74.2,0,0
OND_PE,D,20250804,000000,74.215,75.187,73.318,74.7,0,0
OND_PE,D,20250805,000000,74.794,75.243,74.346,74.7,0,0
OND_PE,D,20250806,000000,75.28,75.28,73.264,74.4,0,0
OND_PE,D,20250807,000000,74.384,74.683,73.786,74.4,0,0
OND_PE,D,20250808,000000,74.046,74.495,73.747,74.4,0,0
OND_PE,D,20250811,000000,74.309,74.309,73.189,74,0,0
OND_PE,D,20250812,000000,73.991,74.4,73.842,74.4,0,0
OND_PE,D,20250813,000000,74.42,74.42,73.672,74.3,0,0
OND_PE,D,20250814,000000,74.29,76.532,74.29,76.2,0,0
OND_PE,D,20250818,000000,76.176,76.176,74.832,75.9,0,0
OND_PE,D,20250819,000000,75.878,76.1,74.683,76.1,0,0
OND_PE,D,20250820,000000,76.084,76.084,74.514,75.5,0,0
OND_PE,D,20250821,000000,74.738,75.785,73.991,74.7,0,0
OND_PE,D,20250822,000000,74.533,74.533,72.442,73.2,0,0
OND_PE,D,20250825,000000,73.189,73.936,70.948,71.9,0,0
OND_PE,D,20250826,000000,71.898,71.898,71.001,71.6,0,0
OND_PE,D,20250827,000000,71.749,73.916,70.703,73.7,0,0
OND_PE,D,20250828,000000,73.916,74.514,72.272,73.4,0,0
OND_PE,D,20250829,000000,73.169,73.169,71.749,72.3,0,0
OND_PE,D,20250901,000000,72.293,72.293,71.471,72.1,0,0
OND_PE,D,20250902,000000,72.272,72.272,70.777,71.7,0,0
OND_PE,D,20250903,000000,71.77,72.069,70.5,71.4,0,0
OND_PE,D,20250904,000000,71.621,72.069,70.948,72,0,0
OND_PE,D,20250905,000000,71.845,72.143,70.948,71.3,0,0
OND_PE,D,20250908,000000,71.749,71.9,71.599,71.9,0,0
OND_PE,D,20250909,000000,72.197,72.272,70.404,72.1,0,0
OND_PE,D,20250910,000000,72.272,72.272,70.329,71.6,0,0
OND_PE,D,20250911,000000,71.749,71.749,26.9,26.9,0,0
OND_PE,D,20250912,000000,27.016,27.016,26.509,26.7,0,0
OND_PE,D,20250915,000000,26.838,26.838,26.218,26.6,0,0
OND_PE,D,20250916,000000,26.457,26.457,25.781,25.8,0,0
OND_PE,D,20250917,000000,25.803,26.141,25.803,26,0,0
OND_PE,D,20250918,000000,25.999,26.027,25.521,25.8,0,0
OND_PE,D,20250919,000000,25.655,26.501,25.655,26.5,0,0
OND_PE,D,20250922,000000,26.529,26.529,25.825,26,0,0
OND_PE,D,20250923,000000,25.999,26.168,25.858,26.1,0,0
OND_PE,D,20250924,000000,26.098,26.3,25.957,26.3,0,0
OND_PE,D,20250925,000000,26.302,26.302,25.683,25.9,0,0
OND_PE,D,20250926,000000,26.097,26.097,25.759,26,0,0
OND_PE,D,20250929,000000,26.027,26.027,25.746,25.9,0,0
OND_PE,D,20250930,000000,25.761,25.846,25.564,25.7,0,0
OND_PE,D,20251001,000000,25.703,26.1,25.703,26.1,0,0
OND_PE,D,20251002,000000,26.1,26.1,25.79,25.9,0,0
OND_PE,D,20251003,000000,25.929,25.929,25.479,25.7,0,0
OND_PE,D,20251006,000000,25.697,25.754,25.359,25.7,0,0
OND_PE,D,20251007,000000,25.675,25.703,25.422,25.6,0,0
OND_PE,D,20251008,000000,25.684,25.684,25.487,25.6,0,0
OND_PE,D,20251009,000000,26.188,27.004,25.879,26.2,0,0
OND_PE,D,20251010,000000,26.197,26.197,25.634,25.9,0,0
OND_PE,D,20251013,000000,25.677,25.875,25.508,25.7,0,0
OND_PE,D,20251014,000000,25.703,25.703,25.169,25.4,0,0
OND_PE,D,20251015,000000,25.402,25.402,24.894,25.1,0,0
OND_PE,D,20251016,000000,25.183,25.324,25.155,25.3,0,0
OND_PE,D,20251017,000000,22.598,24.514,22.598,24.5,0,0
OND_PE,D,20251020,000000,25.289,25.289,24.697,25.1,0,0
OND_PE,D,20251021,000000,25.183,25.4,25.155,25.4,0,0
OND_PE,D,20251022,000000,25.402,25.402,24.443,25.1,0,0
OND_PE,D,20251023,000000,25.296,25.296,24.478,24.6,0,0
OND_PE,D,20251024,000000,24.542,25.134,24.485,25.1,0,0
OND_PE,D,20251027,000000,25.24,25.268,24.506,25.2,0,0
OND_PE,D,20251028,000000,25.141,25.141,24.409,24.8,0,0
OND_PE,D,20251029,000000,24.803,24.803,24.549,24.8,0,0
OND_PE,D,20251030,000000,24.774,24.802,24.549,24.7,0,0
OND_PE,D,20251031,000000,24.725,24.725,23.964,24.105,0,0
OND_PE,D,20251103,000000,24.02,24.161,23.682,23.8,0,0
OND_PE,D,20251104,000000,23.629,24.051,23.404,23.8,0,0
OND_PE,D,20251105,000000,23.775,23.803,23.465,23.5,0,0
OND_PE,D,20251106,000000,23.498,24.683,23.47,24.6,0,0
OND_PE,D,20251107,000000,24.683,24.937,17.7,17.7,0,0
OND_PE,D,20251110,000000,17.823,17.823,17.359,17.5,0,0
OND_PE,D,20251112,000000,17.723,17.723,17.461,17.5,0,0
OND_PE,D,20251113,000000,17.582,17.622,17.381,17.6,0,0
OND_PE,D,20251114,000000,17.601,17.661,17.36,17.5,0,0
OND_PE,D,20251117,000000,17.44,17.44,17.137,17.2,0,0
OND_PE,D,20251118,000000,17.099,17.24,16.797,17.2,0,0
OND_PE,D,20251119,000000,17.2,17.2,16.978,17.2,0,0
OND_PE,D,20251120,000000,17.2,17.341,16.818,17.1,0,0
OND_PE,D,20251121,000000,17.061,17.4,16.76,17.4,0,0
OND_PE,D,20251124,000000,17.318,17.499,16.895,16.9,0,0
OND_PE,D,20251125,000000,16.901,16.901,16.8,16.8,0,0
OND_PE,D,20251126,000000,16.861,17.1,16.72,17.1,0,0
OND_PE,D,20251127,000000,17.1,17.1,16.899,17,0,0
OND_PE,D,20251128,000000,17.06,17.06,16.8,16.8,0,0
OND_PE,D,20251201,000000,16.861,16.9,16.76,16.9,0,0
OND_PE,D,20251202,000000,16.899,17.403,16.899,17.3,0,0
OND_PE,D,20251203,000000,17.341,18.369,17.341,18.1,0,0
OND_PE,D,20251204,000000,18.302,18.302,17.9,18.2,0,0
OND_PE,D,20251205,000000,18.361,18.361,17.938,18.1,0,0
OND_PE,D,20251208,000000,18.001,18.202,17.498,17.9,0,0
OND_PE,D,20251209,000000,17.698,17.698,16.972,17.5,0,0
OND_PE,D,20251210,000000,17.341,17.723,17.3,17.7,0,0
OND_PE,D,20251211,000000,17.739,17.82,17.397,17.7,0,0
OND_PE,D,20251212,000000,17.7,18.123,17.519,17.7,0,0
OND_PE,D,20251215,000000,17.681,17.681,17.399,17.5,0,0
OND_PE,D,20251216,000000,17.379,17.379,17.1,17.1,0,0
OND_PE,D,20251217,000000,17.102,17.162,16.78,16.8,0,0
OND_PE,D,20251218,000000,16.781,17.002,16.76,16.9,0,0
OND_PE,D,20251219,000000,16.861,16.901,16.66,16.8,0,0
OND_PE,D,20251222,000000,16.861,16.861,16.499,16.5,0,0
OND_PE,D,20251223,000000,16.399,16.881,16.359,16.881,0,0
OND_PE,D,20251229,000000,16.881,17.3,16.841,17.3,0,0
OND_PE,D,20251230,000000,17.321,17.805,17.321,17.7,0,0
OND_PE,D,20260102,000000,18.163,18.163,17.8,17.8,0,0
OND_PE,D,20260105,000000,17.6,17.66,17.459,17.6,0,0
OND_PE,D,20260107,000000,17.699,18.001,17.699,18,0,0
OND_PE,D,20260108,000000,17.938,18.019,17.554,17.7,0,0
OND_PE,D,20260109,000000,17.519,17.882,17.439,17.7,0,0
OND_PE,D,20260112,000000,17.739,17.961,17.679,17.9,0,0
OND_PE,D,20260113,000000,17.94,18.625,17.94,18.5,0,0
OND_PE,D,20260114,000000,18.539,18.943,18.156,18.5,0,0
OND_PE,D,20260115,000000,18.54,19.023,18.379,18.9,0,0
OND_PE,D,20260116,000000,19.102,19.324,18.981,19.2,0,0
OND_PE,D,20260119,000000,19.2,19.361,18.697,19,0,0
OND_PE,D,20260120,000000,19.24,19.24,18.496,18.5,0,0
OND_PE,D,20260121,000000,19.084,19.084,18.481,18.9,0,0
OND_PE,D,20260122,000000,18.899,19.06,18.717,19,0,0
OND_PE,D,20260123,000000,18.979,18.979,18.577,18.7,0,0
