<TICKER>,<PER>,<DATE>,<TIME>,<OPEN>,<HIGH>,<LOW>,<CLOSE>,<VOL>,<OPENINT>
PAS_MV,D,20180730,000000,23.5673,28.286,23.5673,27.7764,0,0
PAS_MV,D,20180731,000000,30.1401,30.1401,22.0559,22.4074,0,0
PAS_MV,D,20180801,000000,25.1666,25.7553,21.0453,25.7553,0,0
PAS_MV,D,20180802,000000,26.0804,30.1401,22.7325,22.8994,0,0
PAS_MV,D,20180803,000000,22.7325,23.5673,21.889,22.8994,0,0
PAS_MV,D,20180806,000000,23.0664,26.7658,21.889,23.5673,0,0
PAS_MV,D,20180807,000000,21.722,25.2545,21.722,25.2545,0,0
PAS_MV,D,20180808,000000,25.1666,26.3528,25.1666,26.3528,0,0
PAS_MV,D,20180809,000000,24.077,27.5304,21.2124,23.2334,0,0
PAS_MV,D,20180810,000000,24.2439,24.2439,24.2439,24.2439,0,0
PAS_MV,D,20180813,000000,24.2439,24.4109,24.2439,24.4109,0,0
PAS_MV,D,20180814,000000,23.5673,23.5673,22.7325,22.7325,0,0
PAS_MV,D,20180816,000000,21.889,21.889,18.5234,18.5498,0,0
PAS_MV,D,20180817,000000,20.8784,21.0453,20.8784,21.0453,0,0
PAS_MV,D,20180820,000000,21.889,21.889,21.889,21.889,0,0
PAS_MV,D,20180822,000000,20.2194,20.2194,18.1807,18.1807,0,0
PAS_MV,D,20180823,000000,18.3477,18.3477,18.3477,18.3477,0,0
PAS_MV,D,20180827,000000,19.3583,19.8679,19.3583,19.8679,0,0
PAS_MV,D,20180829,000000,20.2018,20.2018,20.2018,20.2018,0,0
PAS_MV,D,20180831,000000,20.2018,20.2018,20.2018,20.2018,0,0
PAS_MV,D,20180903,000000,19.8679,19.8679,18.1807,18.1807,0,0
PAS_MV,D,20180904,000000,18.6025,19.3583,16.8363,19.3583,0,0
PAS_MV,D,20180905,000000,19.1913,19.1913,16.8363,17.6799,0,0
PAS_MV,D,20180906,000000,16.5024,17.0032,15.9927,15.9927,0,0
PAS_MV,D,20180907,000000,15.8258,16.0982,15.8258,16.0982,0,0
PAS_MV,D,20180910,000000,16.0982,16.0982,14.9822,15.1492,0,0
PAS_MV,D,20180911,000000,14.3144,14.3144,13.4708,14.3144,0,0
PAS_MV,D,20180912,000000,14.2792,14.2792,14.2792,14.2792,0,0
PAS_MV,D,20180913,000000,14.1386,14.1386,13.8222,13.8222,0,0
PAS_MV,D,20180914,000000,14.8152,14.8152,14.8152,14.8152,0,0
PAS_MV,D,20180917,000000,14.8152,14.8152,14.8152,14.8152,0,0
PAS_MV,D,20180918,000000,14.8152,16.8363,14.8152,16.8363,0,0
PAS_MV,D,20180919,000000,15.9927,15.9927,14.8152,14.8328,0,0
PAS_MV,D,20180921,000000,16.8011,16.8011,16.8011,16.8011,0,0
PAS_MV,D,20180924,000000,15.6763,15.6763,15.6763,15.6763,0,0
PAS_MV,D,20180927,000000,15.6763,15.6763,15.6763,15.6763,0,0
PAS_MV,D,20180928,000000,15.6588,16.2652,15.6588,16.2652,0,0
PAS_MV,D,20181016,000000,16.2652,16.2652,16.2652,16.2652,0,0
PAS_MV,D,20181018,000000,16.1597,16.1597,16.1597,16.1597,0,0
PAS_MV,D,20181023,000000,16.8363,17.3723,16.8363,17.3723,0,0
PAS_MV,D,20181025,000000,17.5129,18.4356,17.5129,18.4356,0,0
PAS_MV,D,20181026,000000,17.1702,18.5234,17.1702,18.5234,0,0
PAS_MV,D,20181029,000000,18.4356,18.4356,17.1702,17.1702,0,0
PAS_MV,D,20181030,000000,17.1702,17.1702,16.8363,16.8363,0,0
PAS_MV,D,20181031,000000,16.3354,17.3723,16.3354,17.3723,0,0
PAS_MV,D,20181105,000000,16.1597,16.1597,16.1597,16.1597,0,0
PAS_MV,D,20181108,000000,15.9927,15.9927,13.4708,15.1492,0,0
PAS_MV,D,20181109,000000,14.3144,15.1492,12.1264,15.1492,0,0
PAS_MV,D,20181113,000000,15.1492,15.3513,15.1492,15.3513,0,0
PAS_MV,D,20181114,000000,14.3144,14.3144,14.3144,14.3144,0,0
PAS_MV,D,20181115,000000,14.3144,14.4813,13.4708,13.4708,0,0
PAS_MV,D,20181116,000000,13.4708,16.1597,11.0455,11.8012,0,0
PAS_MV,D,20181119,000000,13.4708,13.4708,11.7837,11.7837,0,0
PAS_MV,D,20181120,000000,13.4708,13.4708,13.4708,13.4708,0,0
PAS_MV,D,20181121,000000,14.4813,16.1597,14.4813,15.0174,0,0
PAS_MV,D,20181123,000000,16.8363,16.8363,16.8363,16.8363,0,0
PAS_MV,D,20181126,000000,15.5533,15.5533,15.5533,15.5533,0,0
PAS_MV,D,20181204,000000,15.5533,16.8363,15.1492,15.1492,0,0
PAS_MV,D,20181205,000000,15.2371,16.3617,15.2371,16.3617,0,0
PAS_MV,D,20181207,000000,16.3617,18.5234,15.1492,15.1492,0,0
PAS_MV,D,20181211,000000,16.3617,16.3617,16.3617,16.3617,0,0
PAS_MV,D,20181212,000000,17.1702,20.2018,16.8363,16.8363,0,0
PAS_MV,D,20181213,000000,19.1121,19.1121,19.1121,19.1121,0,0
PAS_MV,D,20181217,000000,19.8679,20.2018,16.8363,16.8363,0,0
PAS_MV,D,20181218,000000,18.5234,18.5234,18.5234,18.5234,0,0
PAS_MV,D,20181220,000000,18.5234,21.889,16.8363,21.889,0,0
PAS_MV,D,20190102,000000,20.2018,21.3793,17.5129,17.5129,0,0
PAS_MV,D,20190103,000000,20.7905,20.7905,20.7905,20.7905,0,0
PAS_MV,D,20190104,000000,21.889,21.889,21.889,21.889,0,0
PAS_MV,D,20190107,000000,22.0559,22.0559,17.6799,17.6799,0,0
PAS_MV,D,20190108,000000,18.0138,18.0138,15.2371,15.2371,0,0
PAS_MV,D,20190109,000000,16.8363,16.8363,16.8363,16.8363,0,0
PAS_MV,D,20190110,000000,18.1017,18.1017,17.6799,18.1017,0,0
PAS_MV,D,20190111,000000,18.9452,19.3583,17.6799,17.6799,0,0
PAS_MV,D,20190114,000000,19.3583,19.3583,15.4919,15.4919,0,0
PAS_MV,D,20190115,000000,18.0138,18.5234,15.571,18.5234,0,0
PAS_MV,D,20190116,000000,18.5234,20.2018,18.5234,20.2018,0,0
PAS_MV,D,20190117,000000,18.708,18.708,18.6904,18.6904,0,0
PAS_MV,D,20190118,000000,18.9452,19.3583,18.5234,19.3583,0,0
PAS_MV,D,20190121,000000,18.5234,18.5234,18.5234,18.5234,0,0
PAS_MV,D,20190122,000000,18.9452,18.9452,17.6799,17.6799,0,0
PAS_MV,D,20190123,000000,16.8363,17.1702,16.8363,17.1702,0,0
PAS_MV,D,20190124,000000,17.6799,17.6799,17.6799,17.6799,0,0
PAS_MV,D,20190125,000000,17.1702,17.1702,15.571,15.571,0,0
PAS_MV,D,20190128,000000,17.3723,17.3723,17.3723,17.3723,0,0
PAS_MV,D,20190129,000000,15.571,15.571,14.3144,14.3144,0,0
PAS_MV,D,20190130,000000,16.1597,18.5234,16.1597,18.5234,0,0
PAS_MV,D,20190131,000000,17.592,20.2018,17.1702,17.1702,0,0
PAS_MV,D,20190201,000000,16.8363,17.5129,16.8363,17.5129,0,0
PAS_MV,D,20190204,000000,17.0032,17.0032,16.8363,16.8363,0,0
PAS_MV,D,20190206,000000,16.3354,16.6342,16.3354,16.6342,0,0
PAS_MV,D,20190207,000000,17.0032,18.5234,16.8539,16.8539,0,0
PAS_MV,D,20190208,000000,16.8363,16.8363,16.8363,16.8363,0,0
PAS_MV,D,20190215,000000,16.4496,18.5234,16.4496,18.5234,0,0
PAS_MV,D,20190226,000000,17.5129,20.2018,17.5129,20.2018,0,0
PAS_MV,D,20190227,000000,18.7694,18.7694,16.8363,16.8363,0,0
PAS_MV,D,20190301,000000,17.6799,20.2018,17.5129,20.2018,0,0
PAS_MV,D,20190307,000000,18.1017,18.5234,16.8539,16.8539,0,0
PAS_MV,D,20190308,000000,18.0138,18.0138,16.8539,16.8539,0,0
PAS_MV,D,20190311,000000,16.8363,18.1017,16.5375,16.5375,0,0
PAS_MV,D,20190312,000000,17.6799,17.6799,16.5463,16.5463,0,0
PAS_MV,D,20190314,000000,16.9241,17.6799,16.5463,16.5463,0,0
PAS_MV,D,20190315,000000,16.8363,16.8363,16.8363,16.8363,0,0
PAS_MV,D,20190318,000000,16.8363,17.6799,16.8363,17.5129,0,0
PAS_MV,D,20190319,000000,16.5463,16.5463,16.5463,16.5463,0,0
PAS_MV,D,20190320,000000,17.5129,18.7694,16.5463,16.5463,0,0
PAS_MV,D,20190322,000000,17.5129,17.5129,14.0244,14.0244,0,0
PAS_MV,D,20190325,000000,16.5024,16.8011,16.5024,16.5024,0,0
PAS_MV,D,20190326,000000,14.1386,14.1386,14.1386,14.1386,0,0
PAS_MV,D,20190327,000000,15.6588,16.2652,14.3144,14.3144,0,0
PAS_MV,D,20190329,000000,15.8258,17.3723,15.8258,17.3723,0,0
PAS_MV,D,20190401,000000,17.1702,18.5234,17.1702,18.5234,0,0
PAS_MV,D,20190402,000000,17.8468,21.2124,17.8468,21.2124,0,0
PAS_MV,D,20190403,000000,18.3477,21.889,18.3477,21.889,0,0
PAS_MV,D,20190404,000000,20.2018,24.2439,20.2018,24.2439,0,0
PAS_MV,D,20190408,000000,21.722,21.722,19.3583,19.3583,0,0
PAS_MV,D,20190409,000000,19.3583,19.3583,19.3583,19.3583,0,0
PAS_MV,D,20190410,000000,19.3583,19.3583,19.3583,19.3583,0,0
PAS_MV,D,20190411,000000,19.3583,19.3583,19.3583,19.3583,0,0
PAS_MV,D,20190412,000000,19.3583,19.3583,19.3583,19.3583,0,0
PAS_MV,D,20190415,000000,19.3583,19.3583,19.3583,19.3583,0,0
PAS_MV,D,20190416,000000,19.3583,19.3583,19.3583,19.3583,0,0
PAS_MV,D,20190417,000000,19.3583,19.3583,19.3583,19.3583,0,0
PAS_MV,D,20190418,000000,19.1913,19.1913,17.0032,17.0032,0,0
PAS_MV,D,20190423,000000,18.3477,18.3477,18.3477,18.3477,0,0
PAS_MV,D,20190424,000000,19.3583,19.3583,19.3583,19.3583,0,0
PAS_MV,D,20190425,000000,19.3583,19.3583,19.3583,19.3583,0,0
PAS_MV,D,20190426,000000,18.1807,18.1807,17.0032,17.0032,0,0
PAS_MV,D,20190429,000000,17.0032,17.0032,17.0032,17.0032,0,0
PAS_MV,D,20190507,000000,17.3372,17.3372,17.3372,17.3372,0,0
PAS_MV,D,20190508,000000,17.3372,17.3372,17.3372,17.3372,0,0
PAS_MV,D,20190509,000000,17.3372,17.3372,17.3372,17.3372,0,0
PAS_MV,D,20190510,000000,17.3372,18.3477,17.3372,18.3477,0,0
PAS_MV,D,20190513,000000,19.1913,19.1913,19.1913,19.1913,0,0
PAS_MV,D,20190514,000000,19.1913,19.1913,19.1913,19.1913,0,0
PAS_MV,D,20190515,000000,19.1913,19.1913,19.1913,19.1913,0,0
PAS_MV,D,20190516,000000,19.1913,19.1913,19.1913,19.1913,0,0
PAS_MV,D,20190517,000000,19.1913,19.1913,17.0032,18.1807,0,0
PAS_MV,D,20190605,000000,18.0138,18.0138,17.0032,17.0032,0,0
PAS_MV,D,20190610,000000,17.0032,17.0032,13.6378,16.2475,0,0
PAS_MV,D,20190702,000000,15.3249,15.9137,14.8152,15.9137,0,0
PAS_MV,D,20190712,000000,15.4919,15.7379,15.4919,15.7379,0,0
PAS_MV,D,20190716,000000,15.8258,15.8258,15.8258,15.8258,0,0
PAS_MV,D,20190717,000000,15.8258,15.8258,15.8258,15.8258,0,0
PAS_MV,D,20190718,000000,15.8258,15.8258,15.8258,15.8258,0,0
PAS_MV,D,20190719,000000,15.8258,15.8258,15.8258,15.8258,0,0
PAS_MV,D,20190722,000000,15.8258,15.8258,15.8258,15.8258,0,0
PAS_MV,D,20190723,000000,15.8258,15.8258,15.8258,15.8258,0,0
PAS_MV,D,20190724,000000,15.8258,15.8258,15.8258,15.8258,0,0
PAS_MV,D,20190726,000000,15.8258,15.8258,15.8258,15.8258,0,0
PAS_MV,D,20190729,000000,15.8258,15.8258,15.8258,15.8258,0,0
PAS_MV,D,20190730,000000,15.8258,15.8258,15.8258,15.8258,0,0
PAS_MV,D,20190731,000000,15.8258,15.8258,15.1492,15.1492,0,0
PAS_MV,D,20190805,000000,15.3249,15.4919,15.3249,15.4919,0,0
PAS_MV,D,20190806,000000,15.8258,16.8363,15.8258,16.8363,0,0
PAS_MV,D,20190807,000000,16.8363,19.1913,16.8363,19.1913,0,0
PAS_MV,D,20190808,000000,20.2018,22.7325,20.2018,22.7325,0,0
PAS_MV,D,20190809,000000,22.7325,25.0874,22.7325,25.0874,0,0
PAS_MV,D,20190812,000000,22.7325,27.1085,20.2018,27.1085,0,0
PAS_MV,D,20190813,000000,27.1085,30.3071,21.722,30.3071,0,0
PAS_MV,D,20190814,000000,25.2545,30.1401,21.889,21.889,0,0
PAS_MV,D,20190816,000000,26.265,30.1401,25.2545,30.1401,0,0
PAS_MV,D,20190819,000000,30.1401,33.5057,24.5778,33.5057,0,0
PAS_MV,D,20190820,000000,33.3386,33.3386,33.3386,33.3386,0,0
PAS_MV,D,20190821,000000,37.7147,37.7147,37.038,37.038,0,0
PAS_MV,D,20190822,000000,37.3807,37.3807,37.038,37.038,0,0
PAS_MV,D,20190823,000000,29.6305,36.7042,29.6305,36.7042,0,0
PAS_MV,D,20190826,000000,43.7779,52.196,43.7779,52.196,0,0
PAS_MV,D,20190830,000000,46.8006,46.8006,42.0907,42.0907,0,0
PAS_MV,D,20190902,000000,42.0907,42.0907,26.9416,32.662,0,0
PAS_MV,D,20190903,000000,32.1612,32.1612,26.9416,27.6094,0,0
PAS_MV,D,20190905,000000,25.9311,27.4425,23.5673,27.4425,0,0
PAS_MV,D,20190906,000000,25.0874,25.0874,25.0874,25.0874,0,0
PAS_MV,D,20190912,000000,23.5673,23.5673,23.5673,23.5673,0,0
PAS_MV,D,20190913,000000,23.0664,23.5673,16.8363,16.8363,0,0
PAS_MV,D,20190916,000000,16.8363,16.8363,16.8363,16.8363,0,0
PAS_MV,D,20190917,000000,15.7379,15.7379,15.7379,15.7379,0,0
PAS_MV,D,20190919,000000,16.8363,16.8363,16.8363,16.8363,0,0
PAS_MV,D,20190927,000000,16.8363,16.8363,16.8363,16.8363,0,0
PAS_MV,D,20191009,000000,16.8363,20.8784,16.8363,20.8784,0,0
PAS_MV,D,20191010,000000,20.8784,20.8784,20.8784,20.8784,0,0
PAS_MV,D,20191011,000000,20.8784,21.2124,20.2018,20.2018,0,0
PAS_MV,D,20191015,000000,20.2018,20.2018,20.2018,20.2018,0,0
PAS_MV,D,20191016,000000,20.2018,20.2018,20.2018,20.2018,0,0
PAS_MV,D,20191017,000000,20.2018,20.2018,20.2018,20.2018,0,0
PAS_MV,D,20191018,000000,20.2018,23.5673,20.2018,23.5673,0,0
PAS_MV,D,20191022,000000,20.2018,20.2018,20.2018,20.2018,0,0
PAS_MV,D,20191023,000000,21.722,21.722,21.722,21.722,0,0
PAS_MV,D,20191024,000000,21.722,21.722,21.722,21.722,0,0
PAS_MV,D,20191025,000000,20.2018,20.2018,20.2018,20.2018,0,0
PAS_MV,D,20191028,000000,20.7114,20.7114,20.7114,20.7114,0,0
PAS_MV,D,20191029,000000,21.889,21.889,21.722,21.722,0,0
PAS_MV,D,20191030,000000,21.722,24.7536,18.5234,18.5234,0,0
PAS_MV,D,20191031,000000,19.3583,20.7114,19.3583,20.7114,0,0
PAS_MV,D,20191104,000000,20.2018,20.2018,20.2018,20.2018,0,0
PAS_MV,D,20191107,000000,19.8679,19.8679,19.8679,19.8679,0,0
PAS_MV,D,20191112,000000,20.2018,25.9311,20.2018,25.9311,0,0
PAS_MV,D,20191113,000000,23.5673,23.5673,23.5673,23.5673,0,0
PAS_MV,D,20191115,000000,22.7325,22.7325,20.2018,20.2018,0,0
PAS_MV,D,20191121,000000,20.2018,20.2018,18.6904,18.6904,0,0
PAS_MV,D,20191127,000000,18.8573,18.8573,18.5234,18.5234,0,0
PAS_MV,D,20191129,000000,18.5234,20.2018,18.5234,20.2018,0,0
PAS_MV,D,20191202,000000,18.5234,22.2228,18.5234,22.2228,0,0
PAS_MV,D,20191203,000000,22.7325,23.5673,22.5567,23.5673,0,0
PAS_MV,D,20191204,000000,24.9205,24.9205,24.9205,24.9205,0,0
PAS_MV,D,20191205,000000,24.9205,24.9205,24.9205,24.9205,0,0
PAS_MV,D,20191209,000000,24.7536,24.7536,24.7536,24.7536,0,0
PAS_MV,D,20191210,000000,24.7536,24.7536,24.7536,24.7536,0,0
PAS_MV,D,20191211,000000,24.7536,24.7536,24.7536,24.7536,0,0
PAS_MV,D,20191212,000000,24.7536,24.9205,24.7536,24.9205,0,0
PAS_MV,D,20191216,000000,24.5778,24.5778,23.5673,23.5673,0,0
PAS_MV,D,20191223,000000,22.7325,22.7325,22.5567,22.5567,0,0
PAS_MV,D,20200102,000000,23.5673,24.5778,23.5673,24.5778,0,0
PAS_MV,D,20200110,000000,25.5884,30.3071,24.5778,30.3071,0,0
PAS_MV,D,20200113,000000,30.3071,30.3071,29.9644,29.9644,0,0
PAS_MV,D,20200114,000000,28.6199,29.9644,28.6199,29.9644,0,0
PAS_MV,D,20200115,000000,30.1401,35.3597,30.1401,32.829,0,0
PAS_MV,D,20200116,000000,28.1191,28.1191,28.1191,28.1191,0,0
PAS_MV,D,20200117,000000,29.4636,31.9854,29.4636,31.9854,0,0
PAS_MV,D,20200120,000000,29.4636,29.4636,29.4636,29.4636,0,0
PAS_MV,D,20200121,000000,27.2755,27.2755,27.2755,27.2755,0,0
PAS_MV,D,20200123,000000,25.5884,25.5884,20.5445,20.5445,0,0
PAS_MV,D,20200124,000000,23.5673,25.9311,23.5673,24.2439,0,0
PAS_MV,D,20200128,000000,23.5673,23.5673,23.5673,23.5673,0,0
PAS_MV,D,20200129,000000,23.5673,24.4109,23.5673,24.4109,0,0
PAS_MV,D,20200203,000000,24.2439,24.2439,20.2018,22.7325,0,0
PAS_MV,D,20200206,000000,22.7325,22.7325,22.7325,22.7325,0,0
PAS_MV,D,20200207,000000,22.7325,22.7325,22.7325,22.7325,0,0
PAS_MV,D,20200210,000000,21.889,21.889,21.889,21.889,0,0
PAS_MV,D,20200211,000000,20.3687,20.3687,20.3687,20.3687,0,0
PAS_MV,D,20200212,000000,20.7114,20.7114,20.7114,20.7114,0,0
PAS_MV,D,20200213,000000,21.722,21.722,20.2018,20.2018,0,0
PAS_MV,D,20200217,000000,20.2018,23.5673,20.2018,23.5673,0,0
PAS_MV,D,20200221,000000,22.7325,22.7325,22.7325,22.7325,0,0
PAS_MV,D,20200309,000000,18.5234,18.5234,14.8152,15.2371,0,0
PAS_MV,D,20200310,000000,17.1702,17.1702,17.1702,17.1702,0,0
PAS_MV,D,20200312,000000,15.3249,15.3249,14.3144,14.3144,0,0
PAS_MV,D,20200320,000000,16.8363,16.8363,16.8363,16.8363,0,0
PAS_MV,D,20200323,000000,16.8363,17.0032,16.8363,17.0032,0,0
PAS_MV,D,20200324,000000,17.0032,18.5234,16.8363,18.5234,0,0
PAS_MV,D,20200325,000000,16.8363,17.1702,16.8363,16.8363,0,0
PAS_MV,D,20200330,000000,15.8258,16.0806,15.4919,15.4919,0,0
PAS_MV,D,20200331,000000,15.6588,15.6588,15.6588,15.6588,0,0
PAS_MV,D,20200401,000000,15.3249,15.3249,15.3249,15.3249,0,0
PAS_MV,D,20200402,000000,16.0806,16.0806,13.4708,13.4708,0,0
PAS_MV,D,20200403,000000,14.9822,15.1492,14.9822,15.1492,0,0
PAS_MV,D,20200407,000000,15.9927,16.8363,15.9927,16.8363,0,0
PAS_MV,D,20200408,000000,17.1702,17.1702,17.1702,17.1702,0,0
PAS_MV,D,20200409,000000,18.3477,21.889,18.3477,21.889,0,0
PAS_MV,D,20200415,000000,20.2018,20.2018,20.2018,20.2018,0,0
PAS_MV,D,20200422,000000,19.1913,19.1913,19.1913,19.1913,0,0
PAS_MV,D,20200427,000000,19.1913,21.0453,19.1913,20.3687,0,0
PAS_MV,D,20200430,000000,19.8679,19.8679,19.8679,19.8679,0,0
PAS_MV,D,20200505,000000,19.8679,19.8679,19.8679,19.8679,0,0
PAS_MV,D,20200514,000000,19.0243,19.0243,19.0243,19.0243,0,0
PAS_MV,D,20200515,000000,19.0243,19.701,18.5234,19.701,0,0
PAS_MV,D,20200518,000000,19.534,19.534,19.534,19.534,0,0
PAS_MV,D,20200520,000000,19.534,19.534,19.534,19.534,0,0
PAS_MV,D,20200522,000000,19.701,19.701,19.701,19.701,0,0
PAS_MV,D,20200528,000000,18.8573,18.8573,18.8573,18.8573,0,0
PAS_MV,D,20200603,000000,19.3583,19.8679,19.3583,19.8679,0,0
PAS_MV,D,20200609,000000,19.8679,20.0348,19.8679,20.0348,0,0
PAS_MV,D,20200615,000000,20.7114,20.7114,20.7114,20.7114,0,0
PAS_MV,D,20200617,000000,22.0559,22.0559,21.889,21.889,0,0
PAS_MV,D,20200618,000000,21.889,21.889,21.889,21.889,0,0
PAS_MV,D,20200624,000000,22.5567,22.5567,22.5567,22.5567,0,0
PAS_MV,D,20200708,000000,23.5673,26.9416,23.5673,26.9416,0,0
PAS_MV,D,20200709,000000,28.6199,34.0065,28.6199,32.662,0,0
PAS_MV,D,20200710,000000,31.8185,31.8185,26.265,26.9416,0,0
PAS_MV,D,20200713,000000,28.7869,28.7869,26.9416,26.9416,0,0
PAS_MV,D,20200714,000000,27.9521,27.9521,24.5778,24.5778,0,0
PAS_MV,D,20200716,000000,25.2545,25.2545,24.5778,24.5778,0,0
PAS_MV,D,20200717,000000,24.9205,24.9205,24.2439,24.4109,0,0
PAS_MV,D,20200721,000000,23.5673,23.91,23.5673,23.91,0,0
PAS_MV,D,20200722,000000,23.91,23.91,23.91,23.91,0,0
PAS_MV,D,20200723,000000,23.5673,23.5673,23.5673,23.5673,0,0
PAS_MV,D,20200724,000000,23.2334,23.2334,23.2334,23.2334,0,0
PAS_MV,D,20200728,000000,23.5673,26.098,23.5673,25.5884,0,0
PAS_MV,D,20200729,000000,26.098,31.3176,24.077,30.9749,0,0
PAS_MV,D,20200730,000000,30.9749,30.9749,25.4214,30.1401,0,0
PAS_MV,D,20200731,000000,30.3071,31.8185,30.3071,31.8185,0,0
PAS_MV,D,20200803,000000,31.8185,31.9854,31.8185,31.9854,0,0
PAS_MV,D,20200805,000000,30.8079,30.8079,30.8079,30.8079,0,0
PAS_MV,D,20200806,000000,29.6305,30.641,29.1296,30.641,0,0
PAS_MV,D,20200807,000000,28.6199,36.7042,26.9416,36.7042,0,0
PAS_MV,D,20200810,000000,36.0276,42.0907,36.0276,42.0907,0,0
PAS_MV,D,20200811,000000,42.0907,42.0907,42.0907,42.0907,0,0
PAS_MV,D,20200813,000000,40.4036,40.4036,40.4036,40.4036,0,0
PAS_MV,D,20200814,000000,40.0697,42.0907,40.0697,41.4142,0,0
PAS_MV,D,20200817,000000,40.4036,40.4036,32.3281,32.3281,0,0
PAS_MV,D,20200818,000000,34.3492,34.3492,32.3281,34.3492,0,0
PAS_MV,D,20200819,000000,37.7147,38.0486,30.3071,35.6937,0,0
PAS_MV,D,20200820,000000,33.1717,34.0065,33.1717,34.0065,0,0
PAS_MV,D,20200821,000000,33.6726,33.6726,27.7764,28.6199,0,0
PAS_MV,D,20200824,000000,35.6937,35.6937,31.4846,34.3492,0,0
PAS_MV,D,20200825,000000,36.3703,36.3703,33.5057,33.5057,0,0
PAS_MV,D,20200826,000000,36.0276,36.0276,33.6726,35.017,0,0
PAS_MV,D,20200827,000000,35.3597,36.0276,35.3597,36.0276,0,0
PAS_MV,D,20200828,000000,36.0276,36.0276,34.3492,35.6937,0,0
PAS_MV,D,20200831,000000,33.6726,35.6937,33.6726,35.017,0,0
PAS_MV,D,20200901,000000,35.3597,35.3597,35.3597,35.3597,0,0
PAS_MV,D,20200902,000000,34.6831,34.6831,31.8185,33.6726,0,0
PAS_MV,D,20200903,000000,34.0065,34.0065,34.0065,34.0065,0,0
PAS_MV,D,20200904,000000,31.9854,31.9854,31.9854,31.9854,0,0
PAS_MV,D,20200907,000000,28.6199,28.9626,26.4319,28.7869,0,0
PAS_MV,D,20200908,000000,28.6199,28.6199,22.8994,25.9311,0,0
PAS_MV,D,20200909,000000,25.0874,26.9416,23.7431,26.098,0,0
PAS_MV,D,20200910,000000,25.2545,26.7658,25.2545,26.265,0,0
PAS_MV,D,20200911,000000,25.2545,28.6199,25.2545,28.6199,0,0
PAS_MV,D,20200914,000000,28.453,29.6305,26.098,27.7764,0,0
PAS_MV,D,20200915,000000,29.6305,29.6305,24.5778,26.7658,0,0
PAS_MV,D,20200916,000000,25.9311,26.265,23.5673,25.2545,0,0
PAS_MV,D,20200918,000000,24.2439,26.9416,24.2439,26.5989,0,0
PAS_MV,D,20200921,000000,24.7536,28.6199,24.5778,28.6199,0,0
PAS_MV,D,20200922,000000,26.7658,26.7658,25.2545,25.7553,0,0
PAS_MV,D,20200923,000000,25.7553,25.7553,25.7553,25.7553,0,0
PAS_MV,D,20200924,000000,25.0874,25.0874,25.0874,25.0874,0,0
PAS_MV,D,20200928,000000,25.2545,26.5989,24.5778,25.2545,0,0
PAS_MV,D,20200929,000000,24.7536,24.7536,24.7536,24.7536,0,0
PAS_MV,D,20200930,000000,24.7536,24.7536,24.5778,24.5778,0,0
PAS_MV,D,20201001,000000,23.91,23.91,23.5673,23.5673,0,0
PAS_MV,D,20201002,000000,22.8994,22.8994,21.889,21.889,0,0
PAS_MV,D,20201005,000000,24.077,28.453,24.077,25.9311,0,0
PAS_MV,D,20201006,000000,27.2755,27.2755,25.9311,25.9311,0,0
PAS_MV,D,20201008,000000,25.2545,25.2545,22.7325,23.5673,0,0
PAS_MV,D,20201009,000000,25.2545,25.2545,25.0874,25.0874,0,0
PAS_MV,D,20201014,000000,23.91,23.91,22.0559,22.2228,0,0
PAS_MV,D,20201015,000000,22.8994,27.9521,22.0559,25.0874,0,0
PAS_MV,D,20201016,000000,27.7764,33.3386,27.7764,30.3071,0,0
PAS_MV,D,20201019,000000,30.3071,30.3071,30.1401,30.1401,0,0
PAS_MV,D,20201020,000000,28.6199,28.9626,26.265,28.9626,0,0
PAS_MV,D,20201022,000000,28.9626,28.9626,28.9626,28.9626,0,0
PAS_MV,D,20201023,000000,27.7764,27.7764,26.265,27.7764,0,0
PAS_MV,D,20201026,000000,27.7764,28.6199,27.7764,28.6199,0,0
PAS_MV,D,20201027,000000,28.6199,31.6516,25.4214,25.4214,0,0
PAS_MV,D,20201028,000000,30.1401,30.1401,30.1401,30.1401,0,0
PAS_MV,D,20201029,000000,29.6305,29.6305,29.6305,29.6305,0,0
PAS_MV,D,20201030,000000,28.6199,28.6199,28.6199,28.6199,0,0
PAS_MV,D,20201102,000000,28.6199,28.6199,28.6199,28.6199,0,0
PAS_MV,D,20201103,000000,27.9521,27.9521,27.9521,27.9521,0,0
PAS_MV,D,20201104,000000,27.4425,28.6199,27.4425,28.6199,0,0
PAS_MV,D,20201105,000000,28.6199,28.6199,28.6199,28.6199,0,0
PAS_MV,D,20201106,000000,32.3281,32.3281,32.3281,32.3281,0,0
PAS_MV,D,20201109,000000,31.9854,36.7042,31.9854,35.3597,0,0
PAS_MV,D,20201110,000000,36.7042,36.7042,36.7042,36.7042,0,0
PAS_MV,D,20201112,000000,36.0276,40.7463,36.0276,37.038,0,0
PAS_MV,D,20201113,000000,37.038,39.7358,29.6305,36.7042,0,0
PAS_MV,D,20201116,000000,36.7042,37.3807,36.7042,37.3807,0,0
PAS_MV,D,20201117,000000,36.7042,36.7042,34.0065,36.0276,0,0
PAS_MV,D,20201118,000000,36.0276,36.0276,36.0276,36.0276,0,0
PAS_MV,D,20201119,000000,33.6726,38.3825,30.641,37.038,0,0
PAS_MV,D,20201120,000000,37.038,42.0907,37.038,40.7463,0,0
PAS_MV,D,20201123,000000,42.0907,42.0907,40.7463,42.0907,0,0
PAS_MV,D,20201124,000000,41.4142,43.7779,41.4142,43.7779,0,0
PAS_MV,D,20201125,000000,42.0907,42.0907,42.0907,42.0907,0,0
PAS_MV,D,20201126,000000,40.7463,40.7463,39.3931,40.4036,0,0
PAS_MV,D,20201127,000000,39.7358,39.7358,39.3931,39.3931,0,0
PAS_MV,D,20201130,000000,39.3931,40.4036,39.3931,40.4036,0,0
PAS_MV,D,20201201,000000,40.4036,43.7779,33.6726,43.4352,0,0
PAS_MV,D,20201202,000000,43.4352,43.4352,43.4352,43.4352,0,0
PAS_MV,D,20201203,000000,43.4352,43.4352,43.4352,43.4352,0,0
PAS_MV,D,20201204,000000,43.4352,43.4352,43.4352,43.4352,0,0
PAS_MV,D,20201207,000000,43.4352,61.6247,43.4352,56.9059,0,0
PAS_MV,D,20201208,000000,56.9059,56.9059,54.8849,54.8849,0,0
PAS_MV,D,20201209,000000,54.8849,54.8849,52.5299,54.8849,0,0
PAS_MV,D,20201210,000000,54.8849,56.9059,53.8744,55.2188,0,0
PAS_MV,D,20201211,000000,55.2188,55.2188,45.4563,49.4984,0,0
PAS_MV,D,20201214,000000,48.1539,50.5089,48.1539,48.8217,0,0
PAS_MV,D,20201215,000000,48.1539,48.1539,47.1433,47.1433,0,0
PAS_MV,D,20201216,000000,48.1539,48.1539,43.7779,47.1433,0,0
PAS_MV,D,20201217,000000,45.799,47.1433,41.4142,45.799,0,0
PAS_MV,D,20201218,000000,44.7884,52.196,44.7884,52.196,0,0
PAS_MV,D,20201221,000000,48.4878,52.196,48.4878,51.8533,0,0
PAS_MV,D,20201222,000000,49.4984,50.5089,48.8217,48.8217,0,0
PAS_MV,D,20201223,000000,48.4878,52.8638,47.1433,52.8638,0,0
PAS_MV,D,20201228,000000,48.8217,51.5195,48.4878,51.5195,0,0
PAS_MV,D,20201229,000000,53.5405,53.5405,50.175,52.8638,0,0
PAS_MV,D,20201230,000000,53.2065,53.2065,50.5089,51.8533,0,0
PAS_MV,D,20210104,000000,55.2188,65.6581,54.2171,62.6352,0,0
PAS_MV,D,20210105,000000,62.6352,62.6352,54.8849,58.927,0,0
PAS_MV,D,20210107,000000,61.6247,61.6247,57.2399,59.9376,0,0
PAS_MV,D,20210108,000000,61.6247,62.2925,59.6037,62.2925,0,0
PAS_MV,D,20210111,000000,61.9586,61.9586,59.2609,61.6247,0,0
PAS_MV,D,20210112,000000,61.6247,62.6352,59.6037,62.6352,0,0
PAS_MV,D,20210113,000000,59.9376,60.6142,58.927,60.6142,0,0
PAS_MV,D,20210114,000000,61.282,62.6352,52.8638,62.6352,0,0
PAS_MV,D,20210115,000000,58.2504,62.2925,54.2171,58.2504,0,0
PAS_MV,D,20210118,000000,58.927,59.6037,54.2171,57.2399,0,0
PAS_MV,D,20210119,000000,57.2399,57.2399,47.8112,54.8849,0,0
PAS_MV,D,20210120,000000,54.8849,58.5931,54.8849,57.2399,0,0
PAS_MV,D,20210121,000000,55.2188,55.2188,52.196,53.8744,0,0
PAS_MV,D,20210122,000000,56.9059,66.6685,56.9059,65.6581,0,0
PAS_MV,D,20210125,000000,63.9797,85.025,62.9691,85.025,0,0
PAS_MV,D,20210126,000000,84.1815,122.906,84.1815,98.4963,0,0
PAS_MV,D,20210127,000000,98.4963,107.749,83.1709,83.5049,0,0
PAS_MV,D,20210128,000000,96.809,107.749,79.4715,103.54,0,0
PAS_MV,D,20210129,000000,103.54,112.802,103.54,103.54,0,0
PAS_MV,D,20210201,000000,101.018,104.384,94.2868,104.384,0,0
PAS_MV,D,20210202,000000,101.018,101.018,92.5996,99.3304,0,0
PAS_MV,D,20210203,000000,92.5996,95.9654,90.9124,94.2868,0,0
PAS_MV,D,20210204,000000,93.4432,97.6526,93.4432,96.809,0,0
PAS_MV,D,20210205,000000,96.809,97.6526,90.0777,96.809,0,0
PAS_MV,D,20210208,000000,91.7561,96.809,89.2341,89.2341,0,0
PAS_MV,D,20210209,000000,89.2341,104.384,89.2341,97.6526,0,0
PAS_MV,D,20210210,000000,95.9654,102.705,92.5996,95.1215,0,0
PAS_MV,D,20210211,000000,97.6526,101.861,95.1215,95.9654,0,0
PAS_MV,D,20210212,000000,101.861,101.861,88.3906,95.1215,0,0
PAS_MV,D,20210215,000000,95.1215,100.174,93.4432,100.174,0,0
PAS_MV,D,20210216,000000,101.018,104.384,97.6526,99.3304,0,0
PAS_MV,D,20210217,000000,99.3304,99.3304,92.5996,93.4432,0,0
PAS_MV,D,20210218,000000,94.2868,94.2868,90.9124,90.9124,0,0
PAS_MV,D,20210219,000000,95.1215,95.1215,90.9124,92.5996,0,0
PAS_MV,D,20210222,000000,95.9654,95.9654,90.0777,90.0777,0,0
PAS_MV,D,20210223,000000,93.4432,93.4432,89.2341,91.7561,0,0
PAS_MV,D,20210224,000000,92.5996,94.2868,91.7561,91.7561,0,0
PAS_MV,D,20210225,000000,90.0777,94.2868,89.2341,91.7561,0,0
PAS_MV,D,20210226,000000,90.9124,94.2868,89.2341,94.2868,0,0
PAS_MV,D,20210301,000000,96.809,96.809,89.2341,90.9124,0,0
PAS_MV,D,20210302,000000,92.5996,94.2868,90.9124,94.2868,0,0
PAS_MV,D,20210303,000000,90.9124,92.5996,89.2341,89.2341,0,0
PAS_MV,D,20210304,000000,91.7561,92.5996,89.2341,91.7561,0,0
PAS_MV,D,20210305,000000,91.7561,93.4432,91.7561,93.4432,0,0
PAS_MV,D,20210308,000000,93.4432,96.809,90.0777,96.809,0,0
PAS_MV,D,20210309,000000,95.9654,98.4963,94.2868,96.809,0,0
PAS_MV,D,20210310,000000,96.809,98.4963,91.7561,91.7561,0,0
PAS_MV,D,20210311,000000,93.4432,97.6526,93.4432,96.809,0,0
PAS_MV,D,20210312,000000,96.809,96.809,94.2868,96.809,0,0
PAS_MV,D,20210315,000000,97.6526,97.6526,89.2341,90.9124,0,0
PAS_MV,D,20210316,000000,95.1215,101.018,87.547,101.018,0,0
PAS_MV,D,20210317,000000,102.705,112.802,101.861,110.279,0,0
PAS_MV,D,20210318,000000,111.123,116.167,111.123,116.167,0,0
PAS_MV,D,20210319,000000,95.9654,103.54,89.2341,99.3304,0,0
PAS_MV,D,20210322,000000,101.018,101.018,87.547,95.9654,0,0
PAS_MV,D,20210323,000000,92.5996,98.4963,90.9124,98.4963,0,0
PAS_MV,D,20210324,000000,95.1215,98.4963,95.1215,98.4963,0,0
PAS_MV,D,20210325,000000,90.9124,95.1215,90.9124,90.9124,0,0
PAS_MV,D,20210326,000000,92.5996,95.9654,90.0777,95.9654,0,0
PAS_MV,D,20210329,000000,95.9654,95.9654,92.5996,92.5996,0,0
PAS_MV,D,20210330,000000,94.2868,94.2868,92.5996,92.5996,0,0
PAS_MV,D,20210331,000000,95.1215,96.809,95.1215,96.809,0,0
PAS_MV,D,20210401,000000,95.9654,98.4963,95.9654,98.4963,0,0
PAS_MV,D,20210406,000000,101.018,101.018,94.2868,96.809,0,0
PAS_MV,D,20210407,000000,95.1215,96.809,91.7561,96.809,0,0
PAS_MV,D,20210408,000000,92.5996,94.2868,90.0777,94.2868,0,0
PAS_MV,D,20210409,000000,94.2868,94.2868,94.2868,94.2868,0,0
PAS_MV,D,20210412,000000,96.809,116.167,96.809,102.705,0,0
PAS_MV,D,20210413,000000,102.705,111.958,102.705,106.071,0,0
PAS_MV,D,20210414,000000,104.384,104.384,104.384,104.384,0,0
PAS_MV,D,20210415,000000,104.384,111.958,104.384,109.436,0,0
PAS_MV,D,20210416,000000,107.749,116.167,106.071,116.167,0,0
PAS_MV,D,20210419,000000,112.802,115.332,104.384,109.436,0,0
PAS_MV,D,20210420,000000,109.436,109.436,105.227,105.227,0,0
PAS_MV,D,20210421,000000,105.227,105.227,104.384,105.227,0,0
PAS_MV,D,20210422,000000,101.861,101.861,93.4432,101.018,0,0
PAS_MV,D,20210423,000000,101.861,106.071,101.018,101.018,0,0
PAS_MV,D,20210426,000000,102.705,105.227,101.018,101.018,0,0
PAS_MV,D,20210427,000000,101.861,106.914,101.018,106.914,0,0
PAS_MV,D,20210428,000000,101.861,101.861,99.3304,101.018,0,0
PAS_MV,D,20210429,000000,99.3304,101.018,95.9654,99.3304,0,0
PAS_MV,D,20210430,000000,101.018,101.018,101.018,101.018,0,0
PAS_MV,D,20210504,000000,101.018,101.018,99.3304,101.018,0,0
PAS_MV,D,20210505,000000,101.018,101.018,101.018,101.018,0,0
PAS_MV,D,20210506,000000,101.018,102.705,95.1215,101.018,0,0
PAS_MV,D,20210507,000000,100.174,100.174,100.174,100.174,0,0
PAS_MV,D,20210510,000000,100.174,100.174,97.6526,97.6526,0,0
PAS_MV,D,20210511,000000,95.9654,96.809,90.9124,94.2868,0,0
PAS_MV,D,20210512,000000,98.4963,101.018,98.4963,98.4963,0,0
PAS_MV,D,20210513,000000,103.54,107.749,95.9654,100.174,0,0
PAS_MV,D,20210514,000000,100.174,106.071,100.174,106.071,0,0
PAS_MV,D,20210517,000000,103.54,105.227,100.174,101.018,0,0
PAS_MV,D,20210518,000000,97.6526,102.705,94.2868,102.705,0,0
PAS_MV,D,20210519,000000,95.9654,101.018,95.9654,101.018,0,0
PAS_MV,D,20210521,000000,97.6526,101.861,95.9654,99.3304,0,0
PAS_MV,D,20210524,000000,95.9654,101.018,95.9654,96.809,0,0
PAS_MV,D,20210525,000000,94.2868,97.6526,94.2868,97.6526,0,0
PAS_MV,D,20210526,000000,95.9654,95.9654,94.2868,94.2868,0,0
PAS_MV,D,20210527,000000,94.2868,95.9654,89.2341,95.9654,0,0
PAS_MV,D,20210528,000000,95.1215,101.018,95.1215,99.3304,0,0
PAS_MV,D,20210531,000000,94.2868,95.9654,94.2868,95.9654,0,0
PAS_MV,D,20210602,000000,95.9654,95.9654,90.9124,93.4432,0,0
PAS_MV,D,20210604,000000,93.4432,94.2868,84.1815,85.8687,0,0
PAS_MV,D,20210607,000000,84.1815,89.2341,82.1604,89.2341,0,0
PAS_MV,D,20210608,000000,87.547,88.3906,84.1815,88.3906,0,0
PAS_MV,D,20210609,000000,82.4943,84.1815,80.816,82.4943,0,0
PAS_MV,D,20210610,000000,81.8265,83.8476,80.816,83.8476,0,0
PAS_MV,D,20210611,000000,81.1499,82.837,80.816,82.837,0,0
PAS_MV,D,20210614,000000,82.837,85.025,82.4943,85.025,0,0
PAS_MV,D,20210615,000000,85.025,87.547,84.1815,87.547,0,0
PAS_MV,D,20210616,000000,84.1815,84.1815,82.4943,84.1815,0,0
PAS_MV,D,20210617,000000,83.8476,84.1815,82.4943,84.1815,0,0
PAS_MV,D,20210618,000000,82.1604,84.1815,82.1604,84.1815,0,0
PAS_MV,D,20210621,000000,82.4943,84.1815,81.8265,84.1815,0,0
PAS_MV,D,20210622,000000,84.1815,84.1815,83.8476,83.8476,0,0
PAS_MV,D,20210623,000000,82.4943,83.1709,81.8265,83.1709,0,0
PAS_MV,D,20210624,000000,80.816,83.5049,80.816,83.5049,0,0
PAS_MV,D,20210625,000000,83.5049,84.1815,83.5049,84.1815,0,0
PAS_MV,D,20210628,000000,84.1815,93.4432,84.1815,93.4432,0,0
PAS_MV,D,20210629,000000,93.4432,93.4432,87.547,93.4432,0,0
PAS_MV,D,20210630,000000,90.9124,90.9124,87.547,90.9124,0,0
PAS_MV,D,20210701,000000,90.9124,90.9124,90.9124,90.9124,0,0
PAS_MV,D,20210702,000000,90.9124,94.2868,89.2341,94.2868,0,0
PAS_MV,D,20210705,000000,95.1215,99.3304,95.1215,99.3304,0,0
PAS_MV,D,20210706,000000,99.3304,101.018,96.809,101.018,0,0
PAS_MV,D,20210707,000000,104.384,104.384,97.6526,100.174,0,0
PAS_MV,D,20210708,000000,97.6526,100.174,97.6526,100.174,0,0
PAS_MV,D,20210709,000000,95.9654,100.174,95.1215,100.174,0,0
PAS_MV,D,20210713,000000,99.3304,100.174,95.1215,100.174,0,0
PAS_MV,D,20210714,000000,97.6526,97.6526,89.2341,97.6526,0,0
PAS_MV,D,20210715,000000,92.5996,92.5996,85.8687,91.7561,0,0
PAS_MV,D,20210716,000000,92.5996,92.5996,92.5996,92.5996,0,0
PAS_MV,D,20210719,000000,92.5996,92.5996,84.1815,87.547,0,0
PAS_MV,D,20210720,000000,88.3906,88.3906,85.8687,88.3906,0,0
PAS_MV,D,20210721,000000,87.547,87.547,85.8687,87.547,0,0
PAS_MV,D,20210722,000000,87.547,87.547,84.1815,87.547,0,0
PAS_MV,D,20210723,000000,85.8687,89.2341,85.8687,89.2341,0,0
PAS_MV,D,20210726,000000,88.3906,88.3906,87.547,87.547,0,0
PAS_MV,D,20210727,000000,87.547,87.547,84.1815,84.1815,0,0
PAS_MV,D,20210728,000000,85.8687,89.2341,85.8687,88.3906,0,0
PAS_MV,D,20210729,000000,89.2341,90.9124,82.837,90.9124,0,0
PAS_MV,D,20210730,000000,87.547,88.3906,83.5049,85.8687,0,0
PAS_MV,D,20210802,000000,90.9124,90.9124,87.547,90.9124,0,0
PAS_MV,D,20210803,000000,89.2341,101.018,85.025,99.3304,0,0
PAS_MV,D,20210804,000000,96.809,96.809,89.2341,93.4432,0,0
PAS_MV,D,20210805,000000,96.809,99.3304,94.2868,98.4963,0,0
PAS_MV,D,20210806,000000,97.6526,97.6526,97.6526,97.6526,0,0
PAS_MV,D,20210809,000000,95.9654,98.4963,95.9654,97.6526,0,0
PAS_MV,D,20210810,000000,95.9654,97.6526,95.9654,95.9654,0,0
PAS_MV,D,20210811,000000,95.1215,95.9654,89.2341,95.1215,0,0
PAS_MV,D,20210812,000000,91.7561,93.4432,88.3906,89.2341,0,0
PAS_MV,D,20210813,000000,95.9654,95.9654,89.2341,94.2868,0,0
PAS_MV,D,20210816,000000,95.1215,95.1215,85.8687,90.9124,0,0
PAS_MV,D,20210818,000000,89.2341,90.9124,87.547,90.9124,0,0
PAS_MV,D,20210819,000000,87.547,87.547,87.547,87.547,0,0
PAS_MV,D,20210820,000000,87.547,90.0777,85.8687,87.547,0,0
PAS_MV,D,20210823,000000,89.2341,90.0777,87.547,90.0777,0,0
PAS_MV,D,20210824,000000,86.7034,90.0777,85.8687,88.3906,0,0
PAS_MV,D,20210825,000000,90.0777,90.0777,90.0777,90.0777,0,0
PAS_MV,D,20210826,000000,90.0777,90.0777,90.0777,90.0777,0,0
PAS_MV,D,20210827,000000,90.0777,90.0777,90.0777,90.0777,0,0
PAS_MV,D,20210830,000000,90.0777,90.0777,90.0777,90.0777,0,0
PAS_MV,D,20210831,000000,87.547,87.547,87.547,87.547,0,0
PAS_MV,D,20210901,000000,87.547,91.7561,86.7034,90.0777,0,0
PAS_MV,D,20210902,000000,88.3906,90.9124,88.3906,88.3906,0,0
PAS_MV,D,20210903,000000,90.9124,92.5996,90.9124,92.5996,0,0
PAS_MV,D,20210907,000000,90.9124,90.9124,90.9124,90.9124,0,0
PAS_MV,D,20210908,000000,91.7561,92.5996,90.0777,90.0777,0,0
PAS_MV,D,20210909,000000,92.5996,94.2868,92.5996,94.2868,0,0
PAS_MV,D,20210910,000000,90.9124,90.9124,90.9124,90.9124,0,0
PAS_MV,D,20210913,000000,90.0777,90.0777,88.3906,90.0777,0,0
PAS_MV,D,20210915,000000,87.547,90.0777,87.547,90.0777,0,0
PAS_MV,D,20210916,000000,90.0777,91.7561,87.547,91.7561,0,0
PAS_MV,D,20210917,000000,89.2341,90.0777,87.547,90.0777,0,0
PAS_MV,D,20210920,000000,88.3906,89.2341,84.1815,85.025,0,0
PAS_MV,D,20210921,000000,85.025,87.547,84.1815,87.547,0,0
PAS_MV,D,20210922,000000,88.3906,90.0777,88.3906,89.2341,0,0
PAS_MV,D,20210923,000000,90.0777,92.5996,90.0777,92.5996,0,0
PAS_MV,D,20210924,000000,89.2341,90.9124,85.8687,90.9124,0,0
PAS_MV,D,20210928,000000,90.0777,92.5996,87.547,92.5996,0,0
PAS_MV,D,20210929,000000,88.3906,89.2341,86.7034,86.7034,0,0
PAS_MV,D,20210930,000000,88.3906,88.3906,88.3906,88.3906,0,0
PAS_MV,D,20211001,000000,86.7034,86.7034,86.7034,86.7034,0,0
PAS_MV,D,20211004,000000,86.7034,86.7034,85.8687,85.8687,0,0
PAS_MV,D,20211005,000000,85.8687,85.8687,85.8687,85.8687,0,0
PAS_MV,D,20211006,000000,85.025,85.025,84.1815,84.1815,0,0
PAS_MV,D,20211007,000000,84.1815,84.1815,75.7634,77.1077,0,0
PAS_MV,D,20211008,000000,79.1288,84.1815,77.4504,83.1709,0,0
PAS_MV,D,20211011,000000,83.1709,83.1709,80.816,82.4943,0,0
PAS_MV,D,20211012,000000,79.4715,81.8265,79.1288,81.8265,0,0
PAS_MV,D,20211013,000000,81.8265,84.1815,79.1288,82.1604,0,0
PAS_MV,D,20211014,000000,79.1288,81.4838,77.7844,81.4838,0,0
PAS_MV,D,20211015,000000,81.1499,81.1499,77.7844,80.816,0,0
PAS_MV,D,20211018,000000,77.7844,81.4838,77.7844,81.1499,0,0
PAS_MV,D,20211019,000000,81.4838,84.1815,79.1288,84.1815,0,0
PAS_MV,D,20211020,000000,83.8476,86.7034,83.8476,86.7034,0,0
PAS_MV,D,20211021,000000,86.7034,86.7034,79.1288,85.025,0,0
PAS_MV,D,20211026,000000,84.1815,84.1815,82.4943,82.4943,0,0
PAS_MV,D,20211028,000000,80.4733,80.4733,80.4733,80.4733,0,0
PAS_MV,D,20211029,000000,82.4943,84.1815,82.4943,84.1815,0,0
PAS_MV,D,20211104,000000,80.816,80.816,79.4715,80.4733,0,0
PAS_MV,D,20211105,000000,80.4733,80.4733,80.4733,80.4733,0,0
PAS_MV,D,20211108,000000,79.1288,80.4733,79.1288,80.4733,0,0
PAS_MV,D,20211109,000000,78.461,80.816,78.461,80.816,0,0
PAS_MV,D,20211110,000000,79.1288,79.1288,79.1288,79.1288,0,0
PAS_MV,D,20211112,000000,85.8687,89.2341,82.837,86.7034,0,0
PAS_MV,D,20211115,000000,87.547,87.547,85.025,87.547,0,0
PAS_MV,D,20211116,000000,85.025,85.8687,85.025,85.025,0,0
PAS_MV,D,20211117,000000,84.1815,84.1815,80.1394,83.8476,0,0
PAS_MV,D,20211118,000000,79.8055,82.4943,79.1288,82.4943,0,0
PAS_MV,D,20211119,000000,79.1288,82.4943,79.1288,82.4943,0,0
PAS_MV,D,20211122,000000,81.1499,83.1709,80.816,83.1709,0,0
PAS_MV,D,20211123,000000,82.4943,85.8687,82.4943,85.8687,0,0
PAS_MV,D,20211124,000000,80.816,81.8265,80.1394,81.8265,0,0
PAS_MV,D,20211125,000000,81.4838,81.4838,81.4838,81.4838,0,0
PAS_MV,D,20211126,000000,76.0973,80.4733,74.0762,80.4733,0,0
PAS_MV,D,20211129,000000,77.4504,78.1183,75.4294,78.1183,0,0
PAS_MV,D,20211130,000000,78.1183,81.4838,78.1183,80.816,0,0
PAS_MV,D,20211201,000000,80.816,80.816,80.816,80.816,0,0
PAS_MV,D,20211202,000000,81.1499,81.1499,81.1499,81.1499,0,0
PAS_MV,D,20211203,000000,81.4838,81.8265,78.461,80.4733,0,0
PAS_MV,D,20211206,000000,80.4733,85.8687,78.1183,79.1288,0,0
PAS_MV,D,20211207,000000,77.7844,86.7034,77.7844,82.837,0,0
PAS_MV,D,20211208,000000,86.7034,90.0777,83.8476,86.7034,0,0
PAS_MV,D,20211209,000000,86.7034,94.2868,82.4943,90.0777,0,0
PAS_MV,D,20211210,000000,90.0777,90.0777,84.1815,85.8687,0,0
PAS_MV,D,20211213,000000,89.2341,89.2341,85.8687,87.547,0,0
PAS_MV,D,20211214,000000,86.7034,86.7034,85.8687,85.8687,0,0
PAS_MV,D,20211215,000000,84.1815,84.1815,83.8476,83.8476,0,0
PAS_MV,D,20211216,000000,83.5049,93.4432,83.5049,84.1815,0,0
PAS_MV,D,20211217,000000,84.1815,84.1815,84.1815,84.1815,0,0
PAS_MV,D,20211220,000000,82.837,86.7034,82.837,83.8476,0,0
PAS_MV,D,20211221,000000,84.1815,84.1815,83.5049,83.5049,0,0
PAS_MV,D,20211222,000000,86.7034,87.547,84.1815,85.8687,0,0
PAS_MV,D,20211223,000000,88.3906,90.0777,87.547,87.547,0,0
PAS_MV,D,20211227,000000,87.547,90.9124,86.7034,89.2341,0,0
PAS_MV,D,20211228,000000,87.547,91.7561,84.1815,91.7561,0,0
PAS_MV,D,20211229,000000,87.547,88.3906,85.025,88.3906,0,0
PAS_MV,D,20211230,000000,85.8687,88.3906,84.1815,88.3906,0,0
PAS_MV,D,20220103,000000,88.3906,94.2868,88.3906,94.2868,0,0
PAS_MV,D,20220104,000000,91.7561,91.7561,91.7561,91.7561,0,0
PAS_MV,D,20220107,000000,89.2341,89.2341,89.2341,89.2341,0,0
PAS_MV,D,20220110,000000,88.3906,88.3906,88.3906,88.3906,0,0
PAS_MV,D,20220111,000000,88.3906,89.2341,87.547,89.2341,0,0
PAS_MV,D,20220112,000000,90.0777,92.5996,90.0777,92.5996,0,0
PAS_MV,D,20220113,000000,93.4432,95.1215,92.5996,92.5996,0,0
PAS_MV,D,20220114,000000,95.9654,95.9654,90.0777,92.5996,0,0
PAS_MV,D,20220117,000000,92.5996,92.5996,92.5996,92.5996,0,0
PAS_MV,D,20220118,000000,91.7561,92.5996,89.2341,91.7561,0,0
PAS_MV,D,20220119,000000,89.2341,94.2868,88.3906,92.5996,0,0
PAS_MV,D,20220120,000000,91.7561,91.7561,90.9124,91.7561,0,0
PAS_MV,D,20220121,000000,90.0777,90.0777,84.1815,87.547,0,0
PAS_MV,D,20220124,000000,89.2341,89.2341,75.0867,86.7034,0,0
PAS_MV,D,20220125,000000,82.4943,82.4943,82.4943,82.4943,0,0
PAS_MV,D,20220126,000000,85.8687,88.3906,84.1815,87.547,0,0
PAS_MV,D,20220127,000000,84.1815,84.1815,83.5049,83.5049,0,0
PAS_MV,D,20220128,000000,82.4943,84.1815,82.4943,84.1815,0,0
PAS_MV,D,20220201,000000,84.1815,84.1815,77.4504,83.8476,0,0
PAS_MV,D,20220202,000000,83.1709,83.1709,80.1394,82.4943,0,0
PAS_MV,D,20220203,000000,81.8265,81.8265,79.1288,81.4838,0,0
PAS_MV,D,20220204,000000,79.8055,83.8476,79.8055,83.8476,0,0
PAS_MV,D,20220207,000000,85.8687,86.7034,83.8476,83.8476,0,0
PAS_MV,D,20220208,000000,85.8687,85.8687,79.4715,80.1394,0,0
PAS_MV,D,20220209,000000,81.1499,84.1815,81.1499,81.1499,0,0
PAS_MV,D,20220210,000000,80.816,84.1815,80.816,84.1815,0,0
PAS_MV,D,20220211,000000,81.1499,81.1499,73.0656,80.816,0,0
PAS_MV,D,20220214,000000,77.4504,80.816,73.4083,74.0762,0,0
PAS_MV,D,20220215,000000,74.0762,76.7738,74.0762,74.0762,0,0
PAS_MV,D,20220216,000000,76.0973,76.0973,73.4083,75.7634,0,0
PAS_MV,D,20220217,000000,75.7634,75.7634,72.3978,72.3978,0,0
PAS_MV,D,20220218,000000,75.7634,75.7634,75.7634,75.7634,0,0
PAS_MV,D,20220221,000000,71.3873,74.4189,69.0323,72.3978,0,0
PAS_MV,D,20220222,000000,72.3978,74.4189,69.0323,74.4189,0,0
PAS_MV,D,20220223,000000,74.4189,74.4189,67.6791,67.6791,0,0
PAS_MV,D,20220224,000000,59.2609,69.0323,59.2609,67.3451,0,0
PAS_MV,D,20220225,000000,68.3557,73.7423,68.3557,69.0323,0,0
PAS_MV,D,20220228,000000,69.0323,79.1288,69.0323,79.1288,0,0
PAS_MV,D,20220301,000000,75.7634,78.461,72.3978,78.461,0,0
PAS_MV,D,20220302,000000,77.4504,80.816,75.7634,77.4504,0,0
PAS_MV,D,20220303,000000,80.816,82.837,77.4504,81.8265,0,0
PAS_MV,D,20220304,000000,78.1183,81.4838,77.7844,80.816,0,0
PAS_MV,D,20220307,000000,67.3451,75.7634,67.3451,75.7634,0,0
PAS_MV,D,20220308,000000,73.0656,76.0973,71.3873,75.0867,0,0
PAS_MV,D,20220309,000000,76.0973,76.0973,76.0973,76.0973,0,0
PAS_MV,D,20220310,000000,76.0973,78.7949,76.0973,78.7949,0,0
PAS_MV,D,20220314,000000,75.4294,77.7844,73.7423,73.7423,0,0
PAS_MV,D,20220315,000000,76.0973,76.4399,76.0973,76.4399,0,0
PAS_MV,D,20220316,000000,73.7423,75.7634,73.7423,75.7634,0,0
PAS_MV,D,20220317,000000,75.4294,75.4294,74.0762,75.4294,0,0
PAS_MV,D,20220318,000000,75.4294,75.4294,72.3978,72.7317,0,0
PAS_MV,D,20220321,000000,75.7634,77.4504,72.7317,77.4504,0,0
PAS_MV,D,20220322,000000,78.461,80.816,78.1183,80.816,0,0
PAS_MV,D,20220323,000000,81.4838,87.547,80.816,84.1815,0,0
PAS_MV,D,20220324,000000,87.547,87.547,82.4943,85.025,0,0
PAS_MV,D,20220325,000000,85.025,85.8687,82.1604,84.1815,0,0
PAS_MV,D,20220328,000000,84.1815,84.1815,84.1815,84.1815,0,0
PAS_MV,D,20220329,000000,83.5049,83.5049,80.4733,83.1709,0,0
PAS_MV,D,20220330,000000,84.1815,84.1815,83.5049,83.5049,0,0
PAS_MV,D,20220331,000000,83.8476,85.025,83.8476,85.025,0,0
PAS_MV,D,20220401,000000,76.7738,84.1815,76.7738,83.8476,0,0
PAS_MV,D,20220404,000000,85.025,88.3906,85.025,88.3906,0,0
PAS_MV,D,20220405,000000,86.7034,87.547,83.8476,86.7034,0,0
PAS_MV,D,20220406,000000,84.1815,87.547,84.1815,86.7034,0,0
PAS_MV,D,20220407,000000,83.8476,85.8687,81.1499,83.5049,0,0
PAS_MV,D,20220408,000000,83.5049,83.5049,83.5049,83.5049,0,0
PAS_MV,D,20220411,000000,82.4943,82.4943,76.4399,78.7949,0,0
PAS_MV,D,20220412,000000,78.7949,78.7949,76.0973,76.0973,0,0
PAS_MV,D,20220413,000000,81.1499,81.4838,75.5963,78.2853,0,0
PAS_MV,D,20220414,000000,75.7634,79.9724,75.7634,79.9724,0,0
PAS_MV,D,20220420,000000,80.3063,80.3063,77.4504,79.9724,0,0
PAS_MV,D,20220421,000000,79.1288,79.1288,79.1288,79.1288,0,0
PAS_MV,D,20220422,000000,77.4504,77.4504,76.0973,76.0973,0,0
PAS_MV,D,20220425,000000,80.649,80.649,77.6174,77.6174,0,0
PAS_MV,D,20220427,000000,77.2747,77.4504,77.2747,77.4504,0,0
PAS_MV,D,20220428,000000,75.7634,75.7634,70.7107,70.7107,0,0
PAS_MV,D,20220429,000000,70.7107,70.7107,70.7107,70.7107,0,0
PAS_MV,D,20220502,000000,71.0534,71.0534,67.3451,70.3768,0,0
PAS_MV,D,20220504,000000,67.3451,69.3662,67.3451,69.3662,0,0
PAS_MV,D,20220505,000000,67.5122,68.5227,62.6352,68.1888,0,0
PAS_MV,D,20220506,000000,65.6581,66.5016,61.115,66.5016,0,0
PAS_MV,D,20220510,000000,63.1361,64.8232,60.6142,64.6475,0,0
PAS_MV,D,20220511,000000,64.6475,68.8565,64.6475,68.8565,0,0
PAS_MV,D,20220512,000000,65.1571,65.6581,62.6352,65.6581,0,0
PAS_MV,D,20220513,000000,65.6581,70.7107,65.6581,70.7107,0,0
PAS_MV,D,20220516,000000,66.5016,68.8565,66.5016,66.5016,0,0
PAS_MV,D,20220517,000000,68.0218,68.0218,66.5016,66.5016,0,0
PAS_MV,D,20220518,000000,68.0218,68.5227,68.0218,68.5227,0,0
PAS_MV,D,20220519,000000,66.3347,69.3662,66.3347,67.3451,0,0
PAS_MV,D,20220523,000000,68.1888,68.8565,67.3451,67.3451,0,0
PAS_MV,D,20220524,000000,67.0112,67.0112,66.1677,66.1677,0,0
PAS_MV,D,20220525,000000,66.6685,66.6685,65.6581,65.6581,0,0
PAS_MV,D,20220526,000000,66.3347,66.6685,66.3347,66.6685,0,0
PAS_MV,D,20220527,000000,66.6685,66.6685,64.6475,64.6475,0,0
PAS_MV,D,20220530,000000,64.3136,64.6475,60.6142,62.2925,0,0
PAS_MV,D,20220531,000000,60.6142,62.1256,54.0413,54.0413,0,0
PAS_MV,D,20220601,000000,55.0518,57.2399,53.0308,53.8744,0,0
PAS_MV,D,20220602,000000,55.0518,55.7285,53.0308,55.7285,0,0
PAS_MV,D,20220603,000000,57.2399,57.2399,53.5405,57.0729,0,0
PAS_MV,D,20220606,000000,54.7179,56.739,54.7179,56.739,0,0
PAS_MV,D,20220607,000000,53.3735,56.739,49.6653,56.4051,0,0
PAS_MV,D,20220608,000000,55.5616,55.5616,53.8744,53.8744,0,0
PAS_MV,D,20220609,000000,53.5405,53.5405,50.8428,52.196,0,0
PAS_MV,D,20220610,000000,50.6758,51.3524,47.1433,51.3524,0,0
PAS_MV,D,20220613,000000,50.8428,52.0203,47.3103,50.5089,0,0
PAS_MV,D,20220621,000000,50.5089,50.5089,47.1433,47.1433,0,0
PAS_MV,D,20220622,000000,45.4563,47.987,40.5793,47.987,0,0
PAS_MV,D,20220623,000000,45.4563,46.6337,43.7779,43.7779,0,0
PAS_MV,D,20220624,000000,45.6232,45.6232,44.6126,44.6126,0,0
PAS_MV,D,20220627,000000,43.7779,45.4563,43.7779,45.4563,0,0
PAS_MV,D,20220628,000000,45.4563,46.6337,45.4563,46.6337,0,0
PAS_MV,D,20220629,000000,44.9553,46.6337,42.9343,46.6337,0,0
PAS_MV,D,20220630,000000,46.4668,46.4668,46.4668,46.4668,0,0
PAS_MV,D,20220704,000000,46.2998,51.1855,46.2998,49.6653,0,0
PAS_MV,D,20220706,000000,49.4984,49.4984,47.1433,47.1433,0,0
PAS_MV,D,20220707,000000,48.8217,48.8217,48.8217,48.8217,0,0
PAS_MV,D,20220712,000000,46.9764,48.6548,46.9764,47.1433,0,0
PAS_MV,D,20220713,000000,45.4563,46.8006,43.7779,45.4563,0,0
PAS_MV,D,20220714,000000,45.1223,45.1223,45.1223,45.1223,0,0
PAS_MV,D,20220715,000000,46.4668,46.4668,46.4668,46.4668,0,0
PAS_MV,D,20220718,000000,42.9343,44.1118,42.9343,42.9343,0,0
PAS_MV,D,20220719,000000,45.4563,45.4563,45.4563,45.4563,0,0
PAS_MV,D,20220722,000000,44.6126,44.6126,44.6126,44.6126,0,0
PAS_MV,D,20220725,000000,43.7779,45.4563,42.2577,45.4563,0,0
PAS_MV,D,20220726,000000,45.4563,46.4668,45.4563,46.4668,0,0
PAS_MV,D,20220727,000000,44.7884,46.6337,44.7884,46.6337,0,0
PAS_MV,D,20220728,000000,46.8006,49.3313,46.8006,49.3313,0,0
PAS_MV,D,20220729,000000,49.6653,50.5089,49.6653,50.5089,0,0
PAS_MV,D,20220801,000000,50.5089,53.8744,50.5089,51.8533,0,0
PAS_MV,D,20220802,000000,51.1855,53.0308,49.6653,49.6653,0,0
PAS_MV,D,20220803,000000,49.6653,52.196,48.9975,52.196,0,0
PAS_MV,D,20220805,000000,50.3419,53.5405,50.3419,53.5405,0,0
PAS_MV,D,20220809,000000,53.5405,53.8744,53.5405,53.8744,0,0
PAS_MV,D,20220810,000000,53.8744,53.8744,53.8744,53.8744,0,0
PAS_MV,D,20220811,000000,53.8744,53.8744,53.8744,53.8744,0,0
PAS_MV,D,20220816,000000,53.7075,53.8744,50.5089,50.5089,0,0
PAS_MV,D,20220817,000000,50.5089,50.5089,48.8217,50.008,0,0
PAS_MV,D,20220818,000000,50.008,50.175,50.008,50.175,0,0
PAS_MV,D,20220819,000000,48.8217,51.8533,47.1433,51.8533,0,0
PAS_MV,D,20220822,000000,50.5089,55.5616,50.5089,55.5616,0,0
PAS_MV,D,20220823,000000,55.5616,55.5616,50.008,53.2065,0,0
PAS_MV,D,20220824,000000,55.2188,55.5616,53.8744,55.5616,0,0
PAS_MV,D,20220825,000000,55.5616,55.5616,54.0413,55.5616,0,0
PAS_MV,D,20220826,000000,54.0413,54.0413,53.8744,53.8744,0,0
PAS_MV,D,20220829,000000,54.0413,54.551,51.3524,54.551,0,0
PAS_MV,D,20220830,000000,53.5405,54.7179,53.0308,54.7179,0,0
PAS_MV,D,20220831,000000,54.384,54.7179,53.7075,54.7179,0,0
PAS_MV,D,20220901,000000,54.551,55.3945,54.551,55.3945,0,0
PAS_MV,D,20220902,000000,55.3945,55.3945,55.0518,55.0518,0,0
PAS_MV,D,20220905,000000,53.8744,53.8744,53.8744,53.8744,0,0
PAS_MV,D,20220907,000000,53.2065,53.2065,49.6653,53.0308,0,0
PAS_MV,D,20220909,000000,50.008,50.008,50.008,50.008,0,0
PAS_MV,D,20220912,000000,49.3313,49.3313,46.2998,48.8217,0,0
PAS_MV,D,20220913,000000,47.1433,47.1433,47.1433,47.1433,0,0
PAS_MV,D,20220914,000000,48.8217,48.8217,45.4563,47.987,0,0
PAS_MV,D,20220915,000000,47.987,47.987,47.987,47.987,0,0
PAS_MV,D,20220916,000000,46.1329,46.1329,46.1329,46.1329,0,0
PAS_MV,D,20220919,000000,47.1433,48.1539,47.1433,47.4773,0,0
PAS_MV,D,20220920,000000,47.4773,47.4773,47.1433,47.1433,0,0
PAS_MV,D,20220921,000000,47.1433,50.5089,47.1433,50.5089,0,0
PAS_MV,D,20220922,000000,49.3313,49.3313,49.3313,49.3313,0,0
PAS_MV,D,20220923,000000,48.8217,48.8217,45.4563,45.4563,0,0
PAS_MV,D,20220926,000000,48.1539,48.8217,47.4773,47.4773,0,0
PAS_MV,D,20220927,000000,47.4773,49.6653,47.4773,49.6653,0,0
PAS_MV,D,20220928,000000,49.6653,50.3419,49.6653,50.3419,0,0
PAS_MV,D,20220929,000000,48.8217,50.3419,48.8217,48.8217,0,0
PAS_MV,D,20220930,000000,48.1539,49.6653,48.1539,49.6653,0,0
PAS_MV,D,20221003,000000,49.6653,49.8323,49.6653,49.8323,0,0
PAS_MV,D,20221005,000000,50.008,51.5195,50.008,51.5195,0,0
PAS_MV,D,20221006,000000,51.5195,51.5195,50.5089,51.5195,0,0
PAS_MV,D,20221007,000000,51.5195,52.196,51.5195,52.196,0,0
PAS_MV,D,20221010,000000,51.1855,52.196,51.1855,52.196,0,0
PAS_MV,D,20221011,000000,51.3524,51.3524,50.5089,50.5089,0,0
PAS_MV,D,20221017,000000,50.175,54.4719,50.175,54.4719,0,0
PAS_MV,D,20221018,000000,54.6565,55.9218,54.6565,55.1925,0,0
PAS_MV,D,20221019,000000,53.9359,54.8322,53.7514,54.8322,0,0
PAS_MV,D,20221021,000000,54.6565,54.6565,54.6565,54.6565,0,0
PAS_MV,D,20221024,000000,54.1116,55.377,53.2153,53.2153,0,0
PAS_MV,D,20221025,000000,54.1116,54.1116,54.1116,54.1116,0,0
PAS_MV,D,20221027,000000,52.3102,52.3102,52.3102,52.3102,0,0
PAS_MV,D,20221028,000000,49.9641,53.3911,49.9641,53.3911,0,0
PAS_MV,D,20221031,000000,53.3911,57.3629,53.3911,57.3629,0,0
PAS_MV,D,20221103,000000,54.1116,55.9218,54.1116,55.9218,0,0
PAS_MV,D,20221104,000000,52.8551,55.7372,52.3102,55.7372,0,0
PAS_MV,D,20221107,000000,53.2153,55.7372,53.2153,55.7372,0,0
PAS_MV,D,20221108,000000,57.5387,57.5387,57.5387,57.5387,0,0
PAS_MV,D,20221109,000000,57.7232,58.804,57.7232,57.7232,0,0
PAS_MV,D,20221110,000000,55.9218,58.4437,55.5528,58.4437,0,0
PAS_MV,D,20221114,000000,57.7232,58.804,56.2821,58.4437,0,0
PAS_MV,D,20221116,000000,54.1116,57.7232,54.1116,57.3629,0,0
PAS_MV,D,20221117,000000,54.1116,54.1116,54.1116,54.1116,0,0
PAS_MV,D,20221118,000000,55.5528,58.4437,54.2962,58.4437,0,0
PAS_MV,D,20221121,000000,58.4437,59.5245,58.4437,58.4437,0,0
PAS_MV,D,20221122,000000,58.4437,58.4437,58.4437,58.4437,0,0
PAS_MV,D,20221123,000000,55.9218,55.9218,55.9218,55.9218,0,0
PAS_MV,D,20221124,000000,55.9218,58.2592,55.9218,55.9218,0,0
PAS_MV,D,20221125,000000,56.2821,56.2821,55.9218,55.9218,0,0
PAS_MV,D,20221128,000000,56.8181,56.8181,56.8181,56.8181,0,0
PAS_MV,D,20221129,000000,56.8181,56.8181,56.8181,56.8181,0,0
PAS_MV,D,20221130,000000,54.6565,54.6565,53.0308,54.6565,0,0
PAS_MV,D,20221201,000000,54.6565,54.8322,54.6565,54.8322,0,0
PAS_MV,D,20221202,000000,54.4719,56.8181,54.1116,56.8181,0,0
PAS_MV,D,20221205,000000,56.8181,59.5245,55.9218,57.7232,0,0
PAS_MV,D,20221206,000000,55.377,55.377,55.1925,55.1925,0,0
PAS_MV,D,20221207,000000,57.0026,57.0026,56.4579,56.4579,0,0
PAS_MV,D,20221208,000000,55.9218,55.9218,54.1116,55.9218,0,0
PAS_MV,D,20221209,000000,54.4719,54.4719,54.2962,54.2962,0,0
PAS_MV,D,20221212,000000,55.7372,55.9218,55.7372,55.9218,0,0
PAS_MV,D,20221213,000000,56.2821,57.7232,56.2821,57.7232,0,0
PAS_MV,D,20221214,000000,57.8989,62.5913,56.8181,62.5913,0,0
PAS_MV,D,20221215,000000,61.3259,61.3259,58.6194,58.6194,0,0
PAS_MV,D,20221216,000000,58.9797,58.9797,58.9797,58.9797,0,0
PAS_MV,D,20221219,000000,57.7232,58.0835,55.9218,58.0835,0,0
PAS_MV,D,20221220,000000,56.2821,56.2821,54.1116,54.1116,0,0
PAS_MV,D,20221221,000000,57.7232,57.7232,57.7232,57.7232,0,0
PAS_MV,D,20221222,000000,55.9218,55.9218,53.9359,53.9359,0,0
PAS_MV,D,20221223,000000,53.9359,54.1116,53.7514,54.1116,0,0
PAS_MV,D,20221227,000000,52.4948,53.7514,52.4948,52.8551,0,0
PAS_MV,D,20221228,000000,53.9359,55.0167,53.9359,55.0167,0,0
PAS_MV,D,20221229,000000,55.0167,55.0167,55.0167,55.0167,0,0
PAS_MV,D,20230102,000000,55.9218,55.9218,54.1116,54.1116,0,0
PAS_MV,D,20230103,000000,54.6565,59.5245,54.6565,58.6194,0,0
PAS_MV,D,20230104,000000,57.7232,69.2696,57.7232,68.9093,0,0
PAS_MV,D,20230105,000000,69.2696,72.1518,66.7389,68.5403,0,0
PAS_MV,D,20230109,000000,71.9673,72.1518,68.9093,71.6069,0,0
PAS_MV,D,20230110,000000,73.7774,73.7774,68.5403,71.9673,0,0
PAS_MV,D,20230111,000000,71.9673,71.9673,64.9374,67.8196,0,0
PAS_MV,D,20230112,000000,68.0042,68.0042,64.9374,66.0183,0,0
PAS_MV,D,20230113,000000,66.0183,66.5632,62.7759,66.5632,0,0
PAS_MV,D,20230116,000000,66.5632,66.5632,63.1361,65.1132,0,0
PAS_MV,D,20230117,000000,66.2028,66.2028,63.4964,65.1132,0,0
PAS_MV,D,20230118,000000,64.9374,65.4735,63.6721,65.4735,0,0
PAS_MV,D,20230119,000000,64.9374,64.9374,62.231,62.231,0,0
PAS_MV,D,20230120,000000,64.753,64.753,62.9516,64.5772,0,0
PAS_MV,D,20230123,000000,63.1361,63.1361,60.4296,62.231,0,0
PAS_MV,D,20230124,000000,62.231,62.231,62.231,62.231,0,0
PAS_MV,D,20230125,000000,61.5105,62.231,60.0694,60.4296,0,0
PAS_MV,D,20230126,000000,60.6054,61.1502,60.6054,61.1502,0,0
PAS_MV,D,20230127,000000,59.7091,61.1502,58.4437,58.4437,0,0
PAS_MV,D,20230131,000000,58.9797,61.3259,57.7232,57.7232,0,0
PAS_MV,D,20230201,000000,57.7232,57.7232,54.2962,55.9218,0,0
PAS_MV,D,20230202,000000,55.9218,58.2592,55.9218,55.9218,0,0
PAS_MV,D,20230203,000000,55.1925,57.7232,55.1925,57.7232,0,0
PAS_MV,D,20230206,000000,58.4437,58.4437,58.4437,58.4437,0,0
PAS_MV,D,20230207,000000,57.7232,58.9797,57.7232,58.9797,0,0
PAS_MV,D,20230208,000000,59.1643,59.5245,54.4719,55.0167,0,0
PAS_MV,D,20230209,000000,55.9218,55.9218,55.9218,55.9218,0,0
PAS_MV,D,20230210,000000,55.9218,56.6423,55.9218,56.6423,0,0
PAS_MV,D,20230213,000000,57.5387,57.5387,54.1116,55.5528,0,0
PAS_MV,D,20230214,000000,55.9218,56.4579,55.9218,55.9218,0,0
PAS_MV,D,20230215,000000,56.0975,56.0975,55.0167,55.0167,0,0
PAS_MV,D,20230216,000000,54.6565,54.6565,54.6565,54.6565,0,0
PAS_MV,D,20230217,000000,54.2962,54.2962,52.3102,52.3102,0,0
PAS_MV,D,20230220,000000,52.3102,54.6565,52.1257,52.1257,0,0
PAS_MV,D,20230221,000000,52.3102,52.3102,51.4052,51.4052,0,0
PAS_MV,D,20230222,000000,52.3102,52.3102,52.1257,52.1257,0,0
PAS_MV,D,20230223,000000,53.2153,53.2153,51.7655,52.3102,0,0
PAS_MV,D,20230224,000000,53.2153,53.2153,53.2153,53.2153,0,0
PAS_MV,D,20230227,000000,53.2153,53.2153,51.5897,52.3102,0,0
PAS_MV,D,20230228,000000,52.6706,52.8551,52.6706,52.8551,0,0
PAS_MV,D,20230301,000000,52.8551,52.8551,51.95,51.95,0,0
PAS_MV,D,20230302,000000,51.7655,51.95,51.5897,51.95,0,0
PAS_MV,D,20230303,000000,51.95,51.95,51.95,51.95,0,0
PAS_MV,D,20230306,000000,52.3102,52.8551,52.3102,52.8551,0,0
PAS_MV,D,20230307,000000,52.8551,52.8551,51.95,52.6706,0,0
PAS_MV,D,20230308,000000,52.6706,52.6706,51.7655,51.7655,0,0
PAS_MV,D,20230309,000000,52.1257,52.1257,51.95,51.95,0,0
PAS_MV,D,20230310,000000,52.1257,52.1257,49.2435,49.2435,0,0
PAS_MV,D,20230313,000000,48.6987,48.6987,44.3754,45.8165,0,0
PAS_MV,D,20230314,000000,46.001,47.2576,46.001,46.8973,0,0
PAS_MV,D,20230315,000000,45.632,46.8973,45.632,46.8973,0,0
PAS_MV,D,20230316,000000,45.4563,46.8973,42.3895,46.8973,0,0
PAS_MV,D,20230317,000000,46.7216,47.2576,46.7216,47.2576,0,0
PAS_MV,D,20230320,000000,47.2576,47.2576,45.096,46.537,0,0
PAS_MV,D,20230321,000000,45.632,46.001,43.2946,45.096,0,0
PAS_MV,D,20230322,000000,45.096,46.3614,45.096,46.3614,0,0
PAS_MV,D,20230328,000000,44.1909,44.1909,42.0292,42.0292,0,0
PAS_MV,D,20230329,000000,43.11,44.1909,43.11,43.2946,0,0
PAS_MV,D,20230330,000000,43.2946,46.8973,43.2946,46.8973,0,0
PAS_MV,D,20230331,000000,47.2576,47.8024,47.2576,47.2576,0,0
PAS_MV,D,20230403,000000,47.2576,47.2576,47.0819,47.0819,0,0
PAS_MV,D,20230404,000000,46.001,50.5089,46.001,50.3243,0,0
PAS_MV,D,20230406,000000,48.8833,49.428,47.0819,47.0819,0,0
PAS_MV,D,20230411,000000,46.8973,46.8973,46.8973,46.8973,0,0
PAS_MV,D,20230412,000000,46.8973,46.8973,46.8973,46.8973,0,0
PAS_MV,D,20230413,000000,47.0819,47.0819,46.8973,46.8973,0,0
PAS_MV,D,20230414,000000,47.6179,48.5229,46.8973,48.5229,0,0
PAS_MV,D,20230417,000000,48.5229,50.5089,48.5229,50.5089,0,0
PAS_MV,D,20230418,000000,50.5089,50.5089,50.5089,50.5089,0,0
PAS_MV,D,20230419,000000,50.5089,50.5089,49.2435,49.2435,0,0
PAS_MV,D,20230420,000000,52.3102,57.3629,52.3102,57.3629,0,0
PAS_MV,D,20230421,000000,57.0026,57.7232,52.6706,54.1116,0,0
PAS_MV,D,20230424,000000,54.4719,56.2821,54.4719,56.2821,0,0
PAS_MV,D,20230425,000000,54.1116,56.2821,53.3911,53.3911,0,0
PAS_MV,D,20230426,000000,53.3911,54.1116,53.3911,54.1116,0,0
PAS_MV,D,20230427,000000,54.1116,54.1116,53.0308,53.3911,0,0
PAS_MV,D,20230428,000000,54.1116,54.1116,53.7514,53.7514,0,0
PAS_MV,D,20230502,000000,53.7514,55.5528,53.7514,55.5528,0,0
PAS_MV,D,20230504,000000,55.5528,55.9218,54.4719,55.9218,0,0
PAS_MV,D,20230505,000000,56.2821,60.9657,52.3102,55.5528,0,0
PAS_MV,D,20230508,000000,55.9218,57.7232,54.1116,57.3629,0,0
PAS_MV,D,20230509,000000,57.7232,57.7232,55.1925,57.7232,0,0
PAS_MV,D,20230510,000000,55.1925,57.3629,54.8322,57.3629,0,0
PAS_MV,D,20230511,000000,57.3629,57.3629,57.3629,57.3629,0,0
PAS_MV,D,20230512,000000,57.3629,57.3629,57.3629,57.3629,0,0
PAS_MV,D,20230515,000000,55.9218,55.9218,55.9218,55.9218,0,0
PAS_MV,D,20230516,000000,55.9218,55.9218,54.1116,54.1116,0,0
PAS_MV,D,20230517,000000,53.7514,53.7514,52.6706,53.0308,0,0
PAS_MV,D,20230518,000000,54.4719,54.8322,54.4719,54.8322,0,0
PAS_MV,D,20230519,000000,54.4719,55.9218,54.1116,54.1116,0,0
PAS_MV,D,20230522,000000,55.1925,55.1925,55.1925,55.1925,0,0
PAS_MV,D,20230523,000000,55.9218,55.9218,55.9218,55.9218,0,0
PAS_MV,D,20230524,000000,54.1116,55.5528,53.3911,53.3911,0,0
PAS_MV,D,20230525,000000,53.0308,54.8322,53.0308,53.0308,0,0
PAS_MV,D,20230526,000000,54.8322,54.8322,49.428,49.7883,0,0
PAS_MV,D,20230529,000000,49.7883,49.7883,45.096,47.6179,0,0
PAS_MV,D,20230530,000000,47.6179,47.6179,46.1768,46.1768,0,0
PAS_MV,D,20230531,000000,48.6987,49.428,48.6987,48.6987,0,0
PAS_MV,D,20230601,000000,48.3385,48.3385,47.9782,48.3385,0,0
PAS_MV,D,20230602,000000,48.3385,48.3385,48.3385,48.3385,0,0
PAS_MV,D,20230605,000000,48.3385,48.3385,46.1768,48.3385,0,0
PAS_MV,D,20230606,000000,47.9782,47.9782,43.6549,44.3754,0,0
PAS_MV,D,20230607,000000,45.096,46.537,45.096,46.537,0,0
PAS_MV,D,20230609,000000,46.8973,47.2576,46.8973,47.2576,0,0
PAS_MV,D,20230612,000000,46.8973,49.428,46.8973,49.428,0,0
PAS_MV,D,20230613,000000,47.2576,49.7883,47.2576,49.7883,0,0
PAS_MV,D,20230614,000000,50.1486,50.1486,46.537,46.537,0,0
PAS_MV,D,20230615,000000,47.2576,48.3385,45.8165,45.8165,0,0
PAS_MV,D,20230616,000000,45.4563,47.6179,45.4563,47.6179,0,0
PAS_MV,D,20230620,000000,46.8973,46.8973,45.4563,45.4563,0,0
PAS_MV,D,20230621,000000,45.8165,47.2576,44.7356,44.7356,0,0
PAS_MV,D,20230622,000000,46.1768,46.1768,45.4563,45.4563,0,0
PAS_MV,D,20230623,000000,45.8165,45.8165,45.4563,45.4563,0,0
PAS_MV,D,20230626,000000,46.1768,46.1768,45.096,45.096,0,0
PAS_MV,D,20230627,000000,45.4563,45.4563,45.4563,45.4563,0,0
PAS_MV,D,20230629,000000,45.096,45.096,44.7356,45.096,0,0
PAS_MV,D,20230630,000000,45.096,45.096,43.6549,43.6549,0,0
PAS_MV,D,20230703,000000,44.0151,47.9782,44.0151,47.9782,0,0
PAS_MV,D,20230704,000000,46.537,46.537,45.8165,45.8165,0,0
PAS_MV,D,20230705,000000,45.8165,45.8165,41.8447,42.9343,0,0
PAS_MV,D,20230706,000000,42.9343,44.0151,42.9343,44.0151,0,0
PAS_MV,D,20230710,000000,44.0151,44.7356,44.0151,44.7356,0,0
PAS_MV,D,20230711,000000,44.7356,44.7356,44.7356,44.7356,0,0
PAS_MV,D,20230712,000000,45.096,45.4563,45.096,45.4563,0,0
PAS_MV,D,20230713,000000,45.8165,45.8165,45.8165,45.8165,0,0
PAS_MV,D,20230714,000000,45.8165,47.9782,45.4563,47.9782,0,0
PAS_MV,D,20230717,000000,47.9782,47.9782,46.1768,46.1768,0,0
PAS_MV,D,20230718,000000,45.8165,48.3385,45.8165,45.8165,0,0
PAS_MV,D,20230719,000000,47.9782,47.9782,45.096,46.1768,0,0
PAS_MV,D,20230720,000000,46.1768,46.1768,43.2946,44.3754,0,0
PAS_MV,D,20230721,000000,42.5653,42.9343,42.2049,42.9343,0,0
PAS_MV,D,20230724,000000,43.2946,44.0151,41.4844,42.5653,0,0
PAS_MV,D,20230725,000000,42.5653,46.537,42.5653,44.3754,0,0
PAS_MV,D,20230726,000000,45.8165,45.8165,45.8165,45.8165,0,0
PAS_MV,D,20230727,000000,46.537,46.8973,42.2049,43.2946,0,0
PAS_MV,D,20230728,000000,43.2946,43.2946,41.4844,43.2946,0,0
PAS_MV,D,20230731,000000,43.2946,43.2946,43.2946,43.2946,0,0
PAS_MV,D,20230801,000000,43.2946,43.2946,41.8447,41.8447,0,0
PAS_MV,D,20230802,000000,43.2946,43.2946,42.2049,43.2946,0,0
PAS_MV,D,20230803,000000,42.9343,43.6549,42.9343,43.2946,0,0
PAS_MV,D,20230804,000000,43.2946,43.6549,41.8447,42.2049,0,0
PAS_MV,D,20230807,000000,42.9299,42.9343,42.9299,42.9343,0,0
PAS_MV,D,20230808,000000,42.5697,42.5697,41.1268,41.4844,0,0
PAS_MV,D,20230810,000000,41.8482,42.5697,41.8482,42.5653,0,0
PAS_MV,D,20230811,000000,41.8482,42.5697,40.4053,42.2049,0,0
PAS_MV,D,20230814,000000,41.1268,41.4871,40.4053,41.4844,0,0
PAS_MV,D,20230816,000000,41.4871,41.4871,39.6839,40.4036,0,0
PAS_MV,D,20230817,000000,40.7656,40.7656,40.7639,40.7639,0,0
PAS_MV,D,20230818,000000,40.7656,40.7656,39.3227,39.3227,0,0
PAS_MV,D,20230821,000000,39.6839,39.6839,38.6013,38.6022,0,0
PAS_MV,D,20230822,000000,40.0442,40.0442,38.2402,38.2419,0,0
PAS_MV,D,20230823,000000,38.2402,38.2419,38.2402,38.2419,0,0
PAS_MV,D,20230824,000000,39.3227,41.4871,39.3227,41.4844,0,0
PAS_MV,D,20230825,000000,41.4871,41.4871,38.9616,38.9625,0,0
PAS_MV,D,20230829,000000,40.7656,40.7656,40.7639,40.7639,0,0
PAS_MV,D,20230830,000000,40.0442,40.0442,38.2402,38.2419,0,0
PAS_MV,D,20230831,000000,38.6013,38.6022,38.6013,38.6022,0,0
PAS_MV,D,20230901,000000,39.6839,39.6839,36.0759,37.5214,0,0
PAS_MV,D,20230904,000000,37.8799,37.8817,35.8958,37.8817,0,0
PAS_MV,D,20230905,000000,37.5187,37.5214,37.5187,37.5214,0,0
PAS_MV,D,20230906,000000,36.7974,37.8799,36.437,37.5214,0,0
PAS_MV,D,20230907,000000,37.5187,37.5187,36.0759,36.0803,0,0
PAS_MV,D,20230908,000000,36.7974,36.8008,36.7974,36.8008,0,0
PAS_MV,D,20230911,000000,36.437,37.8799,35.7112,35.7112,0,0
PAS_MV,D,20230912,000000,35.5346,38.9616,35.5346,36.4405,0,0
PAS_MV,D,20230913,000000,36.437,37.8799,35.7112,35.7112,0,0
PAS_MV,D,20230914,000000,36.0759,37.8817,36.0759,37.8817,0,0
PAS_MV,D,20230915,000000,38.2402,38.2419,36.7974,38.2419,0,0
PAS_MV,D,20230918,000000,37.8799,37.8799,36.7974,36.8008,0,0
PAS_MV,D,20230919,000000,37.1585,37.1585,36.7974,36.8008,0,0
PAS_MV,D,20230920,000000,36.7974,36.8008,36.7974,36.8008,0,0
PAS_MV,D,20230921,000000,37.5187,37.5187,36.437,36.4405,0,0
PAS_MV,D,20230922,000000,36.0759,38.2419,36.0759,38.2419,0,0
PAS_MV,D,20230925,000000,36.7974,37.1612,36.7974,37.1612,0,0
PAS_MV,D,20230926,000000,37.1585,38.2402,36.437,36.8008,0,0
PAS_MV,D,20230927,000000,36.7974,36.8008,36.0759,36.8008,0,0
PAS_MV,D,20230928,000000,36.0759,36.8008,35.351,35.351,0,0
PAS_MV,D,20230929,000000,35.3545,38.6013,35.3545,37.1612,0,0
PAS_MV,D,20231002,000000,38.9616,41.8482,37.1612,41.8447,0,0
PAS_MV,D,20231003,000000,41.8482,41.8482,37.8799,38.2419,0,0
PAS_MV,D,20231004,000000,38.9616,39.3227,37.5187,37.5214,0,0
PAS_MV,D,20231005,000000,37.5187,38.6022,37.5187,38.6022,0,0
PAS_MV,D,20231006,000000,37.5187,38.2419,37.1585,38.2419,0,0
PAS_MV,D,20231009,000000,36.7974,38.2419,36.0759,37.8817,0,0
PAS_MV,D,20231010,000000,36.437,37.8817,36.437,37.8817,0,0
PAS_MV,D,20231011,000000,38.2402,39.3227,37.1585,39.3227,0,0
PAS_MV,D,20231012,000000,39.3227,41.1268,37.1585,37.5214,0,0
PAS_MV,D,20231013,000000,37.8799,39.3227,37.1585,37.5214,0,0
PAS_MV,D,20231016,000000,39.3227,39.6839,36.437,36.4405,0,0
PAS_MV,D,20231017,000000,37.1585,37.8817,36.0759,37.8817,0,0
PAS_MV,D,20231018,000000,37.8799,37.8799,36.437,36.4405,0,0
PAS_MV,D,20231019,000000,38.2402,38.2402,36.437,36.4405,0,0
PAS_MV,D,20231020,000000,38.2402,38.2402,35.5346,36.8008,0,0
PAS_MV,D,20231023,000000,36.0759,36.8008,36.0759,36.8008,0,0
PAS_MV,D,20231024,000000,36.0759,37.5187,35.1743,37.1612,0,0
PAS_MV,D,20231025,000000,36.0759,36.0803,36.0759,36.0803,0,0
PAS_MV,D,20231026,000000,36.0759,39.6839,35.1743,38.6022,0,0
PAS_MV,D,20231027,000000,37.1585,38.6022,37.1585,38.6022,0,0
PAS_MV,D,20231030,000000,38.6013,38.6022,38.6013,38.6022,0,0
PAS_MV,D,20231031,000000,38.6013,38.6022,38.6013,38.6022,0,0
PAS_MV,D,20231102,000000,38.6013,38.6022,37.5187,38.6022,0,0
PAS_MV,D,20231103,000000,38.6013,39.6839,38.6013,39.683,0,0
PAS_MV,D,20231106,000000,39.6839,39.6839,39.683,39.683,0,0
PAS_MV,D,20231107,000000,40.4053,40.7656,40.0434,40.0434,0,0
PAS_MV,D,20231108,000000,40.0442,40.0442,40.0434,40.0434,0,0
PAS_MV,D,20231109,000000,40.0442,40.0442,39.683,39.683,0,0
PAS_MV,D,20231110,000000,39.6839,39.6839,38.6013,38.6022,0,0
PAS_MV,D,20231113,000000,39.6839,40.0442,36.0759,37.5214,0,0
PAS_MV,D,20231114,000000,38.2402,39.6839,38.2402,39.683,0,0
PAS_MV,D,20231115,000000,38.9616,38.9616,37.1585,37.5214,0,0
PAS_MV,D,20231116,000000,38.6013,38.6013,37.5187,38.2419,0,0
PAS_MV,D,20231117,000000,38.6013,38.6013,37.1585,37.5214,0,0
PAS_MV,D,20231120,000000,37.5187,37.5187,36.0759,36.0803,0,0
PAS_MV,D,20231121,000000,36.437,37.8799,35.1743,37.1612,0,0
PAS_MV,D,20231123,000000,37.5187,41.8482,36.0759,36.0803,0,0
PAS_MV,D,20231124,000000,37.1585,38.9616,37.1585,37.1612,0,0
PAS_MV,D,20231127,000000,37.1585,37.8817,36.0759,37.8817,0,0
PAS_MV,D,20231128,000000,37.1585,38.2419,36.0759,38.2419,0,0
PAS_MV,D,20231129,000000,36.7974,38.6022,36.7974,38.6022,0,0
PAS_MV,D,20231130,000000,37.8799,38.2419,37.1585,38.2419,0,0
PAS_MV,D,20231201,000000,37.1585,38.2419,35.8958,35.8958,0,0
PAS_MV,D,20231204,000000,37.1585,37.1585,36.437,36.4405,0,0
PAS_MV,D,20231205,000000,37.1585,37.1585,36.0759,36.0803,0,0
PAS_MV,D,20231206,000000,37.1585,37.8817,37.1585,37.8817,0,0
PAS_MV,D,20231207,000000,37.8799,37.8817,37.8799,37.8817,0,0
PAS_MV,D,20231208,000000,37.5187,37.5187,34.633,36.0803,0,0
PAS_MV,D,20231211,000000,35.8958,37.1612,35.8958,37.1612,0,0
PAS_MV,D,20231212,000000,37.1585,40.7656,37.1585,40.0434,0,0
PAS_MV,D,20231213,000000,39.6839,40.4053,39.683,39.683,0,0
PAS_MV,D,20231214,000000,39.6839,39.6839,39.683,39.683,0,0
PAS_MV,D,20231215,000000,39.6839,39.6839,38.9616,38.9625,0,0
PAS_MV,D,20231218,000000,38.9616,38.9625,38.9616,38.9625,0,0
PAS_MV,D,20231219,000000,38.2402,38.9625,37.1585,38.9625,0,0
PAS_MV,D,20231220,000000,38.2402,38.2419,38.2402,38.2419,0,0
PAS_MV,D,20231221,000000,37.5187,37.8817,37.5187,37.8817,0,0
PAS_MV,D,20231222,000000,37.5187,38.9625,37.5187,38.9625,0,0
PAS_MV,D,20231227,000000,38.9616,38.9616,37.8799,37.8817,0,0
PAS_MV,D,20231228,000000,37.8799,37.8817,37.8799,37.8817,0,0
PAS_MV,D,20231229,000000,37.5187,39.6839,37.5187,39.3227,0,0
PAS_MV,D,20240102,000000,39.6839,43.6522,39.6839,43.2946,0,0
PAS_MV,D,20240103,000000,43.2911,45.095,43.2911,43.6549,0,0
PAS_MV,D,20240104,000000,44.3737,44.3754,41.4871,44.3754,0,0
PAS_MV,D,20240105,000000,44.0125,44.3754,44.0125,44.3754,0,0
PAS_MV,D,20240108,000000,44.3737,44.3737,43.2911,43.2946,0,0
PAS_MV,D,20240109,000000,42.2085,44.3754,42.2085,44.3754,0,0
PAS_MV,D,20240110,000000,44.3737,44.3754,44.3737,44.3754,0,0
PAS_MV,D,20240112,000000,42.2085,43.6549,40.4053,43.6549,0,0
PAS_MV,D,20240115,000000,42.2085,45.096,42.2085,45.096,0,0
PAS_MV,D,20240116,000000,43.2911,43.2946,43.2911,43.2946,0,0
PAS_MV,D,20240117,000000,43.2911,45.096,43.2911,45.096,0,0
PAS_MV,D,20240118,000000,45.095,45.096,43.2911,45.096,0,0
PAS_MV,D,20240119,000000,45.095,45.096,43.2911,45.096,0,0
PAS_MV,D,20240122,000000,45.095,45.096,45.095,45.096,0,0
PAS_MV,D,20240123,000000,45.095,45.095,43.2911,43.2946,0,0
PAS_MV,D,20240124,000000,43.2911,43.2911,39.6839,42.2049,0,0
PAS_MV,D,20240126,000000,42.2085,42.5697,40.7656,42.5653,0,0
PAS_MV,D,20240129,000000,42.5697,42.5697,40.7656,42.2049,0,0
PAS_MV,D,20240130,000000,40.7656,42.2085,40.7656,42.2049,0,0
PAS_MV,D,20240131,000000,42.2085,42.2085,42.2049,42.2049,0,0
PAS_MV,D,20240201,000000,42.2085,42.2085,42.2049,42.2049,0,0
PAS_MV,D,20240202,000000,42.5697,43.2946,42.2049,43.2946,0,0
PAS_MV,D,20240205,000000,43.2911,45.096,43.2911,45.096,0,0
PAS_MV,D,20240206,000000,45.095,45.8165,45.095,45.8165,0,0
PAS_MV,D,20240207,000000,46.1768,46.1768,46.1768,46.1768,0,0
PAS_MV,D,20240208,000000,46.5379,50.5089,45.8165,50.5089,0,0
PAS_MV,D,20240209,000000,51.2277,59.5254,51.2277,54.8322,0,0
PAS_MV,D,20240212,000000,55.1959,55.9174,50.5062,55.5528,0,0
PAS_MV,D,20240213,000000,55.5572,55.5572,51.9491,54.1116,0,0
PAS_MV,D,20240214,000000,53.7531,53.7531,51.9491,53.0308,0,0
PAS_MV,D,20240215,000000,51.5888,59.5254,50.8674,59.5245,0,0
PAS_MV,D,20240216,000000,64.5755,66.3794,57.7214,57.7232,0,0
PAS_MV,D,20240219,000000,59.8858,62.0509,55.9174,57.0026,0,0
PAS_MV,D,20240220,000000,55.9174,55.9174,53.0317,54.1116,0,0
PAS_MV,D,20240221,000000,54.1143,55.9218,54.1143,55.9218,0,0
PAS_MV,D,20240222,000000,55.5572,55.5572,55.1925,55.1925,0,0
PAS_MV,D,20240223,000000,52.3102,52.3102,50.5062,51.95,0,0
PAS_MV,D,20240226,000000,51.9491,51.9491,47.9808,48.6987,0,0
PAS_MV,D,20240227,000000,51.2277,51.2277,46.8991,50.5089,0,0
PAS_MV,D,20240228,000000,49.7848,51.9491,49.7848,50.5089,0,0
PAS_MV,D,20240229,000000,50.5062,50.5089,49.0634,50.5089,0,0
PAS_MV,D,20240301,000000,50.5062,53.392,48.7022,51.2294,0,0
PAS_MV,D,20240304,000000,49.7848,51.5888,49.0634,51.2277,0,0
PAS_MV,D,20240305,000000,50.8674,50.8674,48.7022,50.1486,0,0
PAS_MV,D,20240306,000000,50.1451,50.5062,48.342,48.6987,0,0
PAS_MV,D,20240307,000000,50.5062,50.5089,50.5062,50.5089,0,0
PAS_MV,D,20240308,000000,48.7022,48.7022,47.9808,48.6987,0,0
PAS_MV,D,20240312,000000,47.9808,47.9808,47.6179,47.6179,0,0
PAS_MV,D,20240313,000000,47.6205,47.6205,46.8973,46.8973,0,0
PAS_MV,D,20240314,000000,47.2594,49.4236,47.2576,47.2576,0,0
PAS_MV,D,20240315,000000,47.2594,47.9808,46.5379,47.9808,0,0
PAS_MV,D,20240318,000000,46.5379,47.2594,44.0125,45.8165,0,0
PAS_MV,D,20240319,000000,45.8165,45.8165,44.3737,45.4563,0,0
PAS_MV,D,20240320,000000,44.3737,45.4563,44.3737,45.4563,0,0
PAS_MV,D,20240321,000000,45.4554,45.4563,45.4554,45.4563,0,0
PAS_MV,D,20240322,000000,45.4554,45.8165,44.3737,44.3754,0,0
PAS_MV,D,20240325,000000,45.4554,45.4554,43.2911,44.7356,0,0
PAS_MV,D,20240326,000000,43.6522,45.4563,43.6522,45.4563,0,0
PAS_MV,D,20240327,000000,45.8165,45.8165,45.095,45.096,0,0
PAS_MV,D,20240328,000000,45.8165,46.8991,45.095,46.8973,0,0
PAS_MV,D,20240402,000000,44.3737,48.1609,44.3737,46.7216,0,0
PAS_MV,D,20240403,000000,47.2594,55.5572,47.2594,49.428,0,0
PAS_MV,D,20240404,000000,52.6706,53.9333,52.6706,52.6706,0,0
PAS_MV,D,20240405,000000,53.0317,53.0317,48.8833,48.8833,0,0
PAS_MV,D,20240408,000000,50.5062,50.5062,48.8833,48.8833,0,0
PAS_MV,D,20240409,000000,49.0634,50.1451,48.1609,48.1627,0,0
PAS_MV,D,20240410,000000,48.5221,48.7022,46.8991,47.2576,0,0
PAS_MV,D,20240411,000000,47.4395,49.0634,47.4395,48.6987,0,0
PAS_MV,D,20240412,000000,49.4236,49.4236,48.3385,48.3385,0,0
PAS_MV,D,20240415,000000,48.7022,48.7022,46.7181,47.0819,0,0
PAS_MV,D,20240416,000000,52.3102,57.5413,49.2435,57.5387,0,0
PAS_MV,D,20240417,000000,57.7214,60.6071,49.4236,51.2294,0,0
PAS_MV,D,20240418,000000,50.1451,54.2962,50.1451,54.2962,0,0
PAS_MV,D,20240419,000000,55.0159,55.7372,52.3102,53.9359,0,0
PAS_MV,D,20240422,000000,53.9333,53.9333,52.3102,52.3102,0,0
PAS_MV,D,20240423,000000,51.2277,54.1143,51.2277,54.1116,0,0
PAS_MV,D,20240424,000000,56.2785,56.2785,53.392,55.9218,0,0
PAS_MV,D,20240425,000000,55.9174,55.9218,55.0159,55.9218,0,0
PAS_MV,D,20240426,000000,56.2785,58.0825,55.9174,57.7232,0,0
PAS_MV,D,20240429,000000,57.7214,59.5254,56.6388,57.7232,0,0
PAS_MV,D,20240430,000000,59.1643,61.8698,57.7214,61.6862,0,0
PAS_MV,D,20240502,000000,61.3295,61.8698,60.7882,61.6897,0,0
PAS_MV,D,20240506,000000,62.231,63.854,62.231,62.9516,0,0
PAS_MV,D,20240507,000000,62.231,62.231,57.1801,57.3629,0,0
PAS_MV,D,20240508,000000,58.9842,59.3488,57.5413,59.3488,0,0
PAS_MV,D,20240509,000000,60.2469,63.854,60.2469,63.4964,0,0
PAS_MV,D,20240510,000000,63.1326,64.035,61.5096,64.0324,0,0
PAS_MV,D,20240513,000000,62.5913,68.5447,62.5913,67.2837,0,0
PAS_MV,D,20240514,000000,67.2819,72.3363,67.2819,72.3363,0,0
PAS_MV,D,20240515,000000,72.513,77.563,72.513,77.3802,0,0
PAS_MV,D,20240516,000000,77.3828,77.744,73.9557,76.8441,0,0
PAS_MV,D,20240517,000000,75.0375,77.3828,73.9532,73.9532,0,0
PAS_MV,D,20240520,000000,73.9557,77.744,70.7089,72.3363,0,0
PAS_MV,D,20240521,000000,72.3319,72.3319,70.8891,71.7915,0,0
PAS_MV,D,20240522,000000,71.7906,71.7906,68.7247,68.7247,0,0
PAS_MV,D,20240523,000000,68.7247,70.1676,66.9208,66.9234,0,0
PAS_MV,D,20240524,000000,66.5596,66.5596,64.7565,65.4735,0,0
PAS_MV,D,20240527,000000,65.6581,66.7406,65.6581,66.7389,0,0
PAS_MV,D,20240528,000000,66.7406,67.8223,66.0192,67.2837,0,0
PAS_MV,D,20240529,000000,66.3794,66.7406,66.0192,66.7389,0,0
PAS_MV,D,20240531,000000,67.4621,68.9093,66.7406,68.9093,0,0
PAS_MV,D,20240603,000000,68.9049,69.8065,68.5403,68.5403,0,0
PAS_MV,D,20240604,000000,68.9049,70.1676,68.9049,70.1659,0,0
PAS_MV,D,20240605,000000,70.3478,71.6105,70.3478,71.6069,0,0
PAS_MV,D,20240606,000000,71.9717,71.9717,68.18,68.18,0,0
PAS_MV,D,20240607,000000,70.1676,71.9717,70.1659,70.1659,0,0
PAS_MV,D,20240610,000000,69.9875,72.8732,68.5447,71.9673,0,0
PAS_MV,D,20240611,000000,71.9717,71.9717,71.6069,71.6069,0,0
PAS_MV,D,20240612,000000,69.085,72.1518,69.085,71.9673,0,0
PAS_MV,D,20240613,000000,69.085,72.1518,69.085,69.085,0,0
PAS_MV,D,20240614,000000,68.7247,68.7247,67.8196,67.8196,0,0
PAS_MV,D,20240617,000000,68.3636,70.1676,68.3636,69.8056,0,0
PAS_MV,D,20240618,000000,69.6263,69.6263,69.6263,69.6263,0,0
PAS_MV,D,20240619,000000,69.6263,70.5288,66.9208,67.2837,0,0
PAS_MV,D,20240620,000000,67.1009,67.1009,62.9524,67.0991,0,0
PAS_MV,D,20240621,000000,64.9366,67.8223,64.035,66.3786,0,0
PAS_MV,D,20240624,000000,66.7406,66.7406,65.8381,65.8425,0,0
PAS_MV,D,20240625,000000,66.7406,68.1834,64.9366,64.9374,0,0
PAS_MV,D,20240626,000000,65.1168,67.6422,65.1168,65.2977,0,0
PAS_MV,D,20240627,000000,66.9208,67.4621,65.1168,65.8425,0,0
PAS_MV,D,20240628,000000,67.4621,67.4621,66.3794,67.4594,0,0
PAS_MV,D,20240701,000000,68.1834,68.1834,65.8381,66.7389,0,0
PAS_MV,D,20240702,000000,66.7406,67.8223,66.7389,66.7389,0,0
PAS_MV,D,20240703,000000,67.8223,67.8223,64.9366,67.8196,0,0
PAS_MV,D,20240704,000000,67.8223,68.3636,66.0183,66.0183,0,0
PAS_MV,D,20240705,000000,67.5862,67.5862,62.8842,65.4294,0,0
PAS_MV,D,20240708,000000,65.4313,65.4313,63.2726,63.2726,0,0
PAS_MV,D,20240709,000000,63.0808,63.2764,59.3579,60.7341,0,0
PAS_MV,D,20240710,000000,57.203,61.1215,57.203,59.7511,0,0
PAS_MV,D,20240711,000000,60.5337,60.5337,57.5952,57.9856,0,0
PAS_MV,D,20240712,000000,58.1831,58.5773,57.5952,58.5773,0,0
PAS_MV,D,20240715,000000,58.771,58.771,58.5744,58.5773,0,0
PAS_MV,D,20240716,000000,58.5744,58.5744,55.8316,57.5943,0,0
PAS_MV,D,20240717,000000,57.5952,57.5952,53.6767,53.8724,0,0
PAS_MV,D,20240718,000000,54.069,55.0481,50.1505,50.933,0,0
PAS_MV,D,20240719,000000,50.9349,52.6985,48.9757,52.6985,0,0
PAS_MV,D,20240722,000000,50.1505,50.9349,50.1505,50.7421,0,0
PAS_MV,D,20240723,000000,50.7383,51.1306,50.7383,50.7421,0,0
PAS_MV,D,20240724,000000,50.7383,50.9349,50.5417,50.5417,0,0
PAS_MV,D,20240725,000000,50.7383,50.9349,50.3471,50.7421,0,0
PAS_MV,D,20240726,000000,50.7383,52.1097,50.3471,52.1068,0,0
PAS_MV,D,20240729,000000,51.7184,51.7184,50.9349,51.7156,0,0
PAS_MV,D,20240730,000000,51.7184,51.7184,51.7156,51.7156,0,0
PAS_MV,D,20240731,000000,51.3262,51.3262,48.1922,48.9766,0,0
PAS_MV,D,20240801,000000,48.7791,48.7791,48.1922,48.7762,0,0
PAS_MV,D,20240802,000000,48.5834,48.5834,47.6024,47.6024,0,0
PAS_MV,D,20240805,000000,47.4086,47.9956,45.8368,45.8368,0,0
PAS_MV,D,20240806,000000,46.0373,46.0373,43.0979,43.0979,0,0
PAS_MV,D,20240807,000000,43.8824,44.4693,43.0989,44.2717,0,0
PAS_MV,D,20240808,000000,43.8824,43.8824,43.8805,43.8805,0,0
PAS_MV,D,20240809,000000,43.2945,44.8634,43.2945,44.8634,0,0
PAS_MV,D,20240812,000000,44.8615,46.6289,44.8615,46.6289,0,0
PAS_MV,D,20240813,000000,46.6242,46.8208,46.0373,46.4285,0,0
PAS_MV,D,20240814,000000,46.8208,47.0202,45.4494,47.0202,0,0
PAS_MV,D,20240816,000000,47.0164,50.9349,46.6242,49.7592,0,0
PAS_MV,D,20240819,000000,48.9757,50.9349,48.7791,50.7421,0,0
PAS_MV,D,20240820,000000,49.5635,49.5635,49.5588,49.5588,0,0
PAS_MV,D,20240821,000000,49.5635,49.5635,48.9757,48.9766,0,0
PAS_MV,D,20240822,000000,48.7791,49.9548,47.7999,48.1941,0,0
PAS_MV,D,20240823,000000,49.7592,49.7592,47.7999,47.8028,0,0
PAS_MV,D,20240826,000000,48.7791,48.7791,48.7762,48.7762,0,0
PAS_MV,D,20240827,000000,47.9956,47.9956,46.4285,47.0202,0,0
PAS_MV,D,20240828,000000,46.8208,47.0202,46.8208,47.0202,0,0
PAS_MV,D,20240829,000000,46.0373,46.0373,45.645,45.646,0,0
PAS_MV,D,20240830,000000,45.645,47.0202,45.645,47.0202,0,0
PAS_MV,D,20240902,000000,46.2329,47.2121,46.2329,47.2121,0,0
PAS_MV,D,20240903,000000,47.2121,47.2121,46.0373,46.4285,0,0
PAS_MV,D,20240904,000000,47.2121,50.5427,46.4285,48.9766,0,0
PAS_MV,D,20240905,000000,48.7791,48.7791,47.4086,47.8028,0,0
PAS_MV,D,20240906,000000,49.1713,55.4404,48.9757,52.8894,0,0
PAS_MV,D,20240909,000000,52.5019,52.5019,49.3669,50.1505,0,0
PAS_MV,D,20240910,000000,50.1505,50.1505,47.4086,47.6024,0,0
PAS_MV,D,20240911,000000,48.7791,54.069,48.7791,50.3509,0,0
PAS_MV,D,20240912,000000,50.9349,51.9141,50.933,50.933,0,0
PAS_MV,D,20240913,000000,52.1097,52.1097,52.1068,52.1068,0,0
PAS_MV,D,20240916,000000,51.9141,51.916,51.9141,51.916,0,0
PAS_MV,D,20240917,000000,52.3054,52.3073,52.3054,52.3073,0,0
PAS_MV,D,20240918,000000,52.5019,52.5019,51.9141,52.1068,0,0
PAS_MV,D,20240919,000000,52.1097,52.1097,50.9349,52.1068,0,0
PAS_MV,D,20240920,000000,49.5635,51.916,49.5635,51.916,0,0
PAS_MV,D,20240923,000000,51.9141,52.5019,49.3669,49.3679,0,0
PAS_MV,D,20240924,000000,50.7383,50.7421,50.5427,50.7421,0,0
PAS_MV,D,20240925,000000,49.5635,52.1097,49.5635,52.1068,0,0
PAS_MV,D,20240926,000000,52.1097,52.8932,52.1068,52.3073,0,0
PAS_MV,D,20240927,000000,52.5019,52.8932,52.3054,52.3073,0,0
PAS_MV,D,20240930,000000,52.3054,54.8525,52.3054,52.6985,0,0
PAS_MV,D,20241001,000000,53.0898,53.0898,52.3054,52.8894,0,0
PAS_MV,D,20241002,000000,53.2855,53.2855,53.2807,53.2807,0,0
PAS_MV,D,20241003,000000,53.2855,53.2855,51.3243,51.3243,0,0
PAS_MV,D,20241004,000000,51.3262,51.3262,51.3243,51.3243,0,0
PAS_MV,D,20241007,000000,51.5218,51.5218,50.3471,50.5417,0,0
PAS_MV,D,20241008,000000,51.5218,51.5218,50.7383,50.7421,0,0
PAS_MV,D,20241009,000000,51.5218,51.7184,51.5218,51.5247,0,0
PAS_MV,D,20241010,000000,51.5218,51.916,51.5218,51.916,0,0
PAS_MV,D,20241011,000000,50.9349,52.6976,50.933,50.933,0,0
PAS_MV,D,20241014,000000,52.6976,52.6976,50.9349,52.4981,0,0
PAS_MV,D,20241015,000000,52.5019,54.6568,52.5019,53.2807,0,0
PAS_MV,D,20241016,000000,53.2855,53.2855,53.2807,53.2807,0,0
PAS_MV,D,20241017,000000,52.8932,52.8932,52.1068,52.1068,0,0
PAS_MV,D,20241018,000000,52.1097,54.0728,51.5218,54.0728,0,0
PAS_MV,D,20241021,000000,52.5019,52.5019,52.4981,52.4981,0,0
PAS_MV,D,20241022,000000,52.5019,54.6568,50.9349,54.6549,0,0
PAS_MV,D,20241023,000000,52.8932,52.8932,47.7999,48.9766,0,0
PAS_MV,D,20241024,000000,48.3878,51.3262,48.1922,49.5588,0,0
PAS_MV,D,20241025,000000,49.5635,51.3262,47.2121,50.1505,0,0
PAS_MV,D,20241028,000000,50.5427,51.5218,49.9548,49.9596,0,0
PAS_MV,D,20241029,000000,49.9548,49.9596,47.4086,48.9766,0,0
PAS_MV,D,20241030,000000,48.9757,48.9757,47.4086,47.8028,0,0
PAS_MV,D,20241031,000000,47.7999,48.9757,45.645,47.4115,0,0
PAS_MV,D,20241104,000000,47.7999,48.9757,47.7999,48.7762,0,0
PAS_MV,D,20241105,000000,47.2121,48.9766,47.2121,48.9766,0,0
PAS_MV,D,20241106,000000,47.2121,47.2121,47.2111,47.2111,0,0
PAS_MV,D,20241107,000000,47.2121,48.7791,47.2121,48.7762,0,0
PAS_MV,D,20241108,000000,48.7791,48.7791,48.7762,48.7762,0,0
PAS_MV,D,20241112,000000,47.0164,48.7791,47.0164,47.0202,0,0
PAS_MV,D,20241113,000000,47.0164,47.0164,46.4285,46.4285,0,0
PAS_MV,D,20241114,000000,46.4285,46.8208,46.4285,46.8198,0,0
PAS_MV,D,20241118,000000,47.0164,47.0164,46.4285,46.4285,0,0
PAS_MV,D,20241119,000000,47.4086,47.7999,47.4086,47.4115,0,0
PAS_MV,D,20241120,000000,47.0164,47.8028,46.8208,47.8028,0,0
PAS_MV,D,20241121,000000,47.7999,54.6568,47.7999,54.6549,0,0
PAS_MV,D,20241122,000000,54.6568,54.6568,51.9141,52.8894,0,0
PAS_MV,D,20241125,000000,53.6767,56.8117,53.6767,56.6113,0,0
PAS_MV,D,20241126,000000,56.8117,62.6885,55.8316,60.3332,0,0
PAS_MV,D,20241127,000000,58.5744,62.2963,57.203,61.7075,0,0
PAS_MV,D,20241128,000000,61.7094,62.6885,59.942,59.942,0,0
PAS_MV,D,20241129,000000,61.905,63.6677,60.7293,60.7341,0,0
PAS_MV,D,20241202,000000,63.2764,64.4512,61.3172,64.0552,0,0
PAS_MV,D,20241203,000000,64.0599,64.0599,59.1594,59.1594,0,0
PAS_MV,D,20241204,000000,60.7293,61.5128,60.5337,60.7341,0,0
PAS_MV,D,20241205,000000,60.7293,60.7293,60.3332,60.3332,0,0
PAS_MV,D,20241206,000000,61.5128,63.0817,59.5545,63.0817,0,0
PAS_MV,D,20241209,000000,62.6885,62.6885,60.7293,61.1253,0,0
PAS_MV,D,20241210,000000,60.9259,64.4512,60.9259,62.6905,0,0
PAS_MV,D,20241211,000000,62.1007,62.1007,60.9249,60.9249,0,0
PAS_MV,D,20241212,000000,61.7094,62.2963,59.5507,59.5507,0,0
PAS_MV,D,20241213,000000,59.5545,60.7293,56.8117,56.8117,0,0
PAS_MV,D,20241216,000000,56.8117,59.7501,56.8117,57.203,0,0
PAS_MV,D,20241217,000000,58.9666,58.9666,56.8117,56.8117,0,0
PAS_MV,D,20241218,000000,58.9666,58.9666,57.203,58.5773,0,0
PAS_MV,D,20241219,000000,58.771,58.771,56.0282,56.0292,0,0
PAS_MV,D,20241220,000000,58.3788,59.5545,54.8525,56.8117,0,0
PAS_MV,D,20241223,000000,57.0074,57.0074,54.8525,56.8117,0,0
PAS_MV,D,20241227,000000,56.8117,56.8117,54.8525,55.8288,0,0
PAS_MV,D,20241230,000000,55.8316,56.8117,53.8733,54.0728,0,0
PAS_MV,D,20250102,000000,56.8117,60.7341,56.4195,60.7341,0,0
PAS_MV,D,20250103,000000,61.3172,66.4105,61.3172,65.6298,0,0
PAS_MV,D,20250107,000000,66.4105,69.5455,65.627,68.3688,0,0
PAS_MV,D,20250108,000000,68.3697,68.3697,64.2556,65.8207,0,0
PAS_MV,D,20250109,000000,64.8434,68.1741,63.0808,65.6298,0,0
PAS_MV,D,20250110,000000,65.4313,65.4313,63.4721,65.4294,0,0
PAS_MV,D,20250113,000000,63.6677,65.0391,60.7293,64.0552,0,0
PAS_MV,D,20250114,000000,64.0599,66.0192,62.6885,65.6298,0,0
PAS_MV,D,20250115,000000,64.6478,65.8226,61.905,63.8643,0,0
PAS_MV,D,20250116,000000,63.6677,63.8643,62.6885,63.0817,0,0
PAS_MV,D,20250117,000000,63.0808,63.0808,60.338,60.7341,0,0
PAS_MV,D,20250120,000000,60.7293,63.4721,60.338,60.5337,0,0
PAS_MV,D,20250121,000000,61.905,62.4929,59.1623,59.7511,0,0
PAS_MV,D,20250122,000000,60.9259,66.4105,60.9259,63.6639,0,0
PAS_MV,D,20250123,000000,64.2556,66.0192,64.2556,64.6468,0,0
PAS_MV,D,20250124,000000,63.6677,65.8226,60.7293,61.9079,0,0
PAS_MV,D,20250127,000000,62.6885,62.8842,58.9666,58.9685,0,0
PAS_MV,D,20250128,000000,60.7293,63.6677,59.9458,61.1253,0,0
PAS_MV,D,20250129,000000,63.6677,63.6677,58.9666,59.3598,0,0
PAS_MV,D,20250130,000000,61.7094,61.7094,53.3857,53.3857,0,0
PAS_MV,D,20250131,000000,53.5574,55.7753,52.0229,55.7715,0,0
PAS_MV,D,20250203,000000,55.4337,55.6045,51.6774,51.6774,0,0
PAS_MV,D,20250204,000000,54.5814,55.7753,54.5786,54.5786,0,0
PAS_MV,D,20250205,000000,54.5814,56.2868,53.8991,55.6093,0,0
PAS_MV,D,20250206,000000,55.6045,56.2868,53.8991,55.9433,0,0
PAS_MV,D,20250207,000000,56.116,56.2868,54.7523,56.2868,0,0
PAS_MV,D,20250210,000000,56.2868,57.4807,55.6045,57.4798,0,0
PAS_MV,D,20250211,000000,57.3099,58.6746,54.9221,57.4798,0,0
PAS_MV,D,20250212,000000,55.4337,58.3339,55.4337,58.3291,0,0
PAS_MV,D,20250213,000000,58.3339,58.3339,57.1362,57.1362,0,0
PAS_MV,D,20250214,000000,57.3099,57.6516,57.14,57.308,0,0
PAS_MV,D,20250217,000000,56.9692,57.14,56.2868,56.2868,0,0
PAS_MV,D,20250218,000000,56.2868,57.14,55.4337,57.1362,0,0
PAS_MV,D,20250219,000000,56.7984,56.9692,55.4337,56.9644,0,0
PAS_MV,D,20250220,000000,55.6045,55.6093,54.2398,55.6093,0,0
PAS_MV,D,20250221,000000,55.6045,57.14,55.6045,57.1362,0,0
PAS_MV,D,20250224,000000,54.5814,55.4337,52.876,54.7504,0,0
PAS_MV,D,20250225,000000,55.093,57.14,54.9221,54.9221,0,0
PAS_MV,D,20250226,000000,54.5814,56.6285,54.4068,54.4068,0,0
PAS_MV,D,20250227,000000,56.2868,57.3099,54.5814,54.9221,0,0
PAS_MV,D,20250228,000000,55.6045,56.9692,53.8991,54.0728,0,0
PAS_MV,D,20250303,000000,54.2398,55.9462,53.0459,54.4068,0,0
PAS_MV,D,20250304,000000,53.7283,54.2398,52.876,53.5574,0,0
PAS_MV,D,20250305,000000,53.5574,55.7753,53.5574,55.7715,0,0
PAS_MV,D,20250306,000000,54.9221,56.7984,54.9221,55.7715,0,0
PAS_MV,D,20250307,000000,56.2868,58.1631,56.2868,56.2868,0,0
PAS_MV,D,20250310,000000,56.116,57.8224,56.1151,56.1151,0,0
PAS_MV,D,20250311,000000,56.116,56.116,55.6045,55.7715,0,0
PAS_MV,D,20250312,000000,56.116,56.4586,56.116,56.4586,0,0
PAS_MV,D,20250313,000000,56.2868,56.2868,56.2868,56.2868,0,0
PAS_MV,D,20250314,000000,55.7753,57.14,55.2638,57.1362,0,0
PAS_MV,D,20250317,000000,56.6285,58.1631,56.6285,57.6516,0,0
PAS_MV,D,20250318,000000,57.6516,58.3339,57.1362,57.1362,0,0
PAS_MV,D,20250319,000000,57.9923,57.9923,57.14,57.308,0,0
PAS_MV,D,20250320,000000,56.9692,57.14,56.8022,56.8022,0,0
PAS_MV,D,20250321,000000,56.7984,56.7984,55.4337,55.4375,0,0
PAS_MV,D,20250324,000000,56.2868,56.6304,55.4337,56.6304,0,0
PAS_MV,D,20250325,000000,56.6285,56.6285,56.2868,56.2868,0,0
PAS_MV,D,20250326,000000,55.7753,56.6304,55.7753,56.6304,0,0
PAS_MV,D,20250327,000000,56.4577,56.6285,56.1151,56.1151,0,0
PAS_MV,D,20250328,000000,56.116,56.4586,55.6045,56.4586,0,0
PAS_MV,D,20250331,000000,56.4577,56.4577,55.9433,55.9433,0,0
PAS_MV,D,20250401,000000,56.4577,57.8224,55.4337,56.1151,0,0
PAS_MV,D,20250402,000000,57.4807,60.381,57.4807,60.381,0,0
PAS_MV,D,20250403,000000,58.3339,58.8454,57.6516,58.1631,0,0
PAS_MV,D,20250404,000000,58.1631,60.8925,57.14,57.308,0,0
PAS_MV,D,20250407,000000,56.2868,56.9692,55.6045,56.9692,0,0
PAS_MV,D,20250408,000000,57.14,58.5047,56.2868,56.2868,0,0
PAS_MV,D,20250409,000000,57.8224,57.9951,56.4577,57.9951,0,0
PAS_MV,D,20250410,000000,59.0163,59.5278,57.9923,58.8454,0,0
PAS_MV,D,20250411,000000,57.9923,59.188,57.9923,59.188,0,0
PAS_MV,D,20250414,000000,57.9923,60.8925,57.9923,60.381,0,0
PAS_MV,D,20250415,000000,65.4972,65.8388,61.7447,62.595,0,0
PAS_MV,D,20250416,000000,61.5748,63.4511,61.5748,63.1104,0,0
PAS_MV,D,20250417,000000,63.7918,69.5913,63.7918,69.5903,0,0
PAS_MV,D,20250422,000000,69.932,74.196,69.932,73.1691,0,0
PAS_MV,D,20250423,000000,72.4906,75.9023,72.4906,75.0491,0,0
PAS_MV,D,20250424,000000,75.0491,76.7574,73.3437,76.7574,0,0
PAS_MV,D,20250425,000000,76.7545,82.7249,76.7545,82.722,0,0
PAS_MV,D,20250428,000000,81.7009,85.2835,78.4609,81.8726,0,0
PAS_MV,D,20250429,000000,80.1663,80.1663,76.7545,78.4561,0,0
PAS_MV,D,20250430,000000,78.4609,85.2835,78.4609,84.4303,0,0
PAS_MV,D,20250502,000000,85.2835,85.2835,83.7479,85.2796,0,0
PAS_MV,D,20250505,000000,85.2835,93.8114,85.2835,86.9879,0,0
PAS_MV,D,20250506,000000,88.3536,89.3766,85.2835,86.6443,0,0
PAS_MV,D,20250507,000000,86.6482,92.106,86.6482,90.0609,0,0
PAS_MV,D,20250508,000000,89.7183,93.8114,89.7183,93.8114,0,0
PAS_MV,D,20250509,000000,92.106,93.8114,91.4237,92.1032,0,0
PAS_MV,D,20250512,000000,91.4237,97.2184,91.4237,91.7691,0,0
PAS_MV,D,20250513,000000,92.106,93.4707,91.4237,92.1032,0,0
PAS_MV,D,20250514,000000,92.4467,93.8114,92.106,93.8114,0,0
PAS_MV,D,20250515,000000,93.4707,93.4707,88.0119,91.082,0,0
PAS_MV,D,20250516,000000,91.082,93.8114,89.7183,91.082,0,0
PAS_MV,D,20250519,000000,89.3766,91.082,85.6242,88.6962,0,0
PAS_MV,D,20250520,000000,89.0359,89.3766,86.9889,88.6962,0,0
PAS_MV,D,20250521,000000,88.6943,90.7413,87.3296,90.059,0,0
PAS_MV,D,20250522,000000,89.0359,90.059,88.3536,89.3737,0,0
PAS_MV,D,20250523,000000,88.3536,88.3536,80.6778,87.675,0,0
PAS_MV,D,20250526,000000,85.2835,86.9889,84.4303,86.9879,0,0
PAS_MV,D,20250527,000000,83.7479,86.3065,81.8717,85.6232,0,0
PAS_MV,D,20250528,000000,84.9418,87.675,84.2594,87.675,0,0
PAS_MV,D,20250529,000000,87.6712,90.4006,86.6482,88.009,0,0
PAS_MV,D,20250530,000000,88.0119,88.3536,85.9658,87.675,0,0
PAS_MV,D,20250602,000000,87.3296,87.675,84.6011,87.675,0,0
PAS_MV,D,20250603,000000,87.6712,89.0359,84.6011,86.6443,0,0
PAS_MV,D,20250604,000000,86.6482,86.6482,82.3832,85.2796,0,0
PAS_MV,D,20250605,000000,82.3832,84.9418,82.3832,84.4303,0,0
PAS_MV,D,20250606,000000,82.3832,83.4072,77.9484,78.4561,0,0
PAS_MV,D,20250609,000000,79.1432,83.0656,78.4609,83.0656,0,0
PAS_MV,D,20250610,000000,83.2364,85.2835,80.1663,83.2374,0,0
PAS_MV,D,20250611,000000,83.2364,84.6011,82.3832,84.4303,0,0
PAS_MV,D,20250612,000000,84.6011,84.6011,80.6778,83.2374,0,0
PAS_MV,D,20250613,000000,81.8717,83.5771,80.8486,81.7009,0,0
PAS_MV,D,20250616,000000,80.1663,82.7249,78.6308,80.1644,0,0
PAS_MV,D,20250617,000000,80.6778,80.6778,76.7545,77.9503,0,0
PAS_MV,D,20250618,000000,77.9484,78.2901,75.9023,76.7574,0,0
PAS_MV,D,20250620,000000,76.243,77.267,74.5376,76.4138,0,0
PAS_MV,D,20250623,000000,76.5847,77.267,73.3437,74.7056,0,0
PAS_MV,D,20250624,000000,76.495,84.002,76.495,83.64,0,0
PAS_MV,D,20250625,000000,84.002,90.794,84.002,89.36,0,0
PAS_MV,D,20250626,000000,89.364,99.372,89.006,99.37,0,0
PAS_MV,D,20250627,000000,100.09,107.24,97.228,101.52,0,0
PAS_MV,D,20250630,000000,101.16,101.16,98.658,100.09,0,0
PAS_MV,D,20250701,000000,100.09,100.09,94.368,96.51,0,0
PAS_MV,D,20250702,000000,96.155,113.31,96.155,105.09,0,0
PAS_MV,D,20250703,000000,104.73,107.24,104.73,106.88,0,0
PAS_MV,D,20250704,000000,109.02,110.1,105.09,110.1,0,0
PAS_MV,D,20250707,000000,106.52,108.31,105.45,107.24,0,0
PAS_MV,D,20250708,000000,107.24,109.02,105.45,106.16,0,0
PAS_MV,D,20250709,000000,106.52,107.95,104.73,105.45,0,0
PAS_MV,D,20250710,000000,106.16,110.81,101.16,107.59,0,0
PAS_MV,D,20250711,000000,107.24,107.24,101.87,103.66,0,0
PAS_MV,D,20250714,000000,103.66,103.66,101.87,102.23,0,0
PAS_MV,D,20250715,000000,101.87,107.24,101.87,106.52,0,0
PAS_MV,D,20250716,000000,106.88,111.17,106.88,109.02,0,0
PAS_MV,D,20250717,000000,107.59,109.02,104.38,104.38,0,0
PAS_MV,D,20250718,000000,104.38,106.52,104.38,106.52,0,0
PAS_MV,D,20250721,000000,107.24,115.82,105.09,115.82,0,0
PAS_MV,D,20250722,000000,117.25,121.53,113.31,119.03,0,0
PAS_MV,D,20250723,000000,118.68,121.53,117.6,119.75,0,0
PAS_MV,D,20250724,000000,122.61,122.61,107.24,107.24,0,0
PAS_MV,D,20250725,000000,110.45,112.6,109.02,111.88,0,0
PAS_MV,D,20250728,000000,110.45,110.81,107.24,110.1,0,0
PAS_MV,D,20250729,000000,109.02,109.74,104.73,109.38,0,0
PAS_MV,D,20250730,000000,110.1,115.1,109.02,114.39,0,0
PAS_MV,D,20250731,000000,116.17,121.89,115.82,121.89,0,0
PAS_MV,D,20250801,000000,125.11,130.83,125.11,128.68,0,0
PAS_MV,D,20250804,000000,126.54,130.47,122.61,127.25,0,0
PAS_MV,D,20250805,000000,126.9,131.9,126.18,131.9,0,0
PAS_MV,D,20250806,000000,131.9,132.26,128.68,130.47,0,0
PAS_MV,D,20250807,000000,130.47,132.26,123.32,126.54,0,0
PAS_MV,D,20250808,000000,126.54,126.54,124.04,124.75,0,0
PAS_MV,D,20250811,000000,122.61,124.75,119.75,123.32,0,0
PAS_MV,D,20250812,000000,121.89,121.89,116.53,120.82,0,0
PAS_MV,D,20250813,000000,118.32,123.32,118.32,123.32,0,0
PAS_MV,D,20250814,000000,123.32,123.32,118.32,120.82,0,0
PAS_MV,D,20250818,000000,120.82,120.82,117.6,120.82,0,0
PAS_MV,D,20250819,000000,118.32,125.11,118.32,124.75,0,0
PAS_MV,D,20250820,000000,123.32,123.32,120.46,122.61,0,0
PAS_MV,D,20250821,000000,122.61,127.61,122.25,127.61,0,0
PAS_MV,D,20250822,000000,127.61,131.9,124.39,128.68,0,0
PAS_MV,D,20250825,000000,128.68,132.26,126.18,132.26,0,0
PAS_MV,D,20250826,000000,132.26,132.26,129.04,132.26,0,0
PAS_MV,D,20250827,000000,132.26,133.69,130.47,131.9,0,0
PAS_MV,D,20250828,000000,131.9,131.9,128.68,130.83,0,0
PAS_MV,D,20250829,000000,127.61,130.83,127.61,130.11,0,0
PAS_MV,D,20250901,000000,128.68,129.76,122.61,126.9,0,0
PAS_MV,D,20250902,000000,126.54,126.54,119.75,123.32,0,0
PAS_MV,D,20250903,000000,120.46,124.04,120.46,124.04,0,0
PAS_MV,D,20250904,000000,123.68,131.54,123.32,131.54,0,0
PAS_MV,D,20250905,000000,131.19,131.54,128.68,129.04,0,0
PAS_MV,D,20250908,000000,127.97,130.11,126.54,130.11,0,0
PAS_MV,D,20250909,000000,128.68,130.47,126.9,130.47,0,0
PAS_MV,D,20250910,000000,125.47,125.47,120.1,122.61,0,0
PAS_MV,D,20250911,000000,122.61,128.68,122.61,128.68,0,0
PAS_MV,D,20250912,000000,128.68,130.47,127.97,130.11,0,0
PAS_MV,D,20250915,000000,131.9,149.77,131.9,143.7,0,0
PAS_MV,D,20250916,000000,143.7,146.91,139.41,145.84,0,0
PAS_MV,D,20250917,000000,144.77,150.85,140.12,147.27,0,0
PAS_MV,D,20250918,000000,147.27,156.57,147.27,155.14,0,0
PAS_MV,D,20250919,000000,153.71,160.85,153.71,157.28,0,0
PAS_MV,D,20250922,000000,153.71,160.14,153.71,159.78,0,0
PAS_MV,D,20250923,000000,155.49,155.49,151.92,151.92,0,0
PAS_MV,D,20250924,000000,150.49,163.71,150.49,160.5,0,0
PAS_MV,D,20250925,000000,160.85,168.72,159.07,160.85,0,0
PAS_MV,D,20250926,000000,160.85,160.85,152.99,155.49,0,0
PAS_MV,D,20250929,000000,156.57,156.57,150.85,156.57,0,0
PAS_MV,D,20250930,000000,156.57,164.43,156.57,164.07,0,0
PAS_MV,D,20251001,000000,164.43,175.15,164.43,169.79,0,0
PAS_MV,D,20251002,000000,168,173.37,167.29,170.51,0,0
PAS_MV,D,20251003,000000,171.22,171.22,165.14,167.65,0,0
PAS_MV,D,20251006,000000,162.64,165.14,159.78,162.64,0,0
PAS_MV,D,20251007,000000,160.85,160.85,155.49,156.57,0,0
PAS_MV,D,20251008,000000,152.28,155.85,151.92,154.06,0,0
PAS_MV,D,20251009,000000,153.35,155.49,142.98,142.98,0,0
PAS_MV,D,20251010,000000,142.98,154.76,142.27,154.76,0,0
PAS_MV,D,20251013,000000,154,156.64,149.85,151.74,0,0
PAS_MV,D,20251014,000000,150.23,152.11,147.58,150.23,0,0
PAS_MV,D,20251015,000000,150.23,160.8,150.23,160.8,0,0
PAS_MV,D,20251016,000000,160.42,164.19,158.91,160.04,0,0
PAS_MV,D,20251017,000000,159.66,159.66,154.76,159.66,0,0
PAS_MV,D,20251020,000000,160.04,163.82,157.02,163.82,0,0
PAS_MV,D,20251021,000000,163.82,173.63,161.17,173.25,0,0
PAS_MV,D,20251022,000000,171.74,172.5,169.1,171.36,0,0
PAS_MV,D,20251023,000000,169.85,170.23,162.31,164.19,0,0
PAS_MV,D,20251024,000000,164.19,164.57,160.8,162.31,0,0
PAS_MV,D,20251027,000000,160.42,163.82,158.91,161.93,0,0
PAS_MV,D,20251028,000000,161.55,163.44,160.42,162.68,0,0
PAS_MV,D,20251029,000000,163.44,169.1,162.31,165.33,0,0
PAS_MV,D,20251030,000000,165.33,171.36,164.57,167.97,0,0
PAS_MV,D,20251031,000000,165.33,167.97,164.57,167.21,0,0
PAS_MV,D,20251103,000000,164.57,169.85,164.19,165.7,0,0
PAS_MV,D,20251104,000000,164.95,166.08,163.82,165.7,0,0
PAS_MV,D,20251105,000000,165.33,167.21,160.04,161.55,0,0
PAS_MV,D,20251106,000000,161.55,161.55,154,156.27,0,0
PAS_MV,D,20251107,000000,154,155.51,149.85,152.49,0,0
PAS_MV,D,20251110,000000,154.38,157.4,151.74,152.49,0,0
PAS_MV,D,20251112,000000,151.74,151.74,145.32,147.58,0,0
PAS_MV,D,20251113,000000,150.98,150.98,149.47,150.6,0,0
PAS_MV,D,20251114,000000,150.23,150.23,146.45,147.58,0,0
PAS_MV,D,20251117,000000,147.21,149.09,145.7,148.72,0,0
PAS_MV,D,20251118,000000,150.23,150.23,146.08,148.72,0,0
PAS_MV,D,20251119,000000,149.09,150.6,141.92,145.32,0,0
PAS_MV,D,20251120,000000,151.36,163.44,151.36,159.29,0,0
PAS_MV,D,20251121,000000,157.4,169.1,156.64,169.1,0,0
PAS_MV,D,20251124,000000,169.1,169.48,165.7,169.1,0,0
PAS_MV,D,20251125,000000,167.59,167.59,160.8,166.08,0,0
PAS_MV,D,20251126,000000,166.08,171.36,162.31,171.36,0,0
PAS_MV,D,20251127,000000,171.36,172.12,168.34,169.48,0,0
PAS_MV,D,20251128,000000,169.48,169.48,162.68,165.33,0,0
PAS_MV,D,20251201,000000,163.44,171.36,162.31,170.23,0,0
PAS_MV,D,20251202,000000,172.12,181.93,172.12,180.05,0,0
PAS_MV,D,20251203,000000,180.42,180.42,174.38,175.52,0,0
PAS_MV,D,20251204,000000,175.52,184.2,175.14,183.44,0,0
PAS_MV,D,20251205,000000,184.2,184.58,178.54,181.56,0,0
PAS_MV,D,20251208,000000,179.29,183.82,179.29,182.69,0,0
PAS_MV,D,20251209,000000,182.31,183.82,181.93,181.93,0,0
PAS_MV,D,20251210,000000,183.07,183.07,172.5,178.16,0,0
PAS_MV,D,20251211,000000,175.52,177.03,169.48,171.74,0,0
PAS_MV,D,20251212,000000,170.23,174.38,168.34,169.1,0,0
PAS_MV,D,20251215,000000,172.5,175.89,169.85,174.76,0,0
PAS_MV,D,20251216,000000,176.65,177.78,174.01,174.38,0,0
PAS_MV,D,20251217,000000,175.14,176.65,171.74,173.63,0,0
PAS_MV,D,20251218,000000,172.12,175.14,171.74,173.25,0,0
PAS_MV,D,20251219,000000,172.87,173.63,170.61,172.5,0,0
PAS_MV,D,20251222,000000,172.5,172.5,167.97,169.1,0,0
PAS_MV,D,20251223,000000,167.97,169.1,163.06,164.19,0,0
PAS_MV,D,20251229,000000,164.19,179.29,164.19,178.54,0,0
PAS_MV,D,20251230,000000,178.54,178.91,176.27,177.4,0,0
PAS_MV,D,20260102,000000,180.8,222.7,180.8,222.7,0,0
PAS_MV,D,20260105,000000,226.47,249.12,226.47,242.51,0,0
PAS_MV,D,20260107,000000,240.63,243.46,232.13,243.46,0,0
PAS_MV,D,20260108,000000,245.35,250.06,234.97,235.91,0,0
PAS_MV,D,20260109,000000,235.91,241.57,232.13,239.68,0,0
PAS_MV,D,20260112,000000,237.8,260.44,237.8,257.61,0,0
PAS_MV,D,20260113,000000,264.22,264.22,251.95,261.39,0,0
PAS_MV,D,20260114,000000,263.27,263.27,244.4,247.23,0,0
PAS_MV,D,20260115,000000,247.23,262.33,241.57,262.33,0,0
PAS_MV,D,20260116,000000,262.33,277.43,262.33,272.71,0,0
PAS_MV,D,20260119,000000,267.99,279.32,267.99,268.94,0,0
PAS_MV,D,20260120,000000,272.71,272.71,257.61,266.11,0,0
PAS_MV,D,20260121,000000,278.37,280.26,269.88,279.32,0,0
PAS_MV,D,20260122,000000,277.43,279.32,267.99,272.71,0,0
PAS_MV,D,20260123,000000,272.71,272.71,267.99,270.82,0,0
