<TICKER>,<PER>,<DATE>,<TIME>,<OPEN>,<HIGH>,<LOW>,<CLOSE>,<VOL>,<OPENINT>
PCF_MV,D,20201218,000000,2043.11,2043.11,2043.11,2043.11,0,0
PCF_MV,D,20201221,000000,2043.66,2043.66,1839.28,1893.52,0,0
PCF_MV,D,20201222,000000,1906.05,2021.85,1866.53,1983.16,0,0
PCF_MV,D,20201223,000000,1989.15,1989.15,1911.77,1934.65,0,0
PCF_MV,D,20201228,000000,1961.9,1980.44,1897.6,1922.66,0,0
PCF_MV,D,20201229,000000,1934.65,1970.08,1918.31,1945.29,0,0
PCF_MV,D,20201230,000000,1957.82,1957.82,1912.86,1913.13,0,0
PCF_MV,D,20210104,000000,1961.64,2034.12,1934.65,2021.85,0,0
PCF_MV,D,20210105,000000,2049.1,2193.52,2049.1,2179.9,0,0
PCF_MV,D,20210107,000000,2043.66,2329.76,2043.66,2179.9,0,0
PCF_MV,D,20210108,000000,2218.04,2218.04,2095.97,2097.88,0,0
PCF_MV,D,20210111,000000,2098.15,2173.36,2098.15,2122.67,0,0
PCF_MV,D,20210112,000000,2149.92,2179.9,2125.4,2139.02,0,0
PCF_MV,D,20210113,000000,2141.75,2144.21,2106.32,2111.78,0,0
PCF_MV,D,20210114,000000,2125.13,2155.92,2125.13,2133.57,0,0
PCF_MV,D,20210115,000000,2162.46,2162.46,2119.13,2139.02,0,0
PCF_MV,D,20210118,000000,2163.54,2166,2122.67,2139.02,0,0
PCF_MV,D,20210119,000000,2136.29,2136.29,2103.59,2121.03,0,0
PCF_MV,D,20210120,000000,2125.4,2139.02,2117.22,2122.67,0,0
PCF_MV,D,20210121,000000,2128.12,2130.84,2091.6,2098.15,0,0
PCF_MV,D,20210122,000000,2087.25,2098.15,2049.1,2077.72,0,0
PCF_MV,D,20210125,000000,2077.98,2103.59,2070.9,2079.08,0,0
PCF_MV,D,20210126,000000,2078.53,2113.41,2078.53,2092.15,0,0
PCF_MV,D,20210127,000000,2079.61,2098.15,2027.3,2033.03,0,0
PCF_MV,D,20210128,000000,2043.66,2043.66,1986.43,2043.66,0,0
PCF_MV,D,20210129,000000,2054.55,2058.37,2024.58,2030.03,0,0
PCF_MV,D,20210201,000000,2043.66,2043.66,1961.9,1961.9,0,0
PCF_MV,D,20210202,000000,1989.15,2016.41,1948.28,1948.28,0,0
PCF_MV,D,20210203,000000,1978.26,2109.05,1961.9,2109.05,0,0
PCF_MV,D,20210204,000000,2126.33,2284.8,2109.05,2284.8,0,0
PCF_MV,D,20210205,000000,2291.54,2314.1,2240.57,2314.1,0,0
PCF_MV,D,20210208,000000,2328.75,2397,2314.1,2366.82,0,0
PCF_MV,D,20210209,000000,2366.24,2366.24,2270.74,2270.74,0,0
PCF_MV,D,20210210,000000,2270.74,2310.29,2235.3,2241.16,0,0
PCF_MV,D,20210211,000000,2249.06,2266.93,2214.21,2266.93,0,0
PCF_MV,D,20210212,000000,2270.15,2304.43,2211.57,2211.57,0,0
PCF_MV,D,20210215,000000,2240.86,2282.17,2226.22,2270.15,0,0
PCF_MV,D,20210216,000000,2270.15,2293,2255.5,2259.02,0,0
PCF_MV,D,20210217,000000,2284.8,2284.8,2217.43,2217.43,0,0
PCF_MV,D,20210218,000000,2226.22,2284.8,2217.43,2276.01,0,0
PCF_MV,D,20210219,000000,2293,2293,2255.5,2255.5,0,0
PCF_MV,D,20210222,000000,2284.22,2284.22,2238.23,2269.57,0,0
PCF_MV,D,20210223,000000,2265.76,2266.35,2167.64,2196.63,0,0
PCF_MV,D,20210224,000000,2193.99,2281.87,2193.99,2281.87,0,0
PCF_MV,D,20210225,000000,2334.6,2399.04,2311.17,2366.53,0,0
PCF_MV,D,20210226,000000,2401.98,2401.98,2340.17,2365.35,0,0
PCF_MV,D,20210301,000000,2387.32,2387.32,2278.36,2293.58,0,0
PCF_MV,D,20210302,000000,2307.65,2328.16,2232.07,2290.95,0,0
PCF_MV,D,20210303,000000,2284.8,2294.18,2214.79,2232.07,0,0
PCF_MV,D,20210304,000000,2196.93,2208.64,2173.78,2185.21,0,0
PCF_MV,D,20210305,000000,2225.04,2250.53,2215.68,2240.86,0,0
PCF_MV,D,20210308,000000,2255.22,2317.02,2240.86,2317.02,0,0
PCF_MV,D,20210309,000000,2322.89,2337.82,2284.8,2319.96,0,0
PCF_MV,D,20210310,000000,2334.31,2334.31,2273.38,2273.38,0,0
PCF_MV,D,20210311,000000,2301.21,2301.21,2259.91,2293.58,0,0
PCF_MV,D,20210312,000000,2307.65,2311.17,2260.2,2296.51,0,0
PCF_MV,D,20210315,000000,2304.14,2336.95,2284.8,2336.95,0,0
PCF_MV,D,20210316,000000,2340.75,2365.06,2273.08,2273.08,0,0
PCF_MV,D,20210317,000000,2298.57,2298.57,2229.74,2249.65,0,0
PCF_MV,D,20210318,000000,2261.37,2276.89,2237.94,2249.65,0,0
PCF_MV,D,20210319,000000,2240.86,2270.15,2222.11,2261.37,0,0
PCF_MV,D,20210322,000000,2284.8,2284.8,2255.5,2276.01,0,0
PCF_MV,D,20210323,000000,2284.22,2319.96,2259.02,2314.1,0,0
PCF_MV,D,20210324,000000,2313.8,2313.8,2284.8,2311.17,0,0
PCF_MV,D,20210325,000000,2299.73,2311.17,2238.81,2243.79,0,0
PCF_MV,D,20210326,000000,2255.22,2399.93,2243.79,2372.39,0,0
PCF_MV,D,20210329,000000,2390.84,2409.58,2324.35,2343.39,0,0
PCF_MV,D,20210330,000000,2384.4,2384.4,2326.39,2340.46,0,0
PCF_MV,D,20210331,000000,2343.39,2343.39,2241.74,2241.74,0,0
PCF_MV,D,20210401,000000,2252.58,2311.17,2204.24,2273.08,0,0
PCF_MV,D,20210406,000000,2401.98,2422.48,2315.56,2381.47,0,0
PCF_MV,D,20210407,000000,2372.68,2372.68,2226.22,2287.73,0,0
PCF_MV,D,20210408,000000,2287.73,2299.45,2246.72,2256.98,0,0
PCF_MV,D,20210409,000000,2258.44,2259.91,2227.69,2243.79,0,0
PCF_MV,D,20210412,000000,2227.69,2235,2152.98,2179.35,0,0
PCF_MV,D,20210413,000000,2182.28,2233.54,2182.28,2193.99,0,0
PCF_MV,D,20210414,000000,2193.99,2193.99,2152.98,2170.56,0,0
PCF_MV,D,20210415,000000,2164.71,2164.71,2069.5,2097.33,0,0
PCF_MV,D,20210416,000000,2070.97,2070.97,1950.87,1986.02,0,0
PCF_MV,D,20210419,000000,1986.02,2056.32,1986.02,2044.6,0,0
PCF_MV,D,20210420,000000,2050.47,2094.4,1991.88,2021.17,0,0
PCF_MV,D,20210421,000000,2021.17,2065.11,1974.3,1991.88,0,0
PCF_MV,D,20210422,000000,2009.46,2047.53,2002.13,2002.13,0,0
PCF_MV,D,20210423,000000,2021.17,2021.17,1988.95,1988.95,0,0
PCF_MV,D,20210426,000000,1991.88,2068.03,1991.88,2059.24,0,0
PCF_MV,D,20210427,000000,2076.82,2109.05,2066.58,2109.05,0,0
PCF_MV,D,20210428,000000,2109.05,2109.05,2041.68,2041.68,0,0
PCF_MV,D,20210429,000000,2044.6,2049,2009.46,2043.15,0,0
PCF_MV,D,20210430,000000,2043.15,2101.73,2007.98,2097.33,0,0
PCF_MV,D,20210504,000000,2095.87,2095.87,2021.17,2041.68,0,0
PCF_MV,D,20210505,000000,2041.68,2041.68,1991.88,1994.81,0,0
PCF_MV,D,20210506,000000,2006.52,2006.52,1911.32,1918.65,0,0
PCF_MV,D,20210507,000000,1915.73,2002.13,1861.53,1975.76,0,0
PCF_MV,D,20210510,000000,1961.12,2021.17,1943.54,1958.19,0,0
PCF_MV,D,20210511,000000,1958.19,1958.19,1883.49,1912.79,0,0
PCF_MV,D,20210512,000000,1912.79,1912.79,1860.06,1887.89,0,0
PCF_MV,D,20210513,000000,1846.89,1862.99,1745.83,1780.97,0,0
PCF_MV,D,20210514,000000,1778.04,1778.04,1713.61,1728.25,0,0
PCF_MV,D,20210517,000000,1728.25,1756.07,1669.66,1681.38,0,0
PCF_MV,D,20210518,000000,1671.13,1728.25,1671.13,1701.88,0,0
PCF_MV,D,20210519,000000,1671.13,1742.9,1666.73,1716.53,0,0
PCF_MV,D,20210520,000000,1747.28,1747.28,1669.66,1685.77,0,0
PCF_MV,D,20210521,000000,1685.77,1723.85,1659.42,1698.96,0,0
PCF_MV,D,20210524,000000,1704.81,1899.61,1704.81,1899.61,0,0
PCF_MV,D,20210525,000000,1874.71,1892.28,1687.23,1687.23,0,0
PCF_MV,D,20210526,000000,1720.93,1767.79,1713.61,1763.4,0,0
PCF_MV,D,20210527,000000,1756.07,1808.81,1737.04,1792.7,0,0
PCF_MV,D,20210528,000000,1808.81,1808.81,1655.01,1698.96,0,0
PCF_MV,D,20210531,000000,1657.95,1668.21,1634.51,1655.01,0,0
PCF_MV,D,20210601,000000,1659.42,1690.17,1655.01,1669.66,0,0
PCF_MV,D,20210602,000000,1652.09,1696.02,1652.09,1672.59,0,0
PCF_MV,D,20210604,000000,1672.59,1704.81,1656.48,1696.02,0,0
PCF_MV,D,20210607,000000,1698.96,1737.04,1681.38,1732.64,0,0
PCF_MV,D,20210608,000000,1704.81,1732.64,1704.81,1728.25,0,0
PCF_MV,D,20210609,000000,1701.88,1726.78,1696.02,1726.78,0,0
PCF_MV,D,20210610,000000,1726.78,1726.78,1700.42,1722.4,0,0
PCF_MV,D,20210611,000000,1706.28,1720.93,1700.42,1716.53,0,0
PCF_MV,D,20210614,000000,1728.25,1751.69,1716.53,1750.21,0,0
PCF_MV,D,20210615,000000,1737.04,1772.19,1737.04,1772.19,0,0
PCF_MV,D,20210616,000000,1775.12,1805.87,1775.12,1798.55,0,0
PCF_MV,D,20210617,000000,1789.76,1800.01,1757.54,1786.83,0,0
PCF_MV,D,20210618,000000,1797.08,1797.08,1760.47,1775.12,0,0
PCF_MV,D,20210621,000000,1772.19,1783.91,1713.61,1713.61,0,0
PCF_MV,D,20210622,000000,1684.3,1756.07,1684.3,1756.07,0,0
PCF_MV,D,20210623,000000,1757.54,1792.7,1757.54,1776.58,0,0
PCF_MV,D,20210624,000000,1776.58,1786.83,1741.43,1745.83,0,0
PCF_MV,D,20210625,000000,1698.96,1780.97,1698.96,1772.19,0,0
PCF_MV,D,20210628,000000,1772.19,1772.19,1734.11,1757.54,0,0
PCF_MV,D,20210629,000000,1763.42,1807.5,1735.5,1801.62,0,0
PCF_MV,D,20210630,000000,1822.2,1831.01,1783.99,1804.57,0,0
PCF_MV,D,20210701,000000,1822.2,1825.14,1794.28,1819.26,0,0
PCF_MV,D,20210702,000000,1807.5,1846.09,1807.5,1846.09,0,0
PCF_MV,D,20210705,000000,1855.03,1863.96,1829.72,1843.12,0,0
PCF_MV,D,20210706,000000,1810.36,1859.49,1768.68,1786.54,0,0
PCF_MV,D,20210707,000000,1786.54,1795.48,1780.59,1795.48,0,0
PCF_MV,D,20210708,000000,1795.48,1796.97,1741.88,1768.68,0,0
PCF_MV,D,20210709,000000,1786.54,1801.43,1768.68,1801.43,0,0
PCF_MV,D,20210712,000000,1764.21,1816.32,1759.75,1768.68,0,0
PCF_MV,D,20210713,000000,1816.32,1816.32,1756.77,1765.7,0,0
PCF_MV,D,20210714,000000,1804.41,1826.75,1773.15,1826.75,0,0
PCF_MV,D,20210715,000000,1826.75,1826.75,1788.03,1795.48,0,0
PCF_MV,D,20210716,000000,1825.26,1825.26,1759.75,1786.54,0,0
PCF_MV,D,20210719,000000,1786.54,1786.54,1721.04,1749.33,0,0
PCF_MV,D,20210720,000000,1721.04,1756.77,1721.04,1753.79,0,0
PCF_MV,D,20210721,000000,1753.79,1753.79,1712.11,1732.95,0,0
PCF_MV,D,20210722,000000,1756.77,1783.57,1726.99,1756.77,0,0
PCF_MV,D,20210723,000000,1786.54,1786.54,1734.44,1785.06,0,0
PCF_MV,D,20210726,000000,1780.59,1785.06,1729.97,1783.57,0,0
PCF_MV,D,20210727,000000,1783.57,1783.57,1735.93,1770.17,0,0
PCF_MV,D,20210728,000000,1762.72,1767.2,1735.93,1752.3,0,0
PCF_MV,D,20210729,000000,1752.3,1752.3,1729.97,1729.97,0,0
PCF_MV,D,20210730,000000,1749.33,1785.06,1726.99,1785.06,0,0
PCF_MV,D,20210802,000000,1785.06,1785.06,1738.9,1770.17,0,0
PCF_MV,D,20210803,000000,1770.17,1770.17,1740.39,1743.37,0,0
PCF_MV,D,20210804,000000,1765.7,1765.7,1728.48,1740.39,0,0
PCF_MV,D,20210805,000000,1740.39,1740.39,1700.2,1726.99,0,0
PCF_MV,D,20210806,000000,1740.39,1740.39,1706.15,1728.48,0,0
PCF_MV,D,20210809,000000,1728.48,1728.48,1697.22,1709.13,0,0
PCF_MV,D,20210810,000000,1697.22,1709.13,1697.22,1706.15,0,0
PCF_MV,D,20210811,000000,1697.22,1712.11,1697.22,1707.64,0,0
PCF_MV,D,20210812,000000,1737.42,1737.42,1688.29,1692.75,0,0
PCF_MV,D,20210813,000000,1688.29,1698.71,1685.31,1697.22,0,0
PCF_MV,D,20210816,000000,1713.6,1713.6,1646.6,1646.6,0,0
PCF_MV,D,20210817,000000,1518.56,1518.56,1423.28,1425.67,0,0
PCF_MV,D,20210818,000000,1426.26,1426.26,1328,1354.8,0,0
PCF_MV,D,20210819,000000,1375.64,1417.33,1370.28,1399.46,0,0
PCF_MV,D,20210820,000000,1426.85,1430.43,1408.4,1422.09,0,0
PCF_MV,D,20210823,000000,1432.22,1443.53,1399.46,1410.77,0,0
PCF_MV,D,20210824,000000,1429.24,1429.24,1402.44,1402.44,0,0
PCF_MV,D,20210825,000000,1421.49,1421.49,1363.73,1369.68,0,0
PCF_MV,D,20210826,000000,1355.39,1367.89,1333.95,1356.58,0,0
PCF_MV,D,20210827,000000,1354.8,1354.8,1328,1348.85,0,0
PCF_MV,D,20210830,000000,1342.89,1364.92,1340.51,1357.77,0,0
PCF_MV,D,20210831,000000,1375.64,1385.76,1357.77,1369.68,0,0
PCF_MV,D,20210901,000000,1391.72,1391.72,1339.91,1369.09,0,0
PCF_MV,D,20210902,000000,1375.64,1413.76,1358.37,1383.98,0,0
PCF_MV,D,20210903,000000,1405.42,1405.42,1360.76,1360.76,0,0
PCF_MV,D,20210906,000000,1393.5,1393.5,1351.82,1357.77,0,0
PCF_MV,D,20210907,000000,1354.8,1355.39,1336.94,1339.91,0,0
PCF_MV,D,20210908,000000,1328,1336.94,1325.03,1336.94,0,0
PCF_MV,D,20210909,000000,1328.6,1339.91,1325.03,1328,0,0
PCF_MV,D,20210910,000000,1328,1339.91,1320.25,1320.25,0,0
PCF_MV,D,20210913,000000,1339.91,1339.91,1310.13,1314.3,0,0
PCF_MV,D,20210914,000000,1314.9,1328,1314.3,1318.47,0,0
PCF_MV,D,20210915,000000,1318.47,1328,1318.47,1327.4,0,0
PCF_MV,D,20210916,000000,1325.03,1325.03,1310.13,1315.49,0,0
PCF_MV,D,20210917,000000,1339.91,1339.91,1296.43,1298.22,0,0
PCF_MV,D,20210920,000000,1301.79,1301.79,1256.54,1256.54,0,0
PCF_MV,D,20210921,000000,1253.55,1253.55,1233.91,1247.01,0,0
PCF_MV,D,20210922,000000,1247.01,1316.09,1205.91,1259.51,0,0
PCF_MV,D,20210923,000000,1307.15,1307.15,1254.15,1254.15,0,0
PCF_MV,D,20210924,000000,1280.36,1341.1,1279.76,1322.64,0,0
PCF_MV,D,20210927,000000,1283.33,1319.07,1280.36,1307.15,0,0
PCF_MV,D,20210928,000000,1322.04,1322.04,1268.45,1280.36,0,0
PCF_MV,D,20210929,000000,1266.06,1295.24,1249.39,1250.58,0,0
PCF_MV,D,20210930,000000,1294.65,1294.65,1220.81,1235.69,0,0
PCF_MV,D,20211001,000000,1235.69,1244.03,1220.81,1235.69,0,0
PCF_MV,D,20211004,000000,1235.69,1265.47,1229.73,1238.08,0,0
PCF_MV,D,20211005,000000,1242.84,1250.58,1232.12,1241.64,0,0
PCF_MV,D,20211006,000000,1241.64,1241.64,1220.81,1232.72,0,0
PCF_MV,D,20211007,000000,1232.72,1249.99,1220.81,1235.69,0,0
PCF_MV,D,20211008,000000,1218.42,1250.58,1211.87,1232.72,0,0
PCF_MV,D,20211011,000000,1274.4,1274.4,1225.57,1225.57,0,0
PCF_MV,D,20211012,000000,1208.9,1220.81,1208.3,1220.21,0,0
PCF_MV,D,20211013,000000,1220.81,1226.76,1176.14,1220.81,0,0
PCF_MV,D,20211014,000000,1204.13,1220.81,1177.93,1214.26,0,0
PCF_MV,D,20211015,000000,1219.61,1219.61,1194.6,1202.94,0,0
PCF_MV,D,20211018,000000,1202.94,1263.69,1194,1260.7,0,0
PCF_MV,D,20211019,000000,1262.49,1453.06,1262.49,1429.24,0,0
PCF_MV,D,20211020,000000,1459.01,1485.81,1399.46,1404.22,0,0
PCF_MV,D,20211021,000000,1404.82,1414.35,1341.7,1400.06,0,0
PCF_MV,D,20211022,000000,1414.94,1422.09,1369.09,1404.22,0,0
PCF_MV,D,20211025,000000,1428.64,1428.64,1343.48,1387.55,0,0
PCF_MV,D,20211026,000000,1384.58,1396.49,1325.03,1339.91,0,0
PCF_MV,D,20211027,000000,1331.57,1331.57,1304.18,1320.85,0,0
PCF_MV,D,20211028,000000,1324.43,1332.16,1304.18,1313.7,0,0
PCF_MV,D,20211029,000000,1328,1328,1286.31,1286.31,0,0
PCF_MV,D,20211102,000000,1283.33,1283.33,1250.58,1250.58,0,0
PCF_MV,D,20211103,000000,1250.58,1256.54,1220.81,1220.81,0,0
PCF_MV,D,20211104,000000,1253.55,1253.55,1202.94,1217.82,0,0
PCF_MV,D,20211105,000000,1220.81,1241.64,1208.9,1226.17,0,0
PCF_MV,D,20211108,000000,1226.17,1229.73,1196.39,1198.78,0,0
PCF_MV,D,20211109,000000,1214.85,1250.58,1191.63,1197.58,0,0
PCF_MV,D,20211110,000000,1198.18,1211.87,1179.12,1194,0,0
PCF_MV,D,20211112,000000,1196.99,1232.72,1196.99,1220.81,0,0
PCF_MV,D,20211115,000000,1250.58,1250.58,1208.9,1220.81,0,0
PCF_MV,D,20211116,000000,1226.76,1241.64,1205.91,1220.21,0,0
PCF_MV,D,20211117,000000,1220.81,1241.06,1177.93,1205.91,0,0
PCF_MV,D,20211118,000000,1202.94,1235.69,1163.05,1235.69,0,0
PCF_MV,D,20211119,000000,1234.51,1234.51,1195.2,1205.91,0,0
PCF_MV,D,20211122,000000,1205.91,1233.91,1198.18,1220.81,0,0
PCF_MV,D,20211123,000000,1220.81,1247.6,1194,1208.9,0,0
PCF_MV,D,20211124,000000,1219.61,1219.61,1194,1217.82,0,0
PCF_MV,D,20211125,000000,1208.9,1219.02,1200.56,1219.02,0,0
PCF_MV,D,20211126,000000,1214.85,1241.06,1195.2,1241.06,0,0
PCF_MV,D,20211129,000000,1241.06,1244.63,1188.05,1194,0,0
PCF_MV,D,20211130,000000,1339.91,1357.77,1262.49,1357.77,0,0
PCF_MV,D,20211201,000000,1357.77,1467.95,1357.77,1384.58,0,0
PCF_MV,D,20211202,000000,1414.35,1414.35,1366.71,1369.68,0,0
PCF_MV,D,20211203,000000,1369.68,1429.24,1369.68,1417.33,0,0
PCF_MV,D,20211206,000000,1429.24,1470.92,1363.13,1459.01,0,0
PCF_MV,D,20211207,000000,1457.22,1503.68,1447.1,1486.41,0,0
PCF_MV,D,20211208,000000,1478.07,1506.65,1461.99,1494.74,0,0
PCF_MV,D,20211209,000000,1490.28,1490.28,1414.35,1447.1,0,0
PCF_MV,D,20211210,000000,1432.22,1444.13,1405.42,1441.15,0,0
PCF_MV,D,20211213,000000,1447.1,1488.19,1429.24,1478.07,0,0
PCF_MV,D,20211214,000000,1479.26,1500.7,1461.99,1491.77,0,0
PCF_MV,D,20211215,000000,1490.28,1503.68,1475.09,1491.77,0,0
PCF_MV,D,20211216,000000,1488.79,1518.56,1488.79,1518.56,0,0
PCF_MV,D,20211217,000000,1517.07,1576.62,1517.07,1521.54,0,0
PCF_MV,D,20211220,000000,1524.52,1524.52,1448.29,1474.5,0,0
PCF_MV,D,20211221,000000,1467.95,1488.19,1466.76,1476.88,0,0
PCF_MV,D,20211222,000000,1473.9,1485.22,1464.97,1464.97,0,0
PCF_MV,D,20211223,000000,1464.97,1470.32,1432.22,1459.01,0,0
PCF_MV,D,20211227,000000,1447.1,1453.06,1426.26,1438.17,0,0
PCF_MV,D,20211228,000000,1438.17,1449.49,1400.06,1408.4,0,0
PCF_MV,D,20211229,000000,1400.65,1459.01,1400.65,1455.44,0,0
PCF_MV,D,20211230,000000,1429.24,1456.64,1429.24,1456.64,0,0
PCF_MV,D,20220103,000000,1488.19,1500.7,1476.88,1488.79,0,0
PCF_MV,D,20220104,000000,1488.79,1566.2,1485.81,1566.2,0,0
PCF_MV,D,20220105,000000,1554.29,1634.69,1536.43,1634.69,0,0
PCF_MV,D,20220107,000000,1634.69,1664.47,1579.6,1646.6,0,0
PCF_MV,D,20220110,000000,1652.56,1662.98,1616.83,1627.25,0,0
PCF_MV,D,20220111,000000,1630.22,1652.56,1613.84,1637.66,0,0
PCF_MV,D,20220112,000000,1634.69,1652.56,1622.78,1652.56,0,0
PCF_MV,D,20220113,000000,1658.51,1676.38,1640.65,1670.42,0,0
PCF_MV,D,20220114,000000,1673.39,1676.38,1639.16,1639.16,0,0
PCF_MV,D,20220117,000000,1640.65,1646.6,1627.25,1646.6,0,0
PCF_MV,D,20220118,000000,1646.6,1694.24,1646.6,1667.44,0,0
PCF_MV,D,20220119,000000,1654.05,1657.02,1625.75,1657.02,0,0
PCF_MV,D,20220120,000000,1639.16,1642.13,1628.74,1639.16,0,0
PCF_MV,D,20220121,000000,1639.16,1639.16,1581.1,1637.66,0,0
PCF_MV,D,20220124,000000,1610.87,1615.34,1482.83,1486.41,0,0
PCF_MV,D,20220125,000000,1476.88,1506.65,1476.88,1499.21,0,0
PCF_MV,D,20220126,000000,1497.72,1607.89,1490.28,1563.23,0,0
PCF_MV,D,20220127,000000,1572.16,1578.11,1542.38,1563.23,0,0
PCF_MV,D,20220128,000000,1576.62,1576.62,1491.77,1563.23,0,0
PCF_MV,D,20220131,000000,1578.11,1622.78,1563.23,1622.78,0,0
PCF_MV,D,20220201,000000,1636.17,1667.44,1618.31,1637.66,0,0
PCF_MV,D,20220202,000000,1637.66,1686.8,1624.26,1686.8,0,0
PCF_MV,D,20220203,000000,1691.26,1697.22,1674.89,1689.78,0,0
PCF_MV,D,20220204,000000,1688.29,1709.13,1668.93,1709.13,0,0
PCF_MV,D,20220207,000000,1703.17,1709.13,1697.22,1709.13,0,0
PCF_MV,D,20220208,000000,1709.13,1718.06,1703.17,1706.15,0,0
PCF_MV,D,20220209,000000,1706.15,1706.15,1682.33,1706.15,0,0
PCF_MV,D,20220210,000000,1686.8,1715.08,1685.31,1712.11,0,0
PCF_MV,D,20220211,000000,1712.11,1718.06,1679.35,1712.11,0,0
PCF_MV,D,20220214,000000,1670.42,1670.42,1572.16,1664.47,0,0
PCF_MV,D,20220215,000000,1637.66,1664.47,1622.78,1658.51,0,0
PCF_MV,D,20220216,000000,1655.53,1677.87,1630.22,1646.6,0,0
PCF_MV,D,20220217,000000,1646.6,1648.09,1622.78,1639.16,0,0
PCF_MV,D,20220218,000000,1658.51,1676.38,1628.74,1652.56,0,0
PCF_MV,D,20220221,000000,1651.07,1652.56,1524.52,1597.47,0,0
PCF_MV,D,20220222,000000,1572.16,1651.07,1518.56,1649.57,0,0
PCF_MV,D,20220223,000000,1649.57,1718.06,1649.57,1704.66,0,0
PCF_MV,D,20220224,000000,1490.28,1619.8,1345.86,1619.8,0,0
PCF_MV,D,20220225,000000,1607.89,1637.66,1558.76,1637.66,0,0
PCF_MV,D,20220228,000000,1607.89,1697.22,1555.78,1697.22,0,0
PCF_MV,D,20220301,000000,1652.56,1697.22,1539.41,1539.41,0,0
PCF_MV,D,20220302,000000,1518.56,1539.41,1459.61,1518.56,0,0
PCF_MV,D,20220303,000000,1488.79,1545.37,1473.9,1481.64,0,0
PCF_MV,D,20220304,000000,1473.9,1548.34,1449.49,1548.34,0,0
PCF_MV,D,20220307,000000,1542.38,1578.11,1448.29,1578.11,0,0
PCF_MV,D,20220308,000000,1572.16,1578.11,1482.83,1578.11,0,0
PCF_MV,D,20220309,000000,1576.62,1595.98,1530.47,1578.11,0,0
PCF_MV,D,20220310,000000,1576.62,1622.78,1531.96,1593.01,0,0
PCF_MV,D,20220311,000000,1593.01,1627.25,1554.29,1627.25,0,0
PCF_MV,D,20220314,000000,1622.78,1622.78,1551.32,1557.28,0,0
PCF_MV,D,20220315,000000,1578.11,1604.92,1536.43,1581.1,0,0
PCF_MV,D,20220316,000000,1606.4,1607.89,1576.62,1593.01,0,0
PCF_MV,D,20220317,000000,1606.4,1667.44,1584.07,1643.62,0,0
PCF_MV,D,20220318,000000,1661.48,1665.96,1643.62,1665.96,0,0
PCF_MV,D,20220321,000000,1664.47,1679.35,1648.09,1667.44,0,0
PCF_MV,D,20220322,000000,1667.44,1668.93,1642.13,1668.93,0,0
PCF_MV,D,20220323,000000,1668.93,1668.93,1643.62,1646.6,0,0
PCF_MV,D,20220324,000000,1665.96,1670.42,1640.65,1667.44,0,0
PCF_MV,D,20220325,000000,1667.44,1667.44,1640.65,1640.65,0,0
PCF_MV,D,20220328,000000,1667.44,1673.39,1637.66,1646.6,0,0
PCF_MV,D,20220329,000000,1667.44,1670.42,1637.66,1655.53,0,0
PCF_MV,D,20220330,000000,1670.42,1680.84,1622.78,1679.35,0,0
PCF_MV,D,20220331,000000,1680.84,1765.7,1664.47,1762.72,0,0
PCF_MV,D,20220401,000000,1765.7,1786.54,1728.48,1786.54,0,0
PCF_MV,D,20220404,000000,1786.54,1843.12,1774.63,1843.12,0,0
PCF_MV,D,20220405,000000,1840.14,1859.49,1786.54,1807.39,0,0
PCF_MV,D,20220406,000000,1807.39,1807.39,1722.53,1756.77,0,0
PCF_MV,D,20220407,000000,1783.57,1844.61,1743.37,1843.12,0,0
PCF_MV,D,20220408,000000,1856.52,1856.52,1786.54,1843.12,0,0
PCF_MV,D,20220411,000000,1831.21,1843.12,1801.43,1840.14,0,0
PCF_MV,D,20220412,000000,1843.12,1844.61,1816.32,1844.61,0,0
PCF_MV,D,20220413,000000,1816.32,1840.14,1816.32,1840.14,0,0
PCF_MV,D,20220414,000000,1840.14,1843.12,1804.41,1816.32,0,0
PCF_MV,D,20220419,000000,1786.54,1813.34,1744.86,1807.39,0,0
PCF_MV,D,20220420,000000,1801.43,1902.67,1801.43,1890.76,0,0
PCF_MV,D,20220421,000000,1890.76,1890.76,1795.48,1890.76,0,0
PCF_MV,D,20220422,000000,1911.6,2018.8,1849.08,1962.22,0,0
PCF_MV,D,20220425,000000,1959.24,1986.04,1878.85,1926.49,0,0
PCF_MV,D,20220426,000000,1920.54,1965.2,1863.96,1905.64,0,0
PCF_MV,D,20220427,000000,1875.87,1905.64,1774.63,1816.32,0,0
PCF_MV,D,20220428,000000,1816.32,1890.76,1786.54,1890.76,0,0
PCF_MV,D,20220429,000000,1926.49,1926.49,1819.3,1828.23,0,0
PCF_MV,D,20220502,000000,1804.41,1828.23,1741.88,1741.88,0,0
PCF_MV,D,20220504,000000,1726.99,1726.99,1679.35,1679.35,0,0
PCF_MV,D,20220505,000000,1673.39,1673.39,1524.52,1548.34,0,0
PCF_MV,D,20220506,000000,1548.34,1548.34,1476.88,1487.3,0,0
PCF_MV,D,20220509,000000,1479.86,1488.79,1399.46,1399.46,0,0
PCF_MV,D,20220510,000000,1374.15,1426.26,1354.8,1393.5,0,0
PCF_MV,D,20220511,000000,1390.53,1460.5,1390.53,1429.24,0,0
PCF_MV,D,20220512,000000,1399.46,1399.46,1265.47,1342.89,0,0
PCF_MV,D,20220513,000000,1369.68,1396.49,1354.8,1396.49,0,0
PCF_MV,D,20220516,000000,1399.46,1441.15,1397.97,1429.24,0,0
PCF_MV,D,20220517,000000,1405.42,1533.45,1405.42,1530.47,0,0
PCF_MV,D,20220518,000000,1533.45,1548.34,1506.65,1548.34,0,0
PCF_MV,D,20220519,000000,1506.65,1607.89,1444.13,1607.89,0,0
PCF_MV,D,20220520,000000,1551.32,1604.92,1521.54,1578.11,0,0
PCF_MV,D,20220523,000000,1569.19,1595.98,1533.45,1560.25,0,0
PCF_MV,D,20220524,000000,1575.14,1575.14,1491.77,1518.56,0,0
PCF_MV,D,20220525,000000,1518.56,1607.89,1488.79,1607.89,0,0
PCF_MV,D,20220526,000000,1604.92,1604.92,1548.34,1595.98,0,0
PCF_MV,D,20220527,000000,1551.32,1551.32,1503.68,1542.38,0,0
PCF_MV,D,20220530,000000,1524.52,1542.38,1503.68,1542.38,0,0
PCF_MV,D,20220531,000000,1545.37,1545.37,1459.01,1518.56,0,0
PCF_MV,D,20220601,000000,1464.97,1518.56,1444.13,1459.01,0,0
PCF_MV,D,20220602,000000,1445.61,1512.61,1438.17,1512.61,0,0
PCF_MV,D,20220603,000000,1512.61,1625.75,1512.61,1521.54,0,0
PCF_MV,D,20220606,000000,1518.56,1575.14,1509.63,1548.34,0,0
PCF_MV,D,20220607,000000,1548.34,1563.23,1548.34,1551.32,0,0
PCF_MV,D,20220608,000000,1563.23,1569.19,1533.45,1548.34,0,0
PCF_MV,D,20220609,000000,1524.52,1548.34,1524.52,1539.41,0,0
PCF_MV,D,20220610,000000,1518.56,1539.41,1503.68,1527.5,0,0
PCF_MV,D,20220613,000000,1518.56,1518.56,1473.9,1503.68,0,0
PCF_MV,D,20220614,000000,1503.68,1503.68,1482.83,1485.81,0,0
PCF_MV,D,20220615,000000,1518.56,1518.56,1463.47,1485.81,0,0
PCF_MV,D,20220617,000000,1487.3,1506.65,1475.39,1503.68,0,0
PCF_MV,D,20220620,000000,1494.74,1494.74,1470.92,1482.83,0,0
PCF_MV,D,20220621,000000,1470.92,1533.45,1470.92,1524.52,0,0
PCF_MV,D,20220622,000000,1503.68,1503.68,1444.13,1459.01,0,0
PCF_MV,D,20220623,000000,1487.3,1487.3,1473.9,1478.37,0,0
PCF_MV,D,20220624,000000,1478.37,1478.37,1387.55,1445.61,0,0
PCF_MV,D,20220627,000000,1457.52,1497.72,1402.44,1497.72,0,0
PCF_MV,D,20220628,000000,1488.79,1575.14,1488.79,1575.14,0,0
PCF_MV,D,20220629,000000,1554.29,1673.39,1554.29,1673.39,0,0
PCF_MV,D,20220630,000000,1667.44,1697.22,1622.78,1697.22,0,0
PCF_MV,D,20220701,000000,1709.13,1709.13,1548.34,1590.02,0,0
PCF_MV,D,20220704,000000,1548.34,1548.34,1488.79,1533.45,0,0
PCF_MV,D,20220705,000000,1497.72,1518.56,1475.39,1518.56,0,0
PCF_MV,D,20220706,000000,1482.83,1548.34,1482.83,1533.45,0,0
PCF_MV,D,20220707,000000,1533.45,1545.43,1500.51,1545.43,0,0
PCF_MV,D,20220708,000000,1584.37,1605.33,1533.45,1605.33,0,0
PCF_MV,D,20220711,000000,1605.33,1605.33,1530.46,1539.44,0,0
PCF_MV,D,20220712,000000,1533.45,1548.43,1521.47,1548.43,0,0
PCF_MV,D,20220713,000000,1545.43,1545.43,1509.49,1518.48,0,0
PCF_MV,D,20220714,000000,1518.48,1524.47,1500.51,1524.47,0,0
PCF_MV,D,20220715,000000,1527.46,1539.44,1506.5,1506.5,0,0
PCF_MV,D,20220718,000000,1506.5,1542.44,1500.51,1500.51,0,0
PCF_MV,D,20220719,000000,1500.51,1521.47,1475.05,1475.05,0,0
PCF_MV,D,20220720,000000,1494.52,1494.52,1475.05,1485.53,0,0
PCF_MV,D,20220721,000000,1497.51,1497.51,1481.04,1485.53,0,0
PCF_MV,D,20220722,000000,1478.04,1524.47,1475.05,1490.02,0,0
PCF_MV,D,20220725,000000,1518.48,1518.48,1473.55,1473.55,0,0
PCF_MV,D,20220726,000000,1518.48,1518.48,1446.6,1473.55,0,0
PCF_MV,D,20220727,000000,1466.06,1493.02,1448.09,1479.54,0,0
PCF_MV,D,20220728,000000,1493.02,1512.49,1493.02,1512.49,0,0
PCF_MV,D,20220729,000000,1503.5,1521.47,1497.51,1512.49,0,0
PCF_MV,D,20220801,000000,1539.44,1542.44,1473.55,1512.49,0,0
PCF_MV,D,20220802,000000,1527.46,1527.46,1481.04,1512.49,0,0
PCF_MV,D,20220803,000000,1497.51,1542.44,1490.02,1542.44,0,0
PCF_MV,D,20220804,000000,1542.44,1542.44,1500.51,1527.46,0,0
PCF_MV,D,20220805,000000,1542.44,1542.44,1485.53,1509.49,0,0
PCF_MV,D,20220808,000000,1476.55,1494.52,1476.55,1493.02,0,0
PCF_MV,D,20220809,000000,1494.52,1496.01,1482.54,1496.01,0,0
PCF_MV,D,20220810,000000,1497.51,1497.51,1479.54,1496.01,0,0
PCF_MV,D,20220811,000000,1476.55,1491.52,1464.57,1472.05,0,0
PCF_MV,D,20220812,000000,1482.54,1482.54,1467.56,1469.06,0,0
PCF_MV,D,20220816,000000,1469.06,1530.46,1469.06,1506.5,0,0
PCF_MV,D,20220817,000000,1530.46,1530.46,1494.52,1509.49,0,0
PCF_MV,D,20220818,000000,1497.51,1497.51,1476.55,1497.51,0,0
PCF_MV,D,20220819,000000,1497.51,1497.51,1461.57,1482.54,0,0
PCF_MV,D,20220822,000000,1457.08,1494.52,1455.58,1494.52,0,0
PCF_MV,D,20220823,000000,1494.52,1494.52,1457.08,1479.54,0,0
PCF_MV,D,20220824,000000,1494.52,1494.52,1449.59,1473.55,0,0
PCF_MV,D,20220825,000000,1452.59,1463.07,1451.09,1452.59,0,0
PCF_MV,D,20220826,000000,1455.58,1455.58,1428.63,1448.09,0,0
PCF_MV,D,20220829,000000,1446.6,1446.6,1322.3,1428.63,0,0
PCF_MV,D,20220830,000000,1428.63,1428.63,1386.7,1413.65,0,0
PCF_MV,D,20220831,000000,1436.11,1436.11,1364.23,1368.73,0,0
PCF_MV,D,20220901,000000,1353.75,1421.14,1353.75,1421.14,0,0
PCF_MV,D,20220902,000000,1419.64,1419.64,1377.71,1398.68,0,0
PCF_MV,D,20220905,000000,1392.69,1392.69,1344.77,1371.72,0,0
PCF_MV,D,20220906,000000,1347.76,1359.74,1284.86,1317.81,0,0
PCF_MV,D,20220907,000000,1317.81,1317.81,1284.86,1316.31,0,0
PCF_MV,D,20220908,000000,1317.81,1317.81,1263.9,1296.84,0,0
PCF_MV,D,20220909,000000,1296.84,1346.26,1281.87,1317.81,0,0
PCF_MV,D,20220912,000000,1317.81,1317.81,1296.84,1317.81,0,0
PCF_MV,D,20220913,000000,1317.81,1362.74,1317.81,1349.26,0,0
PCF_MV,D,20220914,000000,1317.81,1365.73,1317.81,1347.76,0,0
PCF_MV,D,20220915,000000,1347.76,1434.62,1347.76,1407.66,0,0
PCF_MV,D,20220916,000000,1406.16,1406.16,1364.23,1404.67,0,0
PCF_MV,D,20220919,000000,1404.67,1404.67,1368.73,1374.72,0,0
PCF_MV,D,20220920,000000,1374.72,1380.71,1317.81,1317.81,0,0
PCF_MV,D,20220921,000000,1341.77,1368.73,1307.33,1358.24,0,0
PCF_MV,D,20220922,000000,1347.76,1376.21,1317.81,1317.81,0,0
PCF_MV,D,20220923,000000,1304.33,1347.76,1304.33,1347.76,0,0
PCF_MV,D,20220926,000000,1227.96,1227.96,1174.05,1190.52,0,0
PCF_MV,D,20220927,000000,1196.51,1196.51,1145.6,1166.56,0,0
PCF_MV,D,20220928,000000,1145.6,1242.93,1145.6,1242.93,0,0
PCF_MV,D,20220929,000000,1254.91,1256.41,1212.98,1230.95,0,0
PCF_MV,D,20220930,000000,1241.44,1241.44,1215.98,1233.95,0,0
PCF_MV,D,20221003,000000,1232.45,1232.45,1171.05,1198.01,0,0
PCF_MV,D,20221004,000000,1172.55,1227.96,1172.55,1212.98,0,0
PCF_MV,D,20221005,000000,1198.01,1209.99,1186.03,1204,0,0
PCF_MV,D,20221006,000000,1204,1233.95,1204,1233.95,0,0
PCF_MV,D,20221007,000000,1232.45,1256.41,1220.47,1256.41,0,0
PCF_MV,D,20221010,000000,1256.41,1256.41,1205.5,1233.95,0,0
PCF_MV,D,20221011,000000,1241.44,1241.44,1205.5,1218.97,0,0
PCF_MV,D,20221012,000000,1201,1218.97,1198.01,1201,0,0
PCF_MV,D,20221013,000000,1223.47,1223.47,1186.03,1186.03,0,0
PCF_MV,D,20221014,000000,1187.53,1238.44,1187.53,1227.96,0,0
PCF_MV,D,20221017,000000,1254.91,1254.91,1227.96,1253.42,0,0
PCF_MV,D,20221018,000000,1256.41,1305.83,1229.46,1302.83,0,0
PCF_MV,D,20221019,000000,1293.85,1314.81,1289.36,1314.81,0,0
PCF_MV,D,20221020,000000,1314.81,1314.81,1257.91,1287.86,0,0
PCF_MV,D,20221021,000000,1302.83,1302.83,1238.44,1260.9,0,0
PCF_MV,D,20221024,000000,1284.86,1284.86,1262.4,1262.4,0,0
PCF_MV,D,20221025,000000,1236.94,1302.83,1236.94,1302.83,0,0
PCF_MV,D,20221026,000000,1302.83,1314.81,1286.36,1314.81,0,0
PCF_MV,D,20221027,000000,1347.76,1389.69,1314.81,1389.69,0,0
PCF_MV,D,20221028,000000,1386.7,1404.67,1340.27,1404.67,0,0
PCF_MV,D,20221031,000000,1401.67,1449.59,1356.75,1422.64,0,0
PCF_MV,D,20221102,000000,1407.66,1407.66,1377.71,1392.69,0,0
PCF_MV,D,20221103,000000,1391.19,1391.19,1287.86,1317.81,0,0
PCF_MV,D,20221104,000000,1317.81,1337.28,1317.81,1329.79,0,0
PCF_MV,D,20221107,000000,1317.81,1347.76,1311.82,1317.81,0,0
PCF_MV,D,20221108,000000,1329.79,1329.79,1286.36,1307.33,0,0
PCF_MV,D,20221109,000000,1307.33,1307.33,1260.9,1305.83,0,0
PCF_MV,D,20221110,000000,1295.35,1314.81,1287.86,1314.81,0,0
PCF_MV,D,20221114,000000,1314.81,1317.81,1280.37,1316.31,0,0
PCF_MV,D,20221115,000000,1317.81,1317.81,1281.87,1317.81,0,0
PCF_MV,D,20221116,000000,1278.87,1301.34,1272.88,1293.85,0,0
PCF_MV,D,20221117,000000,1250.42,1293.85,1250.42,1257.91,0,0
PCF_MV,D,20221118,000000,1284.86,1287.86,1248.92,1287.86,0,0
PCF_MV,D,20221121,000000,1287.86,1317.81,1284.86,1317.81,0,0
PCF_MV,D,20221122,000000,1331.29,1331.29,1263.9,1322.3,0,0
PCF_MV,D,20221123,000000,1322.3,1322.3,1287.86,1310.32,0,0
PCF_MV,D,20221124,000000,1317.81,1317.81,1277.38,1302.83,0,0
PCF_MV,D,20221125,000000,1302.83,1302.83,1268.39,1287.86,0,0
PCF_MV,D,20221128,000000,1287.86,1287.86,1262.4,1278.87,0,0
PCF_MV,D,20221129,000000,1278.87,1278.87,1227.96,1257.91,0,0
PCF_MV,D,20221130,000000,1257.91,1257.91,1227.96,1227.96,0,0
PCF_MV,D,20221201,000000,1254.91,1257.91,1215.98,1239.94,0,0
PCF_MV,D,20221202,000000,1256.41,1256.41,1223.47,1227.96,0,0
PCF_MV,D,20221205,000000,1226.46,1236.94,1204,1215.98,0,0
PCF_MV,D,20221206,000000,1226.46,1226.46,1204,1212.98,0,0
PCF_MV,D,20221207,000000,1204,1218.97,1198.01,1212.98,0,0
PCF_MV,D,20221208,000000,1253.42,1253.42,1183.03,1224.96,0,0
PCF_MV,D,20221209,000000,1227.96,1227.96,1183.03,1198.01,0,0
PCF_MV,D,20221212,000000,1198.01,1214.48,1183.03,1198.01,0,0
PCF_MV,D,20221213,000000,1198.01,1212.98,1187.53,1212.98,0,0
PCF_MV,D,20221214,000000,1198.01,1212.98,1163.57,1193.52,0,0
PCF_MV,D,20221215,000000,1214.48,1214.48,1171.05,1198.01,0,0
PCF_MV,D,20221216,000000,1198.01,1215.98,1189.02,1189.02,0,0
PCF_MV,D,20221219,000000,1192.02,1192.02,1168.06,1186.03,0,0
PCF_MV,D,20221220,000000,1169.56,1190.52,1169.56,1174.05,0,0
PCF_MV,D,20221221,000000,1169.56,1190.52,1157.58,1180.04,0,0
PCF_MV,D,20221222,000000,1189.02,1189.02,1168.06,1181.54,0,0
PCF_MV,D,20221223,000000,1186.03,1186.03,1162.07,1177.04,0,0
PCF_MV,D,20221227,000000,1174.05,1180.04,1147.09,1159.07,0,0
PCF_MV,D,20221228,000000,1165.06,1181.54,1159.07,1168.06,0,0
PCF_MV,D,20221229,000000,1186.03,1186.03,1168.06,1168.06,0,0
PCF_MV,D,20221230,000000,1168.06,1174.05,1160.57,1174.05,0,0
PCF_MV,D,20230102,000000,1175.55,1187.53,1165.06,1181.54,0,0
PCF_MV,D,20230103,000000,1175.55,1220.47,1166.56,1220.47,0,0
PCF_MV,D,20230104,000000,1220.47,1248.92,1214.48,1241.44,0,0
PCF_MV,D,20230105,000000,1239.94,1239.94,1204,1227.96,0,0
PCF_MV,D,20230109,000000,1227.96,1236.94,1171.05,1226.46,0,0
PCF_MV,D,20230110,000000,1224.96,1224.96,1163.57,1181.54,0,0
PCF_MV,D,20230111,000000,1209.99,1209.99,1183.03,1183.03,0,0
PCF_MV,D,20230112,000000,1183.03,1198.01,1168.06,1192.02,0,0
PCF_MV,D,20230113,000000,1196.51,1198.01,1174.05,1184.53,0,0
PCF_MV,D,20230116,000000,1198.01,1198.01,1183.03,1183.03,0,0
PCF_MV,D,20230117,000000,1211.49,1211.49,1177.04,1186.03,0,0
PCF_MV,D,20230118,000000,1189.02,1192.02,1171.05,1183.03,0,0
PCF_MV,D,20230119,000000,1183.03,1187.53,1171.05,1183.03,0,0
PCF_MV,D,20230120,000000,1186.03,1186.03,1162.07,1163.57,0,0
PCF_MV,D,20230123,000000,1169.56,1183.03,1168.06,1175.55,0,0
PCF_MV,D,20230124,000000,1180.04,1181.54,1162.07,1172.55,0,0
PCF_MV,D,20230125,000000,1181.54,1183.03,1159.07,1183.03,0,0
PCF_MV,D,20230126,000000,1160.57,1183.03,1159.07,1183.03,0,0
PCF_MV,D,20230127,000000,1181.54,1206.99,1169.56,1206.99,0,0
PCF_MV,D,20230130,000000,1174.05,1192.02,1159.07,1168.06,0,0
PCF_MV,D,20230131,000000,1190.52,1193.52,1160.57,1190.52,0,0
PCF_MV,D,20230201,000000,1138.11,1181.54,1102.17,1135.11,0,0
PCF_MV,D,20230202,000000,1132.12,1156.08,1117.14,1129.12,0,0
PCF_MV,D,20230203,000000,1145.6,1145.6,1120.14,1124.63,0,0
PCF_MV,D,20230206,000000,1117.14,1120.14,1102.17,1106.66,0,0
PCF_MV,D,20230207,000000,1106.66,1111.15,1093.18,1108.16,0,0
PCF_MV,D,20230208,000000,1108.16,1153.08,1090.19,1114.15,0,0
PCF_MV,D,20230209,000000,1114.15,1153.08,1096.18,1114.15,0,0
PCF_MV,D,20230210,000000,1114.15,1114.15,1084.2,1108.16,0,0
PCF_MV,D,20230213,000000,1108.16,1108.16,1082.7,1096.18,0,0
PCF_MV,D,20230214,000000,1105.16,1108.16,1081.2,1108.16,0,0
PCF_MV,D,20230215,000000,1108.16,1139.61,1093.18,1138.11,0,0
PCF_MV,D,20230216,000000,1138.11,1138.11,1108.16,1132.12,0,0
PCF_MV,D,20230217,000000,1136.61,1136.61,1091.69,1114.15,0,0
PCF_MV,D,20230220,000000,1111.15,1111.15,1108.16,1108.16,0,0
PCF_MV,D,20230221,000000,1105.16,1132.12,1105.16,1123.13,0,0
PCF_MV,D,20230222,000000,1129.12,1129.12,1093.18,1108.16,0,0
PCF_MV,D,20230223,000000,1108.16,1108.16,1099.17,1108.16,0,0
PCF_MV,D,20230224,000000,1114.15,1114.15,1097.68,1106.66,0,0
PCF_MV,D,20230227,000000,1097.68,1114.15,1097.68,1114.15,0,0
PCF_MV,D,20230228,000000,1114.15,1114.15,1097.68,1102.17,0,0
PCF_MV,D,20230301,000000,1102.17,1114.15,1102.17,1114.15,0,0
PCF_MV,D,20230302,000000,1102.17,1108.16,1087.19,1087.19,0,0
PCF_MV,D,20230303,000000,1096.18,1100.67,1088.69,1093.18,0,0
PCF_MV,D,20230306,000000,1100.67,1116.2,1100.67,1116.2,0,0
PCF_MV,D,20230307,000000,1116.2,1125.23,1101.16,1125.23,0,0
PCF_MV,D,20230308,000000,1113.19,1122.22,1107.18,1122.22,0,0
PCF_MV,D,20230309,000000,1122.22,1122.22,1083.11,1099.66,0,0
PCF_MV,D,20230310,000000,1081.6,1101.16,1069.57,1087.62,0,0
PCF_MV,D,20230313,000000,1084.61,1084.61,1059.04,1075.59,0,0
PCF_MV,D,20230314,000000,1075.59,1075.59,1059.04,1072.58,0,0
PCF_MV,D,20230315,000000,1072.58,1072.58,1028.95,1051.52,0,0
PCF_MV,D,20230316,000000,1051.52,1051.52,1027.45,1051.52,0,0
PCF_MV,D,20230317,000000,1051.52,1075.59,1051.52,1053.02,0,0
PCF_MV,D,20230320,000000,1053.02,1083.11,1053.02,1083.11,0,0
PCF_MV,D,20230321,000000,1113.19,1123.72,1060.54,1123.72,0,0
PCF_MV,D,20230322,000000,1122.22,1140.27,1113.19,1140.27,0,0
PCF_MV,D,20230323,000000,1116.2,1140.27,1114.7,1140.27,0,0
PCF_MV,D,20230324,000000,1140.27,1140.27,1114.7,1137.26,0,0
PCF_MV,D,20230327,000000,1140.27,1140.27,1107.18,1116.2,0,0
PCF_MV,D,20230328,000000,1116.2,1116.2,1099.66,1105.67,0,0
PCF_MV,D,20230329,000000,1203.45,1256.1,1150.8,1232.04,0,0
PCF_MV,D,20230330,000000,1233.54,1239.56,1189.91,1218.5,0,0
PCF_MV,D,20230331,000000,1218.5,1218.5,1203.45,1206.46,0,0
PCF_MV,D,20230403,000000,1229.03,1229.03,1200.44,1203.45,0,0
PCF_MV,D,20230404,000000,1209.47,1209.47,1188.41,1191.42,0,0
PCF_MV,D,20230405,000000,1203.45,1203.45,1161.33,1179.38,0,0
PCF_MV,D,20230406,000000,1185.4,1185.4,1155.32,1155.32,0,0
PCF_MV,D,20230411,000000,1155.32,1201.95,1155.32,1170.36,0,0
PCF_MV,D,20230412,000000,1171.86,1177.88,1162.84,1167.35,0,0
PCF_MV,D,20230413,000000,1173.37,1185.4,1164.34,1185.4,0,0
PCF_MV,D,20230414,000000,1173.37,1203.45,1173.37,1173.37,0,0
PCF_MV,D,20230417,000000,1176.38,1200.44,1174.87,1194.43,0,0
PCF_MV,D,20230418,000000,1194.43,1194.43,1155.32,1155.32,0,0
PCF_MV,D,20230419,000000,1155.32,1173.37,1155.32,1173.37,0,0
PCF_MV,D,20230420,000000,1173.37,1173.37,1156.82,1173.37,0,0
PCF_MV,D,20230421,000000,1173.37,1173.37,1155.32,1158.32,0,0
PCF_MV,D,20230424,000000,1167.35,1167.35,1150.8,1150.8,0,0
PCF_MV,D,20230425,000000,1149.3,1164.34,1149.3,1149.3,0,0
PCF_MV,D,20230426,000000,1149.3,1152.31,1144.78,1144.78,0,0
PCF_MV,D,20230427,000000,1146.29,1146.29,1105.67,1140.27,0,0
PCF_MV,D,20230428,000000,1152.31,1167.35,1125.23,1164.34,0,0
PCF_MV,D,20230502,000000,1164.34,1233.54,1155.32,1200.44,0,0
PCF_MV,D,20230504,000000,1209.47,1218.5,1197.44,1206.46,0,0
PCF_MV,D,20230505,000000,1206.46,1206.46,1174.87,1197.44,0,0
PCF_MV,D,20230508,000000,1203.45,1227.52,1173.37,1209.47,0,0
PCF_MV,D,20230509,000000,1209.47,1229.03,1200.44,1229.03,0,0
PCF_MV,D,20230510,000000,1229.03,1232.04,1203.45,1230.53,0,0
PCF_MV,D,20230511,000000,1203.45,1232.04,1203.45,1229.03,0,0
PCF_MV,D,20230512,000000,1229.03,1232.04,1210.97,1232.04,0,0
PCF_MV,D,20230515,000000,1232.04,1232.04,1210.97,1227.52,0,0
PCF_MV,D,20230516,000000,1224.51,1229.03,1224.51,1226.02,0,0
PCF_MV,D,20230517,000000,1203.45,1216.99,1203.45,1207.97,0,0
PCF_MV,D,20230518,000000,1226.02,1230.53,1192.92,1230.53,0,0
PCF_MV,D,20230519,000000,1230.53,1248.58,1227.52,1248.58,0,0
PCF_MV,D,20230522,000000,1247.08,1247.08,1206.46,1224.51,0,0
PCF_MV,D,20230523,000000,1230.53,1230.53,1186.91,1216.99,0,0
PCF_MV,D,20230524,000000,1213.98,1213.98,1185.4,1212.48,0,0
PCF_MV,D,20230525,000000,1212.48,1212.48,1188.41,1197.44,0,0
PCF_MV,D,20230526,000000,1203.45,1203.45,1179.38,1203.45,0,0
PCF_MV,D,20230529,000000,1180.89,1200.44,1176.38,1180.89,0,0
PCF_MV,D,20230530,000000,1197.44,1197.44,1173.37,1174.87,0,0
PCF_MV,D,20230531,000000,1176.38,1185.4,1173.37,1173.37,0,0
PCF_MV,D,20230601,000000,1173.37,1226.02,1173.37,1197.44,0,0
PCF_MV,D,20230602,000000,1203.45,1227.52,1183.9,1227.52,0,0
PCF_MV,D,20230605,000000,1227.52,1227.52,1188.41,1188.41,0,0
PCF_MV,D,20230606,000000,1189.91,1241.06,1189.91,1233.54,0,0
PCF_MV,D,20230607,000000,1241.06,1269.64,1241.06,1268.14,0,0
PCF_MV,D,20230609,000000,1268.14,1299.73,1263.63,1293.71,0,0
PCF_MV,D,20230612,000000,1293.71,1293.71,1257.61,1278.67,0,0
PCF_MV,D,20230613,000000,1278.67,1278.67,1213.98,1227.52,0,0
PCF_MV,D,20230614,000000,1227.52,1310.26,1198.94,1278.67,0,0
PCF_MV,D,20230615,000000,1305.75,1352.38,1278.67,1329.82,0,0
PCF_MV,D,20230616,000000,1335.83,1383.97,1311.76,1377.95,0,0
PCF_MV,D,20230619,000000,1420.07,1457.68,1388.48,1444.14,0,0
PCF_MV,D,20230620,000000,1444.14,1444.14,1383.97,1405.03,0,0
PCF_MV,D,20230621,000000,1383.97,1396.01,1361.41,1380.96,0,0
PCF_MV,D,20230622,000000,1359.9,1517.69,1358.4,1517.69,0,0
PCF_MV,D,20230623,000000,1517.69,1521.04,1455.85,1470.89,0,0
PCF_MV,D,20230626,000000,1467.55,1467.55,1404.03,1440.81,0,0
PCF_MV,D,20230627,000000,1437.46,1497.64,1412.39,1497.64,0,0
PCF_MV,D,20230628,000000,1502.65,1571.18,1489.28,1571.18,0,0
PCF_MV,D,20230629,000000,1571.18,1621.32,1537.75,1621.32,0,0
PCF_MV,D,20230630,000000,1621.32,1654.75,1602.94,1654.75,0,0
PCF_MV,D,20230703,000000,1654.75,1654.75,1592.91,1604.61,0,0
PCF_MV,D,20230704,000000,1604.61,1628.01,1542.77,1547.78,0,0
PCF_MV,D,20230705,000000,1594.58,1594.58,1549.45,1551.12,0,0
PCF_MV,D,20230706,000000,1549.45,1561.15,1517.69,1542.77,0,0
PCF_MV,D,20230707,000000,1542.77,1542.77,1511.01,1534.41,0,0
PCF_MV,D,20230710,000000,1514.35,1521.04,1454.18,1517.69,0,0
PCF_MV,D,20230711,000000,1437.46,1449.16,1420.75,1432.45,0,0
PCF_MV,D,20230712,000000,1432.45,1462.53,1420.75,1420.75,0,0
PCF_MV,D,20230713,000000,1445.82,1450.83,1424.09,1424.09,0,0
PCF_MV,D,20230714,000000,1444.15,1470.89,1422.42,1470.89,0,0
PCF_MV,D,20230717,000000,1440.81,1467.55,1440.81,1459.19,0,0
PCF_MV,D,20230718,000000,1470.89,1470.89,1427.43,1437.46,0,0
PCF_MV,D,20230719,000000,1435.79,1454.18,1420.75,1440.81,0,0
PCF_MV,D,20230720,000000,1439.13,1440.81,1424.09,1437.46,0,0
PCF_MV,D,20230721,000000,1439.13,1439.13,1420.75,1420.75,0,0
PCF_MV,D,20230724,000000,1434.12,1439.13,1420.75,1437.46,0,0
PCF_MV,D,20230725,000000,1437.46,1449.16,1429.11,1430.78,0,0
PCF_MV,D,20230726,000000,1427.43,1450.83,1424.09,1437.46,0,0
PCF_MV,D,20230727,000000,1427.43,1445.82,1424.09,1444.15,0,0
PCF_MV,D,20230728,000000,1442.48,1442.48,1414.06,1435.79,0,0
PCF_MV,D,20230731,000000,1437.46,1437.46,1410.72,1430.78,0,0
PCF_MV,D,20230801,000000,1427.43,1427.43,1404.03,1409.05,0,0
PCF_MV,D,20230802,000000,1419.08,1419.08,1387.32,1387.32,0,0
PCF_MV,D,20230803,000000,1387.32,1404.03,1373.95,1404.03,0,0
PCF_MV,D,20230804,000000,1417.41,1430.8,1415.73,1420.8,0,0
PCF_MV,D,20230807,000000,1397.3,1437.5,1397.3,1437.5,0,0
PCF_MV,D,20230808,000000,1437.5,1437.5,1404,1429.1,0,0
PCF_MV,D,20230809,000000,1420.7,1432.5,1407.4,1432.5,0,0
PCF_MV,D,20230810,000000,1424.1,1424.1,1382.3,1387.3,0,0
PCF_MV,D,20230811,000000,1387.3,1394,1377.3,1384,0,0
PCF_MV,D,20230814,000000,1377.3,1400.7,1370.6,1400.7,0,0
PCF_MV,D,20230816,000000,1387.3,1419.1,1358.9,1387.3,0,0
PCF_MV,D,20230817,000000,1385.6,1397.3,1358.9,1394,0,0
PCF_MV,D,20230818,000000,1392.3,1392.3,1365.6,1379,0,0
PCF_MV,D,20230821,000000,1379,1404,1379,1404,0,0
PCF_MV,D,20230822,000000,1404,1404,1387.3,1387.3,0,0
PCF_MV,D,20230823,000000,1387.3,1387.3,1370.6,1387.3,0,0
PCF_MV,D,20230824,000000,1404,1404,1363.9,1363.9,0,0
PCF_MV,D,20230825,000000,1365.6,1385.7,1363.9,1385.7,0,0
PCF_MV,D,20230828,000000,1370.6,1491.5,1370.6,1491.5,0,0
PCF_MV,D,20230829,000000,1507.7,1507.7,1461,1504.1,0,0
PCF_MV,D,20230830,000000,1504.1,1504.1,1459.2,1500.5,0,0
PCF_MV,D,20230831,000000,1500.5,1541.8,1500.5,1509.5,0,0
PCF_MV,D,20230901,000000,1505.9,1509.5,1493.3,1509.5,0,0
PCF_MV,D,20230904,000000,1493.3,1538.2,1493.3,1538.2,0,0
PCF_MV,D,20230905,000000,1538.2,1538.2,1511.3,1527.5,0,0
PCF_MV,D,20230906,000000,1527.5,1527.5,1491.5,1491.5,0,0
PCF_MV,D,20230907,000000,1491.5,1523.9,1491.5,1513.1,0,0
PCF_MV,D,20230908,000000,1513.1,1518.5,1478.9,1518.5,0,0
PCF_MV,D,20230911,000000,1514.9,1514.9,1480.7,1482.5,0,0
PCF_MV,D,20230912,000000,1514.9,1514.9,1462.8,1462.8,0,0
PCF_MV,D,20230913,000000,1446.6,1455.6,1441.2,1444.8,0,0
PCF_MV,D,20230914,000000,1444.8,1444.8,1430.4,1444.8,0,0
PCF_MV,D,20230915,000000,1444.8,1444.8,1426.8,1444.8,0,0
PCF_MV,D,20230918,000000,1437.6,1482.5,1437.6,1437.6,0,0
PCF_MV,D,20230919,000000,1437.6,1464.6,1421.4,1437.6,0,0
PCF_MV,D,20230920,000000,1441.2,1441.2,1421.4,1437.6,0,0
PCF_MV,D,20230921,000000,1421.4,1437.6,1419.6,1437.6,0,0
PCF_MV,D,20230922,000000,1389.1,1394.5,1329.8,1394.5,0,0
PCF_MV,D,20230925,000000,1394.5,1394.5,1349.6,1365.7,0,0
PCF_MV,D,20230926,000000,1374.7,1399.9,1347.8,1394.5,0,0
PCF_MV,D,20230927,000000,1396.3,1396.3,1337,1374.7,0,0
PCF_MV,D,20230928,000000,1337,1374.7,1324.4,1347.8,0,0
PCF_MV,D,20230929,000000,1347.8,1374.7,1326.2,1362.1,0,0
PCF_MV,D,20231002,000000,1363.9,1363.9,1315.4,1347.8,0,0
PCF_MV,D,20231003,000000,1311.8,1347.8,1239.9,1239.9,0,0
PCF_MV,D,20231004,000000,1257.9,1257.9,1243.5,1243.5,0,0
PCF_MV,D,20231005,000000,1243.5,1261.5,1229.2,1239.9,0,0
PCF_MV,D,20231006,000000,1265.1,1265.1,1202.2,1222,0,0
PCF_MV,D,20231009,000000,1236.3,1236.3,1196.8,1218.4,0,0
PCF_MV,D,20231010,000000,1222,1248.9,1187.8,1214.8,0,0
PCF_MV,D,20231011,000000,1216.6,1216.6,1193.2,1207.6,0,0
PCF_MV,D,20231012,000000,1193.2,1241.7,1193.2,1239.9,0,0
PCF_MV,D,20231013,000000,1222,1229.2,1186,1193.2,0,0
PCF_MV,D,20231016,000000,1236.3,1236.3,1193.2,1196.8,0,0
PCF_MV,D,20231017,000000,1160.9,1166.3,1132.1,1157.3,0,0
PCF_MV,D,20231018,000000,1157.3,1236.4,1135.7,1236.4,0,0
PCF_MV,D,20231019,000000,1222,1365.7,1195,1365.7,0,0
PCF_MV,D,20231020,000000,1351.4,1351.4,1239.9,1351.4,0,0
PCF_MV,D,20231023,000000,1337,1337,1279.5,1337,0,0
PCF_MV,D,20231024,000000,1337,1401.7,1288.5,1401.7,0,0
PCF_MV,D,20231025,000000,1333.4,1416,1333.4,1401.7,0,0
PCF_MV,D,20231026,000000,1401.7,1401.7,1365.7,1365.7,0,0
PCF_MV,D,20231027,000000,1365.7,1365.7,1329.8,1355,0,0
PCF_MV,D,20231030,000000,1304.6,1381.9,1295.6,1365.7,0,0
PCF_MV,D,20231031,000000,1383.7,1383.7,1354.9,1380.1,0,0
PCF_MV,D,20231102,000000,1398.1,1401.7,1319,1383.7,0,0
PCF_MV,D,20231103,000000,1398.1,1398.1,1335.2,1398.1,0,0
PCF_MV,D,20231106,000000,1358.5,1380.1,1335.2,1376.5,0,0
PCF_MV,D,20231107,000000,1369.3,1369.3,1338.8,1362.1,0,0
PCF_MV,D,20231108,000000,1363.9,1363.9,1329.8,1351.4,0,0
PCF_MV,D,20231109,000000,1337,1337,1275.9,1277.7,0,0
PCF_MV,D,20231110,000000,1293.8,1311.8,1261.5,1311.8,0,0
PCF_MV,D,20231113,000000,1311.8,1319,1277.7,1315.4,0,0
PCF_MV,D,20231114,000000,1328,1329.8,1283.1,1329.8,0,0
PCF_MV,D,20231115,000000,1329.8,1329.8,1324.4,1329.8,0,0
PCF_MV,D,20231116,000000,1329.8,1329.8,1275.9,1275.9,0,0
PCF_MV,D,20231117,000000,1275.9,1328,1265.1,1328,0,0
PCF_MV,D,20231120,000000,1292.1,1328,1274.1,1328,0,0
PCF_MV,D,20231121,000000,1328,1328,1268.7,1308.2,0,0
PCF_MV,D,20231122,000000,1308.2,1326.2,1306.4,1326.2,0,0
PCF_MV,D,20231123,000000,1326.2,1328,1275.9,1322.6,0,0
PCF_MV,D,20231124,000000,1328,1328,1320.8,1328,0,0
PCF_MV,D,20231127,000000,1293.8,1293.8,1254.3,1254.3,0,0
PCF_MV,D,20231128,000000,1252.5,1275.9,1229.2,1275.9,0,0
PCF_MV,D,20231129,000000,1236.3,1236.3,1074.6,1078.2,0,0
PCF_MV,D,20231130,000000,1078.2,1114.2,1033.3,1114.2,0,0
PCF_MV,D,20231201,000000,1096.2,1114.2,1063.8,1078.2,0,0
PCF_MV,D,20231204,000000,1078.2,1078.2,1031.5,1042.3,0,0
PCF_MV,D,20231205,000000,1042.3,1042.3,938.04,948.82,0,0
PCF_MV,D,20231206,000000,941.64,947.03,916.48,923.66,0,0
PCF_MV,D,20231207,000000,912.88,925.46,884.13,921.87,0,0
PCF_MV,D,20231208,000000,920.07,921.87,900.3,914.68,0,0
PCF_MV,D,20231211,000000,916.48,925.46,894.91,920.07,0,0
PCF_MV,D,20231212,000000,923.66,984.76,923.66,970.39,0,0
PCF_MV,D,20231213,000000,968.59,1015.3,939.84,1009.9,0,0
PCF_MV,D,20231214,000000,1006.3,1089,1006.3,1067.4,0,0
PCF_MV,D,20231215,000000,1067.4,1071,1009.9,1071,0,0
PCF_MV,D,20231218,000000,1063.8,1085.4,1045.9,1047.7,0,0
PCF_MV,D,20231219,000000,1060.2,1060.2,1024.3,1040.5,0,0
PCF_MV,D,20231220,000000,1038.7,1038.7,970.39,1009.9,0,0
PCF_MV,D,20231221,000000,1031.5,1071,1027.9,1071,0,0
PCF_MV,D,20231222,000000,1142.9,1142.9,1071,1103.4,0,0
PCF_MV,D,20231227,000000,1142.9,1142.9,1114.1,1114.2,0,0
PCF_MV,D,20231228,000000,1142.9,1177,1117.7,1168.1,0,0
PCF_MV,D,20231229,000000,1155.5,1164.5,1058.4,1058.4,0,0
PCF_MV,D,20240102,000000,1067.4,1103.4,1058.4,1103.4,0,0
PCF_MV,D,20240103,000000,1101.6,1137.5,1101.6,1126.7,0,0
PCF_MV,D,20240104,000000,1126.7,1144.7,1101.6,1101.6,0,0
PCF_MV,D,20240105,000000,1092.6,1132.1,1092.6,1112.4,0,0
PCF_MV,D,20240108,000000,1112.4,1112.4,1081.8,1096.2,0,0
PCF_MV,D,20240109,000000,1096.2,1108.8,1087.2,1090.8,0,0
PCF_MV,D,20240110,000000,1090.8,1114.2,1058.4,1114.2,0,0
PCF_MV,D,20240111,000000,1110.6,1112.4,1090.8,1112.4,0,0
PCF_MV,D,20240112,000000,1112.4,1112.4,1062,1062,0,0
PCF_MV,D,20240115,000000,1062,1087.2,1062,1071,0,0
PCF_MV,D,20240116,000000,1071,1071,1053,1069.2,0,0
PCF_MV,D,20240117,000000,1069.2,1069.2,1027.9,1042.3,0,0
PCF_MV,D,20240118,000000,1042.3,1042.3,1033.3,1035.1,0,0
PCF_MV,D,20240119,000000,1038.7,1045.9,1020.7,1045.9,0,0
PCF_MV,D,20240122,000000,1042.3,1042.3,1017.1,1017.1,0,0
PCF_MV,D,20240123,000000,1018.9,1035.1,1008.1,1008.1,0,0
PCF_MV,D,20240124,000000,1008.1,1018.9,1002.7,1006.3,0,0
PCF_MV,D,20240125,000000,1020.7,1020.7,963.2,970.39,0,0
PCF_MV,D,20240126,000000,977.58,984.76,948.82,981.17,0,0
PCF_MV,D,20240129,000000,968.59,999.14,957.81,988.36,0,0
PCF_MV,D,20240130,000000,988.36,988.36,984.76,984.76,0,0
PCF_MV,D,20240131,000000,984.76,1002.7,981.17,995.55,0,0
PCF_MV,D,20240201,000000,995.55,995.55,948.82,988.36,0,0
PCF_MV,D,20240202,000000,995.55,995.55,963.2,973.98,0,0
PCF_MV,D,20240205,000000,991.95,991.95,952.42,970.39,0,0
PCF_MV,D,20240206,000000,970.39,970.39,943.43,945.23,0,0
PCF_MV,D,20240207,000000,963.2,963.2,927.26,956.01,0,0
PCF_MV,D,20240208,000000,956.01,956.01,927.26,930.85,0,0
PCF_MV,D,20240209,000000,934.45,952.42,934.45,934.45,0,0
PCF_MV,D,20240212,000000,936.24,947.03,929.06,947.03,0,0
PCF_MV,D,20240213,000000,947.03,947.03,927.26,927.26,0,0
PCF_MV,D,20240214,000000,925.46,954.21,925.46,934.45,0,0
PCF_MV,D,20240215,000000,930.85,934.45,918.27,934.45,0,0
PCF_MV,D,20240216,000000,934.45,934.45,911.09,916.48,0,0
PCF_MV,D,20240219,000000,916.48,916.48,905.69,912.88,0,0
PCF_MV,D,20240220,000000,907.49,916.48,902.1,902.1,0,0
PCF_MV,D,20240221,000000,902.1,912.88,898.51,902.1,0,0
PCF_MV,D,20240222,000000,902.1,902.1,880.54,896.71,0,0
PCF_MV,D,20240223,000000,882.33,885.93,867.96,867.96,0,0
PCF_MV,D,20240226,000000,873.35,893.12,873.35,891.32,0,0
PCF_MV,D,20240227,000000,884.13,884.13,869.75,882.33,0,0
PCF_MV,D,20240228,000000,875.15,875.15,862.57,866.16,0,0
PCF_MV,D,20240229,000000,873.35,875.15,862.57,862.57,0,0
PCF_MV,D,20240301,000000,862.57,873.35,860.77,873.35,0,0
PCF_MV,D,20240304,000000,873.35,873.35,864.36,873.35,0,0
PCF_MV,D,20240305,000000,873.35,873.35,841,848.19,0,0
PCF_MV,D,20240306,000000,848.19,860.77,844.6,860.77,0,0
PCF_MV,D,20240307,000000,860.77,862.57,837.41,862.57,0,0
PCF_MV,D,20240308,000000,869.75,869.75,851.78,851.78,0,0
PCF_MV,D,20240311,000000,851.78,860.77,837.41,849.99,0,0
PCF_MV,D,20240312,000000,855.38,855.38,844.6,853.58,0,0
PCF_MV,D,20240313,000000,855.38,855.38,826.63,828.42,0,0
PCF_MV,D,20240314,000000,828.42,862.57,828.42,848.19,0,0
PCF_MV,D,20240315,000000,858.97,862.57,826.63,851.78,0,0
PCF_MV,D,20240318,000000,844.6,849.99,794.28,833.81,0,0
PCF_MV,D,20240319,000000,819.44,830.22,776.31,810.45,0,0
PCF_MV,D,20240320,000000,812.25,851.78,812.25,851.78,0,0
PCF_MV,D,20240321,000000,851.78,851.78,824.83,824.83,0,0
PCF_MV,D,20240322,000000,844.6,844.6,812.25,832.02,0,0
PCF_MV,D,20240325,000000,832.02,833.81,772.72,772.72,0,0
PCF_MV,D,20240326,000000,772.72,788.89,772.72,788.89,0,0
PCF_MV,D,20240327,000000,788.89,821.24,776.31,776.31,0,0
PCF_MV,D,20240328,000000,808.66,808.66,772.72,794.28,0,0
PCF_MV,D,20240402,000000,790.69,805.06,776.31,801.47,0,0
PCF_MV,D,20240403,000000,801.47,805.06,792.48,794.28,0,0
PCF_MV,D,20240404,000000,794.28,803.27,767.32,794.28,0,0
PCF_MV,D,20240405,000000,797.87,801.47,778.11,801.47,0,0
PCF_MV,D,20240408,000000,754.75,754.75,693.65,710.18,0,0
PCF_MV,D,20240409,000000,704.43,727.79,692.21,692.93,0,0
PCF_MV,D,20240410,000000,697.24,697.96,683.58,686.46,0,0
PCF_MV,D,20240411,000000,686.46,688.62,682.87,685.02,0,0
PCF_MV,D,20240412,000000,686.46,687.9,682.87,683.58,0,0
PCF_MV,D,20240415,000000,683.58,683.58,642.61,646.92,0,0
PCF_MV,D,20240416,000000,664.18,664.18,646.92,659.14,0,0
PCF_MV,D,20240417,000000,659.14,682.87,659.14,677.83,0,0
PCF_MV,D,20240418,000000,679.27,679.99,647.64,647.64,0,0
PCF_MV,D,20240419,000000,646.92,664.9,646.92,646.92,0,0
PCF_MV,D,20240422,000000,646.92,648.36,635.42,646.92,0,0
PCF_MV,D,20240423,000000,646.92,651.96,607.39,628.95,0,0
PCF_MV,D,20240424,000000,628.95,639.74,611.7,639.74,0,0
PCF_MV,D,20240425,000000,628.24,628.24,611.7,628.24,0,0
PCF_MV,D,20240426,000000,628.24,639.02,613.86,639.02,0,0
PCF_MV,D,20240429,000000,639.02,675.68,632.55,673.52,0,0
PCF_MV,D,20240430,000000,668.49,668.49,618.17,663.46,0,0
PCF_MV,D,20240502,000000,663.46,663.46,622.49,636.14,0,0
PCF_MV,D,20240506,000000,631.83,631.83,610.27,610.98,0,0
PCF_MV,D,20240507,000000,612.42,628.95,611.7,628.24,0,0
PCF_MV,D,20240508,000000,628.24,628.24,604.52,607.39,0,0
PCF_MV,D,20240509,000000,606.67,606.67,582.23,586.55,0,0
PCF_MV,D,20240510,000000,592.3,607.39,581.51,587.26,0,0
PCF_MV,D,20240513,000000,587.26,608.11,575.04,603.8,0,0
PCF_MV,D,20240514,000000,603.8,626.08,584.39,601.64,0,0
PCF_MV,D,20240515,000000,610.98,611.7,592.3,599.48,0,0
PCF_MV,D,20240516,000000,599.48,603.8,575.04,584.39,0,0
PCF_MV,D,20240517,000000,584.39,595.17,584.39,586.55,0,0
PCF_MV,D,20240520,000000,585.83,593.01,585.83,593.01,0,0
PCF_MV,D,20240521,000000,593.01,610.98,593.01,610.98,0,0
PCF_MV,D,20240522,000000,610.27,610.27,594.45,605.23,0,0
PCF_MV,D,20240523,000000,605.23,610.27,598.76,608.83,0,0
PCF_MV,D,20240524,000000,608.11,608.11,595.17,602.36,0,0
PCF_MV,D,20240527,000000,602.36,608.11,596.61,596.61,0,0
PCF_MV,D,20240528,000000,639.74,697.24,633.27,682.87,0,0
PCF_MV,D,20240529,000000,690.05,711.62,682.87,685.02,0,0
PCF_MV,D,20240531,000000,684.3,684.3,660.58,664.9,0,0
PCF_MV,D,20240603,000000,668.49,668.49,648.36,666.33,0,0
PCF_MV,D,20240604,000000,664.9,668.49,657.71,668.49,0,0
PCF_MV,D,20240605,000000,652.68,668.49,652.68,652.68,0,0
PCF_MV,D,20240606,000000,652.68,652.68,618.89,623.92,0,0
PCF_MV,D,20240607,000000,635.42,635.42,607.39,631.83,0,0
PCF_MV,D,20240610,000000,616.02,621.77,615.3,621.77,0,0
PCF_MV,D,20240611,000000,621.77,621.77,610.98,621.05,0,0
PCF_MV,D,20240612,000000,621.05,621.05,608.83,621.05,0,0
PCF_MV,D,20240613,000000,621.77,621.77,600.2,618.17,0,0
PCF_MV,D,20240614,000000,618.17,631.11,598.05,631.11,0,0
PCF_MV,D,20240617,000000,631.83,631.83,628.95,631.83,0,0
PCF_MV,D,20240618,000000,631.83,634.71,630.39,634.71,0,0
PCF_MV,D,20240619,000000,615.3,674.96,615.3,674.96,0,0
PCF_MV,D,20240620,000000,675.68,689.33,675.68,677.83,0,0
PCF_MV,D,20240621,000000,677.83,677.83,659.86,675.68,0,0
PCF_MV,D,20240624,000000,664.9,691.49,657.71,691.49,0,0
PCF_MV,D,20240625,000000,690.77,691.49,668.49,686.46,0,0
PCF_MV,D,20240626,000000,686.46,686.46,647.64,679.99,0,0
PCF_MV,D,20240627,000000,681.43,686.46,679.99,686.46,0,0
PCF_MV,D,20240628,000000,686.46,686.46,667.05,677.11,0,0
PCF_MV,D,20240701,000000,677.11,686.46,677.11,686.46,0,0
PCF_MV,D,20240702,000000,686.46,686.46,648.36,662.74,0,0
PCF_MV,D,20240703,000000,664.18,685.02,664.18,685.02,0,0
PCF_MV,D,20240704,000000,667.05,682.87,667.05,682.15,0,0
PCF_MV,D,20240705,000000,681.43,682.15,673.52,674.24,0,0
PCF_MV,D,20240708,000000,682.15,682.15,673.52,682.15,0,0
PCF_MV,D,20240709,000000,682.87,682.87,658.43,679.27,0,0
PCF_MV,D,20240710,000000,681.43,681.43,662.02,678.55,0,0
PCF_MV,D,20240711,000000,678.55,678.55,672.8,672.8,0,0
PCF_MV,D,20240712,000000,668.49,681.43,664.18,673.52,0,0
PCF_MV,D,20240715,000000,673.52,675.68,672.08,672.08,0,0
PCF_MV,D,20240716,000000,672.08,672.8,657.71,667.05,0,0
PCF_MV,D,20240717,000000,668.49,668.49,659.14,659.14,0,0
PCF_MV,D,20240718,000000,664.18,665.61,657.71,665.61,0,0
PCF_MV,D,20240719,000000,665.61,665.61,649.08,649.08,0,0
PCF_MV,D,20240722,000000,647.64,669.93,647.64,669.93,0,0
PCF_MV,D,20240723,000000,669.93,680.71,628.95,664.18,0,0
PCF_MV,D,20240724,000000,663.46,663.46,637.58,652.68,0,0
PCF_MV,D,20240725,000000,652.68,652.68,632.55,639.02,0,0
PCF_MV,D,20240726,000000,643.33,654.11,632.55,632.55,0,0
PCF_MV,D,20240729,000000,632.55,650.52,632.55,650.52,0,0
PCF_MV,D,20240730,000000,650.52,650.52,633.27,642.61,0,0
PCF_MV,D,20240731,000000,650.52,650.52,646.21,646.21,0,0
PCF_MV,D,20240801,000000,647.64,650.52,637.58,637.58,0,0
PCF_MV,D,20240802,000000,650.52,650.52,637.58,637.58,0,0
PCF_MV,D,20240805,000000,636.14,636.14,614.58,614.58,0,0
PCF_MV,D,20240806,000000,614.58,621.77,610.98,610.98,0,0
PCF_MV,D,20240807,000000,610.98,626.08,610.98,613.14,0,0
PCF_MV,D,20240808,000000,614.58,626.08,610.98,611.7,0,0
PCF_MV,D,20240809,000000,612.42,612.42,605.23,605.23,0,0
PCF_MV,D,20240812,000000,605.95,620.33,603.8,610.27,0,0
PCF_MV,D,20240813,000000,603.8,610.98,585.83,610.98,0,0
PCF_MV,D,20240814,000000,610.98,610.98,593.01,593.01,0,0
PCF_MV,D,20240816,000000,593.01,610.98,593.01,602.36,0,0
PCF_MV,D,20240819,000000,602.36,610.98,602.36,608.83,0,0
PCF_MV,D,20240820,000000,603.8,610.98,603.8,610.27,0,0
PCF_MV,D,20240821,000000,607.39,610.98,593.01,607.39,0,0
PCF_MV,D,20240822,000000,587.26,606.67,585.83,591.58,0,0
PCF_MV,D,20240823,000000,603.8,603.8,586.55,598.76,0,0
PCF_MV,D,20240826,000000,587.26,605.95,587.26,605.23,0,0
PCF_MV,D,20240827,000000,605.23,605.23,603.8,603.8,0,0
PCF_MV,D,20240828,000000,603.8,610.98,593.01,607.39,0,0
PCF_MV,D,20240829,000000,583.67,593.01,579.36,593.01,0,0
PCF_MV,D,20240830,000000,593.01,598.76,585.83,598.76,0,0
PCF_MV,D,20240902,000000,602.36,610.98,596.61,596.61,0,0
PCF_MV,D,20240903,000000,596.61,605.23,594.45,605.23,0,0
PCF_MV,D,20240904,000000,605.23,605.23,587.26,603.8,0,0
PCF_MV,D,20240905,000000,588.7,605.23,588.7,603.8,0,0
PCF_MV,D,20240906,000000,603.8,606.67,596.61,606.67,0,0
PCF_MV,D,20240909,000000,603.8,603.8,600.2,600.2,0,0
PCF_MV,D,20240910,000000,600.92,606.67,600.92,606.67,0,0
PCF_MV,D,20240911,000000,606.67,606.67,581.51,593.73,0,0
PCF_MV,D,20240912,000000,593.01,593.01,566.42,572.89,0,0
PCF_MV,D,20240913,000000,571.45,581.51,571.45,572.17,0,0
PCF_MV,D,20240916,000000,572.17,582.95,571.45,572.17,0,0
PCF_MV,D,20240917,000000,572.17,581.51,572.17,572.89,0,0
PCF_MV,D,20240918,000000,572.89,582.23,566.42,570.73,0,0
PCF_MV,D,20240919,000000,571.45,571.45,553.48,562.82,0,0
PCF_MV,D,20240920,000000,564.26,564.26,543.42,546.29,0,0
PCF_MV,D,20240923,000000,535.51,535.51,518.98,526.88,0,0
PCF_MV,D,20240924,000000,534.07,534.07,520.42,534.07,0,0
PCF_MV,D,20240925,000000,533.35,533.35,518.98,518.98,0,0
PCF_MV,D,20240926,000000,518.98,526.88,517.54,517.54,0,0
PCF_MV,D,20240927,000000,526.88,528.32,516.1,524.73,0,0
PCF_MV,D,20240930,000000,520.42,524.01,511.07,521.13,0,0
PCF_MV,D,20241001,000000,506.76,518.98,481.6,481.6,0,0
PCF_MV,D,20241002,000000,481.6,490.94,460.04,460.75,0,0
PCF_MV,D,20241003,000000,463.63,467.22,449.25,455,0,0
PCF_MV,D,20241004,000000,455,466.5,449.25,457.88,0,0
PCF_MV,D,20241007,000000,457.88,457.88,434.88,434.88,0,0
PCF_MV,D,20241008,000000,452.13,452.13,413.31,413.31,0,0
PCF_MV,D,20241009,000000,426.97,426.97,409.72,409.72,0,0
PCF_MV,D,20241010,000000,413.31,413.31,395.34,395.34,0,0
PCF_MV,D,20241011,000000,395.34,396.78,357.97,380.97,0,0
PCF_MV,D,20241014,000000,379.53,393.91,372.34,388.15,0,0
PCF_MV,D,20241015,000000,381.69,429.85,381.69,414.75,0,0
PCF_MV,D,20241016,000000,414.75,432,414.75,417.63,0,0
PCF_MV,D,20241017,000000,417.63,427.69,402.53,413.31,0,0
PCF_MV,D,20241018,000000,413.31,413.31,398.94,413.31,0,0
PCF_MV,D,20241021,000000,413.31,413.31,397.5,410.44,0,0
PCF_MV,D,20241022,000000,409.72,413.31,399.66,409,0,0
PCF_MV,D,20241023,000000,409,426.97,398.22,410.44,0,0
PCF_MV,D,20241024,000000,410.44,414.03,390.31,412.59,0,0
PCF_MV,D,20241025,000000,408.28,408.28,393.91,407.56,0,0
PCF_MV,D,20241028,000000,406.84,408.28,395.34,408.28,0,0
PCF_MV,D,20241029,000000,409,409,398.94,406.13,0,0
PCF_MV,D,20241030,000000,406.13,415.47,406.13,406.13,0,0
PCF_MV,D,20241031,000000,406.13,415.47,391.75,395.34,0,0
PCF_MV,D,20241104,000000,380.97,403.97,368.03,380.25,0,0
PCF_MV,D,20241105,000000,383.12,383.12,380.25,381.69,0,0
PCF_MV,D,20241106,000000,381.69,386.72,381.69,386.72,0,0
PCF_MV,D,20241107,000000,387.44,387.44,377.37,384.56,0,0
PCF_MV,D,20241108,000000,384.56,401.81,384.56,393.91,0,0
PCF_MV,D,20241112,000000,381.69,393.19,381.69,382.4,0,0
PCF_MV,D,20241113,000000,380.97,387.44,380.25,387.44,0,0
PCF_MV,D,20241114,000000,381.69,391.03,342.51,359.4,0,0
PCF_MV,D,20241115,000000,366.59,366.59,332.45,342.51,0,0
PCF_MV,D,20241118,000000,351.86,351.86,307.29,310.88,0,0
PCF_MV,D,20241119,000000,314.48,326.7,314.48,319.87,0,0
PCF_MV,D,20241120,000000,319.87,324.9,319.87,320.59,0,0
PCF_MV,D,20241121,000000,323.46,326.7,320.59,323.46,0,0
PCF_MV,D,20241122,000000,323.46,342.87,323.46,333.89,0,0
PCF_MV,D,20241125,000000,324.9,341.07,324.9,340.71,0,0
PCF_MV,D,20241126,000000,328.49,334.24,328.49,332.45,0,0
PCF_MV,D,20241127,000000,332.45,338.2,228.22,267.76,0,0
PCF_MV,D,20241128,000000,269.55,275.66,252.3,272.79,0,0
PCF_MV,D,20241129,000000,277.1,332.09,277.1,290.04,0,0
PCF_MV,D,20241202,000000,297.94,306.57,281.77,306.57,0,0
PCF_MV,D,20241203,000000,316.27,326.34,287.16,303.34,0,0
PCF_MV,D,20241204,000000,303.34,315.56,287.52,298.3,0,0
PCF_MV,D,20241205,000000,298.3,311.6,297.59,311.6,0,0
PCF_MV,D,20241206,000000,315.56,322.02,305.49,319.87,0,0
PCF_MV,D,20241209,000000,319.87,325.26,312.68,317.35,0,0
PCF_MV,D,20241210,000000,316.27,330.65,312.68,328.85,0,0
PCF_MV,D,20241211,000000,321.67,323.46,302.98,316.27,0,0
PCF_MV,D,20241212,000000,312.68,312.68,296.51,296.87,0,0
PCF_MV,D,20241213,000000,287.52,287.52,282.13,282.13,0,0
PCF_MV,D,20241216,000000,269.91,282.13,269.91,282.13,0,0
PCF_MV,D,20241217,000000,281.41,283.93,276.38,283.93,0,0
PCF_MV,D,20241218,000000,283.93,304.77,283.93,304.77,0,0
PCF_MV,D,20241219,000000,288.96,302.98,288.96,294.71,0,0
PCF_MV,D,20241220,000000,287.52,288.24,280.33,286.8,0,0
PCF_MV,D,20241223,000000,285.73,287.52,273.15,287.52,0,0
PCF_MV,D,20241227,000000,287.52,287.52,278.9,287.16,0,0
PCF_MV,D,20241230,000000,278.9,286.44,276.74,280.69,0,0
PCF_MV,D,20250102,000000,269.55,269.55,255.18,258.77,0,0
PCF_MV,D,20250103,000000,258.77,262.36,258.77,258.77,0,0
PCF_MV,D,20250107,000000,262.36,279.62,262.36,270.63,0,0
PCF_MV,D,20250108,000000,270.99,270.99,262,262.36,0,0
PCF_MV,D,20250109,000000,267.4,267.4,258.05,263.8,0,0
PCF_MV,D,20250110,000000,253.38,258.77,253.38,258.77,0,0
PCF_MV,D,20250113,000000,263.44,263.44,258.77,258.77,0,0
PCF_MV,D,20250114,000000,265.6,266.68,256.61,264.88,0,0
PCF_MV,D,20250115,000000,264.88,264.88,259.13,264.88,0,0
PCF_MV,D,20250116,000000,262.36,262.36,262,262,0,0
PCF_MV,D,20250117,000000,262,262,258.77,258.77,0,0
PCF_MV,D,20250120,000000,258.77,264.16,256.97,262.36,0,0
PCF_MV,D,20250121,000000,263.8,263.8,259.13,263.44,0,0
PCF_MV,D,20250122,000000,263.44,264.88,258.77,260.21,0,0
PCF_MV,D,20250123,000000,265.24,265.24,252.66,255.54,0,0
PCF_MV,D,20250124,000000,258.77,265.6,258.77,265.24,0,0
PCF_MV,D,20250127,000000,264.88,265.96,260.21,260.21,0,0
PCF_MV,D,20250128,000000,273.51,309.09,273.51,300.82,0,0
PCF_MV,D,20250129,000000,300.46,300.82,290.4,291.12,0,0
PCF_MV,D,20250130,000000,287.88,295.07,287.52,290.76,0,0
PCF_MV,D,20250131,000000,287.52,287.52,274.94,278.18,0,0
PCF_MV,D,20250203,000000,271.71,273.51,264.16,272.07,0,0
PCF_MV,D,20250204,000000,272.07,272.07,264.88,267.04,0,0
PCF_MV,D,20250205,000000,267.04,286.8,267.04,274.58,0,0
PCF_MV,D,20250206,000000,276.38,276.74,269.19,269.55,0,0
PCF_MV,D,20250207,000000,271.35,277.1,271.35,276.74,0,0
PCF_MV,D,20250210,000000,276.74,294.71,276.74,281.05,0,0
PCF_MV,D,20250211,000000,281.05,323.46,281.05,323.46,0,0
PCF_MV,D,20250212,000000,337.12,352.21,324.9,328.85,0,0
PCF_MV,D,20250213,000000,323.46,328.85,319.87,323.46,0,0
PCF_MV,D,20250214,000000,323.46,328.85,320.23,320.23,0,0
PCF_MV,D,20250217,000000,320.23,336.76,316.27,336.76,0,0
PCF_MV,D,20250218,000000,337.84,337.84,323.46,323.46,0,0
PCF_MV,D,20250219,000000,319.87,330.65,319.87,325.26,0,0
PCF_MV,D,20250220,000000,325.26,328.85,309.81,322.74,0,0
PCF_MV,D,20250221,000000,322.74,322.74,313.04,313.04,0,0
PCF_MV,D,20250224,000000,314.48,323.46,314.48,322.74,0,0
PCF_MV,D,20250225,000000,322.74,322.74,317.71,319.87,0,0
PCF_MV,D,20250226,000000,319.87,321.31,313.04,320.59,0,0
PCF_MV,D,20250227,000000,320.59,333.89,320.59,325.62,0,0
PCF_MV,D,20250228,000000,325.62,325.62,320.23,323.46,0,0
PCF_MV,D,20250303,000000,323.46,330.29,323.46,330.29,0,0
PCF_MV,D,20250304,000000,330.29,330.29,319.87,323.46,0,0
PCF_MV,D,20250305,000000,319.87,337.12,315.56,336.04,0,0
PCF_MV,D,20250306,000000,335.68,335.68,326.34,330.65,0,0
PCF_MV,D,20250307,000000,330.65,330.65,306.21,315.91,0,0
PCF_MV,D,20250310,000000,315.56,315.56,295.07,302.98,0,0
PCF_MV,D,20250311,000000,300.82,300.82,288.6,293.99,0,0
PCF_MV,D,20250312,000000,286.8,286.8,282.13,283.93,0,0
PCF_MV,D,20250313,000000,276.74,282.85,274.94,282.13,0,0
PCF_MV,D,20250314,000000,300.1,323.46,300.1,320.23,0,0
PCF_MV,D,20250317,000000,320.59,431.28,320.59,431.28,0,0
PCF_MV,D,20250318,000000,467.22,621.05,467.22,621.05,0,0
PCF_MV,D,20250319,000000,718.81,833.81,690.77,697.24,0,0
PCF_MV,D,20250320,000000,682.87,682.87,595.17,618.17,0,0
PCF_MV,D,20250321,000000,610.98,614.58,449.25,449.25,0,0
PCF_MV,D,20250324,000000,471.54,534.07,471.54,508.2,0,0
PCF_MV,D,20250325,000000,510.35,510.35,467.94,473.69,0,0
PCF_MV,D,20250326,000000,473.69,494.54,465.79,470.82,0,0
PCF_MV,D,20250327,000000,471.54,471.54,442.07,449.25,0,0
PCF_MV,D,20250328,000000,449.25,452.13,432,438.47,0,0
PCF_MV,D,20250331,000000,449.25,483.04,448.53,467.22,0,0
PCF_MV,D,20250401,000000,467.94,467.94,442.78,449.25,0,0
PCF_MV,D,20250402,000000,449.25,455.72,427.69,437.03,0,0
PCF_MV,D,20250403,000000,432,449.97,421.22,428.41,0,0
PCF_MV,D,20250404,000000,428.41,429.85,389.59,389.59,0,0
PCF_MV,D,20250407,000000,377.37,402.53,352.21,384.56,0,0
PCF_MV,D,20250408,000000,384.56,409,383.12,393.91,0,0
PCF_MV,D,20250409,000000,380.25,390.31,352.21,358.32,0,0
PCF_MV,D,20250410,000000,378.09,386,352.21,362.28,0,0
PCF_MV,D,20250411,000000,354.73,364.43,352.21,352.21,0,0
PCF_MV,D,20250414,000000,355.09,369.47,351.86,360.84,0,0
PCF_MV,D,20250415,000000,363,375.94,350.06,350.78,0,0
PCF_MV,D,20250416,000000,348.98,351.86,341.43,350.42,0,0
PCF_MV,D,20250417,000000,342.15,358.68,336.04,358.68,0,0
PCF_MV,D,20250422,000000,367.31,367.31,353.29,354.37,0,0
PCF_MV,D,20250423,000000,354.37,367.31,341.43,354.73,0,0
PCF_MV,D,20250424,000000,354.73,360.84,353.29,359.04,0,0
PCF_MV,D,20250425,000000,357.97,384.56,353.29,378.81,0,0
PCF_MV,D,20250428,000000,369.47,373.78,363,370.18,0,0
PCF_MV,D,20250429,000000,368.03,376.65,368.03,370.18,0,0
PCF_MV,D,20250430,000000,370.18,370.18,348.62,354.01,0,0
PCF_MV,D,20250502,000000,348.26,363,348.26,357.97,0,0
PCF_MV,D,20250505,000000,357.97,357.97,344.67,348.26,0,0
PCF_MV,D,20250506,000000,346.82,347.9,341.43,341.79,0,0
PCF_MV,D,20250507,000000,339.99,347.18,338.56,342.15,0,0
PCF_MV,D,20250508,000000,338.56,357.97,338.56,354.73,0,0
PCF_MV,D,20250509,000000,354.73,373.06,349.34,352.93,0,0
PCF_MV,D,20250512,000000,355.81,365.15,355.45,355.81,0,0
PCF_MV,D,20250513,000000,354.01,363.72,350.78,350.78,0,0
PCF_MV,D,20250514,000000,351.14,357.97,348.62,353.29,0,0
PCF_MV,D,20250515,000000,352.21,352.21,336.4,344.67,0,0
PCF_MV,D,20250516,000000,347.54,347.54,336.04,337.48,0,0
PCF_MV,D,20250519,000000,338.92,342.87,328.85,328.85,0,0
PCF_MV,D,20250520,000000,334.24,334.24,327.06,329.93,0,0
PCF_MV,D,20250521,000000,324.54,324.54,316.27,320.23,0,0
PCF_MV,D,20250522,000000,320.23,324.54,317.35,319.15,0,0
PCF_MV,D,20250523,000000,319.15,323.1,309.09,311.96,0,0
PCF_MV,D,20250526,000000,311.96,322.74,306.57,307.65,0,0
PCF_MV,D,20250527,000000,309.09,316.63,305.85,305.85,0,0
PCF_MV,D,20250528,000000,305.85,306.93,293.63,293.63,0,0
PCF_MV,D,20250529,000000,295.07,304.05,294.71,295.43,0,0
PCF_MV,D,20250530,000000,295.43,301.18,292.55,300.46,0,0
PCF_MV,D,20250602,000000,222.83,251.58,220.67,220.67,0,0
PCF_MV,D,20250603,000000,215.28,215.28,194.08,201.27,0,0
PCF_MV,D,20250604,000000,200.91,211.69,198.03,203.06,0,0
PCF_MV,D,20250605,000000,202.7,202.7,187.61,187.61,0,0
PCF_MV,D,20250606,000000,188.69,191.92,178.44,179.7,0,0
PCF_MV,D,20250609,000000,180.78,190.48,180.78,185.09,0,0
PCF_MV,D,20250610,000000,189.76,190.12,179.7,180.06,0,0
PCF_MV,D,20250611,000000,181.14,183.3,178.98,179.34,0,0
PCF_MV,D,20250612,000000,179.52,179.7,175.75,178.26,0,0
PCF_MV,D,20250613,000000,178.62,182.58,176.11,176.11,0,0
PCF_MV,D,20250616,000000,176.29,180.78,176.11,178.98,0,0
PCF_MV,D,20250617,000000,178.98,182.94,176.83,179.7,0,0
PCF_MV,D,20250618,000000,181.5,246.19,178.26,246.19,0,0
PCF_MV,D,20250620,000000,265.96,265.96,206.66,212.05,0,0
PCF_MV,D,20250623,000000,208.45,208.45,188.69,190.12,0,0
PCF_MV,D,20250624,000000,190.48,219.95,190.48,198.03,0,0
PCF_MV,D,20250625,000000,201.62,203.42,183.65,187.61,0,0
PCF_MV,D,20250626,000000,190.12,195.87,186.89,187.25,0,0
PCF_MV,D,20250627,000000,190.12,199.11,187.97,192.64,0,0
PCF_MV,D,20250630,000000,193.36,193.36,186.89,188.69,0,0
PCF_MV,D,20250701,000000,183.3,191.56,182.22,186.89,0,0
PCF_MV,D,20250702,000000,190.48,199.83,186.17,195.16,0,0
PCF_MV,D,20250703,000000,194.8,199.47,193,193.36,0,0
PCF_MV,D,20250704,000000,192.28,196.59,192.28,192.28,0,0
PCF_MV,D,20250707,000000,196.95,207.73,194.08,199.47,0,0
PCF_MV,D,20250708,000000,201.98,204.86,195.52,196.95,0,0
PCF_MV,D,20250709,000000,196.95,199.47,189.41,189.41,0,0
PCF_MV,D,20250710,000000,193.36,193.36,182.22,185.09,0,0
PCF_MV,D,20250711,000000,184.73,188.33,183.3,184.01,0,0
PCF_MV,D,20250714,000000,184.01,187.61,182.22,183.3,0,0
PCF_MV,D,20250715,000000,182.58,186.53,182.58,183.65,0,0
PCF_MV,D,20250716,000000,183.3,183.3,178.26,179.7,0,0
PCF_MV,D,20250717,000000,181.14,182.22,179.52,181.86,0,0
PCF_MV,D,20250718,000000,179.7,186.17,179.7,181.86,0,0
PCF_MV,D,20250721,000000,185.09,188.33,181.86,181.86,0,0
PCF_MV,D,20250722,000000,184.73,186.17,180.42,180.42,0,0
PCF_MV,D,20250723,000000,182.94,183.3,179.7,180.06,0,0
PCF_MV,D,20250724,000000,179.52,185.09,179.52,180.42,0,0
PCF_MV,D,20250725,000000,182.22,182.94,179.7,179.7,0,0
PCF_MV,D,20250728,000000,179.7,182.22,179.7,180.06,0,0
PCF_MV,D,20250729,000000,180.06,182.58,179.7,181.86,0,0
PCF_MV,D,20250730,000000,181.86,209.17,180.06,196.95,0,0
PCF_MV,D,20250731,000000,195.16,198.75,185.45,185.81,0,0
PCF_MV,D,20250801,000000,185.81,189.41,185.09,189.41,0,0
PCF_MV,D,20250804,000000,187.25,193,183.3,184.01,0,0
PCF_MV,D,20250805,000000,187.97,197.31,183.3,193.72,0,0
PCF_MV,D,20250806,000000,193.36,203.42,189.05,197.67,0,0
PCF_MV,D,20250807,000000,180.42,187.61,180.42,182.94,0,0
PCF_MV,D,20250808,000000,183.3,185.81,177.9,184.01,0,0
PCF_MV,D,20250811,000000,181.5,184.01,179.34,182.58,0,0
PCF_MV,D,20250812,000000,182.22,183.65,165.33,165.33,0,0
PCF_MV,D,20250813,000000,167.12,177.72,167.12,177.19,0,0
PCF_MV,D,20250814,000000,177.19,177.9,173.95,176.11,0,0
PCF_MV,D,20250818,000000,176.11,182.94,176.11,180.78,0,0
PCF_MV,D,20250819,000000,182.22,184.37,178.98,181.5,0,0
PCF_MV,D,20250820,000000,181.5,183.65,177.54,179.34,0,0
PCF_MV,D,20250821,000000,182.58,193,182.58,187.97,0,0
PCF_MV,D,20250822,000000,189.76,190.12,184.73,189.41,0,0
PCF_MV,D,20250825,000000,190.12,224.13,187.25,224.13,0,0
PCF_MV,D,20250826,000000,227.54,227.54,221.57,224.98,0,0
PCF_MV,D,20250827,000000,224.98,225.83,219.87,219.87,0,0
PCF_MV,D,20250828,000000,219.87,224.56,219.02,221.57,0,0
PCF_MV,D,20250829,000000,221.57,225.83,217.74,222.43,0,0
PCF_MV,D,20250901,000000,217.74,223.7,214.33,217.31,0,0
PCF_MV,D,20250902,000000,217.31,223.7,214.33,221.57,0,0
PCF_MV,D,20250903,000000,221.15,222.43,213.9,216.89,0,0
PCF_MV,D,20250904,000000,214.33,217.31,213.05,216.03,0,0
PCF_MV,D,20250905,000000,216.03,219.87,213.05,213.05,0,0
PCF_MV,D,20250908,000000,213.05,216.03,210.49,213.05,0,0
PCF_MV,D,20250909,000000,213.05,216.03,210.71,213.05,0,0
PCF_MV,D,20250910,000000,215.18,215.18,210.92,210.92,0,0
PCF_MV,D,20250911,000000,213.05,216.46,211.35,213.05,0,0
PCF_MV,D,20250912,000000,213.05,216.46,211.77,213.05,0,0
PCF_MV,D,20250915,000000,213.05,216.03,208.79,213.05,0,0
PCF_MV,D,20250916,000000,212.84,219.87,212.2,213.9,0,0
PCF_MV,D,20250917,000000,213.05,217.74,212.2,216.03,0,0
PCF_MV,D,20250918,000000,212.2,216.03,212.2,215.18,0,0
PCF_MV,D,20250919,000000,215.61,216.03,211.13,215.61,0,0
PCF_MV,D,20250922,000000,215.61,219.02,210.49,215.18,0,0
PCF_MV,D,20250923,000000,217.74,219.02,176.19,181.95,0,0
PCF_MV,D,20250924,000000,181.73,181.73,163.62,170.44,0,0
PCF_MV,D,20250925,000000,161.49,161.49,134.01,138.06,0,0
PCF_MV,D,20250926,000000,140.61,146.15,140.61,143.6,0,0
PCF_MV,D,20250929,000000,146.37,146.37,136.78,140.61,0,0
PCF_MV,D,20250930,000000,138.06,139.34,135.93,139.34,0,0
PCF_MV,D,20251001,000000,136.78,142.53,136.78,140.19,0,0
PCF_MV,D,20251002,000000,142.11,142.11,138.48,140.61,0,0
PCF_MV,D,20251003,000000,140.61,142.32,135.29,140.61,0,0
PCF_MV,D,20251006,000000,142.74,152.54,141.25,152.54,0,0
PCF_MV,D,20251007,000000,154.25,169.59,154.25,165.75,0,0
PCF_MV,D,20251008,000000,168.74,168.74,156.17,159.36,0,0
PCF_MV,D,20251009,000000,160.64,164.05,158.94,163.62,0,0
PCF_MV,D,20251010,000000,165.75,172.36,160.43,169.16,0,0
PCF_MV,D,20251013,000000,166.18,176.41,166.18,167.88,0,0
PCF_MV,D,20251014,000000,166.82,171.29,166.18,169.16,0,0
PCF_MV,D,20251015,000000,171.29,171.93,166.18,167.03,0,0
PCF_MV,D,20251016,000000,166.18,168.31,156.81,158.51,0,0
PCF_MV,D,20251017,000000,158.51,161.07,154.46,160.21,0,0
PCF_MV,D,20251020,000000,162.56,162.56,155.1,158.94,0,0
PCF_MV,D,20251021,000000,159.36,161.92,156.17,160.21,0,0
PCF_MV,D,20251022,000000,160.64,175.77,160.64,172.15,0,0
PCF_MV,D,20251023,000000,173,177.26,164.9,173.42,0,0
PCF_MV,D,20251024,000000,173.85,174.7,167.25,173,0,0
PCF_MV,D,20251027,000000,174.7,182.16,171.29,178.32,0,0
PCF_MV,D,20251028,000000,179.39,179.39,168.95,169.59,0,0
PCF_MV,D,20251029,000000,170.87,170.87,166.39,167.67,0,0
PCF_MV,D,20251030,000000,167.67,169.16,165.33,168.95,0,0
PCF_MV,D,20251031,000000,165.75,170.44,162.98,170.44,0,0
PCF_MV,D,20251103,000000,172.36,173.64,166.18,170.01,0,0
PCF_MV,D,20251104,000000,170.23,172.57,165.75,170.44,0,0
PCF_MV,D,20251105,000000,172.57,172.57,162.35,165.75,0,0
PCF_MV,D,20251106,000000,165.75,167.88,163.62,166.18,0,0
PCF_MV,D,20251107,000000,166.18,166.61,161.92,161.92,0,0
PCF_MV,D,20251110,000000,161.92,161.92,159.79,161.07,0,0
PCF_MV,D,20251112,000000,163.41,163.41,159.79,160,0,0
PCF_MV,D,20251113,000000,160,161.07,158.08,158.08,0,0
PCF_MV,D,20251114,000000,159.79,159.79,151.48,156.81,0,0
PCF_MV,D,20251117,000000,157.02,157.02,148.92,149.56,0,0
PCF_MV,D,20251118,000000,149.56,149.56,145.73,145.73,0,0
PCF_MV,D,20251119,000000,145.3,147.64,144.87,145.3,0,0
PCF_MV,D,20251120,000000,144.87,147.22,144.87,145.3,0,0
PCF_MV,D,20251121,000000,146.15,155.74,142.74,146.15,0,0
PCF_MV,D,20251124,000000,146.15,146.15,136.57,140.61,0,0
PCF_MV,D,20251125,000000,140.61,143.6,139.34,142.53,0,0
PCF_MV,D,20251126,000000,141.04,141.47,138.06,139.76,0,0
PCF_MV,D,20251127,000000,139.76,141.47,138.06,140.61,0,0
PCF_MV,D,20251128,000000,141.25,141.25,138.48,140.4,0,0
PCF_MV,D,20251201,000000,139.55,139.55,127.4,131.24,0,0
PCF_MV,D,20251202,000000,129.54,132.94,128.68,130.81,0,0
PCF_MV,D,20251203,000000,128.68,128.68,125.91,127.4,0,0
PCF_MV,D,20251204,000000,127.19,132.09,121.65,130.39,0,0
PCF_MV,D,20251205,000000,131.67,132.09,126.98,128.68,0,0
PCF_MV,D,20251208,000000,128.26,131.03,126.34,128.26,0,0
PCF_MV,D,20251209,000000,128.26,128.26,123.57,123.57,0,0
PCF_MV,D,20251210,000000,125.49,129.11,122.72,128.68,0,0
PCF_MV,D,20251211,000000,129.11,135.93,126.34,132.3,0,0
PCF_MV,D,20251212,000000,133.16,136.35,130.6,134.44,0,0
PCF_MV,D,20251215,000000,136.14,136.35,129.54,129.54,0,0
PCF_MV,D,20251216,000000,129.54,131.03,126.98,127.19,0,0
PCF_MV,D,20251217,000000,126.98,127.62,121.01,124.42,0,0
PCF_MV,D,20251218,000000,124.85,137.63,124.85,137.63,0,0
PCF_MV,D,20251219,000000,137.63,145.94,137.21,141.89,0,0
PCF_MV,D,20251222,000000,141.89,149.99,141.89,145.3,0,0
PCF_MV,D,20251223,000000,143.38,145.73,138.27,144.87,0,0
PCF_MV,D,20251229,000000,145.3,172.78,145.3,161.49,0,0
PCF_MV,D,20251230,000000,161.92,169.38,161.92,167.46,0,0
PCF_MV,D,20260102,000000,167.03,169.38,156.38,158.94,0,0
PCF_MV,D,20260105,000000,158.94,158.94,154.25,155.31,0,0
PCF_MV,D,20260107,000000,155.31,156.81,147.01,148.28,0,0
PCF_MV,D,20260108,000000,147.86,147.86,135.07,144.02,0,0
PCF_MV,D,20260109,000000,144.02,156.38,144.02,155.53,0,0
PCF_MV,D,20260112,000000,155.53,155.95,150.84,152.54,0,0
PCF_MV,D,20260113,000000,152.54,154.46,147.86,151.27,0,0
PCF_MV,D,20260114,000000,153.61,154.25,151.27,154.25,0,0
PCF_MV,D,20260115,000000,154.46,178.96,152.54,169.59,0,0
PCF_MV,D,20260116,000000,168.95,172.15,163.2,167.67,0,0
PCF_MV,D,20260119,000000,169.8,171.72,162.98,164.05,0,0
PCF_MV,D,20260120,000000,164.48,166.61,153.4,155.1,0,0
PCF_MV,D,20260121,000000,156.81,165.33,150.2,157.66,0,0
PCF_MV,D,20260122,000000,159.15,166.18,155.31,163.41,0,0
PCF_MV,D,20260123,000000,164.05,171.29,161.49,170.44,0,0
