<TICKER>,<PER>,<DATE>,<TIME>,<OPEN>,<HIGH>,<LOW>,<CLOSE>,<VOL>,<OPENINT>
PCF_PB,D,20201218,000000,29.5379,29.5379,29.5379,29.5379,0,0
PCF_PB,D,20201221,000000,29.5479,29.5479,26.5952,27.3776,0,0
PCF_PB,D,20201222,000000,27.5555,29.2307,26.9809,28.676,0,0
PCF_PB,D,20201223,000000,28.7545,28.7545,27.6351,27.9721,0,0
PCF_PB,D,20201228,000000,28.3688,28.6362,27.4372,27.7941,0,0
PCF_PB,D,20201229,000000,27.9721,28.4771,27.7345,28.1202,0,0
PCF_PB,D,20201230,000000,28.3091,28.3091,27.655,27.655,0,0
PCF_PB,D,20210104,000000,28.3588,29.4087,27.9721,29.2307,0,0
PCF_PB,D,20210105,000000,29.6264,31.7072,29.6264,31.5193,0,0
PCF_PB,D,20210107,000000,29.5479,33.6797,29.5479,31.5193,0,0
PCF_PB,D,20210108,000000,32.0641,32.0641,30.3005,30.3303,0,0
PCF_PB,D,20210111,000000,30.3303,31.4199,30.3303,30.6872,0,0
PCF_PB,D,20210112,000000,31.0829,31.5193,30.727,30.9248,0,0
PCF_PB,D,20210113,000000,30.9646,30.9944,30.4496,30.5281,0,0
PCF_PB,D,20210114,000000,30.727,31.1723,30.727,30.8453,0,0
PCF_PB,D,20210115,000000,31.2618,31.2618,30.6375,30.9248,0,0
PCF_PB,D,20210118,000000,31.2817,31.3115,30.6872,30.9248,0,0
PCF_PB,D,20210119,000000,30.885,30.885,30.4098,30.6673,0,0
PCF_PB,D,20210120,000000,30.727,30.9248,30.6077,30.6872,0,0
PCF_PB,D,20210121,000000,30.7667,30.8055,30.2408,30.3303,0,0
PCF_PB,D,20210122,000000,30.1722,30.3303,29.6264,30.033,0,0
PCF_PB,D,20210125,000000,30.043,30.4098,29.9435,30.0529,0,0
PCF_PB,D,20210126,000000,30.0529,30.5579,30.0529,30.2507,0,0
PCF_PB,D,20210127,000000,30.0629,30.3303,29.3093,29.3888,0,0
PCF_PB,D,20210128,000000,29.5479,29.5479,28.7147,29.5479,0,0
PCF_PB,D,20210129,000000,29.7059,29.7557,29.2705,29.349,0,0
PCF_PB,D,20210201,000000,29.5479,29.5479,28.3688,28.3688,0,0
PCF_PB,D,20210202,000000,28.7545,29.1512,28.1699,28.1699,0,0
PCF_PB,D,20210203,000000,28.5964,30.4884,28.3688,30.4884,0,0
PCF_PB,D,20210204,000000,30.7369,33.0354,30.4884,33.0354,0,0
PCF_PB,D,20210205,000000,33.1249,33.451,32.3912,33.451,0,0
PCF_PB,D,20210208,000000,33.6697,34.65,33.451,34.2145,0,0
PCF_PB,D,20210209,000000,34.2046,34.2046,32.8277,32.8277,0,0
PCF_PB,D,20210210,000000,32.8277,33.4023,32.3117,32.4011,0,0
PCF_PB,D,20210211,000000,32.5105,32.7779,32.0144,32.7779,0,0
PCF_PB,D,20210212,000000,32.8177,33.3128,31.9746,31.9746,0,0
PCF_PB,D,20210215,000000,32.4011,32.9957,32.1834,32.8177,0,0
PCF_PB,D,20210216,000000,32.8177,33.1537,32.6089,32.6586,0,0
PCF_PB,D,20210217,000000,33.0354,33.0354,32.0542,32.0542,0,0
PCF_PB,D,20210218,000000,32.1834,33.0354,32.0542,32.9062,0,0
PCF_PB,D,20210219,000000,33.1537,33.1537,32.6089,32.6089,0,0
PCF_PB,D,20210222,000000,33.0255,33.0255,32.3614,32.8078,0,0
PCF_PB,D,20210223,000000,32.7581,32.768,31.3414,31.7569,0,0
PCF_PB,D,20210224,000000,31.7172,32.9857,31.7172,32.9857,0,0
PCF_PB,D,20210225,000000,33.7483,34.6798,33.4122,34.2145,0,0
PCF_PB,D,20210226,000000,34.7295,34.7295,33.8278,34.1946,0,0
PCF_PB,D,20210301,000000,34.5118,34.5118,32.936,33.1537,0,0
PCF_PB,D,20210302,000000,33.3625,33.6598,32.2719,33.1249,0,0
PCF_PB,D,20210303,000000,33.0354,33.1637,32.0144,32.2719,0,0
PCF_PB,D,20210304,000000,31.7569,31.9359,31.4298,31.5889,0,0
PCF_PB,D,20210305,000000,32.1635,32.5403,32.0343,32.4011,0,0
PCF_PB,D,20210308,000000,32.599,33.5007,32.4011,33.5007,0,0
PCF_PB,D,20210309,000000,33.5802,33.798,33.0354,33.5405,0,0
PCF_PB,D,20210310,000000,33.7483,33.7483,32.8664,32.8664,0,0
PCF_PB,D,20210311,000000,33.273,33.273,32.6686,33.1537,0,0
PCF_PB,D,20210312,000000,33.3625,33.4122,32.6785,33.2034,0,0
PCF_PB,D,20210315,000000,33.3128,33.788,33.0354,33.788,0,0
PCF_PB,D,20210316,000000,33.8377,34.1946,32.8664,32.8664,0,0
PCF_PB,D,20210317,000000,33.2333,33.2333,32.2331,32.5205,0,0
PCF_PB,D,20210318,000000,32.6885,32.9161,32.3514,32.5205,0,0
PCF_PB,D,20210319,000000,32.4011,32.8177,32.1238,32.6885,0,0
PCF_PB,D,20210322,000000,33.0354,33.0354,32.6089,32.9062,0,0
PCF_PB,D,20210323,000000,33.0255,33.5405,32.6586,33.451,0,0
PCF_PB,D,20210324,000000,33.451,33.451,33.0354,33.4122,0,0
PCF_PB,D,20210325,000000,33.2432,33.4122,32.3713,32.4409,0,0
PCF_PB,D,20210326,000000,32.599,34.6997,32.4409,34.2941,0,0
PCF_PB,D,20210329,000000,34.5615,34.8389,33.6001,33.8775,0,0
PCF_PB,D,20210330,000000,34.472,34.472,33.6299,33.8377,0,0
PCF_PB,D,20210331,000000,33.8775,33.8775,32.4111,32.4111,0,0
PCF_PB,D,20210401,000000,32.5692,33.4122,31.8663,32.8664,0,0
PCF_PB,D,20210406,000000,34.7295,35.0268,33.4808,34.4322,0,0
PCF_PB,D,20210407,000000,34.304,34.304,32.1834,33.0752,0,0
PCF_PB,D,20210408,000000,33.0752,33.2432,32.4807,32.6288,0,0
PCF_PB,D,20210409,000000,32.6487,32.6686,32.2033,32.4409,0,0
PCF_PB,D,20210412,000000,32.2033,32.3117,31.1226,31.5094,0,0
PCF_PB,D,20210413,000000,31.5491,32.2918,31.5491,31.7172,0,0
PCF_PB,D,20210414,000000,31.7172,31.7172,31.1226,31.3801,0,0
PCF_PB,D,20210415,000000,31.2917,31.2917,29.9237,30.3203,0,0
PCF_PB,D,20210416,000000,29.9435,29.9435,28.1998,28.7147,0,0
PCF_PB,D,20210419,000000,28.7147,29.7258,28.7147,29.5578,0,0
PCF_PB,D,20210420,000000,29.6463,30.2806,28.7943,29.2208,0,0
PCF_PB,D,20210421,000000,29.2208,29.8551,28.5467,28.7943,0,0
PCF_PB,D,20210422,000000,29.0518,29.5966,28.9434,28.9434,0,0
PCF_PB,D,20210423,000000,29.2208,29.2208,28.7545,28.7545,0,0
PCF_PB,D,20210426,000000,28.7943,29.8938,28.7943,29.7755,0,0
PCF_PB,D,20210427,000000,30.0231,30.4884,27.5655,27.5655,0,0
PCF_PB,D,20210428,000000,27.5655,27.5655,26.6837,26.6837,0,0
PCF_PB,D,20210429,000000,26.7234,26.7731,26.2581,26.7035,0,0
PCF_PB,D,20210430,000000,26.7035,27.4671,26.2383,27.4074,0,0
PCF_PB,D,20210504,000000,27.3875,27.3875,26.4162,26.6837,0,0
PCF_PB,D,20210505,000000,26.6837,26.6837,26.0295,26.0693,0,0
PCF_PB,D,20210506,000000,26.2184,26.2184,24.9796,25.0791,0,0
PCF_PB,D,20210507,000000,25.0393,26.1687,24.3255,25.8217,0,0
PCF_PB,D,20210510,000000,25.6338,26.4162,25.3962,25.594,0,0
PCF_PB,D,20210511,000000,25.594,25.594,24.6128,24.9995,0,0
PCF_PB,D,20210512,000000,24.9995,24.9995,24.3056,24.6724,0,0
PCF_PB,D,20210513,000000,24.1376,24.3454,22.8193,23.2756,0,0
PCF_PB,D,20210514,000000,23.2359,23.2359,22.3938,22.5817,0,0
PCF_PB,D,20210517,000000,22.5817,22.9485,21.8192,21.9772,0,0
PCF_PB,D,20210518,000000,21.839,22.5817,21.839,22.2447,0,0
PCF_PB,D,20210519,000000,21.839,22.7795,21.7794,22.4336,0,0
PCF_PB,D,20210520,000000,22.8292,22.8292,21.8192,22.0269,0,0
PCF_PB,D,20210521,000000,22.0269,22.532,21.6899,22.2049,0,0
PCF_PB,D,20210524,000000,22.2745,24.8216,22.2745,24.8216,0,0
PCF_PB,D,20210525,000000,24.5044,24.7321,22.0468,22.0468,0,0
PCF_PB,D,20210526,000000,22.4922,23.1066,22.3938,23.047,0,0
PCF_PB,D,20210527,000000,22.9485,23.6415,22.701,23.4238,0,0
PCF_PB,D,20210528,000000,23.6415,23.6415,21.6303,22.2049,0,0
PCF_PB,D,20210531,000000,21.67,21.7993,9.0961,9.0961,0,0
PCF_PB,D,20210601,000000,9.11589,9.2844,9.0961,9.17534,0,0
PCF_PB,D,20210602,000000,9.07632,9.32397,9.07632,9.19522,0,0
PCF_PB,D,20210604,000000,9.19522,9.37358,9.10604,9.32397,0,0
PCF_PB,D,20210607,000000,9.33391,9.54209,9.24473,9.52221,0,0
PCF_PB,D,20210608,000000,9.37358,9.52221,9.37358,9.50232,0,0
PCF_PB,D,20210609,000000,9.35369,9.49238,9.32397,9.49238,0,0
PCF_PB,D,20210610,000000,9.49238,9.49238,9.34385,9.46256,0,0
PCF_PB,D,20210611,000000,9.37358,9.46256,9.34385,9.43303,0,0
PCF_PB,D,20210614,000000,9.50232,9.63157,9.43303,9.62162,0,0
PCF_PB,D,20210615,000000,9.54209,9.73993,9.54209,9.73993,0,0
PCF_PB,D,20210616,000000,9.75981,9.92882,9.75981,9.88906,0,0
PCF_PB,D,20210617,000000,9.83935,9.88906,9.66139,9.81946,0,0
PCF_PB,D,20210618,000000,9.87911,9.87911,9.67034,9.75981,0,0
PCF_PB,D,20210621,000000,9.73993,9.79958,9.41314,9.41314,0,0
PCF_PB,D,20210622,000000,9.25467,9.65145,9.25467,9.65145,0,0
PCF_PB,D,20210623,000000,9.66139,9.84929,9.66139,9.75981,0,0
PCF_PB,D,20210624,000000,9.75981,9.81946,9.57191,9.5918,0,0
PCF_PB,D,20210625,000000,9.33391,9.78964,9.33391,9.73993,0,0
PCF_PB,D,20210628,000000,9.73993,9.73993,9.53215,9.66139,0,0
PCF_PB,D,20210629,000000,9.6932,9.93181,9.53414,9.90198,0,0
PCF_PB,D,20210630,000000,10.0113,10.061,9.80256,9.92186,0,0
PCF_PB,D,20210701,000000,10.0113,10.0312,9.86221,10.0014,0,0
PCF_PB,D,20210702,000000,9.93181,10.1505,9.93181,10.1505,0,0
PCF_PB,D,20210705,000000,10.2002,10.24,10.061,10.1306,0,0
PCF_PB,D,20210706,000000,9.95169,10.2201,9.72303,9.82245,0,0
PCF_PB,D,20210707,000000,9.82245,9.87216,9.78268,9.87216,0,0
PCF_PB,D,20210708,000000,9.87216,9.87216,9.5739,9.72303,0,0
PCF_PB,D,20210709,000000,9.82245,9.90198,9.72303,9.90198,0,0
PCF_PB,D,20210712,000000,9.6932,9.98151,9.67332,9.72303,0,0
PCF_PB,D,20210713,000000,9.98151,9.98151,9.65344,9.70315,0,0
PCF_PB,D,20210714,000000,9.92186,10.0412,9.74291,10.0412,0,0
PCF_PB,D,20210715,000000,10.0412,10.0412,9.82245,9.87216,0,0
PCF_PB,D,20210716,000000,10.0312,10.0312,9.67332,9.82245,0,0
PCF_PB,D,20210719,000000,9.82245,9.82245,9.4546,9.61367,0,0
PCF_PB,D,20210720,000000,9.4546,9.65344,9.4546,9.6435,0,0
PCF_PB,D,20210721,000000,9.6435,9.6435,9.40489,9.52419,0,0
PCF_PB,D,20210722,000000,9.65344,9.80256,9.49437,9.65344,0,0
PCF_PB,D,20210723,000000,9.82245,9.82245,9.53414,9.8125,0,0
PCF_PB,D,20210726,000000,9.78268,9.8125,9.50431,9.80256,0,0
PCF_PB,D,20210727,000000,9.80256,9.80256,9.54408,9.73297,0,0
PCF_PB,D,20210728,000000,9.68326,9.71309,9.54408,9.63355,0,0
PCF_PB,D,20210729,000000,9.63355,9.63355,9.50431,9.50431,0,0
PCF_PB,D,20210730,000000,9.61367,9.8125,9.49437,9.8125,0,0
PCF_PB,D,20210802,000000,9.8125,9.8125,9.55402,9.73297,0,0
PCF_PB,D,20210803,000000,9.73297,9.73297,9.56396,9.58384,0,0
PCF_PB,D,20210804,000000,9.70315,9.70315,9.50431,9.56396,0,0
PCF_PB,D,20210805,000000,9.56396,9.56396,9.34524,9.49437,0,0
PCF_PB,D,20210806,000000,9.56396,9.56396,9.37507,9.50431,0,0
PCF_PB,D,20210809,000000,9.50431,9.50431,9.32536,9.39495,0,0
PCF_PB,D,20210810,000000,9.32536,9.39495,9.32536,9.37507,0,0
PCF_PB,D,20210811,000000,9.32536,9.40489,9.32536,9.38501,0,0
PCF_PB,D,20210812,000000,9.54408,9.54408,9.27565,9.30548,0,0
PCF_PB,D,20210813,000000,9.27565,9.3353,9.26571,9.32536,0,0
PCF_PB,D,20210816,000000,9.41483,9.41483,9.04699,9.04699,0,0
PCF_PB,D,20210817,000000,8.34113,8.34113,7.82416,7.8341,0,0
PCF_PB,D,20210818,000000,7.8341,7.8341,7.29724,7.44637,0,0
PCF_PB,D,20210819,000000,7.55573,7.79433,7.53584,7.69491,0,0
PCF_PB,D,20210820,000000,7.84404,7.86392,7.74462,7.81421,0,0
PCF_PB,D,20210823,000000,7.87386,7.93351,7.69491,7.75456,0,0
PCF_PB,D,20210824,000000,7.85398,7.85398,7.70485,7.70485,0,0
PCF_PB,D,20210825,000000,7.81421,7.81421,7.49608,7.5259,0,0
PCF_PB,D,20210826,000000,7.44637,7.51596,7.32707,7.45631,0,0
PCF_PB,D,20210827,000000,7.44637,7.44637,7.29724,7.41654,0,0
PCF_PB,D,20210830,000000,7.37678,7.50602,7.36683,7.46625,0,0
PCF_PB,D,20210831,000000,7.55573,7.61538,7.46625,7.5259,0,0
PCF_PB,D,20210901,000000,7.6452,7.6452,7.36683,7.5259,0,0
PCF_PB,D,20210902,000000,7.55573,7.77445,7.46625,7.60544,0,0
PCF_PB,D,20210903,000000,7.72474,7.72474,7.47619,7.47619,0,0
PCF_PB,D,20210906,000000,7.65515,7.65515,7.42649,7.46625,0,0
PCF_PB,D,20210907,000000,7.44637,7.44637,7.34695,7.36683,0,0
PCF_PB,D,20210908,000000,7.29724,7.34695,7.2873,7.34695,0,0
PCF_PB,D,20210909,000000,7.29724,7.36683,7.2873,7.29724,0,0
PCF_PB,D,20210910,000000,7.29724,7.36683,7.25748,7.25748,0,0
PCF_PB,D,20210913,000000,7.36683,7.36683,7.19783,7.22765,0,0
PCF_PB,D,20210914,000000,7.22765,7.29724,7.22765,7.24753,0,0
PCF_PB,D,20210915,000000,7.24753,7.29724,7.24753,7.29724,0,0
PCF_PB,D,20210916,000000,7.2873,7.2873,7.19783,7.22765,0,0
PCF_PB,D,20210917,000000,7.36683,7.36683,7.12823,7.13817,0,0
PCF_PB,D,20210920,000000,7.15806,7.15806,6.90951,6.90951,0,0
PCF_PB,D,20210921,000000,6.88963,6.88963,6.78027,6.84986,0,0
PCF_PB,D,20210922,000000,6.84986,7.23759,6.63115,6.91946,0,0
PCF_PB,D,20210923,000000,7.18788,7.18788,6.88963,6.88963,0,0
PCF_PB,D,20210924,000000,7.03876,7.36683,7.02882,7.26742,0,0
PCF_PB,D,20210927,000000,7.0487,7.24753,7.03876,7.18788,0,0
PCF_PB,D,20210928,000000,7.26742,7.26742,6.96917,7.03876,0,0
PCF_PB,D,20210929,000000,6.95922,7.11829,6.86975,6.86975,0,0
PCF_PB,D,20210930,000000,7.11829,7.11829,6.5019,6.5019,0,0
PCF_PB,D,20211001,000000,6.5019,6.54167,6.42237,6.5019,0,0
PCF_PB,D,20211004,000000,6.5019,6.66097,6.47208,6.51184,0,0
PCF_PB,D,20211005,000000,6.54167,6.58144,6.48202,6.53173,0,0
PCF_PB,D,20211006,000000,6.53173,6.53173,6.42237,6.48202,0,0
PCF_PB,D,20211007,000000,6.48202,6.5715,6.42237,6.5019,0,0
PCF_PB,D,20211008,000000,6.41243,6.58144,6.37266,6.48202,0,0
PCF_PB,D,20211011,000000,6.70074,6.70074,6.44225,6.44225,0,0
PCF_PB,D,20211012,000000,6.36272,6.42237,6.35278,6.42237,0,0
PCF_PB,D,20211013,000000,6.42237,6.45219,6.18377,6.42237,0,0
PCF_PB,D,20211014,000000,6.33289,6.42237,6.19371,6.3826,0,0
PCF_PB,D,20211015,000000,6.41243,6.41243,6.28318,6.32295,0,0
PCF_PB,D,20211018,000000,6.32295,6.65103,6.28318,6.63115,0,0
PCF_PB,D,20211019,000000,6.64109,7.6452,6.64109,7.51596,0,0
PCF_PB,D,20211020,000000,7.67503,7.81421,7.35689,7.38672,0,0
PCF_PB,D,20211021,000000,7.38672,7.43643,7.05864,7.36683,0,0
PCF_PB,D,20211022,000000,7.44637,7.47619,7.19783,7.38672,0,0
PCF_PB,D,20211025,000000,7.51596,7.51596,7.06858,7.29724,0,0
PCF_PB,D,20211026,000000,7.2873,7.34695,6.96917,7.0487,0,0
PCF_PB,D,20211027,000000,7.00893,7.00893,6.85981,6.94928,0,0
PCF_PB,D,20211028,000000,6.96917,7.00893,6.85981,6.90951,0,0
PCF_PB,D,20211029,000000,6.98905,6.98905,6.77033,6.77033,0,0
PCF_PB,D,20211102,000000,6.75045,6.75045,6.58144,6.58144,0,0
PCF_PB,D,20211103,000000,6.58144,6.61126,6.42237,6.42237,0,0
PCF_PB,D,20211104,000000,6.59138,6.59138,6.32295,6.40249,0,0
PCF_PB,D,20211105,000000,6.42237,6.53173,6.36272,6.45219,0,0
PCF_PB,D,20211108,000000,6.45219,6.47208,6.29313,6.30307,0,0
PCF_PB,D,20211109,000000,6.39254,6.58144,6.2633,6.30307,0,0
PCF_PB,D,20211110,000000,6.30307,6.37266,6.20365,6.28318,0,0
PCF_PB,D,20211112,000000,6.29313,6.48202,6.29313,6.42237,0,0
PCF_PB,D,20211115,000000,6.58144,6.58144,6.36272,6.42237,0,0
PCF_PB,D,20211116,000000,6.45219,6.53173,6.34283,6.42237,0,0
PCF_PB,D,20211117,000000,6.42237,6.53173,6.19371,6.34283,0,0
PCF_PB,D,20211118,000000,6.32295,6.5019,6.11417,6.5019,0,0
PCF_PB,D,20211119,000000,6.49196,6.49196,6.28318,6.34283,0,0
PCF_PB,D,20211122,000000,6.34283,6.49196,6.30307,6.42237,0,0
PCF_PB,D,20211123,000000,6.42237,6.56155,6.28318,6.36272,0,0
PCF_PB,D,20211124,000000,6.41243,6.41243,6.28318,6.40249,0,0
PCF_PB,D,20211125,000000,6.36272,6.41243,6.31301,6.41243,0,0
PCF_PB,D,20211126,000000,6.39254,6.53173,6.28318,6.53173,0,0
PCF_PB,D,20211129,000000,6.53173,6.55161,6.25336,6.28318,0,0
PCF_PB,D,20211130,000000,7.0487,7.13817,6.64109,7.13817,0,0
PCF_PB,D,20211201,000000,7.13817,7.72474,5.72645,5.72645,0,0
PCF_PB,D,20211202,000000,5.85569,5.85569,5.65685,5.6668,0,0
PCF_PB,D,20211203,000000,5.6668,5.91534,5.6668,5.86563,0,0
PCF_PB,D,20211206,000000,5.91534,6.08435,5.64691,6.03464,0,0
PCF_PB,D,20211207,000000,6.03464,6.22353,5.99487,6.15394,0,0
PCF_PB,D,20211208,000000,6.11417,6.23348,6.05452,6.18377,0,0
PCF_PB,D,20211209,000000,6.16388,6.16388,5.85569,5.99487,0,0
PCF_PB,D,20211210,000000,5.92528,5.97499,5.81592,5.96505,0,0
PCF_PB,D,20211213,000000,5.99487,6.16388,5.91534,6.11417,0,0
PCF_PB,D,20211214,000000,6.12412,6.21359,6.05452,6.17383,0,0
PCF_PB,D,20211215,000000,6.16388,6.22353,6.10423,6.17383,0,0
PCF_PB,D,20211216,000000,6.16388,6.28318,6.16388,6.28318,0,0
PCF_PB,D,20211217,000000,6.28318,6.52179,6.28318,6.29313,0,0
PCF_PB,D,20211220,000000,6.31301,6.31301,5.99487,6.10423,0,0
PCF_PB,D,20211221,000000,6.07441,6.16388,6.07441,6.11417,0,0
PCF_PB,D,20211222,000000,6.10423,6.144,6.06447,6.06447,0,0
PCF_PB,D,20211223,000000,6.06447,6.08435,5.92528,6.03464,0,0
PCF_PB,D,20211227,000000,5.99487,6.01476,5.9054,5.95511,0,0
PCF_PB,D,20211228,000000,5.95511,5.99487,5.79604,5.82586,0,0
PCF_PB,D,20211229,000000,5.79604,6.03464,5.79604,6.0247,0,0
PCF_PB,D,20211230,000000,5.91534,6.0247,5.91534,6.0247,0,0
PCF_PB,D,20220103,000000,6.16388,6.21359,6.11417,6.16388,0,0
PCF_PB,D,20220104,000000,6.16388,6.48202,6.15394,6.48202,0,0
PCF_PB,D,20220105,000000,6.43231,6.77033,6.36272,6.77033,0,0
PCF_PB,D,20220107,000000,6.77033,6.88963,6.54167,6.82004,0,0
PCF_PB,D,20220110,000000,6.83992,6.87969,6.6908,6.7405,0,0
PCF_PB,D,20220111,000000,6.75045,6.83992,6.68085,6.78027,0,0
PCF_PB,D,20220112,000000,6.77033,6.83992,6.72062,6.83992,0,0
PCF_PB,D,20220113,000000,6.86975,6.93934,6.79021,6.90951,0,0
PCF_PB,D,20220114,000000,6.9294,6.93934,6.78027,6.78027,0,0
PCF_PB,D,20220117,000000,6.79021,6.82004,6.7405,6.82004,0,0
PCF_PB,D,20220118,000000,6.82004,7.00893,6.82004,6.89957,0,0
PCF_PB,D,20220119,000000,6.84986,6.85981,6.73056,6.85981,0,0
PCF_PB,D,20220120,000000,6.78027,6.80016,6.7405,6.78027,0,0
PCF_PB,D,20220121,000000,6.78027,6.78027,6.54167,6.78027,0,0
PCF_PB,D,20220124,000000,6.67091,6.6908,6.13406,6.15394,0,0
PCF_PB,D,20220125,000000,6.11417,6.23348,6.11417,6.20365,0,0
PCF_PB,D,20220126,000000,6.20365,6.65103,6.16388,6.47208,0,0
PCF_PB,D,20220127,000000,6.51184,6.53173,6.3826,6.47208,0,0
PCF_PB,D,20220128,000000,6.52179,6.52179,6.17383,6.47208,0,0
PCF_PB,D,20220131,000000,6.53173,6.72062,6.47208,6.72062,0,0
PCF_PB,D,20220201,000000,6.77033,6.89957,6.70074,6.78027,0,0
PCF_PB,D,20220202,000000,6.78027,6.97911,6.72062,6.97911,0,0
PCF_PB,D,20220203,000000,6.99899,7.02882,6.9294,6.99899,0,0
PCF_PB,D,20220204,000000,6.98905,7.07852,6.90951,7.07852,0,0
PCF_PB,D,20220207,000000,7.0487,7.07852,7.02882,7.07852,0,0
PCF_PB,D,20220208,000000,7.07852,7.10835,7.0487,7.05864,0,0
PCF_PB,D,20220209,000000,7.05864,7.05864,6.95922,7.05864,0,0
PCF_PB,D,20220210,000000,6.97911,7.09841,6.97911,7.08847,0,0
PCF_PB,D,20220211,000000,7.08847,7.10835,6.94928,7.08847,0,0
PCF_PB,D,20220214,000000,6.90951,6.90951,6.51184,6.88963,0,0
PCF_PB,D,20220215,000000,6.78027,6.88963,6.72062,6.86975,0,0
PCF_PB,D,20220216,000000,6.84986,6.94928,6.75045,6.82004,0,0
PCF_PB,D,20220217,000000,6.82004,6.82004,6.72062,6.78027,0,0
PCF_PB,D,20220218,000000,6.86975,6.93934,6.7405,6.83992,0,0
PCF_PB,D,20220221,000000,6.82998,6.83992,6.31301,6.61126,0,0
PCF_PB,D,20220222,000000,6.51184,6.82998,6.28318,6.82998,0,0
PCF_PB,D,20220223,000000,6.82998,7.10835,6.82998,7.05864,0,0
PCF_PB,D,20220224,000000,6.16388,6.70074,5.56738,6.70074,0,0
PCF_PB,D,20220225,000000,6.65103,6.78027,6.45219,6.78027,0,0
PCF_PB,D,20220228,000000,6.65103,7.02882,6.44225,7.02882,0,0
PCF_PB,D,20220301,000000,6.83992,7.02882,6.37266,6.37266,0,0
PCF_PB,D,20220302,000000,6.28318,6.37266,6.04458,6.28318,0,0
PCF_PB,D,20220303,000000,6.16388,6.39254,6.10423,6.13406,0,0
PCF_PB,D,20220304,000000,6.10423,6.41243,5.99487,6.41243,0,0
PCF_PB,D,20220307,000000,6.3826,6.53173,5.99487,6.53173,0,0
PCF_PB,D,20220308,000000,6.51184,6.53173,6.13406,6.53173,0,0
PCF_PB,D,20220309,000000,6.52179,6.60132,6.33289,6.53173,0,0
PCF_PB,D,20220310,000000,6.52179,6.72062,6.34283,6.59138,0,0
PCF_PB,D,20220311,000000,6.59138,6.7405,6.43231,6.7405,0,0
PCF_PB,D,20220314,000000,6.72062,6.72062,6.42237,6.44225,0,0
PCF_PB,D,20220315,000000,6.53173,6.64109,6.36272,6.54167,0,0
PCF_PB,D,20220316,000000,6.65103,6.65103,6.52179,6.59138,0,0
PCF_PB,D,20220317,000000,6.65103,6.89957,6.56155,6.80016,0,0
PCF_PB,D,20220318,000000,6.87969,6.89957,6.80016,6.89957,0,0
PCF_PB,D,20220321,000000,6.88963,6.94928,6.82004,6.89957,0,0
PCF_PB,D,20220322,000000,6.89957,6.90951,6.80016,6.90951,0,0
PCF_PB,D,20220323,000000,6.90951,6.90951,6.80016,6.82004,0,0
PCF_PB,D,20220324,000000,6.89957,6.90951,6.79021,6.89957,0,0
PCF_PB,D,20220325,000000,6.89957,6.89957,6.79021,6.79021,0,0
PCF_PB,D,20220328,000000,6.89957,6.9294,6.78027,6.82004,0,0
PCF_PB,D,20220329,000000,6.89957,6.90951,6.78027,6.84986,0,0
PCF_PB,D,20220330,000000,6.90951,6.95922,6.72062,6.94928,0,0
PCF_PB,D,20220331,000000,6.95922,7.30718,6.88963,7.29724,0,0
PCF_PB,D,20220401,000000,7.30718,7.39666,7.15806,7.39666,0,0
PCF_PB,D,20220404,000000,7.39666,7.62532,7.34695,7.62532,0,0
PCF_PB,D,20220405,000000,7.61538,7.69491,7.39666,7.48614,0,0
PCF_PB,D,20220406,000000,7.48614,7.48614,7.12823,7.26742,0,0
PCF_PB,D,20220407,000000,7.38672,7.63526,7.21771,7.62532,0,0
PCF_PB,D,20220408,000000,7.68497,7.68497,7.39666,7.62532,0,0
PCF_PB,D,20220411,000000,7.57561,7.62532,7.45631,7.61538,0,0
PCF_PB,D,20220412,000000,7.62532,7.63526,7.51596,7.63526,0,0
PCF_PB,D,20220413,000000,7.51596,7.61538,7.51596,7.61538,0,0
PCF_PB,D,20220414,000000,7.61538,7.62532,7.46625,7.51596,0,0
PCF_PB,D,20220419,000000,7.39666,7.50602,7.21771,7.48614,0,0
PCF_PB,D,20220420,000000,7.45631,7.87386,7.45631,7.82416,0,0
PCF_PB,D,20220421,000000,7.82416,7.82416,7.43643,7.82416,0,0
PCF_PB,D,20220422,000000,7.91363,8.36101,7.65515,8.12241,0,0
PCF_PB,D,20220425,000000,8.11247,8.22183,7.48614,7.48614,0,0
PCF_PB,D,20220426,000000,7.45631,7.63526,7.23759,7.4066,0,0
PCF_PB,D,20220427,000000,7.2873,7.4066,6.88963,7.05864,0,0
PCF_PB,D,20220428,000000,7.05864,7.34695,6.93934,7.34695,0,0
PCF_PB,D,20220429,000000,7.48614,7.48614,7.06858,7.09841,0,0
PCF_PB,D,20220502,000000,7.00893,7.09841,6.77033,6.77033,0,0
PCF_PB,D,20220504,000000,6.71068,6.71068,6.52179,6.52179,0,0
PCF_PB,D,20220505,000000,6.5019,6.5019,5.92528,6.01476,0,0
PCF_PB,D,20220506,000000,6.01476,6.01476,5.73639,5.77616,0,0
PCF_PB,D,20220509,000000,5.74633,5.7861,5.43814,5.43814,0,0
PCF_PB,D,20220510,000000,5.33872,5.53755,5.25918,5.40831,0,0
PCF_PB,D,20220511,000000,5.39837,5.67674,5.39837,5.5475,0,0
PCF_PB,D,20220512,000000,5.43814,5.43814,4.91122,5.21942,0,0
PCF_PB,D,20220513,000000,5.31883,5.42819,5.25918,5.42819,0,0
PCF_PB,D,20220516,000000,5.43814,5.5972,5.42819,5.5475,0,0
PCF_PB,D,20220517,000000,5.45802,5.95511,5.45802,5.94517,0,0
PCF_PB,D,20220518,000000,5.95511,6.01476,5.85569,6.01476,0,0
PCF_PB,D,20220519,000000,5.85569,6.24342,5.60715,6.24342,0,0
PCF_PB,D,20220520,000000,6.0247,6.23348,5.9054,6.13406,0,0
PCF_PB,D,20220523,000000,6.09429,6.20365,5.95511,6.06447,0,0
PCF_PB,D,20220524,000000,6.11417,6.11417,5.79604,5.89546,0,0
PCF_PB,D,20220525,000000,5.89546,6.24342,5.7861,6.24342,0,0
PCF_PB,D,20220526,000000,6.23348,6.23348,6.01476,6.20365,0,0
PCF_PB,D,20220527,000000,6.0247,6.0247,5.83581,5.99487,0,0
PCF_PB,D,20220530,000000,5.92528,5.99487,5.83581,5.99487,0,0
PCF_PB,D,20220531,000000,6.00482,6.00482,5.6668,5.89546,0,0
PCF_PB,D,20220601,000000,5.68668,5.89546,5.60715,5.6668,0,0
PCF_PB,D,20220602,000000,5.61709,5.87557,5.58726,5.87557,0,0
PCF_PB,D,20220603,000000,5.87557,6.31301,5.55744,5.55744,0,0
PCF_PB,D,20220606,000000,5.5475,5.75627,5.51767,5.65685,0,0
PCF_PB,D,20220607,000000,5.65685,5.70656,5.65685,5.6668,0,0
PCF_PB,D,20220608,000000,5.70656,5.73639,5.60715,5.65685,0,0
PCF_PB,D,20220609,000000,5.56738,5.65685,5.56738,5.62703,0,0
PCF_PB,D,20220610,000000,5.5475,5.62703,5.49779,5.57732,0,0
PCF_PB,D,20220613,000000,5.5475,5.5475,5.38843,5.49779,0,0
PCF_PB,D,20220614,000000,5.49779,5.49779,5.41825,5.42819,0,0
PCF_PB,D,20220615,000000,5.5475,5.5475,5.34866,5.42819,0,0
PCF_PB,D,20220617,000000,5.43814,5.50773,5.38843,5.49779,0,0
PCF_PB,D,20220620,000000,5.45802,5.45802,5.37849,5.41825,0,0
PCF_PB,D,20220621,000000,5.37849,5.60715,5.37849,5.56738,0,0
PCF_PB,D,20220622,000000,5.49779,5.49779,5.27907,5.32878,0,0
PCF_PB,D,20220623,000000,5.43814,5.43814,5.38843,5.39837,0,0
PCF_PB,D,20220624,000000,5.39837,5.39837,5.07029,5.27907,0,0
PCF_PB,D,20220627,000000,5.32878,5.46796,5.12,5.46796,0,0
PCF_PB,D,20220628,000000,5.43814,5.75627,5.43814,5.75627,0,0
PCF_PB,D,20220629,000000,5.67674,6.11417,5.67674,6.11417,0,0
PCF_PB,D,20220630,000000,6.09429,6.20365,5.92528,6.20365,0,0
PCF_PB,D,20220701,000000,6.24342,6.24342,5.65685,5.80598,0,0
PCF_PB,D,20220704,000000,5.65685,5.65685,5.43814,5.60715,0,0
PCF_PB,D,20220705,000000,5.46796,5.5475,5.38843,5.5475,0,0
PCF_PB,D,20220706,000000,5.41825,5.65685,5.41825,5.60715,0,0
PCF_PB,D,20220707,000000,5.6,5.65,5.48,5.65,0,0
PCF_PB,D,20220708,000000,5.79,5.87,5.6,5.87,0,0
PCF_PB,D,20220711,000000,5.87,5.87,5.59,5.62,0,0
PCF_PB,D,20220712,000000,5.6,5.66,5.56,5.66,0,0
PCF_PB,D,20220713,000000,5.65,5.65,5.52,5.55,0,0
PCF_PB,D,20220714,000000,5.55,5.57,5.48,5.57,0,0
PCF_PB,D,20220715,000000,5.58,5.62,5.5,5.5,0,0
PCF_PB,D,20220718,000000,5.5,5.64,5.48,5.48,0,0
PCF_PB,D,20220719,000000,5.48,5.56,5.39,5.39,0,0
PCF_PB,D,20220720,000000,5.46,5.46,5.39,5.43,0,0
PCF_PB,D,20220721,000000,5.47,5.47,5.41,5.43,0,0
PCF_PB,D,20220722,000000,5.4,5.57,5.39,5.44,0,0
PCF_PB,D,20220725,000000,5.55,5.55,5.38,5.38,0,0
PCF_PB,D,20220726,000000,5.55,5.55,5.29,5.38,0,0
PCF_PB,D,20220727,000000,5.36,5.45,5.29,5.41,0,0
PCF_PB,D,20220728,000000,5.45,5.53,5.45,5.53,0,0
PCF_PB,D,20220729,000000,5.49,5.56,5.47,5.53,0,0
PCF_PB,D,20220801,000000,5.62,5.64,5.38,5.53,0,0
PCF_PB,D,20220802,000000,5.58,5.58,5.41,5.53,0,0
PCF_PB,D,20220803,000000,5.47,5.64,5.44,5.64,0,0
PCF_PB,D,20220804,000000,5.64,5.64,5.48,5.58,0,0
PCF_PB,D,20220805,000000,5.64,5.64,5.43,5.52,0,0
PCF_PB,D,20220808,000000,5.39,5.46,5.39,5.45,0,0
PCF_PB,D,20220809,000000,5.46,5.47,5.42,5.47,0,0
PCF_PB,D,20220810,000000,5.47,5.47,5.41,5.47,0,0
PCF_PB,D,20220811,000000,5.39,5.45,5.35,5.38,0,0
PCF_PB,D,20220812,000000,5.42,5.42,5.36,5.37,0,0
PCF_PB,D,20220816,000000,5.37,5.59,5.37,5.5,0,0
PCF_PB,D,20220817,000000,5.59,5.59,5.46,5.52,0,0
PCF_PB,D,20220818,000000,5.47,5.47,5.39,5.47,0,0
PCF_PB,D,20220819,000000,5.47,5.47,5.34,5.42,0,0
PCF_PB,D,20220822,000000,5.32,5.46,5.32,5.46,0,0
PCF_PB,D,20220823,000000,5.46,5.46,5.32,5.41,0,0
PCF_PB,D,20220824,000000,5.46,5.46,5.3,5.38,0,0
PCF_PB,D,20220825,000000,5.31,5.35,5.3,5.31,0,0
PCF_PB,D,20220826,000000,5.32,5.32,5.22,5.29,0,0
PCF_PB,D,20220829,000000,5.29,5.29,4.83,5.22,0,0
PCF_PB,D,20220830,000000,5.22,5.22,5.07,5.16,0,0
PCF_PB,D,20220831,000000,5.25,5.25,4.98,5,0,0
PCF_PB,D,20220901,000000,4.95,5.19,4.95,5.19,0,0
PCF_PB,D,20220902,000000,5.19,5.19,5.03,5.11,0,0
PCF_PB,D,20220905,000000,5.09,5.09,4.91,5.01,0,0
PCF_PB,D,20220906,000000,4.92,4.97,4.69,4.81,0,0
PCF_PB,D,20220907,000000,4.81,4.81,4.69,4.81,0,0
PCF_PB,D,20220908,000000,4.81,4.81,4.62,4.74,0,0
PCF_PB,D,20220909,000000,4.74,4.92,4.68,4.81,0,0
PCF_PB,D,20220912,000000,4.81,4.81,4.74,4.81,0,0
PCF_PB,D,20220913,000000,4.81,4.98,4.81,4.93,0,0
PCF_PB,D,20220914,000000,4.81,4.99,4.81,4.92,0,0
PCF_PB,D,20220915,000000,4.92,5.24,4.92,5.14,0,0
PCF_PB,D,20220916,000000,5.14,5.14,4.98,5.13,0,0
PCF_PB,D,20220919,000000,5.13,5.13,5,5.02,0,0
PCF_PB,D,20220920,000000,5.02,5.04,4.81,4.81,0,0
PCF_PB,D,20220921,000000,4.9,5,4.78,4.96,0,0
PCF_PB,D,20220922,000000,4.92,5.03,4.81,4.81,0,0
PCF_PB,D,20220923,000000,4.77,4.92,4.77,4.92,0,0
PCF_PB,D,20220926,000000,4.49,4.49,4.29,4.35,0,0
PCF_PB,D,20220927,000000,4.37,4.37,4.19,4.26,0,0
PCF_PB,D,20220928,000000,4.19,4.54,4.19,4.54,0,0
PCF_PB,D,20220929,000000,4.58,4.59,4.43,4.5,0,0
PCF_PB,D,20220930,000000,4.54,4.54,4.44,4.51,0,0
PCF_PB,D,20221003,000000,4.5,4.5,4.28,4.38,0,0
PCF_PB,D,20221004,000000,4.28,4.49,4.28,4.43,0,0
PCF_PB,D,20221005,000000,4.38,4.42,4.33,4.4,0,0
PCF_PB,D,20221006,000000,4.4,4.51,4.4,4.43,0,0
PCF_PB,D,20221007,000000,4.42,4.51,4.38,4.51,0,0
PCF_PB,D,20221010,000000,4.51,4.51,4.32,4.43,0,0
PCF_PB,D,20221011,000000,4.45,4.45,4.32,4.37,0,0
PCF_PB,D,20221012,000000,4.31,4.37,4.3,4.31,0,0
PCF_PB,D,20221013,000000,4.39,4.39,4.25,4.25,0,0
PCF_PB,D,20221014,000000,4.26,4.44,4.26,4.41,0,0
PCF_PB,D,20221017,000000,4.5,4.5,4.41,4.5,0,0
PCF_PB,D,20221018,000000,4.51,4.68,4.41,4.67,0,0
PCF_PB,D,20221019,000000,4.64,4.72,4.63,4.72,0,0
PCF_PB,D,20221020,000000,4.72,4.72,4.51,4.62,0,0
PCF_PB,D,20221021,000000,4.67,4.67,4.44,4.52,0,0
PCF_PB,D,20221024,000000,4.61,4.61,4.53,4.53,0,0
PCF_PB,D,20221025,000000,4.44,4.67,4.44,4.67,0,0
PCF_PB,D,20221026,000000,4.67,4.72,4.61,4.72,0,0
PCF_PB,D,20221027,000000,4.84,4.99,4.72,4.99,0,0
PCF_PB,D,20221028,000000,4.97,5.04,4.81,5.04,0,0
PCF_PB,D,20221031,000000,5.03,5.2,4.87,5.1,0,0
PCF_PB,D,20221102,000000,5.05,5.05,4.94,5,0,0
PCF_PB,D,20221103,000000,4.99,4.99,4.62,4.73,0,0
PCF_PB,D,20221104,000000,4.73,4.8,4.73,4.77,0,0
PCF_PB,D,20221107,000000,4.73,4.84,4.71,4.73,0,0
PCF_PB,D,20221108,000000,4.77,4.77,4.61,4.69,0,0
PCF_PB,D,20221109,000000,4.69,4.69,4.52,4.68,0,0
PCF_PB,D,20221110,000000,4.65,4.72,4.62,4.72,0,0
PCF_PB,D,20221114,000000,4.72,4.73,4.59,4.72,0,0
PCF_PB,D,20221115,000000,4.73,4.73,4.6,4.73,0,0
PCF_PB,D,20221116,000000,4.59,4.67,4.57,4.64,0,0
PCF_PB,D,20221117,000000,4.49,4.64,4.49,4.51,0,0
PCF_PB,D,20221118,000000,4.61,4.62,4.48,4.62,0,0
PCF_PB,D,20221121,000000,4.62,4.73,4.61,4.73,0,0
PCF_PB,D,20221122,000000,4.78,4.78,4.53,4.74,0,0
PCF_PB,D,20221123,000000,4.74,4.74,4.62,4.7,0,0
PCF_PB,D,20221124,000000,4.73,4.73,4.58,4.67,0,0
PCF_PB,D,20221125,000000,4.67,4.67,4.55,4.62,0,0
PCF_PB,D,20221128,000000,4.62,4.62,4.53,4.59,0,0
PCF_PB,D,20221129,000000,4.59,4.59,4.22,4.22,0,0
PCF_PB,D,20221130,000000,4.22,4.22,4.12,4.12,0,0
PCF_PB,D,20221201,000000,4.21,4.22,4.08,4.16,0,0
PCF_PB,D,20221202,000000,4.21,4.21,4.1,4.12,0,0
PCF_PB,D,20221205,000000,4.11,4.15,4.04,4.08,0,0
PCF_PB,D,20221206,000000,4.11,4.11,4.04,4.07,0,0
PCF_PB,D,20221207,000000,4.04,4.09,4.02,4.07,0,0
PCF_PB,D,20221208,000000,4.2,4.2,3.97,4.11,0,0
PCF_PB,D,20221209,000000,4.12,4.12,3.97,4.02,0,0
PCF_PB,D,20221212,000000,4.02,4.07,3.97,4.02,0,0
PCF_PB,D,20221213,000000,4.02,4.07,3.98,4.07,0,0
PCF_PB,D,20221214,000000,4.02,4.07,3.9,4,0,0
PCF_PB,D,20221215,000000,4.07,4.07,3.93,4.02,0,0
PCF_PB,D,20221216,000000,4.02,4.08,3.99,3.99,0,0
PCF_PB,D,20221219,000000,4,4,3.92,3.98,0,0
PCF_PB,D,20221220,000000,3.92,3.99,3.92,3.94,0,0
PCF_PB,D,20221221,000000,3.92,3.99,3.88,3.96,0,0
PCF_PB,D,20221222,000000,3.99,3.99,3.92,3.96,0,0
PCF_PB,D,20221223,000000,3.98,3.98,3.9,3.95,0,0
PCF_PB,D,20221227,000000,3.94,3.96,3.85,3.89,0,0
PCF_PB,D,20221228,000000,3.91,3.96,3.89,3.92,0,0
PCF_PB,D,20221229,000000,3.98,3.98,3.92,3.92,0,0
PCF_PB,D,20221230,000000,3.92,3.94,3.89,3.94,0,0
PCF_PB,D,20230102,000000,3.94,3.98,3.91,3.96,0,0
PCF_PB,D,20230103,000000,3.94,4.09,3.91,4.09,0,0
PCF_PB,D,20230104,000000,4.09,4.19,4.07,4.16,0,0
PCF_PB,D,20230105,000000,4.16,4.16,4.04,4.12,0,0
PCF_PB,D,20230109,000000,4.12,4.15,3.93,4.11,0,0
PCF_PB,D,20230110,000000,4.11,4.11,3.9,3.96,0,0
PCF_PB,D,20230111,000000,4.06,4.06,3.97,3.97,0,0
PCF_PB,D,20230112,000000,3.97,4.02,3.92,4,0,0
PCF_PB,D,20230113,000000,4.01,4.02,3.94,3.97,0,0
PCF_PB,D,20230116,000000,4.02,4.02,3.97,3.97,0,0
PCF_PB,D,20230117,000000,4.06,4.06,3.95,3.98,0,0
PCF_PB,D,20230118,000000,3.99,4,3.93,3.97,0,0
PCF_PB,D,20230119,000000,3.97,3.98,3.93,3.97,0,0
PCF_PB,D,20230120,000000,3.98,3.98,3.9,3.9,0,0
PCF_PB,D,20230123,000000,3.92,3.97,3.92,3.94,0,0
PCF_PB,D,20230124,000000,3.96,3.96,3.9,3.93,0,0
PCF_PB,D,20230125,000000,3.96,3.97,3.89,3.97,0,0
PCF_PB,D,20230126,000000,3.89,3.97,3.89,3.97,0,0
PCF_PB,D,20230127,000000,3.96,4.05,3.92,4.05,0,0
PCF_PB,D,20230130,000000,3.94,4,3.89,3.92,0,0
PCF_PB,D,20230131,000000,3.99,4,3.89,3.99,0,0
PCF_PB,D,20230201,000000,3.82,3.96,3.7,3.81,0,0
PCF_PB,D,20230202,000000,3.8,3.88,3.75,3.79,0,0
PCF_PB,D,20230203,000000,3.84,3.84,3.76,3.77,0,0
PCF_PB,D,20230206,000000,3.75,3.76,3.7,3.71,0,0
PCF_PB,D,20230207,000000,3.71,3.73,3.67,3.72,0,0
PCF_PB,D,20230208,000000,3.72,3.87,3.66,3.74,0,0
PCF_PB,D,20230209,000000,3.74,3.87,3.68,3.74,0,0
PCF_PB,D,20230210,000000,3.74,3.74,3.64,3.72,0,0
PCF_PB,D,20230213,000000,3.72,3.72,3.63,3.68,0,0
PCF_PB,D,20230214,000000,3.71,3.72,3.63,3.72,0,0
PCF_PB,D,20230215,000000,3.72,3.82,3.67,3.82,0,0
PCF_PB,D,20230216,000000,3.82,3.82,3.72,3.8,0,0
PCF_PB,D,20230217,000000,3.81,3.81,3.66,3.74,0,0
PCF_PB,D,20230220,000000,3.73,3.73,3.72,3.72,0,0
PCF_PB,D,20230221,000000,3.71,3.8,3.71,3.77,0,0
PCF_PB,D,20230222,000000,3.79,3.79,3.67,3.72,0,0
PCF_PB,D,20230223,000000,3.72,3.72,3.69,3.72,0,0
PCF_PB,D,20230224,000000,3.74,3.74,3.68,3.71,0,0
PCF_PB,D,20230227,000000,3.68,3.74,3.68,3.74,0,0
PCF_PB,D,20230228,000000,3.74,3.74,3.68,3.7,0,0
PCF_PB,D,20230301,000000,3.7,3.74,3.7,3.74,0,0
PCF_PB,D,20230302,000000,3.7,3.72,3.65,3.65,0,0
PCF_PB,D,20230303,000000,3.68,3.69,3.65,3.67,0,0
PCF_PB,D,20230306,000000,3.69,3.74,3.69,3.74,0,0
PCF_PB,D,20230307,000000,3.74,3.77,3.69,3.77,0,0
PCF_PB,D,20230308,000000,3.73,3.76,3.71,3.76,0,0
PCF_PB,D,20230309,000000,3.76,3.76,3.63,3.69,0,0
PCF_PB,D,20230310,000000,3.63,3.69,3.59,3.65,0,0
PCF_PB,D,20230313,000000,3.64,3.64,3.55,3.61,0,0
PCF_PB,D,20230314,000000,3.61,3.61,3.55,3.6,0,0
PCF_PB,D,20230315,000000,3.6,3.6,3.45,3.53,0,0
PCF_PB,D,20230316,000000,3.53,3.53,3.45,3.53,0,0
PCF_PB,D,20230317,000000,3.53,3.61,3.53,3.53,0,0
PCF_PB,D,20230320,000000,3.53,3.63,3.53,3.63,0,0
PCF_PB,D,20230321,000000,3.73,3.77,3.56,3.77,0,0
PCF_PB,D,20230322,000000,3.76,3.82,3.73,3.82,0,0
PCF_PB,D,20230323,000000,3.74,3.82,3.74,3.82,0,0
PCF_PB,D,20230324,000000,3.82,3.82,3.74,3.81,0,0
PCF_PB,D,20230327,000000,3.82,3.82,3.71,3.74,0,0
PCF_PB,D,20230328,000000,3.74,3.74,3.69,3.71,0,0
PCF_PB,D,20230329,000000,4.04,4.21,3.86,4.13,0,0
PCF_PB,D,20230330,000000,4.14,4.16,3.99,4.09,0,0
PCF_PB,D,20230331,000000,4.09,4.09,4.04,4.05,0,0
PCF_PB,D,20230403,000000,4.12,4.12,4.03,4.04,0,0
PCF_PB,D,20230404,000000,4.06,4.06,3.99,4,0,0
PCF_PB,D,20230405,000000,4.04,4.04,3.89,3.95,0,0
PCF_PB,D,20230406,000000,3.97,3.97,3.87,3.87,0,0
PCF_PB,D,20230411,000000,3.87,4.03,3.87,3.92,0,0
PCF_PB,D,20230412,000000,3.93,3.95,3.9,3.91,0,0
PCF_PB,D,20230413,000000,3.93,3.97,3.9,3.97,0,0
PCF_PB,D,20230414,000000,3.93,4.04,3.93,3.93,0,0
PCF_PB,D,20230417,000000,3.94,4.03,3.94,4.01,0,0
PCF_PB,D,20230418,000000,4.01,4.01,3.87,3.87,0,0
PCF_PB,D,20230419,000000,3.87,3.93,3.87,3.93,0,0
PCF_PB,D,20230420,000000,3.93,3.93,3.88,3.93,0,0
PCF_PB,D,20230421,000000,3.93,3.93,3.87,3.88,0,0
PCF_PB,D,20230424,000000,3.91,3.91,3.86,3.86,0,0
PCF_PB,D,20230425,000000,3.85,3.9,3.85,3.85,0,0
PCF_PB,D,20230426,000000,3.85,3.86,3.84,3.84,0,0
PCF_PB,D,20230427,000000,3.84,3.84,3.71,3.82,0,0
PCF_PB,D,20230428,000000,3.86,3.91,3.77,3.9,0,0
PCF_PB,D,20230502,000000,3.9,4.41,3.87,4.41,0,0
PCF_PB,D,20230504,000000,4.44,4.47,4.4,4.43,0,0
PCF_PB,D,20230505,000000,4.43,4.43,4.31,4.4,0,0
PCF_PB,D,20230508,000000,4.42,4.51,4.31,4.44,0,0
PCF_PB,D,20230509,000000,4.44,4.51,4.41,4.51,0,0
PCF_PB,D,20230510,000000,4.51,4.52,4.42,4.52,0,0
PCF_PB,D,20230511,000000,4.42,4.52,4.42,4.51,0,0
PCF_PB,D,20230512,000000,4.51,4.52,4.45,4.52,0,0
PCF_PB,D,20230515,000000,4.52,4.52,4.45,4.51,0,0
PCF_PB,D,20230516,000000,4.5,4.51,4.5,4.5,0,0
PCF_PB,D,20230517,000000,4.42,4.47,4.42,4.44,0,0
PCF_PB,D,20230518,000000,4.5,4.52,4.38,4.52,0,0
PCF_PB,D,20230519,000000,4.52,4.59,4.51,4.59,0,0
PCF_PB,D,20230522,000000,4.58,4.58,4.43,4.5,0,0
PCF_PB,D,20230523,000000,4.52,4.52,4.36,4.47,0,0
PCF_PB,D,20230524,000000,4.46,4.46,4.35,4.45,0,0
PCF_PB,D,20230525,000000,4.45,4.45,4.36,4.4,0,0
PCF_PB,D,20230526,000000,4.42,4.42,4.33,4.42,0,0
PCF_PB,D,20230529,000000,4.34,4.42,4.32,4.42,0,0
PCF_PB,D,20230530,000000,4.48,4.48,4.39,4.4,0,0
PCF_PB,D,20230531,000000,4.4,4.43,4.39,4.39,0,0
PCF_PB,D,20230601,000000,4.39,4.59,4.39,4.48,0,0
PCF_PB,D,20230602,000000,4.5,4.59,4.43,4.59,0,0
PCF_PB,D,20230605,000000,4.59,4.59,4.45,4.45,0,0
PCF_PB,D,20230606,000000,4.45,4.64,4.45,4.61,0,0
PCF_PB,D,20230607,000000,4.64,4.75,4.64,4.74,0,0
PCF_PB,D,20230609,000000,4.74,4.86,4.73,4.84,0,0
PCF_PB,D,20230612,000000,4.84,4.84,4.7,4.78,0,0
PCF_PB,D,20230613,000000,4.78,4.78,4.54,4.59,0,0
PCF_PB,D,20230614,000000,4.59,4.9,4.49,4.78,0,0
PCF_PB,D,20230615,000000,4.88,5.06,4.78,4.97,0,0
PCF_PB,D,20230616,000000,5,5.18,4.91,5.15,0,0
PCF_PB,D,20230619,000000,5.31,5.45,5.19,5.4,0,0
PCF_PB,D,20230620,000000,5.4,5.4,5.18,5.26,0,0
PCF_PB,D,20230621,000000,5.18,5.22,5.09,5.17,0,0
PCF_PB,D,20230622,000000,5.09,5.68,5.08,5.68,0,0
PCF_PB,D,20230623,000000,5.68,5.69,5.45,5.5,0,0
PCF_PB,D,20230626,000000,5.49,5.49,5.25,5.39,0,0
PCF_PB,D,20230627,000000,5.38,5.6,5.28,5.6,0,0
PCF_PB,D,20230628,000000,5.62,5.88,5.57,5.88,0,0
PCF_PB,D,20230629,000000,5.88,6.07,5.75,6.07,0,0
PCF_PB,D,20230630,000000,6.07,6.19,6,6.19,0,0
PCF_PB,D,20230703,000000,6.19,6.19,5.96,6,0,0
PCF_PB,D,20230704,000000,6,6.09,5.77,5.79,0,0
PCF_PB,D,20230705,000000,5.97,5.97,5.8,5.8,0,0
PCF_PB,D,20230706,000000,5.8,5.84,5.68,5.77,0,0
PCF_PB,D,20230707,000000,5.77,5.77,5.65,5.74,0,0
PCF_PB,D,20230710,000000,5.67,5.69,5.44,5.68,0,0
PCF_PB,D,20230711,000000,5.38,5.42,5.31,5.36,0,0
PCF_PB,D,20230712,000000,5.36,5.47,5.31,5.31,0,0
PCF_PB,D,20230713,000000,5.41,5.43,5.33,5.33,0,0
PCF_PB,D,20230714,000000,5.4,5.5,5.32,5.5,0,0
PCF_PB,D,20230717,000000,5.39,5.49,5.39,5.46,0,0
PCF_PB,D,20230718,000000,5.5,5.5,5.34,5.38,0,0
PCF_PB,D,20230719,000000,5.37,5.44,5.31,5.39,0,0
PCF_PB,D,20230720,000000,5.38,5.39,5.33,5.38,0,0
PCF_PB,D,20230721,000000,5.38,5.38,5.31,5.31,0,0
PCF_PB,D,20230724,000000,5.37,5.38,5.31,5.38,0,0
PCF_PB,D,20230725,000000,5.38,5.42,5.35,5.35,0,0
PCF_PB,D,20230726,000000,5.34,5.43,5.33,5.38,0,0
PCF_PB,D,20230727,000000,5.34,5.41,5.33,5.4,0,0
PCF_PB,D,20230728,000000,5.4,5.4,5.29,5.37,0,0
PCF_PB,D,20230731,000000,5.38,5.38,5.28,5.35,0,0
PCF_PB,D,20230801,000000,5.34,5.34,5.25,5.27,0,0
PCF_PB,D,20230802,000000,5.31,5.31,5.19,5.19,0,0
PCF_PB,D,20230803,000000,5.19,5.25,5.14,5.25,0,0
PCF_PB,D,20230804,000000,5.3,5.353,5.3,5.315,0,0
PCF_PB,D,20230807,000000,5.227,5.378,5.227,5.378,0,0
PCF_PB,D,20230808,000000,5.378,5.378,5.252,5.346,0,0
PCF_PB,D,20230809,000000,5.315,5.359,5.265,5.359,0,0
PCF_PB,D,20230810,000000,5.328,5.328,5.171,5.19,0,0
PCF_PB,D,20230811,000000,5.19,5.215,5.152,5.178,0,0
PCF_PB,D,20230814,000000,5.152,5.24,5.127,5.24,0,0
PCF_PB,D,20230816,000000,5.19,5.309,5.084,5.19,0,0
PCF_PB,D,20230817,000000,5.183,5.227,5.084,5.215,0,0
PCF_PB,D,20230818,000000,5.209,5.209,5.109,5.159,0,0
PCF_PB,D,20230821,000000,5.159,5.252,5.159,5.252,0,0
PCF_PB,D,20230822,000000,5.252,5.252,5.19,5.19,0,0
PCF_PB,D,20230823,000000,5.19,5.19,5.127,5.19,0,0
PCF_PB,D,20230824,000000,5.252,5.252,5.102,5.102,0,0
PCF_PB,D,20230825,000000,5.109,5.184,5.102,5.184,0,0
PCF_PB,D,20230828,000000,5.127,5.58,5.127,5.58,0,0
PCF_PB,D,20230829,000000,5.64,5.64,5.466,5.627,0,0
PCF_PB,D,20230830,000000,5.627,5.627,5.459,5.613,0,0
PCF_PB,D,20230831,000000,5.613,5.768,5.613,5.647,0,0
PCF_PB,D,20230901,000000,5.634,5.647,5.586,5.647,0,0
PCF_PB,D,20230904,000000,5.586,5.754,5.586,5.754,0,0
PCF_PB,D,20230905,000000,5.754,5.754,5.654,5.714,0,0
PCF_PB,D,20230906,000000,5.714,5.714,5.58,5.58,0,0
PCF_PB,D,20230907,000000,5.58,5.701,5.58,5.66,0,0
PCF_PB,D,20230908,000000,5.66,5.681,5.533,5.681,0,0
PCF_PB,D,20230911,000000,5.667,5.667,5.539,5.546,0,0
PCF_PB,D,20230912,000000,5.667,5.667,5.472,5.472,0,0
PCF_PB,D,20230913,000000,5.412,5.445,5.391,5.405,0,0
PCF_PB,D,20230914,000000,5.405,5.405,5.351,5.405,0,0
PCF_PB,D,20230915,000000,5.405,5.405,5.338,5.405,0,0
PCF_PB,D,20230918,000000,5.378,5.546,5.378,5.378,0,0
PCF_PB,D,20230919,000000,5.378,5.479,5.317,5.378,0,0
PCF_PB,D,20230920,000000,5.391,5.391,5.317,5.378,0,0
PCF_PB,D,20230921,000000,5.317,5.378,5.311,5.378,0,0
PCF_PB,D,20230922,000000,5.197,5.217,3.577,3.577,0,0
PCF_PB,D,20230925,000000,3.577,3.577,3.462,3.503,0,0
PCF_PB,D,20230926,000000,3.526,3.591,3.457,3.577,0,0
PCF_PB,D,20230927,000000,3.582,3.582,3.43,3.526,0,0
PCF_PB,D,20230928,000000,3.43,3.526,3.397,3.457,0,0
PCF_PB,D,20230929,000000,3.457,3.526,3.402,3.494,0,0
PCF_PB,D,20231002,000000,3.499,3.499,3.374,3.457,0,0
PCF_PB,D,20231003,000000,3.365,3.457,3.18,3.18,0,0
PCF_PB,D,20231004,000000,3.227,3.227,3.19,3.19,0,0
PCF_PB,D,20231005,000000,3.19,3.236,3.153,3.18,0,0
PCF_PB,D,20231006,000000,3.245,3.245,3.084,3.135,0,0
PCF_PB,D,20231009,000000,3.171,3.171,3.07,3.125,0,0
PCF_PB,D,20231010,000000,3.135,3.204,3.047,3.116,0,0
PCF_PB,D,20231011,000000,3.121,3.121,3.061,3.098,0,0
PCF_PB,D,20231012,000000,3.061,3.185,3.061,3.18,0,0
PCF_PB,D,20231013,000000,3.135,3.153,3.042,3.061,0,0
PCF_PB,D,20231016,000000,3.171,3.171,3.061,3.07,0,0
PCF_PB,D,20231017,000000,2.978,2.992,2.904,2.969,0,0
PCF_PB,D,20231018,000000,2.969,3.171,2.913,3.171,0,0
PCF_PB,D,20231019,000000,3.135,3.503,3.065,3.503,0,0
PCF_PB,D,20231020,000000,3.466,3.466,3.18,3.466,0,0
PCF_PB,D,20231023,000000,3.43,3.43,3.282,3.43,0,0
PCF_PB,D,20231024,000000,3.43,3.595,3.305,3.595,0,0
PCF_PB,D,20231025,000000,3.42,3.632,3.42,3.595,0,0
PCF_PB,D,20231026,000000,3.595,3.595,3.503,3.503,0,0
PCF_PB,D,20231027,000000,3.503,3.503,3.411,3.476,0,0
PCF_PB,D,20231030,000000,3.346,3.545,3.323,3.503,0,0
PCF_PB,D,20231031,000000,3.549,3.549,3.475,3.54,0,0
PCF_PB,D,20231102,000000,3.586,3.595,3.383,3.549,0,0
PCF_PB,D,20231103,000000,3.586,3.586,3.425,3.586,0,0
PCF_PB,D,20231106,000000,3.485,3.54,3.425,3.531,0,0
PCF_PB,D,20231107,000000,3.512,3.512,3.434,3.494,0,0
PCF_PB,D,20231108,000000,3.499,3.499,3.411,3.466,0,0
PCF_PB,D,20231109,000000,3.43,3.43,3.273,3.277,0,0
PCF_PB,D,20231110,000000,3.319,3.365,3.236,3.365,0,0
PCF_PB,D,20231113,000000,3.365,3.383,3.277,3.374,0,0
PCF_PB,D,20231114,000000,3.406,3.411,3.291,3.411,0,0
PCF_PB,D,20231115,000000,3.411,3.411,3.397,3.411,0,0
PCF_PB,D,20231116,000000,3.411,3.411,3.273,3.273,0,0
PCF_PB,D,20231117,000000,3.273,3.406,3.245,3.406,0,0
PCF_PB,D,20231120,000000,3.314,3.406,3.268,3.406,0,0
PCF_PB,D,20231121,000000,3.406,3.406,3.254,3.356,0,0
PCF_PB,D,20231122,000000,3.356,3.402,3.351,3.402,0,0
PCF_PB,D,20231123,000000,3.402,3.406,3.273,3.393,0,0
PCF_PB,D,20231124,000000,3.406,3.406,3.388,3.406,0,0
PCF_PB,D,20231127,000000,3.319,3.319,3.217,3.217,0,0
PCF_PB,D,20231128,000000,3.213,3.273,3.153,3.273,0,0
PCF_PB,D,20231129,000000,3.171,3.171,2.756,2.766,0,0
PCF_PB,D,20231130,000000,2.766,2.858,2.273,2.273,0,0
PCF_PB,D,20231201,000000,2.236,2.273,2.17,2.199,0,0
PCF_PB,D,20231204,000000,2.199,2.199,2.104,2.126,0,0
PCF_PB,D,20231205,000000,2.126,2.126,1.914,1.936,0,0
PCF_PB,D,20231206,000000,1.921,1.932,1.87,1.884,0,0
PCF_PB,D,20231207,000000,1.862,1.888,1.804,1.881,0,0
PCF_PB,D,20231208,000000,1.877,1.881,1.837,1.866,0,0
PCF_PB,D,20231211,000000,1.87,1.888,1.826,1.877,0,0
PCF_PB,D,20231212,000000,1.884,2.009,1.884,1.98,0,0
PCF_PB,D,20231213,000000,1.976,2.071,1.917,2.06,0,0
PCF_PB,D,20231214,000000,2.053,2.221,2.053,2.177,0,0
PCF_PB,D,20231215,000000,2.177,2.185,2.06,2.185,0,0
PCF_PB,D,20231218,000000,2.17,2.214,2.134,2.137,0,0
PCF_PB,D,20231219,000000,2.163,2.163,2.09,2.123,0,0
PCF_PB,D,20231220,000000,2.119,2.119,1.98,2.06,0,0
PCF_PB,D,20231221,000000,2.104,2.185,2.097,2.185,0,0
PCF_PB,D,20231222,000000,2.331,2.331,2.185,2.251,0,0
PCF_PB,D,20231227,000000,2.331,2.331,2.273,2.273,0,0
PCF_PB,D,20231228,000000,2.331,2.401,2.28,2.383,0,0
PCF_PB,D,20231229,000000,2.357,2.376,2.159,2.159,0,0
PCF_PB,D,20240102,000000,2.177,2.251,2.159,2.251,0,0
PCF_PB,D,20240103,000000,2.247,2.32,2.247,2.298,0,0
PCF_PB,D,20240104,000000,2.298,2.335,2.247,2.247,0,0
PCF_PB,D,20240105,000000,2.229,2.309,2.229,2.269,0,0
PCF_PB,D,20240108,000000,2.269,2.269,2.207,2.236,0,0
PCF_PB,D,20240109,000000,2.236,2.262,2.218,2.225,0,0
PCF_PB,D,20240110,000000,2.225,2.273,2.159,2.273,0,0
PCF_PB,D,20240111,000000,2.266,2.269,2.225,2.269,0,0
PCF_PB,D,20240112,000000,2.269,2.269,2.166,2.166,0,0
PCF_PB,D,20240115,000000,2.166,2.218,2.166,2.185,0,0
PCF_PB,D,20240116,000000,2.185,2.185,2.148,2.181,0,0
PCF_PB,D,20240117,000000,2.181,2.181,2.097,2.126,0,0
PCF_PB,D,20240118,000000,2.126,2.126,2.108,2.112,0,0
PCF_PB,D,20240119,000000,2.119,2.134,2.082,2.134,0,0
PCF_PB,D,20240122,000000,2.126,2.126,2.075,2.075,0,0
PCF_PB,D,20240123,000000,2.078,2.112,2.056,2.056,0,0
PCF_PB,D,20240124,000000,2.056,2.078,2.045,2.053,0,0
PCF_PB,D,20240125,000000,2.082,2.082,1.965,1.98,0,0
PCF_PB,D,20240126,000000,1.994,2.009,1.936,2.002,0,0
PCF_PB,D,20240129,000000,1.976,2.038,1.954,2.016,0,0
PCF_PB,D,20240130,000000,2.016,2.016,2.009,2.009,0,0
PCF_PB,D,20240131,000000,2.009,2.045,2.002,2.031,0,0
PCF_PB,D,20240201,000000,2.031,2.031,1.936,2.016,0,0
PCF_PB,D,20240202,000000,2.031,2.031,1.965,1.987,0,0
PCF_PB,D,20240205,000000,2.024,2.024,1.943,1.98,0,0
PCF_PB,D,20240206,000000,1.98,1.98,1.925,1.928,0,0
PCF_PB,D,20240207,000000,1.965,1.965,1.892,1.95,0,0
PCF_PB,D,20240208,000000,1.95,1.95,1.892,1.899,0,0
PCF_PB,D,20240209,000000,1.906,1.943,1.906,1.906,0,0
PCF_PB,D,20240212,000000,1.91,1.932,1.895,1.932,0,0
PCF_PB,D,20240213,000000,1.932,1.932,1.892,1.892,0,0
PCF_PB,D,20240214,000000,1.888,1.947,1.888,1.906,0,0
PCF_PB,D,20240215,000000,1.899,1.906,1.873,1.906,0,0
PCF_PB,D,20240216,000000,1.906,1.906,1.859,1.87,0,0
PCF_PB,D,20240219,000000,1.87,1.87,1.848,1.862,0,0
PCF_PB,D,20240220,000000,1.851,1.87,1.84,1.84,0,0
PCF_PB,D,20240221,000000,1.84,1.862,1.833,1.84,0,0
PCF_PB,D,20240222,000000,1.84,1.84,1.796,1.829,0,0
PCF_PB,D,20240223,000000,1.8,1.807,1.771,1.771,0,0
PCF_PB,D,20240226,000000,1.782,1.822,1.782,1.818,0,0
PCF_PB,D,20240227,000000,1.804,1.804,1.774,1.8,0,0
PCF_PB,D,20240228,000000,1.785,1.785,1.76,1.767,0,0
PCF_PB,D,20240229,000000,1.782,1.785,1.76,1.76,0,0
PCF_PB,D,20240301,000000,1.76,1.782,1.756,1.782,0,0
PCF_PB,D,20240304,000000,1.782,1.782,1.763,1.782,0,0
PCF_PB,D,20240305,000000,1.782,1.782,1.716,1.73,0,0
PCF_PB,D,20240306,000000,1.73,1.756,1.723,1.756,0,0
PCF_PB,D,20240307,000000,1.756,1.76,1.708,1.76,0,0
PCF_PB,D,20240308,000000,1.774,1.774,1.738,1.738,0,0
PCF_PB,D,20240311,000000,1.738,1.756,1.708,1.734,0,0
PCF_PB,D,20240312,000000,1.745,1.745,1.723,1.741,0,0
PCF_PB,D,20240313,000000,1.745,1.745,1.686,1.69,0,0
PCF_PB,D,20240314,000000,1.69,1.76,1.69,1.73,0,0
PCF_PB,D,20240315,000000,1.752,1.76,1.686,1.738,0,0
PCF_PB,D,20240318,000000,1.723,1.734,1.62,1.701,0,0
PCF_PB,D,20240319,000000,1.672,1.694,1.584,1.653,0,0
PCF_PB,D,20240320,000000,1.657,1.738,1.657,1.738,0,0
PCF_PB,D,20240321,000000,1.738,1.738,1.683,1.683,0,0
PCF_PB,D,20240322,000000,1.723,1.723,1.657,1.697,0,0
PCF_PB,D,20240325,000000,1.697,1.701,1.576,1.576,0,0
PCF_PB,D,20240326,000000,1.576,1.609,1.576,1.609,0,0
PCF_PB,D,20240327,000000,1.609,1.675,1.584,1.584,0,0
PCF_PB,D,20240328,000000,1.65,1.65,1.576,1.62,0,0
PCF_PB,D,20240402,000000,1.613,1.642,1.584,1.635,0,0
PCF_PB,D,20240403,000000,1.635,1.642,1.617,1.62,0,0
PCF_PB,D,20240404,000000,1.62,1.639,1.565,1.62,0,0
PCF_PB,D,20240405,000000,1.628,1.635,1.587,1.635,0,0
PCF_PB,D,20240408,000000,1.54,1.54,1.415,1.449,0,0
PCF_PB,D,20240409,000000,1.437,1.485,1.412,1.414,0,0
PCF_PB,D,20240410,000000,1.422,1.424,1.394,1.4,0,0
PCF_PB,D,20240411,000000,1.4,1.405,1.393,1.397,0,0
PCF_PB,D,20240412,000000,1.4,1.403,1.393,1.394,0,0
PCF_PB,D,20240415,000000,1.394,1.394,1.311,1.32,0,0
PCF_PB,D,20240416,000000,1.355,1.355,1.32,1.345,0,0
PCF_PB,D,20240417,000000,1.345,1.393,1.345,1.383,0,0
PCF_PB,D,20240418,000000,1.386,1.387,1.321,1.321,0,0
PCF_PB,D,20240419,000000,1.32,1.356,1.32,1.32,0,0
PCF_PB,D,20240422,000000,1.32,1.323,1.296,1.32,0,0
PCF_PB,D,20240423,000000,1.32,1.33,1.239,1.283,0,0
PCF_PB,D,20240424,000000,1.283,1.305,1.248,1.305,0,0
PCF_PB,D,20240425,000000,1.282,1.282,1.248,1.282,0,0
PCF_PB,D,20240426,000000,1.282,1.304,1.252,1.304,0,0
PCF_PB,D,20240429,000000,1.304,1.378,1.29,1.374,0,0
PCF_PB,D,20240430,000000,1.364,1.569,1.261,1.569,0,0
PCF_PB,D,20240502,000000,1.569,1.569,1.472,1.505,0,0
PCF_PB,D,20240506,000000,1.495,1.495,1.444,1.445,0,0
PCF_PB,D,20240507,000000,1.449,1.488,1.447,1.486,0,0
PCF_PB,D,20240508,000000,1.486,1.486,1.43,1.437,0,0
PCF_PB,D,20240509,000000,1.435,1.435,1.377,1.387,0,0
PCF_PB,D,20240510,000000,1.401,1.437,1.376,1.389,0,0
PCF_PB,D,20240513,000000,1.389,1.438,1.36,1.428,0,0
PCF_PB,D,20240514,000000,1.428,1.481,1.382,1.423,0,0
PCF_PB,D,20240515,000000,1.445,1.447,1.401,1.418,0,0
PCF_PB,D,20240516,000000,1.418,1.428,1.36,1.382,0,0
PCF_PB,D,20240517,000000,1.382,1.408,1.382,1.387,0,0
PCF_PB,D,20240520,000000,1.386,1.403,1.386,1.403,0,0
PCF_PB,D,20240521,000000,1.403,1.445,1.403,1.445,0,0
PCF_PB,D,20240522,000000,1.444,1.444,1.406,1.432,0,0
PCF_PB,D,20240523,000000,1.432,1.444,1.416,1.44,0,0
PCF_PB,D,20240524,000000,1.438,1.438,1.408,1.425,0,0
PCF_PB,D,20240527,000000,1.425,1.438,1.411,1.411,0,0
PCF_PB,D,20240528,000000,1.513,1.649,1.498,1.617,0,0
PCF_PB,D,20240529,000000,1.634,1.685,1.617,1.622,0,0
PCF_PB,D,20240531,000000,1.62,1.62,1.564,1.574,0,0
PCF_PB,D,20240603,000000,1.583,1.583,1.535,1.578,0,0
PCF_PB,D,20240604,000000,1.574,1.583,1.557,1.583,0,0
PCF_PB,D,20240605,000000,1.545,1.583,1.545,1.545,0,0
PCF_PB,D,20240606,000000,1.545,1.545,1.465,1.477,0,0
PCF_PB,D,20240607,000000,1.505,1.505,1.438,1.496,0,0
PCF_PB,D,20240610,000000,1.459,1.472,1.457,1.472,0,0
PCF_PB,D,20240611,000000,1.472,1.472,1.447,1.471,0,0
PCF_PB,D,20240612,000000,1.471,1.471,1.442,1.471,0,0
PCF_PB,D,20240613,000000,1.472,1.472,1.421,1.464,0,0
PCF_PB,D,20240614,000000,1.464,1.494,1.416,1.494,0,0
PCF_PB,D,20240617,000000,1.496,1.496,1.489,1.496,0,0
PCF_PB,D,20240618,000000,1.496,1.503,1.493,1.503,0,0
PCF_PB,D,20240619,000000,1.457,1.598,1.457,1.598,0,0
PCF_PB,D,20240620,000000,1.6,1.632,1.6,1.605,0,0
PCF_PB,D,20240621,000000,1.605,1.605,1.563,1.6,0,0
PCF_PB,D,20240624,000000,1.574,1.637,1.557,1.637,0,0
PCF_PB,D,20240625,000000,1.636,1.637,1.583,1.625,0,0
PCF_PB,D,20240626,000000,1.625,1.625,1.534,1.61,0,0
PCF_PB,D,20240627,000000,1.614,1.625,1.61,1.625,0,0
PCF_PB,D,20240628,000000,1.625,1.625,1.58,1.603,0,0
PCF_PB,D,20240701,000000,1.603,1.625,1.603,1.625,0,0
PCF_PB,D,20240702,000000,1.625,1.625,1.535,1.569,0,0
PCF_PB,D,20240703,000000,1.573,1.622,1.573,1.622,0,0
PCF_PB,D,20240704,000000,1.58,1.617,1.58,1.615,0,0
PCF_PB,D,20240705,000000,1.614,1.615,1.595,1.597,0,0
PCF_PB,D,20240708,000000,1.615,1.615,1.595,1.615,0,0
PCF_PB,D,20240709,000000,1.617,1.617,1.559,1.608,0,0
PCF_PB,D,20240710,000000,1.614,1.614,1.568,1.607,0,0
PCF_PB,D,20240711,000000,1.607,1.607,1.593,1.593,0,0
PCF_PB,D,20240712,000000,1.583,1.614,1.573,1.595,0,0
PCF_PB,D,20240715,000000,1.595,1.6,1.591,1.591,0,0
PCF_PB,D,20240716,000000,1.591,1.593,1.557,1.58,0,0
PCF_PB,D,20240717,000000,1.583,1.583,1.561,1.561,0,0
PCF_PB,D,20240718,000000,1.573,1.576,1.557,1.576,0,0
PCF_PB,D,20240719,000000,1.576,1.576,1.537,1.537,0,0
PCF_PB,D,20240722,000000,1.534,1.586,1.534,1.586,0,0
PCF_PB,D,20240723,000000,1.586,1.612,1.489,1.573,0,0
PCF_PB,D,20240724,000000,1.571,1.571,1.51,1.545,0,0
PCF_PB,D,20240725,000000,1.545,1.545,1.498,1.513,0,0
PCF_PB,D,20240726,000000,1.523,1.549,1.498,1.498,0,0
PCF_PB,D,20240729,000000,1.498,1.54,1.498,1.54,0,0
PCF_PB,D,20240730,000000,1.54,1.54,1.5,1.522,0,0
PCF_PB,D,20240731,000000,1.54,1.54,1.53,1.53,0,0
PCF_PB,D,20240801,000000,1.534,1.54,1.51,1.51,0,0
PCF_PB,D,20240802,000000,1.54,1.54,1.51,1.51,0,0
PCF_PB,D,20240805,000000,1.506,1.506,1.455,1.455,0,0
PCF_PB,D,20240806,000000,1.455,1.472,1.447,1.447,0,0
PCF_PB,D,20240807,000000,1.447,1.483,1.447,1.452,0,0
PCF_PB,D,20240808,000000,1.455,1.483,1.447,1.448,0,0
PCF_PB,D,20240809,000000,1.45,1.45,1.433,1.433,0,0
PCF_PB,D,20240812,000000,1.435,1.469,1.43,1.445,0,0
PCF_PB,D,20240813,000000,1.43,1.447,1.387,1.447,0,0
PCF_PB,D,20240814,000000,1.447,1.447,1.404,1.404,0,0
PCF_PB,D,20240816,000000,1.404,1.447,1.404,1.426,0,0
PCF_PB,D,20240819,000000,1.426,1.447,1.426,1.442,0,0
PCF_PB,D,20240820,000000,1.43,1.447,1.43,1.445,0,0
PCF_PB,D,20240821,000000,1.438,1.447,1.404,1.438,0,0
PCF_PB,D,20240822,000000,1.391,1.437,1.387,1.401,0,0
PCF_PB,D,20240823,000000,1.43,1.43,1.389,1.418,0,0
PCF_PB,D,20240826,000000,1.391,1.435,1.391,1.433,0,0
PCF_PB,D,20240827,000000,1.433,1.433,1.43,1.43,0,0
PCF_PB,D,20240828,000000,1.43,1.447,1.404,1.438,0,0
PCF_PB,D,20240829,000000,1.382,1.404,1.372,1.404,0,0
PCF_PB,D,20240830,000000,1.404,1.418,1.387,1.418,0,0
PCF_PB,D,20240902,000000,1.426,1.447,1.413,1.413,0,0
PCF_PB,D,20240903,000000,1.413,1.433,1.408,1.433,0,0
PCF_PB,D,20240904,000000,1.433,1.433,1.391,1.43,0,0
PCF_PB,D,20240905,000000,1.394,1.433,1.394,1.43,0,0
PCF_PB,D,20240906,000000,1.43,1.437,1.413,1.437,0,0
PCF_PB,D,20240909,000000,1.43,1.43,1.421,1.421,0,0
PCF_PB,D,20240910,000000,1.423,1.437,1.423,1.437,0,0
PCF_PB,D,20240911,000000,1.437,1.437,1.377,1.406,0,0
PCF_PB,D,20240912,000000,1.404,1.404,1.341,1.357,0,0
PCF_PB,D,20240913,000000,1.353,1.377,1.353,1.355,0,0
PCF_PB,D,20240916,000000,1.355,1.38,1.353,1.355,0,0
PCF_PB,D,20240917,000000,1.355,1.377,1.355,1.357,0,0
PCF_PB,D,20240918,000000,1.357,1.379,1.341,1.351,0,0
PCF_PB,D,20240919,000000,1.353,1.353,1.311,1.333,0,0
PCF_PB,D,20240920,000000,1.336,1.336,1.287,1.294,0,0
PCF_PB,D,20240923,000000,1.268,1.268,1.229,1.248,0,0
PCF_PB,D,20240924,000000,1.265,1.265,1.232,1.265,0,0
PCF_PB,D,20240925,000000,1.263,1.263,1.229,1.229,0,0
PCF_PB,D,20240926,000000,1.229,1.248,1.225,1.225,0,0
PCF_PB,D,20240927,000000,1.248,1.251,1.222,1.243,0,0
PCF_PB,D,20240930,000000,1.232,1.241,1.21,1.234,0,0
PCF_PB,D,20241001,000000,1.2,1.229,1.14,1.14,0,0
PCF_PB,D,20241002,000000,1.14,1.184,1.089,1.184,0,0
PCF_PB,D,20241003,000000,1.191,1.201,1.154,1.169,0,0
PCF_PB,D,20241004,000000,1.169,1.199,1.154,1.177,0,0
PCF_PB,D,20241007,000000,1.177,1.177,1.117,1.117,0,0
PCF_PB,D,20241008,000000,1.162,1.162,1.062,1.062,0,0
PCF_PB,D,20241009,000000,1.097,1.097,1.053,1.053,0,0
PCF_PB,D,20241010,000000,1.062,1.062,1.016,1.016,0,0
PCF_PB,D,20241011,000000,1.016,1.02,0.92,0.979,0,0
PCF_PB,D,20241014,000000,0.975,1.012,0.957,0.997,0,0
PCF_PB,D,20241015,000000,0.981,1.105,0.981,1.066,0,0
PCF_PB,D,20241016,000000,1.066,1.11,1.066,1.073,0,0
PCF_PB,D,20241017,000000,1.073,1.099,1.034,1.062,0,0
PCF_PB,D,20241018,000000,1.062,1.062,1.025,1.062,0,0
PCF_PB,D,20241021,000000,1.062,1.062,1.021,1.055,0,0
PCF_PB,D,20241022,000000,1.053,1.062,1.027,1.051,0,0
PCF_PB,D,20241023,000000,1.051,1.097,1.023,1.055,0,0
PCF_PB,D,20241024,000000,1.055,1.064,1.003,1.06,0,0
PCF_PB,D,20241025,000000,1.049,1.049,1.012,1.047,0,0
PCF_PB,D,20241028,000000,1.045,1.049,1.016,1.049,0,0
PCF_PB,D,20241029,000000,1.051,1.051,1.025,1.044,0,0
PCF_PB,D,20241030,000000,1.044,1.068,1.044,1.044,0,0
PCF_PB,D,20241031,000000,1.044,1.068,1.007,1.016,0,0
PCF_PB,D,20241104,000000,0.979,1.038,0.946,0.977,0,0
PCF_PB,D,20241105,000000,0.984,0.984,0.977,0.981,0,0
PCF_PB,D,20241106,000000,0.981,0.994,0.981,0.994,0,0
PCF_PB,D,20241107,000000,0.996,0.996,0.97,0.988,0,0
PCF_PB,D,20241108,000000,0.988,1.033,0.988,1.012,0,0
PCF_PB,D,20241112,000000,0.981,1.01,0.981,0.983,0,0
PCF_PB,D,20241113,000000,0.979,0.996,0.977,0.996,0,0
PCF_PB,D,20241114,000000,0.981,1.005,0.88,0.924,0,0
PCF_PB,D,20241115,000000,0.942,0.942,0.854,0.88,0,0
PCF_PB,D,20241118,000000,0.904,0.904,0.79,0.799,0,0
PCF_PB,D,20241119,000000,0.808,0.84,0.808,0.822,0,0
PCF_PB,D,20241120,000000,0.822,0.835,0.822,0.824,0,0
PCF_PB,D,20241121,000000,0.831,0.84,0.824,0.831,0,0
PCF_PB,D,20241122,000000,0.831,0.881,0.831,0.858,0,0
PCF_PB,D,20241125,000000,0.835,0.876,0.835,0.876,0,0
PCF_PB,D,20241126,000000,0.844,0.859,0.844,0.854,0,0
PCF_PB,D,20241127,000000,0.854,0.869,0.586,0.688,0,0
PCF_PB,D,20241128,000000,0.693,0.708,0.648,0.708,0,0
PCF_PB,D,20241129,000000,0.719,0.861,0.719,0.752,0,0
PCF_PB,D,20241202,000000,0.773,0.795,0.731,0.795,0,0
PCF_PB,D,20241203,000000,0.82,0.847,0.745,0.787,0,0
PCF_PB,D,20241204,000000,0.787,0.819,0.746,0.774,0,0
PCF_PB,D,20241205,000000,0.774,0.808,0.772,0.808,0,0
PCF_PB,D,20241206,000000,0.819,0.835,0.792,0.83,0,0
PCF_PB,D,20241209,000000,0.83,0.844,0.811,0.823,0,0
PCF_PB,D,20241210,000000,0.82,0.858,0.811,0.853,0,0
PCF_PB,D,20241211,000000,0.834,0.839,0.786,0.82,0,0
PCF_PB,D,20241212,000000,0.811,0.811,0.769,0.77,0,0
PCF_PB,D,20241213,000000,0.746,0.746,0.732,0.732,0,0
PCF_PB,D,20241216,000000,0.7,0.732,0.7,0.732,0,0
PCF_PB,D,20241217,000000,0.73,0.737,0.717,0.737,0,0
PCF_PB,D,20241218,000000,0.737,0.791,0.737,0.791,0,0
PCF_PB,D,20241219,000000,0.75,0.786,0.75,0.765,0,0
PCF_PB,D,20241220,000000,0.746,0.748,0.727,0.744,0,0
PCF_PB,D,20241223,000000,0.741,0.746,0.709,0.746,0,0
PCF_PB,D,20241227,000000,0.746,0.746,0.723,0.745,0,0
PCF_PB,D,20241230,000000,0.723,0.743,0.718,0.728,0,0
PCF_PB,D,20250102,000000,0.699,0.699,0.662,0.671,0,0
PCF_PB,D,20250103,000000,0.671,0.681,0.671,0.671,0,0
PCF_PB,D,20250107,000000,0.681,0.725,0.681,0.702,0,0
PCF_PB,D,20250108,000000,0.703,0.703,0.68,0.681,0,0
PCF_PB,D,20250109,000000,0.694,0.694,0.669,0.684,0,0
PCF_PB,D,20250110,000000,0.657,0.671,0.657,0.671,0,0
PCF_PB,D,20250113,000000,0.683,0.683,0.671,0.671,0,0
PCF_PB,D,20250114,000000,0.689,0.692,0.666,0.687,0,0
PCF_PB,D,20250115,000000,0.687,0.687,0.672,0.687,0,0
PCF_PB,D,20250116,000000,0.681,0.681,0.68,0.68,0,0
PCF_PB,D,20250117,000000,0.68,0.68,0.671,0.671,0,0
PCF_PB,D,20250120,000000,0.671,0.685,0.667,0.681,0,0
PCF_PB,D,20250121,000000,0.684,0.684,0.672,0.683,0,0
PCF_PB,D,20250122,000000,0.683,0.687,0.671,0.675,0,0
PCF_PB,D,20250123,000000,0.688,0.688,0.655,0.663,0,0
PCF_PB,D,20250124,000000,0.671,0.689,0.671,0.688,0,0
PCF_PB,D,20250127,000000,0.687,0.69,0.675,0.675,0,0
PCF_PB,D,20250128,000000,0.71,0.802,0.71,0.78,0,0
PCF_PB,D,20250129,000000,0.779,0.78,0.753,0.755,0,0
PCF_PB,D,20250130,000000,0.747,0.765,0.746,0.754,0,0
PCF_PB,D,20250131,000000,0.746,0.746,0.713,0.722,0,0
PCF_PB,D,20250203,000000,0.705,0.71,0.685,0.706,0,0
PCF_PB,D,20250204,000000,0.706,0.706,0.687,0.693,0,0
PCF_PB,D,20250205,000000,0.693,0.744,0.693,0.712,0,0
PCF_PB,D,20250206,000000,0.717,0.718,0.698,0.699,0,0
PCF_PB,D,20250207,000000,0.704,0.719,0.704,0.718,0,0
PCF_PB,D,20250210,000000,0.718,0.765,0.718,0.729,0,0
PCF_PB,D,20250211,000000,0.729,0.839,0.729,0.839,0,0
PCF_PB,D,20250212,000000,0.875,0.914,0.843,0.853,0,0
PCF_PB,D,20250213,000000,0.839,0.853,0.83,0.839,0,0
PCF_PB,D,20250214,000000,0.839,0.853,0.831,0.831,0,0
PCF_PB,D,20250217,000000,0.831,0.874,0.82,0.874,0,0
PCF_PB,D,20250218,000000,0.876,0.876,0.839,0.839,0,0
PCF_PB,D,20250219,000000,0.83,0.858,0.83,0.844,0,0
PCF_PB,D,20250220,000000,0.844,0.853,0.804,0.837,0,0
PCF_PB,D,20250221,000000,0.837,0.837,0.812,0.812,0,0
PCF_PB,D,20250224,000000,0.816,0.839,0.816,0.837,0,0
PCF_PB,D,20250225,000000,0.837,0.837,0.824,0.83,0,0
PCF_PB,D,20250226,000000,0.83,0.834,0.812,0.832,0,0
PCF_PB,D,20250227,000000,0.832,0.866,0.832,0.845,0,0
PCF_PB,D,20250228,000000,0.845,0.845,0.831,0.839,0,0
PCF_PB,D,20250303,000000,0.839,0.857,0.839,0.857,0,0
PCF_PB,D,20250304,000000,0.857,0.857,0.83,0.839,0,0
PCF_PB,D,20250305,000000,0.83,0.875,0.819,0.872,0,0
PCF_PB,D,20250306,000000,0.871,0.871,0.847,0.858,0,0
PCF_PB,D,20250307,000000,0.858,0.858,0.794,0.82,0,0
PCF_PB,D,20250310,000000,0.819,0.819,0.765,0.786,0,0
PCF_PB,D,20250311,000000,0.78,0.78,0.749,0.763,0,0
PCF_PB,D,20250312,000000,0.744,0.744,0.732,0.737,0,0
PCF_PB,D,20250313,000000,0.718,0.734,0.713,0.732,0,0
PCF_PB,D,20250314,000000,0.778,0.839,0.778,0.831,0,0
PCF_PB,D,20250317,000000,0.832,1.119,0.832,1.119,0,0
PCF_PB,D,20250318,000000,1.212,1.611,1.212,1.611,0,0
PCF_PB,D,20250319,000000,1.865,2.163,1.792,1.809,0,0
PCF_PB,D,20250320,000000,1.771,1.771,1.544,1.604,0,0
PCF_PB,D,20250321,000000,1.585,1.594,1.165,1.165,0,0
PCF_PB,D,20250324,000000,1.223,1.385,1.223,1.318,0,0
PCF_PB,D,20250325,000000,1.324,1.324,1.214,1.229,0,0
PCF_PB,D,20250326,000000,1.229,1.283,1.208,1.221,0,0
PCF_PB,D,20250327,000000,1.223,1.223,1.147,1.165,0,0
PCF_PB,D,20250328,000000,1.165,1.173,1.121,1.137,0,0
PCF_PB,D,20250331,000000,1.165,1.253,1.164,1.212,0,0
PCF_PB,D,20250401,000000,1.214,1.214,1.149,1.165,0,0
PCF_PB,D,20250402,000000,1.165,1.182,1.109,1.134,0,0
PCF_PB,D,20250403,000000,1.121,1.167,1.093,1.111,0,0
PCF_PB,D,20250404,000000,1.111,1.115,1.011,1.011,0,0
PCF_PB,D,20250407,000000,0.979,1.044,0.914,0.998,0,0
PCF_PB,D,20250408,000000,0.998,1.061,0.994,1.022,0,0
PCF_PB,D,20250409,000000,0.986,1.013,0.914,0.93,0,0
PCF_PB,D,20250410,000000,0.981,1.001,0.914,0.94,0,0
PCF_PB,D,20250411,000000,0.92,0.945,0.914,0.914,0,0
PCF_PB,D,20250414,000000,0.921,0.958,0.913,0.936,0,0
PCF_PB,D,20250415,000000,0.942,0.975,0.908,0.91,0,0
PCF_PB,D,20250416,000000,0.905,0.913,0.886,0.909,0,0
PCF_PB,D,20250417,000000,0.888,0.93,0.872,0.93,0,0
PCF_PB,D,20250422,000000,0.953,0.953,0.916,0.919,0,0
PCF_PB,D,20250423,000000,0.919,0.953,0.886,0.92,0,0
PCF_PB,D,20250424,000000,0.92,0.936,0.916,0.931,0,0
PCF_PB,D,20250425,000000,0.929,0.998,0.916,0.983,0,0
PCF_PB,D,20250428,000000,0.958,0.97,0.942,0.96,0,0
PCF_PB,D,20250429,000000,0.955,0.977,0.955,0.96,0,0
PCF_PB,D,20250430,000000,0.96,0.96,0.904,0.918,0,0
PCF_PB,D,20250502,000000,0.903,0.942,0.903,0.929,0,0
PCF_PB,D,20250505,000000,0.929,1.412,0.894,1.412,0,0
PCF_PB,D,20250506,000000,1.407,1.411,1.385,1.386,0,0
PCF_PB,D,20250507,000000,1.379,1.408,1.373,1.388,0,0
PCF_PB,D,20250508,000000,1.373,1.452,1.373,1.439,0,0
PCF_PB,D,20250509,000000,1.439,1.513,1.417,1.431,0,0
PCF_PB,D,20250512,000000,1.443,1.481,1.442,1.443,0,0
PCF_PB,D,20250513,000000,1.436,1.475,1.423,1.423,0,0
PCF_PB,D,20250514,000000,1.424,1.452,1.414,1.433,0,0
PCF_PB,D,20250515,000000,1.428,1.428,1.364,1.398,0,0
PCF_PB,D,20250516,000000,1.41,1.41,1.363,1.369,0,0
PCF_PB,D,20250519,000000,1.375,1.391,1.334,1.334,0,0
PCF_PB,D,20250520,000000,1.356,1.356,1.326,1.338,0,0
PCF_PB,D,20250521,000000,1.316,1.316,1.283,1.299,0,0
PCF_PB,D,20250522,000000,1.299,1.316,1.287,1.294,0,0
PCF_PB,D,20250523,000000,1.294,1.31,1.254,1.265,0,0
PCF_PB,D,20250526,000000,1.265,1.309,1.243,1.248,0,0
PCF_PB,D,20250527,000000,1.254,1.284,1.24,1.24,0,0
PCF_PB,D,20250528,000000,1.24,1.245,1.191,1.191,0,0
PCF_PB,D,20250529,000000,1.197,1.233,1.195,1.198,0,0
PCF_PB,D,20250530,000000,1.198,1.232,1.187,1.232,0,0
PCF_PB,D,20250602,000000,0.914,1.032,0.905,0.905,0,0
PCF_PB,D,20250603,000000,0.883,0.883,0.796,0.826,0,0
PCF_PB,D,20250604,000000,0.824,0.868,0.812,0.833,0,0
PCF_PB,D,20250605,000000,0.831,0.831,0.77,0.77,0,0
PCF_PB,D,20250606,000000,0.774,0.787,0.732,0.737,0,0
PCF_PB,D,20250609,000000,0.742,0.781,0.742,0.759,0,0
PCF_PB,D,20250610,000000,0.778,0.78,0.737,0.739,0,0
PCF_PB,D,20250611,000000,0.743,0.752,0.734,0.736,0,0
PCF_PB,D,20250612,000000,0.736,0.737,0.721,0.731,0,0
PCF_PB,D,20250613,000000,0.733,0.749,0.722,0.722,0,0
PCF_PB,D,20250616,000000,0.723,0.742,0.722,0.734,0,0
PCF_PB,D,20250617,000000,0.734,0.75,0.725,0.737,0,0
PCF_PB,D,20250618,000000,0.744,1.01,0.731,1.01,0,0
PCF_PB,D,20250620,000000,1.091,1.091,0.848,0.87,0,0
PCF_PB,D,20250623,000000,0.855,0.855,0.774,0.78,0,0
PCF_PB,D,20250624,000000,0.781,0.902,0.781,0.812,0,0
PCF_PB,D,20250625,000000,0.827,0.834,0.753,0.77,0,0
PCF_PB,D,20250626,000000,0.78,0.803,0.767,0.768,0,0
PCF_PB,D,20250627,000000,0.78,0.817,0.771,0.79,0,0
PCF_PB,D,20250630,000000,0.793,0.793,0.767,0.774,0,0
PCF_PB,D,20250701,000000,0.752,0.786,0.747,0.767,0,0
PCF_PB,D,20250702,000000,0.781,0.82,0.764,0.8,0,0
PCF_PB,D,20250703,000000,0.799,0.818,0.792,0.793,0,0
PCF_PB,D,20250704,000000,0.789,0.806,0.789,0.789,0,0
PCF_PB,D,20250707,000000,0.808,0.852,0.796,0.818,0,0
PCF_PB,D,20250708,000000,0.828,0.84,0.802,0.808,0,0
PCF_PB,D,20250709,000000,0.808,0.818,0.777,0.777,0,0
PCF_PB,D,20250710,000000,0.793,0.793,0.747,0.759,0,0
PCF_PB,D,20250711,000000,0.758,0.772,0.752,0.755,0,0
PCF_PB,D,20250714,000000,0.755,0.77,0.747,0.752,0,0
PCF_PB,D,20250715,000000,0.749,0.765,0.749,0.753,0,0
PCF_PB,D,20250716,000000,0.752,0.752,0.731,0.737,0,0
PCF_PB,D,20250717,000000,0.743,0.747,0.736,0.746,0,0
PCF_PB,D,20250718,000000,0.737,0.764,0.737,0.746,0,0
PCF_PB,D,20250721,000000,0.759,0.772,0.746,0.746,0,0
PCF_PB,D,20250722,000000,0.758,0.764,0.74,0.74,0,0
PCF_PB,D,20250723,000000,0.75,0.752,0.737,0.739,0,0
PCF_PB,D,20250724,000000,0.736,0.759,0.736,0.74,0,0
PCF_PB,D,20250725,000000,0.747,0.75,0.737,0.737,0,0
PCF_PB,D,20250728,000000,0.737,0.747,0.737,0.739,0,0
PCF_PB,D,20250729,000000,0.739,0.749,0.737,0.746,0,0
PCF_PB,D,20250730,000000,0.746,0.858,0.739,0.808,0,0
PCF_PB,D,20250731,000000,0.8,0.815,0.761,0.762,0,0
PCF_PB,D,20250801,000000,0.762,0.777,0.759,0.777,0,0
PCF_PB,D,20250804,000000,0.768,0.792,0.752,0.755,0,0
PCF_PB,D,20250805,000000,0.771,0.809,0.752,0.795,0,0
PCF_PB,D,20250806,000000,0.793,0.834,0.775,0.811,0,0
PCF_PB,D,20250807,000000,0.74,0.77,0.74,0.75,0,0
PCF_PB,D,20250808,000000,0.752,0.762,0.73,0.755,0,0
PCF_PB,D,20250811,000000,0.744,0.755,0.736,0.749,0,0
PCF_PB,D,20250812,000000,0.747,0.753,0.678,0.678,0,0
PCF_PB,D,20250813,000000,0.685,0.729,0.685,0.727,0,0
PCF_PB,D,20250814,000000,0.727,0.73,0.713,0.722,0,0
PCF_PB,D,20250818,000000,0.722,0.75,0.722,0.742,0,0
PCF_PB,D,20250819,000000,0.747,0.756,0.734,0.744,0,0
PCF_PB,D,20250820,000000,0.744,0.753,0.728,0.736,0,0
PCF_PB,D,20250821,000000,0.749,0.792,0.749,0.771,0,0
PCF_PB,D,20250822,000000,0.778,0.78,0.758,0.777,0,0
PCF_PB,D,20250825,000000,0.78,0.919,0.768,0.919,0,0
PCF_PB,D,20250826,000000,0.933,0.933,0.909,0.923,0,0
PCF_PB,D,20250827,000000,0.923,0.926,0.902,0.902,0,0
PCF_PB,D,20250828,000000,0.902,0.921,0.898,0.909,0,0
PCF_PB,D,20250829,000000,0.909,0.926,0.893,0.912,0,0
PCF_PB,D,20250901,000000,0.893,0.918,0.879,0.891,0,0
PCF_PB,D,20250902,000000,0.891,0.918,0.879,0.909,0,0
PCF_PB,D,20250903,000000,0.907,0.912,0.877,0.89,0,0
PCF_PB,D,20250904,000000,0.879,0.891,0.874,0.886,0,0
PCF_PB,D,20250905,000000,0.886,0.902,0.874,0.874,0,0
PCF_PB,D,20250908,000000,0.874,0.886,0.863,0.874,0,0
PCF_PB,D,20250909,000000,0.874,0.886,0.864,0.874,0,0
PCF_PB,D,20250910,000000,0.883,0.883,0.865,0.865,0,0
PCF_PB,D,20250911,000000,0.874,0.888,0.867,0.874,0,0
PCF_PB,D,20250912,000000,0.874,0.888,0.869,0.874,0,0
PCF_PB,D,20250915,000000,0.874,0.886,0.856,0.874,0,0
PCF_PB,D,20250916,000000,0.873,0.902,0.87,0.877,0,0
PCF_PB,D,20250917,000000,0.874,0.893,0.87,0.886,0,0
PCF_PB,D,20250918,000000,0.87,0.886,0.87,0.883,0,0
PCF_PB,D,20250919,000000,0.884,0.886,0.866,0.884,0,0
PCF_PB,D,20250922,000000,0.884,0.898,0.863,0.883,0,0
PCF_PB,D,20250923,000000,0.893,0.898,0.723,0.746,0,0
PCF_PB,D,20250924,000000,0.745,0.745,0.671,0.699,0,0
PCF_PB,D,20250925,000000,0.662,0.662,0.55,0.566,0,0
PCF_PB,D,20250926,000000,0.577,0.599,0.577,0.589,0,0
PCF_PB,D,20250929,000000,0.6,0.6,0.561,0.577,0,0
PCF_PB,D,20250930,000000,0.566,0.572,0.558,0.572,0,0
PCF_PB,D,20251001,000000,0.561,0.585,0.561,0.575,0,0
PCF_PB,D,20251002,000000,0.583,0.583,0.568,0.577,0,0
PCF_PB,D,20251003,000000,0.577,0.647,0.555,0.647,0,0
PCF_PB,D,20251006,000000,0.657,0.702,0.65,0.702,0,0
PCF_PB,D,20251007,000000,0.71,0.78,0.71,0.763,0,0
PCF_PB,D,20251008,000000,0.776,0.776,0.719,0.733,0,0
PCF_PB,D,20251009,000000,0.739,0.755,0.731,0.753,0,0
PCF_PB,D,20251010,000000,0.763,0.793,0.738,0.778,0,0
PCF_PB,D,20251013,000000,0.765,0.812,0.765,0.773,0,0
PCF_PB,D,20251014,000000,0.768,0.788,0.765,0.778,0,0
PCF_PB,D,20251015,000000,0.788,0.791,0.765,0.769,0,0
PCF_PB,D,20251016,000000,0.765,0.775,0.722,0.729,0,0
PCF_PB,D,20251017,000000,0.729,0.741,0.711,0.737,0,0
PCF_PB,D,20251020,000000,0.748,0.748,0.714,0.731,0,0
PCF_PB,D,20251021,000000,0.733,0.745,0.719,0.737,0,0
PCF_PB,D,20251022,000000,0.739,0.809,0.739,0.792,0,0
PCF_PB,D,20251023,000000,0.796,0.816,0.759,0.798,0,0
PCF_PB,D,20251024,000000,0.8,0.804,0.77,0.796,0,0
PCF_PB,D,20251027,000000,0.804,0.838,0.788,0.821,0,0
PCF_PB,D,20251028,000000,0.826,0.826,0.777,0.78,0,0
PCF_PB,D,20251029,000000,0.786,0.786,0.766,0.772,0,0
PCF_PB,D,20251030,000000,0.772,0.778,0.761,0.777,0,0
PCF_PB,D,20251031,000000,0.763,0.784,0.75,0.784,0,0
PCF_PB,D,20251103,000000,0.793,0.799,0.765,0.782,0,0
PCF_PB,D,20251104,000000,0.783,0.794,0.763,0.784,0,0
PCF_PB,D,20251105,000000,0.794,0.794,0.747,0.763,0,0
PCF_PB,D,20251106,000000,0.763,0.773,0.753,0.765,0,0
PCF_PB,D,20251107,000000,0.765,0.767,0.745,0.745,0,0
PCF_PB,D,20251110,000000,0.745,0.745,0.735,0.741,0,0
PCF_PB,D,20251112,000000,0.752,0.752,0.735,0.736,0,0
PCF_PB,D,20251113,000000,0.736,0.741,0.727,0.727,0,0
PCF_PB,D,20251114,000000,0.735,0.735,0.697,0.722,0,0
PCF_PB,D,20251117,000000,0.723,0.723,0.685,0.688,0,0
PCF_PB,D,20251118,000000,0.688,0.688,0.671,0.671,0,0
PCF_PB,D,20251119,000000,0.669,0.679,0.667,0.669,0,0
PCF_PB,D,20251120,000000,0.667,0.677,0.667,0.669,0,0
PCF_PB,D,20251121,000000,0.673,0.717,0.657,0.673,0,0
PCF_PB,D,20251124,000000,0.673,0.673,0.628,0.647,0,0
PCF_PB,D,20251125,000000,0.647,0.661,0.641,0.656,0,0
PCF_PB,D,20251126,000000,0.649,0.651,0.635,0.643,0,0
PCF_PB,D,20251127,000000,0.643,0.651,0.635,0.647,0,0
PCF_PB,D,20251128,000000,0.65,0.65,0.637,0.646,0,0
PCF_PB,D,20251201,000000,0.642,0.642,0.586,0.604,0,0
PCF_PB,D,20251202,000000,0.596,0.612,0.592,0.602,0,0
PCF_PB,D,20251203,000000,0.592,0.905,0.579,0.905,0,0
PCF_PB,D,20251204,000000,0.903,0.938,0.864,0.926,0,0
PCF_PB,D,20251205,000000,0.935,0.938,0.902,0.914,0,0
PCF_PB,D,20251208,000000,0.911,0.931,0.897,0.911,0,0
PCF_PB,D,20251209,000000,0.911,0.911,0.878,0.878,0,0
PCF_PB,D,20251210,000000,0.891,0.917,0.872,0.914,0,0
PCF_PB,D,20251211,000000,0.917,0.965,0.897,0.94,0,0
PCF_PB,D,20251212,000000,0.946,0.968,0.928,0.955,0,0
PCF_PB,D,20251215,000000,0.967,0.968,0.92,0.92,0,0
PCF_PB,D,20251216,000000,0.92,0.931,0.902,0.903,0,0
PCF_PB,D,20251217,000000,0.902,0.906,0.859,0.884,0,0
PCF_PB,D,20251218,000000,0.887,0.977,0.887,0.977,0,0
PCF_PB,D,20251219,000000,0.977,1.037,0.975,1.008,0,0
PCF_PB,D,20251222,000000,1.008,1.065,1.008,1.032,0,0
PCF_PB,D,20251223,000000,1.018,1.035,0.982,1.029,0,0
PCF_PB,D,20251229,000000,1.032,1.227,1.032,1.147,0,0
PCF_PB,D,20251230,000000,1.15,1.203,1.15,1.189,0,0
PCF_PB,D,20260102,000000,1.186,1.203,1.111,1.129,0,0
PCF_PB,D,20260105,000000,1.129,1.129,1.096,1.103,0,0
PCF_PB,D,20260107,000000,1.103,1.114,1.044,1.053,0,0
PCF_PB,D,20260108,000000,1.05,1.05,0.959,1.023,0,0
PCF_PB,D,20260109,000000,1.023,1.111,1.023,1.105,0,0
PCF_PB,D,20260112,000000,1.105,1.108,1.071,1.083,0,0
PCF_PB,D,20260113,000000,1.083,1.097,1.05,1.074,0,0
PCF_PB,D,20260114,000000,1.091,1.096,1.074,1.096,0,0
PCF_PB,D,20260115,000000,1.097,1.271,1.083,1.204,0,0
PCF_PB,D,20260116,000000,1.2,1.223,1.159,1.191,0,0
PCF_PB,D,20260119,000000,1.206,1.22,1.158,1.165,0,0
PCF_PB,D,20260120,000000,1.168,1.183,1.089,1.102,0,0
PCF_PB,D,20260121,000000,1.114,1.174,1.067,1.12,0,0
PCF_PB,D,20260122,000000,1.13,1.18,1.103,1.161,0,0
PCF_PB,D,20260123,000000,1.165,1.217,1.147,1.211,0,0
