<TICKER>,<PER>,<DATE>,<TIME>,<OPEN>,<HIGH>,<LOW>,<CLOSE>,<VOL>,<OPENINT>
PEN_PE,D,20180509,000000,12.5,12.5,12,12,0,0
PEN_PE,D,20180510,000000,12.6,12.6,12.5,12.5,0,0
PEN_PE,D,20180514,000000,11.3,11.3,11,11,0,0
PEN_PE,D,20180515,000000,11,11,10.6,10.6,0,0
PEN_PE,D,20180516,000000,11.8,12.5,11.8,12.4,0,0
PEN_PE,D,20180517,000000,11.4,12.4,11.4,12.4,0,0
PEN_PE,D,20180518,000000,11.2,12.4,10.9,12.4,0,0
PEN_PE,D,20180521,000000,12.2,12.7,12.2,12.7,0,0
PEN_PE,D,20180522,000000,12.7,13.3,12.3,12.7,0,0
PEN_PE,D,20180523,000000,12.9,13.1,12.3,12.8,0,0
PEN_PE,D,20180524,000000,13.2,13.3,12.7,13.2,0,0
PEN_PE,D,20180525,000000,13.2,13.4,13,13.4,0,0
PEN_PE,D,20180528,000000,13.4,13.4,13.3,13.3,0,0
PEN_PE,D,20180529,000000,13.2,13.3,13.2,13.3,0,0
PEN_PE,D,20180530,000000,13.4,14.3,12.4,13.1,0,0
PEN_PE,D,20180601,000000,13.6,13.8,13.6,13.8,0,0
PEN_PE,D,20180604,000000,13.1,14.3,13,13.8,0,0
PEN_PE,D,20180606,000000,13.5,14.1,13,13.9,0,0
PEN_PE,D,20180607,000000,13,13.5,12.6,13.5,0,0
PEN_PE,D,20180608,000000,12.5,13.5,12.5,13.5,0,0
PEN_PE,D,20180611,000000,13.5,13.5,12.9,13.4,0,0
PEN_PE,D,20180612,000000,13.5,13.9,13.1,13.9,0,0
PEN_PE,D,20180613,000000,13,14.1,13,13.9,0,0
PEN_PE,D,20180614,000000,14.2,14.4,12.7,13.9,0,0
PEN_PE,D,20180615,000000,14.1,14.9,14.1,14.9,0,0
PEN_PE,D,20180618,000000,14.2,14.2,14,14,0,0
PEN_PE,D,20180619,000000,14.5,14.5,14.5,14.5,0,0
PEN_PE,D,20180620,000000,14.5,15,14.5,14.9,0,0
PEN_PE,D,20180621,000000,14.9,15.2,14.9,15.1,0,0
PEN_PE,D,20180622,000000,15.3,15.3,15.2,15.2,0,0
PEN_PE,D,20180627,000000,14.6,14.6,14.6,14.6,0,0
PEN_PE,D,20180629,000000,13.8,13.8,13.8,13.8,0,0
PEN_PE,D,20180703,000000,14.2,14.2,13.7,13.7,0,0
PEN_PE,D,20180704,000000,14.2,15.1,13.6,13.6,0,0
PEN_PE,D,20180706,000000,13.3,14.2,13.3,14.2,0,0
PEN_PE,D,20180709,000000,14.2,14.2,13.3,13.4,0,0
PEN_PE,D,20180710,000000,13.2,14.3,13.1,14.3,0,0
PEN_PE,D,20180711,000000,13,14.1,13,14.1,0,0
PEN_PE,D,20180713,000000,12.9,14.1,12.9,14.1,0,0
PEN_PE,D,20180719,000000,13.3,13.3,13.3,13.3,0,0
PEN_PE,D,20180720,000000,13.1,13.1,12.9,12.9,0,0
PEN_PE,D,20180723,000000,13.2,13.2,13.2,13.2,0,0
PEN_PE,D,20180725,000000,14.1,14.1,14.1,14.1,0,0
PEN_PE,D,20180726,000000,14.1,14.1,12.8,12.8,0,0
PEN_PE,D,20180730,000000,13.4,13.4,12.9,12.9,0,0
PEN_PE,D,20180731,000000,13.4,14.2,13.4,13.9,0,0
PEN_PE,D,20180801,000000,14.2,14.2,14.2,14.2,0,0
PEN_PE,D,20180806,000000,13.9,13.9,13.9,13.9,0,0
PEN_PE,D,20180807,000000,13.9,22.7,13.9,22.7,0,0
PEN_PE,D,20180808,000000,22.7,23.2,22.7,23.2,0,0
PEN_PE,D,20180813,000000,22.8,22.8,22.7,22.7,0,0
PEN_PE,D,20180814,000000,20.9,22.1,20.9,22,0,0
PEN_PE,D,20180817,000000,19.6,19.6,19.4,19.4,0,0
PEN_PE,D,20180820,000000,19.1,21.5,19.1,21.5,0,0
PEN_PE,D,20180821,000000,21.3,21.4,21.3,21.4,0,0
PEN_PE,D,20180823,000000,21.3,21.3,20,20.1,0,0
PEN_PE,D,20180824,000000,21.7,21.7,21.7,21.7,0,0
PEN_PE,D,20180828,000000,21,21.8,21,21.8,0,0
PEN_PE,D,20180829,000000,21.8,21.8,21.8,21.8,0,0
PEN_PE,D,20180831,000000,22.5,22.7,21.7,22.7,0,0
PEN_PE,D,20180903,000000,21.7,21.7,19.3,21.4,0,0
PEN_PE,D,20180905,000000,21.4,21.7,21.4,21.6,0,0
PEN_PE,D,20180906,000000,22.6,22.9,20.8,22.9,0,0
PEN_PE,D,20180907,000000,22.9,26.1,22.9,25.6,0,0
PEN_PE,D,20180910,000000,24.2,24.2,24.2,24.2,0,0
PEN_PE,D,20180911,000000,24,25.5,24,25.4,0,0
PEN_PE,D,20180913,000000,23.4,24.8,22.8,24.5,0,0
PEN_PE,D,20180914,000000,25.5,25.5,25.5,25.5,0,0
PEN_PE,D,20180920,000000,24.8,24.9,24.8,24.9,0,0
PEN_PE,D,20180921,000000,23.3,23.3,23,23,0,0
PEN_PE,D,20180926,000000,24,24.9,24,24.9,0,0
PEN_PE,D,20180927,000000,24.1,25.7,24.1,25.6,0,0
PEN_PE,D,20180928,000000,25.6,25.6,25.6,25.6,0,0
PEN_PE,D,20181001,000000,25.8,25.9,25.8,25.9,0,0
PEN_PE,D,20181002,000000,25.9,25.9,25.8,25.8,0,0
PEN_PE,D,20181003,000000,26,26.3,24.5,26.2,0,0
PEN_PE,D,20181004,000000,26.2,27.3,25.7,26.7,0,0
PEN_PE,D,20181005,000000,25.9,27.2,25.9,27.1,0,0
PEN_PE,D,20181008,000000,26.6,29.6,26.6,29.6,0,0
PEN_PE,D,20181009,000000,29.9,31.7,28.2,31.7,0,0
PEN_PE,D,20181010,000000,29.6,29.6,28.8,28.8,0,0
PEN_PE,D,20181011,000000,29.4,29.5,28,29.5,0,0
PEN_PE,D,20181012,000000,29.5,29.6,29.5,29.6,0,0
PEN_PE,D,20181015,000000,28.3,28.4,28.3,28.4,0,0
PEN_PE,D,20181016,000000,29.7,29.8,29.7,29.8,0,0
PEN_PE,D,20181017,000000,28.5,28.5,28.3,28.3,0,0
PEN_PE,D,20181018,000000,29.4,29.4,29.4,29.4,0,0
PEN_PE,D,20181019,000000,28.3,28.6,24.1,28.6,0,0
PEN_PE,D,20181022,000000,28.6,29.3,28.6,29.2,0,0
PEN_PE,D,20181023,000000,28.9,29,28.9,29,0,0
PEN_PE,D,20181024,000000,29.3,31.7,29.1,30.2,0,0
PEN_PE,D,20181025,000000,29.9,31.4,29.9,30.2,0,0
PEN_PE,D,20181026,000000,30.2,30.2,28.2,28.2,0,0
PEN_PE,D,20181029,000000,28,28,26.9,27.5,0,0
PEN_PE,D,20181030,000000,27.5,27.5,25.9,27.5,0,0
PEN_PE,D,20181102,000000,27.5,29.4,27.5,29.3,0,0
PEN_PE,D,20181105,000000,28.5,29.5,28.5,28.6,0,0
PEN_PE,D,20181106,000000,28,29.2,16.5,16.5,0,0
PEN_PE,D,20181107,000000,16.9,17.9,16.9,17,0,0
PEN_PE,D,20181108,000000,15.2,17.5,15.2,17.5,0,0
PEN_PE,D,20181109,000000,17.4,17.6,17.4,17.6,0,0
PEN_PE,D,20181113,000000,17.6,17.6,16.9,17.4,0,0
PEN_PE,D,20181115,000000,16.8,17.4,16.8,17.4,0,0
PEN_PE,D,20181116,000000,17.4,17.4,16.4,16.4,0,0
PEN_PE,D,20181119,000000,16.4,18.5,16.4,18.5,0,0
PEN_PE,D,20181120,000000,18,18.2,16.6,18.1,0,0
PEN_PE,D,20181121,000000,18,18,17.3,17.4,0,0
PEN_PE,D,20181122,000000,17.2,17.6,17,17.6,0,0
PEN_PE,D,20181123,000000,17.6,17.9,16.9,17.6,0,0
PEN_PE,D,20181126,000000,17.1,17.2,17.1,17.2,0,0
PEN_PE,D,20181127,000000,17.2,18,17.2,18,0,0
PEN_PE,D,20181128,000000,17.7,17.7,17,17,0,0
PEN_PE,D,20181129,000000,17.2,17.2,16.7,17.1,0,0
PEN_PE,D,20181130,000000,16.1,17.1,15.2,16.1,0,0
PEN_PE,D,20181203,000000,17.1,17.2,17.1,17.2,0,0
PEN_PE,D,20181204,000000,16.3,17.5,16.3,16.5,0,0
PEN_PE,D,20181206,000000,17.1,17.1,17,17,0,0
PEN_PE,D,20181207,000000,17,17.4,17,17.4,0,0
PEN_PE,D,20181210,000000,17.5,18.3,17.5,18.3,0,0
PEN_PE,D,20181211,000000,18.6,18.6,17.6,17.6,0,0
PEN_PE,D,20181212,000000,17.2,17.6,17.2,17.5,0,0
PEN_PE,D,20181213,000000,17.5,18.3,17.5,18.3,0,0
PEN_PE,D,20181214,000000,18.3,18.3,17.3,17.6,0,0
PEN_PE,D,20181217,000000,17.6,17.6,17.3,17.3,0,0
PEN_PE,D,20181218,000000,17.4,18.1,17.4,17.6,0,0
PEN_PE,D,20181219,000000,18.1,18.1,18.1,18.1,0,0
PEN_PE,D,20181220,000000,18.3,18.3,17.2,17.5,0,0
PEN_PE,D,20181227,000000,16.7,18.4,16.7,18.4,0,0
PEN_PE,D,20181228,000000,18.1,18.1,17.6,17.6,0,0
PEN_PE,D,20190102,000000,18.1,18.1,18,18,0,0
PEN_PE,D,20190103,000000,18,18,18,18,0,0
PEN_PE,D,20190107,000000,17.1,17.6,17.1,17.6,0,0
PEN_PE,D,20190111,000000,17.6,17.8,17.6,17.8,0,0
PEN_PE,D,20190115,000000,17.9,17.9,17.9,17.9,0,0
PEN_PE,D,20190116,000000,17.9,18.2,17.6,17.7,0,0
PEN_PE,D,20190117,000000,18.1,20.4,18.1,20.4,0,0
PEN_PE,D,20190118,000000,20.2,20.7,19.8,20.5,0,0
PEN_PE,D,20190121,000000,19.6,19.7,17.3,19.7,0,0
PEN_PE,D,20190122,000000,19.3,19.4,19.3,19.4,0,0
PEN_PE,D,20190123,000000,19.9,19.9,19.1,19.1,0,0
PEN_PE,D,20190124,000000,18.6,18.6,18.6,18.6,0,0
PEN_PE,D,20190125,000000,18.2,18.7,17.5,18.7,0,0
PEN_PE,D,20190128,000000,18.7,19.2,17.8,18.6,0,0
PEN_PE,D,20190129,000000,18.6,18.6,18.6,18.6,0,0
PEN_PE,D,20190130,000000,18.3,18.3,17.6,17.6,0,0
PEN_PE,D,20190131,000000,17.2,18.1,17.2,18.1,0,0
PEN_PE,D,20190204,000000,18.2,18.2,18.2,18.2,0,0
PEN_PE,D,20190205,000000,17.8,17.8,17.2,17.7,0,0
PEN_PE,D,20190206,000000,17,17.7,17,17.7,0,0
PEN_PE,D,20190207,000000,17.5,17.7,17.2,17.6,0,0
PEN_PE,D,20190208,000000,17.6,17.6,16.2,17.4,0,0
PEN_PE,D,20190212,000000,16.7,45,16.7,45,0,0
PEN_PE,D,20190213,000000,41.9,42.3,40.8,42.2,0,0
PEN_PE,D,20190214,000000,40.7,44.7,40.7,44.6,0,0
PEN_PE,D,20190221,000000,44.3,44.3,44.3,44.3,0,0
PEN_PE,D,20190222,000000,41.7,42.6,41.7,42.6,0,0
PEN_PE,D,20190225,000000,42.6,43.9,42.6,43.9,0,0
PEN_PE,D,20190227,000000,42.1,42.8,39.2,42.8,0,0
PEN_PE,D,20190301,000000,41.4,41.5,41.4,41.5,0,0
PEN_PE,D,20190304,000000,41.3,41.3,41.3,41.3,0,0
PEN_PE,D,20190305,000000,40.2,40.3,40.2,40.3,0,0
PEN_PE,D,20190306,000000,39.6,41.4,39.6,41.4,0,0
PEN_PE,D,20190308,000000,41.4,41.4,41.4,41.4,0,0
PEN_PE,D,20190311,000000,39.8,44.7,39.6,42.4,0,0
PEN_PE,D,20190312,000000,42.4,42.4,41.3,41.4,0,0
PEN_PE,D,20190314,000000,42.5,45.9,42.5,44.3,0,0
PEN_PE,D,20190315,000000,44.7,46.5,44.7,46.5,0,0
PEN_PE,D,20190318,000000,46.3,50.3,41.2,45.4,0,0
PEN_PE,D,20190319,000000,44,50.3,40.4,50.3,0,0
PEN_PE,D,20190320,000000,46.1,49.7,42.7,43.7,0,0
PEN_PE,D,20190321,000000,50.4,50.4,43,45.1,0,0
PEN_PE,D,20190322,000000,44.4,46.2,42.6,44.4,0,0
PEN_PE,D,20190325,000000,44.4,44.8,44.4,44.8,0,0
PEN_PE,D,20190326,000000,46,46,45.9,45.9,0,0
PEN_PE,D,20190327,000000,45.9,45.9,45.4,45.4,0,0
PEN_PE,D,20190328,000000,45.9,49,45.9,47.6,0,0
PEN_PE,D,20190329,000000,47.4,49.2,45.9,47,0,0
PEN_PE,D,20190401,000000,47,55.9,47,55.9,0,0
PEN_PE,D,20190402,000000,49.2,51.5,48.8,51.4,0,0
PEN_PE,D,20190403,000000,51.5,53.7,49.7,53.7,0,0
PEN_PE,D,20190404,000000,51.5,53.7,51.5,51.9,0,0
PEN_PE,D,20190409,000000,51.6,57.8,51.6,57.4,0,0
PEN_PE,D,20190410,000000,61.9,61.9,50.2,52,0,0
PEN_PE,D,20190411,000000,52,56.1,52,56.1,0,0
PEN_PE,D,20190412,000000,54.7,57,54.7,57,0,0
PEN_PE,D,20190415,000000,56.5,57,56.5,57,0,0
PEN_PE,D,20190416,000000,57,66.2,54.3,66.2,0,0
PEN_PE,D,20190417,000000,66.1,70.9,66.1,66.8,0,0
PEN_PE,D,20190418,000000,69.5,69.5,64.7,67.3,0,0
PEN_PE,D,20190423,000000,66.3,66.3,66.1,66.1,0,0
PEN_PE,D,20190424,000000,66.1,67.2,64.4,64.4,0,0
PEN_PE,D,20190425,000000,65.4,65.4,61.2,62.3,0,0
PEN_PE,D,20190426,000000,60.7,60.7,58.5,58.5,0,0
PEN_PE,D,20190429,000000,61.2,61.2,61.2,61.2,0,0
PEN_PE,D,20190430,000000,62.8,66,62.8,65.9,0,0
PEN_PE,D,20190502,000000,66,67.5,66,67.5,0,0
PEN_PE,D,20190506,000000,66,67,63.9,66.7,0,0
PEN_PE,D,20190508,000000,64,64,61.9,62.9,0,0
PEN_PE,D,20190509,000000,63,67.2,62.4,67,0,0
PEN_PE,D,20190510,000000,62.8,64.9,62.8,64.9,0,0
PEN_PE,D,20190513,000000,64.9,64.9,64.8,64.8,0,0
PEN_PE,D,20190514,000000,63.2,64.7,60.5,64.7,0,0
PEN_PE,D,20221110,000000,31.1,31.1,31.1,31.1,0,0
PEN_PE,D,20221114,000000,33.2,33.5,31.3,31.3,0,0
PEN_PE,D,20221115,000000,31.4,31.9,29.8,30,0,0
PEN_PE,D,20221116,000000,29.4,30.1,28.6,30.1,0,0
PEN_PE,D,20221117,000000,29.8,31,29.8,30,0,0
PEN_PE,D,20221118,000000,30.6,30.8,29.1,29.1,0,0
PEN_PE,D,20221121,000000,30.7,30.7,28,28,0,0
PEN_PE,D,20221122,000000,28,29,28,28.4,0,0
PEN_PE,D,20221123,000000,29,29,27.5,28.7,0,0
PEN_PE,D,20221124,000000,28.6,29,28,28,0,0
PEN_PE,D,20221125,000000,28.8,29.7,28.8,29.7,0,0
PEN_PE,D,20221128,000000,29.7,29.7,29,29.5,0,0
PEN_PE,D,20221129,000000,29.1,29.5,28.8,29,0,0
PEN_PE,D,20221130,000000,29.6,29.6,28.5,29.1,0,0
PEN_PE,D,20221201,000000,29.3,29.7,28.8,29.5,0,0
PEN_PE,D,20221202,000000,29.5,29.7,29,29.7,0,0
PEN_PE,D,20221205,000000,29.5,29.5,28.5,28.5,0,0
PEN_PE,D,20221206,000000,29.1,29.1,27.8,28.4,0,0
PEN_PE,D,20221207,000000,28.3,28.3,26.8,27.7,0,0
PEN_PE,D,20221208,000000,27.7,28.2,27.5,27.8,0,0
PEN_PE,D,20221209,000000,27.7,28.1,27.6,27.9,0,0
PEN_PE,D,20221212,000000,27.9,28.4,27.7,28.1,0,0
PEN_PE,D,20221213,000000,28.1,28.1,27.6,28,0,0
PEN_PE,D,20221214,000000,27.5,28.7,27.4,28.4,0,0
PEN_PE,D,20221215,000000,28.4,28.4,27.6,28.1,0,0
PEN_PE,D,20221216,000000,28.1,28.6,27.6,27.8,0,0
PEN_PE,D,20221219,000000,29.2,29.5,28.6,29.5,0,0
PEN_PE,D,20221220,000000,29.5,29.8,28.7,28.8,0,0
PEN_PE,D,20221221,000000,29.6,29.9,28.8,29.6,0,0
PEN_PE,D,20221222,000000,29.8,30.3,29.4,29.6,0,0
PEN_PE,D,20221223,000000,29.6,30.2,29.4,30.2,0,0
PEN_PE,D,20221227,000000,30,30.2,29.3,29.3,0,0
PEN_PE,D,20221228,000000,29.2,29.6,29,29.3,0,0
PEN_PE,D,20221229,000000,29.6,29.6,29,29.6,0,0
PEN_PE,D,20221230,000000,29.8,30,29.4,29.9,0,0
PEN_PE,D,20230102,000000,29.9,30.1,29.5,29.9,0,0
PEN_PE,D,20230103,000000,29.9,30.1,29.5,30.1,0,0
PEN_PE,D,20230104,000000,30.1,30.6,29.9,30.6,0,0
PEN_PE,D,20230105,000000,30.1,30.5,29.9,30.5,0,0
PEN_PE,D,20230109,000000,30.9,30.9,30.3,30.6,0,0
PEN_PE,D,20230110,000000,30.6,30.7,29.8,29.8,0,0
PEN_PE,D,20230111,000000,30.3,30.3,29.3,29.9,0,0
PEN_PE,D,20230112,000000,29.9,29.9,29.3,29.7,0,0
PEN_PE,D,20230113,000000,28.9,29.8,28.9,29.7,0,0
PEN_PE,D,20230116,000000,29.7,29.7,29.4,29.7,0,0
PEN_PE,D,20230117,000000,29.4,30.3,29.4,30,0,0
PEN_PE,D,20230118,000000,29.8,30,29.6,29.6,0,0
PEN_PE,D,20230119,000000,29.9,29.9,29.1,29.2,0,0
PEN_PE,D,20230120,000000,29.2,29.8,29.2,29.7,0,0
PEN_PE,D,20230123,000000,29.7,29.9,29.2,29.9,0,0
PEN_PE,D,20230124,000000,29.9,30,29.4,30,0,0
PEN_PE,D,20230125,000000,29.8,30,29.6,30,0,0
PEN_PE,D,20230126,000000,29.8,30,29.6,29.9,0,0
PEN_PE,D,20230127,000000,29.9,29.9,29.5,29.7,0,0
PEN_PE,D,20230130,000000,29.7,30,29.7,29.9,0,0
PEN_PE,D,20230131,000000,29.8,30,29.5,30,0,0
PEN_PE,D,20230201,000000,29.2,30,29.1,29.8,0,0
PEN_PE,D,20230202,000000,28.7,30.3,28.7,30.3,0,0
PEN_PE,D,20230203,000000,30.3,30.5,29.9,30,0,0
PEN_PE,D,20230206,000000,30,30.7,29.9,30,0,0
PEN_PE,D,20230207,000000,30.2,30.5,29.4,30.2,0,0
PEN_PE,D,20230208,000000,30.3,30.3,29.4,30.1,0,0
PEN_PE,D,20230209,000000,29.6,30.2,29.4,30.2,0,0
PEN_PE,D,20230210,000000,30.2,30.2,29.5,29.9,0,0
PEN_PE,D,20230213,000000,29.9,29.9,29.3,29.6,0,0
PEN_PE,D,20230214,000000,29.6,30.6,29.5,30.1,0,0
PEN_PE,D,20230215,000000,30.4,61.7,30.4,61.7,0,0
PEN_PE,D,20230216,000000,61.7,63.6,61.7,62.9,0,0
PEN_PE,D,20230217,000000,63.2,63.2,60.4,62.5,0,0
PEN_PE,D,20230220,000000,62.5,62.5,60.7,61.3,0,0
PEN_PE,D,20230221,000000,61.4,62.2,60.6,62.1,0,0
PEN_PE,D,20230222,000000,61,62.1,61,61.8,0,0
PEN_PE,D,20230223,000000,62.3,62.3,61.5,62.2,0,0
PEN_PE,D,20230224,000000,62.4,62.4,61.9,62.2,0,0
PEN_PE,D,20230227,000000,61.8,62.7,61.3,61.4,0,0
PEN_PE,D,20230228,000000,61,62,60.9,60.9,0,0
PEN_PE,D,20230301,000000,61.5,61.6,60.1,61.6,0,0
PEN_PE,D,20230302,000000,60.6,61.6,59.9,60.1,0,0
PEN_PE,D,20230303,000000,60.2,61.2,59.2,59.6,0,0
PEN_PE,D,20230306,000000,60.6,60.6,59.3,59.3,0,0
PEN_PE,D,20230307,000000,59.3,60.6,58.9,59.2,0,0
PEN_PE,D,20230308,000000,59.9,60.2,59.5,59.6,0,0
PEN_PE,D,20230309,000000,59.8,60.1,59.6,59.8,0,0
PEN_PE,D,20230310,000000,60,60.3,58.1,59.1,0,0
PEN_PE,D,20230313,000000,58.7,59.6,56.3,57.7,0,0
PEN_PE,D,20230314,000000,56.3,58.7,56.3,58.6,0,0
PEN_PE,D,20230315,000000,58.6,59.5,56.3,57.5,0,0
PEN_PE,D,20230316,000000,57.6,57.7,56,56.9,0,0
PEN_PE,D,20230317,000000,57.2,59.3,57.2,59.2,0,0
PEN_PE,D,20230320,000000,59.3,59.3,58.3,58.9,0,0
PEN_PE,D,20230321,000000,58.9,59.4,57.4,59.4,0,0
PEN_PE,D,20230322,000000,57.7,59.1,57.6,58.1,0,0
PEN_PE,D,20230323,000000,58.4,58.4,57.1,57.5,0,0
PEN_PE,D,20230324,000000,57.2,57.7,56.6,57.6,0,0
PEN_PE,D,20230327,000000,55.7,56.9,55.6,55.7,0,0
PEN_PE,D,20230328,000000,57,57,53.6,54.8,0,0
PEN_PE,D,20230329,000000,54.9,55,53.5,54,0,0
PEN_PE,D,20230330,000000,54,54.4,53.1,54,0,0
PEN_PE,D,20230331,000000,53.2,53.9,53.2,53.9,0,0
PEN_PE,D,20230403,000000,53.4,53.9,52.4,53.1,0,0
PEN_PE,D,20230404,000000,53.1,54.4,52.6,53.6,0,0
PEN_PE,D,20230405,000000,52.9,53.5,52.9,53.1,0,0
PEN_PE,D,20230406,000000,53.1,54,53,53,0,0
PEN_PE,D,20230411,000000,53.3,53.4,52.8,53.1,0,0
PEN_PE,D,20230412,000000,53.7,53.7,53,53.3,0,0
PEN_PE,D,20230413,000000,53.3,53.8,52.4,53.5,0,0
PEN_PE,D,20230414,000000,53.5,54,53.4,53.4,0,0
PEN_PE,D,20230417,000000,53.5,56.3,53.5,55,0,0
PEN_PE,D,20230418,000000,54.8,56.9,54.2,54.2,0,0
PEN_PE,D,20230419,000000,54.3,56.7,54.3,56.7,0,0
PEN_PE,D,20230420,000000,57.4,58.5,56,57.7,0,0
PEN_PE,D,20230421,000000,57.2,58.5,56.8,57,0,0
PEN_PE,D,20230424,000000,57,59.1,56.6,59,0,0
PEN_PE,D,20230425,000000,59.2,59.5,58.1,59.2,0,0
PEN_PE,D,20230426,000000,57.9,60.2,57.9,59.7,0,0
PEN_PE,D,20230427,000000,59.9,60.3,58.9,60.2,0,0
PEN_PE,D,20230428,000000,60.2,61.4,60.2,61.4,0,0
PEN_PE,D,20230502,000000,61.4,62,58.4,60.8,0,0
PEN_PE,D,20230504,000000,60.7,60.8,58.4,60.4,0,0
PEN_PE,D,20230505,000000,59.6,61,59.4,59.9,0,0
PEN_PE,D,20230508,000000,59.9,61,59.4,61,0,0
PEN_PE,D,20230509,000000,61.1,61.5,60.1,61.1,0,0
PEN_PE,D,20230510,000000,61.2,61.6,60,60.5,0,0
PEN_PE,D,20230511,000000,60.4,61.3,59.9,61.2,0,0
PEN_PE,D,20230512,000000,60.5,60.5,56.4,56.4,0,0
PEN_PE,D,20230515,000000,44.6,44.6,44.6,44.6,0,0
PEN_PE,D,20230516,000000,44.6,44.9,43,44.9,0,0
PEN_PE,D,20230517,000000,44.8,44.8,43.8,44.6,0,0
PEN_PE,D,20230518,000000,44.6,44.9,44.1,44.1,0,0
PEN_PE,D,20230519,000000,44.2,46,44.1,46,0,0
PEN_PE,D,20230522,000000,46.1,46.1,44.3,44.9,0,0
PEN_PE,D,20230523,000000,44.8,45.6,44.3,44.9,0,0
PEN_PE,D,20230524,000000,45.9,46.2,45.3,46.2,0,0
PEN_PE,D,20230525,000000,46.2,47.9,45.8,47.6,0,0
PEN_PE,D,20230526,000000,47.6,48.5,47.5,48.1,0,0
PEN_PE,D,20230529,000000,49.7,49.7,47.7,48.6,0,0
PEN_PE,D,20230530,000000,49.4,50,48.6,49.4,0,0
PEN_PE,D,20230531,000000,49.1,50,49.1,49.2,0,0
PEN_PE,D,20230601,000000,49.6,50.1,48.9,50.1,0,0
PEN_PE,D,20230602,000000,48.7,49.6,48.7,49.2,0,0
PEN_PE,D,20230605,000000,49.9,51.1,49.1,49.4,0,0
PEN_PE,D,20230606,000000,50.1,50.1,49.5,50,0,0
PEN_PE,D,20230607,000000,50,50,48.9,49.5,0,0
PEN_PE,D,20230609,000000,49.6,50.8,49.4,49.5,0,0
PEN_PE,D,20230612,000000,50.4,50.4,49.4,50,0,0
PEN_PE,D,20230613,000000,49.9,50,49.4,49.4,0,0
PEN_PE,D,20230614,000000,49.5,49.5,48.4,49,0,0
PEN_PE,D,20230615,000000,49.1,49.2,47.9,48.9,0,0
PEN_PE,D,20230616,000000,48.9,50.1,48.9,49.6,0,0
PEN_PE,D,20230619,000000,49.6,49.9,49,49.8,0,0
PEN_PE,D,20230620,000000,49.8,49.8,48.7,49.3,0,0
PEN_PE,D,20230621,000000,48.8,49.9,48.8,49.2,0,0
PEN_PE,D,20230622,000000,49.2,49.2,48.3,48.9,0,0
PEN_PE,D,20230623,000000,49.1,49.4,48.1,49.3,0,0
PEN_PE,D,20230626,000000,49.3,49.4,48.5,49,0,0
PEN_PE,D,20230627,000000,48.8,48.8,47.6,48.2,0,0
PEN_PE,D,20230628,000000,48.5,49.4,48.3,48.6,0,0
PEN_PE,D,20230629,000000,48.6,48.6,47.4,47.5,0,0
PEN_PE,D,20230630,000000,48.3,48.4,47.2,47.2,0,0
PEN_PE,D,20230703,000000,47.2,48.5,46.3,48.5,0,0
PEN_PE,D,20230704,000000,48.4,48.4,46.8,46.8,0,0
PEN_PE,D,20230705,000000,46.7,46.7,44.1,44.1,0,0
PEN_PE,D,20230706,000000,44.1,45.7,44.1,44.9,0,0
PEN_PE,D,20230707,000000,45,46.6,45,45.8,0,0
PEN_PE,D,20230710,000000,46.1,46.1,44.9,46,0,0
PEN_PE,D,20230711,000000,46,47.2,45.6,47.2,0,0
PEN_PE,D,20230712,000000,47.2,47.2,46.1,46.5,0,0
PEN_PE,D,20230713,000000,46.5,46.9,45.7,46.9,0,0
PEN_PE,D,20230714,000000,46.7,46.9,45,45,0,0
PEN_PE,D,20230717,000000,45,46.5,45,46.2,0,0
PEN_PE,D,20230718,000000,45.7,46.2,44.7,45.4,0,0
PEN_PE,D,20230719,000000,45.3,45.9,45.2,45.6,0,0
PEN_PE,D,20230720,000000,45,45.6,45,45.4,0,0
PEN_PE,D,20230721,000000,45.4,45.7,44.6,44.7,0,0
PEN_PE,D,20230724,000000,45.4,45.4,44.7,45.1,0,0
PEN_PE,D,20230725,000000,44.7,45.3,44.6,45.3,0,0
PEN_PE,D,20230726,000000,45.1,45.4,44.5,44.6,0,0
PEN_PE,D,20230727,000000,45.1,45.1,43.8,43.8,0,0
PEN_PE,D,20230728,000000,43,44.4,43,44.1,0,0
PEN_PE,D,20230731,000000,44.1,44.3,43.7,44.3,0,0
PEN_PE,D,20230801,000000,44.3,44.3,43.6,44.1,0,0
PEN_PE,D,20230802,000000,44,44,43.2,43.5,0,0
PEN_PE,D,20230803,000000,43.5,43.8,43.4,43.6,0,0
PEN_PE,D,20230804,000000,43.4,43.7,43,43.6,0,0
PEN_PE,D,20230807,000000,43.452,43.6,43.073,43.6,0,0
PEN_PE,D,20230808,000000,43.752,43.904,43.6,43.8,0,0
PEN_PE,D,20230809,000000,43.577,43.729,43.4,43.4,0,0
PEN_PE,D,20230810,000000,43.925,45.585,43.5,43.5,0,0
PEN_PE,D,20230811,000000,44.026,44.252,43.272,43.3,0,0
PEN_PE,D,20230814,000000,43.531,44.7,43.531,44.7,0,0
PEN_PE,D,20230816,000000,43.795,44.023,43.416,43.7,0,0
PEN_PE,D,20230817,000000,42.803,42.803,40.392,42.1,0,0
PEN_PE,D,20230818,000000,42.03,42.03,40.301,41.353,0,0
