<TICKER>,<PER>,<DATE>,<TIME>,<OPEN>,<HIGH>,<LOW>,<CLOSE>,<VOL>,<OPENINT>
PHR_PE,D,20080825,000000,252.315,252.315,252.315,252.315,0,0
PHR_PE,D,20080826,000000,253.354,253.444,253.354,253.444,0,0
PHR_PE,D,20080827,000000,249.008,249.099,249.008,249.099,0,0
PHR_PE,D,20080828,000000,253.092,253.273,253.092,253.273,0,0
PHR_PE,D,20080902,000000,254.574,254.574,245.106,252.83,0,0
PHR_PE,D,20080904,000000,248.141,248.141,248.141,248.141,0,0
PHR_PE,D,20080905,000000,254.574,254.574,254.574,254.574,0,0
PHR_PE,D,20080911,000000,249.966,249.966,249.541,249.541,0,0
PHR_PE,D,20080915,000000,250.49,250.49,250.49,250.49,0,0
PHR_PE,D,20080916,000000,251.357,251.357,251.357,251.357,0,0
PHR_PE,D,20080929,000000,251.529,251.529,251.529,251.529,0,0
PHR_PE,D,20081001,000000,251.529,252.315,251.529,252.315,0,0
PHR_PE,D,20081003,000000,251.963,252.749,251.963,252.749,0,0
PHR_PE,D,20081006,000000,248.231,250.933,241.718,241.718,0,0
PHR_PE,D,20081007,000000,241.718,241.718,234.68,234.68,0,0
PHR_PE,D,20081008,000000,236.252,236.252,236.252,236.252,0,0
PHR_PE,D,20081010,000000,230.686,230.686,230.686,230.686,0,0
PHR_PE,D,20081013,000000,232.52,232.52,232.52,232.52,0,0
PHR_PE,D,20081014,000000,232.52,232.52,232.52,232.52,0,0
PHR_PE,D,20081024,000000,223.134,223.134,222.953,222.953,0,0
PHR_PE,D,20081029,000000,223.296,223.82,223.296,223.82,0,0
PHR_PE,D,20081030,000000,223.911,224.091,223.911,224.091,0,0
PHR_PE,D,20081031,000000,224.254,224.254,224.254,224.254,0,0
PHR_PE,D,20081103,000000,225.212,226.603,225.212,226.603,0,0
PHR_PE,D,20081106,000000,227.994,231.635,227.994,231.635,0,0
PHR_PE,D,20081107,000000,231.635,231.635,231.635,231.635,0,0
PHR_PE,D,20081110,000000,232.078,232.43,232.078,232.43,0,0
PHR_PE,D,20081112,000000,234.327,234.86,228.862,228.862,0,0
PHR_PE,D,20081113,000000,221.471,230.506,221.471,230.506,0,0
PHR_PE,D,20081114,000000,230.506,230.506,230.506,230.506,0,0
PHR_PE,D,20081117,000000,220.604,231.635,220.604,231.635,0,0
PHR_PE,D,20081118,000000,224.164,231.897,220.875,231.897,0,0
PHR_PE,D,20081119,000000,227.037,227.037,226.784,226.784,0,0
PHR_PE,D,20081120,000000,231.039,231.039,223.296,230.948,0,0
PHR_PE,D,20081124,000000,231.039,231.039,231.039,231.039,0,0
PHR_PE,D,20081125,000000,230.686,230.686,230.686,230.686,0,0
PHR_PE,D,20081126,000000,230.686,230.686,230.686,230.686,0,0
PHR_PE,D,20081127,000000,230.686,230.686,230.686,230.686,0,0
PHR_PE,D,20081201,000000,225.212,230.686,220.604,230.686,0,0
PHR_PE,D,20081202,000000,220.604,227.904,220.604,227.904,0,0
PHR_PE,D,20081209,000000,215.31,221.995,215.31,221.995,0,0
PHR_PE,D,20081210,000000,221.995,224.344,221.995,224.344,0,0
PHR_PE,D,20081211,000000,224.344,224.344,224.344,224.344,0,0
PHR_PE,D,20081215,000000,224.435,224.435,224.435,224.435,0,0
PHR_PE,D,20081216,000000,220.604,223.387,220.604,223.387,0,0
PHR_PE,D,20081217,000000,223.296,223.387,223.296,223.387,0,0
PHR_PE,D,20081218,000000,223.296,223.387,223.296,223.387,0,0
PHR_PE,D,20081219,000000,223.296,223.387,223.296,223.387,0,0
PHR_PE,D,20081222,000000,223.296,223.296,223.296,223.296,0,0
PHR_PE,D,20081229,000000,223.296,223.387,223.296,223.387,0,0
PHR_PE,D,20081230,000000,223.296,223.387,223.296,223.387,0,0
PHR_PE,D,20081231,000000,223.296,223.387,223.296,223.387,0,0
PHR_PE,D,20090105,000000,223.296,223.296,213.747,219.303,0,0
PHR_PE,D,20090107,000000,218.779,218.779,208.886,213.485,0,0
PHR_PE,D,20090109,000000,212.274,212.274,203.411,207.061,0,0
PHR_PE,D,20090112,000000,206.808,206.808,206.808,206.808,0,0
PHR_PE,D,20090113,000000,197.25,197.25,197.25,197.25,0,0
PHR_PE,D,20090114,000000,199.951,205.751,199.951,205.751,0,0
PHR_PE,D,20090116,000000,236.758,243.543,236.758,243.543,0,0
PHR_PE,D,20090120,000000,243.543,272.724,243.543,250.933,0,0
PHR_PE,D,20090123,000000,250.933,251.086,250.933,251.086,0,0
PHR_PE,D,20090126,000000,259.082,259.172,259.082,259.172,0,0
PHR_PE,D,20090127,000000,258.133,272.724,258.133,272.724,0,0
PHR_PE,D,20090203,000000,254.745,264.909,254.745,264.909,0,0
PHR_PE,D,20090204,000000,265.243,265.415,265.243,265.415,0,0
PHR_PE,D,20090205,000000,267.077,267.077,263.689,263.78,0,0
PHR_PE,D,20090209,000000,261.422,269.164,261.422,269.164,0,0
PHR_PE,D,20090210,000000,252.387,264.909,252.387,264.909,0,0
PHR_PE,D,20090211,000000,261.259,261.259,261.259,261.259,0,0
PHR_PE,D,20090212,000000,250.228,261.178,250.228,261.178,0,0
PHR_PE,D,20090213,000000,250.228,256.742,249.008,256.308,0,0
PHR_PE,D,20090216,000000,244.491,246.93,244.491,246.93,0,0
PHR_PE,D,20090219,000000,246.84,246.93,246.84,246.93,0,0
PHR_PE,D,20090220,000000,236.071,236.071,235.628,235.719,0,0
PHR_PE,D,20090223,000000,242.757,242.757,242.757,242.757,0,0
PHR_PE,D,20090224,000000,235.628,235.719,235.628,235.719,0,0
PHR_PE,D,20090225,000000,242.757,242.757,242.757,242.757,0,0
PHR_PE,D,20090303,000000,231.129,242.495,231.129,242.495,0,0
PHR_PE,D,20090306,000000,241.365,241.456,241.365,241.456,0,0
PHR_PE,D,20090310,000000,231.129,235.628,192.733,192.733,0,0
PHR_PE,D,20090311,000000,192.814,192.814,192.733,192.733,0,0
PHR_PE,D,20090313,000000,190.998,190.998,190.817,190.817,0,0
PHR_PE,D,20090316,000000,192.642,192.733,192.642,192.733,0,0
PHR_PE,D,20090317,000000,197.331,197.331,197.169,197.169,0,0
PHR_PE,D,20090323,000000,197.25,197.331,197.25,197.331,0,0
PHR_PE,D,20090324,000000,188.035,197.25,188.035,197.25,0,0
PHR_PE,D,20090327,000000,186.21,186.3,186.21,186.3,0,0
PHR_PE,D,20090330,000000,195.506,195.506,193.51,193.51,0,0
PHR_PE,D,20090331,000000,183.436,183.517,183.436,183.517,0,0
PHR_PE,D,20090401,000000,188.035,192.642,183.436,185.342,0,0
PHR_PE,D,20090402,000000,182.478,183.517,182.478,183.517,0,0
PHR_PE,D,20090403,000000,185.252,185.252,180.663,180.744,0,0
PHR_PE,D,20090406,000000,173.796,183.517,173.796,183.517,0,0
PHR_PE,D,20090407,000000,185.252,185.342,185.252,185.342,0,0
PHR_PE,D,20090408,000000,185.18,185.252,185.18,185.252,0,0
PHR_PE,D,20090414,000000,173.796,185.18,173.796,185.18,0,0
PHR_PE,D,20090415,000000,184.909,185.089,176.579,183.517,0,0
PHR_PE,D,20090416,000000,184.222,184.222,182.397,182.478,0,0
PHR_PE,D,20090417,000000,181.53,181.692,181.53,181.692,0,0
PHR_PE,D,20090421,000000,182.921,183.093,182.921,183.002,0,0
PHR_PE,D,20090423,000000,183.951,184.222,183.951,184.041,0,0
PHR_PE,D,20090424,000000,183.861,183.951,183.861,183.951,0,0
PHR_PE,D,20090427,000000,175.188,175.188,174.239,174.329,0,0
PHR_PE,D,20090429,000000,173.354,178.747,173.354,178.747,0,0
PHR_PE,D,20090430,000000,178.657,178.919,178.657,178.919,0,0
PHR_PE,D,20090504,000000,178.838,187.086,174.239,183.264,0,0
PHR_PE,D,20090505,000000,179,179,174.411,178.838,0,0
PHR_PE,D,20090508,000000,174.058,175.965,174.058,175.965,0,0
PHR_PE,D,20090812,000000,137.496,137.496,137.496,137.496,0,0
PHR_PE,D,20090813,000000,137.758,137.758,137.676,137.676,0,0
PHR_PE,D,20090814,000000,137.225,137.225,137.225,137.225,0,0
PHR_PE,D,20090820,000000,135.653,145.157,135.653,145.157,0,0
PHR_PE,D,20090821,000000,144.714,144.714,144.714,144.714,0,0
PHR_PE,D,20090824,000000,144.714,144.714,140.197,143.847,0,0
PHR_PE,D,20090827,000000,136.195,142.989,135.743,142.898,0,0
PHR_PE,D,20090828,000000,136.104,136.104,136.104,136.104,0,0
PHR_PE,D,20090904,000000,135.653,136.529,135.653,136.529,0,0
PHR_PE,D,20090909,000000,136.104,136.104,136.104,136.104,0,0
PHR_PE,D,20090916,000000,135.653,140.197,135.653,139.754,0,0
PHR_PE,D,20090918,000000,139.754,140.287,139.754,140.197,0,0
PHR_PE,D,20090921,000000,140.197,140.197,140.197,140.197,0,0
PHR_PE,D,20090922,000000,135.653,138.354,135.653,138.354,0,0
PHR_PE,D,20090923,000000,139.239,139.321,139.239,139.321,0,0
PHR_PE,D,20090924,000000,138.011,139.574,136.195,139.483,0,0
PHR_PE,D,20090928,000000,140.378,140.45,140.378,140.45,0,0
PHR_PE,D,20090929,000000,140.631,140.631,140.54,140.54,0,0
PHR_PE,D,20090930,000000,144.714,144.714,144.714,144.714,0,0
PHR_PE,D,20091001,000000,144.714,144.714,144.714,144.714,0,0
PHR_PE,D,20091005,000000,145.157,145.157,145.157,145.157,0,0
PHR_PE,D,20091006,000000,145.329,145.419,145.329,145.419,0,0
PHR_PE,D,20091008,000000,144.714,144.714,144.29,144.29,0,0
PHR_PE,D,20091009,000000,144.976,144.976,144.895,144.895,0,0
PHR_PE,D,20091012,000000,144.47,144.47,144.47,144.47,0,0
PHR_PE,D,20091013,000000,144.714,144.714,144.714,144.714,0,0
PHR_PE,D,20091014,000000,144.714,144.714,144.714,144.714,0,0
PHR_PE,D,20091015,000000,145.157,145.157,138.806,138.806,0,0
PHR_PE,D,20091016,000000,140.884,140.884,138.715,139.926,0,0
PHR_PE,D,20091019,000000,140.631,140.631,138.715,139.321,0,0
PHR_PE,D,20091020,000000,134.794,139.149,134.794,139.068,0,0
PHR_PE,D,20091021,000000,134.261,139.321,134.261,139.321,0,0
PHR_PE,D,20091022,000000,133.132,139.321,113.961,139.321,0,0
PHR_PE,D,20091027,000000,131.217,135.743,131.217,135.653,0,0
PHR_PE,D,20091028,000000,135.653,135.653,135.653,135.653,0,0
PHR_PE,D,20091030,000000,135.653,135.653,135.653,135.653,0,0
PHR_PE,D,20091103,000000,129.997,135.653,129.997,135.653,0,0
PHR_PE,D,20091105,000000,135.653,135.653,135.653,135.653,0,0
PHR_PE,D,20091109,000000,135.653,135.653,135.653,135.653,0,0
PHR_PE,D,20091112,000000,133.828,133.828,133.828,133.828,0,0
PHR_PE,D,20091113,000000,130.268,130.268,120.231,120.321,0,0
PHR_PE,D,20091116,000000,120.231,120.321,107.7,120.321,0,0
PHR_PE,D,20091117,000000,118.063,122.164,113.961,117.53,0,0
PHR_PE,D,20091118,000000,120.141,120.141,114.494,115.804,0,0
PHR_PE,D,20091119,000000,114.494,114.494,114.404,114.404,0,0
PHR_PE,D,20091120,000000,116.138,116.138,115.714,115.804,0,0
PHR_PE,D,20091123,000000,116.229,116.229,113.103,116.138,0,0
PHR_PE,D,20091124,000000,113.012,116.229,113.012,116.229,0,0
PHR_PE,D,20091125,000000,116.229,116.229,116.229,116.229,0,0
PHR_PE,D,20091126,000000,116.229,125.905,116.229,117.53,0,0
PHR_PE,D,20091127,000000,119.626,119.626,113.961,119.373,0,0
PHR_PE,D,20091130,000000,116.229,116.229,115.804,115.804,0,0
PHR_PE,D,20091201,000000,117.62,117.62,117.53,117.53,0,0
PHR_PE,D,20091202,000000,115.714,115.804,115.714,115.804,0,0
PHR_PE,D,20091204,000000,114.919,117.62,114.919,117.53,0,0
PHR_PE,D,20091207,000000,120.764,120.764,120.764,120.764,0,0
PHR_PE,D,20091208,000000,117.195,120.764,114.919,120.764,0,0
PHR_PE,D,20100217,000000,198.75,198.75,198.75,198.75,0,0
PHR_PE,D,20100218,000000,199.798,214.777,199.798,206.23,0,0
PHR_PE,D,20100219,000000,200.222,208.669,190.727,208.669,0,0
PHR_PE,D,20100222,000000,207.54,207.54,207.54,207.54,0,0
PHR_PE,D,20100223,000000,198.822,198.822,198.822,198.822,0,0
PHR_PE,D,20100224,000000,198.75,204.396,198.75,204.396,0,0
PHR_PE,D,20100225,000000,208.669,208.669,208.669,208.669,0,0
PHR_PE,D,20100226,000000,209.808,209.808,203.267,208.669,0,0
PHR_PE,D,20100301,000000,209.808,209.808,209.808,209.808,0,0
PHR_PE,D,20100302,000000,209.808,209.808,204.071,205.625,0,0
PHR_PE,D,20100303,000000,202.58,217.821,202.58,217.821,0,0
PHR_PE,D,20100304,000000,219.393,219.393,218.96,218.96,0,0
PHR_PE,D,20100305,000000,218.96,218.96,218.96,218.96,0,0
PHR_PE,D,20100308,000000,217.821,217.821,217.821,217.821,0,0
PHR_PE,D,20100309,000000,217.821,217.821,217.821,217.821,0,0
PHR_PE,D,20100310,000000,217.469,217.469,213.991,217.035,0,0
PHR_PE,D,20100311,000000,217.469,217.469,217.469,217.469,0,0
PHR_PE,D,20100312,000000,217.469,217.469,217.469,217.469,0,0
PHR_PE,D,20100315,000000,217.469,217.469,210.946,210.946,0,0
PHR_PE,D,20100316,000000,209.627,209.627,209.627,209.627,0,0
PHR_PE,D,20100318,000000,210.151,213.214,210.151,212.509,0,0
PHR_PE,D,20100319,000000,213.214,214.777,213.214,214.777,0,0
PHR_PE,D,20100322,000000,218.598,218.598,213.991,213.991,0,0
PHR_PE,D,20100323,000000,213.991,213.991,213.991,213.991,0,0
PHR_PE,D,20100324,000000,216.258,216.258,213.991,213.991,0,0
PHR_PE,D,20100326,000000,215.563,215.563,215.563,215.563,0,0
PHR_PE,D,20100329,000000,218.598,218.598,213.214,218.598,0,0
PHR_PE,D,20100330,000000,218.174,218.598,218.174,218.598,0,0
PHR_PE,D,20100331,000000,213.991,218.96,213.991,218.96,0,0
PHR_PE,D,20100401,000000,223.143,223.143,217.821,223.143,0,0
PHR_PE,D,20100406,000000,221.661,221.661,221.661,221.661,0,0
PHR_PE,D,20100407,000000,224.706,224.706,213.991,213.991,0,0
PHR_PE,D,20100408,000000,213.214,213.214,213.214,213.214,0,0
PHR_PE,D,20100409,000000,213.214,215.563,213.214,215.563,0,0
PHR_PE,D,20100412,000000,211.723,229.322,211.723,229.322,0,0
PHR_PE,D,20100413,000000,229.503,229.503,220.965,229.322,0,0
PHR_PE,D,20100414,000000,222.438,229.322,221.661,229.322,0,0
PHR_PE,D,20100415,000000,222.438,229.322,222.438,229.322,0,0
PHR_PE,D,20100416,000000,229.684,229.684,229.684,229.684,0,0
PHR_PE,D,20100419,000000,221.661,227.75,220.875,227.75,0,0
PHR_PE,D,20100421,000000,229.322,229.322,211.723,211.723,0,0
PHR_PE,D,20100422,000000,211.994,211.994,211.633,211.723,0,0
PHR_PE,D,20100423,000000,205.968,211.732,205.968,211.732,0,0
PHR_PE,D,20100426,000000,211.994,212.075,211.994,212.075,0,0
PHR_PE,D,20100427,000000,208.154,214.515,202.842,210.241,0,0
PHR_PE,D,20100428,000000,202.499,204.658,202.499,204.658,0,0
PHR_PE,D,20100429,000000,211.551,211.551,205.282,205.372,0,0
PHR_PE,D,20100504,000000,210.946,210.946,201.451,201.523,0,0
PHR_PE,D,20100506,000000,201.279,201.279,201.189,201.189,0,0
PHR_PE,D,20100507,000000,196.301,204.071,196.301,203.981,0,0
PHR_PE,D,20100510,000000,197.521,319.595,197.521,319.595,0,0
PHR_PE,D,20100517,000000,312.973,319.071,306.522,319.071,0,0
PHR_PE,D,20100518,000000,321.853,321.853,321.853,321.853,0,0
PHR_PE,D,20100519,000000,319.071,319.071,319.071,319.071,0,0
PHR_PE,D,20100601,000000,327.437,327.437,320.733,320.733,0,0
PHR_PE,D,20100602,000000,319.676,320.814,319.595,319.595,0,0
PHR_PE,D,20100604,000000,310.786,316.37,298.599,316.279,0,0
PHR_PE,D,20100607,000000,307.651,307.651,293.015,304.092,0,0
PHR_PE,D,20100608,000000,303.044,303.044,302.953,302.953,0,0
PHR_PE,D,20100609,000000,305.212,321.853,305.212,321.853,0,0
PHR_PE,D,20100611,000000,327.518,335.631,324.121,335.631,0,0
PHR_PE,D,20100614,000000,337.447,338.504,337.447,338.504,0,0
PHR_PE,D,20100615,000000,338.504,338.504,338.504,338.504,0,0
PHR_PE,D,20100616,000000,335.197,341.287,335.197,338.504,0,0
PHR_PE,D,20100617,000000,343.988,343.988,343.907,343.907,0,0
PHR_PE,D,20100618,000000,343.988,343.988,343.907,343.907,0,0
PHR_PE,D,20100623,000000,336.318,338.504,327.437,338.504,0,0
PHR_PE,D,20100624,000000,340.763,340.763,340.763,340.763,0,0
PHR_PE,D,20100625,000000,340.763,340.763,340.763,340.763,0,0
PHR_PE,D,20100628,000000,340.763,340.763,340.763,340.763,0,0
PHR_PE,D,20100629,000000,340.763,340.763,340.763,340.763,0,0
PHR_PE,D,20100630,000000,340.763,340.763,340.763,340.763,0,0
PHR_PE,D,20100706,000000,341.982,341.982,341.982,341.982,0,0
PHR_PE,D,20100707,000000,341.892,341.892,341.802,341.802,0,0
PHR_PE,D,20100708,000000,341.982,341.982,341.982,341.982,0,0
PHR_PE,D,20100709,000000,341.982,341.982,341.802,341.802,0,0
PHR_PE,D,20100712,000000,341.892,341.892,341.802,341.802,0,0
PHR_PE,D,20100713,000000,341.892,341.892,341.802,341.802,0,0
PHR_PE,D,20100714,000000,341.982,341.982,341.982,341.982,0,0
PHR_PE,D,20100715,000000,341.982,344.946,341.982,344.946,0,0
PHR_PE,D,20100716,000000,335.197,342.94,333.011,342.94,0,0
PHR_PE,D,20100719,000000,334.059,338.504,332.93,332.93,0,0
PHR_PE,D,20100720,000000,342.94,342.94,342.94,342.94,0,0
PHR_PE,D,20100721,000000,344.078,344.078,344.078,344.078,0,0
PHR_PE,D,20100722,000000,345.379,349.047,335.197,349.047,0,0
PHR_PE,D,20100723,000000,339.633,339.633,339.633,339.633,0,0
PHR_PE,D,20100728,000000,351.83,351.83,332.921,332.921,0,0
PHR_PE,D,20100730,000000,340.772,340.772,340.772,340.772,0,0
PHR_PE,D,20100802,000000,345.876,345.876,333.571,333.571,0,0
PHR_PE,D,20100803,000000,336.715,336.715,333.571,333.571,0,0
PHR_PE,D,20100804,000000,332.442,348.072,322.838,348.072,0,0
PHR_PE,D,20100805,000000,348.072,348.072,348.072,348.072,0,0
PHR_PE,D,20100806,000000,348.072,348.072,348.072,348.072,0,0
PHR_PE,D,20100809,000000,348.072,348.072,348.072,348.072,0,0
PHR_PE,D,20100810,000000,348.072,348.072,348.072,348.072,0,0
PHR_PE,D,20100811,000000,348.072,348.072,339.154,346.924,0,0
PHR_PE,D,20100812,000000,348.072,348.072,348.072,348.072,0,0
PHR_PE,D,20100813,000000,348.072,585.263,348.072,585.263,0,0
PHR_PE,D,20100816,000000,585.091,585.091,566.399,566.57,0,0
PHR_PE,D,20100817,000000,585.091,585.263,585.091,585.263,0,0
PHR_PE,D,20100818,000000,585.091,598.182,585.091,596.52,0,0
PHR_PE,D,20100819,000000,579.499,583.167,575.045,583.167,0,0
PHR_PE,D,20100820,000000,583.248,586.22,583.248,586.22,0,0
PHR_PE,D,20100823,000000,576.698,585.263,560.825,585.263,0,0
PHR_PE,D,20100824,000000,558.991,562.821,558.991,562.821,0,0
PHR_PE,D,20100825,000000,467.318,555.323,467.318,555.323,0,0
PHR_PE,D,20100826,000000,540.208,545.629,514.107,545.629,0,0
PHR_PE,D,20100827,000000,545.448,560.987,545.448,560.987,0,0
PHR_PE,D,20100830,000000,542.132,542.223,536.558,542.223,0,0
PHR_PE,D,20100831,000000,525.283,542.223,525.283,542.223,0,0
PHR_PE,D,20100901,000000,542.132,542.132,530.884,542.042,0,0
PHR_PE,D,20100902,000000,542.132,542.223,542.132,542.223,0,0
PHR_PE,D,20100903,000000,542.132,542.223,542.132,542.223,0,0
PHR_PE,D,20100907,000000,523.449,523.539,523.449,523.539,0,0
PHR_PE,D,20100908,000000,517.775,529.132,467.318,529.132,0,0
PHR_PE,D,20100909,000000,521.534,521.534,504.775,514.189,0,0
PHR_PE,D,20100910,000000,517.775,543.966,502.841,514.189,0,0
PHR_PE,D,20100913,000000,522.139,522.139,514.107,514.189,0,0
PHR_PE,D,20100914,000000,497.258,506.609,478.584,504.865,0,0
PHR_PE,D,20100915,000000,504.775,521.353,504.775,521.353,0,0
PHR_PE,D,20100916,000000,514.107,514.189,514.107,514.189,0,0
PHR_PE,D,20100917,000000,526.069,526.069,501.893,522.229,0,0
PHR_PE,D,20100920,000000,514.279,514.369,514.279,514.369,0,0
PHR_PE,D,20100923,000000,521.534,521.705,521.534,521.705,0,0
PHR_PE,D,20100924,000000,506.609,506.609,501.893,502.064,0,0
PHR_PE,D,20100927,000000,497.258,522.139,497.258,505.814,0,0
PHR_PE,D,20100928,000000,505.814,506.085,505.633,505.814,0,0
PHR_PE,D,20100929,000000,513.15,513.15,506.428,506.518,0,0
PHR_PE,D,20100930,000000,506.609,506.699,506.609,506.699,0,0
PHR_PE,D,20101001,000000,508.434,508.605,508.434,508.605,0,0
PHR_PE,D,20101004,000000,514.107,514.107,508.434,508.605,0,0
PHR_PE,D,20101005,000000,497.61,515.86,497.61,515.86,0,0
PHR_PE,D,20101006,000000,506.609,506.699,506.609,506.699,0,0
PHR_PE,D,20101007,000000,497.61,515.941,497.61,504.865,0,0
PHR_PE,D,20101008,000000,497.963,498.143,497.963,498.143,0,0
PHR_PE,D,20101011,000000,497.963,522.229,497.963,522.229,0,0
PHR_PE,D,20101012,000000,536.558,536.558,521.534,521.886,0,0
PHR_PE,D,20101013,000000,521.705,521.886,521.705,521.886,0,0
PHR_PE,D,20101014,000000,521.534,521.534,519.691,519.781,0,0
PHR_PE,D,20101015,000000,519.691,520.748,514.107,520.748,0,0
PHR_PE,D,20101018,000000,521.01,523.539,521.01,523.539,0,0
PHR_PE,D,20101019,000000,532.438,532.438,507.386,517.956,0,0
PHR_PE,D,20101020,000000,518.742,518.923,518.742,518.923,0,0
PHR_PE,D,20101021,000000,517.432,517.604,517.432,517.604,0,0
PHR_PE,D,20101022,000000,517.775,517.956,517.775,517.956,0,0
PHR_PE,D,20101025,000000,520.052,520.576,520.052,520.576,0,0
PHR_PE,D,20101026,000000,520.224,520.395,520.224,520.395,0,0
PHR_PE,D,20101027,000000,520.224,520.395,520.224,520.395,0,0
PHR_PE,D,20101028,000000,520.224,520.395,520.224,520.395,0,0
PHR_PE,D,20101029,000000,520.233,520.395,520.233,520.395,0,0
PHR_PE,D,20101102,000000,520.224,520.395,520.224,520.395,0,0
PHR_PE,D,20101103,000000,519.691,519.691,514.107,514.189,0,0
PHR_PE,D,20101104,000000,519.085,519.085,517.08,517.161,0,0
PHR_PE,D,20101105,000000,520.395,520.748,520.395,520.748,0,0
PHR_PE,D,20101108,000000,521.534,521.705,521.534,521.705,0,0
PHR_PE,D,20101109,000000,527.912,532.881,527.912,532.881,0,0
PHR_PE,D,20101115,000000,841.49,841.49,840.451,840.451,0,0
PHR_PE,D,20101116,000000,844.372,844.372,843.324,843.324,0,0
PHR_PE,D,20101119,000000,821.506,821.506,817.566,817.566,0,0
PHR_PE,D,20101122,000000,830.052,841.49,830.052,840.451,0,0
PHR_PE,D,20101123,000000,816.338,830.052,816.338,829.004,0,0
PHR_PE,D,20101124,000000,840.089,840.089,837.56,837.56,0,0
PHR_PE,D,20101125,000000,812.85,812.85,811.902,811.902,0,0
PHR_PE,D,20101126,000000,793.472,793.472,769.982,792.433,0,0
PHR_PE,D,20101129,000000,773.397,798.612,773.397,797.573,0,0
PHR_PE,D,20101130,000000,802.894,802.894,801.856,801.856,0,0
PHR_PE,D,20101201,000000,807.177,807.177,806.129,806.129,0,0
PHR_PE,D,20101202,000000,807.71,807.71,806.734,806.734,0,0
PHR_PE,D,20101203,000000,823.24,823.24,823.24,823.24,0,0
PHR_PE,D,20101207,000000,784.302,801.413,769.648,801.413,0,0
PHR_PE,D,20101208,000000,778.8,778.8,769.386,769.386,0,0
PHR_PE,D,20101210,000000,783.082,783.082,783.082,783.082,0,0
PHR_PE,D,20101214,000000,747.025,779.685,747.025,779.685,0,0
PHR_PE,D,20101217,000000,779.423,779.423,746.068,746.068,0,0
PHR_PE,D,20101220,000000,775.403,775.403,774.436,774.436,0,0
PHR_PE,D,20101221,000000,775.403,775.403,774.436,774.436,0,0
PHR_PE,D,20101228,000000,753.042,753.042,737.774,737.774,0,0
PHR_PE,D,20101229,000000,738.217,738.479,737.503,737.503,0,0
PHR_PE,D,20101230,000000,741.605,769.982,721.277,743.267,0,0
PHR_PE,D,20101231,000000,772.774,772.774,727.041,743.267,0,0
PHR_PE,D,20110103,000000,738.479,738.479,721.792,721.792,0,0
PHR_PE,D,20110104,000000,706.334,706.334,706.334,706.334,0,0
PHR_PE,D,20110105,000000,704.166,704.166,703.208,703.208,0,0
PHR_PE,D,20110107,000000,694.39,705.828,694.39,705.828,0,0
PHR_PE,D,20110110,000000,706.695,706.695,693.252,693.252,0,0
PHR_PE,D,20110111,000000,686.964,707.228,686.964,707.228,0,0
PHR_PE,D,20110113,000000,708.087,708.087,707.228,707.228,0,0
PHR_PE,D,20110117,000000,689.846,689.846,688.979,688.979,0,0
PHR_PE,D,20110118,000000,687.488,687.488,680.333,680.333,0,0
PHR_PE,D,20110119,000000,703.804,703.804,683.206,683.206,0,0
PHR_PE,D,20110120,000000,687.226,687.226,686.097,686.097,0,0
PHR_PE,D,20110121,000000,686.964,686.964,674.93,674.93,0,0
PHR_PE,D,20110126,000000,703.804,703.804,668.895,668.895,0,0
PHR_PE,D,20110127,000000,669.762,669.762,668.895,668.895,0,0
PHR_PE,D,20110128,000000,668.895,668.895,668.895,668.895,0,0
PHR_PE,D,20110131,000000,672.644,702.684,669.762,702.684,0,0
PHR_PE,D,20110201,000000,689.846,689.846,688.979,688.979,0,0
PHR_PE,D,20110203,000000,744.234,744.234,711.755,711.755,0,0
PHR_PE,D,20110204,000000,728.432,728.432,717.528,717.528,0,0
PHR_PE,D,20110208,000000,738.479,738.479,677.55,677.55,0,0
PHR_PE,D,20110209,000000,678.318,678.318,666.094,666.094,0,0
PHR_PE,D,20110210,000000,666.88,678.318,666.88,677.55,0,0
PHR_PE,D,20110211,000000,661.207,677.55,661.207,677.55,0,0
PHR_PE,D,20110214,000000,686.964,719.967,686.964,719.967,0,0
PHR_PE,D,20110215,000000,719.705,719.967,719.705,719.705,0,0
PHR_PE,D,20110216,000000,576.012,690.018,576.012,690.018,0,0
PHR_PE,D,20110217,000000,707.734,707.734,644.981,675.002,0,0
PHR_PE,D,20110218,000000,692.728,692.728,692.728,692.728,0,0
PHR_PE,D,20110221,000000,707.734,707.734,675.255,706.786,0,0
PHR_PE,D,20110223,000000,633.01,705.024,633.01,705.024,0,0
PHR_PE,D,20110225,000000,747.902,846.025,747.902,839.999,0,0
PHR_PE,D,20110228,000000,817.485,840.008,791.981,809.968,0,0
PHR_PE,D,20110301,000000,809.968,809.968,809.968,809.968,0,0
PHR_PE,D,20110302,000000,802.461,804.033,802.461,804.033,0,0
PHR_PE,D,20110303,000000,802.461,802.461,802.461,802.461,0,0
PHR_PE,D,20110307,000000,783.353,956.987,783.353,956.987,0,0
PHR_PE,D,20110308,000000,956.987,956.987,905.996,914.994,0,0
PHR_PE,D,20110314,000000,870.039,870.039,870.039,870.039,0,0
PHR_PE,D,20110315,000000,810.321,870.039,810.321,870.039,0,0
PHR_PE,D,20110316,000000,855.023,855.023,855.023,855.023,0,0
PHR_PE,D,20110317,000000,855.023,914.994,840.27,914.994,0,0
PHR_PE,D,20110318,000000,884.964,884.964,884.964,884.964,0,0
PHR_PE,D,20110321,000000,873.011,873.011,870.039,870.039,0,0
PHR_PE,D,20110322,000000,870.039,870.039,860.95,860.95,0,0
PHR_PE,D,20110323,000000,804.033,839.999,804.033,839.999,0,0
PHR_PE,D,20110324,000000,824.993,848.997,824.993,848.997,0,0
PHR_PE,D,20110325,000000,798.016,847.507,798.016,847.507,0,0
PHR_PE,D,20110328,000000,839.999,859.468,839.999,859.468,0,0
PHR_PE,D,20110329,000000,879.019,879.019,870.039,870.039,0,0
PHR_PE,D,20110330,000000,965.976,965.976,870.039,870.039,0,0
PHR_PE,D,20110331,000000,842.98,842.98,842.98,842.98,0,0
PHR_PE,D,20110401,000000,842.98,842.98,842.98,842.98,0,0
PHR_PE,D,20110404,000000,822.02,822.02,822.02,822.02,0,0
PHR_PE,D,20110411,000000,828.037,828.037,827.956,827.956,0,0
PHR_PE,D,20110413,000000,818.958,818.958,818.958,818.958,0,0
PHR_PE,D,20110418,000000,818.958,818.958,818.958,818.958,0,0
PHR_PE,D,20110421,000000,809.968,837.036,809.968,813.031,0,0
PHR_PE,D,20110426,000000,833.973,1197.67,789.018,1197.67,0,0
PHR_PE,D,20110427,000000,1225.7,1225.7,1197.67,1197.67,0,0
PHR_PE,D,20110428,000000,1225.7,1225.7,1224.13,1224.13,0,0
PHR_PE,D,20110429,000000,1225.7,1225.7,1224.12,1224.12,0,0
PHR_PE,D,20110502,000000,1225.7,1225.7,1224.13,1224.13,0,0
PHR_PE,D,20110504,000000,1234.52,1234.52,1232.94,1232.94,0,0
PHR_PE,D,20110510,000000,1212.51,1212.51,1210.86,1210.86,0,0
PHR_PE,D,20110517,000000,863.579,863.579,862.974,862.974,0,0
PHR_PE,D,20110520,000000,832.139,862.26,832.139,862.26,0,0
PHR_PE,D,20110524,000000,862.974,862.974,862.26,862.26,0,0
PHR_PE,D,20110526,000000,862.612,862.612,861.998,861.998,0,0
PHR_PE,D,20110527,000000,862.612,862.612,861.998,861.998,0,0
PHR_PE,D,20110530,000000,862.612,862.612,861.998,861.998,0,0
PHR_PE,D,20110531,000000,862.612,862.612,861.998,861.998,0,0
PHR_PE,D,20110601,000000,862.612,862.612,861.998,861.998,0,0
PHR_PE,D,20110602,000000,862.612,862.612,861.998,861.998,0,0
PHR_PE,D,20110606,000000,862.612,862.612,861.998,861.998,0,0
PHR_PE,D,20110607,000000,862.612,862.612,861.998,861.998,0,0
PHR_PE,D,20110610,000000,862.612,862.612,861.998,861.998,0,0
PHR_PE,D,20110613,000000,862.612,862.612,861.998,861.998,0,0
PHR_PE,D,20110620,000000,835.283,835.283,834.678,834.678,0,0
PHR_PE,D,20110627,000000,851.328,862.947,851.328,862.323,0,0
PHR_PE,D,20110718,000000,832.455,867.039,832.455,866.425,0,0
PHR_PE,D,20110719,000000,863.895,879.624,863.895,878.911,0,0
PHR_PE,D,20110720,000000,895.344,911.064,895.344,910.36,0,0
PHR_PE,D,20110722,000000,914.199,922.059,914.199,921.364,0,0
PHR_PE,D,20110804,000000,863.895,863.895,847.561,847.561,0,0
PHR_PE,D,20110808,000000,826.176,826.176,825.562,825.562,0,0
PHR_PE,D,20110809,000000,845.031,845.031,844.426,844.426,0,0
PHR_PE,D,20110811,000000,845.031,845.031,844.426,844.426,0,0
PHR_PE,D,20110816,000000,863.895,863.895,863.281,863.281,0,0
PHR_PE,D,20110817,000000,826.176,826.176,627.309,627.309,0,0
PHR_PE,D,20110902,000000,606.087,625.132,606.087,624.951,0,0
PHR_PE,D,20110905,000000,587.756,632.287,584.612,632.034,0,0
PHR_PE,D,20110906,000000,632.287,641.9,632.287,641.629,0,0
PHR_PE,D,20110907,000000,644.249,669.329,644.249,669.058,0,0
PHR_PE,D,20110909,000000,641.9,665.48,627.571,665.48,0,0
PHR_PE,D,20110912,000000,680.071,680.071,679.8,679.8,0,0
PHR_PE,D,20110928,000000,665.742,665.742,665.48,665.48,0,0
PHR_PE,D,20110930,000000,665.742,665.742,665.48,665.48,0,0
PHR_PE,D,20111007,000000,653.78,653.78,653.509,653.509,0,0
PHR_PE,D,20111011,000000,650.203,650.203,649.932,649.932,0,0
PHR_PE,D,20111012,000000,650.203,650.203,649.932,649.932,0,0
PHR_PE,D,20111014,000000,644.249,644.249,643.996,643.996,0,0
PHR_PE,D,20111017,000000,650.203,650.203,649.932,649.932,0,0
PHR_PE,D,20111027,000000,651.422,658.578,651.422,658.316,0,0
PHR_PE,D,20111031,000000,658.578,658.578,627.571,655.958,0,0
PHR_PE,D,20111104,000000,651.422,651.422,651.151,651.151,0,0
PHR_PE,D,20111109,000000,656.22,656.22,655.958,655.958,0,0
PHR_PE,D,20111114,000000,656.22,656.22,655.958,655.958,0,0
PHR_PE,D,20111115,000000,656.22,656.22,655.958,655.958,0,0
PHR_PE,D,20111121,000000,656.22,656.22,655.958,655.958,0,0
PHR_PE,D,20111122,000000,658.578,658.578,418.757,418.757,0,0
PHR_PE,D,20111130,000000,423.049,423.311,423.049,423.311,0,0
PHR_PE,D,20111213,000000,397.282,397.535,397.282,397.535,0,0
PHR_PE,D,20111215,000000,404.799,408.097,404.799,408.097,0,0
PHR_PE,D,20111216,000000,414.231,414.231,414.231,414.231,0,0
PHR_PE,D,20111230,000000,401.818,402.089,401.818,402.089,0,0
PHR_PE,D,20120102,000000,401.818,402.089,401.818,402.089,0,0
PHR_PE,D,20120103,000000,409.407,409.678,409.407,409.678,0,0
PHR_PE,D,20120104,000000,407.844,407.844,395.701,395.972,0,0
PHR_PE,D,20120105,000000,394.22,398.764,388.112,388.374,0,0
PHR_PE,D,20120113,000000,385.14,385.402,385.14,385.402,0,0
PHR_PE,D,20120124,000000,369.935,370.206,369.935,370.206,0,0
PHR_PE,D,20120125,000000,369.935,369.935,354.829,368.715,0,0
PHR_PE,D,20120130,000000,368.453,370.206,368.453,370.206,0,0
PHR_PE,D,20120131,000000,359.383,359.563,359.383,359.563,0,0
PHR_PE,D,20120203,000000,368.453,368.715,368.453,368.715,0,0
PHR_PE,D,20120207,000000,357.802,357.802,348.713,353.519,0,0
PHR_PE,D,20120208,000000,353.266,370.206,353.266,370.206,0,0
PHR_PE,D,20120210,000000,363.918,364.18,363.918,364.18,0,0
PHR_PE,D,20120213,000000,353.266,353.519,353.266,353.519,0,0
PHR_PE,D,20120215,000000,208.895,208.986,208.895,208.986,0,0
PHR_PE,D,20120216,000000,208.895,208.986,208.895,208.986,0,0
PHR_PE,D,20120217,000000,208.895,208.986,208.895,208.986,0,0
PHR_PE,D,20120220,000000,208.895,208.986,208.895,208.986,0,0
PHR_PE,D,20120221,000000,208.895,211.696,206.194,211.696,0,0
PHR_PE,D,20120222,000000,205.327,205.417,205.327,205.417,0,0
PHR_PE,D,20120223,000000,208.037,208.127,208.037,208.127,0,0
PHR_PE,D,20120228,000000,201.731,201.821,201.731,201.821,0,0
PHR_PE,D,20120229,000000,197.286,197.286,197.286,197.286,0,0
PHR_PE,D,20120301,000000,208.037,208.037,192.742,192.832,0,0
PHR_PE,D,20120302,000000,192.742,192.832,192.742,192.832,0,0
PHR_PE,D,20120306,000000,192.742,192.832,192.742,192.832,0,0
PHR_PE,D,20120308,000000,188.288,189.254,188.288,189.254,0,0
PHR_PE,D,20120309,000000,192.742,192.832,192.742,192.832,0,0
PHR_PE,D,20120312,000000,188.288,188.378,188.288,188.378,0,0
PHR_PE,D,20120314,000000,187.854,187.935,187.854,187.935,0,0
PHR_PE,D,20120316,000000,188.288,188.378,182.876,188.378,0,0
PHR_PE,D,20120320,000000,179.298,187.411,170.381,180.256,0,0
PHR_PE,D,20120322,000000,177.103,177.103,177.103,177.103,0,0
PHR_PE,D,20120328,000000,174.835,174.835,170.381,173.968,0,0
PHR_PE,D,20120329,000000,173.968,173.968,170.381,173.968,0,0
PHR_PE,D,20120330,000000,173.977,173.977,168.556,168.647,0,0
PHR_PE,D,20120402,000000,170.381,170.381,170.381,170.381,0,0
PHR_PE,D,20120403,000000,168.556,168.647,168.556,168.647,0,0
PHR_PE,D,20120404,000000,169.957,169.957,166.804,169.866,0,0
PHR_PE,D,20120410,000000,164.536,169.957,164.536,169.957,0,0
PHR_PE,D,20120411,000000,164.536,165.403,162.259,165.403,0,0
PHR_PE,D,20120412,000000,164.97,164.97,164.536,164.536,0,0
PHR_PE,D,20120413,000000,164.536,164.536,161.401,161.473,0,0
PHR_PE,D,20120416,000000,161.564,161.564,161.473,161.473,0,0
PHR_PE,D,20120419,000000,157.11,161.13,157.11,160.949,0,0
PHR_PE,D,20120420,000000,160.949,160.949,160.949,160.949,0,0
PHR_PE,D,20120425,000000,155.98,156.071,155.98,156.071,0,0
PHR_PE,D,20120427,000000,160.516,160.516,160.516,160.516,0,0
PHR_PE,D,20120430,000000,160.958,160.958,160.958,160.958,0,0
PHR_PE,D,20120502,000000,160.949,160.949,160.949,160.949,0,0
PHR_PE,D,20120515,000000,156.938,160.949,133.358,133.358,0,0
PHR_PE,D,20120516,000000,129.952,133.358,129.952,133.358,0,0
PHR_PE,D,20120524,000000,129.952,130.042,129.952,130.042,0,0
PHR_PE,D,20120525,000000,133.448,133.448,129.347,129.862,0,0
PHR_PE,D,20120529,000000,129.862,129.862,129.862,129.862,0,0
PHR_PE,D,20120530,000000,129.862,129.862,129.862,129.862,0,0
PHR_PE,D,20120606,000000,129.862,131.967,126.374,129.256,0,0
PHR_PE,D,20120608,000000,129.347,132.572,129.347,132.572,0,0
PHR_PE,D,20120611,000000,135.978,135.978,135.978,135.978,0,0
PHR_PE,D,20120625,000000,134.162,134.162,134.162,134.162,0,0
PHR_PE,D,20120626,000000,133.81,133.81,129.69,131.705,0,0
PHR_PE,D,20120628,000000,128.118,133.719,128.118,133.719,0,0
PHR_PE,D,20120629,000000,133.638,134.424,128.118,129.6,0,0
PHR_PE,D,20120706,000000,129.69,129.69,129.69,129.69,0,0
PHR_PE,D,20120710,000000,126.718,126.718,124.441,124.441,0,0
PHR_PE,D,20120716,000000,118.831,118.831,118.487,118.487,0,0
PHR_PE,D,20120717,000000,118.578,121.451,118.578,121.451,0,0
PHR_PE,D,20120727,000000,121.378,121.451,121.378,121.451,0,0
PHR_PE,D,20120820,000000,117.783,119.969,117.783,119.969,0,0
PHR_PE,D,20120823,000000,85.384,85.4698,85.384,85.4698,0,0
PHR_PE,D,20120824,000000,85.4698,85.4698,85.4698,85.4698,0,0
PHR_PE,D,20120827,000000,85.4698,85.4698,85.4698,85.4698,0,0
PHR_PE,D,20120830,000000,85.5575,85.5575,85.4698,85.4698,0,0
PHR_PE,D,20120831,000000,85.4698,86.5214,85.4698,86.5214,0,0
PHR_PE,D,20120903,000000,87.573,87.573,87.573,87.573,0,0
PHR_PE,D,20120904,000000,85.5575,85.5575,80.5668,83.2817,0,0
PHR_PE,D,20120906,000000,81.0917,83.2817,81.0917,83.2817,0,0
PHR_PE,D,20120910,000000,75.2247,75.2247,69.8826,69.8826,0,0
PHR_PE,D,20120911,000000,69.8826,69.8826,56.7474,64.5405,0,0
PHR_PE,D,20120912,000000,56.2207,56.2207,53.7696,53.7696,0,0
PHR_PE,D,20120913,000000,53.7696,53.7696,51.5797,51.5797,0,0
PHR_PE,D,20120914,000000,51.5797,51.5797,49.1286,49.2153,0,0
PHR_PE,D,20120917,000000,48.4275,48.4275,47.815,47.815,0,0
PHR_PE,D,20120920,000000,48.3399,48.3399,48.3399,48.3399,0,0
PHR_PE,D,20121001,000000,44.5743,44.5743,44.3114,44.3114,0,0
PHR_PE,D,20121002,000000,44.0476,46.2376,44.0476,44.0476,0,0
PHR_PE,D,20121003,000000,44.0476,44.8372,42.9978,44.8372,0,0
PHR_PE,D,20121004,000000,43.5227,43.5227,41.4222,41.4222,0,0
PHR_PE,D,20121005,000000,42.9978,42.9978,42.9978,42.9978,0,0
PHR_PE,D,20121009,000000,42.9978,44.0476,42.9978,44.0476,0,0
PHR_PE,D,20121015,000000,44.1371,45.1878,44.1371,45.1878,0,0
PHR_PE,D,20121023,000000,46.7625,46.7625,46.7625,46.7625,0,0
PHR_PE,D,20121115,000000,46.7625,46.7625,46.7625,46.7625,0,0
PHR_PE,D,20121119,000000,44.5743,50.0917,44.5743,50.0917,0,0
PHR_PE,D,20121120,000000,50.7042,50.7042,50.7042,50.7042,0,0
PHR_PE,D,20121121,000000,49.5659,49.5659,48.2523,48.3399,0,0
PHR_PE,D,20121123,000000,47.815,49.5659,47.815,49.5659,0,0
PHR_PE,D,20121126,000000,47.815,48.9533,47.815,48.9533,0,0
PHR_PE,D,20121205,000000,46.6758,46.6758,46.6758,46.6758,0,0
PHR_PE,D,20121206,000000,48.3399,48.3399,46.0623,46.0623,0,0
PHR_PE,D,20121207,000000,46.5005,46.589,46.5005,46.589,0,0
PHR_PE,D,20121213,000000,45.5374,46.589,40.8973,40.8973,0,0
PHR_PE,D,20121217,000000,37.1299,38.7073,32.5774,36.9565,0,0
PHR_PE,D,20121218,000000,35.1161,35.1161,33.7158,33.7158,0,0
PHR_PE,D,20121219,000000,35.0294,35.0294,33.7158,33.7158,0,0
PHR_PE,D,20121220,000000,33.7158,34.2416,33.7158,33.7158,0,0
PHR_PE,D,20121221,000000,33.9787,35.379,32.3145,35.379,0,0
PHR_PE,D,20121227,000000,33.0147,33.1891,32.9271,32.9271,0,0
PHR_PE,D,20121228,000000,34.2416,34.2416,32.6642,32.7518,0,0
PHR_PE,D,20130102,000000,33.452,33.452,33.452,33.452,0,0
PHR_PE,D,20130103,000000,33.452,34.9418,33.1891,33.1891,0,0
PHR_PE,D,20130104,000000,32.1393,32.6642,32.1393,32.6642,0,0
PHR_PE,D,20130107,000000,32.1393,33.7158,32.1393,33.7158,0,0
PHR_PE,D,20130108,000000,33.452,34.7665,32.6642,34.2416,0,0
PHR_PE,D,20130109,000000,33.1891,36.6926,33.1891,36.6926,0,0
PHR_PE,D,20130110,000000,35.1161,35.6419,34.0654,35.5552,0,0
PHR_PE,D,20130111,000000,35.5552,37.1299,35.5552,36.6926,0,0
PHR_PE,D,20130114,000000,35.6419,37.2185,35.6419,37.2185,0,0
PHR_PE,D,20130115,000000,37.3052,38.0939,37.2185,38.0939,0,0
PHR_PE,D,20130117,000000,38.0939,38.0939,34.5036,35.2047,0,0
PHR_PE,D,20130118,000000,35.2914,37.3937,35.2914,37.3937,0,0
PHR_PE,D,20130121,000000,37.3937,37.3937,35.8172,35.8172,0,0
PHR_PE,D,20130122,000000,35.7296,35.8172,35.2047,35.5552,0,0
PHR_PE,D,20130123,000000,35.2047,36.0801,35.2047,36.0801,0,0
PHR_PE,D,20130124,000000,36.0801,36.0801,35.5552,35.5552,0,0
PHR_PE,D,20130125,000000,35.4667,35.5552,35.4667,35.5552,0,0
PHR_PE,D,20130128,000000,35.4667,35.4667,35.4667,35.4667,0,0
PHR_PE,D,20130129,000000,35.2914,37.2185,35.2914,37.2185,0,0
PHR_PE,D,20130130,000000,37.1299,39.758,37.1299,39.758,0,0
PHR_PE,D,20130131,000000,39.6704,39.6704,39.6704,39.6704,0,0
PHR_PE,D,20130201,000000,39.5828,39.5828,37.1299,37.2185,0,0
PHR_PE,D,20130204,000000,38.5312,38.5312,38.5312,38.5312,0,0
PHR_PE,D,20130205,000000,39.4951,39.4951,39.4951,39.4951,0,0
PHR_PE,D,20130206,000000,39.4951,39.4951,39.4951,39.4951,0,0
PHR_PE,D,20130207,000000,39.4951,39.4951,37.6566,38.0939,0,0
PHR_PE,D,20130208,000000,38.0939,38.0939,37.0432,37.0432,0,0
PHR_PE,D,20130212,000000,38.4453,38.4453,37.4814,37.4814,0,0
PHR_PE,D,20130213,000000,38.4453,40.8973,38.4453,39.3199,0,0
PHR_PE,D,20130214,000000,39.3199,39.3199,39.3199,39.3199,0,0
PHR_PE,D,20130215,000000,37.9195,39.6704,37.9195,39.5828,0,0
PHR_PE,D,20130218,000000,39.5828,39.5828,39.5828,39.5828,0,0
PHR_PE,D,20130221,000000,40.8973,55.7834,40.8973,53.5944,0,0
PHR_PE,D,20130222,000000,58.323,68.307,49.3039,59.9872,0,0
PHR_PE,D,20130225,000000,61.037,63.6651,61.037,62.4391,0,0
PHR_PE,D,20130226,000000,62.5268,64.3662,61.6513,64.3662,0,0
PHR_PE,D,20130227,000000,65.2416,69.0072,51.492,61.037,0,0
PHR_PE,D,20130228,000000,61.037,61.037,51.3177,55.7834,0,0
PHR_PE,D,20130301,000000,53.4191,53.6811,52.9809,52.9809,0,0
PHR_PE,D,20130304,000000,55.4338,55.4338,53.5944,54.9956,0,0
PHR_PE,D,20130305,000000,58.4106,58.4106,53.4191,53.4191,0,0
PHR_PE,D,20130306,000000,53.4191,53.4191,51.23,53.1562,0,0
PHR_PE,D,20130307,000000,55.2585,55.2585,48.4275,53.1562,0,0
PHR_PE,D,20130308,000000,53.1562,54.7336,52.6313,54.646,0,0
PHR_PE,D,20130311,000000,52.4551,54.2069,46.7625,48.3399,0,0
PHR_PE,D,20130312,000000,48.3399,54.2069,48.3399,51.7558,0,0
PHR_PE,D,20130313,000000,51.6682,51.6682,48.3399,48.9533,0,0
PHR_PE,D,20130314,000000,49.1286,50.9671,49.1286,50.9671,0,0
PHR_PE,D,20130315,000000,50.8795,50.9671,49.3906,50.9671,0,0
PHR_PE,D,20181113,000000,12713.4,12713.4,12713.4,12713.4,0,0
PHR_PE,D,20181114,000000,11564.1,12713.4,11202.8,12713.4,0,0
PHR_PE,D,20181115,000000,11022.1,12713.4,10480,12713.4,0,0
PHR_PE,D,20181116,000000,11202.8,12316.1,10841.4,12316.1,0,0
PHR_PE,D,20181119,000000,11564.1,11918.8,10841.4,11918.8,0,0
PHR_PE,D,20181120,000000,11022.1,11819.5,10751,11819.5,0,0
PHR_PE,D,20181121,000000,11564.1,12713.4,10480,12713.4,0,0
PHR_PE,D,20181122,000000,11564.1,12713.4,11564.1,12713.4,0,0
PHR_PE,D,20181123,000000,11564.1,12713.4,10841.4,12713.4,0,0
PHR_PE,D,20181126,000000,11564.1,12713.4,11564.1,12713.4,0,0
PHR_PE,D,20181127,000000,11564.1,13905.2,11473.8,13905.2,0,0
PHR_PE,D,20181128,000000,14455.2,15792.5,14364.8,15792.5,0,0
PHR_PE,D,20181129,000000,14364.8,17679.6,14364.8,17679.6,0,0
PHR_PE,D,20181130,000000,16262.1,17183,15268.3,17183,0,0
PHR_PE,D,20181203,000000,15991,17480.9,15900.7,17480.9,0,0
PHR_PE,D,20181204,000000,15900.7,17381.6,15810.3,17381.6,0,0
PHR_PE,D,20181205,000000,15991,17580.3,15991,17580.3,0,0
PHR_PE,D,20181206,000000,15268.3,17480.9,15087.6,17480.9,0,0
PHR_PE,D,20181207,000000,15900.7,15900.7,13461.4,15693.1,0,0
PHR_PE,D,20181210,000000,14184.1,14600.5,13280.7,14600.5,0,0
PHR_PE,D,20181211,000000,14455.2,14799.2,13461.4,14799.2,0,0
PHR_PE,D,20181212,000000,13461.4,14799.2,12286.9,14799.2,0,0
PHR_PE,D,20181213,000000,13371,14799.2,13371,14799.2,0,0
PHR_PE,D,20181214,000000,14364.8,16686.3,13732.4,16686.3,0,0
PHR_PE,D,20181217,000000,15087.6,16587,15087.6,16587,0,0
PHR_PE,D,20181218,000000,15177.9,15358.6,13461.4,14799.2,0,0
PHR_PE,D,20181219,000000,14726.2,14726.2,12286.9,14302.6,0,0
PHR_PE,D,20181220,000000,13009.7,13408.7,12196.6,13408.7,0,0
PHR_PE,D,20181221,000000,13009.7,13009.7,12919.3,13009.7,0,0
PHR_PE,D,20181227,000000,13009.7,14302.6,13009.7,14302.6,0,0
PHR_PE,D,20181228,000000,12648.3,13210,12015.9,13210,0,0
PHR_PE,D,20190102,000000,12106.2,13806,12106.2,13806,0,0
PHR_PE,D,20190103,000000,12557.9,13806,11022.1,13806,0,0
PHR_PE,D,20190104,000000,12557.9,13806,12557.9,13806,0,0
PHR_PE,D,20190107,000000,12557.9,13806,11835.2,13806,0,0
PHR_PE,D,20190108,000000,12557.9,14203.3,12106.2,14203.3,0,0
PHR_PE,D,20190109,000000,13190.3,14203.3,12919.3,14203.3,0,0
PHR_PE,D,20190110,000000,12919.3,15097.2,12106.2,15097.2,0,0
PHR_PE,D,20190111,000000,13551.7,14302.6,12106.2,14302.6,0,0
PHR_PE,D,20190114,000000,13009.7,14302.6,13009.7,14302.6,0,0
PHR_PE,D,20190115,000000,12919.3,12919.3,11293.1,12514.7,0,0
PHR_PE,D,20190116,000000,11925.5,13309.3,11744.8,13309.3,0,0
PHR_PE,D,20190117,000000,12829,13706.7,12106.2,13706.7,0,0
PHR_PE,D,20190118,000000,12829,13309.3,12106.2,13309.3,0,0
PHR_PE,D,20190121,000000,12106.2,13309.3,12106.2,13309.3,0,0
PHR_PE,D,20190122,000000,12467.6,13706.7,12467.6,13706.7,0,0
PHR_PE,D,20190123,000000,12467.6,13706.7,12467.6,13706.7,0,0
PHR_PE,D,20190124,000000,12015.9,13706.7,12015.9,13706.7,0,0
PHR_PE,D,20190125,000000,12467.6,14203.3,12467.6,14203.3,0,0
PHR_PE,D,20190128,000000,12919.3,14103.9,12829,14103.9,0,0
PHR_PE,D,20190129,000000,12829,14103.9,12829,14103.9,0,0
PHR_PE,D,20190130,000000,13009.7,14302.6,12648.3,14302.6,0,0
PHR_PE,D,20190131,000000,13009.7,14302.6,11925.5,14302.6,0,0
PHR_PE,D,20190201,000000,13009.7,14103.9,12829,14103.9,0,0
PHR_PE,D,20190204,000000,13009.7,14302.6,13009.7,14302.6,0,0
PHR_PE,D,20190205,000000,13009.7,14302.6,13009.7,14302.6,0,0
PHR_PE,D,20190206,000000,13009.7,13110.7,11925.5,13110.7,0,0
PHR_PE,D,20190207,000000,13009.7,13210,11202.8,13210,0,0
PHR_PE,D,20190208,000000,13009.7,14203.3,12015.9,14203.3,0,0
PHR_PE,D,20190211,000000,12919.3,14203.3,12919.3,14203.3,0,0
PHR_PE,D,20190212,000000,12829,14103.9,12829,14103.9,0,0
PHR_PE,D,20190213,000000,12738.6,14004.6,12015.9,14004.6,0,0
PHR_PE,D,20190214,000000,12557.9,13706.7,11202.8,13706.7,0,0
PHR_PE,D,20190215,000000,12196.6,13408.7,11202.8,13408.7,0,0
PHR_PE,D,20190218,000000,12648.3,13905.2,12648.3,13905.2,0,0
PHR_PE,D,20190219,000000,12648.3,12912.1,11112.4,12912.1,0,0
PHR_PE,D,20190220,000000,10931.7,13905.2,10931.7,13905.2,0,0
PHR_PE,D,20190221,000000,12648.3,13905.2,10931.7,13905.2,0,0
PHR_PE,D,20190222,000000,12648.3,13806,11383.4,13806,0,0
PHR_PE,D,20190225,000000,12557.9,13806,12557.9,13806,0,0
PHR_PE,D,20190226,000000,12467.6,13706.7,11202.8,13706.7,0,0
PHR_PE,D,20190227,000000,12467.6,12467.6,11293.1,12415.5,0,0
PHR_PE,D,20190228,000000,11202.8,12377.2,11202.8,11925.5,0,0
PHR_PE,D,20190301,000000,12377.2,13607.3,11202.8,13607.3,0,0
PHR_PE,D,20190304,000000,11744.8,12514.7,9395.86,12514.7,0,0
PHR_PE,D,20190305,000000,11202.8,12316.1,11202.8,12316.1,0,0
PHR_PE,D,20190306,000000,11202.8,12316.1,11202.8,12316.1,0,0
PHR_PE,D,20190307,000000,11383.4,12514.7,11383.4,12514.7,0,0
PHR_PE,D,20190311,000000,11383.4,12514.7,11383.4,12514.7,0,0
PHR_PE,D,20190312,000000,12377.2,13607.3,12377.2,13607.3,0,0
PHR_PE,D,20190313,000000,12377.2,13706.7,11744.8,13706.7,0,0
PHR_PE,D,20190314,000000,12467.6,14699.8,11383.4,14699.8,0,0
PHR_PE,D,20190315,000000,12648.3,13607.3,12377.2,13607.3,0,0
PHR_PE,D,20190318,000000,12648.3,13607.3,12377.2,13607.3,0,0
PHR_PE,D,20190319,000000,12377.2,13607.3,11202.8,13607.3,0,0
PHR_PE,D,20190320,000000,12377.2,12812.7,11383.4,12812.7,0,0
PHR_PE,D,20190321,000000,11654.5,12812.7,11654.5,12812.7,0,0
PHR_PE,D,20190322,000000,11654.5,11654.5,11202.8,11654.5,0,0
PHR_PE,D,20231128,000000,2.16828,2.16828,2.16828,2.16828,0,0
PHR_PE,D,20231129,000000,2.12672,2.20983,2.04992,2.16828,0,0
PHR_PE,D,20231130,000000,2.08335,2.16828,2.06257,2.16828,0,0
PHR_PE,D,20231201,000000,2.04721,2.16828,2.03276,2.07793,0,0
PHR_PE,D,20231204,000000,2.07793,2.07793,2.00114,2.07793,0,0
PHR_PE,D,20231205,000000,2.02192,2.07793,1.9659,2.07793,0,0
PHR_PE,D,20231206,000000,2.0707,2.10594,2.0707,2.07793,0,0
PHR_PE,D,20231207,000000,2.03547,2.07793,2.00746,2.07793,0,0
PHR_PE,D,20231208,000000,2.0427,2.07793,2.0427,2.07793,0,0
PHR_PE,D,20231211,000000,2.09239,2.25862,2.09239,2.25862,0,0
PHR_PE,D,20231212,000000,2.2803,2.28753,2.15834,2.16828,0,0
PHR_PE,D,20231213,000000,2.16105,2.16828,2.0707,2.16828,0,0
PHR_PE,D,20231214,000000,2.09058,2.16828,2.09058,2.16828,0,0
PHR_PE,D,20231215,000000,2.11226,2.16828,2.11226,2.16828,0,0
PHR_PE,D,20231218,000000,2.1755,2.30289,2.10413,2.16828,0,0
PHR_PE,D,20231219,000000,2.23152,2.23152,2.09148,2.16828,0,0
PHR_PE,D,20231220,000000,2.12581,2.1755,2.04812,2.07793,0,0
PHR_PE,D,20231221,000000,2.0707,2.09239,2.01379,2.07793,0,0
PHR_PE,D,20231222,000000,2.0707,2.10594,2.0707,2.07793,0,0
PHR_PE,D,20231227,000000,2.02824,2.07793,1.98759,1.98759,0,0
PHR_PE,D,20231228,000000,2.00114,2.25862,2.00114,2.25862,0,0
PHR_PE,D,20231229,000000,2.25139,2.66337,2.14479,2.52966,0,0
PHR_PE,D,20240102,000000,2.65794,2.65794,2.2803,2.52966,0,0
PHR_PE,D,20240103,000000,2.52966,2.52966,2.34445,2.34897,0,0
PHR_PE,D,20240104,000000,2.29295,2.36252,2.26585,2.34897,0,0
PHR_PE,D,20240105,000000,2.33541,2.34897,2.27308,2.34897,0,0
PHR_PE,D,20240108,000000,2.34174,2.58838,2.34174,2.52966,0,0
PHR_PE,D,20240109,000000,2.56489,2.6209,2.56489,2.62,0,0
PHR_PE,D,20240110,000000,2.62723,2.9073,2.62723,2.89103,0,0
PHR_PE,D,20240111,000000,2.90459,3.12864,2.74468,2.80069,0,0
PHR_PE,D,20240112,000000,2.8287,2.89917,2.68143,2.71034,0,0
PHR_PE,D,20240115,000000,2.76003,2.79437,2.65433,2.71034,0,0
PHR_PE,D,20240116,000000,2.71034,2.80159,2.70312,2.80069,0,0
PHR_PE,D,20240117,000000,2.81514,2.83683,2.62,2.62,0,0
PHR_PE,D,20240118,000000,2.57121,2.71034,2.55043,2.71034,0,0
PHR_PE,D,20240119,000000,2.63897,2.7248,2.60283,2.62,0,0
PHR_PE,D,20240122,000000,2.60554,2.73383,2.52966,2.52966,0,0
PHR_PE,D,20240123,000000,2.53688,2.62,2.49532,2.52966,0,0
PHR_PE,D,20240124,000000,2.50888,2.52966,2.35619,2.43931,0,0
PHR_PE,D,20240125,000000,2.36884,2.55857,2.36252,2.52966,0,0
PHR_PE,D,20240126,000000,2.52966,2.53688,2.39775,2.52966,0,0
PHR_PE,D,20240129,000000,2.41763,2.47364,2.38239,2.43931,0,0
PHR_PE,D,20240130,000000,2.43931,2.44654,2.34897,2.34897,0,0
PHR_PE,D,20240131,000000,2.32096,2.34897,2.26585,2.34897,0,0
PHR_PE,D,20240201,000000,2.34897,2.50436,2.31373,2.43931,0,0
PHR_PE,D,20240202,000000,2.46732,2.46732,2.37607,2.43931,0,0
PHR_PE,D,20240205,000000,2.36884,2.48177,2.32006,2.43931,0,0
PHR_PE,D,20240206,000000,2.42576,2.46009,2.34806,2.34897,0,0
PHR_PE,D,20240207,000000,2.34897,2.43931,2.30741,2.43931,0,0
PHR_PE,D,20240208,000000,2.43931,2.49623,2.36794,2.43931,0,0
PHR_PE,D,20240209,000000,2.43208,2.44654,2.36161,2.43931,0,0
PHR_PE,D,20240212,000000,2.36884,2.46732,2.36161,2.43931,0,0
PHR_PE,D,20240213,000000,2.38962,2.46099,2.3047,2.34897,0,0
PHR_PE,D,20240214,000000,2.34174,2.42666,2.34174,2.34897,0,0
PHR_PE,D,20240215,000000,2.34897,2.84225,2.34897,2.71034,0,0
PHR_PE,D,20240216,000000,2.74468,2.74468,2.58567,2.62,0,0
PHR_PE,D,20240219,000000,2.63446,2.89103,2.62,2.89103,0,0
PHR_PE,D,20240220,000000,2.95518,2.95518,2.78352,2.80069,0,0
PHR_PE,D,20240221,000000,2.82237,2.82237,2.71034,2.71034,0,0
PHR_PE,D,20240222,000000,2.73835,2.73835,2.59109,2.62,0,0
PHR_PE,D,20240223,000000,2.59199,2.62,2.52243,2.62,0,0
PHR_PE,D,20240226,000000,2.62,2.66246,2.62,2.62,0,0
PHR_PE,D,20240227,000000,2.64801,2.64801,2.5152,2.62,0,0
PHR_PE,D,20240228,000000,2.59199,2.62,2.52243,2.62,0,0
PHR_PE,D,20240229,000000,2.62,2.65523,2.52785,2.52966,0,0
PHR_PE,D,20240301,000000,2.62903,2.63536,2.52966,2.52966,0,0
PHR_PE,D,20240304,000000,2.49532,2.52966,2.45377,2.4881,0,0
PHR_PE,D,20240305,000000,2.4881,2.80069,2.35619,2.80069,0,0
PHR_PE,D,20240306,000000,2.8567,2.8567,2.67511,2.71034,0,0
PHR_PE,D,20240307,000000,2.67601,2.71034,2.63355,2.71034,0,0
PHR_PE,D,20240308,000000,2.71034,2.76636,2.71034,2.71034,0,0
PHR_PE,D,20240311,000000,2.7239,2.80069,2.7239,2.80069,0,0
PHR_PE,D,20240312,000000,2.84225,2.84225,2.75913,2.80069,0,0
PHR_PE,D,20240313,000000,2.80069,2.81514,2.71034,2.71034,0,0
PHR_PE,D,20240314,000000,2.76546,2.76546,2.69679,2.71034,0,0
PHR_PE,D,20240315,000000,2.71034,2.80701,2.68957,2.74468,0,0
PHR_PE,D,20240318,000000,2.74468,2.74468,2.66879,2.71034,0,0
PHR_PE,D,20240319,000000,2.71034,2.80069,2.71034,2.80069,0,0
PHR_PE,D,20240320,000000,2.80792,2.80792,2.70944,2.80069,0,0
PHR_PE,D,20240321,000000,2.81514,2.81514,2.71034,2.71034,0,0
PHR_PE,D,20240322,000000,2.7239,2.80069,2.69679,2.80069,0,0
PHR_PE,D,20240325,000000,2.80792,2.81514,2.77991,2.80069,0,0
PHR_PE,D,20240326,000000,2.80792,2.89194,2.80069,2.80069,0,0
PHR_PE,D,20240327,000000,2.84225,2.84225,2.78714,2.80069,0,0
PHR_PE,D,20240328,000000,2.82147,2.89103,2.82147,2.89103,0,0
PHR_PE,D,20240402,000000,2.93982,3.11238,2.93982,3.07172,0,0
PHR_PE,D,20240403,000000,3.08528,3.13316,2.99674,3.07172,0,0
PHR_PE,D,20240404,000000,3.0925,3.0925,3.01661,3.07172,0,0
PHR_PE,D,20240405,000000,3.05817,3.07172,2.95518,3.07172,0,0
PHR_PE,D,20240408,000000,3.0925,3.0925,2.98138,2.98138,0,0
PHR_PE,D,20240409,000000,3.027,3.359,3.019,3.1,0,0
PHR_PE,D,20240410,000000,3.1,3.1,2.975,3,0,0
PHR_PE,D,20240411,000000,2.892,2.931,2.769,2.8,0,0
PHR_PE,D,20240412,000000,2.8,2.862,2.738,2.8,0,0
PHR_PE,D,20240415,000000,2.8,2.8,2.7,2.7,0,0
PHR_PE,D,20240416,000000,2.7,2.723,2.646,2.7,0,0
PHR_PE,D,20240417,000000,2.692,2.692,2.6,2.6,0,0
PHR_PE,D,20240418,000000,2.623,2.623,2.531,2.6,0,0
PHR_PE,D,20240419,000000,2.623,2.631,2.577,2.6,0,0
PHR_PE,D,20240422,000000,2.577,2.6,2.531,2.6,0,0
PHR_PE,D,20240423,000000,2.585,2.639,2.585,2.6,0,0
PHR_PE,D,20240424,000000,2.6,2.631,2.562,2.6,0,0
PHR_PE,D,20240425,000000,2.592,2.6,2.547,2.6,0,0
PHR_PE,D,20240426,000000,2.592,2.6,2.462,2.5,0,0
PHR_PE,D,20240429,000000,2.5,2.5,2.462,2.5,0,0
PHR_PE,D,20240430,000000,2.461,2.485,2.392,2.4,0,0
PHR_PE,D,20240502,000000,2.408,2.408,2.377,2.408,0,0
PHR_PE,D,20240506,000000,2.385,2.408,2.377,2.4,0,0
PHR_PE,D,20240507,000000,2.377,2.408,2.377,2.4,0,0
PHR_PE,D,20240508,000000,2.4,2.477,2.377,2.4,0,0
PHR_PE,D,20240509,000000,2.385,2.506,2.385,2.5,0,0
PHR_PE,D,20240510,000000,2.5,2.5,2.424,2.5,0,0
PHR_PE,D,20240513,000000,2.477,2.554,2.415,2.5,0,0
PHR_PE,D,20240514,000000,2.5,2.5,2.4,2.4,0,0
PHR_PE,D,20240515,000000,2.462,2.516,2.4,2.4,0,0
PHR_PE,D,20240516,000000,2.37,2.514,2.362,2.4,0,0
PHR_PE,D,20240517,000000,2.408,2.5,2.408,2.5,0,0
PHR_PE,D,20240520,000000,2.5,2.5,2.446,2.5,0,0
PHR_PE,D,20240521,000000,2.508,2.508,2.461,2.5,0,0
PHR_PE,D,20240522,000000,2.5,2.547,2.445,2.5,0,0
PHR_PE,D,20240523,000000,2.469,2.508,2.469,2.5,0,0
PHR_PE,D,20240524,000000,2.492,2.492,2.4,2.4,0,0
PHR_PE,D,20240527,000000,2.347,2.4,2.332,2.4,0,0
PHR_PE,D,20240528,000000,2.4,2.4,2.3,2.3,0,0
PHR_PE,D,20240529,000000,2.285,2.315,2.209,2.3,0,0
PHR_PE,D,20240531,000000,2.3,2.308,2.2,2.2,0,0
PHR_PE,D,20240603,000000,2.207,2.341,2.207,2.3,0,0
PHR_PE,D,20240604,000000,2.323,2.33,2.3,2.3,0,0
PHR_PE,D,20240605,000000,2.323,2.338,2.277,2.3,0,0
PHR_PE,D,20240606,000000,2.255,2.3,2.255,2.3,0,0
PHR_PE,D,20240607,000000,2.3,2.3,2.255,2.3,0,0
PHR_PE,D,20240610,000000,2.3,2.315,2.3,2.3,0,0
PHR_PE,D,20240611,000000,2.292,2.3,2.225,2.3,0,0
PHR_PE,D,20240612,000000,2.292,2.3,2.285,2.3,0,0
PHR_PE,D,20240613,000000,2.285,2.308,2.277,2.3,0,0
PHR_PE,D,20240614,000000,2.3,2.3,2.292,2.3,0,0
PHR_PE,D,20240617,000000,2.292,2.331,2.277,2.3,0,0
PHR_PE,D,20240618,000000,2.3,2.3,2.223,2.285,0,0
PHR_PE,D,20240619,000000,2.262,2.285,2.2,2.2,0,0
PHR_PE,D,20240620,000000,2.2,2.2,2.163,2.2,0,0
PHR_PE,D,20240621,000000,2.207,2.275,2.185,2.2,0,0
PHR_PE,D,20240624,000000,2.252,2.3,2.207,2.3,0,0
PHR_PE,D,20240625,000000,2.3,2.308,2.269,2.3,0,0
PHR_PE,D,20240626,000000,2.3,2.3,2.254,2.3,0,0
PHR_PE,D,20240627,000000,2.308,2.331,2.277,2.3,0,0
PHR_PE,D,20240628,000000,2.3,2.3,2.262,2.3,0,0
PHR_PE,D,20240701,000000,2.3,2.3,2.209,2.3,0,0
PHR_PE,D,20240702,000000,2.292,2.3,2.27,2.3,0,0
PHR_PE,D,20240703,000000,2.3,2.4,2.3,2.4,0,0
PHR_PE,D,20240704,000000,2.392,2.4,2.346,2.4,0,0
PHR_PE,D,20240705,000000,2.392,2.4,2.354,2.4,0,0
PHR_PE,D,20240708,000000,2.4,2.485,2.361,2.4,0,0
PHR_PE,D,20240709,000000,2.43,2.514,2.423,2.5,0,0
PHR_PE,D,20240710,000000,2.447,2.5,2.379,2.5,0,0
PHR_PE,D,20240711,000000,2.492,2.523,2.469,2.5,0,0
PHR_PE,D,20240712,000000,2.5,2.53,2.477,2.5,0,0
PHR_PE,D,20240715,000000,2.515,2.515,2.409,2.5,0,0
PHR_PE,D,20240716,000000,2.492,2.5,2.416,2.5,0,0
PHR_PE,D,20240717,000000,2.446,2.5,2.431,2.5,0,0
PHR_PE,D,20240718,000000,2.392,2.5,2.368,2.5,0,0
PHR_PE,D,20240719,000000,2.368,2.43,2.361,2.4,0,0
PHR_PE,D,20240722,000000,2.354,2.369,2.3,2.3,0,0
PHR_PE,D,20240723,000000,2.3,2.3,2.24,2.3,0,0
PHR_PE,D,20240724,000000,2.262,2.4,2.262,2.4,0,0
PHR_PE,D,20240725,000000,2.385,2.385,2.3,2.3,0,0
PHR_PE,D,20240726,000000,2.308,2.5,2.262,2.5,0,0
PHR_PE,D,20240729,000000,2.523,2.523,2.4,2.4,0,0
PHR_PE,D,20240730,000000,2.437,2.437,2.34,2.4,0,0
PHR_PE,D,20240731,000000,2.431,2.438,2.4,2.4,0,0
PHR_PE,D,20240801,000000,2.415,2.453,2.362,2.4,0,0
PHR_PE,D,20240802,000000,2.377,2.4,2.324,2.4,0,0
PHR_PE,D,20240805,000000,2.385,2.385,2.209,2.3,0,0
PHR_PE,D,20240806,000000,2.3,2.377,2.3,2.3,0,0
PHR_PE,D,20240807,000000,2.293,2.337,2.24,2.3,0,0
PHR_PE,D,20240808,000000,2.33,2.33,2.209,2.3,0,0
PHR_PE,D,20240809,000000,2.285,2.3,2.262,2.3,0,0
PHR_PE,D,20240812,000000,2.255,2.3,2.156,2.2,0,0
PHR_PE,D,20240813,000000,2.2,2.3,2.2,2.3,0,0
PHR_PE,D,20240814,000000,2.292,2.361,2.239,2.3,0,0
PHR_PE,D,20240816,000000,2.308,2.308,2.2,2.2,0,0
PHR_PE,D,20240819,000000,2.163,2.3,2.163,2.3,0,0
PHR_PE,D,20240820,000000,2.3,2.3,2.262,2.3,0,0
PHR_PE,D,20240821,000000,2.262,2.3,2.262,2.3,0,0
PHR_PE,D,20240822,000000,2.323,2.323,2.254,2.3,0,0
PHR_PE,D,20240823,000000,2.262,2.308,2.262,2.3,0,0
PHR_PE,D,20240826,000000,2.3,2.3,2.254,2.3,0,0
PHR_PE,D,20240827,000000,2.3,2.308,2.3,2.3,0,0
PHR_PE,D,20240828,000000,2.269,2.3,2.231,2.3,0,0
PHR_PE,D,20240829,000000,2.3,2.315,2.3,2.3,0,0
PHR_PE,D,20240830,000000,2.3,2.308,2.231,2.3,0,0
PHR_PE,D,20240902,000000,2.3,2.3,2.246,2.285,0,0
PHR_PE,D,20240903,000000,2.254,2.3,2.246,2.3,0,0
PHR_PE,D,20240904,000000,2.316,2.316,2.198,2.2,0,0
PHR_PE,D,20240905,000000,2.162,2.215,2.154,2.2,0,0
PHR_PE,D,20240906,000000,2.2,2.23,2.139,2.2,0,0
PHR_PE,D,20240909,000000,2.2,2.215,2.2,2.2,0,0
PHR_PE,D,20240910,000000,2.147,2.208,2.147,2.2,0,0
PHR_PE,D,20240911,000000,2.2,2.2,2.123,2.2,0,0
PHR_PE,D,20240912,000000,2.208,2.231,2.123,2.2,0,0
PHR_PE,D,20240913,000000,2.192,2.2,2.162,2.2,0,0
PHR_PE,D,20240916,000000,2.215,2.215,2.2,2.2,0,0
PHR_PE,D,20240917,000000,2.192,2.2,2.185,2.2,0,0
PHR_PE,D,20240918,000000,2.192,2.215,2.1,2.1,0,0
PHR_PE,D,20240919,000000,2.1,2.2,2.1,2.2,0,0
PHR_PE,D,20240920,000000,2.2,2.2,2.192,2.2,0,0
PHR_PE,D,20240923,000000,2.161,2.2,2.161,2.2,0,0
PHR_PE,D,20240924,000000,2.2,2.231,2.2,2.2,0,0
PHR_PE,D,20240925,000000,2.138,2.2,2.138,2.2,0,0
PHR_PE,D,20240926,000000,2.169,2.2,2.138,2.2,0,0
PHR_PE,D,20240927,000000,2.177,2.216,2.099,2.2,0,0
PHR_PE,D,20240930,000000,2.223,2.223,2.161,2.2,0,0
PHR_PE,D,20241001,000000,2.185,2.2,2.185,2.2,0,0
PHR_PE,D,20241002,000000,2.2,2.2,2.107,2.2,0,0
PHR_PE,D,20241003,000000,2.2,2.2,2.1,2.1,0,0
PHR_PE,D,20241004,000000,2.062,2.1,2.047,2.1,0,0
PHR_PE,D,20241007,000000,2.055,2.1,1.994,2.1,0,0
PHR_PE,D,20241008,000000,2.024,2.1,1.985,2.1,0,0
PHR_PE,D,20241009,000000,2.016,2.1,2.001,2.1,0,0
PHR_PE,D,20241010,000000,2.016,2.1,2.016,2.1,0,0
PHR_PE,D,20241011,000000,2.092,2.1,2.092,2.1,0,0
PHR_PE,D,20241014,000000,2.061,2.1,2.046,2.1,0,0
PHR_PE,D,20241015,000000,2.061,2.139,2.046,2.1,0,0
PHR_PE,D,20241016,000000,2.1,2.1,2.1,2.1,0,0
PHR_PE,D,20241017,000000,2.069,2.123,2.046,2.1,0,0
PHR_PE,D,20241018,000000,2.1,2.1,2.1,2.1,0,0
PHR_PE,D,20241021,000000,2.1,2.1,2.061,2.1,0,0
PHR_PE,D,20241022,000000,2.092,2.1,2.084,2.1,0,0
PHR_PE,D,20241023,000000,2.116,2.131,2.092,2.1,0,0
PHR_PE,D,20241024,000000,2.062,2.1,2,2.1,0,0
PHR_PE,D,20241025,000000,2.108,2.131,2.046,2.1,0,0
PHR_PE,D,20241028,000000,2.1,2.202,2.1,2.1,0,0
PHR_PE,D,20241029,000000,2.1,2.146,2.1,2.1,0,0
PHR_PE,D,20241030,000000,2.1,2.1,2.023,2.1,0,0
PHR_PE,D,20241031,000000,2.1,2.108,2.038,2.1,0,0
PHR_PE,D,20241104,000000,2.1,2.1,2,2,0,0
PHR_PE,D,20241105,000000,1.985,2,1.977,2,0,0
PHR_PE,D,20241106,000000,2,2,1.931,2,0,0
PHR_PE,D,20241107,000000,1.992,2,1.992,2,0,0
PHR_PE,D,20241108,000000,2.047,2.047,1.961,2,0,0
PHR_PE,D,20241112,000000,2,2,1.9,1.9,0,0
PHR_PE,D,20241113,000000,1.892,1.9,1.84,1.9,0,0
PHR_PE,D,20241114,000000,1.862,1.919,1.862,1.9,0,0
PHR_PE,D,20241115,000000,1.908,1.961,1.9,1.9,0,0
PHR_PE,D,20241118,000000,1.892,1.9,1.772,1.9,0,0
PHR_PE,D,20241119,000000,1.983,1.983,1.896,1.9,0,0
PHR_PE,D,20241120,000000,1.9,1.9,1.854,1.9,0,0
PHR_PE,D,20241121,000000,1.912,1.947,1.849,1.9,0,0
PHR_PE,D,20241122,000000,1.9,1.9,1.801,1.9,0,0
PHR_PE,D,20241125,000000,1.927,1.973,1.85,1.9,0,0
PHR_PE,D,20241126,000000,1.892,1.9,1.892,1.9,0,0
PHR_PE,D,20241127,000000,1.824,1.896,1.8,1.8,0,0
PHR_PE,D,20241128,000000,1.638,1.796,1.638,1.7,0,0
PHR_PE,D,20241129,000000,1.73,1.8,1.708,1.8,0,0
PHR_PE,D,20241202,000000,1.792,1.8,1.668,1.8,0,0
PHR_PE,D,20241203,000000,1.8,1.8,1.7,1.7,0,0
PHR_PE,D,20241204,000000,1.689,1.7,1.689,1.7,0,0
PHR_PE,D,20241205,000000,1.7,1.704,1.67,1.7,0,0
PHR_PE,D,20241206,000000,1.673,1.696,1.636,1.692,0,0
