<TICKER>,<PER>,<DATE>,<TIME>,<OPEN>,<HIGH>,<LOW>,<CLOSE>,<VOL>,<OPENINT>
PTG_MV,D,20211124,000000,207.86,207.86,207.86,207.86,0,0
PTG_MV,D,20211125,000000,208.19,212.82,200.2,203.19,0,0
PTG_MV,D,20211126,000000,199.86,203.19,196.53,203.19,0,0
PTG_MV,D,20211129,000000,203.19,203.19,196.53,201.39,0,0
PTG_MV,D,20211130,000000,201.19,201.46,196.53,196.53,0,0
PTG_MV,D,20211201,000000,194.87,198.2,194.87,198.2,0,0
PTG_MV,D,20211202,000000,199.53,199.7,185.87,185.87,0,0
PTG_MV,D,20211203,000000,185.54,185.87,183.21,183.21,0,0
PTG_MV,D,20211206,000000,193.17,196.53,186.54,186.54,0,0
PTG_MV,D,20211207,000000,186.54,186.54,179.88,184.87,0,0
PTG_MV,D,20211208,000000,188.17,188.17,188.17,188.17,0,0
PTG_MV,D,20211209,000000,188.17,196.36,179.88,183.21,0,0
PTG_MV,D,20211210,000000,189.87,193.5,189.87,189.87,0,0
PTG_MV,D,20211213,000000,199.66,199.86,193.2,193.2,0,0
PTG_MV,D,20211214,000000,199.53,216.18,199.53,214.85,0,0
PTG_MV,D,20211215,000000,215.52,231.84,215.52,227.21,0,0
PTG_MV,D,20211216,000000,227.51,230.84,217.18,229.84,0,0
PTG_MV,D,20211217,000000,231.01,234.5,218.52,234.5,0,0
PTG_MV,D,20211220,000000,234.84,236.17,229.84,234.8,0,0
PTG_MV,D,20211221,000000,235.14,323.22,229.84,323.22,0,0
PTG_MV,D,20211222,000000,321.78,321.78,312.45,316.65,0,0
PTG_MV,D,20211223,000000,310.96,310.96,298.93,303.12,0,0
PTG_MV,D,20211227,000000,312.45,321.64,300.37,321.64,0,0
PTG_MV,D,20211228,000000,317.11,317.11,301.03,314.78,0,0
PTG_MV,D,20211229,000000,312.45,326.44,304.52,326.44,0,0
PTG_MV,D,20211230,000000,321.78,323.18,317.11,320.85,0,0
PTG_MV,D,20220103,000000,320.85,335.77,320.85,333.44,0,0
PTG_MV,D,20220104,000000,335.77,339.97,328.77,337.63,0,0
PTG_MV,D,20220105,000000,337.63,338.1,333.9,337.63,0,0
PTG_MV,D,20220107,000000,337.63,338.1,332.97,335.77,0,0
PTG_MV,D,20220110,000000,335.77,335.77,321.31,325.98,0,0
PTG_MV,D,20220111,000000,328.59,328.59,317.11,322.71,0,0
PTG_MV,D,20220112,000000,323.18,328.31,317.11,317.11,0,0
PTG_MV,D,20220113,000000,321.78,326.35,305.92,321.78,0,0
PTG_MV,D,20220114,000000,326.44,326.44,311.52,317.11,0,0
PTG_MV,D,20220117,000000,320.38,324.11,317.11,324.11,0,0
PTG_MV,D,20220118,000000,324.11,324.11,317.11,317.11,0,0
PTG_MV,D,20220119,000000,317.11,317.11,303.12,307.88,0,0
PTG_MV,D,20220120,000000,308.02,312.31,296.69,307.23,0,0
PTG_MV,D,20220121,000000,307.23,307.79,298.46,298.93,0,0
PTG_MV,D,20220124,000000,298.46,302.42,268.61,284.47,0,0
PTG_MV,D,20220125,000000,275.14,279.34,270.48,275.61,0,0
PTG_MV,D,20220126,000000,275.61,277.06,273.74,275.14,0,0
PTG_MV,D,20220127,000000,275.38,278.87,271.13,278.87,0,0
PTG_MV,D,20220128,000000,278.87,278.87,269.55,275.14,0,0
PTG_MV,D,20220131,000000,275.14,275.14,261.39,270.48,0,0
PTG_MV,D,20220201,000000,263.48,273.74,263.48,270.48,0,0
PTG_MV,D,20220202,000000,274.68,274.68,271.41,271.41,0,0
PTG_MV,D,20220203,000000,271.41,284.47,267.22,284.47,0,0
PTG_MV,D,20220204,000000,282.79,293.8,282.79,289.18,0,0
PTG_MV,D,20220207,000000,302.89,302.89,284.52,296.13,0,0
PTG_MV,D,20220208,000000,289.13,297.53,267.68,289.13,0,0
PTG_MV,D,20220209,000000,293.8,293.8,279.81,289.13,0,0
PTG_MV,D,20220210,000000,293.75,293.75,289.13,289.13,0,0
PTG_MV,D,20220211,000000,289.13,289.13,284.47,284.47,0,0
PTG_MV,D,20220214,000000,279.81,284.47,270.48,284.47,0,0
PTG_MV,D,20220215,000000,271.69,284.47,271.69,277.48,0,0
PTG_MV,D,20220216,000000,279.76,281.58,279.57,279.57,0,0
PTG_MV,D,20220217,000000,268.15,281.67,268.15,270.48,0,0
PTG_MV,D,20220218,000000,268.15,281.67,268.15,270.48,0,0
PTG_MV,D,20220221,000000,268.15,282.14,262.55,266.75,0,0
PTG_MV,D,20220222,000000,263.02,267.26,262.79,267.26,0,0
PTG_MV,D,20220223,000000,269.59,277.01,269.59,275.14,0,0
PTG_MV,D,20220224,000000,233.64,251.83,214.52,234.11,0,0
PTG_MV,D,20220225,000000,240.63,265.82,226.18,265.82,0,0
PTG_MV,D,20220228,000000,256.49,256.49,230.84,242.36,0,0
PTG_MV,D,20220301,000000,242.41,242.5,230.84,239.37,0,0
PTG_MV,D,20220302,000000,231.31,242.03,219.18,242.03,0,0
PTG_MV,D,20220303,000000,242.03,242.03,223.85,237.84,0,0
PTG_MV,D,20220304,000000,237.6,237.6,224.55,230.84,0,0
PTG_MV,D,20220307,000000,228.51,228.51,207.06,223.8,0,0
PTG_MV,D,20220308,000000,223.85,228.42,215.92,219.18,0,0
PTG_MV,D,20220309,000000,228.42,228.51,228.42,228.51,0,0
PTG_MV,D,20220310,000000,220.16,228.51,220.11,220.11,0,0
PTG_MV,D,20220311,000000,219.23,228.02,219.18,221.05,0,0
PTG_MV,D,20220314,000000,227.58,227.58,226.18,226.18,0,0
PTG_MV,D,20220315,000000,219.18,224.78,214.54,224.78,0,0
PTG_MV,D,20220316,000000,224.78,225.71,216.9,216.9,0,0
PTG_MV,D,20220317,000000,219.18,219.18,214.52,218.25,0,0
PTG_MV,D,20220318,000000,218.72,225.48,212.19,225.48,0,0
PTG_MV,D,20220321,000000,223.61,223.61,219.18,223.38,0,0
PTG_MV,D,20220322,000000,220.39,223.15,220.39,222.4,0,0
PTG_MV,D,20220323,000000,222.4,227.11,219.18,219.18,0,0
PTG_MV,D,20220324,000000,223.61,223.61,219.18,223.38,0,0
PTG_MV,D,20220325,000000,225.24,226.62,220.58,222.89,0,0
PTG_MV,D,20220328,000000,226.64,226.64,224.82,226.6,0,0
PTG_MV,D,20220329,000000,226.6,226.64,222.89,226.64,0,0
PTG_MV,D,20220330,000000,225.71,226.64,224.78,225.71,0,0
PTG_MV,D,20220331,000000,225.71,228.04,225.71,226.64,0,0
PTG_MV,D,20220401,000000,228.51,232.24,223.85,231.31,0,0
PTG_MV,D,20220404,000000,235.74,235.74,228.51,228.51,0,0
PTG_MV,D,20220405,000000,232.71,233.64,230.75,232.47,0,0
PTG_MV,D,20220406,000000,233.17,240.63,233.17,240.63,0,0
PTG_MV,D,20220407,000000,240.17,240.17,233.17,233.17,0,0
PTG_MV,D,20220408,000000,233.17,233.17,230.75,233.17,0,0
PTG_MV,D,20220411,000000,230.37,235.97,226.64,235.97,0,0
PTG_MV,D,20220412,000000,235.5,235.97,235.5,235.5,0,0
PTG_MV,D,20220413,000000,234.11,235.04,226.18,226.18,0,0
PTG_MV,D,20220414,000000,226.18,226.18,219.18,223.85,0,0
PTG_MV,D,20220419,000000,225.71,231.77,223.85,231.31,0,0
PTG_MV,D,20220420,000000,228.98,228.98,224.78,224.78,0,0
PTG_MV,D,20220421,000000,228.04,228.04,224.78,224.78,0,0
PTG_MV,D,20220422,000000,226.18,226.18,219.18,225.71,0,0
PTG_MV,D,20220425,000000,223.85,223.85,217.32,222.45,0,0
PTG_MV,D,20220426,000000,221.51,221.51,215.92,219.18,0,0
PTG_MV,D,20220427,000000,214.52,230.37,214.52,230.37,0,0
PTG_MV,D,20220428,000000,228.51,231.77,219.18,230.84,0,0
PTG_MV,D,20220429,000000,228.51,230.84,219.18,219.18,0,0
PTG_MV,D,20220502,000000,218.72,223.38,218.72,223.38,0,0
PTG_MV,D,20220504,000000,221.51,221.51,212.19,212.65,0,0
PTG_MV,D,20220505,000000,214.52,215.45,214.52,214.52,0,0
PTG_MV,D,20220506,000000,212.65,221.51,206.12,221.05,0,0
PTG_MV,D,20220509,000000,209.86,214.52,201.93,209.86,0,0
PTG_MV,D,20220510,000000,207.52,211.72,205.19,211.72,0,0
PTG_MV,D,20220511,000000,205.19,209.86,205.19,205.66,0,0
PTG_MV,D,20220512,000000,209.86,211.72,205.19,205.19,0,0
PTG_MV,D,20220513,000000,209.86,211.25,202.86,211.25,0,0
PTG_MV,D,20220516,000000,210.32,210.32,203.33,205.19,0,0
PTG_MV,D,20220517,000000,204.73,204.73,201.93,204.73,0,0
PTG_MV,D,20220518,000000,201.93,204.73,199.13,200.53,0,0
PTG_MV,D,20220519,000000,200.53,200.53,191.2,200.53,0,0
PTG_MV,D,20220520,000000,192.13,200.53,186.54,195.86,0,0
PTG_MV,D,20220523,000000,195.86,204.73,195.86,203.33,0,0
PTG_MV,D,20220524,000000,203.33,203.33,193.53,203.33,0,0
PTG_MV,D,20220526,000000,203.33,203.33,193.53,193.53,0,0
PTG_MV,D,20220527,000000,191.2,195.4,191.2,193.53,0,0
PTG_MV,D,20220530,000000,193.53,196.8,193.53,196.8,0,0
PTG_MV,D,20220531,000000,196.8,196.8,183.27,191.2,0,0
PTG_MV,D,20220601,000000,177.68,191.2,177.21,185.61,0,0
PTG_MV,D,20220602,000000,179.08,187.47,179.08,186.54,0,0
PTG_MV,D,20220603,000000,181.87,184.21,173.01,183.74,0,0
PTG_MV,D,20220606,000000,185.61,186.07,179.54,186.07,0,0
PTG_MV,D,20220607,000000,176.74,186.07,176.74,186.07,0,0
PTG_MV,D,20220608,000000,186.07,186.07,185.61,185.61,0,0
PTG_MV,D,20220609,000000,180.01,185.61,177.21,185.61,0,0
PTG_MV,D,20220610,000000,178.14,180.01,174.88,175.81,0,0
PTG_MV,D,20220613,000000,175.81,185.14,173.01,173.01,0,0
PTG_MV,D,20220614,000000,173.01,173.01,167.88,171.15,0,0
PTG_MV,D,20220615,000000,160.89,166.95,158.56,166.95,0,0
PTG_MV,D,20220617,000000,166.95,180.94,166.49,180.48,0,0
PTG_MV,D,20220620,000000,180.94,180.94,168.82,175.35,0,0
PTG_MV,D,20220621,000000,174.88,174.88,166.95,170.22,0,0
PTG_MV,D,20220622,000000,170.22,173.95,170.22,173.95,0,0
PTG_MV,D,20220623,000000,176.74,176.74,176.74,176.74,0,0
PTG_MV,D,20220624,000000,180.94,180.94,170.22,180.48,0,0
PTG_MV,D,20220627,000000,180.48,180.48,156.69,167.88,0,0
PTG_MV,D,20220628,000000,176.74,177.21,159.49,177.21,0,0
PTG_MV,D,20220629,000000,176.28,177.21,176.28,177.21,0,0
PTG_MV,D,20220630,000000,176.74,176.74,176.74,176.74,0,0
PTG_MV,D,20220701,000000,176.74,176.74,174.88,174.88,0,0
PTG_MV,D,20220704,000000,181.87,181.87,170.22,181.87,0,0
PTG_MV,D,20220705,000000,181.41,181.87,171.15,181.87,0,0
PTG_MV,D,20220706,000000,173.01,180.01,170.68,171.15,0,0
PTG_MV,D,20220707,000000,170.68,193.53,167.88,181.41,0,0
PTG_MV,D,20220708,000000,171.15,178.61,171.15,171.61,0,0
PTG_MV,D,20220711,000000,185.14,185.14,167.88,176.74,0,0
PTG_MV,D,20220712,000000,176.74,176.74,172.55,172.55,0,0
PTG_MV,D,20220713,000000,174.88,174.88,170.68,170.68,0,0
PTG_MV,D,20220714,000000,170.68,170.68,170.68,170.68,0,0
PTG_MV,D,20220715,000000,170.68,177.21,166.02,176.74,0,0
PTG_MV,D,20220718,000000,179.08,179.08,169.28,176.74,0,0
PTG_MV,D,20220719,000000,179.54,179.54,167.88,176.74,0,0
PTG_MV,D,20220720,000000,172.55,176.74,163.22,166.02,0,0
PTG_MV,D,20220721,000000,163.22,163.22,154.36,158.56,0,0
PTG_MV,D,20220722,000000,157.62,163.22,157.62,163.22,0,0
PTG_MV,D,20220725,000000,158.56,165.55,158.09,165.55,0,0
PTG_MV,D,20220726,000000,166.02,167.42,166.02,167.42,0,0
PTG_MV,D,20220727,000000,166.95,166.95,160.89,160.89,0,0
PTG_MV,D,20220728,000000,158.56,160.89,158.56,159.49,0,0
PTG_MV,D,20220729,000000,159.02,160.89,159.02,160.89,0,0
PTG_MV,D,20220801,000000,160.89,160.89,157.62,157.62,0,0
PTG_MV,D,20220802,000000,160.89,160.89,157.62,157.62,0,0
PTG_MV,D,20220803,000000,160.89,160.89,157.16,160.89,0,0
PTG_MV,D,20220804,000000,160.89,160.89,160.42,160.42,0,0
PTG_MV,D,20220805,000000,160.42,160.42,157.16,157.16,0,0
PTG_MV,D,20220808,000000,160.89,160.89,153.89,159.02,0,0
PTG_MV,D,20220809,000000,158.09,167.88,158.09,167.88,0,0
PTG_MV,D,20220810,000000,160.89,165.55,160.89,165.55,0,0
PTG_MV,D,20220811,000000,163.22,163.22,157.16,163.22,0,0
PTG_MV,D,20220812,000000,157.62,163.22,157.62,163.22,0,0
PTG_MV,D,20220816,000000,163.22,165.55,163.22,163.22,0,0
PTG_MV,D,20220817,000000,163.22,163.22,163.22,163.22,0,0
PTG_MV,D,20220818,000000,159.02,162.75,157.16,162.75,0,0
PTG_MV,D,20220819,000000,157.62,160.89,157.16,157.16,0,0
PTG_MV,D,20220822,000000,162.75,162.75,158.56,158.56,0,0
PTG_MV,D,20220823,000000,158.56,158.56,158.56,158.56,0,0
PTG_MV,D,20220824,000000,157.16,159.02,149.23,155.76,0,0
PTG_MV,D,20220825,000000,149.23,155.76,149.23,151.56,0,0
PTG_MV,D,20220826,000000,153.43,153.43,151.56,151.56,0,0
PTG_MV,D,20220829,000000,147.36,153.89,140.37,149.23,0,0
PTG_MV,D,20220830,000000,149.23,149.23,149.23,149.23,0,0
PTG_MV,D,20220831,000000,141.77,152.96,141.77,151.1,0,0
PTG_MV,D,20220901,000000,142.7,151.56,142.7,144.57,0,0
PTG_MV,D,20220902,000000,144.57,148.76,142.24,148.76,0,0
PTG_MV,D,20220905,000000,144.1,148.76,142.24,148.76,0,0
PTG_MV,D,20220906,000000,148.3,148.3,142.24,148.3,0,0
PTG_MV,D,20220908,000000,148.3,148.3,147.36,147.36,0,0
PTG_MV,D,20220909,000000,147.36,159.96,147.36,159.96,0,0
PTG_MV,D,20220912,000000,161.82,161.82,149.23,159.49,0,0
PTG_MV,D,20220913,000000,153.89,157.62,153.89,157.62,0,0
PTG_MV,D,20220914,000000,158.56,158.56,158.56,158.56,0,0
PTG_MV,D,20220915,000000,163.22,163.69,158.56,161.82,0,0
PTG_MV,D,20220919,000000,162.75,162.75,153.89,162.29,0,0
PTG_MV,D,20220920,000000,156.69,161.82,156.69,156.69,0,0
PTG_MV,D,20220921,000000,158.56,160.42,154.83,157.62,0,0
PTG_MV,D,20220922,000000,158.09,158.09,156.69,156.69,0,0
PTG_MV,D,20220923,000000,158.09,158.09,143.63,149.23,0,0
PTG_MV,D,20220926,000000,153.89,158.56,142.7,149.23,0,0
PTG_MV,D,20220927,000000,153.43,158.56,142.24,142.24,0,0
PTG_MV,D,20220928,000000,142.24,153.43,142.24,152.96,0,0
PTG_MV,D,20220929,000000,145.5,158.09,144.57,158.09,0,0
PTG_MV,D,20220930,000000,153.43,160.89,151.1,160.89,0,0
PTG_MV,D,20221003,000000,151.56,166.49,151.56,161.82,0,0
PTG_MV,D,20221004,000000,162.29,162.29,162.29,162.29,0,0
PTG_MV,D,20221005,000000,162.75,172.08,153.89,172.08,0,0
PTG_MV,D,20221006,000000,172.08,193.07,172.08,191.2,0,0
PTG_MV,D,20221007,000000,193.07,193.07,178.61,192.13,0,0
PTG_MV,D,20221010,000000,191.2,191.2,167.88,188.87,0,0
PTG_MV,D,20221011,000000,186.54,186.54,186.54,186.54,0,0
PTG_MV,D,20221012,000000,177.21,187,172.55,183.74,0,0
PTG_MV,D,20221013,000000,184.21,186.54,177.21,186.54,0,0
PTG_MV,D,20221014,000000,181.87,181.87,177.21,177.21,0,0
PTG_MV,D,20221017,000000,182.34,182.34,182.34,182.34,0,0
PTG_MV,D,20221018,000000,184.21,184.21,177.21,177.21,0,0
PTG_MV,D,20221019,000000,176.28,176.28,174.88,174.88,0,0
PTG_MV,D,20221020,000000,170.22,172.55,168.82,172.55,0,0
PTG_MV,D,20221021,000000,167.88,174.88,167.88,172.55,0,0
PTG_MV,D,20221024,000000,174.88,174.88,172.55,172.55,0,0
PTG_MV,D,20221025,000000,169.75,169.75,163.22,163.22,0,0
PTG_MV,D,20221026,000000,162.75,162.75,154.36,158.56,0,0
PTG_MV,D,20221027,000000,158.09,158.56,149.7,158.56,0,0
PTG_MV,D,20221028,000000,158.56,158.56,158.56,158.56,0,0
PTG_MV,D,20221031,000000,158.56,158.56,142.7,158.56,0,0
PTG_MV,D,20221102,000000,157.62,158.56,148.76,158.56,0,0
PTG_MV,D,20221103,000000,150.16,155.29,150.16,153.89,0,0
PTG_MV,D,20221104,000000,153.89,158.56,153.89,158.56,0,0
PTG_MV,D,20221107,000000,160.89,160.89,156.23,156.23,0,0
PTG_MV,D,20221108,000000,158.56,158.56,149.23,152.03,0,0
PTG_MV,D,20221109,000000,149.23,153.89,144.57,153.89,0,0
PTG_MV,D,20221110,000000,149.7,153.43,149.23,151.56,0,0
PTG_MV,D,20221114,000000,153.43,163.22,146.9,163.22,0,0
PTG_MV,D,20221115,000000,163.22,170.22,151.56,167.42,0,0
PTG_MV,D,20221116,000000,167.42,167.42,167.42,167.42,0,0
PTG_MV,D,20221117,000000,153.89,158.56,153.89,158.09,0,0
PTG_MV,D,20221118,000000,153.89,167.42,153.89,167.42,0,0
PTG_MV,D,20221121,000000,158.56,176.74,158.56,176.74,0,0
PTG_MV,D,20221122,000000,186.07,186.07,172.55,177.21,0,0
PTG_MV,D,20221123,000000,169.28,184.21,169.28,184.21,0,0
PTG_MV,D,20221124,000000,184.21,184.21,181.41,184.21,0,0
PTG_MV,D,20221125,000000,186.54,186.54,181.87,186.07,0,0
PTG_MV,D,20221128,000000,181.87,206.59,181.87,206.59,0,0
PTG_MV,D,20221129,000000,206.59,214.52,200.99,201.46,0,0
PTG_MV,D,20221130,000000,207.99,209.86,197.73,207.99,0,0
PTG_MV,D,20221201,000000,205.66,205.66,205.66,205.66,0,0
PTG_MV,D,20221202,000000,205.19,207.52,205.19,207.52,0,0
PTG_MV,D,20221205,000000,205.19,215.45,205.19,205.66,0,0
PTG_MV,D,20221206,000000,195.86,212.19,195.86,212.19,0,0
PTG_MV,D,20221207,000000,212.19,212.19,200.53,212.19,0,0
PTG_MV,D,20221208,000000,209.39,212.19,202.86,212.19,0,0
PTG_MV,D,20221209,000000,199.6,212.19,199.6,199.6,0,0
PTG_MV,D,20221212,000000,209.86,211.72,198.2,211.72,0,0
PTG_MV,D,20221213,000000,207.99,214.52,207.99,214.52,0,0
PTG_MV,D,20221214,000000,214.52,214.52,209.86,210.32,0,0
PTG_MV,D,20221215,000000,213.12,214.52,203.33,214.52,0,0
PTG_MV,D,20221216,000000,214.52,214.52,206.12,207.06,0,0
PTG_MV,D,20221219,000000,207.06,214.52,203.79,214.52,0,0
PTG_MV,D,20221220,000000,214.52,214.52,205.66,210.32,0,0
PTG_MV,D,20221221,000000,214.05,214.52,206.59,214.52,0,0
PTG_MV,D,20221223,000000,213.59,213.59,213.12,213.12,0,0
PTG_MV,D,20221227,000000,207.52,213.12,205.19,213.12,0,0
PTG_MV,D,20221228,000000,206.59,212.19,205.19,207.52,0,0
PTG_MV,D,20221229,000000,207.52,214.52,207.52,214.52,0,0
PTG_MV,D,20221230,000000,214.05,214.52,208.46,214.52,0,0
PTG_MV,D,20230102,000000,212.19,223.85,209.86,223.85,0,0
PTG_MV,D,20230103,000000,225.71,225.71,209.86,219.18,0,0
PTG_MV,D,20230104,000000,219.18,219.18,213.12,218.72,0,0
PTG_MV,D,20230105,000000,218.72,223.85,214.52,223.85,0,0
PTG_MV,D,20230109,000000,223.85,223.85,223.85,223.85,0,0
PTG_MV,D,20230110,000000,216.38,233.17,216.38,233.17,0,0
PTG_MV,D,20230111,000000,233.17,233.17,226.18,228.51,0,0
PTG_MV,D,20230112,000000,230.84,233.17,228.51,228.51,0,0
PTG_MV,D,20230113,000000,228.51,232.71,226.18,226.18,0,0
PTG_MV,D,20230116,000000,224.31,263.95,223.85,246.23,0,0
PTG_MV,D,20230117,000000,243.43,253.69,231.31,252.76,0,0
PTG_MV,D,20230118,000000,253.69,262.09,247.16,254.62,0,0
PTG_MV,D,20230119,000000,249.96,255.56,249.96,251.83,0,0
PTG_MV,D,20230120,000000,256.49,264.88,246.23,264.88,0,0
PTG_MV,D,20230123,000000,265.82,266.75,249.96,250.89,0,0
PTG_MV,D,20230124,000000,251.83,256.49,249.03,249.03,0,0
PTG_MV,D,20230125,000000,249.96,249.96,237.84,241.57,0,0
PTG_MV,D,20230126,000000,242.5,256.49,242.5,256.49,0,0
PTG_MV,D,20230127,000000,249.96,256.49,239.7,255.56,0,0
PTG_MV,D,20230130,000000,244.36,251.83,242.5,242.5,0,0
PTG_MV,D,20230131,000000,244.36,251.83,237.84,242.5,0,0
PTG_MV,D,20230201,000000,250.89,254.62,250.89,251.83,0,0
PTG_MV,D,20230202,000000,251.83,256.49,238.77,256.49,0,0
PTG_MV,D,20230203,000000,239.7,256.49,239.7,256.49,0,0
PTG_MV,D,20230206,000000,256.49,256.49,256.49,256.49,0,0
PTG_MV,D,20230207,000000,256.49,256.49,243.43,254.62,0,0
PTG_MV,D,20230208,000000,254.62,254.62,240.63,254.62,0,0
PTG_MV,D,20230209,000000,254.62,254.62,237.84,237.84,0,0
PTG_MV,D,20230210,000000,237.84,245.3,237.84,245.3,0,0
PTG_MV,D,20230213,000000,249.96,250.89,235.04,239.7,0,0
PTG_MV,D,20230214,000000,250.89,250.89,240.63,249.96,0,0
PTG_MV,D,20230215,000000,243.43,245.3,237.84,242.5,0,0
PTG_MV,D,20230216,000000,242.5,250.89,239.7,250.89,0,0
PTG_MV,D,20230217,000000,241.57,251.83,241.57,251.83,0,0
PTG_MV,D,20230220,000000,247.16,247.16,237.84,239.7,0,0
PTG_MV,D,20230221,000000,238.77,248.1,235.97,248.1,0,0
PTG_MV,D,20230222,000000,240.63,245.3,235.97,245.3,0,0
PTG_MV,D,20230223,000000,246.23,246.23,236.9,236.9,0,0
PTG_MV,D,20230224,000000,237.84,245.3,234.11,245.3,0,0
PTG_MV,D,20230227,000000,237.84,243.43,235.04,243.43,0,0
PTG_MV,D,20230228,000000,242.5,249.96,242.5,249.96,0,0
PTG_MV,D,20230301,000000,245.3,249.96,242.5,249.96,0,0
PTG_MV,D,20230302,000000,243.43,256.49,243.43,256.49,0,0
PTG_MV,D,20230303,000000,251.83,252.76,247.16,251.83,0,0
PTG_MV,D,20230306,000000,246.23,255.56,245.3,245.3,0,0
PTG_MV,D,20230307,000000,250.89,250.89,244.36,249.96,0,0
PTG_MV,D,20230308,000000,244.36,249.96,244.36,249.96,0,0
PTG_MV,D,20230309,000000,249.96,249.96,243.43,247.16,0,0
PTG_MV,D,20230310,000000,248.1,255.56,237.84,237.84,0,0
PTG_MV,D,20230313,000000,237.84,237.84,224.31,233.17,0,0
PTG_MV,D,20230314,000000,233.17,240.63,226.18,233.17,0,0
PTG_MV,D,20230315,000000,236.9,242.5,226.64,242.5,0,0
PTG_MV,D,20230316,000000,242.5,254.62,233.17,251.83,0,0
PTG_MV,D,20230317,000000,251.83,251.83,242.5,249.96,0,0
PTG_MV,D,20230320,000000,242.5,247.16,242.5,247.16,0,0
PTG_MV,D,20230321,000000,247.16,247.16,242.5,243.43,0,0
PTG_MV,D,20230322,000000,246.23,250.89,236.9,236.9,0,0
PTG_MV,D,20230323,000000,237.84,242.5,226.64,242.5,0,0
PTG_MV,D,20230324,000000,242.5,251.83,242.5,251.83,0,0
PTG_MV,D,20230327,000000,241.57,251.83,241.57,251.83,0,0
PTG_MV,D,20230328,000000,251.83,260.22,250.89,260.22,0,0
PTG_MV,D,20230329,000000,260.22,261.15,258.36,258.36,0,0
PTG_MV,D,20230330,000000,257.42,263.02,251.83,256.49,0,0
PTG_MV,D,20230331,000000,256.49,256.49,247.16,247.16,0,0
PTG_MV,D,20230403,000000,254.62,255.56,247.16,251.83,0,0
PTG_MV,D,20230404,000000,247.16,255.56,247.16,248.1,0,0
PTG_MV,D,20230405,000000,251.83,255.56,251.83,255.56,0,0
PTG_MV,D,20230406,000000,255.56,256.49,249.96,249.96,0,0
PTG_MV,D,20230411,000000,249.96,256.49,249.96,256.49,0,0
PTG_MV,D,20230412,000000,256.49,260.22,251.83,260.22,0,0
PTG_MV,D,20230413,000000,252.76,256.49,250.89,256.49,0,0
PTG_MV,D,20230414,000000,251.83,254.62,251.83,251.83,0,0
PTG_MV,D,20230417,000000,251.83,254.62,247.16,253.69,0,0
PTG_MV,D,20230418,000000,249.03,253.69,249.03,251.83,0,0
PTG_MV,D,20230419,000000,250.89,253.69,250.89,253.69,0,0
PTG_MV,D,20230420,000000,251.83,251.83,248.1,249.96,0,0
PTG_MV,D,20230421,000000,249.96,251.83,247.16,251.83,0,0
PTG_MV,D,20230424,000000,247.16,250.89,247.16,247.16,0,0
PTG_MV,D,20230425,000000,244.36,247.16,244.36,244.36,0,0
PTG_MV,D,20230426,000000,243.43,249.03,243.43,246.23,0,0
PTG_MV,D,20230427,000000,243.43,250.89,242.5,250.89,0,0
PTG_MV,D,20230428,000000,249.96,250.89,249.96,250.89,0,0
PTG_MV,D,20230502,000000,247.16,258.36,247.16,257.42,0,0
PTG_MV,D,20230504,000000,248.1,260.22,248.1,259.29,0,0
PTG_MV,D,20230505,000000,253.69,256.49,249.03,251.83,0,0
PTG_MV,D,20230508,000000,256.49,256.49,251.83,251.83,0,0
PTG_MV,D,20230509,000000,251.83,251.83,247.16,251.83,0,0
PTG_MV,D,20230510,000000,247.16,252.76,242.5,252.76,0,0
PTG_MV,D,20230511,000000,251.83,251.83,247.16,251.83,0,0
PTG_MV,D,20230512,000000,249.03,249.03,249.03,249.03,0,0
PTG_MV,D,20230515,000000,251.83,251.83,246.23,250.89,0,0
PTG_MV,D,20230516,000000,250.89,250.89,247.16,247.16,0,0
PTG_MV,D,20230517,000000,245.3,245.3,238.77,238.77,0,0
PTG_MV,D,20230518,000000,241.57,242.5,237.84,240.63,0,0
PTG_MV,D,20230519,000000,237.84,253.69,235.04,253.69,0,0
PTG_MV,D,20230522,000000,255.56,255.56,246.23,250.89,0,0
PTG_MV,D,20230523,000000,249.96,249.96,243.43,248.1,0,0
PTG_MV,D,20230524,000000,249.96,250.89,241.57,246.23,0,0
PTG_MV,D,20230525,000000,249.03,249.03,237.84,240.63,0,0
PTG_MV,D,20230526,000000,240.63,247.16,237.84,245.3,0,0
PTG_MV,D,20230529,000000,241.57,244.36,241.57,244.36,0,0
PTG_MV,D,20230530,000000,244.36,245.3,238.77,238.77,0,0
PTG_MV,D,20230531,000000,242.5,242.5,237.84,237.84,0,0
PTG_MV,D,20230601,000000,237.84,237.84,229.91,231.77,0,0
PTG_MV,D,20230602,000000,238.77,242.5,209.86,242.5,0,0
PTG_MV,D,20230605,000000,242.5,246.23,233.17,246.23,0,0
PTG_MV,D,20230606,000000,246.23,250.89,237.84,250.89,0,0
PTG_MV,D,20230607,000000,239.7,243.43,238.77,243.43,0,0
PTG_MV,D,20230609,000000,242.5,242.5,242.5,242.5,0,0
PTG_MV,D,20230612,000000,242.5,247.16,236.9,236.9,0,0
PTG_MV,D,20230613,000000,238.77,246.23,235.97,235.97,0,0
PTG_MV,D,20230614,000000,236.9,249.03,236.9,249.03,0,0
PTG_MV,D,20230615,000000,242.5,250.89,242.5,250.89,0,0
PTG_MV,D,20230616,000000,249.03,249.03,242.5,249.03,0,0
PTG_MV,D,20230619,000000,249.96,252.76,247.16,250.89,0,0
PTG_MV,D,20230620,000000,253.69,274.21,253.69,270.48,0,0
PTG_MV,D,20230621,000000,270.48,270.48,265.82,269.55,0,0
PTG_MV,D,20230622,000000,269.55,270.48,266.75,269.55,0,0
PTG_MV,D,20230623,000000,269.55,270.48,264.88,269.55,0,0
PTG_MV,D,20230626,000000,270.48,270.48,261.15,262.09,0,0
PTG_MV,D,20230627,000000,261.15,264.88,257.42,264.88,0,0
PTG_MV,D,20230628,000000,259.29,263.95,253.69,256.49,0,0
PTG_MV,D,20230629,000000,253.69,259.29,250.89,253.69,0,0
PTG_MV,D,20230630,000000,256.49,256.49,249.03,250.89,0,0
PTG_MV,D,20230703,000000,251.83,258.36,246.23,251.83,0,0
PTG_MV,D,20230704,000000,257.42,259.29,248.1,259.29,0,0
PTG_MV,D,20230705,000000,251.83,256.49,246.23,256.49,0,0
PTG_MV,D,20230706,000000,249.96,257.42,247.16,249.03,0,0
PTG_MV,D,20230707,000000,249.03,261.15,249.03,261.15,0,0
PTG_MV,D,20230710,000000,260.22,261.15,252.76,261.15,0,0
PTG_MV,D,20230711,000000,261.15,261.15,261.15,261.15,0,0
PTG_MV,D,20230712,000000,256.49,261.15,251.83,261.15,0,0
PTG_MV,D,20230713,000000,257.42,260.22,257.42,260.22,0,0
PTG_MV,D,20230714,000000,257.42,261.15,257.42,257.42,0,0
PTG_MV,D,20230717,000000,257.42,257.42,251.83,257.42,0,0
PTG_MV,D,20230718,000000,256.49,265.82,253.69,265.82,0,0
PTG_MV,D,20230719,000000,264.88,269.55,261.15,269.55,0,0
PTG_MV,D,20230720,000000,270.48,272.35,268.61,268.61,0,0
PTG_MV,D,20230721,000000,263.02,270.48,263.02,270.48,0,0
PTG_MV,D,20230724,000000,270.48,270.48,264.88,270.48,0,0
PTG_MV,D,20230725,000000,270.48,273.28,266.75,273.28,0,0
PTG_MV,D,20230726,000000,270.48,275.14,265.82,265.82,0,0
PTG_MV,D,20230727,000000,264.88,279.81,263.02,279.81,0,0
PTG_MV,D,20230728,000000,279.81,298.46,275.14,298.46,0,0
PTG_MV,D,20230731,000000,298.46,303.12,291.93,303.12,0,0
PTG_MV,D,20230801,000000,293.8,303.12,293.8,302.19,0,0
PTG_MV,D,20230802,000000,301.26,301.26,293.8,298.46,0,0
PTG_MV,D,20230803,000000,300.33,301.26,293.8,301.26,0,0
PTG_MV,D,20230804,000000,296.6,303.12,296.6,303.12,0,0
PTG_MV,D,20230807,000000,293.8,303.12,293.8,303.12,0,0
PTG_MV,D,20230808,000000,297.53,302.19,295.66,302.19,0,0
PTG_MV,D,20230809,000000,293.8,303.12,293.8,303.12,0,0
PTG_MV,D,20230810,000000,297.53,302.19,297.53,302.19,0,0
PTG_MV,D,20230811,000000,302.19,302.19,281.67,287.27,0,0
PTG_MV,D,20230814,000000,287.27,294.73,285.4,294.73,0,0
PTG_MV,D,20230816,000000,293.8,293.8,289.13,292.86,0,0
PTG_MV,D,20230817,000000,289.13,292.86,289.13,291,0,0
PTG_MV,D,20230818,000000,289.13,289.13,277.01,281.67,0,0
PTG_MV,D,20230821,000000,276.08,301.26,276.08,301.26,0,0
PTG_MV,D,20230822,000000,298.46,298.46,297.53,298.46,0,0
PTG_MV,D,20230823,000000,298.46,298.46,291,292.86,0,0
PTG_MV,D,20230824,000000,285.4,294.73,284.47,294.73,0,0
PTG_MV,D,20230825,000000,291.93,293.8,284.47,293.8,0,0
PTG_MV,D,20230828,000000,284.47,293.8,284.47,293.8,0,0
PTG_MV,D,20230829,000000,288.2,293.8,284.47,293.8,0,0
PTG_MV,D,20230830,000000,287.27,289.13,287.27,288.2,0,0
PTG_MV,D,20230831,000000,292.86,292.86,282.6,282.6,0,0
PTG_MV,D,20230901,000000,286.34,297.53,285.4,297.53,0,0
PTG_MV,D,20230904,000000,291.93,291.93,281.67,291.93,0,0
PTG_MV,D,20230905,000000,280.74,291,279.81,291,0,0
PTG_MV,D,20230906,000000,283.54,291,283.54,289.13,0,0
PTG_MV,D,20230907,000000,288.2,288.2,283.54,287.27,0,0
PTG_MV,D,20230908,000000,282.6,282.6,274.21,279.81,0,0
PTG_MV,D,20230911,000000,275.14,278.87,269.55,278.87,0,0
PTG_MV,D,20230912,000000,278.87,287.27,277.01,287.27,0,0
PTG_MV,D,20230913,000000,287.27,287.27,281.67,287.27,0,0
PTG_MV,D,20230914,000000,285.4,285.4,285.4,285.4,0,0
PTG_MV,D,20230915,000000,279.81,284.47,279.81,280.74,0,0
PTG_MV,D,20230918,000000,272.35,280.74,272.35,280.74,0,0
PTG_MV,D,20230919,000000,275.14,276.08,273.28,276.08,0,0
PTG_MV,D,20230920,000000,273.28,285.4,272.35,285.4,0,0
PTG_MV,D,20230921,000000,277.01,284.47,277.01,283.54,0,0
PTG_MV,D,20230922,000000,279.81,284.47,278.87,278.87,0,0
PTG_MV,D,20230925,000000,277.94,280.74,277.01,277.01,0,0
PTG_MV,D,20230926,000000,277.01,279.81,274.21,278.87,0,0
PTG_MV,D,20230927,000000,275.14,279.81,274.21,279.81,0,0
PTG_MV,D,20230928,000000,279.81,279.81,273.28,278.87,0,0
PTG_MV,D,20230929,000000,273.28,277.94,272.35,277.94,0,0
PTG_MV,D,20231002,000000,273.28,277.94,269.55,273.28,0,0
PTG_MV,D,20231003,000000,268.61,273.28,266.75,270.48,0,0
PTG_MV,D,20231004,000000,270.48,279.81,266.75,279.81,0,0
PTG_MV,D,20231005,000000,273.28,275.14,271.41,275.14,0,0
PTG_MV,D,20231006,000000,271.41,274.21,265.82,273.28,0,0
PTG_MV,D,20231009,000000,265.82,273.28,249.03,271.41,0,0
PTG_MV,D,20231010,000000,261.15,273.28,261.15,273.28,0,0
PTG_MV,D,20231011,000000,268.61,271.41,268.61,271.41,0,0
PTG_MV,D,20231012,000000,269.55,270.48,268.61,268.61,0,0
PTG_MV,D,20231013,000000,268.61,272.35,268.61,269.55,0,0
PTG_MV,D,20231016,000000,272.35,272.35,267.68,272.35,0,0
PTG_MV,D,20231017,000000,268.61,279.81,268.61,279.81,0,0
PTG_MV,D,20231018,000000,274.21,279.81,273.28,279.81,0,0
PTG_MV,D,20231019,000000,271.41,273.28,270.48,270.48,0,0
PTG_MV,D,20231020,000000,269.55,275.14,269.55,275.14,0,0
PTG_MV,D,20231023,000000,269.55,277.01,269.55,277.01,0,0
PTG_MV,D,20231024,000000,272.35,277.01,272.35,277.01,0,0
PTG_MV,D,20231025,000000,275.14,275.14,272.35,275.14,0,0
PTG_MV,D,20231026,000000,269.55,273.28,269.55,273.28,0,0
PTG_MV,D,20231027,000000,269.55,275.14,269.55,274.21,0,0
PTG_MV,D,20231030,000000,270.48,274.21,270.48,274.21,0,0
PTG_MV,D,20231031,000000,267.68,273.28,266.75,273.28,0,0
PTG_MV,D,20231102,000000,268.61,273.28,268.61,273.28,0,0
PTG_MV,D,20231103,000000,270.48,279.81,270.48,279.81,0,0
PTG_MV,D,20231106,000000,279.81,279.81,272.35,276.08,0,0
PTG_MV,D,20231107,000000,274.21,277.01,272.35,274.21,0,0
PTG_MV,D,20231108,000000,270.48,272.35,263.95,263.95,0,0
PTG_MV,D,20231109,000000,263.95,271.41,263.02,271.41,0,0
PTG_MV,D,20231110,000000,264.88,264.88,263.02,263.02,0,0
PTG_MV,D,20231113,000000,261.15,261.15,253.69,256.49,0,0
PTG_MV,D,20231114,000000,254.62,267.68,254.62,267.68,0,0
PTG_MV,D,20231115,000000,257.42,267.68,256.49,263.02,0,0
PTG_MV,D,20231116,000000,263.02,263.02,245.3,258.36,0,0
PTG_MV,D,20231117,000000,248.1,259.29,247.16,259.29,0,0
PTG_MV,D,20231120,000000,259.29,259.29,244.36,250.89,0,0
PTG_MV,D,20231121,000000,249.96,253.69,246.23,246.23,0,0
PTG_MV,D,20231122,000000,244.36,252.76,242.5,252.76,0,0
PTG_MV,D,20231123,000000,242.5,252.76,242.5,246.23,0,0
PTG_MV,D,20231124,000000,243.43,246.23,241.57,244.36,0,0
PTG_MV,D,20231127,000000,240.63,247.16,239.7,247.16,0,0
PTG_MV,D,20231128,000000,247.16,247.16,239.7,247.16,0,0
PTG_MV,D,20231129,000000,247.16,247.16,240.63,247.16,0,0
PTG_MV,D,20231130,000000,242.5,242.5,240.63,242.5,0,0
PTG_MV,D,20231201,000000,238.77,247.16,229.44,247.16,0,0
PTG_MV,D,20231204,000000,247.16,247.16,240.63,245.3,0,0
PTG_MV,D,20231205,000000,238.77,239.7,232.24,234.11,0,0
PTG_MV,D,20231206,000000,234.11,234.11,225.71,232.71,0,0
PTG_MV,D,20231207,000000,233.17,242.5,228.51,242.5,0,0
PTG_MV,D,20231208,000000,234.11,241.57,232.24,239.7,0,0
PTG_MV,D,20231211,000000,235.97,238.77,233.17,237.84,0,0
PTG_MV,D,20231212,000000,233.17,236.9,233.17,236.9,0,0
PTG_MV,D,20231213,000000,234.11,237.84,234.11,234.11,0,0
PTG_MV,D,20231214,000000,234.11,238.77,223.85,232.24,0,0
PTG_MV,D,20231215,000000,230.84,233.17,227.58,233.17,0,0
PTG_MV,D,20231218,000000,233.17,233.17,228.98,233.17,0,0
PTG_MV,D,20231219,000000,230.84,232.24,228.51,231.31,0,0
PTG_MV,D,20231220,000000,227.58,227.58,226.64,226.64,0,0
PTG_MV,D,20231221,000000,226.64,227.11,219.18,222.91,0,0
PTG_MV,D,20231222,000000,219.65,233.17,219.65,233.17,0,0
PTG_MV,D,20231227,000000,233.17,233.17,221.51,226.64,0,0
PTG_MV,D,20231228,000000,226.64,232.71,226.64,232.71,0,0
PTG_MV,D,20231229,000000,231.31,232.24,226.64,232.24,0,0
PTG_MV,D,20240102,000000,230.84,232.71,230.84,230.84,0,0
PTG_MV,D,20240103,000000,228.98,232.24,225.71,231.77,0,0
PTG_MV,D,20240104,000000,225.71,231.31,223.85,223.85,0,0
PTG_MV,D,20240105,000000,225.71,230.84,223.85,224.31,0,0
PTG_MV,D,20240108,000000,230.84,230.84,223.85,223.85,0,0
PTG_MV,D,20240109,000000,223.85,223.85,223.85,223.85,0,0
PTG_MV,D,20240110,000000,224.78,227.58,223.85,223.85,0,0
PTG_MV,D,20240111,000000,224.31,229.91,223.85,229.91,0,0
PTG_MV,D,20240112,000000,242.5,242.5,223.85,230.84,0,0
PTG_MV,D,20240115,000000,228.04,230.37,224.31,230.37,0,0
PTG_MV,D,20240116,000000,224.78,228.51,219.65,226.64,0,0
PTG_MV,D,20240117,000000,224.31,232.71,224.31,232.71,0,0
PTG_MV,D,20240118,000000,228.98,230.84,228.51,230.84,0,0
PTG_MV,D,20240119,000000,225.71,230.37,225.24,225.24,0,0
PTG_MV,D,20240122,000000,224.31,231.77,224.31,231.77,0,0
PTG_MV,D,20240123,000000,225.24,231.77,225.24,231.77,0,0
PTG_MV,D,20240124,000000,228.51,232.71,228.51,228.51,0,0
PTG_MV,D,20240125,000000,228.51,228.51,228.51,228.51,0,0
PTG_MV,D,20240126,000000,232.24,233.17,228.98,232.71,0,0
PTG_MV,D,20240129,000000,228.98,232.71,228.51,232.71,0,0
PTG_MV,D,20240130,000000,229.44,232.71,228.51,232.71,0,0
PTG_MV,D,20240131,000000,232.71,236.9,229.91,236.9,0,0
PTG_MV,D,20240201,000000,238.77,238.77,231.77,238.77,0,0
PTG_MV,D,20240202,000000,235.97,240.63,235.04,240.63,0,0
PTG_MV,D,20240205,000000,240.63,241.57,231.31,239.7,0,0
PTG_MV,D,20240206,000000,235.97,242.5,235.04,236.9,0,0
PTG_MV,D,20240207,000000,242.5,242.5,235.04,235.04,0,0
PTG_MV,D,20240208,000000,232.24,232.24,232.24,232.24,0,0
PTG_MV,D,20240209,000000,239.7,242.5,235.97,235.97,0,0
PTG_MV,D,20240212,000000,232.24,240.63,232.24,239.7,0,0
PTG_MV,D,20240213,000000,239.7,239.7,237.84,237.84,0,0
PTG_MV,D,20240214,000000,237.84,237.84,234.11,234.11,0,0
PTG_MV,D,20240215,000000,234.11,242.5,234.11,242.5,0,0
PTG_MV,D,20240216,000000,236.9,241.57,234.11,234.11,0,0
PTG_MV,D,20240219,000000,233.17,236.9,228.98,236.9,0,0
PTG_MV,D,20240220,000000,233.17,240.63,233.17,240.63,0,0
PTG_MV,D,20240221,000000,234.11,240.63,234.11,240.63,0,0
PTG_MV,D,20240222,000000,239.7,246.23,236.9,236.9,0,0
PTG_MV,D,20240223,000000,234.11,246.23,234.11,242.5,0,0
PTG_MV,D,20240226,000000,244.36,244.36,236.9,236.9,0,0
PTG_MV,D,20240227,000000,236.9,242.5,234.11,242.5,0,0
PTG_MV,D,20240228,000000,243.43,248.1,243.43,248.1,0,0
PTG_MV,D,20240229,000000,247.16,248.1,247.16,248.1,0,0
PTG_MV,D,20240301,000000,248.1,248.1,233.17,234.11,0,0
PTG_MV,D,20240304,000000,229.91,242.5,229.91,242.5,0,0
PTG_MV,D,20240305,000000,242.5,243.43,237.84,237.84,0,0
PTG_MV,D,20240306,000000,237.84,255.56,237.84,249.96,0,0
PTG_MV,D,20240307,000000,249.03,256.49,249.03,255.56,0,0
PTG_MV,D,20240308,000000,253.69,253.69,247.16,248.1,0,0
PTG_MV,D,20240311,000000,248.1,255.56,246.23,247.16,0,0
PTG_MV,D,20240312,000000,244.36,268.61,244.36,263.02,0,0
PTG_MV,D,20240313,000000,265.82,265.82,257.42,265.82,0,0
PTG_MV,D,20240314,000000,256.49,269.55,256.49,269.55,0,0
PTG_MV,D,20240315,000000,269.55,269.55,253.69,253.69,0,0
PTG_MV,D,20240318,000000,260.22,260.22,242.5,260.22,0,0
PTG_MV,D,20240319,000000,260.22,261.15,256.49,260.22,0,0
PTG_MV,D,20240320,000000,256.49,260.22,243.43,260.22,0,0
PTG_MV,D,20240321,000000,257.42,260.22,251.83,258.36,0,0
PTG_MV,D,20240322,000000,252.76,259.29,252.76,256.49,0,0
PTG_MV,D,20240325,000000,251.83,256.49,243.43,256.49,0,0
PTG_MV,D,20240326,000000,247.16,259.29,246.23,259.29,0,0
PTG_MV,D,20240327,000000,247.16,261.15,247.16,261.15,0,0
PTG_MV,D,20240328,000000,250.89,263.02,250.89,263.02,0,0
PTG_MV,D,20240402,000000,248.1,261.15,242.5,259.29,0,0
PTG_MV,D,20240403,000000,250.89,259.29,250.89,259.29,0,0
PTG_MV,D,20240404,000000,259.29,259.29,251.83,256.49,0,0
PTG_MV,D,20240405,000000,256.49,261.15,250.89,261.15,0,0
PTG_MV,D,20240408,000000,256.49,263.95,256.49,263.95,0,0
PTG_MV,D,20240409,000000,265.82,265.82,253.69,263.02,0,0
PTG_MV,D,20240410,000000,258.36,263.02,257.42,263.02,0,0
PTG_MV,D,20240411,000000,263.02,263.02,263.02,263.02,0,0
PTG_MV,D,20240412,000000,262.09,262.09,256.49,262.09,0,0
PTG_MV,D,20240415,000000,254.62,262.09,254.62,262.09,0,0
PTG_MV,D,20240416,000000,261.15,261.15,249.03,255.56,0,0
PTG_MV,D,20240417,000000,251.83,256.49,251.83,251.83,0,0
PTG_MV,D,20240418,000000,251.83,253.69,251.83,253.69,0,0
PTG_MV,D,20240419,000000,247.16,247.16,237.84,237.84,0,0
PTG_MV,D,20240422,000000,228.51,241.57,228.51,241.57,0,0
PTG_MV,D,20240423,000000,240.63,243.43,233.17,240.63,0,0
PTG_MV,D,20240424,000000,233.17,238.77,233.17,237.84,0,0
PTG_MV,D,20240425,000000,231.77,237.84,229.44,236.9,0,0
PTG_MV,D,20240426,000000,229.91,229.91,224.78,227.11,0,0
PTG_MV,D,20240429,000000,227.11,227.11,221.51,227.11,0,0
PTG_MV,D,20240430,000000,222.91,232.71,222.91,232.71,0,0
PTG_MV,D,20240502,000000,223.85,234.11,223.85,234.11,0,0
PTG_MV,D,20240506,000000,228.51,228.51,222.45,226.18,0,0
PTG_MV,D,20240507,000000,226.18,231.31,226.18,226.18,0,0
PTG_MV,D,20240508,000000,226.18,233.17,223.85,223.85,0,0
PTG_MV,D,20240509,000000,230.84,230.84,219.18,228.51,0,0
PTG_MV,D,20240510,000000,222.45,228.51,221.51,224.78,0,0
PTG_MV,D,20240513,000000,224.78,230.37,223.85,226.18,0,0
PTG_MV,D,20240514,000000,226.18,228.51,226.18,228.51,0,0
PTG_MV,D,20240515,000000,230.37,230.37,230.37,230.37,0,0
PTG_MV,D,20240516,000000,226.18,230.37,219.18,219.18,0,0
PTG_MV,D,20240517,000000,220.11,225.71,219.65,219.65,0,0
PTG_MV,D,20240520,000000,219.65,228.04,219.18,228.04,0,0
PTG_MV,D,20240521,000000,228.51,228.51,221.05,221.05,0,0
PTG_MV,D,20240522,000000,219.18,219.18,218.25,218.72,0,0
PTG_MV,D,20240523,000000,226.64,228.51,226.64,228.51,0,0
PTG_MV,D,20240524,000000,228.04,228.04,228.04,228.04,0,0
PTG_MV,D,20240527,000000,218.72,227.58,218.72,227.58,0,0
PTG_MV,D,20240528,000000,219.18,226.64,219.18,219.65,0,0
PTG_MV,D,20240529,000000,219.18,223.85,216.85,223.85,0,0
PTG_MV,D,20240531,000000,217.78,223.85,217.78,219.18,0,0
PTG_MV,D,20240603,000000,216.85,218.72,216.38,217.32,0,0
PTG_MV,D,20240604,000000,217.32,217.32,214.52,214.52,0,0
PTG_MV,D,20240605,000000,214.52,217.32,213.12,217.32,0,0
PTG_MV,D,20240606,000000,218.25,219.18,202.39,203.33,0,0
PTG_MV,D,20240607,000000,203.33,218.72,203.33,217.78,0,0
PTG_MV,D,20240610,000000,217.32,217.32,205.19,209.86,0,0
PTG_MV,D,20240611,000000,212.19,212.19,212.19,212.19,0,0
PTG_MV,D,20240612,000000,205.66,212.19,205.66,206.59,0,0
PTG_MV,D,20240613,000000,206.59,215.45,206.12,214.52,0,0
PTG_MV,D,20240614,000000,209.86,214.52,209.86,214.52,0,0
PTG_MV,D,20240617,000000,217.32,227.58,217.32,227.58,0,0
PTG_MV,D,20240618,000000,227.58,242.5,221.98,242.5,0,0
PTG_MV,D,20240619,000000,235.97,242.5,230.37,233.17,0,0
PTG_MV,D,20240620,000000,238.77,241.57,233.17,240.63,0,0
PTG_MV,D,20240621,000000,233.17,233.17,221.05,221.05,0,0
PTG_MV,D,20240624,000000,227.58,228.98,214.52,214.98,0,0
PTG_MV,D,20240625,000000,214.52,223.38,214.52,221.51,0,0
PTG_MV,D,20240626,000000,222.91,223.85,222.91,222.91,0,0
PTG_MV,D,20240627,000000,223.85,235.04,223.85,224.78,0,0
PTG_MV,D,20240628,000000,232.71,233.17,232.71,233.17,0,0
PTG_MV,D,20240701,000000,227.11,235.04,226.64,233.17,0,0
PTG_MV,D,20240702,000000,231.77,233.17,226.64,233.17,0,0
PTG_MV,D,20240703,000000,233.17,233.17,223.85,228.51,0,0
PTG_MV,D,20240704,000000,232.71,232.71,222.91,232.24,0,0
PTG_MV,D,20240705,000000,228.51,234.11,228.51,234.11,0,0
PTG_MV,D,20240708,000000,234.11,235.04,234.11,234.11,0,0
PTG_MV,D,20240709,000000,222.45,234.11,222.45,234.11,0,0
PTG_MV,D,20240710,000000,224.78,233.17,224.78,229.91,0,0
PTG_MV,D,20240711,000000,235.04,235.04,232.24,232.24,0,0
PTG_MV,D,20240712,000000,232.24,241.57,232.24,241.57,0,0
PTG_MV,D,20240715,000000,241.57,241.57,236.9,240.63,0,0
PTG_MV,D,20240716,000000,236.9,236.9,228.51,228.98,0,0
PTG_MV,D,20240717,000000,228.51,237.84,228.51,235.97,0,0
PTG_MV,D,20240718,000000,236.9,237.84,228.98,228.98,0,0
PTG_MV,D,20240719,000000,237.84,238.77,229.44,229.44,0,0
PTG_MV,D,20240722,000000,229.44,242.5,229.44,239.7,0,0
PTG_MV,D,20240723,000000,252.76,263.95,243.43,250.89,0,0
PTG_MV,D,20240724,000000,247.16,247.16,238.77,246.23,0,0
PTG_MV,D,20240725,000000,245.3,245.3,233.17,240.63,0,0
PTG_MV,D,20240726,000000,248.1,248.1,234.11,241.57,0,0
PTG_MV,D,20240729,000000,237.84,245.3,228.51,245.3,0,0
PTG_MV,D,20240730,000000,237.84,245.3,233.17,238.77,0,0
PTG_MV,D,20240731,000000,238.77,242.5,238.77,242.5,0,0
PTG_MV,D,20240801,000000,237.84,246.23,235.04,246.23,0,0
PTG_MV,D,20240802,000000,235.04,242.5,234.11,234.11,0,0
PTG_MV,D,20240805,000000,230.37,230.37,214.52,216.38,0,0
PTG_MV,D,20240806,000000,217.32,233.17,217.32,233.17,0,0
PTG_MV,D,20240807,000000,233.17,240.63,233.17,240.63,0,0
PTG_MV,D,20240808,000000,247.16,247.16,243.43,245.3,0,0
PTG_MV,D,20240809,000000,236.9,245.3,236.9,245.3,0,0
PTG_MV,D,20240812,000000,235.97,246.23,235.97,246.23,0,0
PTG_MV,D,20240813,000000,242.5,247.16,233.17,245.3,0,0
PTG_MV,D,20240814,000000,237.84,245.3,233.17,241.57,0,0
PTG_MV,D,20240816,000000,231.31,239.7,231.31,239.7,0,0
PTG_MV,D,20240819,000000,231.77,232.71,231.77,232.24,0,0
PTG_MV,D,20240820,000000,227.11,228.51,223.85,228.51,0,0
PTG_MV,D,20240821,000000,231.77,231.77,228.98,228.98,0,0
PTG_MV,D,20240822,000000,231.77,237.84,225.71,225.71,0,0
PTG_MV,D,20240823,000000,237.84,240.63,229.44,229.44,0,0
PTG_MV,D,20240826,000000,225.71,239.7,225.71,228.98,0,0
PTG_MV,D,20240827,000000,228.98,235.04,221.51,235.04,0,0
PTG_MV,D,20240828,000000,235.04,235.04,228.98,228.98,0,0
PTG_MV,D,20240829,000000,236.9,236.9,236.9,236.9,0,0
PTG_MV,D,20240830,000000,235.04,235.04,234.11,234.11,0,0
PTG_MV,D,20240902,000000,234.11,234.11,233.17,233.17,0,0
PTG_MV,D,20240903,000000,225.71,241.57,225.71,241.57,0,0
PTG_MV,D,20240904,000000,240.63,240.63,240.63,240.63,0,0
PTG_MV,D,20240905,000000,237.84,237.84,228.51,235.97,0,0
PTG_MV,D,20240906,000000,228.51,251.83,224.31,244.36,0,0
PTG_MV,D,20240909,000000,256.49,261.15,249.03,260.22,0,0
PTG_MV,D,20240910,000000,260.22,260.22,247.16,249.96,0,0
PTG_MV,D,20240911,000000,252.76,255.56,249.96,249.96,0,0
PTG_MV,D,20240912,000000,247.16,256.49,238.77,249.03,0,0
PTG_MV,D,20240913,000000,243.43,251.83,236.9,243.43,0,0
PTG_MV,D,20240916,000000,252.76,257.42,240.63,251.83,0,0
PTG_MV,D,20240917,000000,243.43,256.49,243.43,254.62,0,0
PTG_MV,D,20240918,000000,257.42,257.42,245.3,254.62,0,0
PTG_MV,D,20240919,000000,254.62,254.62,245.3,254.62,0,0
PTG_MV,D,20240920,000000,254.62,254.62,242.5,254.62,0,0
PTG_MV,D,20240923,000000,247.16,252.76,243.43,251.83,0,0
PTG_MV,D,20240924,000000,243.43,253.69,243.43,252.76,0,0
PTG_MV,D,20240925,000000,245.3,251.83,242.5,251.83,0,0
PTG_MV,D,20240926,000000,245.3,251.83,245.3,250.89,0,0
PTG_MV,D,20240927,000000,246.23,249.96,242.5,249.96,0,0
PTG_MV,D,20240930,000000,242.5,252.76,242.5,252.76,0,0
PTG_MV,D,20241001,000000,253.69,256.49,249.03,256.49,0,0
PTG_MV,D,20241002,000000,251.83,256.49,251.83,251.83,0,0
PTG_MV,D,20241003,000000,249.03,251.83,245.3,251.83,0,0
PTG_MV,D,20241004,000000,246.23,251.83,245.3,251.83,0,0
PTG_MV,D,20241007,000000,246.23,247.16,243.43,243.43,0,0
PTG_MV,D,20241008,000000,243.43,243.43,232.71,234.11,0,0
PTG_MV,D,20241009,000000,232.71,250.89,232.71,250.89,0,0
PTG_MV,D,20241010,000000,239.7,242.5,236.9,240.63,0,0
PTG_MV,D,20241011,000000,235.97,248.1,235.97,248.1,0,0
PTG_MV,D,20241014,000000,242.5,248.1,240.63,248.1,0,0
PTG_MV,D,20241015,000000,251.83,251.83,242.5,249.96,0,0
PTG_MV,D,20241016,000000,243.43,254.62,243.43,254.62,0,0
PTG_MV,D,20241017,000000,254.62,254.62,241.57,243.43,0,0
PTG_MV,D,20241018,000000,243.43,248.1,237.84,237.84,0,0
PTG_MV,D,20241021,000000,234.11,247.16,234.11,247.16,0,0
PTG_MV,D,20241022,000000,246.23,249.96,241.57,242.5,0,0
PTG_MV,D,20241023,000000,242.5,242.5,236.9,242.5,0,0
PTG_MV,D,20241025,000000,246.23,246.23,235.97,235.97,0,0
PTG_MV,D,20241028,000000,236.9,242.5,236.9,237.84,0,0
PTG_MV,D,20241029,000000,237.84,240.63,237.84,237.84,0,0
PTG_MV,D,20241030,000000,235.97,237.84,235.04,235.04,0,0
PTG_MV,D,20241031,000000,236.9,236.9,234.11,236.9,0,0
PTG_MV,D,20241104,000000,234.11,236.9,234.11,236.9,0,0
PTG_MV,D,20241105,000000,234.11,239.7,234.11,239.7,0,0
PTG_MV,D,20241106,000000,238.77,242.5,238.77,242.5,0,0
PTG_MV,D,20241107,000000,236.9,242.5,234.11,242.5,0,0
PTG_MV,D,20241108,000000,247.16,248.1,233.17,235.97,0,0
PTG_MV,D,20241112,000000,234.11,237.84,233.17,233.17,0,0
PTG_MV,D,20241113,000000,233.17,237.84,231.31,231.31,0,0
PTG_MV,D,20241114,000000,233.17,236.9,228.51,228.51,0,0
PTG_MV,D,20241115,000000,228.51,233.17,210.79,226.64,0,0
PTG_MV,D,20241118,000000,219.18,229.91,219.18,223.85,0,0
PTG_MV,D,20241119,000000,223.38,224.78,220.58,220.58,0,0
PTG_MV,D,20241120,000000,223.38,223.38,223.38,223.38,0,0
PTG_MV,D,20241121,000000,223.38,223.38,217.78,217.78,0,0
PTG_MV,D,20241122,000000,214.52,222.91,213.12,213.12,0,0
PTG_MV,D,20241125,000000,202.86,221.05,202.86,218.72,0,0
PTG_MV,D,20241126,000000,217.32,217.32,217.32,217.32,0,0
PTG_MV,D,20241128,000000,214.98,214.98,203.33,207.52,0,0
PTG_MV,D,20241129,000000,213.59,214.52,205.19,209.86,0,0
PTG_MV,D,20241202,000000,207.52,217.78,205.19,205.19,0,0
PTG_MV,D,20241203,000000,195.86,207.52,195.86,200.53,0,0
PTG_MV,D,20241204,000000,200.53,206.59,189.34,206.59,0,0
PTG_MV,D,20241205,000000,197.73,203.33,195.86,199.6,0,0
PTG_MV,D,20241206,000000,200.06,213.59,200.06,211.25,0,0
PTG_MV,D,20241209,000000,212.65,212.65,203.33,203.79,0,0
PTG_MV,D,20241210,000000,203.33,211.72,203.33,207.99,0,0
PTG_MV,D,20241211,000000,205.19,206.59,205.19,206.12,0,0
PTG_MV,D,20241212,000000,207.52,213.59,207.52,209.39,0,0
PTG_MV,D,20241213,000000,208.92,208.92,192.13,207.06,0,0
PTG_MV,D,20241216,000000,195.86,206.12,195.86,206.12,0,0
PTG_MV,D,20241217,000000,194.93,203.79,194.93,202.39,0,0
PTG_MV,D,20241218,000000,193.07,195.86,177.68,186.54,0,0
PTG_MV,D,20241219,000000,182.34,187.47,180.01,186.07,0,0
PTG_MV,D,20241220,000000,180.01,191.2,177.21,177.21,0,0
PTG_MV,D,20241223,000000,174.88,184.67,171.15,171.15,0,0
PTG_MV,D,20241227,000000,176.74,176.74,171.15,171.61,0,0
PTG_MV,D,20241230,000000,171.61,172.55,170.68,170.68,0,0
PTG_MV,D,20250102,000000,171.15,185.14,171.15,175.35,0,0
PTG_MV,D,20250103,000000,177.21,193.53,177.21,190.74,0,0
PTG_MV,D,20250107,000000,194.47,200.53,194.47,198.66,0,0
PTG_MV,D,20250108,000000,200.53,200.53,191.2,195.86,0,0
PTG_MV,D,20250109,000000,191.2,191.2,182.34,189.8,0,0
PTG_MV,D,20250110,000000,194.93,194.93,191.2,191.2,0,0
PTG_MV,D,20250113,000000,191.2,191.2,186.54,187,0,0
PTG_MV,D,20250114,000000,186.54,186.54,176.74,179.54,0,0
PTG_MV,D,20250115,000000,177.68,181.87,176.74,181.87,0,0
PTG_MV,D,20250116,000000,177.21,181.41,174.88,175.35,0,0
PTG_MV,D,20250117,000000,176.28,177.21,173.48,174.41,0,0
PTG_MV,D,20250120,000000,187,194.47,182.34,187,0,0
PTG_MV,D,20250121,000000,187.47,190.74,180.01,180.01,0,0
PTG_MV,D,20250122,000000,180.01,194.47,180.01,188.4,0,0
PTG_MV,D,20250123,000000,188.4,189.34,181.87,182.34,0,0
PTG_MV,D,20250124,000000,182.34,186.54,182.34,184.21,0,0
PTG_MV,D,20250127,000000,184.21,186.07,184.21,186.07,0,0
PTG_MV,D,20250128,000000,190.74,190.74,181.87,181.87,0,0
PTG_MV,D,20250129,000000,181.87,186.07,181.87,181.87,0,0
PTG_MV,D,20250130,000000,181.87,181.87,176.28,176.74,0,0
PTG_MV,D,20250131,000000,182.34,185.61,176.74,177.21,0,0
PTG_MV,D,20250203,000000,177.21,184.67,177.21,183.74,0,0
PTG_MV,D,20250205,000000,176.28,181.87,176.28,181.41,0,0
PTG_MV,D,20250206,000000,181.87,181.87,179.54,179.54,0,0
PTG_MV,D,20250207,000000,180.94,181.41,176.28,177.68,0,0
PTG_MV,D,20250210,000000,186.07,188.87,182.34,182.81,0,0
PTG_MV,D,20250211,000000,186.54,187,183.27,183.27,0,0
PTG_MV,D,20250212,000000,187.94,187.94,180.01,180.01,0,0
PTG_MV,D,20250213,000000,183.27,183.27,178.14,181.87,0,0
PTG_MV,D,20250214,000000,183.27,187.94,182.34,183.27,0,0
PTG_MV,D,20250217,000000,183.27,186.54,180.01,186.07,0,0
PTG_MV,D,20250218,000000,185.61,185.61,180.48,185.61,0,0
PTG_MV,D,20250219,000000,185.61,185.61,175.81,177.68,0,0
PTG_MV,D,20250220,000000,178.14,184.67,178.14,184.21,0,0
PTG_MV,D,20250221,000000,178.61,178.61,176.28,177.21,0,0
PTG_MV,D,20250224,000000,177.21,180.48,173.01,176.74,0,0
PTG_MV,D,20250225,000000,176.28,176.74,163.22,171.15,0,0
PTG_MV,D,20250226,000000,175.35,175.35,171.61,172.55,0,0
PTG_MV,D,20250227,000000,172.08,172.55,170.68,172.55,0,0
PTG_MV,D,20250228,000000,171.15,174.41,168.82,173.95,0,0
PTG_MV,D,20250303,000000,171.61,171.61,170.22,170.68,0,0
PTG_MV,D,20250304,000000,170.68,170.68,164.15,167.88,0,0
PTG_MV,D,20250305,000000,167.88,167.88,161.82,163.22,0,0
PTG_MV,D,20250306,000000,162.75,167.88,162.75,167.88,0,0
PTG_MV,D,20250307,000000,166.95,176.74,164.15,176.28,0,0
PTG_MV,D,20250310,000000,164.15,168.35,161.82,167.88,0,0
PTG_MV,D,20250311,000000,167.88,167.88,153.89,159.02,0,0
PTG_MV,D,20250312,000000,158.56,163.22,158.09,159.49,0,0
PTG_MV,D,20250313,000000,159.02,159.49,155.29,155.29,0,0
PTG_MV,D,20250314,000000,155.29,167.88,155.29,157.16,0,0
PTG_MV,D,20250317,000000,157.62,161.82,157.16,159.02,0,0
PTG_MV,D,20250318,000000,161.36,163.22,161.36,163.22,0,0
PTG_MV,D,20250319,000000,162.75,162.75,158.56,161.82,0,0
PTG_MV,D,20250320,000000,161.82,163.22,161.82,163.22,0,0
PTG_MV,D,20250321,000000,174.41,176.74,157.62,160.89,0,0
PTG_MV,D,20250324,000000,160.42,163.22,160.42,163.22,0,0
PTG_MV,D,20250325,000000,163.69,167.88,155.76,163.69,0,0
PTG_MV,D,20250326,000000,163.69,163.69,162.29,163.22,0,0
PTG_MV,D,20250327,000000,160.89,167.88,159.96,166.95,0,0
PTG_MV,D,20250328,000000,162.29,163.22,161.82,162.75,0,0
PTG_MV,D,20250331,000000,165.09,166.02,159.96,163.22,0,0
PTG_MV,D,20250401,000000,159.49,180.48,159.49,177.21,0,0
PTG_MV,D,20250402,000000,180.48,180.48,172.55,172.55,0,0
PTG_MV,D,20250403,000000,179.54,179.54,172.55,172.55,0,0
PTG_MV,D,20250404,000000,171.61,171.61,164.15,164.62,0,0
PTG_MV,D,20250407,000000,164.62,169.75,160.89,163.22,0,0
PTG_MV,D,20250408,000000,161.36,168.82,161.36,163.69,0,0
PTG_MV,D,20250409,000000,168.82,168.82,159.96,167.88,0,0
PTG_MV,D,20250410,000000,160.42,173.48,159.96,173.48,0,0
PTG_MV,D,20250411,000000,165.09,173.01,165.09,168.35,0,0
PTG_MV,D,20250414,000000,168.82,173.01,168.35,168.35,0,0
PTG_MV,D,20250415,000000,168.35,172.55,162.75,162.75,0,0
PTG_MV,D,20250416,000000,162.75,162.75,160.42,160.42,0,0
PTG_MV,D,20250417,000000,166.95,169.75,159.49,160.89,0,0
PTG_MV,D,20250422,000000,166.49,167.88,162.29,167.88,0,0
PTG_MV,D,20250423,000000,167.88,167.88,163.22,167.88,0,0
PTG_MV,D,20250424,000000,165.55,165.55,160.89,164.62,0,0
PTG_MV,D,20250425,000000,164.62,166.95,164.62,165.09,0,0
PTG_MV,D,20250428,000000,160.89,164.62,160.42,160.42,0,0
PTG_MV,D,20250429,000000,163.22,163.22,159.02,159.49,0,0
PTG_MV,D,20250430,000000,159.49,165.55,156.23,156.69,0,0
PTG_MV,D,20250502,000000,163.22,163.22,157.62,163.22,0,0
PTG_MV,D,20250505,000000,158.56,167.42,158.56,167.42,0,0
PTG_MV,D,20250506,000000,166.95,171.15,161.36,171.15,0,0
PTG_MV,D,20250507,000000,166.95,173.95,158.56,173.01,0,0
PTG_MV,D,20250508,000000,172.55,173.01,165.55,166.95,0,0
PTG_MV,D,20250509,000000,165.55,172.08,165.55,172.08,0,0
PTG_MV,D,20250512,000000,172.08,172.08,172.08,172.08,0,0
PTG_MV,D,20250513,000000,170.22,170.22,168.35,168.82,0,0
PTG_MV,D,20250514,000000,172.08,172.55,167.42,167.42,0,0
PTG_MV,D,20250515,000000,169.28,169.28,163.22,163.22,0,0
PTG_MV,D,20250516,000000,163.69,171.15,163.22,171.15,0,0
PTG_MV,D,20250519,000000,170.22,170.22,164.15,164.15,0,0
PTG_MV,D,20250520,000000,168.35,168.35,162.29,163.22,0,0
PTG_MV,D,20250521,000000,162.29,166.95,161.82,166.95,0,0
PTG_MV,D,20250522,000000,160.89,166.95,160.89,166.95,0,0
PTG_MV,D,20250523,000000,161.36,165.55,161.36,165.55,0,0
PTG_MV,D,20250526,000000,162.75,165.09,162.75,165.09,0,0
PTG_MV,D,20250527,000000,162.29,163.22,160.89,163.22,0,0
PTG_MV,D,20250528,000000,159.02,162.75,156.69,162.29,0,0
PTG_MV,D,20250529,000000,162.29,162.29,156.69,157.62,0,0
PTG_MV,D,20250530,000000,157.16,163.22,156.69,163.22,0,0
PTG_MV,D,20250602,000000,157.16,166.49,157.16,166.49,0,0
PTG_MV,D,20250603,000000,166.49,166.49,157.62,166.49,0,0
PTG_MV,D,20250604,000000,165.55,165.55,158.56,165.09,0,0
PTG_MV,D,20250605,000000,159.49,165.09,159.49,164.62,0,0
PTG_MV,D,20250606,000000,164.62,164.62,164.62,164.62,0,0
PTG_MV,D,20250609,000000,164.62,164.62,164.62,164.62,0,0
PTG_MV,D,20250610,000000,163.22,163.22,159.02,159.02,0,0
PTG_MV,D,20250611,000000,158.56,162.29,157.16,161.36,0,0
PTG_MV,D,20250612,000000,161.36,162.29,156.69,160.89,0,0
PTG_MV,D,20250613,000000,159.96,160.89,156.23,157.62,0,0
PTG_MV,D,20250616,000000,158.56,162.75,157.16,162.75,0,0
PTG_MV,D,20250617,000000,162.29,162.29,158.09,160.89,0,0
PTG_MV,D,20250618,000000,159.02,159.96,159.02,159.96,0,0
PTG_MV,D,20250620,000000,158.09,160.89,153.89,155.76,0,0
PTG_MV,D,20250623,000000,155.76,155.76,153.89,153.89,0,0
PTG_MV,D,20250624,000000,154.83,154.83,147.83,150.16,0,0
PTG_MV,D,20250625,000000,148.3,152.49,148.3,152.49,0,0
PTG_MV,D,20250626,000000,152.96,152.96,145.03,146.9,0,0
PTG_MV,D,20250627,000000,148.76,155.76,139.9,143.63,0,0
PTG_MV,D,20250630,000000,153.43,155.29,145.97,146.43,0,0
PTG_MV,D,20250701,000000,153.89,153.89,144.57,151.56,0,0
PTG_MV,D,20250702,000000,150.16,150.63,145.5,150.63,0,0
PTG_MV,D,20250703,000000,150.63,154.83,145.5,149.23,0,0
PTG_MV,D,20250704,000000,152.49,152.49,152.49,152.49,0,0
PTG_MV,D,20250707,000000,152.49,153.89,149.23,153.89,0,0
PTG_MV,D,20250708,000000,152.49,153.43,152.49,153.43,0,0
PTG_MV,D,20250709,000000,149.23,152.03,147.83,147.83,0,0
PTG_MV,D,20250710,000000,147.83,155.29,147.83,149.23,0,0
PTG_MV,D,20250711,000000,148.3,148.3,147.83,147.83,0,0
PTG_MV,D,20250714,000000,153.43,153.89,149.23,152.03,0,0
PTG_MV,D,20250715,000000,149.23,151.56,149.23,151.56,0,0
PTG_MV,D,20250716,000000,151.56,152.03,151.56,152.03,0,0
PTG_MV,D,20250717,000000,152.03,153.89,149.23,153.89,0,0
PTG_MV,D,20250718,000000,149.23,153.89,145.97,148.3,0,0
PTG_MV,D,20250721,000000,153.43,153.43,148.3,149.23,0,0
PTG_MV,D,20250722,000000,148.3,148.3,144.57,148.3,0,0
PTG_MV,D,20250723,000000,149.23,149.23,146.9,146.9,0,0
PTG_MV,D,20250724,000000,149.23,149.23,146.43,146.9,0,0
PTG_MV,D,20250725,000000,145.03,149.23,145.03,149.23,0,0
PTG_MV,D,20250728,000000,147.83,152.96,145.03,152.96,0,0
PTG_MV,D,20250729,000000,151.56,151.56,149.23,149.23,0,0
PTG_MV,D,20250730,000000,149.23,152.49,146.9,151.56,0,0
PTG_MV,D,20250731,000000,152.96,166.49,152.96,157.16,0,0
PTG_MV,D,20250801,000000,157.16,157.16,145.97,145.97,0,0
PTG_MV,D,20250804,000000,144.57,144.57,138.97,144.1,0,0
PTG_MV,D,20250805,000000,144.1,147.36,139.44,139.9,0,0
PTG_MV,D,20250806,000000,138.97,142.7,137.57,139.9,0,0
PTG_MV,D,20250807,000000,139.44,139.9,136.17,137.11,0,0
PTG_MV,D,20250808,000000,138.97,139.44,137.11,139.44,0,0
PTG_MV,D,20250811,000000,139.9,142.7,139.44,140.37,0,0
PTG_MV,D,20250812,000000,140.84,142.7,140.84,142.7,0,0
PTG_MV,D,20250813,000000,142.7,142.7,134.31,137.57,0,0
PTG_MV,D,20250814,000000,143.17,145.03,141.77,145.03,0,0
PTG_MV,D,20250818,000000,145.97,152.49,145.97,151.1,0,0
PTG_MV,D,20250819,000000,151.1,151.1,139.44,139.9,0,0
PTG_MV,D,20250820,000000,139.44,145.97,139.44,145.97,0,0
PTG_MV,D,20250821,000000,142.7,143.63,138.04,138.5,0,0
PTG_MV,D,20250822,000000,138.5,140.84,138.04,139.9,0,0
PTG_MV,D,20250825,000000,139.44,142.24,135.24,142.24,0,0
PTG_MV,D,20250826,000000,144.57,145.5,138.5,138.5,0,0
PTG_MV,D,20250827,000000,138.5,144.1,137.57,139.9,0,0
PTG_MV,D,20250828,000000,137.11,138.04,134.77,136.64,0,0
PTG_MV,D,20250829,000000,136.64,136.64,134.31,135.24,0,0
PTG_MV,D,20250901,000000,137.57,137.57,118.45,122.65,0,0
PTG_MV,D,20250902,000000,123.12,124.98,114.72,115.19,0,0
PTG_MV,D,20250903,000000,117.52,117.52,105.86,107.26,0,0
PTG_MV,D,20250904,000000,108.66,109.59,106.79,108.66,0,0
PTG_MV,D,20250905,000000,116.12,116.12,110.52,114.25,0,0
PTG_MV,D,20250908,000000,114.72,124.51,114.25,121.72,0,0
PTG_MV,D,20250909,000000,123.12,138.97,123.12,138.04,0,0
PTG_MV,D,20250910,000000,138.04,138.04,121.25,133.37,0,0
PTG_MV,D,20250911,000000,135.24,135.24,128.24,128.24,0,0
PTG_MV,D,20250912,000000,128.24,136.17,123.58,132.44,0,0
PTG_MV,D,20250915,000000,134.77,134.77,125.91,128.24,0,0
PTG_MV,D,20250916,000000,125.91,127.78,121.25,126.38,0,0
PTG_MV,D,20250917,000000,122.65,125.91,117.05,123.12,0,0
PTG_MV,D,20250918,000000,121.25,123.12,118.92,123.12,0,0
PTG_MV,D,20250919,000000,123.12,124.98,121.25,121.25,0,0
PTG_MV,D,20250922,000000,121.25,121.25,121.25,121.25,0,0
PTG_MV,D,20250923,000000,121.25,121.25,121.25,121.25,0,0
PTG_MV,D,20250924,000000,120.78,121.25,118.92,119.85,0,0
PTG_MV,D,20250925,000000,119.85,121.25,116.59,120.78,0,0
PTG_MV,D,20250926,000000,120.78,121.25,117.52,117.52,0,0
PTG_MV,D,20250929,000000,121.25,121.25,117.52,121.25,0,0
PTG_MV,D,20250930,000000,119.38,121.25,114.25,121.25,0,0
PTG_MV,D,20251001,000000,117.05,119.38,116.59,119.38,0,0
PTG_MV,D,20251002,000000,119.38,119.38,116.59,116.59,0,0
PTG_MV,D,20251003,000000,114.72,119.38,114.25,114.72,0,0
PTG_MV,D,20251006,000000,119.38,119.85,114.25,114.72,0,0
PTG_MV,D,20251007,000000,116.59,116.59,115.65,116.59,0,0
PTG_MV,D,20251008,000000,114.72,127.78,114.72,121.25,0,0
PTG_MV,D,20251009,000000,128.71,133.37,125.91,132.44,0,0
PTG_MV,D,20251010,000000,132.91,138.97,131.51,133.37,0,0
PTG_MV,D,20251013,000000,136.17,136.17,123.12,130.11,0,0
PTG_MV,D,20251014,000000,130.58,135.24,130.58,135.24,0,0
PTG_MV,D,20251015,000000,135.24,135.24,128.24,130.11,0,0
PTG_MV,D,20251016,000000,130.11,130.58,122.65,130.58,0,0
PTG_MV,D,20251017,000000,124.51,133.37,124.51,133.37,0,0
PTG_MV,D,20251020,000000,125.91,135.24,123.58,127.31,0,0
PTG_MV,D,20251021,000000,133.84,133.84,132.44,132.44,0,0
PTG_MV,D,20251022,000000,132.44,132.44,123.12,125.91,0,0
PTG_MV,D,20251023,000000,127.78,128.24,121.25,125.45,0,0
PTG_MV,D,20251024,000000,124.51,124.51,121.25,122.18,0,0
PTG_MV,D,20251027,000000,128.24,130.11,119.38,121.25,0,0
PTG_MV,D,20251028,000000,119.38,121.25,119.38,121.25,0,0
PTG_MV,D,20251029,000000,121.25,122.65,116.59,120.78,0,0
PTG_MV,D,20251030,000000,119.85,119.85,115.19,119.85,0,0
PTG_MV,D,20251031,000000,120.32,120.32,115.65,118.92,0,0
PTG_MV,D,20251103,000000,118.92,118.92,116.12,118.45,0,0
PTG_MV,D,20251104,000000,118.45,121.25,112.39,118.45,0,0
PTG_MV,D,20251105,000000,118.45,118.92,111.92,113.79,0,0
PTG_MV,D,20251106,000000,114.72,115.65,112.39,112.39,0,0
PTG_MV,D,20251107,000000,116.59,120.78,115.65,115.65,0,0
PTG_MV,D,20251110,000000,120.78,132.91,120.78,121.25,0,0
PTG_MV,D,20251112,000000,124.51,124.51,116.59,120.32,0,0
PTG_MV,D,20251113,000000,122.18,122.18,117.52,119.38,0,0
PTG_MV,D,20251114,000000,119.38,120.32,117.52,117.99,0,0
PTG_MV,D,20251117,000000,117.52,120.78,117.52,119.85,0,0
PTG_MV,D,20251118,000000,120.78,121.25,118.92,121.25,0,0
PTG_MV,D,20251119,000000,121.25,121.25,118.92,121.25,0,0
PTG_MV,D,20251120,000000,125.91,125.91,117.99,119.38,0,0
PTG_MV,D,20251121,000000,119.38,119.38,117.05,117.99,0,0
PTG_MV,D,20251124,000000,119.85,124.98,119.85,121.25,0,0
PTG_MV,D,20251125,000000,118.92,118.92,118.45,118.45,0,0
PTG_MV,D,20251126,000000,118.45,118.45,116.59,117.52,0,0
PTG_MV,D,20251127,000000,117.52,125.91,117.52,121.72,0,0
PTG_MV,D,20251128,000000,123.58,127.31,121.25,124.98,0,0
PTG_MV,D,20251201,000000,125.45,137.11,122.18,133.37,0,0
PTG_MV,D,20251202,000000,129.18,133.37,129.18,133.37,0,0
PTG_MV,D,20251203,000000,130.58,132.91,123.58,124.51,0,0
PTG_MV,D,20251204,000000,121.25,123.58,120.78,120.78,0,0
PTG_MV,D,20251205,000000,118.92,118.92,116.12,116.59,0,0
PTG_MV,D,20251208,000000,115.65,122.18,111.46,114.25,0,0
PTG_MV,D,20251209,000000,120.32,120.78,111.46,116.59,0,0
PTG_MV,D,20251210,000000,115.19,118.92,112.39,118.92,0,0
PTG_MV,D,20251211,000000,111.92,118.92,111.92,118.92,0,0
PTG_MV,D,20251212,000000,116.59,121.25,111.92,117.52,0,0
PTG_MV,D,20251215,000000,116.59,124.05,116.59,124.05,0,0
PTG_MV,D,20251216,000000,123.58,124.98,121.25,121.25,0,0
PTG_MV,D,20251217,000000,121.25,124.98,121.25,121.25,0,0
PTG_MV,D,20251218,000000,121.72,122.18,119.38,119.38,0,0
PTG_MV,D,20251219,000000,122.65,122.65,119.38,119.38,0,0
PTG_MV,D,20251222,000000,119.38,119.85,110.52,114.25,0,0
PTG_MV,D,20251223,000000,114.25,117.52,112.86,114.72,0,0
PTG_MV,D,20251229,000000,114.72,114.72,113.79,114.25,0,0
PTG_MV,D,20251230,000000,113.79,114.72,112.86,114.25,0,0
PTG_MV,D,20260102,000000,121.25,124.98,111.92,118.92,0,0
PTG_MV,D,20260105,000000,120.32,121.25,117.05,118.92,0,0
PTG_MV,D,20260107,000000,120.78,123.58,115.65,123.58,0,0
PTG_MV,D,20260108,000000,123.58,129.18,118.45,118.92,0,0
PTG_MV,D,20260109,000000,123.58,125.91,118.45,124.05,0,0
PTG_MV,D,20260112,000000,125.91,125.91,121.25,124.98,0,0
PTG_MV,D,20260113,000000,127.31,127.31,119.38,125.91,0,0
PTG_MV,D,20260114,000000,122.18,124.05,121.25,124.05,0,0
PTG_MV,D,20260115,000000,124.51,124.51,121.72,123.12,0,0
PTG_MV,D,20260116,000000,121.72,122.65,119.38,120.32,0,0
PTG_MV,D,20260119,000000,127.31,127.31,121.72,122.65,0,0
PTG_MV,D,20260120,000000,122.65,123.12,121.25,123.12,0,0
PTG_MV,D,20260121,000000,123.12,124.51,122.18,122.18,0,0
PTG_MV,D,20260122,000000,123.58,123.58,121.25,123.58,0,0
PTG_MV,D,20260123,000000,122.18,122.18,118.45,121.25,0,0
