<TICKER>,<PER>,<DATE>,<TIME>,<OPEN>,<HIGH>,<LOW>,<CLOSE>,<VOL>,<OPENINT>
RND_MV,D,20211222,000000,108.546,108.546,108.546,108.546,0,0
RND_MV,D,20211223,000000,110.901,133.084,110.808,129.257,0,0
RND_MV,D,20211227,000000,135.796,135.796,117.686,125.839,0,0
RND_MV,D,20211228,000000,117.235,123.034,114.974,123.034,0,0
RND_MV,D,20211229,000000,121.308,121.308,111.352,114.974,0,0
RND_MV,D,20211230,000000,114.974,116.784,114.974,115.875,0,0
RND_MV,D,20220103,000000,117.686,120.041,108.64,120.041,0,0
RND_MV,D,20220104,000000,118.595,118.595,113.256,117.686,0,0
RND_MV,D,20220105,000000,117.508,125.381,117.508,125.381,0,0
RND_MV,D,20220107,000000,121.308,124.028,116.784,121.291,0,0
RND_MV,D,20220110,000000,117.686,119.497,117.669,117.686,0,0
RND_MV,D,20220111,000000,117.686,117.686,116.784,116.784,0,0
RND_MV,D,20220112,000000,115.603,116.768,113.163,116.768,0,0
RND_MV,D,20220113,000000,116.784,117.686,116.784,117.686,0,0
RND_MV,D,20220114,000000,118.595,119.046,114.974,117.508,0,0
RND_MV,D,20220117,000000,115.152,116.607,113.341,116.607,0,0
RND_MV,D,20220118,000000,115.875,115.875,110.451,114.974,0,0
RND_MV,D,20220119,000000,111.352,113.07,109.09,113.07,0,0
RND_MV,D,20220120,000000,109.541,115.875,108.64,115.875,0,0
RND_MV,D,20220121,000000,112.712,114.881,111.352,114.881,0,0
RND_MV,D,20220124,000000,111.802,111.802,101.847,108.18,0,0
RND_MV,D,20220125,000000,108.18,108.18,102.485,108.002,0,0
RND_MV,D,20220126,000000,107.73,107.73,102.663,107.713,0,0
RND_MV,D,20220127,000000,109.448,111.446,105.919,111.446,0,0
RND_MV,D,20220128,000000,111.446,116.334,108.64,112.797,0,0
RND_MV,D,20220131,000000,112.797,115.246,109.541,114.863,0,0
RND_MV,D,20220201,000000,114.863,119.497,109.635,119.497,0,0
RND_MV,D,20220202,000000,110.629,122.217,110.629,122.184,0,0
RND_MV,D,20220203,000000,119.497,140.319,119.497,135.779,0,0
RND_MV,D,20220204,000000,134.707,135.796,133.985,133.985,0,0
RND_MV,D,20220207,000000,133.985,137.607,133.985,135.796,0,0
RND_MV,D,20220208,000000,136.246,136.246,130.363,133.985,0,0
RND_MV,D,20220209,000000,133.985,133.985,133.985,133.985,0,0
RND_MV,D,20220210,000000,133.534,133.985,133.534,133.985,0,0
RND_MV,D,20220211,000000,133.985,133.985,133.084,133.084,0,0
RND_MV,D,20220214,000000,124.028,124.028,116.784,121.308,0,0
RND_MV,D,20220215,000000,117.686,123.935,116.784,123.935,0,0
RND_MV,D,20220216,000000,123.935,123.935,123.935,123.935,0,0
RND_MV,D,20220217,000000,119.497,119.497,117.686,117.686,0,0
RND_MV,D,20220218,000000,119.497,122.124,115.875,115.875,0,0
RND_MV,D,20220221,000000,117.686,121.767,117.686,119.352,0,0
RND_MV,D,20220222,000000,114.974,126.741,108.64,126.741,0,0
RND_MV,D,20220223,000000,126.562,126.562,117.686,119.497,0,0
RND_MV,D,20220224,000000,112.278,112.278,96.142,105.018,0,0
RND_MV,D,20220225,000000,106.829,113.163,106.829,113.163,0,0
RND_MV,D,20220228,000000,104.108,111.352,104.108,111.352,0,0
RND_MV,D,20220301,000000,112.262,114.974,112.262,114.974,0,0
RND_MV,D,20220302,000000,114.974,115.875,114.974,115.875,0,0
RND_MV,D,20220303,000000,115.875,124.93,115.875,116.784,0,0
RND_MV,D,20220304,000000,116.784,123.101,109.558,117.601,0,0
RND_MV,D,20220307,000000,116.692,116.692,116.692,116.692,0,0
RND_MV,D,20220308,000000,117.235,121.724,117.235,121.724,0,0
RND_MV,D,20220309,000000,122.217,123.119,121.308,121.308,0,0
RND_MV,D,20220310,000000,115.875,122.217,115.875,122.217,0,0
RND_MV,D,20220311,000000,120.406,120.406,120.406,120.406,0,0
RND_MV,D,20220314,000000,117.686,120.406,117.686,120.406,0,0
RND_MV,D,20220315,000000,117.686,119.956,116.062,119.956,0,0
RND_MV,D,20220316,000000,119.956,119.956,119.956,119.956,0,0
RND_MV,D,20220317,000000,119.956,120.228,119.956,120.228,0,0
RND_MV,D,20220318,000000,119.497,120.228,117.686,117.686,0,0
RND_MV,D,20220321,000000,120.041,120.228,115.875,120.228,0,0
RND_MV,D,20220322,000000,120.228,120.228,120.228,120.228,0,0
RND_MV,D,20220323,000000,120.228,120.228,117.686,117.686,0,0
RND_MV,D,20220325,000000,118.953,118.953,118.953,118.953,0,0
RND_MV,D,20220328,000000,119.14,119.14,115.875,118.595,0,0
RND_MV,D,20220329,000000,118.595,118.595,113.163,113.163,0,0
RND_MV,D,20220330,000000,117.686,117.686,117.686,117.686,0,0
RND_MV,D,20220404,000000,116.784,116.784,116.784,116.784,0,0
RND_MV,D,20220405,000000,116.334,116.334,116.334,116.334,0,0
RND_MV,D,20220406,000000,115.875,115.875,115.875,115.875,0,0
RND_MV,D,20220407,000000,116.334,117.686,114.065,114.065,0,0
RND_MV,D,20220408,000000,117.235,117.235,114.065,114.065,0,0
RND_MV,D,20220411,000000,113.707,113.707,113.613,113.613,0,0
RND_MV,D,20220412,000000,114.065,114.065,112.262,112.262,0,0
RND_MV,D,20220413,000000,111.352,111.352,111.352,111.352,0,0
RND_MV,D,20220414,000000,113.613,114.974,110.451,110.451,0,0
RND_MV,D,20220419,000000,112.262,112.262,110.451,110.451,0,0
RND_MV,D,20220420,000000,112.262,114.065,112.262,113.613,0,0
RND_MV,D,20220421,000000,116.784,122.217,115.424,115.875,0,0
RND_MV,D,20220422,000000,119.956,121.308,117.686,117.686,0,0
RND_MV,D,20220425,000000,115.875,120.858,114.974,114.974,0,0
RND_MV,D,20220426,000000,114.523,114.523,114.523,114.523,0,0
RND_MV,D,20220427,000000,114.065,116.784,113.163,116.784,0,0
RND_MV,D,20220429,000000,116.784,116.784,109.541,114.065,0,0
RND_MV,D,20220502,000000,114.974,114.974,111.352,111.352,0,0
RND_MV,D,20220504,000000,111.352,116.784,109.541,116.784,0,0
RND_MV,D,20220506,000000,111.352,111.352,108.64,108.64,0,0
RND_MV,D,20220510,000000,107.73,108.64,104.108,105.018,0,0
RND_MV,D,20220512,000000,104.559,107.73,84.1963,101.396,0,0
RND_MV,D,20220513,000000,102.297,104.108,100.945,102.297,0,0
RND_MV,D,20220516,000000,105.018,105.919,99.5851,99.5851,0,0
RND_MV,D,20220519,000000,100.036,100.036,98.6752,98.6752,0,0
RND_MV,D,20220523,000000,98.6752,99.5851,97.7742,99.5851,0,0
RND_MV,D,20220524,000000,97.7742,97.7742,93.7018,95.9632,0,0
RND_MV,D,20220525,000000,93.2424,95.9632,92.7919,93.2424,0,0
RND_MV,D,20220526,000000,95.5127,97.7742,93.2424,93.2424,0,0
RND_MV,D,20220527,000000,95.0533,95.0533,95.0533,95.0533,0,0
RND_MV,D,20220530,000000,94.1523,94.1523,94.1523,94.1523,0,0
RND_MV,D,20220531,000000,92.7919,97.7742,91.4315,97.7742,0,0
RND_MV,D,20220601,000000,98.2247,98.2247,98.2247,98.2247,0,0
RND_MV,D,20220602,000000,92.3414,92.3414,92.3414,92.3414,0,0
RND_MV,D,20220606,000000,89.6294,89.9861,86.0072,89.9861,0,0
RND_MV,D,20220607,000000,86.5429,90.5305,86.1857,89.6294,0,0
RND_MV,D,20220608,000000,91.4315,95.9632,91.4315,95.9632,0,0
RND_MV,D,20220609,000000,97.3236,99.1346,89.6294,89.6294,0,0
RND_MV,D,20220610,000000,94.1523,95.0533,94.1523,95.0533,0,0
RND_MV,D,20220613,000000,92.3414,92.3414,86.5429,87.8181,0,0
RND_MV,D,20220614,000000,86.0072,91.4315,86.0072,91.4315,0,0
RND_MV,D,20220615,000000,91.4315,91.4315,88.7195,88.7195,0,0
RND_MV,D,20220617,000000,89.6294,99.1346,89.6294,99.1346,0,0
RND_MV,D,20220620,000000,95.0533,95.0533,92.7919,92.7919,0,0
RND_MV,D,20220621,000000,92.7919,92.7919,88.7195,88.7195,0,0
RND_MV,D,20220622,000000,88.7195,91.4315,88.7195,88.7195,0,0
RND_MV,D,20220623,000000,88.7195,88.7195,88.7195,88.7195,0,0
RND_MV,D,20220624,000000,88.7195,88.7195,88.7195,88.7195,0,0
RND_MV,D,20220627,000000,88.1753,88.1753,86.9084,86.9084,0,0
RND_MV,D,20220628,000000,86.9084,86.9084,86.9084,86.9084,0,0
RND_MV,D,20220629,000000,86.9084,86.9084,86.9084,86.9084,0,0
RND_MV,D,20220630,000000,86.9084,86.9084,86.9084,86.9084,0,0
RND_MV,D,20220701,000000,86.9084,86.9084,86.9084,86.9084,0,0
RND_MV,D,20220704,000000,86.0072,86.0072,86.0072,86.0072,0,0
RND_MV,D,20220705,000000,86.0072,86.0072,86.0072,86.0072,0,0
RND_MV,D,20220706,000000,87.8181,90.5305,87.8181,90.5305,0,0
RND_MV,D,20220707,000000,90.5305,93.2424,85.0975,93.2424,0,0
RND_MV,D,20220708,000000,93.2424,93.2424,93.2424,93.2424,0,0
RND_MV,D,20220711,000000,94.1523,105.018,94.1523,99.5851,0,0
RND_MV,D,20220712,000000,99.5851,99.5851,99.5851,99.5851,0,0
RND_MV,D,20220713,000000,99.5851,99.5851,99.5851,99.5851,0,0
RND_MV,D,20220718,000000,99.5851,99.5851,91.4315,91.4315,0,0
RND_MV,D,20220720,000000,93.2424,103.207,93.2424,103.207,0,0
RND_MV,D,20220722,000000,103.207,103.207,103.207,103.207,0,0
RND_MV,D,20220725,000000,106.829,111.352,104.108,107.73,0,0
RND_MV,D,20220726,000000,108.64,124.93,108.64,124.93,0,0
RND_MV,D,20220727,000000,123.119,123.119,123.119,123.119,0,0
RND_MV,D,20220728,000000,123.578,123.578,123.578,123.578,0,0
RND_MV,D,20220729,000000,117.686,117.686,117.686,117.686,0,0
RND_MV,D,20220801,000000,122.217,123.119,116.784,116.784,0,0
RND_MV,D,20220802,000000,116.334,121.308,115.875,121.308,0,0
RND_MV,D,20220804,000000,114.065,114.065,113.163,113.163,0,0
RND_MV,D,20220805,000000,114.065,114.065,114.065,114.065,0,0
RND_MV,D,20220808,000000,114.974,116.784,110.451,110.451,0,0
RND_MV,D,20220810,000000,110.451,110.451,110.451,110.451,0,0
RND_MV,D,20220811,000000,110.451,110.451,110.451,110.451,0,0
RND_MV,D,20220812,000000,116.784,116.784,115.875,115.875,0,0
RND_MV,D,20220816,000000,115.875,115.875,115.875,115.875,0,0
RND_MV,D,20220817,000000,115.875,123.578,113.163,123.578,0,0
RND_MV,D,20220818,000000,123.578,123.578,123.578,123.578,0,0
RND_MV,D,20220819,000000,123.578,123.578,123.578,123.578,0,0
RND_MV,D,20220822,000000,123.578,123.578,108.64,108.64,0,0
RND_MV,D,20220823,000000,110.451,110.451,108.64,108.64,0,0
RND_MV,D,20220824,000000,108.64,108.64,108.64,108.64,0,0
RND_MV,D,20220825,000000,108.64,108.64,108.64,108.64,0,0
RND_MV,D,20220829,000000,109.09,109.09,109.09,109.09,0,0
RND_MV,D,20220831,000000,108.64,108.64,108.64,108.64,0,0
RND_MV,D,20220901,000000,108.64,109.09,108.64,109.09,0,0
RND_MV,D,20220902,000000,108.64,108.64,108.64,108.64,0,0
RND_MV,D,20220905,000000,109.09,109.991,109.09,109.991,0,0
RND_MV,D,20220906,000000,108.64,109.09,108.64,109.09,0,0
RND_MV,D,20220908,000000,109.541,109.541,109.541,109.541,0,0
RND_MV,D,20220909,000000,109.541,109.541,109.541,109.541,0,0
RND_MV,D,20220912,000000,109.541,111.352,109.541,111.352,0,0
RND_MV,D,20220914,000000,109.09,109.09,109.09,109.09,0,0
RND_MV,D,20220915,000000,109.991,109.991,109.991,109.991,0,0
RND_MV,D,20220921,000000,110.901,111.352,110.901,111.352,0,0
RND_MV,D,20220922,000000,112.262,112.262,112.262,112.262,0,0
RND_MV,D,20220926,000000,112.262,112.262,108.64,108.64,0,0
RND_MV,D,20220927,000000,111.352,111.352,111.352,111.352,0,0
RND_MV,D,20220929,000000,111.802,112.262,105.919,105.919,0,0
RND_MV,D,20221003,000000,105.018,107.73,103.207,107.73,0,0
RND_MV,D,20221005,000000,108.64,109.541,108.64,109.541,0,0
RND_MV,D,20221007,000000,109.991,128.101,109.991,127.192,0,0
RND_MV,D,20221010,000000,128.101,128.101,123.119,124.93,0,0
RND_MV,D,20221011,000000,120.406,120.406,112.262,112.262,0,0
RND_MV,D,20221017,000000,112.262,112.262,112.262,112.262,0,0
RND_MV,D,20221018,000000,112.262,112.262,111.352,111.352,0,0
RND_MV,D,20221020,000000,111.352,111.352,109.541,109.541,0,0
RND_MV,D,20221024,000000,109.541,110.451,109.541,110.451,0,0
RND_MV,D,20221026,000000,110.451,111.802,110.451,110.901,0,0
RND_MV,D,20221027,000000,112.262,112.262,112.262,112.262,0,0
RND_MV,D,20221031,000000,111.352,111.352,111.352,111.352,0,0
RND_MV,D,20221102,000000,111.352,111.352,111.352,111.352,0,0
RND_MV,D,20221103,000000,111.352,114.065,109.541,114.065,0,0
RND_MV,D,20221104,000000,108.64,108.64,107.73,107.73,0,0
RND_MV,D,20221107,000000,106.829,107.73,106.829,107.73,0,0
RND_MV,D,20221110,000000,111.352,119.497,111.352,119.497,0,0
RND_MV,D,20221114,000000,119.046,119.046,119.046,119.046,0,0
RND_MV,D,20221115,000000,119.046,119.046,119.046,119.046,0,0
RND_MV,D,20221116,000000,119.497,119.497,119.497,119.497,0,0
RND_MV,D,20221117,000000,119.497,119.497,115.875,119.497,0,0
RND_MV,D,20221118,000000,119.046,119.046,115.875,115.875,0,0
RND_MV,D,20221121,000000,114.065,114.974,110.451,114.974,0,0
RND_MV,D,20221124,000000,111.352,111.352,109.541,109.541,0,0
RND_MV,D,20221130,000000,112.262,113.163,112.262,113.163,0,0
RND_MV,D,20221202,000000,109.541,109.541,107.73,108.64,0,0
RND_MV,D,20221205,000000,108.64,108.64,108.64,108.64,0,0
RND_MV,D,20221206,000000,108.64,108.64,108.64,108.64,0,0
RND_MV,D,20221208,000000,106.829,106.829,105.018,105.018,0,0
RND_MV,D,20221209,000000,104.108,104.108,104.108,104.108,0,0
RND_MV,D,20221212,000000,104.108,104.108,104.108,104.108,0,0
RND_MV,D,20221216,000000,105.919,106.829,105.919,106.829,0,0
RND_MV,D,20221219,000000,106.829,106.829,106.829,106.829,0,0
RND_MV,D,20221220,000000,106.829,106.829,106.829,106.829,0,0
RND_MV,D,20221221,000000,106.829,106.829,106.829,106.829,0,0
RND_MV,D,20221222,000000,106.829,106.829,106.829,106.829,0,0
RND_MV,D,20221223,000000,106.829,106.829,106.829,106.829,0,0
RND_MV,D,20221227,000000,105.919,105.919,105.919,105.919,0,0
RND_MV,D,20221228,000000,106.829,106.829,106.829,106.829,0,0
RND_MV,D,20221229,000000,105.018,105.018,105.018,105.018,0,0
RND_MV,D,20230102,000000,105.018,105.018,105.018,105.018,0,0
RND_MV,D,20230104,000000,106.829,111.352,106.829,111.352,0,0
RND_MV,D,20230105,000000,110.901,116.784,110.901,116.784,0,0
RND_MV,D,20230109,000000,114.065,117.686,112.262,117.686,0,0
RND_MV,D,20230110,000000,117.686,132.174,112.712,132.174,0,0
RND_MV,D,20230111,000000,131.273,131.273,126.291,126.291,0,0
RND_MV,D,20230112,000000,127.192,127.651,124.028,124.48,0,0
RND_MV,D,20230113,000000,127.651,127.651,126.741,127.192,0,0
RND_MV,D,20230116,000000,129.462,131.273,129.462,131.273,0,0
RND_MV,D,20230117,000000,131.273,131.273,125.839,125.839,0,0
RND_MV,D,20230118,000000,124.028,124.028,120.406,124.028,0,0
RND_MV,D,20230119,000000,121.308,124.028,118.145,118.145,0,0
RND_MV,D,20230120,000000,117.686,119.497,114.974,115.875,0,0
RND_MV,D,20230123,000000,122.217,124.028,114.974,124.028,0,0
RND_MV,D,20230124,000000,123.119,123.119,123.119,123.119,0,0
RND_MV,D,20230125,000000,124.028,124.93,124.028,124.93,0,0
RND_MV,D,20230126,000000,122.217,130.813,122.217,126.741,0,0
RND_MV,D,20230127,000000,126.741,126.741,124.93,124.93,0,0
RND_MV,D,20230130,000000,124.93,133.084,124.93,128.552,0,0
RND_MV,D,20230131,000000,126.741,129.462,126.741,126.741,0,0
RND_MV,D,20230201,000000,126.741,129.002,126.741,129.002,0,0
RND_MV,D,20230202,000000,128.101,129.462,126.291,126.291,0,0
RND_MV,D,20230203,000000,126.291,128.552,126.291,128.552,0,0
RND_MV,D,20230206,000000,127.192,128.552,125.381,125.381,0,0
RND_MV,D,20230207,000000,125.839,125.839,125.839,125.839,0,0
RND_MV,D,20230208,000000,128.101,128.552,128.101,128.552,0,0
RND_MV,D,20230209,000000,129.002,129.002,129.002,129.002,0,0
RND_MV,D,20230210,000000,128.552,128.552,128.552,128.552,0,0
RND_MV,D,20230213,000000,129.462,129.912,126.741,129.912,0,0
RND_MV,D,20230214,000000,130.813,130.813,127.651,127.651,0,0
RND_MV,D,20230215,000000,130.363,139.868,130.363,135.796,0,0
RND_MV,D,20230216,000000,131.273,135.796,130.813,130.813,0,0
RND_MV,D,20230217,000000,132.624,138.508,130.813,138.508,0,0
RND_MV,D,20230220,000000,139.418,139.418,137.156,138.057,0,0
RND_MV,D,20230221,000000,140.319,140.319,134.895,134.895,0,0
RND_MV,D,20230222,000000,134.895,134.895,134.895,134.895,0,0
RND_MV,D,20230223,000000,135.345,135.345,135.345,135.345,0,0
RND_MV,D,20230224,000000,137.156,149.373,134.435,135.796,0,0
RND_MV,D,20230227,000000,132.174,135.796,131.273,135.796,0,0
RND_MV,D,20230228,000000,135.796,140.319,135.345,137.607,0,0
RND_MV,D,20230301,000000,143.94,143.94,136.246,136.246,0,0
RND_MV,D,20230303,000000,136.697,136.697,135.796,135.796,0,0
RND_MV,D,20230306,000000,135.796,135.796,135.796,135.796,0,0
RND_MV,D,20230307,000000,135.796,135.796,135.796,135.796,0,0
RND_MV,D,20230308,000000,133.084,133.084,127.192,127.192,0,0
RND_MV,D,20230309,000000,128.101,128.101,127.651,127.651,0,0
RND_MV,D,20230310,000000,128.552,128.552,128.552,128.552,0,0
RND_MV,D,20230313,000000,128.552,128.552,127.651,127.651,0,0
RND_MV,D,20230314,000000,127.651,134.895,127.651,127.651,0,0
RND_MV,D,20230315,000000,130.363,130.363,128.552,128.552,0,0
RND_MV,D,20230316,000000,128.552,131.273,128.552,131.273,0,0
RND_MV,D,20230317,000000,131.273,131.273,131.273,131.273,0,0
RND_MV,D,20230320,000000,131.273,131.273,131.273,131.273,0,0
RND_MV,D,20230321,000000,131.273,131.273,130.363,131.273,0,0
RND_MV,D,20230322,000000,129.912,129.912,129.912,129.912,0,0
RND_MV,D,20230323,000000,129.002,129.002,128.101,128.101,0,0
RND_MV,D,20230324,000000,128.552,133.534,128.101,128.101,0,0
RND_MV,D,20230327,000000,128.101,128.101,128.101,128.101,0,0
RND_MV,D,20230328,000000,128.101,133.084,128.101,129.002,0,0
RND_MV,D,20230329,000000,129.002,133.534,129.002,133.534,0,0
RND_MV,D,20230330,000000,133.534,133.534,133.534,133.534,0,0
RND_MV,D,20230331,000000,133.534,136.697,130.363,130.363,0,0
RND_MV,D,20230403,000000,133.084,135.796,133.084,135.796,0,0
RND_MV,D,20230404,000000,135.796,135.796,129.462,129.462,0,0
RND_MV,D,20230405,000000,132.174,132.174,132.174,132.174,0,0
RND_MV,D,20230406,000000,132.174,135.345,132.174,134.895,0,0
RND_MV,D,20230411,000000,134.895,135.345,134.895,135.345,0,0
RND_MV,D,20230412,000000,133.534,133.534,124.93,126.741,0,0
RND_MV,D,20230413,000000,128.101,128.552,128.101,128.552,0,0
RND_MV,D,20230414,000000,128.101,129.462,128.101,129.462,0,0
RND_MV,D,20230417,000000,130.363,136.697,130.363,133.534,0,0
RND_MV,D,20230418,000000,135.345,136.697,133.985,136.697,0,0
RND_MV,D,20230419,000000,137.156,139.418,134.895,138.508,0,0
RND_MV,D,20230420,000000,139.418,140.319,136.697,136.697,0,0
RND_MV,D,20230421,000000,141.228,143.94,138.508,142.129,0,0
RND_MV,D,20230424,000000,143.94,143.94,143.039,143.039,0,0
RND_MV,D,20230425,000000,143.039,143.039,143.039,143.039,0,0
RND_MV,D,20230426,000000,143.039,143.039,138.508,138.508,0,0
RND_MV,D,20230427,000000,141.228,141.228,141.228,141.228,0,0
RND_MV,D,20230428,000000,138.508,138.508,135.796,138.508,0,0
RND_MV,D,20230502,000000,141.228,143.94,141.228,143.94,0,0
RND_MV,D,20230504,000000,143.94,143.94,142.129,142.129,0,0
RND_MV,D,20230505,000000,142.129,142.129,142.129,142.129,0,0
RND_MV,D,20230508,000000,140.319,140.319,135.796,136.697,0,0
RND_MV,D,20230510,000000,138.508,139.418,136.697,139.418,0,0
RND_MV,D,20230511,000000,136.697,140.319,135.796,135.796,0,0
RND_MV,D,20230512,000000,135.796,135.796,135.796,135.796,0,0
RND_MV,D,20230515,000000,135.796,140.319,133.084,133.985,0,0
RND_MV,D,20230516,000000,132.174,133.985,132.174,133.985,0,0
RND_MV,D,20230517,000000,133.985,133.985,129.462,131.273,0,0
RND_MV,D,20230518,000000,131.273,131.273,126.741,128.552,0,0
RND_MV,D,20230519,000000,129.462,131.273,128.552,131.273,0,0
RND_MV,D,20230522,000000,131.273,131.273,127.651,127.651,0,0
RND_MV,D,20230523,000000,127.651,127.651,126.741,126.741,0,0
RND_MV,D,20230524,000000,127.651,131.273,126.741,126.741,0,0
RND_MV,D,20230525,000000,126.741,131.273,126.741,131.273,0,0
RND_MV,D,20230526,000000,131.273,131.273,131.273,131.273,0,0
RND_MV,D,20230529,000000,127.651,131.273,127.651,130.363,0,0
RND_MV,D,20230530,000000,130.363,130.363,130.363,130.363,0,0
RND_MV,D,20230531,000000,126.741,126.741,121.308,126.741,0,0
RND_MV,D,20230605,000000,126.741,126.741,126.741,126.741,0,0
RND_MV,D,20230606,000000,126.741,126.741,124.93,124.93,0,0
RND_MV,D,20230607,000000,125.839,125.839,125.839,125.839,0,0
RND_MV,D,20230609,000000,125.839,128.552,125.839,126.741,0,0
RND_MV,D,20230612,000000,126.741,126.741,124.93,124.93,0,0
RND_MV,D,20230613,000000,127.651,131.273,127.651,131.273,0,0
RND_MV,D,20230614,000000,131.273,141.228,131.273,137.607,0,0
RND_MV,D,20230615,000000,139.418,146.661,137.607,144.85,0,0
RND_MV,D,20230616,000000,146.661,159.329,145.751,153.905,0,0
RND_MV,D,20230619,000000,153.905,162.952,151.184,158.428,0,0
RND_MV,D,20230620,000000,153.905,160.239,153.905,158.428,0,0
RND_MV,D,20230621,000000,158.428,161.14,152.995,159.329,0,0
RND_MV,D,20230622,000000,154.806,162.05,151.184,162.05,0,0
RND_MV,D,20230623,000000,158.428,158.428,153.905,156.617,0,0
RND_MV,D,20230626,000000,152.995,155.716,151.184,155.716,0,0
RND_MV,D,20230627,000000,151.184,153.905,147.562,153.905,0,0
RND_MV,D,20230628,000000,153.905,153.905,152.094,153.905,0,0
RND_MV,D,20230629,000000,153.905,157.527,153.905,155.716,0,0
RND_MV,D,20230630,000000,153.905,158.428,153.905,157.527,0,0
RND_MV,D,20230703,000000,155.716,172.006,155.716,172.006,0,0
RND_MV,D,20230704,000000,162.952,172.006,162.952,172.006,0,0
RND_MV,D,20230705,000000,172.006,173.817,165.672,171.104,0,0
RND_MV,D,20230706,000000,165.672,168.384,162.952,167.482,0,0
RND_MV,D,20230707,000000,169.293,171.104,166.573,171.104,0,0
RND_MV,D,20230710,000000,172.006,197.359,172.006,197.359,0,0
RND_MV,D,20230711,000000,197.359,217.271,197.359,210.027,0,0
RND_MV,D,20230712,000000,213.65,213.65,199.17,208.216,0,0
RND_MV,D,20230713,000000,208.216,210.027,199.17,210.027,0,0
RND_MV,D,20230714,000000,204.594,210.027,204.594,210.027,0,0
RND_MV,D,20230717,000000,208.216,211.838,200.981,211.838,0,0
RND_MV,D,20230718,000000,211.838,215.461,206.405,215.461,0,0
RND_MV,D,20230719,000000,215.461,217.271,211.838,215.461,0,0
RND_MV,D,20230720,000000,215.461,219.082,213.65,219.082,0,0
RND_MV,D,20230721,000000,219.082,228.137,200.981,217.271,0,0
RND_MV,D,20230724,000000,217.271,222.704,210.027,217.271,0,0
RND_MV,D,20230725,000000,215.461,219.082,215.461,219.082,0,0
RND_MV,D,20230726,000000,213.65,219.082,213.65,219.082,0,0
RND_MV,D,20230727,000000,217.271,217.271,208.216,213.65,0,0
RND_MV,D,20230728,000000,215.461,224.515,215.461,224.515,0,0
RND_MV,D,20230731,000000,224.515,237.192,224.515,233.57,0,0
RND_MV,D,20230801,000000,228.137,228.137,222.704,228.137,0,0
RND_MV,D,20230802,000000,228.137,229.948,228.137,229.948,0,0
RND_MV,D,20230803,000000,229.948,229.948,220.893,229.948,0,0
RND_MV,D,20230804,000000,231.759,231.759,231.758,231.759,0,0
RND_MV,D,20230807,000000,222.704,235.381,222.704,235.381,0,0
RND_MV,D,20230808,000000,231.759,235.381,231.759,235.381,0,0
RND_MV,D,20230809,000000,235.381,235.381,235.381,235.381,0,0
RND_MV,D,20230810,000000,231.759,231.759,222.704,231.759,0,0
RND_MV,D,20230811,000000,226.326,233.57,226.326,231.759,0,0
RND_MV,D,20230814,000000,226.326,229.948,226.326,226.326,0,0
RND_MV,D,20230816,000000,226.326,229.948,219.082,228.137,0,0
RND_MV,D,20230817,000000,229.948,229.948,215.461,226.326,0,0
RND_MV,D,20230818,000000,224.515,224.515,210.027,219.082,0,0
RND_MV,D,20230821,000000,222.704,222.704,215.461,220.893,0,0
RND_MV,D,20230822,000000,219.082,219.082,219.082,219.082,0,0
RND_MV,D,20230823,000000,219.082,219.082,211.838,215.461,0,0
RND_MV,D,20230824,000000,215.461,217.271,215.461,217.271,0,0
RND_MV,D,20230825,000000,211.838,215.461,211.838,215.461,0,0
RND_MV,D,20230828,000000,215.461,215.461,210.027,210.027,0,0
RND_MV,D,20230829,000000,210.027,213.65,210.027,213.65,0,0
RND_MV,D,20230830,000000,213.65,213.65,202.792,210.027,0,0
RND_MV,D,20230831,000000,210.027,213.65,210.027,211.838,0,0
RND_MV,D,20230901,000000,211.838,235.381,210.027,231.759,0,0
RND_MV,D,20230904,000000,220.893,231.759,210.027,231.759,0,0
RND_MV,D,20230905,000000,226.326,226.326,226.326,226.326,0,0
RND_MV,D,20230906,000000,226.326,226.326,226.326,226.326,0,0
RND_MV,D,20230907,000000,226.326,226.326,226.326,226.326,0,0
RND_MV,D,20230908,000000,226.326,226.326,222.704,222.704,0,0
RND_MV,D,20230911,000000,219.082,229.948,219.082,219.082,0,0
RND_MV,D,20230912,000000,219.082,220.893,219.082,219.082,0,0
RND_MV,D,20230913,000000,222.704,224.515,220.893,220.893,0,0
RND_MV,D,20230914,000000,222.704,222.704,213.65,215.461,0,0
RND_MV,D,20230915,000000,215.461,219.082,215.461,219.082,0,0
RND_MV,D,20230918,000000,217.271,217.271,213.65,213.65,0,0
RND_MV,D,20230919,000000,215.461,217.271,204.594,210.027,0,0
RND_MV,D,20230920,000000,211.838,211.838,200.981,206.405,0,0
RND_MV,D,20230921,000000,204.594,206.405,204.594,206.405,0,0
RND_MV,D,20230922,000000,206.405,206.405,199.17,202.792,0,0
RND_MV,D,20230925,000000,199.17,202.792,197.359,202.792,0,0
RND_MV,D,20230926,000000,202.792,202.792,202.792,202.792,0,0
RND_MV,D,20230927,000000,200.981,200.981,191.926,199.17,0,0
RND_MV,D,20230928,000000,197.359,197.359,188.305,193.737,0,0
RND_MV,D,20230929,000000,191.926,195.548,179.25,186.494,0,0
RND_MV,D,20231002,000000,186.494,199.17,186.494,199.17,0,0
RND_MV,D,20231003,000000,199.17,199.17,193.737,197.359,0,0
RND_MV,D,20231004,000000,195.548,200.981,193.737,200.981,0,0
RND_MV,D,20231005,000000,202.792,202.792,200.981,200.981,0,0
RND_MV,D,20231006,000000,199.17,199.17,195.548,199.17,0,0
RND_MV,D,20231009,000000,195.548,199.17,195.548,199.17,0,0
RND_MV,D,20231010,000000,199.17,199.17,195.548,195.548,0,0
RND_MV,D,20231011,000000,199.17,199.17,195.548,198.668,0,0
RND_MV,D,20231012,000000,193.202,193.202,187.735,193.202,0,0
RND_MV,D,20231013,000000,189.562,195.03,189.562,195.03,0,0
RND_MV,D,20231016,000000,198.668,198.668,193.202,193.202,0,0
RND_MV,D,20231017,000000,187.735,189.562,187.735,187.735,0,0
RND_MV,D,20231018,000000,187.735,195.03,187.735,195.03,0,0
RND_MV,D,20231019,000000,200.496,211.43,200.496,204.144,0,0
RND_MV,D,20231020,000000,202.316,202.316,198.668,200.496,0,0
RND_MV,D,20231023,000000,200.496,200.496,195.03,195.03,0,0
RND_MV,D,20231024,000000,196.849,200.496,196.849,200.496,0,0
RND_MV,D,20231025,000000,200.496,200.496,200.496,200.496,0,0
RND_MV,D,20231026,000000,200.496,200.496,196.849,198.668,0,0
RND_MV,D,20231027,000000,198.668,198.668,196.849,196.849,0,0
RND_MV,D,20231030,000000,196.849,200.496,196.849,200.496,0,0
RND_MV,D,20231031,000000,200.496,200.496,196.849,198.668,0,0
RND_MV,D,20231102,000000,200.496,200.496,198.668,198.668,0,0
RND_MV,D,20231103,000000,198.668,202.316,191.382,202.316,0,0
RND_MV,D,20231106,000000,202.316,202.316,198.668,198.668,0,0
RND_MV,D,20231107,000000,196.849,196.849,193.202,195.03,0,0
RND_MV,D,20231108,000000,200.496,200.496,185.916,195.03,0,0
RND_MV,D,20231109,000000,193.202,196.849,189.562,193.202,0,0
RND_MV,D,20231110,000000,189.562,193.202,185.916,189.562,0,0
RND_MV,D,20231113,000000,187.735,189.562,182.268,187.735,0,0
RND_MV,D,20231114,000000,184.087,184.087,177.711,182.268,0,0
RND_MV,D,20231115,000000,184.087,184.087,181.358,184.087,0,0
RND_MV,D,20231116,000000,184.087,184.087,184.087,184.087,0,0
RND_MV,D,20231117,000000,185.916,187.735,182.268,184.087,0,0
RND_MV,D,20231120,000000,185.916,191.382,180.448,182.268,0,0
RND_MV,D,20231121,000000,182.268,182.268,177.711,182.268,0,0
RND_MV,D,20231122,000000,182.268,182.268,176.801,182.268,0,0
RND_MV,D,20231123,000000,181.358,182.268,180.448,182.268,0,0
RND_MV,D,20231124,000000,181.358,182.268,180.448,180.448,0,0
RND_MV,D,20231127,000000,182.268,182.268,175.891,180.448,0,0
RND_MV,D,20231128,000000,182.268,184.087,178.621,182.268,0,0
RND_MV,D,20231129,000000,184.087,184.087,175.891,181.358,0,0
RND_MV,D,20231130,000000,181.358,184.087,177.711,177.711,0,0
RND_MV,D,20231201,000000,180.448,185.916,177.711,177.711,0,0
RND_MV,D,20231204,000000,179.531,181.358,169.507,176.801,0,0
RND_MV,D,20231205,000000,178.621,184.087,173.153,177.711,0,0
RND_MV,D,20231206,000000,180.448,198.668,177.711,198.668,0,0
RND_MV,D,20231207,000000,198.668,205.963,180.448,181.358,0,0
RND_MV,D,20231208,000000,191.382,191.382,173.153,179.531,0,0
RND_MV,D,20231211,000000,185.916,185.916,179.531,184.087,0,0
RND_MV,D,20231212,000000,184.087,184.087,167.687,171.334,0,0
RND_MV,D,20231213,000000,173.153,177.711,168.597,168.597,0,0
RND_MV,D,20231214,000000,168.597,168.597,145.811,147.639,0,0
RND_MV,D,20231215,000000,148.548,152.196,142.172,147.639,0,0
RND_MV,D,20231218,000000,148.548,150.368,143.992,143.992,0,0
RND_MV,D,20231219,000000,143.992,143.992,137.615,138.524,0,0
RND_MV,D,20231220,000000,139.434,142.172,130.32,131.23,0,0
RND_MV,D,20231221,000000,132.148,133.968,127.591,132.148,0,0
RND_MV,D,20231222,000000,134.877,139.434,133.968,137.615,0,0
RND_MV,D,20231227,000000,137.615,137.615,133.968,135.787,0,0
RND_MV,D,20231228,000000,135.787,143.082,134.877,138.524,0,0
RND_MV,D,20231229,000000,138.524,142.172,135.787,142.172,0,0
RND_MV,D,20240102,000000,136.706,142.172,136.706,141.254,0,0
RND_MV,D,20240103,000000,139.434,139.434,136.706,136.706,0,0
RND_MV,D,20240104,000000,136.706,145.811,136.706,137.615,0,0
RND_MV,D,20240105,000000,141.254,142.172,137.615,137.615,0,0
RND_MV,D,20240108,000000,138.524,141.254,138.524,140.344,0,0
RND_MV,D,20240109,000000,142.172,151.286,140.344,149.458,0,0
RND_MV,D,20240110,000000,152.196,156.753,147.639,151.286,0,0
RND_MV,D,20240111,000000,151.286,152.196,147.639,150.368,0,0
RND_MV,D,20240112,000000,151.286,151.286,145.811,145.811,0,0
RND_MV,D,20240115,000000,148.548,149.458,145.811,148.548,0,0
RND_MV,D,20240116,000000,148.548,148.548,132.148,143.992,0,0
RND_MV,D,20240117,000000,145.811,145.811,136.706,139.434,0,0
RND_MV,D,20240118,000000,139.434,139.434,139.434,139.434,0,0
RND_MV,D,20240119,000000,141.254,143.082,140.344,140.344,0,0
RND_MV,D,20240122,000000,143.082,148.548,142.172,148.548,0,0
RND_MV,D,20240123,000000,148.548,148.548,141.254,144.902,0,0
RND_MV,D,20240124,000000,139.434,143.992,139.434,143.992,0,0
RND_MV,D,20240125,000000,143.992,143.992,138.524,142.172,0,0
RND_MV,D,20240126,000000,142.172,143.082,136.706,136.706,0,0
RND_MV,D,20240129,000000,136.706,138.524,136.706,136.706,0,0
RND_MV,D,20240130,000000,136.706,136.706,123.943,125.763,0,0
RND_MV,D,20240131,000000,127.591,133.968,125.763,133.968,0,0
RND_MV,D,20240201,000000,136.706,136.706,133.968,135.787,0,0
RND_MV,D,20240202,000000,135.787,140.344,135.787,136.706,0,0
RND_MV,D,20240205,000000,137.615,149.458,136.706,145.811,0,0
RND_MV,D,20240206,000000,141.254,142.172,138.524,139.434,0,0
RND_MV,D,20240207,000000,138.524,141.254,133.968,141.254,0,0
RND_MV,D,20240208,000000,139.434,145.811,139.434,145.811,0,0
RND_MV,D,20240209,000000,146.729,151.286,143.992,149.458,0,0
RND_MV,D,20240212,000000,149.458,151.286,147.639,149.458,0,0
RND_MV,D,20240213,000000,147.639,147.639,139.434,141.254,0,0
RND_MV,D,20240214,000000,142.172,145.811,135.787,135.787,0,0
RND_MV,D,20240215,000000,123.034,123.034,113.009,114.829,0,0
RND_MV,D,20240216,000000,114.829,114.829,106.625,110.272,0,0
RND_MV,D,20240219,000000,112.092,113.919,107.534,109.363,0,0
RND_MV,D,20240220,000000,109.363,109.363,106.625,106.625,0,0
RND_MV,D,20240221,000000,108.453,110.272,108.453,108.453,0,0
RND_MV,D,20240222,000000,108.453,112.092,108.453,112.092,0,0
RND_MV,D,20240223,000000,110.272,110.272,107.534,110.272,0,0
RND_MV,D,20240226,000000,108.453,111.182,107.534,111.182,0,0
RND_MV,D,20240227,000000,111.182,111.182,107.534,111.182,0,0
RND_MV,D,20240228,000000,111.182,111.182,108.453,108.453,0,0
RND_MV,D,20240229,000000,108.453,108.453,108.453,108.453,0,0
RND_MV,D,20240301,000000,108.453,110.272,108.453,110.272,0,0
RND_MV,D,20240304,000000,109.363,109.363,106.625,108.453,0,0
RND_MV,D,20240305,000000,108.453,108.453,105.715,106.625,0,0
RND_MV,D,20240306,000000,106.625,106.625,105.715,105.715,0,0
RND_MV,D,20240307,000000,107.534,108.453,105.715,108.453,0,0
RND_MV,D,20240308,000000,108.453,108.453,105.715,107.534,0,0
RND_MV,D,20240311,000000,108.453,108.453,106.625,106.625,0,0
RND_MV,D,20240312,000000,108.453,110.272,108.453,110.272,0,0
RND_MV,D,20240313,000000,108.453,109.363,107.534,108.453,0,0
RND_MV,D,20240314,000000,109.363,112.092,109.363,112.092,0,0
RND_MV,D,20240315,000000,109.363,110.272,108.453,108.453,0,0
RND_MV,D,20240318,000000,108.453,109.363,107.534,109.363,0,0
RND_MV,D,20240319,000000,110.272,111.182,107.534,111.182,0,0
RND_MV,D,20240320,000000,111.182,111.182,110.272,110.272,0,0
RND_MV,D,20240321,000000,110.272,110.272,107.534,107.534,0,0
RND_MV,D,20240322,000000,111.182,111.182,105.715,109.363,0,0
RND_MV,D,20240325,000000,110.272,113.919,107.534,107.534,0,0
RND_MV,D,20240326,000000,107.534,109.363,105.715,105.715,0,0
RND_MV,D,20240327,000000,105.715,109.363,105.715,108.453,0,0
RND_MV,D,20240328,000000,110.272,113.009,106.625,110.272,0,0
RND_MV,D,20240402,000000,111.182,116.199,109.363,115.289,0,0
RND_MV,D,20240403,000000,115.289,117.567,111.182,117.567,0,0
RND_MV,D,20240404,000000,117.567,118.477,111.182,111.182,0,0
RND_MV,D,20240405,000000,113.919,113.919,110.272,113.461,0,0
RND_MV,D,20240408,000000,113.919,116.649,112.551,112.551,0,0
RND_MV,D,20240409,000000,112.551,117.567,112.551,115.739,0,0
RND_MV,D,20240410,000000,117.567,130.779,117.567,130.779,0,0
RND_MV,D,20240411,000000,130.779,132.148,129.411,131.689,0,0
RND_MV,D,20240412,000000,123.034,133.968,123.034,133.058,0,0
RND_MV,D,20240415,000000,133.058,133.058,120.755,122.115,0,0
RND_MV,D,20240416,000000,119.387,119.387,114.829,114.829,0,0
RND_MV,D,20240417,000000,114.37,119.387,114.37,117.567,0,0
RND_MV,D,20240418,000000,117.567,119.387,117.567,119.387,0,0
RND_MV,D,20240419,000000,118.927,118.927,118.927,118.927,0,0
RND_MV,D,20240422,000000,120.297,122.115,119.387,121.206,0,0
RND_MV,D,20240423,000000,122.115,122.575,120.755,120.755,0,0
RND_MV,D,20240424,000000,120.755,120.755,118.477,120.297,0,0
RND_MV,D,20240425,000000,116.199,119.837,113.461,119.837,0,0
RND_MV,D,20240426,000000,119.837,119.837,113.461,114.37,0,0
RND_MV,D,20240429,000000,113.919,118.477,112.551,113.919,0,0
RND_MV,D,20240430,000000,113.461,116.649,113.009,113.009,0,0
RND_MV,D,20240502,000000,114.829,116.199,114.829,116.199,0,0
RND_MV,D,20240506,000000,113.461,116.649,113.009,116.649,0,0
RND_MV,D,20240507,000000,116.649,117.567,113.461,113.461,0,0
RND_MV,D,20240508,000000,113.461,117.567,113.461,117.567,0,0
RND_MV,D,20240509,000000,114.829,117.567,114.829,117.567,0,0
RND_MV,D,20240510,000000,117.567,118.927,117.567,118.927,0,0
RND_MV,D,20240513,000000,115.739,118.017,114.829,118.017,0,0
RND_MV,D,20240514,000000,118.477,119.387,118.477,119.387,0,0
RND_MV,D,20240515,000000,119.387,127.591,119.387,127.132,0,0
RND_MV,D,20240516,000000,126.222,131.23,126.222,130.779,0,0
RND_MV,D,20240517,000000,130.779,133.968,125.763,133.968,0,0
RND_MV,D,20240520,000000,133.058,133.058,124.853,130.32,0,0
RND_MV,D,20240521,000000,131.23,131.23,131.23,131.23,0,0
RND_MV,D,20240522,000000,125.763,127.132,122.575,126.222,0,0
RND_MV,D,20240523,000000,123.034,126.222,123.034,126.222,0,0
RND_MV,D,20240524,000000,122.575,125.763,118.017,125.763,0,0
RND_MV,D,20240527,000000,119.837,127.132,118.477,127.132,0,0
RND_MV,D,20240528,000000,127.132,127.591,122.115,126.673,0,0
RND_MV,D,20240529,000000,122.115,125.763,121.665,123.034,0,0
RND_MV,D,20240531,000000,124.853,125.312,124.853,125.312,0,0
RND_MV,D,20240603,000000,120.297,120.297,113.919,118.477,0,0
RND_MV,D,20240604,000000,112.092,113.919,111.182,111.182,0,0
RND_MV,D,20240605,000000,113.919,117.108,113.461,113.461,0,0
RND_MV,D,20240606,000000,114.37,116.199,113.919,115.289,0,0
RND_MV,D,20240607,000000,115.289,116.649,115.289,116.649,0,0
RND_MV,D,20240610,000000,116.649,118.477,112.551,116.199,0,0
RND_MV,D,20240611,000000,114.37,116.199,111.641,111.641,0,0
RND_MV,D,20240612,000000,114.829,115.739,111.641,111.641,0,0
RND_MV,D,20240613,000000,112.551,116.649,111.641,111.641,0,0
RND_MV,D,20240614,000000,114.37,116.649,113.919,113.919,0,0
RND_MV,D,20240617,000000,116.199,116.199,113.919,113.919,0,0
RND_MV,D,20240619,000000,113.919,123.943,112.092,122.115,0,0
RND_MV,D,20240620,000000,118.477,122.115,118.477,122.115,0,0
RND_MV,D,20240621,000000,121.665,123.034,121.665,123.034,0,0
RND_MV,D,20240624,000000,122.115,122.115,122.115,122.115,0,0
RND_MV,D,20240625,000000,122.115,122.115,118.927,118.927,0,0
RND_MV,D,20240626,000000,118.927,118.927,116.199,116.199,0,0
RND_MV,D,20240627,000000,120.297,121.206,120.297,121.206,0,0
RND_MV,D,20240628,000000,121.206,125.763,118.017,118.017,0,0
RND_MV,D,20240701,000000,117.108,119.387,117.108,117.567,0,0
RND_MV,D,20240702,000000,122.115,122.115,117.567,117.567,0,0
RND_MV,D,20240703,000000,115.739,118.017,113.919,118.017,0,0
RND_MV,D,20240704,000000,119.837,120.755,114.829,118.477,0,0
RND_MV,D,20240705,000000,120.755,121.206,117.567,121.206,0,0
RND_MV,D,20240709,000000,121.206,121.206,118.927,118.927,0,0
RND_MV,D,20240710,000000,118.477,118.477,118.477,118.477,0,0
RND_MV,D,20240711,000000,121.206,121.206,121.206,121.206,0,0
RND_MV,D,20240712,000000,122.115,123.943,118.477,118.927,0,0
RND_MV,D,20240715,000000,118.927,123.034,118.477,123.034,0,0
RND_MV,D,20240716,000000,123.034,131.23,121.665,129.411,0,0
RND_MV,D,20240717,000000,130.779,131.689,125.763,127.132,0,0
RND_MV,D,20240718,000000,125.763,129.411,123.943,129.411,0,0
RND_MV,D,20240719,000000,123.943,133.968,123.943,133.968,0,0
RND_MV,D,20240722,000000,133.968,140.344,132.148,135.787,0,0
RND_MV,D,20240723,000000,135.787,137.615,135.787,137.156,0,0
RND_MV,D,20240724,000000,131.23,137.156,131.23,137.156,0,0
RND_MV,D,20240725,000000,133.968,136.246,128.041,133.058,0,0
RND_MV,D,20240726,000000,129.87,131.23,123.943,127.132,0,0
RND_MV,D,20240729,000000,132.148,132.148,127.132,127.132,0,0
RND_MV,D,20240730,000000,132.35,132.35,120.967,128.084,0,0
RND_MV,D,20240731,000000,128.084,134.244,128.084,132.35,0,0
RND_MV,D,20240801,000000,128.553,128.553,128.553,128.553,0,0
RND_MV,D,20240802,000000,122.862,124.756,122.862,124.756,0,0
RND_MV,D,20240805,000000,121.915,126.181,116.692,120.49,0,0
RND_MV,D,20240806,000000,120.49,126.659,119.542,122.393,0,0
RND_MV,D,20240807,000000,119.065,121.915,118.595,121.915,0,0
RND_MV,D,20240808,000000,119.542,121.437,117.17,119.065,0,0
RND_MV,D,20240809,000000,119.065,119.542,119.065,119.542,0,0
RND_MV,D,20240812,000000,119.542,119.542,119.542,119.542,0,0
RND_MV,D,20240813,000000,117.648,120.49,117.648,118.595,0,0
RND_MV,D,20240814,000000,115.276,118.595,115.276,118.595,0,0
RND_MV,D,20240816,000000,119.065,119.065,116.223,116.223,0,0
RND_MV,D,20240819,000000,115.745,118.117,113.851,114.32,0,0
RND_MV,D,20240820,000000,114.32,116.692,114.32,114.32,0,0
RND_MV,D,20240821,000000,114.798,117.648,114.798,117.648,0,0
RND_MV,D,20240822,000000,117.648,118.595,115.745,118.595,0,0
RND_MV,D,20240823,000000,116.223,118.595,115.745,117.648,0,0
RND_MV,D,20240826,000000,114.798,118.595,114.32,114.32,0,0
RND_MV,D,20240827,000000,117.648,117.648,116.223,117.17,0,0
RND_MV,D,20240828,000000,117.648,117.648,117.648,117.648,0,0
RND_MV,D,20240829,000000,114.798,117.17,114.32,117.17,0,0
RND_MV,D,20240830,000000,115.745,116.223,115.276,116.223,0,0
RND_MV,D,20240902,000000,115.276,116.223,115.276,116.223,0,0
RND_MV,D,20240903,000000,114.798,116.223,114.32,114.32,0,0
RND_MV,D,20240904,000000,114.32,116.223,114.32,116.223,0,0
RND_MV,D,20240905,000000,113.851,116.692,112.426,113.851,0,0
RND_MV,D,20240906,000000,113.851,115.276,110.054,113.851,0,0
RND_MV,D,20240909,000000,112.426,113.373,106.735,112.426,0,0
RND_MV,D,20240910,000000,113.373,113.373,107.682,110.054,0,0
RND_MV,D,20240911,000000,110.054,110.054,107.204,107.204,0,0
RND_MV,D,20240912,000000,107.204,109.107,107.204,107.204,0,0
RND_MV,D,20240913,000000,107.682,110.054,107.204,110.054,0,0
RND_MV,D,20240916,000000,110.054,110.054,107.204,109.107,0,0
RND_MV,D,20240917,000000,107.204,113.851,107.204,109.107,0,0
RND_MV,D,20240918,000000,112.426,113.373,107.682,111.948,0,0
RND_MV,D,20240919,000000,111.001,111.948,109.576,110.054,0,0
RND_MV,D,20240920,000000,113.851,120.02,113.851,119.065,0,0
RND_MV,D,20240923,000000,114.32,117.648,102.938,104.363,0,0
RND_MV,D,20240924,000000,106.257,113.373,105.31,113.373,0,0
RND_MV,D,20240925,000000,111.479,111.479,104.832,109.107,0,0
RND_MV,D,20240926,000000,109.576,110.532,104.832,110.532,0,0
RND_MV,D,20240927,000000,109.107,111.948,109.107,111.948,0,0
RND_MV,D,20240930,000000,111.948,113.373,104.363,110.532,0,0
RND_MV,D,20241001,000000,106.735,110.054,98.1937,100.097,0,0
RND_MV,D,20241002,000000,99.6187,103.885,93.9275,101.513,0,0
RND_MV,D,20241003,000000,95.8216,107.204,93.5469,94.494,0,0
RND_MV,D,20241004,000000,94.8746,100.097,94.494,97.7246,0,0
RND_MV,D,20241007,000000,95.3525,100.097,94.3081,99.6187,0,0
RND_MV,D,20241008,000000,97.2466,104.363,97.2466,102.469,0,0
RND_MV,D,20241009,000000,102.469,102.469,98.1937,98.6717,0,0
RND_MV,D,20241010,000000,98.1937,102.938,98.1937,102.938,0,0
RND_MV,D,20241011,000000,102.938,104.363,101.991,103.416,0,0
RND_MV,D,20241014,000000,107.682,109.107,107.682,109.107,0,0
RND_MV,D,20241015,000000,108.16,108.16,101.044,101.044,0,0
RND_MV,D,20241016,000000,107.204,109.107,104.363,109.107,0,0
RND_MV,D,20241017,000000,109.107,109.107,109.107,109.107,0,0
RND_MV,D,20241018,000000,109.107,113.373,109.107,113.373,0,0
RND_MV,D,20241021,000000,112.426,112.426,112.426,112.426,0,0
RND_MV,D,20241022,000000,105.788,105.788,100.097,105.31,0,0
RND_MV,D,20241023,000000,110.532,110.532,110.532,110.532,0,0
RND_MV,D,20241025,000000,107.682,107.682,107.682,107.682,0,0
RND_MV,D,20241028,000000,101.513,106.735,100.566,106.735,0,0
RND_MV,D,20241029,000000,104.363,106.735,104.363,104.363,0,0
RND_MV,D,20241030,000000,105.788,105.788,105.788,105.788,0,0
RND_MV,D,20241104,000000,101.513,101.513,101.513,101.513,0,0
RND_MV,D,20241105,000000,103.885,103.885,103.885,103.885,0,0
RND_MV,D,20241106,000000,99.6187,108.629,99.6187,108.629,0,0
RND_MV,D,20241108,000000,106.257,106.257,99.6187,99.6187,0,0
RND_MV,D,20241112,000000,101.513,101.513,99.6187,99.6187,0,0
RND_MV,D,20241114,000000,99.6187,99.6187,99.6187,99.6187,0,0
RND_MV,D,20241115,000000,100.566,102.938,99.6187,99.6187,0,0
RND_MV,D,20241118,000000,99.6187,99.6187,99.6187,99.6187,0,0
RND_MV,D,20241119,000000,101.513,104.363,100.097,101.044,0,0
RND_MV,D,20241120,000000,100.566,101.044,100.566,101.044,0,0
RND_MV,D,20241121,000000,99.6187,99.6187,98.6717,98.6717,0,0
RND_MV,D,20241122,000000,98.6717,102.469,98.6717,98.6717,0,0
RND_MV,D,20241125,000000,101.991,104.363,101.991,104.363,0,0
RND_MV,D,20241126,000000,103.885,103.885,99.1408,102.469,0,0
RND_MV,D,20241127,000000,99.1408,99.1408,98.6717,98.6717,0,0
RND_MV,D,20241128,000000,97.7246,100.566,94.8746,100.566,0,0
RND_MV,D,20241129,000000,100.566,100.566,95.3525,100.566,0,0
RND_MV,D,20241202,000000,102.469,102.469,92.2192,94.8746,0,0
RND_MV,D,20241203,000000,97.2466,97.2466,92.2192,94.8746,0,0
RND_MV,D,20241204,000000,92.4051,92.9804,89.9445,92.9804,0,0
RND_MV,D,20241205,000000,92.9804,94.3081,90.1304,94.1134,0,0
RND_MV,D,20241206,000000,93.7328,93.7328,88.8027,93.7328,0,0
RND_MV,D,20241209,000000,93.9275,93.9275,89.9445,92.4051,0,0
RND_MV,D,20241210,000000,92.4051,92.4051,92.4051,92.4051,0,0
RND_MV,D,20241211,000000,88.8027,92.2192,87.6645,92.0245,0,0
RND_MV,D,20241212,000000,88.423,91.6528,85.3871,91.2722,0,0
RND_MV,D,20241213,000000,89.9445,89.9445,88.2336,88.2363,0,0
RND_MV,D,20241216,000000,88.2336,88.9886,88.0415,88.0415,0,0
RND_MV,D,20241217,000000,85.3871,87.2848,85.3871,86.9086,0,0
RND_MV,D,20241218,000000,86.9051,86.9086,86.9051,86.9086,0,0
RND_MV,D,20241219,000000,86.3359,87.4742,85.3862,85.3862,0,0
RND_MV,D,20241220,000000,85.3871,86.9086,82.5406,86.9086,0,0
RND_MV,D,20241223,000000,84.6277,86.9086,84.6277,86.9086,0,0
RND_MV,D,20241230,000000,86.3359,86.9051,86.3333,86.3333,0,0
RND_MV,D,20250102,000000,86.3359,87.2848,81.7821,87.2803,0,0
RND_MV,D,20250103,000000,82.5406,85.0074,81.5918,85.0056,0,0
RND_MV,D,20250107,000000,85.0074,90.1304,85.0074,90.1304,0,0
RND_MV,D,20250108,000000,85.7668,89.7498,85.7668,89.7498,0,0
RND_MV,D,20250109,000000,89.5639,89.5639,89.5639,89.5639,0,0
RND_MV,D,20250110,000000,86.5253,88.2336,86.3333,86.3333,0,0
RND_MV,D,20250113,000000,86.3359,88.2363,85.3871,88.2363,0,0
RND_MV,D,20250114,000000,89.1833,89.1833,85.0074,89.1833,0,0
RND_MV,D,20250116,000000,88.2336,88.2363,88.2336,88.2363,0,0
RND_MV,D,20250120,000000,90.1304,90.1304,84.818,89.9445,0,0
RND_MV,D,20250121,000000,85.1977,88.2363,85.1977,88.2363,0,0
RND_MV,D,20250122,000000,88.2336,90.1304,85.3871,88.4221,0,0
RND_MV,D,20250123,000000,88.6169,88.6169,84.818,87.8557,0,0
RND_MV,D,20250124,000000,88.0433,88.2363,88.0433,88.2363,0,0
RND_MV,D,20250127,000000,87.8539,87.8557,83.4894,87.8557,0,0
RND_MV,D,20250128,000000,84.2489,87.0945,84.2489,87.0945,0,0
RND_MV,D,20250129,000000,85.3871,85.3871,83.4921,83.4921,0,0
RND_MV,D,20250130,000000,84.6277,85.0074,80.8332,80.8368,0,0
RND_MV,D,20250131,000000,81.5918,81.5918,79.695,79.8809,0,0
RND_MV,D,20250203,000000,81.0226,84.4383,78.7461,82.545,0,0
RND_MV,D,20250204,000000,79.125,80.8332,77.607,78.1726,0,0
RND_MV,D,20250205,000000,79.695,79.695,79.125,79.1285,0,0
RND_MV,D,20250206,000000,78.177,82.545,77.9867,82.545,0,0
RND_MV,D,20250207,000000,81.2129,81.2129,77.7973,77.9867,0,0
RND_MV,D,20250210,000000,78.7461,81.5918,78.3664,81.5891,0,0
RND_MV,D,20250211,000000,81.5918,81.5918,77.7973,80.2614,0,0
RND_MV,D,20250212,000000,80.0738,80.0738,77.7973,78.7479,0,0
RND_MV,D,20250213,000000,78.7461,83.4894,78.7461,82.9168,0,0
RND_MV,D,20250214,000000,79.125,82.9203,79.125,82.9168,0,0
RND_MV,D,20250217,000000,79.125,82.9203,79.125,82.7309,0,0
RND_MV,D,20250218,000000,79.8844,82.3512,78.3664,82.3503,0,0
RND_MV,D,20250219,000000,79.125,81.5918,78.7461,81.5891,0,0
RND_MV,D,20250220,000000,80.4535,80.4535,78.7461,80.2614,0,0
RND_MV,D,20250221,000000,79.8844,80.8332,77.9867,80.642,0,0
RND_MV,D,20250224,000000,77.9867,80.4535,77.7973,80.0756,0,0
RND_MV,D,20250225,000000,77.9867,79.695,77.607,77.8009,0,0
RND_MV,D,20250226,000000,77.9867,81.2129,77.0379,77.6061,0,0
RND_MV,D,20250227,000000,80.4535,81.5918,80.4535,81.5891,0,0
RND_MV,D,20250228,000000,77.9867,80.4535,75.8996,78.5532,0,0
RND_MV,D,20250303,000000,78.177,78.3664,76.2785,76.2785,0,0
RND_MV,D,20250304,000000,76.4688,76.4688,75.8996,76.0926,0,0
RND_MV,D,20250306,000000,75.8996,75.8996,75.7102,75.712,0,0
RND_MV,D,20250307,000000,75.7102,75.712,75.7102,75.712,0,0
RND_MV,D,20250310,000000,74.9508,74.9508,74.9508,74.9508,0,0
RND_MV,D,20250311,000000,74.002,75.712,73.6223,75.712,0,0
RND_MV,D,20250312,000000,75.5199,75.5199,72.8637,75.5173,0,0
RND_MV,D,20250313,000000,74.7614,74.9508,73.809,73.809,0,0
RND_MV,D,20250314,000000,73.0531,75.8996,73.0531,74.0037,0,0
RND_MV,D,20250317,000000,74.002,74.002,71.7255,71.729,0,0
RND_MV,D,20250318,000000,74.1923,75.7102,71.7255,74.9508,0,0
RND_MV,D,20250320,000000,74.9508,74.9508,74.9508,74.9508,0,0
RND_MV,D,20250321,000000,75.8996,81.5918,75.8996,81.5891,0,0
RND_MV,D,20250324,000000,81.5918,82.1618,77.6061,77.6061,0,0
RND_MV,D,20250325,000000,77.6061,77.6061,77.6061,77.6061,0,0
RND_MV,D,20250326,000000,76.4688,77.607,73.809,73.809,0,0
RND_MV,D,20250327,000000,73.6223,77.4176,72.2946,72.2955,0,0
RND_MV,D,20250328,000000,75.7102,77.607,73.4329,73.4373,0,0
RND_MV,D,20250331,000000,75.8996,75.8996,75.8979,75.8979,0,0
RND_MV,D,20250401,000000,75.8996,76.2519,75.8996,76.2519,0,0
RND_MV,D,20250402,000000,76.2537,76.2537,76.2519,76.2519,0,0
RND_MV,D,20250403,000000,76.2537,76.2537,73.0133,73.0133,0,0
RND_MV,D,20250404,000000,75.4907,75.4907,72.4371,72.4371,0,0
RND_MV,D,20250407,000000,75.4907,75.6819,69.5818,72.8221,0,0
RND_MV,D,20250408,000000,72.8221,74.5348,72.8221,74.5348,0,0
RND_MV,D,20250409,000000,69.5818,73.7736,69.5818,73.7736,0,0
RND_MV,D,20250410,000000,70.535,73.2036,70.535,73.0133,0,0
RND_MV,D,20250411,000000,72.4406,75.4907,72.4406,75.4907,0,0
RND_MV,D,20250414,000000,75.6819,75.6819,75.3004,75.3049,0,0
RND_MV,D,20250415,000000,75.3004,75.3049,75.3004,75.3049,0,0
RND_MV,D,20250417,000000,75.3004,75.3049,75.3004,75.3049,0,0
RND_MV,D,20250422,000000,75.6819,75.6854,75.6819,75.6854,0,0
RND_MV,D,20250423,000000,77.2069,77.2078,77.2069,77.2078,0,0
RND_MV,D,20250429,000000,76.2537,76.2537,76.2519,76.2519,0,0
RND_MV,D,20250430,000000,73.3939,73.3939,73.393,73.393,0,0
RND_MV,D,20250505,000000,76.2537,76.2537,74.9154,74.9154,0,0
RND_MV,D,20250506,000000,74.9189,74.9189,74.9154,74.9154,0,0
RND_MV,D,20250508,000000,76.2537,76.2537,76.2519,76.2519,0,0
RND_MV,D,20250509,000000,77.2069,80.8288,77.2069,80.8279,0,0
RND_MV,D,20250512,000000,80.8288,97.698,80.8288,92.4582,0,0
RND_MV,D,20250513,000000,92.4582,92.4582,83.3062,83.3062,0,0
RND_MV,D,20250514,000000,83.4974,91.5023,76.2537,80.642,0,0
RND_MV,D,20250515,000000,80.6385,84.6427,80.6385,84.6427,0,0
RND_MV,D,20250516,000000,78.5417,83.6886,78.5417,83.6868,0,0
RND_MV,D,20250519,000000,83.6886,84.4507,83.6886,84.448,0,0
RND_MV,D,20250520,000000,83.6886,83.6886,79.1135,83.6868,0,0
RND_MV,D,20250521,000000,79.4941,83.8789,79.4941,83.8789,0,0
RND_MV,D,20250523,000000,83.6886,83.6886,78.3505,79.872,0,0
RND_MV,D,20250527,000000,78.5417,80.0667,78.5417,79.1108,0,0
RND_MV,D,20250528,000000,79.1135,100.079,79.1135,99.1319,0,0
RND_MV,D,20250529,000000,99.1319,113.904,99.1319,105.806,0,0
RND_MV,D,20250530,000000,105.806,105.806,97.2201,103.416,0,0
RND_MV,D,20250602,000000,103.894,103.894,97.2201,102.947,0,0
RND_MV,D,20250603,000000,104.372,114.382,104.372,112.47,0,0
RND_MV,D,20250604,000000,112.47,112.47,108.665,109.612,0,0
RND_MV,D,20250605,000000,108.665,112.948,108.665,112.001,0,0
RND_MV,D,20250606,000000,112.47,112.948,107.231,110.567,0,0
RND_MV,D,20250609,000000,112.001,112.001,108.665,110.09,0,0
RND_MV,D,20250610,000000,109.612,112.47,105.806,110.09,0,0
RND_MV,D,20250611,000000,108.665,111.523,106.753,109.612,0,0
RND_MV,D,20250612,000000,107.709,108.187,99.1319,103.894,0,0
RND_MV,D,20250613,000000,104.372,104.85,99.6099,101.035,0,0
RND_MV,D,20250616,000000,104.85,107.709,101.035,101.035,0,0
RND_MV,D,20250617,000000,100.557,106.753,100.079,101.035,0,0
RND_MV,D,20250618,000000,97.698,106.753,97.698,106.753,0,0
RND_MV,D,20250620,000000,106.753,106.753,99.6099,100.557,0,0
RND_MV,D,20250623,000000,101.035,107.709,101.035,101.991,0,0
RND_MV,D,20250624,000000,107.231,107.231,105.806,105.806,0,0
RND_MV,D,20250625,000000,105.806,108.665,101.991,108.665,0,0
RND_MV,D,20250626,000000,108.187,111.523,105.806,111.523,0,0
RND_MV,D,20250627,000000,114.382,115.807,109.612,111.045,0,0
RND_MV,D,20250630,000000,112.47,112.47,111.045,112.001,0,0
RND_MV,D,20250701,000000,112.001,113.904,111.523,112.47,0,0
RND_MV,D,20250702,000000,112.47,112.47,110.567,112.001,0,0
RND_MV,D,20250703,000000,112.47,112.47,111.523,112.001,0,0
RND_MV,D,20250704,000000,113.07,113.07,105.54,108.23,0,0
RND_MV,D,20250707,000000,107.69,107.69,105.32,107.26,0,0
RND_MV,D,20250708,000000,104.46,106.4,103.38,103.38,0,0
RND_MV,D,20250709,000000,106.4,106.4,99.506,104.46,0,0
RND_MV,D,20250710,000000,104.46,104.46,99.075,99.72,0,0
RND_MV,D,20250711,000000,99.721,101.23,92.613,95.63,0,0
RND_MV,D,20250714,000000,95.629,95.629,91.537,93.69,0,0
RND_MV,D,20250715,000000,94.336,94.336,88.521,90.46,0,0
RND_MV,D,20250716,000000,89.383,89.383,87.229,87.23,0,0
RND_MV,D,20250717,000000,87.229,88.952,86.152,88.95,0,0
RND_MV,D,20250718,000000,88.952,89.17,87.014,89.17,0,0
RND_MV,D,20250721,000000,89.167,89.167,86.152,88.95,0,0
RND_MV,D,20250722,000000,88.952,88.952,86.15,86.15,0,0
RND_MV,D,20250723,000000,86.367,88.521,86.367,88.52,0,0
RND_MV,D,20250724,000000,88.521,88.737,86.583,88.09,0,0
RND_MV,D,20250725,000000,88.306,88.521,86.367,88.31,0,0
RND_MV,D,20250728,000000,88.521,88.521,86.367,88.09,0,0
RND_MV,D,20250729,000000,86.152,88.09,86.15,86.15,0,0
RND_MV,D,20250730,000000,85.506,85.506,85.075,85.08,0,0
RND_MV,D,20250731,000000,86.152,86.583,85.075,86.15,0,0
RND_MV,D,20250801,000000,85.29,87.875,85.075,86.15,0,0
RND_MV,D,20250804,000000,87.014,87.014,82.921,86.15,0,0
RND_MV,D,20250805,000000,85.075,86.152,85.075,86.15,0,0
RND_MV,D,20250806,000000,85.075,85.075,82.92,82.92,0,0
RND_MV,D,20250807,000000,83.998,83.998,75.598,75.6,0,0
RND_MV,D,20250808,000000,75.598,78.614,69.999,78.18,0,0
RND_MV,D,20250811,000000,77.321,78.614,74.306,76.46,0,0
RND_MV,D,20250812,000000,76.46,76.46,71.075,74.74,0,0
RND_MV,D,20250813,000000,74.306,77.321,71.722,74.52,0,0
RND_MV,D,20250814,000000,75.598,78.183,74.521,77.54,0,0
RND_MV,D,20250818,000000,76.46,79.91,76.46,79.91,0,0
RND_MV,D,20250819,000000,74.952,79.475,74.952,78.4,0,0
RND_MV,D,20250820,000000,76.46,78.398,76.46,77.11,0,0
RND_MV,D,20250821,000000,76.891,78.398,76.46,76.46,0,0
RND_MV,D,20250822,000000,76.029,76.46,73.229,74.74,0,0
RND_MV,D,20250825,000000,74.306,78.398,74.306,77.54,0,0
RND_MV,D,20250826,000000,78.398,78.398,77.537,77.54,0,0
RND_MV,D,20250827,000000,78.398,78.4,77.106,78.4,0,0
RND_MV,D,20250828,000000,78.398,78.398,77.537,77.54,0,0
RND_MV,D,20250829,000000,77.537,77.54,76.675,77.54,0,0
RND_MV,D,20250901,000000,77.968,77.968,75.81,75.81,0,0
RND_MV,D,20250902,000000,79.691,79.691,77.537,77.54,0,0
RND_MV,D,20250903,000000,77.537,80.552,76.675,77.75,0,0
RND_MV,D,20250904,000000,77.752,81.63,77.537,81.63,0,0
RND_MV,D,20250905,000000,81.629,83.57,78.614,83.57,0,0
RND_MV,D,20250908,000000,83.567,84.43,81.844,84.43,0,0
RND_MV,D,20250909,000000,84.429,84.86,83.78,83.78,0,0
RND_MV,D,20250910,000000,83.783,83.783,79.475,79.91,0,0
RND_MV,D,20250911,000000,83.567,83.567,80.768,80.77,0,0
RND_MV,D,20250912,000000,83.137,83.352,81.198,81.63,0,0
RND_MV,D,20250915,000000,82.921,83.352,81.844,83.35,0,0
RND_MV,D,20250916,000000,83.352,84.43,83.352,84.43,0,0
RND_MV,D,20250917,000000,84.429,84.429,80.337,80.34,0,0
RND_MV,D,20250918,000000,81.198,81.2,81.198,81.2,0,0
RND_MV,D,20250919,000000,81.198,82.275,77.968,79.26,0,0
RND_MV,D,20250922,000000,79.26,82.491,79.26,79.69,0,0
RND_MV,D,20250923,000000,79.691,79.691,76.029,79.48,0,0
RND_MV,D,20250924,000000,77.106,81.414,77.106,81.41,0,0
RND_MV,D,20250925,000000,79.26,84,79.26,84,0,0
RND_MV,D,20250926,000000,81.844,81.844,81.84,81.84,0,0
RND_MV,D,20250929,000000,81.844,83.783,78.183,83.35,0,0
RND_MV,D,20250930,000000,83.352,83.352,78.829,83.35,0,0
RND_MV,D,20251001,000000,83.352,83.352,82.92,82.92,0,0
RND_MV,D,20251002,000000,83.567,83.783,81.844,83.78,0,0
RND_MV,D,20251003,000000,83.352,83.567,82.49,82.49,0,0
RND_MV,D,20251006,000000,82.921,83.783,82.706,83.78,0,0
RND_MV,D,20251007,000000,83.783,83.783,82.491,83.57,0,0
RND_MV,D,20251008,000000,83.783,83.783,83.567,83.57,0,0
RND_MV,D,20251009,000000,82.706,84.644,82.706,84.43,0,0
RND_MV,D,20251010,000000,84.429,84.43,83.352,84.43,0,0
RND_MV,D,20251013,000000,84.429,84.86,83.137,84.43,0,0
RND_MV,D,20251014,000000,83.998,84,83.998,84,0,0
RND_MV,D,20251015,000000,84.429,85.075,83.998,84.86,0,0
RND_MV,D,20251016,000000,84.86,84.86,81.41,81.41,0,0
RND_MV,D,20251017,000000,81.629,83.783,81.198,82.71,0,0
RND_MV,D,20251020,000000,83.783,83.998,82.92,82.92,0,0
RND_MV,D,20251021,000000,83.998,83.998,83.137,83.14,0,0
RND_MV,D,20251022,000000,86.152,86.152,83.352,85.94,0,0
RND_MV,D,20251023,000000,85.937,85.937,83.998,84.21,0,0
RND_MV,D,20251024,000000,86.798,86.798,83.998,84.21,0,0
RND_MV,D,20251027,000000,85.937,85.937,80.121,80.98,0,0
RND_MV,D,20251028,000000,81.414,83.783,80.768,80.98,0,0
RND_MV,D,20251029,000000,83.998,86.798,82.491,86.15,0,0
RND_MV,D,20251030,000000,81.844,85.08,81.844,85.08,0,0
RND_MV,D,20251031,000000,83.998,83.998,83.998,83.998,0,0
RND_MV,D,20251103,000000,84.429,84.43,84.429,84.43,0,0
RND_MV,D,20251104,000000,84.429,84.429,82.06,82.28,0,0
RND_MV,D,20251105,000000,82.06,83.998,81.414,82.06,0,0
RND_MV,D,20251106,000000,82.921,82.921,82.92,82.92,0,0
RND_MV,D,20251107,000000,82.921,82.921,81.198,81.2,0,0
RND_MV,D,20251110,000000,82.921,83.567,80.552,83.35,0,0
RND_MV,D,20251112,000000,80.552,81.414,78.829,78.83,0,0
RND_MV,D,20251113,000000,80.337,80.337,77.752,79.69,0,0
RND_MV,D,20251114,000000,79.691,80.337,75.814,79.69,0,0
RND_MV,D,20251117,000000,80.337,85.29,78.183,78.4,0,0
RND_MV,D,20251118,000000,83.783,83.783,78.398,82.49,0,0
RND_MV,D,20251119,000000,81.844,81.844,79.26,79.26,0,0
RND_MV,D,20251120,000000,82.706,82.921,82.706,82.92,0,0
RND_MV,D,20251121,000000,80.552,80.552,79.69,79.69,0,0
RND_MV,D,20251124,000000,80.337,81.198,78.183,78.61,0,0
RND_MV,D,20251125,000000,80.768,82.706,80.768,82.49,0,0
RND_MV,D,20251126,000000,80.983,81.414,79.26,79.26,0,0
RND_MV,D,20251127,000000,79.26,81.844,79.26,81.84,0,0
RND_MV,D,20251201,000000,80.121,80.121,78.614,78.83,0,0
RND_MV,D,20251202,000000,80.121,80.121,78.61,78.61,0,0
RND_MV,D,20251203,000000,78.829,78.829,77.537,78.18,0,0
RND_MV,D,20251204,000000,78.183,80.768,77.968,77.97,0,0
RND_MV,D,20251205,000000,79.691,79.691,78.61,78.61,0,0
RND_MV,D,20251208,000000,78.614,78.614,75.383,78.18,0,0
RND_MV,D,20251209,000000,78.398,78.614,76.46,76.46,0,0
RND_MV,D,20251210,000000,77.106,79.26,76.46,78.61,0,0
RND_MV,D,20251211,000000,77.537,77.537,75.814,76.03,0,0
RND_MV,D,20251212,000000,78.398,78.614,77.537,78.61,0,0
RND_MV,D,20251215,000000,79.475,79.691,78.398,79.69,0,0
RND_MV,D,20251216,000000,79.691,79.691,78.614,79.69,0,0
RND_MV,D,20251217,000000,79.691,80.34,79.691,80.34,0,0
RND_MV,D,20251218,000000,80.121,81.629,80.121,80.77,0,0
RND_MV,D,20251219,000000,81.629,81.844,80.12,80.12,0,0
RND_MV,D,20251222,000000,81.844,82.491,80.121,82.49,0,0
RND_MV,D,20251223,000000,82.706,85.721,82.706,85.721,0,0
RND_MV,D,20251229,000000,85.721,87.23,82.706,87.23,0,0
RND_MV,D,20251230,000000,87.229,88.74,82.921,88.74,0,0
RND_MV,D,20260102,000000,88.737,89.598,86.367,89.38,0,0
RND_MV,D,20260105,000000,89.598,89.598,86.367,88.31,0,0
RND_MV,D,20260107,000000,88.521,89.6,88.306,89.6,0,0
RND_MV,D,20260108,000000,89.598,89.6,87.014,89.6,0,0
RND_MV,D,20260109,000000,89.598,89.598,86.583,88.95,0,0
RND_MV,D,20260112,000000,85.075,93.69,85.075,92.83,0,0
RND_MV,D,20260113,000000,93.69,93.69,88.306,90.03,0,0
RND_MV,D,20260114,000000,88.306,88.306,88.09,88.09,0,0
RND_MV,D,20260115,000000,88.306,90.244,88.306,88.52,0,0
RND_MV,D,20260116,000000,90.029,90.46,90.029,90.46,0,0
RND_MV,D,20260119,000000,92.398,92.613,89.383,92.61,0,0
RND_MV,D,20260120,000000,94.552,96.921,92.613,94.77,0,0
RND_MV,D,20260121,000000,94.767,95.844,92.613,95.84,0,0
RND_MV,D,20260122,000000,95.844,95.844,95.84,95.84,0,0
RND_MV,D,20260123,000000,93.906,93.906,92.61,92.61,0,0
