<TICKER>,<PER>,<DATE>,<TIME>,<OPEN>,<HIGH>,<LOW>,<CLOSE>,<VOL>,<OPENINT>
SCP_PE,D,20170929,000000,0,0,0,0,0,0
SCP_PE,D,20221121,000000,1.21307,1.21307,1.21307,1.21307,0,0
SCP_PE,D,20221122,000000,1.14171,1.21307,1.14171,1.21307,0,0
SCP_PE,D,20221123,000000,1.21307,1.21307,1.21307,1.21307,0,0
SCP_PE,D,20221124,000000,1.21307,1.21307,1.21307,1.21307,0,0
SCP_PE,D,20221125,000000,1.21307,1.21307,1.21307,1.21307,0,0
SCP_PE,D,20221128,000000,1.21307,1.21307,1.21307,1.21307,0,0
SCP_PE,D,20221129,000000,1.21307,1.21307,1.21307,1.21307,0,0
SCP_PE,D,20221130,000000,1.21307,1.21307,1.21307,1.21307,0,0
SCP_PE,D,20221201,000000,1.21307,1.28442,1.21307,1.21307,0,0
SCP_PE,D,20221202,000000,1.21307,1.21307,1.21307,1.21307,0,0
SCP_PE,D,20221205,000000,1.21307,1.28442,1.21307,1.21307,0,0
SCP_PE,D,20221206,000000,1.21307,1.28442,1.21307,1.21307,0,0
SCP_PE,D,20221207,000000,1.21307,1.21307,1.21307,1.21307,0,0
SCP_PE,D,20221208,000000,1.21307,1.21307,1.21307,1.21307,0,0
SCP_PE,D,20221209,000000,1.21307,1.21307,1.21307,1.21307,0,0
SCP_PE,D,20221212,000000,1.21307,1.21307,1.21307,1.21307,0,0
SCP_PE,D,20221213,000000,1.21307,1.21307,1.21307,1.21307,0,0
SCP_PE,D,20221214,000000,1.21307,1.21307,1.21307,1.21307,0,0
SCP_PE,D,20221215,000000,1.21307,1.21307,1.21307,1.21307,0,0
SCP_PE,D,20221216,000000,1.21307,1.21307,1.21307,1.21307,0,0
SCP_PE,D,20221219,000000,1.21307,1.21307,1.21307,1.21307,0,0
SCP_PE,D,20221220,000000,1.21307,1.21307,1.21307,1.21307,0,0
SCP_PE,D,20221221,000000,1.21307,1.21307,1.21307,1.21307,0,0
SCP_PE,D,20221222,000000,1.21307,1.21307,1.21307,1.21307,0,0
SCP_PE,D,20221223,000000,1.21307,1.28442,1.21307,1.21307,0,0
SCP_PE,D,20221227,000000,1.21307,1.21307,1.14171,1.14171,0,0
SCP_PE,D,20221228,000000,1.14171,1.14171,1.14171,1.14171,0,0
SCP_PE,D,20221229,000000,1.14171,1.21307,1.14171,1.21307,0,0
SCP_PE,D,20221230,000000,1.21307,1.28442,1.21307,1.21307,0,0
SCP_PE,D,20230102,000000,1.21307,1.21307,1.14171,1.21307,0,0
SCP_PE,D,20230103,000000,1.21307,1.21307,1.21307,1.21307,0,0
SCP_PE,D,20230104,000000,1.21307,1.28442,1.21307,1.28442,0,0
SCP_PE,D,20230105,000000,1.35578,1.35578,1.28442,1.35578,0,0
SCP_PE,D,20230109,000000,1.35578,1.35578,1.35578,1.35578,0,0
SCP_PE,D,20230110,000000,1.35578,1.35578,1.35578,1.35578,0,0
SCP_PE,D,20230111,000000,1.35578,1.42714,1.35578,1.35578,0,0
SCP_PE,D,20230112,000000,1.35578,1.42714,1.35578,1.35578,0,0
SCP_PE,D,20230113,000000,1.42714,1.42714,1.35578,1.35578,0,0
SCP_PE,D,20230116,000000,1.35578,1.42714,1.35578,1.42714,0,0
SCP_PE,D,20230117,000000,1.49849,1.49849,1.42714,1.42714,0,0
SCP_PE,D,20230118,000000,1.42714,1.42714,1.42714,1.42714,0,0
SCP_PE,D,20230119,000000,1.42714,1.49849,1.42714,1.42714,0,0
SCP_PE,D,20230120,000000,1.49849,1.49849,1.42714,1.42714,0,0
SCP_PE,D,20230123,000000,1.42714,1.42714,1.35578,1.35578,0,0
SCP_PE,D,20230124,000000,1.35578,1.35578,1.28442,1.28442,0,0
SCP_PE,D,20230125,000000,1.28442,1.28442,1.28442,1.28442,0,0
SCP_PE,D,20230126,000000,1.28442,1.28442,1.28442,1.28442,0,0
SCP_PE,D,20230127,000000,1.28442,1.28442,1.28442,1.28442,0,0
SCP_PE,D,20230130,000000,1.28442,1.35578,1.28442,1.35578,0,0
SCP_PE,D,20230131,000000,1.35578,1.42714,1.35578,1.35578,0,0
SCP_PE,D,20230201,000000,1.35578,1.42714,1.35578,1.42714,0,0
SCP_PE,D,20230202,000000,1.42714,1.42714,1.42714,1.42714,0,0
SCP_PE,D,20230203,000000,1.42714,1.42714,1.42714,1.42714,0,0
SCP_PE,D,20230206,000000,1.42714,1.42714,1.42714,1.42714,0,0
SCP_PE,D,20230207,000000,1.42714,1.42714,1.42714,1.42714,0,0
SCP_PE,D,20230208,000000,1.42714,1.42714,1.42714,1.42714,0,0
SCP_PE,D,20230209,000000,1.42714,1.42714,1.42714,1.42714,0,0
SCP_PE,D,20230210,000000,1.42714,1.42714,1.42714,1.42714,0,0
SCP_PE,D,20230213,000000,1.42714,1.42714,1.42714,1.42714,0,0
SCP_PE,D,20230214,000000,1.42714,1.49849,1.42714,1.42714,0,0
SCP_PE,D,20230215,000000,1.42714,1.42714,1.42714,1.42714,0,0
SCP_PE,D,20230216,000000,1.42714,1.56985,1.42714,1.56985,0,0
SCP_PE,D,20230217,000000,1.56985,1.64121,1.56985,1.56985,0,0
SCP_PE,D,20230220,000000,1.56985,1.71256,1.49849,1.71256,0,0
SCP_PE,D,20230221,000000,1.78392,1.78392,1.71256,1.71256,0,0
SCP_PE,D,20230222,000000,1.71256,1.71256,1.64121,1.71256,0,0
SCP_PE,D,20230223,000000,1.71256,1.71256,1.71256,1.71256,0,0
SCP_PE,D,20230224,000000,1.71256,1.78392,1.71256,1.71256,0,0
SCP_PE,D,20230227,000000,1.71256,1.78392,1.71256,1.78392,0,0
SCP_PE,D,20230228,000000,1.78392,1.85528,1.78392,1.85528,0,0
SCP_PE,D,20230301,000000,1.85528,2.06935,1.85528,1.92663,0,0
SCP_PE,D,20230302,000000,1.92663,2.06935,1.92663,1.99799,0,0
SCP_PE,D,20230303,000000,1.99799,2.06935,1.99799,2.06935,0,0
SCP_PE,D,20230306,000000,2.06935,2.1407,2.06935,2.06935,0,0
SCP_PE,D,20230307,000000,2.06935,2.06935,1.85528,1.99799,0,0
SCP_PE,D,20230308,000000,1.99799,1.99799,1.92663,1.92663,0,0
SCP_PE,D,20230309,000000,1.92663,1.99799,1.92663,1.92663,0,0
SCP_PE,D,20230310,000000,1.92663,1.99799,1.92663,1.99799,0,0
SCP_PE,D,20230313,000000,1.99799,2.06935,1.92663,1.99799,0,0
SCP_PE,D,20230314,000000,1.99799,2.06935,1.99799,1.99799,0,0
SCP_PE,D,20230315,000000,1.99799,1.99799,1.92663,1.92663,0,0
SCP_PE,D,20230316,000000,1.92663,1.99799,1.92663,1.92663,0,0
SCP_PE,D,20230317,000000,1.92663,1.92663,1.85528,1.92663,0,0
SCP_PE,D,20230320,000000,1.92663,1.99799,1.92663,1.92663,0,0
SCP_PE,D,20230321,000000,1.92663,1.99799,1.85528,1.92663,0,0
SCP_PE,D,20230322,000000,1.99799,1.99799,1.85528,1.85528,0,0
SCP_PE,D,20230323,000000,1.85528,1.92663,1.78392,1.85528,0,0
SCP_PE,D,20230324,000000,2.1,2.1,1.7,1.7,0,0
SCP_PE,D,20230327,000000,1.7,2.4,1.6,1.7,0,0
SCP_PE,D,20230328,000000,1.7,1.7,1.6,1.6,0,0
SCP_PE,D,20230329,000000,1.6,1.7,1.6,1.7,0,0
SCP_PE,D,20230330,000000,1.7,1.7,1.7,1.7,0,0
SCP_PE,D,20230331,000000,1.7,1.8,1.7,1.7,0,0
SCP_PE,D,20230403,000000,1.7,1.7,1.6,1.6,0,0
SCP_PE,D,20230404,000000,1.6,1.6,1.6,1.6,0,0
SCP_PE,D,20230405,000000,1.6,1.6,1.5,1.5,0,0
SCP_PE,D,20230406,000000,1.5,1.6,1.5,1.6,0,0
SCP_PE,D,20230411,000000,1.6,1.6,1.5,1.5,0,0
SCP_PE,D,20230412,000000,1.5,1.6,1.5,1.6,0,0
SCP_PE,D,20230413,000000,1.6,1.6,1.6,1.6,0,0
SCP_PE,D,20230414,000000,1.6,1.6,1.6,1.6,0,0
SCP_PE,D,20230417,000000,1.6,1.8,1.6,1.7,0,0
SCP_PE,D,20230418,000000,1.7,1.7,1.6,1.7,0,0
SCP_PE,D,20230419,000000,1.7,1.7,1.7,1.7,0,0
SCP_PE,D,20230420,000000,1.7,1.7,1.7,1.7,0,0
SCP_PE,D,20230421,000000,1.7,1.7,1.7,1.7,0,0
SCP_PE,D,20230424,000000,1.7,1.7,1.7,1.7,0,0
SCP_PE,D,20230425,000000,1.7,1.7,1.7,1.7,0,0
SCP_PE,D,20230426,000000,1.7,1.7,1.7,1.7,0,0
SCP_PE,D,20230427,000000,1.7,1.7,1.6,1.6,0,0
SCP_PE,D,20230428,000000,1.6,1.6,1.6,1.6,0,0
SCP_PE,D,20230502,000000,1.6,1.6,1.6,1.6,0,0
SCP_PE,D,20230504,000000,1.6,1.7,1.6,1.7,0,0
SCP_PE,D,20230505,000000,1.7,1.7,1.7,1.7,0,0
SCP_PE,D,20230508,000000,1.7,1.8,1.7,1.7,0,0
SCP_PE,D,20230509,000000,1.7,1.8,1.7,1.8,0,0
SCP_PE,D,20230510,000000,1.8,2,1.8,1.9,0,0
SCP_PE,D,20230511,000000,1.9,1.9,1.8,1.8,0,0
SCP_PE,D,20230512,000000,1.8,1.9,1.8,1.9,0,0
SCP_PE,D,20230515,000000,1.9,1.9,1.9,1.9,0,0
SCP_PE,D,20230516,000000,1.9,1.9,1.9,1.9,0,0
SCP_PE,D,20230517,000000,1.9,1.9,1.9,1.9,0,0
SCP_PE,D,20230518,000000,1.9,1.9,1.8,1.8,0,0
SCP_PE,D,20230519,000000,1.8,1.9,1.8,1.9,0,0
SCP_PE,D,20230522,000000,1.9,1.9,1.8,1.8,0,0
SCP_PE,D,20230523,000000,1.8,1.8,1.8,1.8,0,0
SCP_PE,D,20230524,000000,1.8,1.8,1.8,1.8,0,0
SCP_PE,D,20230525,000000,1.8,1.8,1.7,1.7,0,0
SCP_PE,D,20230526,000000,1.7,1.7,1.7,1.7,0,0
SCP_PE,D,20230529,000000,1.7,1.7,1.6,1.7,0,0
SCP_PE,D,20230530,000000,1.7,1.7,1.7,1.7,0,0
SCP_PE,D,20230531,000000,1.7,1.7,1.6,1.6,0,0
SCP_PE,D,20230601,000000,1.6,1.6,1.6,1.6,0,0
SCP_PE,D,20230602,000000,1.6,1.7,1.6,1.7,0,0
SCP_PE,D,20230605,000000,1.7,1.7,1.7,1.7,0,0
SCP_PE,D,20230606,000000,1.7,1.7,1.7,1.7,0,0
SCP_PE,D,20230607,000000,1.7,1.7,1.7,1.7,0,0
SCP_PE,D,20230609,000000,1.7,1.7,1.7,1.7,0,0
SCP_PE,D,20230612,000000,1.7,1.7,1.6,1.7,0,0
SCP_PE,D,20230613,000000,1.7,1.8,1.6,1.6,0,0
SCP_PE,D,20230614,000000,1.6,1.7,1.6,1.7,0,0
SCP_PE,D,20230615,000000,1.7,1.7,1.6,1.7,0,0
SCP_PE,D,20230616,000000,1.7,1.7,1.7,1.7,0,0
SCP_PE,D,20230619,000000,1.7,1.7,1.6,1.6,0,0
SCP_PE,D,20230620,000000,1.6,1.7,1.6,1.7,0,0
SCP_PE,D,20230621,000000,1.7,1.7,1.7,1.7,0,0
SCP_PE,D,20230622,000000,1.7,1.7,1.7,1.7,0,0
SCP_PE,D,20230623,000000,1.7,1.7,1.6,1.6,0,0
SCP_PE,D,20230626,000000,1.6,1.6,1.6,1.6,0,0
SCP_PE,D,20230627,000000,1.6,1.6,1.6,1.6,0,0
SCP_PE,D,20230628,000000,1.6,1.6,1.6,1.6,0,0
SCP_PE,D,20230629,000000,1.4,1.5,1.4,1.5,0,0
SCP_PE,D,20230630,000000,1.4,1.5,1.4,1.5,0,0
SCP_PE,D,20230703,000000,1.5,1.5,1.5,1.5,0,0
SCP_PE,D,20230704,000000,1.5,1.5,1.5,1.5,0,0
SCP_PE,D,20230705,000000,1.5,1.5,1.5,1.5,0,0
SCP_PE,D,20230706,000000,1.5,1.5,1.5,1.5,0,0
SCP_PE,D,20230707,000000,1.5,1.5,1.5,1.5,0,0
SCP_PE,D,20230710,000000,1.5,1.5,1.5,1.5,0,0
SCP_PE,D,20230711,000000,1.5,1.5,1.4,1.4,0,0
SCP_PE,D,20230712,000000,1.4,1.4,1.4,1.4,0,0
SCP_PE,D,20230713,000000,1.4,1.4,1.4,1.4,0,0
SCP_PE,D,20230714,000000,1.4,1.5,1.4,1.5,0,0
SCP_PE,D,20230717,000000,1.5,1.5,1.4,1.4,0,0
SCP_PE,D,20230718,000000,1.4,1.4,1.4,1.4,0,0
SCP_PE,D,20230719,000000,1.4,1.4,1.4,1.4,0,0
SCP_PE,D,20230720,000000,1.4,1.4,1.4,1.4,0,0
SCP_PE,D,20230721,000000,1.4,1.4,1.4,1.4,0,0
SCP_PE,D,20230724,000000,1.4,1.4,1.4,1.4,0,0
SCP_PE,D,20230725,000000,1.4,1.4,1.4,1.4,0,0
SCP_PE,D,20230726,000000,1.4,1.4,1.4,1.4,0,0
SCP_PE,D,20230727,000000,1.4,1.4,1.4,1.4,0,0
SCP_PE,D,20230728,000000,1.4,1.4,1.4,1.4,0,0
SCP_PE,D,20230731,000000,1.4,1.4,1.4,1.4,0,0
SCP_PE,D,20230801,000000,1.4,1.4,1.4,1.4,0,0
SCP_PE,D,20230802,000000,1.4,1.4,1.4,1.4,0,0
SCP_PE,D,20230803,000000,1.4,1.4,1.4,1.4,0,0
SCP_PE,D,20230804,000000,1.4,1.41,1.4,1.4,0,0
SCP_PE,D,20230807,000000,1.4,1.408,1.387,1.4,0,0
SCP_PE,D,20230808,000000,1.4,1.404,1.379,1.4,0,0
SCP_PE,D,20230809,000000,1.404,1.404,1.366,1.4,0,0
SCP_PE,D,20230810,000000,1.4,1.413,1.387,1.4,0,0
SCP_PE,D,20230811,000000,1.4,1.409,1.374,1.4,0,0
SCP_PE,D,20230814,000000,1.4,1.496,1.387,1.4,0,0
SCP_PE,D,20230816,000000,1.429,1.429,1.383,1.4,0,0
SCP_PE,D,20230817,000000,1.392,1.4,1.379,1.4,0,0
SCP_PE,D,20230818,000000,1.4,1.4,1.383,1.4,0,0
SCP_PE,D,20230821,000000,1.408,1.468,1.4,1.4,0,0
SCP_PE,D,20230822,000000,1.4,1.4,1.363,1.4,0,0
SCP_PE,D,20230823,000000,1.4,1.4,1.379,1.4,0,0
SCP_PE,D,20230824,000000,1.4,1.4,1.392,1.4,0,0
SCP_PE,D,20230825,000000,1.4,1.4,1.387,1.4,0,0
SCP_PE,D,20230828,000000,1.4,1.421,1.375,1.4,0,0
SCP_PE,D,20230829,000000,1.396,1.4,1.362,1.4,0,0
SCP_PE,D,20230830,000000,1.4,1.43,1.391,1.4,0,0
SCP_PE,D,20230831,000000,1.396,1.4,1.371,1.4,0,0
SCP_PE,D,20230901,000000,1.4,1.404,1.383,1.4,0,0
SCP_PE,D,20230904,000000,1.467,1.5,1.404,1.5,0,0
SCP_PE,D,20230905,000000,1.5,1.5,1.4,1.4,0,0
SCP_PE,D,20230906,000000,1.387,1.4,1.341,1.4,0,0
SCP_PE,D,20230907,000000,1.409,1.422,1.396,1.4,0,0
SCP_PE,D,20230908,000000,1.4,1.417,1.383,1.4,0,0
SCP_PE,D,20230911,000000,1.392,1.413,1.37,1.4,0,0
SCP_PE,D,20230912,000000,1.442,1.5,1.434,1.5,0,0
SCP_PE,D,20230913,000000,1.509,1.517,1.491,1.5,0,0
SCP_PE,D,20230914,000000,1.5,1.509,1.478,1.5,0,0
SCP_PE,D,20230915,000000,1.5,1.509,1.474,1.5,0,0
SCP_PE,D,20230918,000000,1.496,1.5,1.474,1.5,0,0
SCP_PE,D,20230919,000000,1.5,1.513,1.487,1.5,0,0
SCP_PE,D,20230920,000000,1.504,1.504,1.457,1.5,0,0
SCP_PE,D,20230921,000000,1.5,1.5,1.4,1.4,0,0
SCP_PE,D,20230922,000000,1.375,1.4,1.375,1.4,0,0
SCP_PE,D,20230925,000000,1.413,1.433,1.379,1.4,0,0
SCP_PE,D,20230926,000000,1.4,1.408,1.387,1.4,0,0
SCP_PE,D,20230927,000000,1.4,1.4,1.329,1.4,0,0
SCP_PE,D,20230928,000000,1.4,1.404,1.366,1.4,0,0
SCP_PE,D,20230929,000000,1.4,1.444,1.4,1.4,0,0
SCP_PE,D,20231002,000000,1.4,1.409,1.383,1.4,0,0
SCP_PE,D,20231003,000000,1.404,1.426,1.383,1.4,0,0
SCP_PE,D,20231004,000000,1.392,1.4,1.354,1.4,0,0
SCP_PE,D,20231005,000000,1.404,1.438,1.392,1.4,0,0
SCP_PE,D,20231006,000000,1.396,1.413,1.396,1.4,0,0
SCP_PE,D,20231009,000000,1.4,1.442,1.387,1.4,0,0
SCP_PE,D,20231010,000000,1.388,1.4,1.367,1.4,0,0
SCP_PE,D,20231011,000000,1.367,1.4,1.338,1.4,0,0
SCP_PE,D,20231012,000000,1.421,1.426,1.4,1.4,0,0
SCP_PE,D,20231013,000000,1.4,1.409,1.387,1.4,0,0
SCP_PE,D,20231016,000000,1.4,1.4,1.387,1.4,0,0
SCP_PE,D,20231017,000000,1.4,1.4,1.366,1.4,0,0
SCP_PE,D,20231018,000000,1.4,1.4,1.391,1.4,0,0
SCP_PE,D,20231019,000000,1.409,1.413,1.391,1.4,0,0
SCP_PE,D,20231020,000000,1.387,1.4,1.378,1.4,0,0
SCP_PE,D,20231023,000000,1.4,1.4,1.378,1.4,0,0
SCP_PE,D,20231024,000000,1.4,1.4,1.387,1.4,0,0
SCP_PE,D,20231025,000000,1.396,1.396,1.3,1.3,0,0
SCP_PE,D,20231026,000000,1.3,1.317,1.271,1.3,0,0
SCP_PE,D,20231027,000000,1.3,1.3,1.275,1.3,0,0
SCP_PE,D,20231030,000000,1.3,1.325,1.296,1.3,0,0
SCP_PE,D,20231031,000000,1.3,1.308,1.287,1.3,0,0
SCP_PE,D,20231102,000000,1.3,1.308,1.275,1.3,0,0
SCP_PE,D,20231103,000000,1.3,1.339,1.287,1.3,0,0
SCP_PE,D,20231106,000000,1.3,1.326,1.3,1.3,0,0
SCP_PE,D,20231107,000000,1.3,1.3,1.283,1.3,0,0
SCP_PE,D,20231108,000000,1.334,1.403,1.334,1.4,0,0
SCP_PE,D,20231109,000000,1.404,1.418,1.396,1.4,0,0
SCP_PE,D,20231110,000000,1.4,1.409,1.3,1.3,0,0
SCP_PE,D,20231113,000000,1.312,1.4,1.312,1.4,0,0
SCP_PE,D,20231114,000000,1.4,1.425,1.383,1.4,0,0
SCP_PE,D,20231115,000000,1.404,1.404,1.383,1.4,0,0
SCP_PE,D,20231116,000000,1.4,1.417,1.392,1.4,0,0
SCP_PE,D,20231117,000000,1.4,1.425,1.366,1.4,0,0
SCP_PE,D,20231120,000000,1.409,1.417,1.4,1.4,0,0
SCP_PE,D,20231121,000000,1.4,1.409,1.362,1.4,0,0
SCP_PE,D,20231122,000000,1.404,1.404,1.374,1.4,0,0
SCP_PE,D,20231123,000000,1.4,1.409,1.4,1.4,0,0
SCP_PE,D,20231124,000000,1.404,1.46,1.391,1.4,0,0
SCP_PE,D,20231127,000000,1.4,1.6,1.384,1.6,0,0
SCP_PE,D,20231128,000000,1.6,1.652,1.596,1.6,0,0
SCP_PE,D,20231129,000000,1.6,1.604,1.511,1.511,0,0
SCP_PE,D,20250430,000000,6.9,6.9,6.9,6.9,0,0
SCP_PE,D,20250502,000000,6.941,7,6.867,7,0,0
SCP_PE,D,20250505,000000,6.983,7.242,6.958,7.1,0,0
SCP_PE,D,20250506,000000,7.184,7.242,7.083,7.1,0,0
SCP_PE,D,20250507,000000,7.259,7.3,7.133,7.2,0,0
SCP_PE,D,20250508,000000,7.2,7.2,7.001,7.1,0,0
SCP_PE,D,20250509,000000,7.1,7.285,7,7,0,0
SCP_PE,D,20250512,000000,7.075,7.208,7.075,7.2,0,0
SCP_PE,D,20250513,000000,7.217,7.259,7.183,7.2,0,0
SCP_PE,D,20250514,000000,7.167,7.25,7.167,7.2,0,0
SCP_PE,D,20250515,000000,7.233,7.242,7.141,7.2,0,0
SCP_PE,D,20250516,000000,7.217,7.225,7,7,0,0
SCP_PE,D,20250519,000000,7.075,7.2,6.859,7.2,0,0
SCP_PE,D,20250520,000000,7.091,7.208,7.066,7.1,0,0
SCP_PE,D,20250521,000000,7.058,7.075,6.849,7.058,0,0
SCP_PE,D,20250522,000000,6.758,6.758,6.5,6.5,0,0
SCP_PE,D,20250523,000000,6.566,7,6.475,7,0,0
SCP_PE,D,20250526,000000,7,7,6.903,7,0,0
SCP_PE,D,20250527,000000,7,7.009,6.814,7,0,0
SCP_PE,D,20250528,000000,7,7,6.8,6.8,0,0
SCP_PE,D,20250529,000000,6.88,6.88,6.72,6.8,0,0
SCP_PE,D,20250530,000000,6.827,6.836,6.648,6.7,0,0
SCP_PE,D,20250602,000000,6.673,6.7,6.541,6.7,0,0
SCP_PE,D,20250603,000000,6.691,6.691,6.557,6.6,0,0
SCP_PE,D,20250604,000000,6.6,6.724,6.565,6.7,0,0
SCP_PE,D,20250605,000000,6.7,6.7,6.62,6.7,0,0
SCP_PE,D,20250606,000000,6.7,6.7,6.566,6.6,0,0
SCP_PE,D,20250609,000000,6.645,6.645,6.493,6.5,0,0
SCP_PE,D,20250610,000000,6.554,6.634,6.5,6.6,0,0
SCP_PE,D,20250611,000000,6.6,6.734,6.466,6.7,0,0
SCP_PE,D,20250612,000000,6.691,6.7,6.558,6.7,0,0
SCP_PE,D,20250613,000000,6.593,6.7,6.575,6.7,0,0
SCP_PE,D,20250616,000000,6.7,6.727,6.673,6.7,0,0
SCP_PE,D,20250617,000000,6.727,6.727,6.6,6.6,0,0
SCP_PE,D,20250618,000000,6.573,6.6,6.511,6.6,0,0
SCP_PE,D,20250620,000000,6.547,6.725,6.538,6.7,0,0
SCP_PE,D,20250623,000000,6.709,7.011,6.584,6.7,0,0
SCP_PE,D,20250624,000000,6.62,6.834,6.62,6.7,0,0
SCP_PE,D,20250625,000000,6.825,6.852,6.655,6.7,0,0
SCP_PE,D,20250626,000000,6.655,6.763,6.655,6.7,0,0
SCP_PE,D,20250627,000000,6.655,6.718,6.628,6.7,0,0
SCP_PE,D,20250630,000000,6.664,6.7,6.548,6.7,0,0
SCP_PE,D,20250701,000000,6.7,6.7,6.539,6.6,0,0
SCP_PE,D,20250702,000000,6.591,6.8,6.494,6.8,0,0
SCP_PE,D,20250703,000000,6.8,6.862,6.631,6.7,0,0
SCP_PE,D,20250704,000000,6.852,6.852,6.601,6.7,0,0
SCP_PE,D,20250707,000000,6.718,6.816,6.718,6.8,0,0
SCP_PE,D,20250708,000000,6.809,7.032,6.773,7,0,0
SCP_PE,D,20250709,000000,7.009,7.222,7.009,7.1,0,0
SCP_PE,D,20250710,000000,7.153,7.304,7.003,7.3,0,0
SCP_PE,D,20250711,000000,7.247,7.388,7.132,7.3,0,0
SCP_PE,D,20250714,000000,7.264,7.282,7.1,7.1,0,0
SCP_PE,D,20250715,000000,7.153,7.153,7.003,7.1,0,0
SCP_PE,D,20250716,000000,7.278,7.278,7.02,7.1,0,0
SCP_PE,D,20250717,000000,7.136,7.261,7.037,7.2,0,0
SCP_PE,D,20250718,000000,7.209,7.227,7.049,7.1,0,0
SCP_PE,D,20250721,000000,7.082,7.2,7.038,7.2,0,0
SCP_PE,D,20250722,000000,7.209,7.209,6.9,6.9,0,0
SCP_PE,D,20250723,000000,6.9,7.024,6.9,7,0,0
SCP_PE,D,20250724,000000,7,7.1,7,7.1,0,0
SCP_PE,D,20250725,000000,7.109,7.163,7.019,7.1,0,0
SCP_PE,D,20250728,000000,7.1,7.189,6.949,7.1,0,0
SCP_PE,D,20250729,000000,7.153,7.153,6.931,7,0,0
SCP_PE,D,20250730,000000,7.018,7.018,6.894,7,0,0
SCP_PE,D,20250731,000000,7,7.009,6.92,7,0,0
SCP_PE,D,20250801,000000,7,7.027,6.9,6.9,0,0
SCP_PE,D,20250804,000000,6.971,6.971,6.865,6.9,0,0
SCP_PE,D,20250805,000000,6.9,6.9,6.856,6.9,0,0
SCP_PE,D,20250806,000000,6.9,6.953,6.847,6.9,0,0
SCP_PE,D,20250807,000000,6.918,6.971,6.882,6.9,0,0
SCP_PE,D,20250808,000000,6.9,6.9,6.731,6.8,0,0
SCP_PE,D,20250811,000000,6.729,6.8,6.729,6.8,0,0
SCP_PE,D,20250812,000000,6.818,6.818,6.7,6.7,0,0
SCP_PE,D,20250813,000000,6.7,6.7,6.638,6.7,0,0
SCP_PE,D,20250814,000000,6.7,6.7,6.6,6.6,0,0
SCP_PE,D,20250818,000000,6.609,6.609,6.591,6.6,0,0
SCP_PE,D,20250819,000000,6.6,6.9,6.6,6.9,0,0
SCP_PE,D,20250820,000000,6.9,6.972,6.8,6.8,0,0
SCP_PE,D,20250821,000000,6.836,6.9,6.791,6.9,0,0
SCP_PE,D,20250822,000000,6.9,6.9,6.882,6.9,0,0
SCP_PE,D,20250825,000000,6.891,6.927,6.8,6.8,0,0
SCP_PE,D,20250826,000000,6.853,6.853,6.8,6.8,0,0
SCP_PE,D,20250827,000000,6.809,6.9,6.791,6.9,0,0
SCP_PE,D,20250828,000000,6.972,6.972,6.9,6.9,0,0
SCP_PE,D,20250829,000000,6.909,7,6.838,7,0,0
SCP_PE,D,20250901,000000,7,7.009,6.849,7,0,0
SCP_PE,D,20250902,000000,7,7,6.9,6.9,0,0
SCP_PE,D,20250903,000000,6.909,6.909,6.75,6.8,0,0
SCP_PE,D,20250904,000000,6.835,6.9,6.632,6.9,0,0
SCP_PE,D,20250905,000000,6.891,6.891,6.8,6.8,0,0
SCP_PE,D,20250908,000000,6.8,6.889,6.72,6.8,0,0
SCP_PE,D,20250909,000000,6.818,6.88,6.791,6.8,0,0
SCP_PE,D,20250910,000000,6.809,6.809,6.569,6.7,0,0
SCP_PE,D,20250911,000000,6.709,6.797,6.7,6.7,0,0
SCP_PE,D,20250912,000000,6.7,6.9,6.7,6.9,0,0
SCP_PE,D,20250915,000000,6.9,7.6,6.803,7.6,0,0
SCP_PE,D,20250916,000000,7.591,7.6,7.341,7.5,0,0
SCP_PE,D,20250917,000000,7.5,7.5,7.214,7.3,0,0
SCP_PE,D,20250918,000000,7.3,7.406,7.15,7.3,0,0
SCP_PE,D,20250919,000000,7.469,7.8,7.247,7.8,0,0
SCP_PE,D,20250922,000000,7.791,7.791,7.534,7.7,0,0
SCP_PE,D,20250923,000000,7.7,7.875,7.7,7.8,0,0
SCP_PE,D,20250924,000000,7.846,7.846,7.681,7.8,0,0
SCP_PE,D,20250925,000000,7.809,7.809,7.645,7.7,0,0
SCP_PE,D,20250926,000000,7.709,7.782,7.7,7.7,0,0
SCP_PE,D,20250929,000000,7.691,7.8,7.691,7.8,0,0
SCP_PE,D,20250930,000000,7.772,7.8,7.763,7.8,0,0
SCP_PE,D,20251001,000000,7.754,7.8,7.754,7.8,0,0
SCP_PE,D,20251002,000000,7.8,7.8,7.671,7.7,0,0
SCP_PE,D,20251003,000000,7.672,7.7,7.5,7.5,0,0
SCP_PE,D,20251006,000000,7.5,7.5,7.326,7.4,0,0
SCP_PE,D,20251007,000000,7.318,7.391,7.199,7.3,0,0
SCP_PE,D,20251008,000000,7.282,7.4,7.117,7.4,0,0
SCP_PE,D,20251009,000000,7.326,7.465,7.3,7.3,0,0
SCP_PE,D,20251010,000000,7.3,7.5,7.227,7.5,0,0
SCP_PE,D,20251013,000000,7.583,7.905,7.583,7.7,0,0
SCP_PE,D,20251014,000000,7.774,7.774,7.635,7.7,0,0
SCP_PE,D,20251015,000000,7.691,8.14,7.627,8.1,0,0
SCP_PE,D,20251016,000000,8.1,8.329,7.972,8.3,0,0
SCP_PE,D,20251017,000000,8.3,8.3,7.988,8.2,0,0
SCP_PE,D,20251020,000000,8.182,8.2,8.026,8.2,0,0
SCP_PE,D,20251021,000000,8.2,8.283,7.988,8.1,0,0
SCP_PE,D,20251022,000000,7.989,8.045,7.934,8,0,0
SCP_PE,D,20251023,000000,7.963,8.321,7.963,8.1,0,0
SCP_PE,D,20251024,000000,8.1,8.1,7.963,8.1,0,0
SCP_PE,D,20251027,000000,7.751,7.751,6.981,7,0,0
SCP_PE,D,20251028,000000,7.037,7.35,6.742,7.2,0,0
SCP_PE,D,20251029,000000,7.025,7.32,7.025,7.2,0,0
SCP_PE,D,20251030,000000,7.2,7.228,7.08,7.1,0,0
SCP_PE,D,20251031,000000,7.081,7.202,6.887,6.989,0,0
SCP_PE,D,20251103,000000,6.98,7.109,6.952,7,0,0
SCP_PE,D,20251104,000000,7.037,7.055,6.963,7,0,0
SCP_PE,D,20251105,000000,6.954,7.1,6.954,7.1,0,0
SCP_PE,D,20251106,000000,7.1,7.1,7,7,0,0
SCP_PE,D,20251107,000000,7,7.009,6.918,7,0,0
SCP_PE,D,20251110,000000,7,7.037,7,7,0,0
SCP_PE,D,20251112,000000,7,7.018,6.909,7,0,0
SCP_PE,D,20251113,000000,7.018,7.018,6.9,6.9,0,0
SCP_PE,D,20251114,000000,6.882,6.9,6.809,6.9,0,0
SCP_PE,D,20251117,000000,6.909,6.909,6.771,6.8,0,0
SCP_PE,D,20251118,000000,6.8,6.8,6.634,6.7,0,0
SCP_PE,D,20251119,000000,6.746,6.755,6.7,6.7,0,0
SCP_PE,D,20251120,000000,6.746,6.792,6.7,6.7,0,0
SCP_PE,D,20251121,000000,6.737,6.737,6.654,6.7,0,0
SCP_PE,D,20251124,000000,6.682,6.746,6.682,6.7,0,0
SCP_PE,D,20251125,000000,6.728,6.746,6.7,6.7,0,0
SCP_PE,D,20251126,000000,6.7,6.968,6.654,6.9,0,0
SCP_PE,D,20251127,000000,6.882,7.8,6.681,7.8,0,0
SCP_PE,D,20251128,000000,7.821,7.9,7.779,7.9,0,0
SCP_PE,D,20251201,000000,7.9,7.9,7.664,7.8,0,0
SCP_PE,D,20251202,000000,7.704,7.843,7.7,7.7,0,0
SCP_PE,D,20251203,000000,7.7,7.8,7.7,7.8,0,0
SCP_PE,D,20251204,000000,7.8,8.5,7.725,8.5,0,0
SCP_PE,D,20251205,000000,8.5,8.6,8.477,8.6,0,0
SCP_PE,D,20251208,000000,8.565,8.588,8.391,8.5,0,0
SCP_PE,D,20251209,000000,8.558,8.558,8.4,8.4,0,0
SCP_PE,D,20251210,000000,8.458,8.5,8.284,8.5,0,0
SCP_PE,D,20251211,000000,8.535,8.535,8.4,8.4,0,0
SCP_PE,D,20251212,000000,8.423,8.423,8.296,8.4,0,0
SCP_PE,D,20251215,000000,8.4,8.494,8.4,8.4,0,0
SCP_PE,D,20251216,000000,8.412,8.412,8.295,8.4,0,0
SCP_PE,D,20251217,000000,8.4,8.412,8.342,8.4,0,0
SCP_PE,D,20251218,000000,8.412,8.412,8.295,8.3,0,0
SCP_PE,D,20251219,000000,8.323,8.44,8.265,8.3,0,0
SCP_PE,D,20251222,000000,8.394,8.475,8.3,8.3,0,0
SCP_PE,D,20251223,000000,8.358,8.416,8.265,8.335,0,0
SCP_PE,D,20251229,000000,8.091,8.114,7.882,8,0,0
SCP_PE,D,20251230,000000,8.012,8.035,7.896,7.9,0,0
SCP_PE,D,20260102,000000,8.004,8.178,8.004,8.1,0,0
SCP_PE,D,20260105,000000,8.17,8.39,8.1,8.3,0,0
SCP_PE,D,20260107,000000,8.323,8.358,8.2,8.2,0,0
SCP_PE,D,20260108,000000,8.258,8.258,8.026,8.2,0,0
SCP_PE,D,20260109,000000,8.2,8.351,8.2,8.3,0,0
SCP_PE,D,20260112,000000,8.3,8.578,8.277,8.5,0,0
SCP_PE,D,20260113,000000,8.488,8.558,8.372,8.4,0,0
SCP_PE,D,20260114,000000,8.388,8.447,8.342,8.4,0,0
SCP_PE,D,20260115,000000,8.4,8.446,8.342,8.4,0,0
SCP_PE,D,20260116,000000,8.4,8.5,8.342,8.5,0,0
SCP_PE,D,20260119,000000,8.5,8.535,8.4,8.4,0,0
SCP_PE,D,20260120,000000,8.4,8.4,8.272,8.3,0,0
SCP_PE,D,20260121,000000,8.335,8.335,8.126,8.2,0,0
SCP_PE,D,20260122,000000,8.212,8.535,8.154,8.5,0,0
SCP_PE,D,20260123,000000,8.5,8.57,8.4,8.4,0,0
