<TICKER>,<PER>,<DATE>,<TIME>,<OPEN>,<HIGH>,<LOW>,<CLOSE>,<VOL>,<OPENINT>
SLV_MV,D,20191016,000000,338.02,338.02,338.02,338.02,0,0
SLV_MV,D,20191017,000000,350.9,350.9,329.97,342.85,0,0
SLV_MV,D,20191018,000000,334.8,342.85,334.8,342.85,0,0
SLV_MV,D,20191021,000000,342.85,352.51,338.02,352.51,0,0
SLV_MV,D,20191022,000000,354.12,392.75,354.12,392.75,0,0
SLV_MV,D,20191023,000000,393.39,426.55,373.43,391.14,0,0
SLV_MV,D,20191024,000000,391.14,391.14,364.74,374.24,0,0
SLV_MV,D,20191025,000000,374.24,386.79,370.21,373.43,0,0
SLV_MV,D,20191028,000000,385.67,390.01,365.46,388.64,0,0
SLV_MV,D,20191029,000000,392.75,400.8,385.5,399.19,0,0
SLV_MV,D,20191030,000000,399.99,418.5,399.99,413.67,0,0
SLV_MV,D,20191031,000000,416.89,416.89,402.41,408.84,0,0
SLV_MV,D,20191104,000000,417.7,417.7,394.36,395.97,0,0
SLV_MV,D,20191105,000000,417.7,417.7,386.31,410.53,0,0
SLV_MV,D,20191106,000000,402.41,415.28,402.41,409.41,0,0
SLV_MV,D,20191107,000000,408.84,413.19,402.41,410.45,0,0
SLV_MV,D,20191108,000000,402.41,410.45,397.58,402.41,0,0
SLV_MV,D,20191112,000000,402.41,408.84,399.19,399.19,0,0
SLV_MV,D,20191113,000000,402.41,407.23,402.41,405.62,0,0
SLV_MV,D,20191114,000000,405.62,412.06,405.62,405.62,0,0
SLV_MV,D,20191115,000000,412.06,412.06,391.14,395.97,0,0
SLV_MV,D,20191118,000000,396.77,410.45,396.77,402.41,0,0
SLV_MV,D,20191119,000000,410.45,410.45,396.77,400.8,0,0
SLV_MV,D,20191120,000000,402.41,402.41,395.97,399.19,0,0
SLV_MV,D,20191121,000000,399.27,402.41,396.13,396.13,0,0
SLV_MV,D,20191122,000000,396.29,399.19,392.75,392.75,0,0
SLV_MV,D,20191125,000000,395.97,395.97,366.99,376.65,0,0
SLV_MV,D,20191126,000000,365.38,376.65,362.17,370.21,0,0
SLV_MV,D,20191127,000000,375.85,375.85,366.99,369.41,0,0
SLV_MV,D,20191128,000000,378.26,378.26,363.77,363.77,0,0
SLV_MV,D,20191129,000000,363.77,370.21,363.77,365.38,0,0
SLV_MV,D,20191202,000000,366.99,366.99,342.85,354.12,0,0
SLV_MV,D,20191203,000000,352.51,354.12,350.09,351.7,0,0
SLV_MV,D,20191204,000000,354.12,375.04,352.59,375.04,0,0
SLV_MV,D,20191205,000000,378.26,386.31,376.65,385.5,0,0
SLV_MV,D,20191206,000000,389.53,402.41,376.65,383.09,0,0
SLV_MV,D,20191209,000000,386.31,386.31,370.21,385.02,0,0
SLV_MV,D,20191210,000000,386.31,386.31,370.54,370.54,0,0
SLV_MV,D,20191211,000000,378.18,378.18,366.99,366.99,0,0
SLV_MV,D,20191212,000000,378.1,378.1,355.73,376.65,0,0
SLV_MV,D,20191213,000000,378.26,378.26,363.77,370.21,0,0
SLV_MV,D,20191216,000000,370.21,370.21,354.12,370.21,0,0
SLV_MV,D,20191217,000000,370.21,373.11,354.12,370.21,0,0
SLV_MV,D,20191218,000000,378.26,378.26,362.17,363.77,0,0
SLV_MV,D,20191219,000000,373.43,373.43,360.56,373.43,0,0
SLV_MV,D,20191220,000000,373.43,373.43,357.34,358.95,0,0
SLV_MV,D,20191223,000000,367.8,371.66,362.17,370.21,0,0
SLV_MV,D,20191227,000000,371.1,371.1,370.21,370.21,0,0
SLV_MV,D,20191230,000000,370.21,378.26,362.17,378.26,0,0
SLV_MV,D,20200102,000000,379.87,379.87,372.63,378.26,0,0
SLV_MV,D,20200103,000000,378.26,380.68,370.21,370.21,0,0
SLV_MV,D,20200107,000000,376.65,396.77,376.65,394.36,0,0
SLV_MV,D,20200108,000000,394.36,402.41,386.31,397.58,0,0
SLV_MV,D,20200109,000000,405.71,410.37,402.41,402.41,0,0
SLV_MV,D,20200110,000000,402.41,402.41,391.14,399.19,0,0
SLV_MV,D,20200113,000000,387.92,397.58,386.31,392.75,0,0
SLV_MV,D,20200114,000000,394.36,399.19,386.39,391.14,0,0
SLV_MV,D,20200115,000000,387.92,399.19,383.09,399.19,0,0
SLV_MV,D,20200116,000000,402.08,415.28,402.08,407.23,0,0
SLV_MV,D,20200117,000000,416.89,418.5,400.8,408.84,0,0
SLV_MV,D,20200120,000000,397.58,434.6,397.58,434.6,0,0
SLV_MV,D,20200121,000000,444.26,450.69,434.6,434.6,0,0
SLV_MV,D,20200122,000000,450.69,450.69,432.83,434.6,0,0
SLV_MV,D,20200123,000000,434.6,450.61,434.6,442.65,0,0
SLV_MV,D,20200124,000000,448.44,448.44,426.71,434.6,0,0
SLV_MV,D,20200127,000000,434.6,434.6,426.55,429.77,0,0
SLV_MV,D,20200128,000000,429.77,429.77,420.11,428.96,0,0
SLV_MV,D,20200129,000000,430.09,430.09,415.28,415.28,0,0
SLV_MV,D,20200130,000000,410.45,429.77,410.45,429.61,0,0
SLV_MV,D,20200131,000000,408.84,431.38,408.84,418.5,0,0
SLV_MV,D,20200203,000000,410.45,426.39,410.45,426.39,0,0
SLV_MV,D,20200204,000000,429.77,429.77,412.06,418.5,0,0
SLV_MV,D,20200205,000000,428.16,428.16,418.5,418.5,0,0
SLV_MV,D,20200206,000000,431.38,431.38,418.5,429.77,0,0
SLV_MV,D,20200207,000000,431.38,431.38,420.76,424.94,0,0
SLV_MV,D,20200210,000000,434.28,434.28,418.5,426.55,0,0
SLV_MV,D,20200211,000000,429.61,429.61,418.5,424.94,0,0
SLV_MV,D,20200212,000000,426.55,426.55,418.5,424.14,0,0
SLV_MV,D,20200213,000000,423.33,431.38,423.33,431.38,0,0
SLV_MV,D,20200214,000000,425.18,465.18,425.18,457.94,0,0
SLV_MV,D,20200217,000000,458.74,473.23,458.74,466.79,0,0
SLV_MV,D,20200218,000000,466.79,470.01,460.51,465.99,0,0
SLV_MV,D,20200219,000000,466.79,498.98,466.79,495.76,0,0
SLV_MV,D,20200220,000000,514.27,521.52,478.06,485.53,0,0
SLV_MV,D,20200221,000000,491.12,511.08,491.12,498.3,0,0
SLV_MV,D,20200224,000000,498.3,511.08,459.97,479.06,0,0
SLV_MV,D,20200225,000000,466.36,486.72,463.17,479.14,0,0
SLV_MV,D,20200226,000000,479.14,479.14,466.36,479.14,0,0
SLV_MV,D,20200227,000000,479.94,479.94,466.36,466.36,0,0
SLV_MV,D,20200228,000000,431.22,471.15,415.25,466.36,0,0
SLV_MV,D,20200302,000000,466.36,467.96,429.63,466.36,0,0
SLV_MV,D,20200303,000000,471.15,493.83,467.96,493.51,0,0
SLV_MV,D,20200304,000000,495.11,495.11,466.36,487.12,0,0
SLV_MV,D,20200305,000000,487.12,495.11,467.96,495.11,0,0
SLV_MV,D,20200306,000000,495.11,503.01,479.14,494.31,0,0
SLV_MV,D,20200309,000000,467.64,467.64,422.28,436.01,0,0
SLV_MV,D,20200310,000000,424.83,453.58,416.05,447.27,0,0
SLV_MV,D,20200311,000000,459.97,459.97,401.2,411.74,0,0
SLV_MV,D,20200312,000000,372.93,372.93,322.94,322.94,0,0
SLV_MV,D,20200313,000000,338.59,391.3,305.05,322.78,0,0
SLV_MV,D,20200316,000000,311.44,362.55,292.27,349.77,0,0
SLV_MV,D,20200317,000000,344.98,394.49,344.98,386.98,0,0
SLV_MV,D,20200318,000000,387.3,413.81,386.98,399.28,0,0
SLV_MV,D,20200319,000000,400.88,439.21,399.28,439.21,0,0
SLV_MV,D,20200320,000000,459.97,461.57,439.21,454.38,0,0
SLV_MV,D,20200323,000000,432.02,445.6,415.25,436.17,0,0
SLV_MV,D,20200324,000000,445.28,447.03,432.82,445.6,0,0
SLV_MV,D,20200325,000000,446.87,453.58,434.42,448.79,0,0
SLV_MV,D,20200326,000000,450.39,479.14,444,479.14,0,0
SLV_MV,D,20200327,000000,483.93,483.93,456.78,458.37,0,0
SLV_MV,D,20200330,000000,466.36,467.8,439.21,467.16,0,0
SLV_MV,D,20200331,000000,474.35,507.89,474.35,506.29,0,0
SLV_MV,D,20200401,000000,506.29,506.29,496.71,503.09,0,0
SLV_MV,D,20200402,000000,503.09,503.09,464.76,488.72,0,0
SLV_MV,D,20200403,000000,488.72,488.72,472.75,485.53,0,0
SLV_MV,D,20200406,000000,485.53,582.95,485.53,566.98,0,0
SLV_MV,D,20200407,000000,574.96,598.92,535.04,539.83,0,0
SLV_MV,D,20200408,000000,536.63,549.41,517.47,528.65,0,0
SLV_MV,D,20200409,000000,555.8,563.78,544.62,546.22,0,0
SLV_MV,D,20200414,000000,570.17,589.34,562.19,562.19,0,0
SLV_MV,D,20200415,000000,565.38,582.95,554.2,558.99,0,0
SLV_MV,D,20200416,000000,576.56,584.55,558.99,582.95,0,0
SLV_MV,D,20200417,000000,589.34,590.94,560.59,574.96,0,0
SLV_MV,D,20200420,000000,582.95,582.95,543.02,558.99,0,0
SLV_MV,D,20200421,000000,558.99,558.99,527.05,552.6,0,0
SLV_MV,D,20200422,000000,557.4,557.4,535.04,552.6,0,0
SLV_MV,D,20200423,000000,557.4,566.98,543.02,558.99,0,0
SLV_MV,D,20200424,000000,558.99,558.99,543.02,558.99,0,0
SLV_MV,D,20200427,000000,574.96,581.35,558.99,578.16,0,0
SLV_MV,D,20200428,000000,581.35,606.91,581.35,590.94,0,0
SLV_MV,D,20200429,000000,603.71,608.5,590.94,594.13,0,0
SLV_MV,D,20200430,000000,614.89,614.89,573.37,592.53,0,0
SLV_MV,D,20200504,000000,592.53,592.53,560.59,574.96,0,0
SLV_MV,D,20200505,000000,589.34,590.94,574.96,590.94,0,0
SLV_MV,D,20200506,000000,589.34,603.71,589.34,598.92,0,0
SLV_MV,D,20200507,000000,598.92,621.28,598.92,611.7,0,0
SLV_MV,D,20200508,000000,614.89,614.89,608.5,610.1,0,0
SLV_MV,D,20200511,000000,614.89,621.28,606.91,614.89,0,0
SLV_MV,D,20200512,000000,619.68,619.68,614.89,619.68,0,0
SLV_MV,D,20200513,000000,619.68,619.68,614.89,619.68,0,0
SLV_MV,D,20200514,000000,621.28,621.28,603.71,606.91,0,0
SLV_MV,D,20200515,000000,619.68,621.28,608.5,608.5,0,0
SLV_MV,D,20200518,000000,610.1,618.09,606.91,606.91,0,0
SLV_MV,D,20200519,000000,627.67,627.67,606.91,622.88,0,0
SLV_MV,D,20200520,000000,614.89,622.88,608.5,618.09,0,0
SLV_MV,D,20200521,000000,622.88,622.88,613.3,619.68,0,0
SLV_MV,D,20200522,000000,616.49,634.06,614.89,634.06,0,0
SLV_MV,D,20200525,000000,640.45,667.6,638.85,650.03,0,0
SLV_MV,D,20200526,000000,709.12,709.12,650.03,662.81,0,0
SLV_MV,D,20200527,000000,670.79,670.79,606.91,638.85,0,0
SLV_MV,D,20200528,000000,651.63,694.75,630.86,686.76,0,0
SLV_MV,D,20200529,000000,694.75,702.73,672.39,681.97,0,0
SLV_MV,D,20200601,000000,702.73,728.29,685.17,726.69,0,0
SLV_MV,D,20200602,000000,728.29,798.56,728.29,750.65,0,0
SLV_MV,D,20200603,000000,750.65,758.63,742.66,758.63,0,0
SLV_MV,D,20200604,000000,750.65,758.63,734.68,752.24,0,0
SLV_MV,D,20200605,000000,757.04,757.04,734.68,750.65,0,0
SLV_MV,D,20200608,000000,753.84,753.84,718.71,734.68,0,0
SLV_MV,D,20200609,000000,734.68,747.45,726.69,734.68,0,0
SLV_MV,D,20200610,000000,734.68,734.68,726.69,726.69,0,0
SLV_MV,D,20200612,000000,710.72,726.69,685.17,712.32,0,0
SLV_MV,D,20200615,000000,712.32,734.68,686.76,718.71,0,0
SLV_MV,D,20200616,000000,734.68,734.68,709.12,734.68,0,0
SLV_MV,D,20200617,000000,741.07,742.66,715.51,721.9,0,0
SLV_MV,D,20200618,000000,696.35,718.71,696.35,717.11,0,0
SLV_MV,D,20200619,000000,717.11,717.11,697.94,713.91,0,0
SLV_MV,D,20200622,000000,696.35,758.63,696.35,755.44,0,0
SLV_MV,D,20200623,000000,769.81,782.59,745.86,782.59,0,0
SLV_MV,D,20200624,000000,798.56,798.56,763.42,798.56,0,0
SLV_MV,D,20200625,000000,782.59,811.34,774.6,804.95,0,0
SLV_MV,D,20200626,000000,811.34,897.58,782.59,897.58,0,0
SLV_MV,D,20200629,000000,899.42,917.77,866.38,895.75,0,0
SLV_MV,D,20200630,000000,917.77,917.77,846.19,862.71,0,0
SLV_MV,D,20200701,000000,879.23,879.23,844.35,879.23,0,0
SLV_MV,D,20200702,000000,882.9,882.9,873.72,879.23,0,0
SLV_MV,D,20200703,000000,879.23,881.06,873.72,881.06,0,0
SLV_MV,D,20200706,000000,871.89,897.58,866.38,881.06,0,0
SLV_MV,D,20200707,000000,881.06,881.06,853.53,881.06,0,0
SLV_MV,D,20200708,000000,884.73,884.73,862.71,871.89,0,0
SLV_MV,D,20200709,000000,862.71,871.89,853.53,853.53,0,0
SLV_MV,D,20200710,000000,862.71,862.71,826,844.35,0,0
SLV_MV,D,20200713,000000,859.04,881.06,859.04,881.06,0,0
SLV_MV,D,20200714,000000,899.42,899.42,864.54,888.4,0,0
SLV_MV,D,20200715,000000,886.57,886.57,862.71,877.39,0,0
SLV_MV,D,20200716,000000,881.06,881.06,844.35,844.35,0,0
SLV_MV,D,20200717,000000,871.89,871.89,848.02,868.21,0,0
SLV_MV,D,20200720,000000,862.71,862.71,848.02,855.37,0,0
SLV_MV,D,20200721,000000,862.71,862.71,835.17,853.53,0,0
SLV_MV,D,20200722,000000,853.53,857.2,807.64,807.64,0,0
SLV_MV,D,20200723,000000,818.65,857.2,813.15,844.35,0,0
SLV_MV,D,20200724,000000,826,868.21,811.31,868.21,0,0
SLV_MV,D,20200727,000000,871.89,879.23,835.17,877.39,0,0
SLV_MV,D,20200728,000000,862.71,877.39,840.68,860.87,0,0
SLV_MV,D,20200729,000000,862.71,862.71,818.65,838.85,0,0
SLV_MV,D,20200730,000000,853.53,862.71,748.9,767.26,0,0
SLV_MV,D,20200731,000000,770.93,807.64,770.93,792.96,0,0
SLV_MV,D,20200803,000000,787.45,855.37,787.45,855.37,0,0
SLV_MV,D,20200804,000000,844.35,871.89,816.82,862.71,0,0
SLV_MV,D,20200805,000000,846.19,879.23,846.19,871.89,0,0
SLV_MV,D,20200806,000000,877.39,877.39,829.67,835.17,0,0
SLV_MV,D,20200807,000000,829.67,844.35,803.97,835.17,0,0
SLV_MV,D,20200810,000000,835.17,844.35,807.64,831.5,0,0
SLV_MV,D,20200811,000000,829.67,829.67,807.64,826,0,0
SLV_MV,D,20200812,000000,826,826,798.46,814.98,0,0
SLV_MV,D,20200813,000000,803.97,816.82,789.29,791.12,0,0
SLV_MV,D,20200814,000000,814.98,824.16,791.12,822.33,0,0
SLV_MV,D,20200817,000000,826,829.67,803.97,826,0,0
SLV_MV,D,20200818,000000,827.83,827.83,807.64,826,0,0
SLV_MV,D,20200819,000000,800.3,826,800.3,820.49,0,0
SLV_MV,D,20200820,000000,816.82,826,814.98,824.16,0,0
SLV_MV,D,20200821,000000,824.16,824.16,791.12,820.49,0,0
SLV_MV,D,20200824,000000,820.49,820.49,803.97,820.49,0,0
SLV_MV,D,20200825,000000,818.65,820.49,803.97,816.82,0,0
SLV_MV,D,20200826,000000,816.82,816.82,803.97,816.82,0,0
SLV_MV,D,20200827,000000,814.98,814.98,792.96,798.46,0,0
SLV_MV,D,20200828,000000,796.63,807.64,792.96,807.64,0,0
SLV_MV,D,20200831,000000,796.63,796.63,776.44,778.27,0,0
SLV_MV,D,20200901,000000,778.27,803.97,752.57,803.97,0,0
SLV_MV,D,20200902,000000,798.46,809.48,767.26,805.81,0,0
SLV_MV,D,20200903,000000,789.29,835.17,789.29,831.5,0,0
SLV_MV,D,20200904,000000,842.52,842.52,796.63,802.13,0,0
SLV_MV,D,20200907,000000,826,844.35,803.97,824.16,0,0
SLV_MV,D,20200908,000000,837.01,837.01,763.59,789.29,0,0
SLV_MV,D,20200909,000000,798.46,822.33,776.44,822.33,0,0
SLV_MV,D,20200910,000000,826,877.39,826,871.89,0,0
SLV_MV,D,20200911,000000,877.39,895.75,870.05,888.4,0,0
SLV_MV,D,20200914,000000,890.24,947.14,890.24,925.12,0,0
SLV_MV,D,20200915,000000,954.48,954.48,881.06,899.42,0,0
SLV_MV,D,20200916,000000,928.79,928.79,884.73,914.1,0,0
SLV_MV,D,20200917,000000,881.06,895.75,873.72,873.72,0,0
SLV_MV,D,20200918,000000,908.6,908.6,864.54,866.38,0,0
SLV_MV,D,20200921,000000,862.71,866.38,814.98,822.33,0,0
SLV_MV,D,20200922,000000,838.85,838.85,803.97,826,0,0
SLV_MV,D,20200923,000000,826,826,807.64,814.98,0,0
SLV_MV,D,20200924,000000,809.48,814.98,798.46,807.64,0,0
SLV_MV,D,20200925,000000,807.64,827.83,802.13,807.64,0,0
SLV_MV,D,20200928,000000,820.49,837.01,803.97,805.81,0,0
SLV_MV,D,20200929,000000,826,826,798.46,811.31,0,0
SLV_MV,D,20200930,000000,809.48,811.31,781.94,798.46,0,0
SLV_MV,D,20201001,000000,798.46,807.64,752.57,759.92,0,0
SLV_MV,D,20201002,000000,759.92,759.92,734.22,743.4,0,0
SLV_MV,D,20201005,000000,752.57,789.29,748.9,780.11,0,0
SLV_MV,D,20201006,000000,794.79,805.81,778.27,789.29,0,0
SLV_MV,D,20201007,000000,789.29,791.12,780.11,785.61,0,0
SLV_MV,D,20201008,000000,781.94,798.46,774.6,791.12,0,0
SLV_MV,D,20201009,000000,802.13,802.13,783.78,800.3,0,0
SLV_MV,D,20201012,000000,798.46,824.16,794.79,816.82,0,0
SLV_MV,D,20201013,000000,824.16,833.34,824.16,831.5,0,0
SLV_MV,D,20201014,000000,831.5,831.5,791.12,826,0,0
SLV_MV,D,20201015,000000,781.94,820.49,770.93,770.93,0,0
SLV_MV,D,20201016,000000,770.93,780.11,754.41,765.42,0,0
SLV_MV,D,20201019,000000,789.29,791.12,767.26,774.6,0,0
SLV_MV,D,20201020,000000,792.96,826,778.27,826,0,0
SLV_MV,D,20201021,000000,800.3,805.81,774.6,774.6,0,0
SLV_MV,D,20201022,000000,774.6,774.6,761.75,769.09,0,0
SLV_MV,D,20201023,000000,769.09,778.27,752.57,778.27,0,0
SLV_MV,D,20201026,000000,754.41,780.11,754.41,780.11,0,0
SLV_MV,D,20201027,000000,780.11,780.11,748.9,770.93,0,0
SLV_MV,D,20201028,000000,770.93,770.93,725.04,748.9,0,0
SLV_MV,D,20201029,000000,734.22,752.57,725.04,752.57,0,0
SLV_MV,D,20201030,000000,752.57,756.25,719.53,747.07,0,0
SLV_MV,D,20201102,000000,769.09,769.09,739.73,763.59,0,0
SLV_MV,D,20201103,000000,767.26,780.11,759.92,780.11,0,0
SLV_MV,D,20201104,000000,780.11,798.46,763.59,798.46,0,0
SLV_MV,D,20201105,000000,761.75,789.29,761.75,789.29,0,0
SLV_MV,D,20201106,000000,789.29,789.29,770.93,789.29,0,0
SLV_MV,D,20201109,000000,789.29,833.34,789.29,802.13,0,0
SLV_MV,D,20201110,000000,816.82,824.16,785.61,824.16,0,0
SLV_MV,D,20201112,000000,833.34,849.86,791.12,796.63,0,0
SLV_MV,D,20201113,000000,796.63,820.49,789.29,789.29,0,0
SLV_MV,D,20201116,000000,844.35,844.35,789.29,796.63,0,0
SLV_MV,D,20201117,000000,800.3,807.64,780.11,798.46,0,0
SLV_MV,D,20201118,000000,803.97,803.97,783.78,783.78,0,0
SLV_MV,D,20201119,000000,803.97,803.97,789.29,800.3,0,0
SLV_MV,D,20201120,000000,794.79,807.64,789.29,789.29,0,0
SLV_MV,D,20201123,000000,818.65,818.65,798.46,803.97,0,0
SLV_MV,D,20201124,000000,862.71,862.71,803.97,824.16,0,0
SLV_MV,D,20201125,000000,816.82,835.17,800.3,816.82,0,0
SLV_MV,D,20201126,000000,816.82,842.52,798.46,840.68,0,0
SLV_MV,D,20201127,000000,844.35,871.89,827.83,862.71,0,0
SLV_MV,D,20201130,000000,862.71,862.71,844.35,844.35,0,0
SLV_MV,D,20201201,000000,844.35,862.71,844.35,853.53,0,0
SLV_MV,D,20201202,000000,866.38,879.23,855.37,879.23,0,0
SLV_MV,D,20201203,000000,881.06,895.75,877.39,895.75,0,0
SLV_MV,D,20201204,000000,897.58,897.58,866.38,895.75,0,0
SLV_MV,D,20201207,000000,881.06,892.08,871.89,881.06,0,0
SLV_MV,D,20201208,000000,881.06,890.24,870.05,890.24,0,0
SLV_MV,D,20201209,000000,890.24,892.08,871.89,871.89,0,0
SLV_MV,D,20201210,000000,871.89,888.4,840.68,857.2,0,0
SLV_MV,D,20201211,000000,859.04,859.04,826,859.04,0,0
SLV_MV,D,20201214,000000,859.04,859.04,798.46,838.85,0,0
SLV_MV,D,20201215,000000,829.67,862.71,829.67,859.04,0,0
SLV_MV,D,20201216,000000,846.19,862.71,846.19,846.19,0,0
SLV_MV,D,20201217,000000,849.86,862.71,835.17,849.86,0,0
SLV_MV,D,20201218,000000,829.67,844.35,826,842.52,0,0
SLV_MV,D,20201221,000000,824.16,833.34,816.82,816.82,0,0
SLV_MV,D,20201222,000000,816.82,844.35,816.82,838.85,0,0
SLV_MV,D,20201223,000000,838.85,838.85,826,826,0,0
SLV_MV,D,20201228,000000,844.35,851.69,831.5,840.68,0,0
SLV_MV,D,20201229,000000,835.17,864.54,835.17,862.71,0,0
SLV_MV,D,20201230,000000,866.38,904.92,846.19,904.92,0,0
SLV_MV,D,20210104,000000,904.92,936.13,904.92,917.77,0,0
SLV_MV,D,20210105,000000,954.48,954.48,936.13,939.8,0,0
SLV_MV,D,20210107,000000,921.44,1005.88,921.44,976.51,0,0
SLV_MV,D,20210108,000000,976.51,1027.91,976.51,1016.89,0,0
SLV_MV,D,20210111,000000,1016.89,1090.32,1016.89,1057.28,0,0
SLV_MV,D,20210112,000000,1082.97,1093.99,1016.89,1057.28,0,0
SLV_MV,D,20210113,000000,1057.28,1057.28,1027.91,1031.58,0,0
SLV_MV,D,20210114,000000,1027.91,1046.26,1002.21,1013.22,0,0
SLV_MV,D,20210115,000000,1020.56,1020.56,1009.55,1020.56,0,0
SLV_MV,D,20210118,000000,1027.91,1053.6,1027.91,1053.6,0,0
SLV_MV,D,20210119,000000,1057.28,1079.3,1057.28,1075.63,0,0
SLV_MV,D,20210120,000000,1068.29,1082.97,1060.95,1068.29,0,0
SLV_MV,D,20210121,000000,1082.97,1082.97,1038.92,1082.97,0,0
SLV_MV,D,20210122,000000,1046.26,1082.97,1038.92,1060.95,0,0
SLV_MV,D,20210125,000000,1064.62,1064.62,1046.26,1060.95,0,0
SLV_MV,D,20210126,000000,1060.95,1060.95,1016.89,1020.56,0,0
SLV_MV,D,20210127,000000,1020.56,1049.93,1009.55,1020.56,0,0
SLV_MV,D,20210128,000000,1005.88,1027.91,991.2,1027.91,0,0
SLV_MV,D,20210129,000000,1027.91,1027.91,1005.88,1027.91,0,0
SLV_MV,D,20210201,000000,1027.91,1027.91,1009.55,1009.55,0,0
SLV_MV,D,20210202,000000,987.52,1005.88,980.18,1005.88,0,0
SLV_MV,D,20210203,000000,1002.21,1009.55,987.52,994.87,0,0
SLV_MV,D,20210204,000000,1009.55,1009.55,983.85,987.52,0,0
SLV_MV,D,20210205,000000,980.18,1002.21,980.18,998.54,0,0
SLV_MV,D,20210208,000000,1013.22,1013.22,976.51,991.2,0,0
SLV_MV,D,20210209,000000,983.85,991.2,961.83,991.2,0,0
SLV_MV,D,20210210,000000,1005.88,1009.55,991.2,1009.55,0,0
SLV_MV,D,20210211,000000,1009.55,1042.59,1009.55,1042.59,0,0
SLV_MV,D,20210212,000000,1046.26,1046.26,1024.24,1024.24,0,0
SLV_MV,D,20210215,000000,1027.91,1046.26,1027.91,1046.26,0,0
SLV_MV,D,20210216,000000,1064.62,1090.32,1064.62,1075.63,0,0
SLV_MV,D,20210217,000000,1075.63,1075.63,1053.6,1064.62,0,0
SLV_MV,D,20210218,000000,1079.3,1082.97,1064.62,1075.63,0,0
SLV_MV,D,20210219,000000,1075.63,1082.97,1038.92,1082.97,0,0
SLV_MV,D,20210222,000000,1035.25,1082.97,1035.25,1075.63,0,0
SLV_MV,D,20210223,000000,1082.97,1093.99,1027.91,1046.26,0,0
SLV_MV,D,20210224,000000,1071.96,1071.96,1031.58,1071.96,0,0
SLV_MV,D,20210225,000000,1075.63,1082.97,1049.93,1071.96,0,0
SLV_MV,D,20210226,000000,1053.6,1068.29,1038.92,1064.62,0,0
SLV_MV,D,20210301,000000,1042.59,1064.62,1042.59,1064.62,0,0
SLV_MV,D,20210302,000000,1064.62,1064.62,1035.25,1053.6,0,0
SLV_MV,D,20210303,000000,1057.28,1060.95,1031.58,1031.58,0,0
SLV_MV,D,20210304,000000,1027.91,1035.25,1027.91,1027.91,0,0
SLV_MV,D,20210305,000000,1060.95,1060.95,1027.91,1046.26,0,0
SLV_MV,D,20210308,000000,1046.26,1064.62,1046.26,1064.62,0,0
SLV_MV,D,20210309,000000,1064.62,1064.62,1046.26,1053.6,0,0
SLV_MV,D,20210310,000000,1053.6,1075.63,1053.6,1075.63,0,0
SLV_MV,D,20210311,000000,1071.96,1174.75,1071.96,1160.07,0,0
SLV_MV,D,20210312,000000,1167.41,1189.43,1138.04,1156.39,0,0
SLV_MV,D,20210315,000000,1160.07,1174.75,1160.07,1174.75,0,0
SLV_MV,D,20210316,000000,1207.79,1237.16,1196.78,1204.12,0,0
SLV_MV,D,20210317,000000,1211.46,1211.46,1145.38,1174.75,0,0
SLV_MV,D,20210318,000000,1193.11,1211.46,1185.76,1207.79,0,0
SLV_MV,D,20210319,000000,1222.47,1284.88,1211.46,1259.19,0,0
SLV_MV,D,20210322,000000,1259.19,1295.9,1251.84,1277.54,0,0
SLV_MV,D,20210323,000000,1288.55,1413.37,1288.55,1369.32,0,0
SLV_MV,D,20210324,000000,1376.66,1376.66,1306.91,1361.98,0,0
SLV_MV,D,20210325,000000,1358.31,1361.98,1303.24,1310.58,0,0
SLV_MV,D,20210326,000000,1339.95,1358.31,1303.24,1303.24,0,0
SLV_MV,D,20210329,000000,1314.25,1314.25,1262.86,1299.57,0,0
SLV_MV,D,20210330,000000,1299.57,1299.57,1251.84,1251.84,0,0
SLV_MV,D,20210331,000000,1281.21,1299.57,1262.86,1266.53,0,0
SLV_MV,D,20210401,000000,1284.88,1284.88,1240.83,1250.01,0,0
SLV_MV,D,20210406,000000,1284.88,1284.88,1253.68,1283.05,0,0
SLV_MV,D,20210407,000000,1284.88,1284.88,1248.17,1257.35,0,0
SLV_MV,D,20210408,000000,1281.21,1281.21,1248.17,1257.35,0,0
SLV_MV,D,20210409,000000,1248.17,1281.21,1233.49,1281.21,0,0
SLV_MV,D,20210412,000000,1286.72,1294.06,1270.2,1275.71,0,0
SLV_MV,D,20210413,000000,1281.21,1284.88,1268.36,1284.88,0,0
SLV_MV,D,20210414,000000,1294.06,1301.4,1273.87,1292.23,0,0
SLV_MV,D,20210415,000000,1303.24,1317.92,1303.24,1314.25,0,0
SLV_MV,D,20210416,000000,1321.59,1336.28,1306.91,1312.42,0,0
SLV_MV,D,20210419,000000,1330.77,1334.44,1303.24,1334.44,0,0
SLV_MV,D,20210420,000000,1330.77,1339.95,1303.24,1338.11,0,0
SLV_MV,D,20210421,000000,1336.28,1356.47,1317.92,1352.8,0,0
SLV_MV,D,20210422,000000,1358.31,1411.54,1358.31,1406.03,0,0
SLV_MV,D,20210423,000000,1411.54,1446.41,1393.18,1431.73,0,0
SLV_MV,D,20210426,000000,1431.73,1431.73,1372.99,1380.33,0,0
SLV_MV,D,20210427,000000,1380.33,1393.18,1343.62,1356.47,0,0
SLV_MV,D,20210428,000000,1367.48,1367.48,1312.42,1338.11,0,0
SLV_MV,D,20210429,000000,1339.95,1376.66,1339.95,1369.32,0,0
SLV_MV,D,20210430,000000,1376.66,1376.66,1350.96,1369.32,0,0
SLV_MV,D,20210504,000000,1369.32,1374.83,1321.59,1325.27,0,0
SLV_MV,D,20210505,000000,1358.31,1358.31,1284.88,1284.88,0,0
SLV_MV,D,20210506,000000,1284.88,1284.88,1229.82,1246.34,0,0
SLV_MV,D,20210507,000000,1246.34,1303.24,1211.46,1295.9,0,0
SLV_MV,D,20210510,000000,1295.9,1310.58,1284.88,1295.9,0,0
SLV_MV,D,20210511,000000,1295.9,1328.94,1275.71,1328.94,0,0
SLV_MV,D,20210512,000000,1330.77,1330.77,1277.54,1301.4,0,0
SLV_MV,D,20210513,000000,1316.09,1316.09,1272.03,1301.4,0,0
SLV_MV,D,20210514,000000,1301.4,1301.4,1281.21,1284.88,0,0
SLV_MV,D,20210517,000000,1284.88,1303.24,1284.88,1303.24,0,0
SLV_MV,D,20210518,000000,1303.24,1321.59,1286.72,1308.75,0,0
SLV_MV,D,20210519,000000,1295.9,1303.24,1294.06,1299.57,0,0
SLV_MV,D,20210520,000000,1299.57,1306.91,1273.87,1306.91,0,0
SLV_MV,D,20210521,000000,1306.91,1312.42,1294.06,1312.42,0,0
SLV_MV,D,20210524,000000,1312.42,1319.76,1305.07,1319.76,0,0
SLV_MV,D,20210525,000000,1321.59,1321.59,1308.75,1319.76,0,0
SLV_MV,D,20210526,000000,1339.95,1404.19,1339.95,1404.19,0,0
SLV_MV,D,20210527,000000,1404.19,1404.19,1387.67,1404.19,0,0
SLV_MV,D,20210528,000000,1396.85,1406.03,1376.66,1400.52,0,0
SLV_MV,D,20210531,000000,1396.85,1396.85,1376.66,1393.18,0,0
SLV_MV,D,20210601,000000,1376.66,1376.66,1288.55,1325.27,0,0
SLV_MV,D,20210602,000000,1327.1,1376.66,1327.1,1361.98,0,0
SLV_MV,D,20210604,000000,1361.98,1376.66,1350.96,1358.31,0,0
SLV_MV,D,20210607,000000,1360.14,1384,1358.31,1360.14,0,0
SLV_MV,D,20210608,000000,1367.48,1376.66,1358.31,1360.14,0,0
SLV_MV,D,20210609,000000,1395.02,1395.02,1361.98,1376.66,0,0
SLV_MV,D,20210610,000000,1376.66,1411.54,1367.48,1404.19,0,0
SLV_MV,D,20210611,000000,1413.37,1413.37,1395.02,1413.37,0,0
SLV_MV,D,20210614,000000,1413.37,1433.56,1395.02,1413.37,0,0
SLV_MV,D,20210615,000000,1450.08,1450.08,1389.51,1404.19,0,0
SLV_MV,D,20210616,000000,1376.66,1384,1367.48,1378.5,0,0
SLV_MV,D,20210617,000000,1382.17,1398.69,1369.32,1369.32,0,0
SLV_MV,D,20210618,000000,1387.67,1387.67,1349.13,1376.66,0,0
SLV_MV,D,20210621,000000,1378.5,1413.37,1378.5,1380.33,0,0
SLV_MV,D,20210622,000000,1395.02,1415.21,1382.17,1409.7,0,0
SLV_MV,D,20210623,000000,1415.21,1429.89,1395.02,1417.04,0,0
SLV_MV,D,20210624,000000,1428.06,1437.23,1395.02,1413.37,0,0
SLV_MV,D,20210625,000000,1437.23,1437.23,1404.19,1431.73,0,0
SLV_MV,D,20210628,000000,1431.73,1466.6,1431.73,1466.6,0,0
SLV_MV,D,20210629,000000,1472.11,1514.33,1472.11,1514.33,0,0
SLV_MV,D,20210630,000000,1505.15,1541.86,1486.79,1486.79,0,0
SLV_MV,D,20210701,000000,1468.44,1519.83,1459.26,1510.66,0,0
SLV_MV,D,20210702,000000,1519.83,1551.04,1519.83,1551.04,0,0
SLV_MV,D,20210705,000000,1560.22,1560.22,1499.64,1519.83,0,0
SLV_MV,D,20210706,000000,1516.16,1516.16,1479.45,1479.45,0,0
SLV_MV,D,20210707,000000,1468.44,1481.29,1453.75,1473.94,0,0
SLV_MV,D,20210708,000000,1473.94,1486.79,1453.75,1479.45,0,0
SLV_MV,D,20210709,000000,1477.62,1479.45,1459.26,1477.62,0,0
SLV_MV,D,20210712,000000,1486.79,1505.15,1466.6,1466.6,0,0
SLV_MV,D,20210713,000000,1505.15,1505.15,1466.6,1483.12,0,0
SLV_MV,D,20210714,000000,1483.12,1505.15,1470.27,1483.12,0,0
SLV_MV,D,20210715,000000,1503.31,1505.15,1475.78,1501.48,0,0
SLV_MV,D,20210716,000000,1501.48,1501.48,1475.78,1486.79,0,0
SLV_MV,D,20210719,000000,1486.79,1486.79,1431.73,1446.41,0,0
SLV_MV,D,20210720,000000,1439.07,1455.59,1384,1393.18,0,0
SLV_MV,D,20210721,000000,1393.18,1406.03,1385.84,1406.03,0,0
SLV_MV,D,20210722,000000,1406.03,1413.37,1363.81,1374.83,0,0
SLV_MV,D,20210723,000000,1374.83,1446.41,1374.83,1406.03,0,0
SLV_MV,D,20210726,000000,1395.02,1417.04,1358.31,1413.37,0,0
SLV_MV,D,20210727,000000,1420.71,1459.26,1413.37,1433.56,0,0
SLV_MV,D,20210728,000000,1453.75,1453.75,1433.56,1450.08,0,0
SLV_MV,D,20210729,000000,1448.25,1486.79,1444.58,1486.79,0,0
SLV_MV,D,20210730,000000,1486.79,1486.79,1468.44,1486.79,0,0
SLV_MV,D,20210802,000000,1527.18,1534.52,1486.79,1505.15,0,0
SLV_MV,D,20210803,000000,1505.15,1505.15,1468.44,1468.44,0,0
SLV_MV,D,20210804,000000,1468.44,1468.44,1450.08,1468.44,0,0
SLV_MV,D,20210805,000000,1468.44,1468.44,1451.92,1464.77,0,0
SLV_MV,D,20210806,000000,1464.77,1468.44,1455.59,1455.59,0,0
SLV_MV,D,20210809,000000,1468.44,1468.44,1440.9,1446.41,0,0
SLV_MV,D,20210810,000000,1446.41,1451.92,1433.56,1450.08,0,0
SLV_MV,D,20210811,000000,1450.08,1457.42,1418.88,1424.38,0,0
SLV_MV,D,20210812,000000,1440.9,1440.9,1407.86,1429.89,0,0
SLV_MV,D,20210813,000000,1440.9,1440.9,1406.03,1431.73,0,0
SLV_MV,D,20210816,000000,1431.73,1433.56,1409.7,1409.7,0,0
SLV_MV,D,20210817,000000,1407.86,1431.73,1407.86,1429.89,0,0
SLV_MV,D,20210818,000000,1415.21,1426.22,1407.86,1407.86,0,0
SLV_MV,D,20210819,000000,1411.54,1411.54,1376.66,1389.51,0,0
SLV_MV,D,20210820,000000,1422.55,1422.55,1352.8,1358.31,0,0
SLV_MV,D,20210823,000000,1358.31,1360.14,1332.61,1352.8,0,0
SLV_MV,D,20210824,000000,1349.13,1352.8,1339.95,1339.95,0,0
SLV_MV,D,20210825,000000,1334.44,1380.33,1319.76,1376.66,0,0
SLV_MV,D,20210826,000000,1376.66,1378.5,1358.31,1360.14,0,0
SLV_MV,D,20210827,000000,1374.83,1374.83,1360.14,1372.99,0,0
SLV_MV,D,20210830,000000,1372.99,1400.52,1361.98,1400.52,0,0
SLV_MV,D,20210831,000000,1400.52,1402.36,1389.51,1389.51,0,0
SLV_MV,D,20210901,000000,1343.62,1387.67,1343.62,1376.66,0,0
SLV_MV,D,20210902,000000,1387.67,1387.67,1374.83,1376.66,0,0
SLV_MV,D,20210903,000000,1376.66,1376.66,1356.47,1358.31,0,0
SLV_MV,D,20210906,000000,1358.31,1387.67,1358.31,1384,0,0
SLV_MV,D,20210907,000000,1384,1384,1365.65,1365.65,0,0
SLV_MV,D,20210908,000000,1384,1384,1361.98,1361.98,0,0
SLV_MV,D,20210909,000000,1365.65,1376.66,1358.31,1372.99,0,0
SLV_MV,D,20210910,000000,1374.83,1374.83,1358.31,1369.32,0,0
SLV_MV,D,20210913,000000,1369.32,1369.32,1358.31,1358.31,0,0
SLV_MV,D,20210914,000000,1378.5,1378.5,1345.46,1354.63,0,0
SLV_MV,D,20210915,000000,1352.8,1369.32,1299.57,1316.09,0,0
SLV_MV,D,20210916,000000,1330.77,1349.13,1321.59,1349.13,0,0
SLV_MV,D,20210917,000000,1339.95,1382.17,1327.1,1382.17,0,0
SLV_MV,D,20210920,000000,1385.84,1385.84,1332.61,1332.61,0,0
SLV_MV,D,20210921,000000,1339.95,1385.84,1339.95,1380.33,0,0
SLV_MV,D,20210922,000000,1382.17,1404.19,1341.79,1404.19,0,0
SLV_MV,D,20210923,000000,1404.19,1411.54,1367.48,1395.02,0,0
SLV_MV,D,20210924,000000,1365.65,1395.02,1365.65,1376.66,0,0
SLV_MV,D,20210927,000000,1378.5,1384,1365.65,1365.65,0,0
SLV_MV,D,20210928,000000,1365.65,1365.65,1339.95,1339.95,0,0
SLV_MV,D,20210929,000000,1354.63,1354.63,1321.59,1334.44,0,0
SLV_MV,D,20210930,000000,1345.46,1372.99,1339.95,1372.99,0,0
SLV_MV,D,20211001,000000,1327.1,1356.47,1325.27,1325.27,0,0
SLV_MV,D,20211004,000000,1336.28,1339.95,1303.24,1314.25,0,0
SLV_MV,D,20211005,000000,1286.72,1314.25,1275.71,1314.25,0,0
SLV_MV,D,20211006,000000,1312.42,1339.95,1312.42,1332.61,0,0
SLV_MV,D,20211007,000000,1332.61,1387.67,1332.61,1371.15,0,0
SLV_MV,D,20211008,000000,1371.15,1387.67,1371.15,1376.66,0,0
SLV_MV,D,20211011,000000,1376.66,1395.02,1367.48,1395.02,0,0
SLV_MV,D,20211012,000000,1393.18,1393.18,1369.32,1391.34,0,0
SLV_MV,D,20211013,000000,1393.18,1393.18,1363.81,1374.83,0,0
SLV_MV,D,20211014,000000,1367.48,1374.83,1365.65,1372.99,0,0
SLV_MV,D,20211015,000000,1369.32,1374.83,1367.48,1369.32,0,0
SLV_MV,D,20211018,000000,1367.48,1376.66,1367.48,1369.32,0,0
SLV_MV,D,20211019,000000,1369.32,1413.37,1369.32,1395.02,0,0
SLV_MV,D,20211020,000000,1402.36,1505.15,1380.33,1486.79,0,0
SLV_MV,D,20211021,000000,1468.44,1486.79,1450.08,1450.08,0,0
SLV_MV,D,20211022,000000,1468.44,1468.44,1424.38,1450.08,0,0
SLV_MV,D,20211025,000000,1450.08,1477.62,1450.08,1468.44,0,0
SLV_MV,D,20211026,000000,1468.44,1468.44,1444.58,1464.77,0,0
SLV_MV,D,20211027,000000,1442.74,1479.45,1442.74,1475.78,0,0
SLV_MV,D,20211028,000000,1475.78,1475.78,1444.58,1472.11,0,0
SLV_MV,D,20211029,000000,1475.78,1475.78,1451.92,1468.44,0,0
SLV_MV,D,20211102,000000,1450.08,1475.78,1450.08,1473.94,0,0
SLV_MV,D,20211103,000000,1540.02,1540.02,1492.3,1514.33,0,0
SLV_MV,D,20211104,000000,1527.18,1536.35,1486.79,1505.15,0,0
SLV_MV,D,20211105,000000,1505.15,1536.35,1492.3,1495.97,0,0
SLV_MV,D,20211108,000000,1505.15,1505.15,1486.79,1495.97,0,0
SLV_MV,D,20211109,000000,1483.12,1486.79,1470.27,1486.79,0,0
SLV_MV,D,20211110,000000,1479.45,1486.79,1433.56,1439.07,0,0
SLV_MV,D,20211112,000000,1446.41,1492.3,1446.41,1486.79,0,0
SLV_MV,D,20211115,000000,1486.79,1494.14,1450.08,1486.79,0,0
SLV_MV,D,20211116,000000,1464.77,1475.78,1451.92,1461.1,0,0
SLV_MV,D,20211117,000000,1475.78,1475.78,1433.56,1450.08,0,0
SLV_MV,D,20211118,000000,1468.44,1468.44,1409.7,1409.7,0,0
SLV_MV,D,20211119,000000,1413.37,1468.44,1378.5,1466.6,0,0
SLV_MV,D,20211122,000000,1466.6,1466.6,1417.04,1461.1,0,0
SLV_MV,D,20211123,000000,1466.6,1495.97,1453.75,1468.44,0,0
SLV_MV,D,20211124,000000,1477.62,1477.62,1440.9,1453.75,0,0
SLV_MV,D,20211125,000000,1459.26,1472.11,1400.52,1400.52,0,0
SLV_MV,D,20211126,000000,1398.69,1431.73,1376.66,1395.02,0,0
SLV_MV,D,20211129,000000,1382.17,1429.89,1382.17,1413.37,0,0
SLV_MV,D,20211130,000000,1395.02,1437.23,1395.02,1437.23,0,0
SLV_MV,D,20211201,000000,1418.88,1462.93,1418.88,1457.42,0,0
SLV_MV,D,20211202,000000,1439.07,1468.44,1433.56,1468.44,0,0
SLV_MV,D,20211203,000000,1468.44,1486.79,1442.74,1477.62,0,0
SLV_MV,D,20211206,000000,1488.63,1488.63,1453.75,1468.44,0,0
SLV_MV,D,20211207,000000,1484.96,1488.63,1484.96,1488.63,0,0
SLV_MV,D,20211208,000000,1488.63,1505.15,1481.29,1505.15,0,0
SLV_MV,D,20211209,000000,1505.15,1532.68,1494.14,1521.67,0,0
SLV_MV,D,20211210,000000,1523.5,1552.87,1523.5,1547.37,0,0
SLV_MV,D,20211213,000000,1549.2,1600.6,1549.2,1593.26,0,0
SLV_MV,D,20211214,000000,1618.95,1618.95,1514.33,1514.33,0,0
SLV_MV,D,20211215,000000,1505.15,1510.66,1473.94,1477.62,0,0
SLV_MV,D,20211216,000000,1494.14,1521.67,1473.94,1483.12,0,0
SLV_MV,D,20211217,000000,1486.79,1505.15,1396.85,1396.85,0,0
SLV_MV,D,20211220,000000,1404.19,1457.42,1404.19,1439.07,0,0
SLV_MV,D,20211221,000000,1433.56,1490.46,1433.56,1475.78,0,0
SLV_MV,D,20211222,000000,1486.79,1488.63,1470.27,1486.79,0,0
SLV_MV,D,20211223,000000,1486.79,1486.79,1468.44,1468.44,0,0
SLV_MV,D,20211227,000000,1468.44,1486.79,1442.74,1453.75,0,0
SLV_MV,D,20211228,000000,1453.75,1486.79,1450.08,1470.27,0,0
SLV_MV,D,20211229,000000,1477.62,1495.97,1468.44,1495.97,0,0
SLV_MV,D,20211230,000000,1495.97,1519.83,1488.63,1505.15,0,0
SLV_MV,D,20220103,000000,1490.46,1560.22,1490.46,1551.04,0,0
SLV_MV,D,20220104,000000,1558.38,1558.38,1530.85,1530.85,0,0
SLV_MV,D,20220105,000000,1540.02,1540.02,1490.46,1490.46,0,0
SLV_MV,D,20220107,000000,1492.3,1543.7,1486.79,1519.83,0,0
SLV_MV,D,20220110,000000,1527.18,1541.86,1519.83,1519.83,0,0
SLV_MV,D,20220111,000000,1532.68,1543.7,1518,1534.52,0,0
SLV_MV,D,20220112,000000,1541.86,1549.2,1527.18,1543.7,0,0
SLV_MV,D,20220113,000000,1543.7,1543.7,1508.82,1523.5,0,0
SLV_MV,D,20220114,000000,1523.5,1523.5,1501.48,1501.48,0,0
SLV_MV,D,20220117,000000,1505.15,1523.5,1497.81,1523.5,0,0
SLV_MV,D,20220118,000000,1514.33,1514.33,1470.27,1470.27,0,0
SLV_MV,D,20220119,000000,1470.27,1486.79,1468.44,1486.79,0,0
SLV_MV,D,20220120,000000,1490.46,1490.46,1444.58,1450.08,0,0
SLV_MV,D,20220121,000000,1455.59,1455.59,1396.85,1396.85,0,0
SLV_MV,D,20220124,000000,1376.66,1376.66,1321.59,1334.44,0,0
SLV_MV,D,20220125,000000,1321.59,1374.83,1321.59,1327.1,0,0
SLV_MV,D,20220126,000000,1327.1,1376.66,1327.1,1374.83,0,0
SLV_MV,D,20220127,000000,1371.15,1374.83,1327.1,1347.29,0,0
SLV_MV,D,20220128,000000,1339.95,1347.29,1321.59,1332.61,0,0
SLV_MV,D,20220131,000000,1330.77,1332.61,1288.55,1288.55,0,0
SLV_MV,D,20220201,000000,1295.9,1323.43,1295.9,1305.07,0,0
SLV_MV,D,20220202,000000,1321.59,1339.95,1314.25,1334.44,0,0
SLV_MV,D,20220203,000000,1350.96,1371.15,1325.27,1330.77,0,0
SLV_MV,D,20220204,000000,1338.11,1376.66,1330.77,1358.31,0,0
SLV_MV,D,20220207,000000,1358.31,1360.14,1338.11,1360.14,0,0
SLV_MV,D,20220208,000000,1360.14,1426.22,1360.14,1422.55,0,0
SLV_MV,D,20220209,000000,1422.55,1450.08,1413.37,1431.73,0,0
SLV_MV,D,20220210,000000,1431.73,1431.73,1395.02,1411.54,0,0
SLV_MV,D,20220211,000000,1411.54,1413.37,1371.15,1395.02,0,0
SLV_MV,D,20220214,000000,1358.31,1376.66,1325.27,1361.98,0,0
SLV_MV,D,20220215,000000,1358.31,1376.66,1354.63,1376.66,0,0
SLV_MV,D,20220216,000000,1376.66,1376.66,1339.95,1361.98,0,0
SLV_MV,D,20220217,000000,1361.98,1361.98,1303.24,1319.76,0,0
SLV_MV,D,20220218,000000,1321.59,1321.59,1292.23,1303.24,0,0
SLV_MV,D,20220221,000000,1294.06,1312.42,1226.15,1301.4,0,0
SLV_MV,D,20220222,000000,1238.99,1284.88,1238.99,1257.35,0,0
SLV_MV,D,20220223,000000,1248.17,1248.17,1183.93,1211.46,0,0
SLV_MV,D,20220224,000000,1138.04,1176.59,1048.1,1174.75,0,0
SLV_MV,D,20220225,000000,1134.37,1259.19,1134.37,1259.19,0,0
SLV_MV,D,20220228,000000,1211.46,1312.42,1211.46,1294.06,0,0
SLV_MV,D,20220301,000000,1303.24,1303.24,1202.28,1209.63,0,0
SLV_MV,D,20220302,000000,1209.63,1211.46,1158.23,1172.91,0,0
SLV_MV,D,20220303,000000,1163.74,1182.09,1132.53,1172.91,0,0
SLV_MV,D,20220304,000000,1156.39,1187.6,1143.55,1161.9,0,0
SLV_MV,D,20220307,000000,1123.36,1154.56,1101.33,1154.56,0,0
SLV_MV,D,20220308,000000,1147.22,1156.39,1119.68,1119.68,0,0
SLV_MV,D,20220309,000000,1123.36,1193.11,1123.36,1193.11,0,0
SLV_MV,D,20220310,000000,1196.78,1229.82,1178.42,1229.82,0,0
SLV_MV,D,20220311,000000,1229.82,1246.34,1215.13,1246.34,0,0
SLV_MV,D,20220314,000000,1238.99,1238.99,1198.61,1226.15,0,0
SLV_MV,D,20220315,000000,1226.15,1226.15,1198.61,1198.61,0,0
SLV_MV,D,20220316,000000,1237.16,1237.16,1196.78,1211.46,0,0
SLV_MV,D,20220317,000000,1235.32,1257.35,1209.63,1257.35,0,0
SLV_MV,D,20220318,000000,1248.17,1248.17,1202.28,1207.79,0,0
SLV_MV,D,20220321,000000,1238.99,1238.99,1216.97,1216.97,0,0
SLV_MV,D,20220322,000000,1213.3,1220.64,1196.78,1220.64,0,0
SLV_MV,D,20220323,000000,1220.64,1220.64,1200.45,1200.45,0,0
SLV_MV,D,20220324,000000,1200.45,1209.63,1200.45,1200.45,0,0
SLV_MV,D,20220325,000000,1209.63,1238.99,1200.45,1238.99,0,0
SLV_MV,D,20220328,000000,1242.67,1242.67,1220.64,1229.82,0,0
SLV_MV,D,20220329,000000,1242.67,1242.67,1180.26,1180.26,0,0
SLV_MV,D,20220330,000000,1193.11,1238.99,1193.11,1238.99,0,0
SLV_MV,D,20220331,000000,1242.67,1431.73,1242.67,1382.17,0,0
SLV_MV,D,20220401,000000,1398.69,1462.93,1387.67,1461.1,0,0
SLV_MV,D,20220404,000000,1468.44,1486.79,1450.08,1486.79,0,0
SLV_MV,D,20220405,000000,1505.15,1514.33,1484.96,1484.96,0,0
SLV_MV,D,20220406,000000,1468.44,1483.12,1446.41,1461.1,0,0
SLV_MV,D,20220407,000000,1457.42,1457.42,1440.9,1440.9,0,0
SLV_MV,D,20220408,000000,1450.08,1450.08,1431.73,1440.9,0,0
SLV_MV,D,20220411,000000,1459.26,1459.26,1406.03,1406.03,0,0
SLV_MV,D,20220412,000000,1428.06,1428.06,1395.02,1422.55,0,0
SLV_MV,D,20220413,000000,1422.55,1431.73,1417.04,1429.89,0,0
SLV_MV,D,20220414,000000,1431.73,1473.94,1428.06,1473.94,0,0
SLV_MV,D,20220419,000000,1473.94,1505.15,1455.59,1488.63,0,0
SLV_MV,D,20220420,000000,1488.63,1512.49,1435.4,1477.62,0,0
SLV_MV,D,20220421,000000,1472.11,1472.11,1440.9,1468.44,0,0
SLV_MV,D,20220422,000000,1468.44,1472.11,1450.08,1464.77,0,0
SLV_MV,D,20220425,000000,1450.08,1450.08,1413.37,1444.58,0,0
SLV_MV,D,20220426,000000,1440.9,1466.6,1415.21,1457.42,0,0
SLV_MV,D,20220427,000000,1440.9,1457.42,1424.38,1453.75,0,0
SLV_MV,D,20220428,000000,1435.4,1468.44,1431.73,1448.25,0,0
SLV_MV,D,20220429,000000,1440.9,1450.08,1413.37,1413.37,0,0
SLV_MV,D,20220502,000000,1396.85,1413.37,1361.98,1395.02,0,0
SLV_MV,D,20220504,000000,1384,1406.03,1369.32,1376.66,0,0
SLV_MV,D,20220505,000000,1400.52,1402.36,1369.32,1376.66,0,0
SLV_MV,D,20220506,000000,1395.02,1395.02,1369.32,1387.67,0,0
SLV_MV,D,20220509,000000,1376.66,1395.02,1376.66,1389.51,0,0
SLV_MV,D,20220510,000000,1389.51,1407.86,1382.17,1404.19,0,0
SLV_MV,D,20220511,000000,1400.52,1431.73,1396.85,1428.06,0,0
SLV_MV,D,20220512,000000,1428.06,1431.73,1380.33,1431.73,0,0
SLV_MV,D,20220513,000000,1422.55,1431.73,1404.19,1415.21,0,0
SLV_MV,D,20220516,000000,1413.37,1448.25,1413.37,1448.25,0,0
SLV_MV,D,20220517,000000,1450.08,1450.08,1426.22,1435.4,0,0
SLV_MV,D,20220518,000000,1435.4,1468.44,1415.21,1433.56,0,0
SLV_MV,D,20220519,000000,1411.54,1433.56,1387.67,1428.06,0,0
SLV_MV,D,20220520,000000,1418.88,1428.06,1395.02,1413.37,0,0
SLV_MV,D,20220523,000000,1413.37,1413.37,1380.33,1385.84,0,0
SLV_MV,D,20220524,000000,1393.18,1393.18,1369.32,1384,0,0
SLV_MV,D,20220525,000000,1384,1384,1347.29,1367.48,0,0
SLV_MV,D,20220526,000000,1376.66,1395.02,1374.83,1384,0,0
SLV_MV,D,20220527,000000,1393.18,1395.02,1376.66,1393.18,0,0
SLV_MV,D,20220530,000000,1395.02,1431.73,1384,1431.73,0,0
SLV_MV,D,20220531,000000,1431.73,1466.6,1422.55,1459.26,0,0
SLV_MV,D,20220601,000000,1466.6,1484.96,1459.26,1483.12,0,0
SLV_MV,D,20220602,000000,1464.77,1468.44,1440.9,1457.42,0,0
SLV_MV,D,20220603,000000,1457.42,1457.42,1418.88,1431.73,0,0
SLV_MV,D,20220606,000000,1429.89,1429.89,1409.7,1413.37,0,0
SLV_MV,D,20220607,000000,1413.37,1413.37,1369.32,1380.33,0,0
SLV_MV,D,20220608,000000,1395.02,1395.02,1319.76,1319.76,0,0
SLV_MV,D,20220609,000000,1306.91,1376.66,1306.91,1350.96,0,0
SLV_MV,D,20220610,000000,1349.13,1363.81,1334.44,1352.8,0,0
SLV_MV,D,20220613,000000,1336.28,1336.28,1295.9,1295.9,0,0
SLV_MV,D,20220614,000000,1295.9,1306.91,1238.99,1238.99,0,0
SLV_MV,D,20220615,000000,1215.13,1244.5,1215.13,1238.99,0,0
SLV_MV,D,20220617,000000,1238.99,1238.99,1139.87,1139.87,0,0
SLV_MV,D,20220620,000000,1154.56,1205.95,1123.36,1183.93,0,0
SLV_MV,D,20220621,000000,1229.82,1264.69,1189.43,1222.47,0,0
SLV_MV,D,20220622,000000,1209.63,1211.46,1171.08,1211.46,0,0
SLV_MV,D,20220623,000000,1248.17,1248.17,1216.97,1216.97,0,0
SLV_MV,D,20220624,000000,1211.46,1237.16,1163.74,1237.16,0,0
SLV_MV,D,20220627,000000,1237.16,1261.02,1220.64,1261.02,0,0
SLV_MV,D,20220628,000000,1257.35,1283.05,1257.35,1264.69,0,0
SLV_MV,D,20220629,000000,1262.86,1314.25,1246.34,1314.25,0,0
SLV_MV,D,20220630,000000,1284.88,1284.88,1213.3,1213.3,0,0
SLV_MV,D,20220701,000000,1250.01,1292.23,1220.64,1229.82,0,0
SLV_MV,D,20220704,000000,1211.46,1284.88,1211.46,1284.88,0,0
SLV_MV,D,20220705,000000,1281.21,1314.25,1266.53,1266.53,0,0
SLV_MV,D,20220706,000000,1266.53,1301.4,1266.53,1284.88,0,0
SLV_MV,D,20220707,000000,1301.4,1301.4,1284.88,1294.06,0,0
SLV_MV,D,20220708,000000,1303.24,1303.24,1288.55,1301.4,0,0
SLV_MV,D,20220711,000000,1237.16,1242.67,1204.12,1242.67,0,0
SLV_MV,D,20220712,000000,1244.5,1244.5,1194.94,1233.49,0,0
SLV_MV,D,20220713,000000,1229.82,1229.82,1202.28,1211.46,0,0
SLV_MV,D,20220714,000000,1211.46,1213.3,1171.08,1189.43,0,0
SLV_MV,D,20220715,000000,1209.63,1251.84,1209.63,1251.84,0,0
SLV_MV,D,20220718,000000,1233.49,1266.53,1231.65,1231.65,0,0
SLV_MV,D,20220719,000000,1235.32,1283.05,1229.82,1283.05,0,0
SLV_MV,D,20220720,000000,1279.38,1284.88,1238.99,1273.87,0,0
SLV_MV,D,20220721,000000,1281.21,1312.42,1248.17,1312.42,0,0
SLV_MV,D,20220722,000000,1312.42,1319.76,1284.88,1319.76,0,0
SLV_MV,D,20220725,000000,1303.24,1312.42,1303.24,1303.24,0,0
SLV_MV,D,20220726,000000,1312.42,1349.13,1288.55,1316.09,0,0
SLV_MV,D,20220727,000000,1303.24,1339.95,1303.24,1339.95,0,0
SLV_MV,D,20220728,000000,1339.95,1349.13,1332.61,1349.13,0,0
SLV_MV,D,20220729,000000,1341.79,1360.14,1341.79,1352.8,0,0
SLV_MV,D,20220801,000000,1339.95,1380.33,1339.95,1380.33,0,0
SLV_MV,D,20220802,000000,1380.33,1431.73,1365.65,1431.73,0,0
SLV_MV,D,20220803,000000,1431.73,1468.44,1413.37,1468.44,0,0
SLV_MV,D,20220804,000000,1468.44,1483.12,1431.73,1468.44,0,0
SLV_MV,D,20220805,000000,1453.75,1453.75,1424.38,1450.08,0,0
SLV_MV,D,20220808,000000,1466.6,1466.6,1417.04,1450.08,0,0
SLV_MV,D,20220809,000000,1450.08,1468.44,1450.08,1468.44,0,0
SLV_MV,D,20220810,000000,1457.42,1459.26,1442.74,1459.26,0,0
SLV_MV,D,20220811,000000,1424.38,1459.26,1424.38,1451.92,0,0
SLV_MV,D,20220812,000000,1448.25,1477.62,1433.56,1468.44,0,0
SLV_MV,D,20220816,000000,1464.77,1505.15,1464.77,1468.44,0,0
SLV_MV,D,20220817,000000,1468.44,1510.66,1461.1,1488.63,0,0
SLV_MV,D,20220818,000000,1488.63,1490.46,1461.1,1468.44,0,0
SLV_MV,D,20220819,000000,1468.44,1468.44,1429.89,1468.44,0,0
SLV_MV,D,20220822,000000,1466.6,1505.15,1428.06,1484.96,0,0
SLV_MV,D,20220823,000000,1505.15,1505.15,1459.26,1468.44,0,0
SLV_MV,D,20220824,000000,1468.44,1505.15,1422.55,1450.08,0,0
SLV_MV,D,20220825,000000,1448.25,1468.44,1422.55,1433.56,0,0
SLV_MV,D,20220826,000000,1451.92,1451.92,1424.38,1426.22,0,0
SLV_MV,D,20220829,000000,1429.89,1429.89,1361.98,1395.02,0,0
SLV_MV,D,20220830,000000,1374.83,1378.5,1343.62,1374.83,0,0
SLV_MV,D,20220831,000000,1358.31,1391.34,1350.96,1360.14,0,0
SLV_MV,D,20220901,000000,1376.66,1376.66,1339.95,1352.8,0,0
SLV_MV,D,20220902,000000,1352.8,1393.18,1350.96,1365.65,0,0
SLV_MV,D,20220905,000000,1395.02,1395.02,1372.99,1376.66,0,0
SLV_MV,D,20220906,000000,1378.5,1446.41,1378.5,1446.41,0,0
SLV_MV,D,20220907,000000,1464.77,1464.77,1431.73,1442.74,0,0
SLV_MV,D,20220908,000000,1446.41,1461.1,1424.38,1451.92,0,0
SLV_MV,D,20220909,000000,1450.08,1495.97,1450.08,1472.11,0,0
SLV_MV,D,20220912,000000,1470.27,1484.96,1444.58,1477.62,0,0
SLV_MV,D,20220913,000000,1468.44,1473.94,1450.08,1450.08,0,0
SLV_MV,D,20220914,000000,1477.62,1543.7,1442.74,1536.35,0,0
SLV_MV,D,20220915,000000,1523.5,1578.57,1516.16,1556.54,0,0
SLV_MV,D,20220916,000000,1554.71,1556.54,1518,1518,0,0
SLV_MV,D,20220919,000000,1508.82,1554.71,1508.82,1554.71,0,0
SLV_MV,D,20220920,000000,1554.71,1556.54,1541.86,1541.86,0,0
SLV_MV,D,20220921,000000,1541.86,1565.72,1541.86,1565.72,0,0
SLV_MV,D,20220922,000000,1573.06,1650.16,1549.2,1615.28,0,0
SLV_MV,D,20220923,000000,1615.28,1648.32,1582.24,1582.24,0,0
SLV_MV,D,20220926,000000,1578.57,1578.57,1523.5,1541.86,0,0
SLV_MV,D,20220927,000000,1523.5,1596.93,1490.46,1596.93,0,0
SLV_MV,D,20220928,000000,1598.76,1639.14,1578.57,1589.58,0,0
SLV_MV,D,20220929,000000,1593.26,1609.78,1545.53,1547.37,0,0
SLV_MV,D,20220930,000000,1560.22,1629.97,1541.86,1598.76,0,0
SLV_MV,D,20221003,000000,1598.76,1598.76,1525.34,1578.57,0,0
SLV_MV,D,20221004,000000,1584.08,1622.62,1584.08,1622.62,0,0
SLV_MV,D,20221005,000000,1626.29,1644.65,1596.93,1622.62,0,0
SLV_MV,D,20221006,000000,1600.6,1613.45,1600.6,1611.61,0,0
SLV_MV,D,20221007,000000,1615.28,1615.28,1598.76,1611.61,0,0
SLV_MV,D,20221010,000000,1617.12,1622.62,1591.42,1591.42,0,0
SLV_MV,D,20221011,000000,1596.93,1596.93,1562.05,1574.9,0,0
SLV_MV,D,20221012,000000,1578.57,1596.93,1563.89,1578.57,0,0
SLV_MV,D,20221013,000000,1569.39,1596.93,1516.16,1538.19,0,0
SLV_MV,D,20221014,000000,1556.54,1573.06,1540.02,1549.2,0,0
SLV_MV,D,20221017,000000,1530.85,1541.86,1521.67,1541.86,0,0
SLV_MV,D,20221018,000000,1541.86,1560.22,1541.86,1551.04,0,0
SLV_MV,D,20221019,000000,1545.53,1578.57,1543.7,1578.57,0,0
SLV_MV,D,20221020,000000,1569.39,1578.57,1569.39,1578.57,0,0
SLV_MV,D,20221021,000000,1578.57,1578.57,1545.53,1560.22,0,0
SLV_MV,D,20221024,000000,1551.04,1558.38,1518,1540.02,0,0
SLV_MV,D,20221025,000000,1527.18,1543.7,1525.34,1525.34,0,0
SLV_MV,D,20221026,000000,1523.5,1545.53,1523.5,1545.53,0,0
SLV_MV,D,20221027,000000,1545.53,1569.39,1543.7,1556.54,0,0
SLV_MV,D,20221028,000000,1538.19,1560.22,1523.5,1558.38,0,0
SLV_MV,D,20221031,000000,1556.54,1556.54,1532.68,1551.04,0,0
SLV_MV,D,20221102,000000,1551.04,1554.71,1540.02,1554.71,0,0
SLV_MV,D,20221103,000000,1532.68,1532.68,1402.36,1440.9,0,0
SLV_MV,D,20221104,000000,1473.94,1519.83,1450.08,1519.83,0,0
SLV_MV,D,20221107,000000,1503.31,1503.31,1453.75,1477.62,0,0
SLV_MV,D,20221108,000000,1468.44,1468.44,1413.37,1431.73,0,0
SLV_MV,D,20221109,000000,1417.04,1477.62,1417.04,1466.6,0,0
SLV_MV,D,20221110,000000,1457.42,1468.44,1426.22,1468.44,0,0
SLV_MV,D,20221114,000000,1477.62,1490.46,1426.22,1450.08,0,0
SLV_MV,D,20221115,000000,1439.07,1455.59,1433.56,1455.59,0,0
SLV_MV,D,20221116,000000,1435.4,1444.58,1429.89,1442.74,0,0
SLV_MV,D,20221117,000000,1442.74,1442.74,1417.04,1426.22,0,0
SLV_MV,D,20221118,000000,1422.55,1468.44,1422.55,1444.58,0,0
SLV_MV,D,20221121,000000,1444.58,1486.79,1393.18,1486.79,0,0
SLV_MV,D,20221122,000000,1483.12,1532.68,1477.62,1516.16,0,0
SLV_MV,D,20221123,000000,1514.33,1514.33,1499.64,1514.33,0,0
SLV_MV,D,20221124,000000,1521.67,1521.67,1472.11,1475.78,0,0
SLV_MV,D,20221125,000000,1490.46,1503.31,1475.78,1503.31,0,0
SLV_MV,D,20221128,000000,1503.31,1503.31,1468.44,1481.29,0,0
SLV_MV,D,20221129,000000,1484.96,1484.96,1439.07,1483.12,0,0
SLV_MV,D,20221130,000000,1484.96,1484.96,1457.42,1481.29,0,0
SLV_MV,D,20221201,000000,1472.11,1483.12,1472.11,1483.12,0,0
SLV_MV,D,20221202,000000,1477.62,1518,1477.62,1510.66,0,0
SLV_MV,D,20221205,000000,1505.15,1505.15,1468.44,1503.31,0,0
SLV_MV,D,20221206,000000,1503.31,1510.66,1473.94,1510.66,0,0
SLV_MV,D,20221207,000000,1505.15,1505.15,1484.96,1505.15,0,0
SLV_MV,D,20221208,000000,1508.82,1519.83,1494.14,1516.16,0,0
SLV_MV,D,20221209,000000,1512.49,1560.22,1506.98,1523.5,0,0
SLV_MV,D,20221212,000000,1540.02,1558.38,1525.34,1525.34,0,0
SLV_MV,D,20221213,000000,1554.71,1556.54,1525.34,1556.54,0,0
SLV_MV,D,20221214,000000,1551.04,1560.22,1543.7,1543.7,0,0
SLV_MV,D,20221215,000000,1541.86,1541.86,1497.81,1497.81,0,0
SLV_MV,D,20221216,000000,1486.79,1495.97,1451.92,1475.78,0,0
SLV_MV,D,20221219,000000,1475.78,1503.31,1475.78,1499.64,0,0
SLV_MV,D,20221220,000000,1499.64,1512.49,1483.12,1501.48,0,0
SLV_MV,D,20221221,000000,1514.33,1514.33,1490.46,1490.46,0,0
SLV_MV,D,20221222,000000,1503.31,1505.15,1495.97,1495.97,0,0
SLV_MV,D,20221223,000000,1503.31,1503.31,1486.79,1495.97,0,0
SLV_MV,D,20221227,000000,1486.79,1495.97,1484.96,1490.46,0,0
SLV_MV,D,20221228,000000,1486.79,1494.14,1475.78,1486.79,0,0
SLV_MV,D,20221229,000000,1486.79,1521.67,1475.78,1521.67,0,0
SLV_MV,D,20221230,000000,1521.67,1521.67,1486.79,1521.67,0,0
SLV_MV,D,20230102,000000,1505.15,1521.67,1486.79,1503.31,0,0
SLV_MV,D,20230103,000000,1488.63,1505.15,1483.12,1495.97,0,0
SLV_MV,D,20230104,000000,1503.31,1523.5,1484.96,1523.5,0,0
SLV_MV,D,20230105,000000,1514.33,1541.86,1505.15,1514.33,0,0
SLV_MV,D,20230109,000000,1552.87,1578.57,1536.35,1578.57,0,0
SLV_MV,D,20230110,000000,1582.24,1595.09,1569.39,1574.9,0,0
SLV_MV,D,20230111,000000,1573.06,1573.06,1551.04,1562.05,0,0
SLV_MV,D,20230112,000000,1558.38,1600.6,1551.04,1596.93,0,0
SLV_MV,D,20230113,000000,1578.57,1611.61,1578.57,1606.1,0,0
SLV_MV,D,20230116,000000,1617.12,1681.36,1617.12,1670.35,0,0
SLV_MV,D,20230117,000000,1670.35,1670.35,1651.99,1651.99,0,0
SLV_MV,D,20230118,000000,1642.81,1648.32,1631.8,1637.31,0,0
SLV_MV,D,20230119,000000,1633.64,1633.64,1580.41,1585.91,0,0
SLV_MV,D,20230120,000000,1609.78,1651.99,1598.76,1651.99,0,0
SLV_MV,D,20230123,000000,1651.99,1661.17,1635.47,1661.17,0,0
SLV_MV,D,20230124,000000,1657.5,1661.17,1644.65,1657.5,0,0
SLV_MV,D,20230125,000000,1655.66,1657.5,1606.1,1637.31,0,0
SLV_MV,D,20230126,000000,1659.33,1661.17,1607.94,1607.94,0,0
SLV_MV,D,20230127,000000,1633.64,1633.64,1607.94,1609.78,0,0
SLV_MV,D,20230130,000000,1615.28,1615.28,1589.58,1591.42,0,0
SLV_MV,D,20230131,000000,1585.91,1611.61,1551.04,1576.74,0,0
SLV_MV,D,20230201,000000,1576.74,1593.26,1558.38,1558.38,0,0
SLV_MV,D,20230202,000000,1523.5,1576.74,1523.5,1560.22,0,0
SLV_MV,D,20230203,000000,1560.22,1576.74,1556.54,1563.89,0,0
SLV_MV,D,20230206,000000,1563.89,1587.75,1563.89,1576.74,0,0
SLV_MV,D,20230207,000000,1585.91,1595.09,1573.06,1580.41,0,0
SLV_MV,D,20230208,000000,1591.42,1595.09,1574.9,1574.9,0,0
SLV_MV,D,20230209,000000,1565.72,1574.9,1541.86,1574.9,0,0
SLV_MV,D,20230210,000000,1543.7,1573.06,1543.7,1552.87,0,0
SLV_MV,D,20230213,000000,1560.22,1560.22,1525.34,1529.01,0,0
SLV_MV,D,20230214,000000,1527.18,1532.68,1495.97,1523.5,0,0
SLV_MV,D,20230215,000000,1523.5,1523.5,1495.97,1505.15,0,0
SLV_MV,D,20230216,000000,1492.3,1523.5,1492.3,1521.67,0,0
SLV_MV,D,20230217,000000,1521.67,1538.19,1508.82,1519.83,0,0
SLV_MV,D,20230220,000000,1514.33,1532.68,1514.33,1530.85,0,0
SLV_MV,D,20230221,000000,1530.85,1530.85,1505.15,1505.15,0,0
SLV_MV,D,20230222,000000,1494.14,1523.5,1490.46,1505.15,0,0
SLV_MV,D,20230223,000000,1514.33,1527.18,1512.49,1523.5,0,0
SLV_MV,D,20230224,000000,1523.5,1523.5,1505.15,1505.15,0,0
SLV_MV,D,20230227,000000,1499.64,1505.15,1479.45,1484.96,0,0
SLV_MV,D,20230228,000000,1477.62,1477.62,1461.1,1468.44,0,0
SLV_MV,D,20230301,000000,1466.6,1486.79,1466.6,1484.96,0,0
SLV_MV,D,20230302,000000,1486.79,1540.02,1484.96,1523.5,0,0
SLV_MV,D,20230303,000000,1529.01,1578.57,1529.01,1569.39,0,0
SLV_MV,D,20230306,000000,1578.57,1580.41,1560.22,1569.39,0,0
SLV_MV,D,20230307,000000,1569.39,1618.95,1569.39,1615.28,0,0
SLV_MV,D,20230308,000000,1606.1,1622.62,1606.1,1607.94,0,0
SLV_MV,D,20230309,000000,1606.1,1615.28,1598.76,1613.45,0,0
SLV_MV,D,20230310,000000,1589.58,1617.12,1569.39,1580.41,0,0
SLV_MV,D,20230313,000000,1574.9,1574.9,1527.18,1560.22,0,0
SLV_MV,D,20230314,000000,1560.22,1578.57,1551.04,1578.57,0,0
SLV_MV,D,20230315,000000,1578.57,1578.57,1541.86,1541.86,0,0
SLV_MV,D,20230316,000000,1523.5,1523.5,1506.98,1512.49,0,0
SLV_MV,D,20230317,000000,1514.33,1560.22,1514.33,1556.54,0,0
SLV_MV,D,20230320,000000,1551.04,1551.04,1506.98,1532.68,0,0
SLV_MV,D,20230321,000000,1516.16,1562.05,1516.16,1529.01,0,0
SLV_MV,D,20230322,000000,1516.16,1518,1503.31,1514.33,0,0
SLV_MV,D,20230323,000000,1530.85,1530.85,1501.48,1501.48,0,0
SLV_MV,D,20230324,000000,1514.33,1514.33,1492.3,1505.15,0,0
SLV_MV,D,20230327,000000,1505.15,1523.5,1488.63,1505.15,0,0
SLV_MV,D,20230328,000000,1501.48,1523.5,1492.3,1505.15,0,0
SLV_MV,D,20230329,000000,1505.15,1532.68,1505.15,1532.68,0,0
SLV_MV,D,20230330,000000,1521.67,1521.67,1389.51,1431.73,0,0
SLV_MV,D,20230331,000000,1461.1,1461.1,1371.15,1376.66,0,0
SLV_MV,D,20230403,000000,1367.48,1367.48,1332.61,1349.13,0,0
SLV_MV,D,20230404,000000,1349.13,1376.66,1349.13,1365.65,0,0
SLV_MV,D,20230405,000000,1365.65,1365.65,1332.61,1345.46,0,0
SLV_MV,D,20230406,000000,1336.28,1347.29,1319.76,1321.59,0,0
SLV_MV,D,20230411,000000,1321.59,1330.77,1301.4,1330.77,0,0
SLV_MV,D,20230412,000000,1323.43,1363.81,1323.43,1363.81,0,0
SLV_MV,D,20230413,000000,1363.81,1374.83,1352.8,1352.8,0,0
SLV_MV,D,20230414,000000,1358.31,1411.54,1358.31,1409.7,0,0
SLV_MV,D,20230417,000000,1409.7,1413.37,1393.18,1396.85,0,0
SLV_MV,D,20230418,000000,1385.84,1413.37,1382.17,1413.37,0,0
SLV_MV,D,20230419,000000,1422.55,1426.22,1398.69,1413.37,0,0
SLV_MV,D,20230420,000000,1413.37,1413.37,1396.85,1411.54,0,0
SLV_MV,D,20230421,000000,1398.69,1398.69,1358.31,1358.31,0,0
SLV_MV,D,20230424,000000,1374.83,1374.83,1330.77,1341.79,0,0
SLV_MV,D,20230425,000000,1356.47,1385.84,1339.95,1385.84,0,0
SLV_MV,D,20230426,000000,1395.02,1395.02,1376.66,1380.33,0,0
SLV_MV,D,20230427,000000,1387.67,1395.02,1376.66,1380.33,0,0
SLV_MV,D,20230428,000000,1384,1387.67,1372.99,1376.66,0,0
SLV_MV,D,20230502,000000,1387.67,1407.86,1376.66,1407.86,0,0
SLV_MV,D,20230504,000000,1404.19,1404.19,1361.98,1384,0,0
SLV_MV,D,20230505,000000,1387.67,1387.67,1336.28,1369.32,0,0
SLV_MV,D,20230508,000000,1339.95,1376.66,1339.95,1376.66,0,0
SLV_MV,D,20230509,000000,1376.66,1384,1374.83,1380.33,0,0
SLV_MV,D,20230510,000000,1389.51,1389.51,1343.62,1382.17,0,0
SLV_MV,D,20230511,000000,1349.13,1391.34,1349.13,1391.34,0,0
SLV_MV,D,20230512,000000,1391.34,1398.69,1376.66,1395.02,0,0
SLV_MV,D,20230515,000000,1395.02,1396.85,1363.81,1396.85,0,0
SLV_MV,D,20230516,000000,1391.34,1409.7,1385.84,1409.7,0,0
SLV_MV,D,20230517,000000,1404.19,1415.21,1400.52,1415.21,0,0
SLV_MV,D,20230518,000000,1418.88,1418.88,1404.19,1413.37,0,0
SLV_MV,D,20230519,000000,1406.03,1428.06,1406.03,1413.37,0,0
SLV_MV,D,20230522,000000,1413.37,1426.22,1413.37,1422.55,0,0
SLV_MV,D,20230523,000000,1424.38,1428.06,1413.37,1424.38,0,0
SLV_MV,D,20230524,000000,1420.71,1420.71,1384,1407.86,0,0
SLV_MV,D,20230525,000000,1382.17,1413.37,1378.5,1413.37,0,0
SLV_MV,D,20230526,000000,1411.54,1422.55,1395.02,1422.55,0,0
SLV_MV,D,20230529,000000,1422.55,1426.22,1400.52,1409.7,0,0
SLV_MV,D,20230530,000000,1407.86,1407.86,1358.31,1358.31,0,0
SLV_MV,D,20230531,000000,1356.47,1391.34,1339.95,1358.31,0,0
SLV_MV,D,20230601,000000,1391.34,1395.02,1257.35,1257.35,0,0
SLV_MV,D,20230602,000000,1277.54,1339.95,1277.54,1301.4,0,0
SLV_MV,D,20230605,000000,1305.07,1352.8,1305.07,1347.29,0,0
SLV_MV,D,20230606,000000,1356.47,1356.47,1312.42,1312.42,0,0
SLV_MV,D,20230607,000000,1350.96,1350.96,1314.25,1350.96,0,0
SLV_MV,D,20230609,000000,1349.13,1349.13,1328.94,1339.95,0,0
SLV_MV,D,20230612,000000,1339.95,1339.95,1325.27,1339.95,0,0
SLV_MV,D,20230613,000000,1330.77,1343.62,1316.09,1316.09,0,0
SLV_MV,D,20230614,000000,1330.77,1339.95,1268.36,1268.36,0,0
SLV_MV,D,20230615,000000,1275.71,1303.24,1268.36,1303.24,0,0
SLV_MV,D,20230616,000000,1308.75,1321.59,1283.05,1321.59,0,0
SLV_MV,D,20230619,000000,1321.59,1321.59,1299.57,1319.76,0,0
SLV_MV,D,20230620,000000,1310.58,1312.42,1279.38,1301.4,0,0
SLV_MV,D,20230621,000000,1292.23,1292.23,1284.88,1284.88,0,0
SLV_MV,D,20230622,000000,1301.4,1317.92,1288.55,1288.55,0,0
SLV_MV,D,20230623,000000,1284.88,1284.88,1266.53,1268.36,0,0
SLV_MV,D,20230626,000000,1268.36,1268.36,1261.02,1261.02,0,0
SLV_MV,D,20230627,000000,1261.02,1261.02,1229.82,1248.17,0,0
SLV_MV,D,20230628,000000,1248.17,1248.17,1233.49,1237.16,0,0
SLV_MV,D,20230629,000000,1246.34,1248.17,1240.83,1240.83,0,0
SLV_MV,D,20230630,000000,1248.17,1261.02,1240.83,1246.34,0,0
SLV_MV,D,20230703,000000,1240.83,1257.35,1238.99,1248.17,0,0
SLV_MV,D,20230704,000000,1255.51,1266.53,1238.99,1264.69,0,0
SLV_MV,D,20230705,000000,1275.71,1316.09,1244.5,1308.75,0,0
SLV_MV,D,20230706,000000,1306.91,1312.42,1297.73,1312.42,0,0
SLV_MV,D,20230707,000000,1319.76,1321.59,1308.75,1321.59,0,0
SLV_MV,D,20230710,000000,1312.42,1319.76,1308.75,1308.75,0,0
SLV_MV,D,20230711,000000,1308.75,1349.13,1306.91,1349.13,0,0
SLV_MV,D,20230712,000000,1349.13,1349.13,1332.61,1338.11,0,0
SLV_MV,D,20230713,000000,1336.28,1336.28,1330.77,1330.77,0,0
SLV_MV,D,20230714,000000,1312.42,1343.62,1308.75,1343.62,0,0
SLV_MV,D,20230717,000000,1349.13,1365.65,1308.75,1308.75,0,0
SLV_MV,D,20230718,000000,1308.75,1330.77,1295.9,1303.24,0,0
SLV_MV,D,20230719,000000,1303.24,1325.27,1303.24,1314.25,0,0
SLV_MV,D,20230720,000000,1310.58,1321.59,1310.58,1321.59,0,0
SLV_MV,D,20230721,000000,1319.76,1319.76,1310.58,1319.76,0,0
SLV_MV,D,20230724,000000,1319.76,1319.76,1310.58,1310.58,0,0
SLV_MV,D,20230725,000000,1310.58,1316.09,1308.75,1308.75,0,0
SLV_MV,D,20230726,000000,1308.75,1308.75,1308.75,1308.75,0,0
SLV_MV,D,20230727,000000,1308.75,1323.43,1308.75,1316.09,0,0
SLV_MV,D,20230728,000000,1316.09,1330.77,1314.25,1325.27,0,0
SLV_MV,D,20230731,000000,1325.27,1354.63,1323.43,1352.8,0,0
SLV_MV,D,20230801,000000,1339.95,1365.65,1339.95,1365.65,0,0
SLV_MV,D,20230802,000000,1365.65,1367.48,1341.79,1358.31,0,0
SLV_MV,D,20230803,000000,1358.31,1358.31,1339.95,1350.96,0,0
SLV_MV,D,20230804,000000,1350.96,1367.48,1350.96,1360.1,0,0
SLV_MV,D,20230807,000000,1358.3,1363.8,1339.9,1362,0,0
SLV_MV,D,20230808,000000,1356.5,1374.8,1339.9,1367.5,0,0
SLV_MV,D,20230809,000000,1358.3,1404.2,1351,1400.5,0,0
SLV_MV,D,20230810,000000,1404.2,1404.2,1376.7,1402.4,0,0
SLV_MV,D,20230811,000000,1395,1395,1376.7,1382.2,0,0
SLV_MV,D,20230814,000000,1393.2,1393.2,1354.6,1367.5,0,0
SLV_MV,D,20230816,000000,1376.7,1376.7,1339.9,1356.5,0,0
SLV_MV,D,20230817,000000,1339.9,1360.1,1268.4,1295.9,0,0
SLV_MV,D,20230818,000000,1295.9,1295.9,1255.5,1284.9,0,0
SLV_MV,D,20230821,000000,1284.9,1288.6,1277.5,1284.9,0,0
SLV_MV,D,20230822,000000,1268.4,1292.2,1259.2,1266.5,0,0
SLV_MV,D,20230823,000000,1281.2,1281.2,1248.2,1266.5,0,0
SLV_MV,D,20230824,000000,1266.5,1266.5,1248.2,1248.2,0,0
SLV_MV,D,20230825,000000,1248.2,1250,1246.3,1248.2,0,0
SLV_MV,D,20230828,000000,1262.9,1266.5,1248.2,1248.2,0,0
SLV_MV,D,20230829,000000,1248.2,1248.2,1229.8,1239,0,0
SLV_MV,D,20230830,000000,1257.3,1257.3,1239,1248.2,0,0
SLV_MV,D,20230831,000000,1248.2,1248.2,1228,1246.3,0,0
SLV_MV,D,20230901,000000,1246.3,1248.2,1233.5,1233.5,0,0
SLV_MV,D,20230904,000000,1239,1257.3,1226.1,1240.8,0,0
SLV_MV,D,20230905,000000,1242.7,1244.5,1228,1228,0,0
SLV_MV,D,20230906,000000,1229.8,1229.8,1196.8,1220.6,0,0
SLV_MV,D,20230907,000000,1229.8,1229.8,1200.4,1202.3,0,0
SLV_MV,D,20230908,000000,1220.6,1229.8,1215.1,1215.1,0,0
SLV_MV,D,20230911,000000,1224.3,1224.3,1196.8,1196.8,0,0
SLV_MV,D,20230912,000000,1204.1,1204.1,1178.4,1178.4,0,0
SLV_MV,D,20230913,000000,1178.4,1193.1,1176.6,1193.1,0,0
SLV_MV,D,20230914,000000,1202.3,1206,1193.1,1206,0,0
SLV_MV,D,20230915,000000,1209.6,1239,1204.1,1235.3,0,0
SLV_MV,D,20230918,000000,1235.3,1235.3,1183.9,1189.4,0,0
SLV_MV,D,20230919,000000,1202.3,1202.3,1187.6,1189.4,0,0
SLV_MV,D,20230920,000000,1193.1,1193.1,1167.4,1171.1,0,0
SLV_MV,D,20230921,000000,1182.1,1182.1,1167.4,1174.8,0,0
SLV_MV,D,20230922,000000,1176.6,1176.6,1165.6,1165.6,0,0
SLV_MV,D,20230925,000000,1178.4,1200.4,1134.4,1134.4,0,0
SLV_MV,D,20230926,000000,1156.4,1156.4,1095.8,1095.8,0,0
SLV_MV,D,20230927,000000,1110.5,1116,1053.6,1053.6,0,0
SLV_MV,D,20230928,000000,1053.6,1095.8,1026.1,1095.8,0,0
SLV_MV,D,20230929,000000,1101.3,1152.7,1101.3,1147.2,0,0
SLV_MV,D,20231002,000000,1152.7,1152.7,1138,1138,0,0
SLV_MV,D,20231003,000000,1156.4,1156.4,1119.7,1138,0,0
SLV_MV,D,20231004,000000,1138,1156.4,1134.4,1154.6,0,0
SLV_MV,D,20231005,000000,1154.6,1156.4,1138,1138,0,0
SLV_MV,D,20231006,000000,1138,1174.8,1138,1154.6,0,0
SLV_MV,D,20231009,000000,1147.2,1172.9,1125.2,1139.9,0,0
SLV_MV,D,20231010,000000,1128.9,1191.3,1128.9,1161.9,0,0
SLV_MV,D,20231011,000000,1158.2,1161.9,1145.4,1161.9,0,0
SLV_MV,D,20231012,000000,1156.4,1161.9,1123.4,1127,0,0
SLV_MV,D,20231013,000000,1105,1138,1105,1128.9,0,0
SLV_MV,D,20231016,000000,1147.2,1174.8,1147.2,1174.8,0,0
SLV_MV,D,20231017,000000,1174.8,1174.8,1156.4,1172.9,0,0
SLV_MV,D,20231018,000000,1172.9,1172.9,1145.4,1171.1,0,0
SLV_MV,D,20231019,000000,1160.1,1183.9,1156.4,1183.9,0,0
SLV_MV,D,20231020,000000,1183.9,1183.9,1169.2,1183.9,0,0
SLV_MV,D,20231023,000000,1174.8,1183.9,1141.7,1141.7,0,0
SLV_MV,D,20231024,000000,1174.8,1174.8,1121.5,1145.4,0,0
SLV_MV,D,20231025,000000,1163.7,1165.6,1143.5,1165.6,0,0
SLV_MV,D,20231026,000000,1171.1,1171.1,1149.1,1165.6,0,0
SLV_MV,D,20231027,000000,1165.6,1165.6,1156.4,1165.6,0,0
SLV_MV,D,20231030,000000,1163.7,1163.7,1149.1,1152.7,0,0
SLV_MV,D,20231031,000000,1152.7,1156.4,1134.4,1150.9,0,0
SLV_MV,D,20231102,000000,1150.9,1150.9,1105,1110.5,0,0
SLV_MV,D,20231103,000000,1110.5,1110.5,1092.2,1092.2,0,0
SLV_MV,D,20231106,000000,1084.8,1119.7,1084.8,1092.2,0,0
SLV_MV,D,20231107,000000,1083,1110.5,1083,1110.5,0,0
SLV_MV,D,20231108,000000,1094,1119.7,1094,1101.3,0,0
SLV_MV,D,20231109,000000,1101.3,1101.3,1094,1094,0,0
SLV_MV,D,20231110,000000,1101.3,1101.3,1077.5,1088.5,0,0
SLV_MV,D,20231113,000000,1083,1092.2,1083,1090.3,0,0
SLV_MV,D,20231114,000000,1090.3,1094,1042.6,1083,0,0
SLV_MV,D,20231115,000000,1064.6,1110.5,1064.6,1108.7,0,0
SLV_MV,D,20231116,000000,1101.3,1119.7,1101.3,1106.8,0,0
SLV_MV,D,20231117,000000,1110.5,1110.5,1103.2,1108.7,0,0
SLV_MV,D,20231120,000000,1108.7,1119.7,1103.2,1114.2,0,0
SLV_MV,D,20231121,000000,1119.7,1119.7,1101.3,1106.8,0,0
SLV_MV,D,20231122,000000,1106.8,1112.3,1103.2,1103.2,0,0
SLV_MV,D,20231123,000000,1112.3,1117.9,1112.3,1117.9,0,0
SLV_MV,D,20231124,000000,1112.3,1119.7,1110.5,1117.9,0,0
SLV_MV,D,20231127,000000,1119.7,1119.7,1101.3,1101.3,0,0
SLV_MV,D,20231128,000000,1101.3,1114.2,1101.3,1114.2,0,0
SLV_MV,D,20231129,000000,1110.5,1114.2,1101.3,1114.2,0,0
SLV_MV,D,20231130,000000,1105,1117.8,1101.3,1108.7,0,0
SLV_MV,D,20231201,000000,1108.7,1156.4,1103.2,1156.4,0,0
SLV_MV,D,20231204,000000,1156.4,1174.8,1150.9,1150.9,0,0
SLV_MV,D,20231205,000000,1171.1,1171.1,1114.2,1114.2,0,0
SLV_MV,D,20231206,000000,1101.3,1105,1097.7,1097.7,0,0
SLV_MV,D,20231207,000000,1101.3,1101.3,1072,1079.3,0,0
SLV_MV,D,20231208,000000,1079.3,1116,1079.3,1101.3,0,0
SLV_MV,D,20231211,000000,1101.3,1119.7,1083,1119.7,0,0
SLV_MV,D,20231212,000000,1119.7,1119.7,1083,1086.6,0,0
SLV_MV,D,20231213,000000,1083,1119.7,1083,1095.8,0,0
SLV_MV,D,20231214,000000,1101.3,1101.3,1088.5,1095.8,0,0
SLV_MV,D,20231215,000000,1101.3,1145.4,1101.3,1139.9,0,0
SLV_MV,D,20231218,000000,1134.4,1136.2,1101.3,1116,0,0
SLV_MV,D,20231219,000000,1116,1119.7,1101.3,1101.3,0,0
SLV_MV,D,20231220,000000,1101.3,1108.7,1092.2,1097.7,0,0
SLV_MV,D,20231221,000000,1094,1110.5,1094,1110.5,0,0
SLV_MV,D,20231222,000000,1110.5,1128.9,1099.5,1110.5,0,0
SLV_MV,D,20231227,000000,1103.2,1112.3,1092.2,1103.2,0,0
SLV_MV,D,20231228,000000,1094,1117.8,1094,1101.3,0,0
SLV_MV,D,20231229,000000,1099.5,1103.2,1064.6,1073.8,0,0
SLV_MV,D,20240102,000000,1077.5,1083,1077.5,1079.3,0,0
SLV_MV,D,20240103,000000,1073.8,1081.1,1073.8,1077.5,0,0
SLV_MV,D,20240104,000000,1077.5,1084.8,1077.5,1083,0,0
SLV_MV,D,20240105,000000,1084.8,1084.8,1075.6,1077.5,0,0
SLV_MV,D,20240108,000000,1073.8,1077.5,1072,1072,0,0
SLV_MV,D,20240109,000000,1072,1079.3,1068.3,1072,0,0
SLV_MV,D,20240110,000000,1077.5,1150.9,1073.8,1141.7,0,0
SLV_MV,D,20240111,000000,1138,1169.2,1114.2,1152.7,0,0
SLV_MV,D,20240112,000000,1152.7,1171.1,1150.9,1152.7,0,0
SLV_MV,D,20240115,000000,1147.2,1147.2,1128.9,1130.7,0,0
SLV_MV,D,20240116,000000,1132.5,1132.5,1110.5,1119.7,0,0
SLV_MV,D,20240117,000000,1117.8,1117.8,1099.5,1099.5,0,0
SLV_MV,D,20240118,000000,1099.5,1138,1099.5,1138,0,0
SLV_MV,D,20240119,000000,1119.7,1138,1114.2,1114.2,0,0
SLV_MV,D,20240122,000000,1101.3,1138,1094,1099.5,0,0
SLV_MV,D,20240123,000000,1099.5,1101.3,1086.6,1101.3,0,0
SLV_MV,D,20240124,000000,1101.3,1108.7,1083,1088.5,0,0
SLV_MV,D,20240125,000000,1086.6,1086.6,1049.9,1049.9,0,0
SLV_MV,D,20240126,000000,1055.4,1073.8,1049.9,1068.3,0,0
SLV_MV,D,20240129,000000,1064.6,1072,1060.9,1064.6,0,0
SLV_MV,D,20240130,000000,1064.6,1068.3,1064.6,1064.6,0,0
SLV_MV,D,20240131,000000,1068.3,1086.6,1068.3,1086.6,0,0
SLV_MV,D,20240201,000000,1086.6,1092.2,1064.6,1086.6,0,0
SLV_MV,D,20240202,000000,1092.2,1101.3,1073.8,1083,0,0
SLV_MV,D,20240205,000000,1092.2,1092.2,1068.3,1077.5,0,0
SLV_MV,D,20240206,000000,1073.8,1110.5,1072,1110.5,0,0
SLV_MV,D,20240207,000000,1101.3,1101.3,1086.6,1090.3,0,0
SLV_MV,D,20240208,000000,1092.2,1103.2,1092.2,1101.3,0,0
SLV_MV,D,20240209,000000,1105,1108.7,1083,1083,0,0
SLV_MV,D,20240212,000000,1095.8,1101.3,1094,1097.7,0,0
SLV_MV,D,20240213,000000,1097.7,1097.7,1092.2,1092.2,0,0
SLV_MV,D,20240214,000000,1097.7,1097.7,1092.2,1097.7,0,0
SLV_MV,D,20240215,000000,1097.7,1097.7,1092.2,1095.8,0,0
SLV_MV,D,20240216,000000,1097.7,1097.7,1084.8,1097.7,0,0
SLV_MV,D,20240219,000000,1097.7,1097.7,1083,1083,0,0
SLV_MV,D,20240220,000000,1083,1090.3,1077.5,1079.3,0,0
SLV_MV,D,20240221,000000,1077.5,1079.3,1066.5,1066.5,0,0
SLV_MV,D,20240222,000000,1068.3,1077.5,1066.5,1066.5,0,0
SLV_MV,D,20240223,000000,1075.6,1083,1064.6,1066.5,0,0
SLV_MV,D,20240226,000000,1064.6,1083,1060.9,1081.1,0,0
SLV_MV,D,20240227,000000,1079.3,1083,1073.8,1083,0,0
SLV_MV,D,20240228,000000,1083,1092.2,1072,1081.1,0,0
SLV_MV,D,20240229,000000,1064.6,1081.1,1064.6,1077.5,0,0
SLV_MV,D,20240301,000000,1077.5,1083,1073.8,1083,0,0
SLV_MV,D,20240304,000000,1079.3,1086.6,1075.6,1075.6,0,0
SLV_MV,D,20240305,000000,1083,1095.8,1057.3,1086.6,0,0
SLV_MV,D,20240306,000000,1092.2,1095.8,1086.6,1094,0,0
SLV_MV,D,20240307,000000,1083,1097.7,1072,1097.7,0,0
SLV_MV,D,20240308,000000,1092.2,1106.8,1075.6,1106.8,0,0
SLV_MV,D,20240311,000000,1101.3,1119.7,1099.5,1119.7,0,0
SLV_MV,D,20240312,000000,1119.7,1128.9,1119.7,1119.7,0,0
SLV_MV,D,20240313,000000,1119.7,1119.7,1101.3,1112.3,0,0
SLV_MV,D,20240314,000000,1112.3,1116,1101.3,1112.3,0,0
SLV_MV,D,20240315,000000,1110.5,1128.9,1101.3,1128.9,0,0
SLV_MV,D,20240318,000000,1119.7,1132.5,1103.2,1108.7,0,0
SLV_MV,D,20240319,000000,1117.8,1147.2,1116,1145.4,0,0
SLV_MV,D,20240320,000000,1138,1167.4,1138,1149.1,0,0
SLV_MV,D,20240321,000000,1149.1,1154.6,1139.9,1149.1,0,0
SLV_MV,D,20240322,000000,1139.9,1147.2,1134.4,1145.4,0,0
SLV_MV,D,20240325,000000,1145.4,1145.4,1121.5,1134.4,0,0
SLV_MV,D,20240326,000000,1121.5,1130.7,1121.5,1123.4,0,0
SLV_MV,D,20240327,000000,1121.5,1161.9,1121.5,1149.1,0,0
SLV_MV,D,20240328,000000,1149.1,1224.3,1149.1,1224.3,0,0
SLV_MV,D,20240402,000000,1220.6,1229.8,1211.5,1228,0,0
SLV_MV,D,20240403,000000,1228,1233.5,1217,1224.3,0,0
SLV_MV,D,20240404,000000,1224.3,1266.5,1224.3,1266.5,0,0
SLV_MV,D,20240405,000000,1255.5,1255.5,1239,1248.2,0,0
SLV_MV,D,20240408,000000,1248.2,1248.2,1220.6,1220.6,0,0
SLV_MV,D,20240409,000000,1226.1,1257.3,1226.1,1239,0,0
SLV_MV,D,20240410,000000,1248.2,1259.2,1235.3,1251.8,0,0
SLV_MV,D,20240411,000000,1215.1,1284.9,1215.1,1270.2,0,0
SLV_MV,D,20240412,000000,1270.2,1321.6,1270.2,1317.9,0,0
SLV_MV,D,20240415,000000,1316.1,1317.9,1275.7,1303.2,0,0
SLV_MV,D,20240416,000000,1303.2,1303.2,1268.4,1284.9,0,0
SLV_MV,D,20240417,000000,1268.4,1283,1268.4,1268.4,0,0
SLV_MV,D,20240418,000000,1268.4,1279.4,1262.9,1268.4,0,0
SLV_MV,D,20240419,000000,1250,1301.4,1250,1286.7,0,0
SLV_MV,D,20240422,000000,1284.9,1284.9,1251.8,1257.4,0,0
SLV_MV,D,20240423,000000,1251.8,1279.4,1251.8,1279.4,0,0
SLV_MV,D,20240424,000000,1281.2,1281.2,1255.5,1266.5,0,0
SLV_MV,D,20240425,000000,1266.5,1266.5,1242.7,1248.2,0,0
SLV_MV,D,20240426,000000,1239,1259.2,1229.8,1229.8,0,0
SLV_MV,D,20240429,000000,1229.8,1248.2,1229.8,1248.2,0,0
SLV_MV,D,20240430,000000,1250,1277.5,1250,1277.5,0,0
SLV_MV,D,20240502,000000,1257.3,1295.9,1257.3,1295.9,0,0
SLV_MV,D,20240506,000000,1303.2,1303.2,1270.2,1284.9,0,0
SLV_MV,D,20240507,000000,1266.5,1290.4,1266.5,1284.9,0,0
SLV_MV,D,20240508,000000,1251.8,1306.9,1251.8,1306.9,0,0
SLV_MV,D,20240509,000000,1303.2,1303.2,1275.7,1283.1,0,0
SLV_MV,D,20240510,000000,1270.2,1275.7,1250,1253.7,0,0
SLV_MV,D,20240513,000000,1251.8,1251.8,1231.7,1240.8,0,0
SLV_MV,D,20240514,000000,1231.7,1279.4,1229.8,1279.4,0,0
SLV_MV,D,20240515,000000,1277.5,1301.4,1275.7,1292.2,0,0
SLV_MV,D,20240516,000000,1301.4,1301.4,1250,1275.7,0,0
SLV_MV,D,20240517,000000,1290.4,1292.2,1266.5,1275.7,0,0
SLV_MV,D,20240520,000000,1275.7,1294.1,1262.9,1294.1,0,0
SLV_MV,D,20240521,000000,1284.9,1284.9,1272,1273.9,0,0
SLV_MV,D,20240522,000000,1272,1283,1259.2,1275.7,0,0
SLV_MV,D,20240523,000000,1229.8,1334.4,1229.8,1321.6,0,0
SLV_MV,D,20240524,000000,1321.6,1321.6,1290.4,1312.4,0,0
SLV_MV,D,20240527,000000,1303.2,1303.2,1231.7,1231.7,0,0
SLV_MV,D,20240528,000000,1231.7,1242.7,1209.6,1231.7,0,0
SLV_MV,D,20240529,000000,1231.7,1240.8,1215.1,1215.1,0,0
SLV_MV,D,20240531,000000,1226.1,1226.1,1196.8,1211.5,0,0
SLV_MV,D,20240603,000000,1211.5,1211.5,1185.8,1200.5,0,0
SLV_MV,D,20240604,000000,1209.6,1209.6,1158.2,1163.7,0,0
SLV_MV,D,20240605,000000,1193.1,1193.1,1141.7,1156.4,0,0
SLV_MV,D,20240606,000000,1147.2,1211.5,1141.7,1211.5,0,0
SLV_MV,D,20240607,000000,1206,1213.3,1191.3,1211.5,0,0
SLV_MV,D,20240610,000000,1202.3,1202.3,1174.8,1174.8,0,0
SLV_MV,D,20240611,000000,1189.4,1200.4,1174.8,1193.1,0,0
SLV_MV,D,20240612,000000,1193.1,1202.3,1183.9,1202.3,0,0
SLV_MV,D,20240613,000000,1185.8,1196.8,1156.4,1156.4,0,0
SLV_MV,D,20240614,000000,1143.5,1169.2,1125.2,1169.2,0,0
SLV_MV,D,20240617,000000,1143.5,1202.3,1143.5,1172.9,0,0
SLV_MV,D,20240618,000000,1138,1167.4,1138,1165.6,0,0
SLV_MV,D,20240619,000000,1147.2,1202.3,1132.5,1200.5,0,0
SLV_MV,D,20240620,000000,1198.6,1198.6,1180.3,1185.8,0,0
SLV_MV,D,20240621,000000,1149.1,1229.8,1149.1,1229.8,0,0
SLV_MV,D,20240624,000000,1211.5,1224.3,1189.4,1222.5,0,0
SLV_MV,D,20240625,000000,1228,1240.8,1217,1235.3,0,0
SLV_MV,D,20240626,000000,1239,1239,1213.3,1239,0,0
SLV_MV,D,20240627,000000,1239,1266.5,1229.8,1266.5,0,0
SLV_MV,D,20240628,000000,1248.2,1264.7,1228,1253.7,0,0
SLV_MV,D,20240701,000000,1244.5,1266.5,1229.8,1242.7,0,0
SLV_MV,D,20240702,000000,1248.2,1277.5,1246.3,1277.5,0,0
SLV_MV,D,20240703,000000,1272,1272,1251.8,1251.8,0,0
SLV_MV,D,20240704,000000,1248.2,1261,1248.2,1257.4,0,0
SLV_MV,D,20240705,000000,1257.3,1266.5,1248.2,1248.2,0,0
SLV_MV,D,20240708,000000,1257.3,1257.3,1248.2,1250,0,0
SLV_MV,D,20240709,000000,1248.2,1277.5,1248.2,1277.5,0,0
SLV_MV,D,20240710,000000,1277.5,1277.5,1257.3,1266.5,0,0
SLV_MV,D,20240711,000000,1283,1283,1253.7,1266.5,0,0
SLV_MV,D,20240712,000000,1266.5,1266.5,1259.2,1266.5,0,0
SLV_MV,D,20240715,000000,1266.5,1283,1248.2,1266.5,0,0
SLV_MV,D,20240716,000000,1257.3,1264.7,1222.5,1244.5,0,0
SLV_MV,D,20240717,000000,1222.5,1222.5,1167.4,1202.3,0,0
SLV_MV,D,20240718,000000,1207.8,1240.8,1194.9,1200.5,0,0
SLV_MV,D,20240719,000000,1194.9,1244.5,1194.9,1217,0,0
SLV_MV,D,20240722,000000,1229.8,1229.8,1200.4,1220.6,0,0
SLV_MV,D,20240723,000000,1220.6,1220.6,1204.1,1204.1,0,0
SLV_MV,D,20240724,000000,1206,1206,1169.2,1191.3,0,0
SLV_MV,D,20240725,000000,1191.3,1202.3,1134.4,1202.3,0,0
SLV_MV,D,20240726,000000,1200.4,1202.3,1169.2,1202.3,0,0
SLV_MV,D,20240729,000000,1202.3,1202.3,1167.4,1202.3,0,0
SLV_MV,D,20240730,000000,1174.8,1220.6,1174.8,1220.6,0,0
SLV_MV,D,20240731,000000,1183.9,1244.5,1183.9,1240.8,0,0
SLV_MV,D,20240801,000000,1240.8,1264.7,1213.3,1264.7,0,0
SLV_MV,D,20240802,000000,1222.5,1262.9,1211.5,1211.5,0,0
SLV_MV,D,20240805,000000,1200.4,1228,1125.2,1183.9,0,0
SLV_MV,D,20240806,000000,1211.5,1211.5,1158.2,1193.1,0,0
SLV_MV,D,20240807,000000,1200.4,1200.4,1160.1,1176.6,0,0
SLV_MV,D,20240808,000000,1174.8,1174.8,1143.5,1171.1,0,0
SLV_MV,D,20240809,000000,1160.1,1193.1,1154.6,1160.1,0,0
SLV_MV,D,20240812,000000,1161.9,1183.9,1156.4,1169.2,0,0
SLV_MV,D,20240813,000000,1156.4,1156.4,1116,1130.7,0,0
SLV_MV,D,20240814,000000,1119.7,1132.5,1106.8,1116,0,0
SLV_MV,D,20240816,000000,1114.2,1116,1101.3,1105,0,0
SLV_MV,D,20240819,000000,1105,1134.4,1105,1127,0,0
SLV_MV,D,20240820,000000,1125.2,1125.2,1108.7,1117.9,0,0
SLV_MV,D,20240821,000000,1116,1121.5,1108.7,1121.5,0,0
SLV_MV,D,20240822,000000,1121.5,1123.4,1114.2,1114.2,0,0
SLV_MV,D,20240823,000000,1108.7,1123.4,1105,1119.7,0,0
SLV_MV,D,20240826,000000,1108.7,1152.7,1108.7,1152.7,0,0
SLV_MV,D,20240827,000000,1152.7,1174.8,1130.7,1174.8,0,0
SLV_MV,D,20240828,000000,1174.8,1193.1,1156.4,1193.1,0,0
SLV_MV,D,20240829,000000,1193.1,1220.6,1167.4,1220.6,0,0
SLV_MV,D,20240830,000000,1202.3,1229.8,1193.1,1229.8,0,0
SLV_MV,D,20240902,000000,1174.8,1213.3,1174.8,1191.3,0,0
SLV_MV,D,20240903,000000,1193.1,1193.1,1160.1,1160.1,0,0
SLV_MV,D,20240904,000000,1158.2,1193.1,1143.5,1160.1,0,0
SLV_MV,D,20240905,000000,1171.1,1193.1,1141.7,1189.4,0,0
SLV_MV,D,20240906,000000,1189.4,1189.4,1147.2,1147.2,0,0
SLV_MV,D,20240909,000000,1139.9,1189.4,1110.5,1119.7,0,0
SLV_MV,D,20240910,000000,1130.7,1154.6,1090.3,1119.7,0,0
SLV_MV,D,20240911,000000,1125.2,1152.7,1095.8,1152.7,0,0
SLV_MV,D,20240912,000000,1152.7,1161.9,1128.9,1138,0,0
SLV_MV,D,20240913,000000,1150.9,1174.8,1141.7,1172.9,0,0
SLV_MV,D,20240916,000000,1172.9,1178.4,1152.7,1178.4,0,0
SLV_MV,D,20240917,000000,1176.6,1178.4,1161.9,1176.6,0,0
SLV_MV,D,20240918,000000,1183.9,1204.1,1178.4,1198.6,0,0
SLV_MV,D,20240919,000000,1196.8,1196.8,1174.8,1182.1,0,0
SLV_MV,D,20240920,000000,1174.8,1174.8,1130.7,1154.6,0,0
SLV_MV,D,20240923,000000,1150.9,1150.9,1114.2,1138,0,0
SLV_MV,D,20240924,000000,1119.7,1138,1083,1083,0,0
SLV_MV,D,20240925,000000,1090.3,1090.3,1027.9,1040.8,0,0
SLV_MV,D,20240926,000000,1046.3,1046.3,1033.4,1042.6,0,0
SLV_MV,D,20240927,000000,1033.4,1048.1,1027.9,1042.6,0,0
SLV_MV,D,20240930,000000,1038.9,1059.1,1038.9,1059.1,0,0
SLV_MV,D,20241001,000000,1059.1,1059.1,1048.1,1055.4,0,0
SLV_MV,D,20241002,000000,1055.4,1055.4,1048.1,1051.8,0,0
SLV_MV,D,20241003,000000,1064.6,1064.6,1038.9,1046.3,0,0
SLV_MV,D,20241004,000000,1046.3,1046.3,1040.8,1040.8,0,0
SLV_MV,D,20241007,000000,1027.9,1064.6,1027.9,1064.6,0,0
SLV_MV,D,20241008,000000,1062.8,1062.8,1031.6,1031.6,0,0
SLV_MV,D,20241009,000000,1040.8,1068.3,1040.8,1046.3,0,0
SLV_MV,D,20241010,000000,1081.1,1081.1,1046.3,1061,0,0
SLV_MV,D,20241011,000000,1060.9,1119.7,1060.9,1112.3,0,0
SLV_MV,D,20241014,000000,1112.3,1114.2,1092.2,1101.3,0,0
SLV_MV,D,20241015,000000,1101.3,1121.5,1095.8,1121.5,0,0
SLV_MV,D,20241016,000000,1121.5,1145.4,1121.5,1145.4,0,0
SLV_MV,D,20241017,000000,1138,1145.4,1132.5,1138,0,0
SLV_MV,D,20241018,000000,1145.4,1145.4,1092.2,1101.3,0,0
SLV_MV,D,20241021,000000,1110.5,1119.7,1081.1,1116,0,0
SLV_MV,D,20241022,000000,1116,1116,1073.8,1073.8,0,0
SLV_MV,D,20241023,000000,1073.8,1090.3,1037.1,1037.1,0,0
SLV_MV,D,20241024,000000,1037.1,1059.1,1037.1,1040.8,0,0
SLV_MV,D,20241025,000000,1051.8,1066.5,1016.9,1016.9,0,0
SLV_MV,D,20241028,000000,1046.3,1046.3,994.87,1013.2,0,0
SLV_MV,D,20241029,000000,1013.2,1013.2,925.12,925.12,0,0
SLV_MV,D,20241030,000000,928.79,987.52,928.79,983.85,0,0
SLV_MV,D,20241031,000000,985.69,985.69,972.84,985.69,0,0
SLV_MV,D,20241104,000000,976.51,991.2,976.51,978.35,0,0
SLV_MV,D,20241105,000000,978.35,993.03,972.84,976.51,0,0
SLV_MV,D,20241106,000000,989.36,1009.6,983.85,1005.9,0,0
SLV_MV,D,20241107,000000,991.2,1009.6,991.2,1009.6,0,0
SLV_MV,D,20241108,000000,996.7,1022.4,996.7,1022.4,0,0
SLV_MV,D,20241112,000000,1022.4,1042.6,1020.6,1037.1,0,0
SLV_MV,D,20241113,000000,1037.1,1037.1,1011.4,1011.4,0,0
SLV_MV,D,20241114,000000,1009.6,1009.6,991.2,1005.9,0,0
SLV_MV,D,20241115,000000,1004,1004,941.64,941.64,0,0
SLV_MV,D,20241118,000000,937.96,982.02,937.96,982.02,0,0
SLV_MV,D,20241119,000000,982.02,983.85,941.64,974.68,0,0
SLV_MV,D,20241120,000000,978.35,991.2,945.31,963.66,0,0
SLV_MV,D,20241121,000000,963.66,982.02,956.32,982.02,0,0
SLV_MV,D,20241122,000000,982.02,989.36,972.84,982.02,0,0
SLV_MV,D,20241125,000000,982.02,987.52,972.84,982.02,0,0
SLV_MV,D,20241126,000000,974.68,991.2,972.84,982.02,0,0
SLV_MV,D,20241127,000000,987.52,991.2,932.46,932.46,0,0
SLV_MV,D,20241128,000000,943.47,943.47,873.72,873.72,0,0
SLV_MV,D,20241129,000000,860.87,936.13,849.86,936.13,0,0
SLV_MV,D,20241202,000000,945.31,972.84,939.8,972.84,0,0
SLV_MV,D,20241203,000000,950.81,980.18,945.31,954.48,0,0
SLV_MV,D,20241204,000000,948.98,952.65,937.96,941.64,0,0
SLV_MV,D,20241205,000000,941.64,976.51,937.96,976.51,0,0
SLV_MV,D,20241206,000000,982.02,982.02,969.17,976.51,0,0
SLV_MV,D,20241209,000000,971,980.18,959.99,980.18,0,0
SLV_MV,D,20241210,000000,972.84,980.18,972.84,976.51,0,0
SLV_MV,D,20241211,000000,976.51,976.51,963.66,976.51,0,0
SLV_MV,D,20241212,000000,976.51,976.51,963.66,963.66,0,0
SLV_MV,D,20241213,000000,963.66,969.17,963.66,969.17,0,0
SLV_MV,D,20241216,000000,969.17,976.51,954.48,954.48,0,0
SLV_MV,D,20241217,000000,965.5,965.5,888.4,888.4,0,0
SLV_MV,D,20241218,000000,899.42,936.13,895.75,934.29,0,0
SLV_MV,D,20241219,000000,926.95,926.95,908.6,908.6,0,0
SLV_MV,D,20241220,000000,916.86,916.86,854.45,867.3,0,0
SLV_MV,D,20241223,000000,878.31,893.91,870.05,893.91,0,0
SLV_MV,D,20241227,000000,892.08,892.08,879.23,892.08,0,0
SLV_MV,D,20241230,000000,891.16,908.6,881.06,908.6,0,0
SLV_MV,D,20250102,000000,899.42,972.84,899.42,925.12,0,0
SLV_MV,D,20250103,000000,936.13,936.13,910.43,912.27,0,0
SLV_MV,D,20250107,000000,925.12,925.12,915.02,915.02,0,0
SLV_MV,D,20250108,000000,932.46,932.46,881.06,899.42,0,0
SLV_MV,D,20250109,000000,899.42,899.42,861.79,871.89,0,0
SLV_MV,D,20250110,000000,871.89,893.91,870.97,883.82,0,0
SLV_MV,D,20250113,000000,884.73,917.77,884.73,884.73,0,0
SLV_MV,D,20250114,000000,897.58,897.58,845.27,845.27,0,0
SLV_MV,D,20250115,000000,862.71,862.71,828.75,830.59,0,0
SLV_MV,D,20250116,000000,840.68,861.79,832.42,842.52,0,0
SLV_MV,D,20250117,000000,844.35,859.04,835.17,855.37,0,0
SLV_MV,D,20250120,000000,862.71,862.71,840.68,840.68,0,0
SLV_MV,D,20250121,000000,852.61,859.95,840.68,841.6,0,0
SLV_MV,D,20250122,000000,841.6,862.71,841.6,860.87,0,0
SLV_MV,D,20250123,000000,846.19,850.78,845.27,846.19,0,0
SLV_MV,D,20250124,000000,858.12,861.79,841.6,841.6,0,0
SLV_MV,D,20250127,000000,844.35,862.71,843.43,862.71,0,0
SLV_MV,D,20250128,000000,851.69,875.56,851.69,868.21,0,0
SLV_MV,D,20250129,000000,866.38,875.56,862.71,868.21,0,0
SLV_MV,D,20250130,000000,877.39,877.39,828.75,844.35,0,0
SLV_MV,D,20250131,000000,840.68,859.04,818.65,818.65,0,0
SLV_MV,D,20250203,000000,805.81,808.56,797.55,797.55,0,0
SLV_MV,D,20250204,000000,808.56,844.35,796.63,796.63,0,0
SLV_MV,D,20250205,000000,798.46,804.89,782.86,803.05,0,0
SLV_MV,D,20250206,000000,798.46,816.82,798.46,799.38,0,0
SLV_MV,D,20250207,000000,806.72,814.98,801.22,814.98,0,0
SLV_MV,D,20250210,000000,814.98,842.52,811.31,838.85,0,0
SLV_MV,D,20250211,000000,839.76,844.35,829.67,837.01,0,0
SLV_MV,D,20250212,000000,844.35,851.69,844.35,844.35,0,0
SLV_MV,D,20250213,000000,844.35,844.35,827.83,829.67,0,0
SLV_MV,D,20250214,000000,831.5,844.35,826,841.6,0,0
SLV_MV,D,20250217,000000,839.76,857.2,816.82,816.82,0,0
SLV_MV,D,20250218,000000,820.49,848.02,820.49,834.26,0,0
SLV_MV,D,20250219,000000,837.01,868.21,837.01,853.53,0,0
SLV_MV,D,20250220,000000,871.89,930.62,871.89,905.84,0,0
SLV_MV,D,20250221,000000,916.86,917.77,889.32,915.02,0,0
SLV_MV,D,20250224,000000,917.77,917.77,883.82,891.16,0,0
SLV_MV,D,20250225,000000,912.27,917.77,854.45,854.45,0,0
SLV_MV,D,20250226,000000,881.06,881.06,820.49,820.49,0,0
SLV_MV,D,20250227,000000,822.33,840.68,820.49,840.68,0,0
SLV_MV,D,20250228,000000,840.68,876.47,840.68,849.86,0,0
SLV_MV,D,20250303,000000,862.71,897.58,862.71,883.82,0,0
SLV_MV,D,20250304,000000,884.73,890.24,844.35,844.35,0,0
SLV_MV,D,20250305,000000,844.35,863.63,835.17,835.17,0,0
SLV_MV,D,20250306,000000,838.85,843.43,826,838.85,0,0
SLV_MV,D,20250307,000000,838.85,842.52,829.67,840.68,0,0
SLV_MV,D,20250310,000000,840.68,840.68,826,826,0,0
SLV_MV,D,20250311,000000,844.35,844.35,807.64,807.64,0,0
SLV_MV,D,20250312,000000,802.13,836.09,802.13,836.09,0,0
SLV_MV,D,20250313,000000,824.16,839.76,824.16,838.85,0,0
SLV_MV,D,20250314,000000,840.68,848.94,837.01,844.35,0,0
SLV_MV,D,20250317,000000,830.59,844.35,814.98,822.33,0,0
SLV_MV,D,20250318,000000,826,826,807.64,814.98,0,0
SLV_MV,D,20250319,000000,818.65,823.24,792.96,805.81,0,0
SLV_MV,D,20250320,000000,789.29,798.46,776.44,798.46,0,0
SLV_MV,D,20250321,000000,779.19,796.63,779.19,796.63,0,0
SLV_MV,D,20250324,000000,798.46,801.22,783.78,786.53,0,0
SLV_MV,D,20250325,000000,786.53,797.55,753.49,787.45,0,0
SLV_MV,D,20250326,000000,785.61,792.96,779.19,789.29,0,0
SLV_MV,D,20250327,000000,798.46,798.46,786.53,792.96,0,0
SLV_MV,D,20250328,000000,792.04,792.04,747.99,748.9,0,0
SLV_MV,D,20250331,000000,748.9,748.9,721.37,721.37,0,0
SLV_MV,D,20250401,000000,719.53,719.53,692,695.67,0,0
SLV_MV,D,20250402,000000,697.51,706.69,684.66,692,0,0
SLV_MV,D,20250403,000000,693.84,695.67,669.97,690.17,0,0
SLV_MV,D,20250404,000000,690.17,690.17,635.1,657.13,0,0
SLV_MV,D,20250407,000000,642.44,642.44,605.73,620.42,0,0
SLV_MV,D,20250408,000000,620.42,627.76,613.07,618.58,0,0
SLV_MV,D,20250409,000000,616.74,616.74,569.02,574.53,0,0
SLV_MV,D,20250410,000000,585.54,598.39,563.51,563.51,0,0
SLV_MV,D,20250411,000000,563.51,578.2,563.51,567.18,0,0
SLV_MV,D,20250414,000000,587.38,600.22,572.69,580.03,0,0
SLV_MV,D,20250415,000000,585.54,585.54,554.34,569.02,0,0
SLV_MV,D,20250416,000000,569.02,569.02,559.84,559.84,0,0
SLV_MV,D,20250417,000000,559.84,563.51,550.66,558.01,0,0
SLV_MV,D,20250422,000000,565.35,569.02,550.66,550.66,0,0
SLV_MV,D,20250423,000000,565.35,600.22,565.35,583.7,0,0
SLV_MV,D,20250424,000000,587.38,592.88,583.7,592.88,0,0
SLV_MV,D,20250425,000000,607.57,614.91,605.73,605.73,0,0
SLV_MV,D,20250428,000000,633.26,658.96,633.26,646.11,0,0
SLV_MV,D,20250429,000000,666.3,666.3,614.91,622.25,0,0
SLV_MV,D,20250430,000000,624.09,633.26,607.57,607.57,0,0
SLV_MV,D,20250502,000000,627.76,640.61,609.4,625.92,0,0
SLV_MV,D,20250505,000000,651.62,655.29,638.77,642.44,0,0
SLV_MV,D,20250506,000000,646.11,649.78,631.43,631.43,0,0
SLV_MV,D,20250507,000000,636.93,638.77,620.42,622.25,0,0
SLV_MV,D,20250508,000000,633.26,638.77,620.42,624.09,0,0
SLV_MV,D,20250509,000000,627.76,640.61,627.76,640.61,0,0
SLV_MV,D,20250512,000000,646.11,699.34,646.11,697.51,0,0
SLV_MV,D,20250513,000000,758.08,758.08,721.37,726.88,0,0
SLV_MV,D,20250514,000000,734.22,745.23,726.88,734.22,0,0
SLV_MV,D,20250515,000000,734.22,734.22,717.7,719.53,0,0
SLV_MV,D,20250516,000000,730.55,739.73,715.86,715.86,0,0
SLV_MV,D,20250519,000000,712.19,712.19,686.49,688.33,0,0
SLV_MV,D,20250520,000000,688.33,688.33,662.63,662.63,0,0
SLV_MV,D,20250521,000000,669.97,669.97,633.26,638.77,0,0
SLV_MV,D,20250522,000000,642.44,642.44,572.69,572.69,0,0
SLV_MV,D,20250523,000000,583.7,587.38,556.17,556.17,0,0
SLV_MV,D,20250526,000000,583.7,602.06,576.36,578.2,0,0
SLV_MV,D,20250527,000000,591.05,616.74,591.05,603.9,0,0
SLV_MV,D,20250528,000000,605.73,629.59,600.22,600.22,0,0
SLV_MV,D,20250529,000000,605.73,605.73,569.02,569.02,0,0
SLV_MV,D,20250530,000000,587.38,587.38,554.34,554.34,0,0
SLV_MV,D,20250602,000000,559.84,600.22,559.84,578.2,0,0
SLV_MV,D,20250603,000000,583.7,583.7,546.99,554.34,0,0
SLV_MV,D,20250604,000000,558.01,561.68,550.66,556.17,0,0
SLV_MV,D,20250605,000000,559.84,559.84,521.3,528.64,0,0
SLV_MV,D,20250606,000000,532.31,535.98,510.28,513.95,0,0
SLV_MV,D,20250609,000000,513.95,513.95,512.12,513.95,0,0
SLV_MV,D,20250610,000000,517.62,524.97,513.95,513.95,0,0
SLV_MV,D,20250611,000000,513.95,532.31,502.94,508.45,0,0
SLV_MV,D,20250612,000000,517.62,521.3,495.6,508.45,0,0
SLV_MV,D,20250613,000000,513.95,545.16,506.61,508.45,0,0
SLV_MV,D,20250616,000000,508.45,523.13,501.1,510.28,0,0
SLV_MV,D,20250617,000000,513.95,515.79,495.6,506.61,0,0
SLV_MV,D,20250618,000000,506.61,517.62,504.78,513.95,0,0
SLV_MV,D,20250620,000000,515.79,519.46,497.43,497.43,0,0
SLV_MV,D,20250623,000000,495.6,521.3,490.09,521.3,0,0
SLV_MV,D,20250624,000000,528.64,532.31,517.62,526.8,0,0
SLV_MV,D,20250625,000000,532.31,543.32,532.31,541.49,0,0
SLV_MV,D,20250626,000000,541.49,543.32,534.14,537.82,0,0
SLV_MV,D,20250627,000000,534.14,541.49,532.31,534.14,0,0
SLV_MV,D,20250630,000000,534.14,563.51,534.14,554.34,0,0
SLV_MV,D,20250701,000000,556.17,558.01,532.31,541.49,0,0
SLV_MV,D,20250702,000000,550.66,556.17,528.64,535.98,0,0
SLV_MV,D,20250703,000000,537.82,537.82,528.64,528.64,0,0
SLV_MV,D,20250704,000000,541.49,541.49,523.13,532.31,0,0
SLV_MV,D,20250707,000000,545.16,546.99,530.47,532.31,0,0
SLV_MV,D,20250708,000000,539.65,539.65,526.8,526.8,0,0
SLV_MV,D,20250709,000000,526.8,535.98,523.13,530.47,0,0
SLV_MV,D,20250710,000000,530.47,534.14,523.13,523.13,0,0
SLV_MV,D,20250711,000000,528.64,530.47,523.13,523.13,0,0
SLV_MV,D,20250714,000000,530.47,567.18,530.47,567.18,0,0
SLV_MV,D,20250715,000000,576.36,611.24,576.36,591.05,0,0
SLV_MV,D,20250716,000000,596.55,598.39,585.54,585.54,0,0
SLV_MV,D,20250717,000000,592.88,600.22,580.03,585.54,0,0
SLV_MV,D,20250718,000000,591.05,591.05,580.03,583.7,0,0
SLV_MV,D,20250721,000000,591.05,591.05,581.87,583.7,0,0
SLV_MV,D,20250722,000000,585.54,585.54,574.53,574.53,0,0
SLV_MV,D,20250723,000000,587.38,614.91,587.38,611.24,0,0
SLV_MV,D,20250724,000000,624.09,686.49,624.09,660.8,0,0
SLV_MV,D,20250725,000000,671.81,671.81,647.95,655.29,0,0
SLV_MV,D,20250728,000000,679.15,686.49,647.95,662.63,0,0
SLV_MV,D,20250729,000000,662.63,666.3,647.95,651.62,0,0
SLV_MV,D,20250730,000000,658.96,658.96,638.77,640.61,0,0
SLV_MV,D,20250731,000000,640.61,640.61,611.24,614.91,0,0
SLV_MV,D,20250801,000000,613.07,631.43,603.9,607.57,0,0
SLV_MV,D,20250804,000000,614.91,638.77,614.91,631.43,0,0
SLV_MV,D,20250805,000000,636.93,647.95,635.1,636.93,0,0
SLV_MV,D,20250806,000000,644.28,644.28,620.42,620.42,0,0
SLV_MV,D,20250807,000000,627.76,627.76,605.73,620.42,0,0
SLV_MV,D,20250808,000000,620.42,620.42,609.4,611.24,0,0
SLV_MV,D,20250811,000000,620.42,620.42,596.55,607.57,0,0
SLV_MV,D,20250812,000000,609.4,611.24,602.06,607.57,0,0
SLV_MV,D,20250813,000000,609.4,611.24,596.55,603.9,0,0
SLV_MV,D,20250814,000000,605.73,605.73,581.87,587.38,0,0
SLV_MV,D,20250818,000000,587.38,587.38,569.02,581.87,0,0
SLV_MV,D,20250819,000000,587.38,613.07,587.38,607.57,0,0
SLV_MV,D,20250820,000000,611.24,611.24,596.55,602.06,0,0
SLV_MV,D,20250821,000000,607.57,607.57,596.55,603.9,0,0
SLV_MV,D,20250822,000000,605.73,605.73,583.7,585.54,0,0
SLV_MV,D,20250825,000000,587.38,598.39,578.2,596.55,0,0
SLV_MV,D,20250826,000000,591.05,591.05,580.03,585.54,0,0
SLV_MV,D,20250827,000000,585.54,585.54,570.86,572.69,0,0
SLV_MV,D,20250828,000000,569.02,581.87,569.02,578.2,0,0
SLV_MV,D,20250829,000000,578.2,578.2,569.02,570.86,0,0
SLV_MV,D,20250901,000000,583.7,594.72,574.53,574.53,0,0
SLV_MV,D,20250902,000000,578.2,585.54,561.68,563.51,0,0
SLV_MV,D,20250903,000000,565.35,572.69,559.84,569.02,0,0
SLV_MV,D,20250904,000000,569.02,587.38,563.51,583.7,0,0
SLV_MV,D,20250905,000000,583.7,607.57,580.03,591.05,0,0
SLV_MV,D,20250908,000000,596.55,603.9,594.72,596.55,0,0
SLV_MV,D,20250909,000000,596.55,596.55,587.38,592.88,0,0
SLV_MV,D,20250910,000000,591.05,591.05,580.03,585.54,0,0
SLV_MV,D,20250911,000000,592.88,622.25,592.88,618.58,0,0
SLV_MV,D,20250912,000000,624.09,638.77,616.74,624.09,0,0
SLV_MV,D,20250915,000000,624.09,633.26,620.42,627.76,0,0
SLV_MV,D,20250916,000000,627.76,627.76,611.24,616.74,0,0
SLV_MV,D,20250917,000000,618.58,618.58,598.39,603.9,0,0
SLV_MV,D,20250918,000000,624.09,706.69,624.09,704.85,0,0
SLV_MV,D,20250919,000000,708.52,708.52,673.65,690.17,0,0
SLV_MV,D,20250922,000000,712.19,719.53,690.17,712.19,0,0
SLV_MV,D,20250923,000000,715.86,715.86,692,695.67,0,0
SLV_MV,D,20250924,000000,695.67,695.67,677.32,693.84,0,0
SLV_MV,D,20250925,000000,695.67,695.67,671.81,686.49,0,0
SLV_MV,D,20250926,000000,688.33,693.84,671.81,693.84,0,0
SLV_MV,D,20250929,000000,697.51,714.03,697.51,704.85,0,0
SLV_MV,D,20250930,000000,714.03,714.03,692,701.18,0,0
SLV_MV,D,20251001,000000,692,701.18,679.15,701.18,0,0
SLV_MV,D,20251002,000000,701.18,710.36,697.51,703.01,0,0
SLV_MV,D,20251003,000000,703.01,706.69,675.48,679.15,0,0
SLV_MV,D,20251006,000000,677.32,693.84,669.97,686.49,0,0
SLV_MV,D,20251007,000000,688.33,688.33,671.81,686.49,0,0
SLV_MV,D,20251008,000000,686.49,697.51,669.97,697.51,0,0
SLV_MV,D,20251009,000000,695.67,695.67,673.65,675.48,0,0
SLV_MV,D,20251010,000000,675.48,675.48,655.29,662.63,0,0
SLV_MV,D,20251013,000000,655.29,664.47,644.28,646.11,0,0
SLV_MV,D,20251014,000000,642.44,646.11,633.26,636.93,0,0
SLV_MV,D,20251015,000000,640.61,675.48,640.61,669.97,0,0
SLV_MV,D,20251016,000000,669.97,669.97,651.62,655.29,0,0
SLV_MV,D,20251017,000000,657.13,664.47,640.61,658.96,0,0
SLV_MV,D,20251020,000000,662.63,701.18,653.45,690.17,0,0
SLV_MV,D,20251021,000000,693.84,693.84,682.82,686.49,0,0
SLV_MV,D,20251022,000000,688.33,697.51,679.15,682.82,0,0
SLV_MV,D,20251023,000000,682.82,688.33,662.63,673.65,0,0
SLV_MV,D,20251024,000000,662.63,682.82,662.63,680.99,0,0
SLV_MV,D,20251027,000000,684.66,704.85,671.81,671.81,0,0
SLV_MV,D,20251028,000000,671.81,688.33,668.14,679.15,0,0
SLV_MV,D,20251029,000000,679.15,682.82,669.97,673.65,0,0
SLV_MV,D,20251030,000000,673.65,679.15,655.29,655.29,0,0
SLV_MV,D,20251031,000000,655.29,682.82,647.95,677.32,0,0
SLV_MV,D,20251103,000000,679.15,679.15,668.14,673.65,0,0
SLV_MV,D,20251104,000000,688.33,728.71,688.33,728.71,0,0
SLV_MV,D,20251105,000000,730.55,750.74,719.53,743.4,0,0
SLV_MV,D,20251106,000000,743.4,754.41,736.05,743.4,0,0
SLV_MV,D,20251107,000000,737.89,750.74,726.88,739.73,0,0
SLV_MV,D,20251110,000000,743.4,748.9,734.22,748.9,0,0
SLV_MV,D,20251112,000000,750.74,785.61,737.89,780.11,0,0
SLV_MV,D,20251113,000000,787.45,794.79,763.59,763.59,0,0
SLV_MV,D,20251114,000000,758.08,778.27,748.9,758.08,0,0
SLV_MV,D,20251117,000000,761.75,774.6,748.9,758.08,0,0
SLV_MV,D,20251118,000000,754.41,754.41,710.36,715.86,0,0
SLV_MV,D,20251119,000000,715.86,761.75,715.86,758.08,0,0
SLV_MV,D,20251120,000000,765.42,826,765.42,826,0,0
SLV_MV,D,20251121,000000,807.64,814.98,776.44,805.81,0,0
SLV_MV,D,20251124,000000,803.97,822.33,792.96,816.82,0,0
SLV_MV,D,20251125,000000,816.82,822.33,794.79,807.64,0,0
SLV_MV,D,20251126,000000,831.5,864.54,831.5,851.69,0,0
SLV_MV,D,20251127,000000,859.04,868.21,840.68,849.86,0,0
SLV_MV,D,20251128,000000,857.2,881.06,857.2,881.06,0,0
SLV_MV,D,20251201,000000,879.23,895.75,857.2,875.56,0,0
SLV_MV,D,20251202,000000,866.38,881.06,855.37,877.39,0,0
SLV_MV,D,20251203,000000,875.56,877.39,857.2,870.05,0,0
SLV_MV,D,20251204,000000,862.71,873.72,838.85,849.86,0,0
SLV_MV,D,20251205,000000,853.53,866.38,840.68,857.2,0,0
SLV_MV,D,20251208,000000,846.19,857.2,824.16,853.53,0,0
SLV_MV,D,20251209,000000,853.53,853.53,818.65,833.34,0,0
SLV_MV,D,20251210,000000,842.52,842.52,811.31,816.82,0,0
SLV_MV,D,20251211,000000,809.48,818.65,794.79,803.97,0,0
SLV_MV,D,20251212,000000,805.81,818.65,798.46,803.97,0,0
SLV_MV,D,20251215,000000,803.97,813.15,789.29,807.64,0,0
SLV_MV,D,20251216,000000,807.64,807.64,781.94,783.78,0,0
SLV_MV,D,20251217,000000,781.94,792.96,774.6,778.27,0,0
SLV_MV,D,20251218,000000,781.94,781.94,765.42,769.09,0,0
SLV_MV,D,20251219,000000,778.27,778.27,747.07,747.07,0,0
SLV_MV,D,20251222,000000,747.07,747.07,737.89,745.23,0,0
SLV_MV,D,20251223,000000,745.23,756.25,739.73,750.74,0,0
SLV_MV,D,20251229,000000,756.25,785.61,750.74,783.78,0,0
SLV_MV,D,20251230,000000,783.78,807.64,780.11,792.96,0,0
SLV_MV,D,20260102,000000,807.64,820.49,794.79,811.31,0,0
SLV_MV,D,20260105,000000,814.98,826,798.46,805.81,0,0
SLV_MV,D,20260107,000000,807.64,859.04,807.64,855.37,0,0
SLV_MV,D,20260108,000000,862.71,862.71,848.02,857.2,0,0
SLV_MV,D,20260109,000000,862.71,879.23,846.19,853.53,0,0
SLV_MV,D,20260112,000000,860.87,860.87,831.5,846.19,0,0
SLV_MV,D,20260113,000000,848.02,868.21,838.85,860.87,0,0
SLV_MV,D,20260114,000000,862.71,862.71,818.65,835.17,0,0
SLV_MV,D,20260115,000000,835.17,835.17,809.48,820.49,0,0
SLV_MV,D,20260116,000000,826,860.87,822.33,860.87,0,0
SLV_MV,D,20260119,000000,860.87,860.87,822.33,835.17,0,0
SLV_MV,D,20260120,000000,835.17,835.17,811.31,826,0,0
SLV_MV,D,20260121,000000,827.83,827.83,811.31,818.65,0,0
SLV_MV,D,20260122,000000,820.49,840.68,820.49,826,0,0
SLV_MV,D,20260123,000000,826,826,792.96,814.98,0,0
