<TICKER>,<PER>,<DATE>,<TIME>,<OPEN>,<HIGH>,<LOW>,<CLOSE>,<VOL>,<OPENINT>
SPH_PE,D,20111128,000000,8.0925,8.0925,8.0925,8.0925,0,0
SPH_PE,D,20111129,000000,7.64984,8.0925,7.58592,7.77686,0,0
SPH_PE,D,20111201,000000,7.58592,7.58592,7.58592,7.58592,0,0
SPH_PE,D,20111202,000000,7.58592,7.58592,7.58592,7.58592,0,0
SPH_PE,D,20111205,000000,7.77686,7.77686,7.77686,7.77686,0,0
SPH_PE,D,20111206,000000,8.0925,8.0925,7.71372,7.71372,0,0
SPH_PE,D,20111207,000000,8.0925,8.0925,7.71372,8.0925,0,0
SPH_PE,D,20111212,000000,7.83998,7.83998,7.64984,7.64984,0,0
SPH_PE,D,20111223,000000,7.20724,7.64984,7.01842,7.01842,0,0
SPH_PE,D,20111227,000000,6.51188,7.01842,6.51188,6.51188,0,0
SPH_PE,D,20111229,000000,6.51188,7.01842,6.51188,7.01842,0,0
SPH_PE,D,20120113,000000,7.01842,7.01842,7.01842,7.01842,0,0
SPH_PE,D,20120120,000000,8.40738,8.40738,8.34576,8.34576,0,0
SPH_PE,D,20120124,000000,8.28109,8.28109,8.28109,8.28109,0,0
SPH_PE,D,20120125,000000,7.33342,8.28109,7.33342,7.33342,0,0
SPH_PE,D,20120126,000000,7.46045,7.46045,7.27115,7.33342,0,0
SPH_PE,D,20120131,000000,7.0198,7.33265,7.0198,7.07785,0,0
SPH_PE,D,20120206,000000,7.01842,7.08007,6.57552,6.57552,0,0
SPH_PE,D,20120208,000000,6.76506,6.76506,6.57552,6.76506,0,0
SPH_PE,D,20120209,000000,7.01842,7.01842,6.57552,6.57552,0,0
SPH_PE,D,20120214,000000,6.51188,6.51188,6.51188,6.51188,0,0
SPH_PE,D,20120216,000000,6.51188,6.51188,6.38545,6.38545,0,0
SPH_PE,D,20120223,000000,5.87975,5.87975,5.87975,5.87975,0,0
SPH_PE,D,20120227,000000,6.25912,6.25912,6.25912,6.25912,0,0
SPH_PE,D,20120315,000000,5.68999,5.68999,5.68999,5.68999,0,0
SPH_PE,D,20120319,000000,6.06944,6.06944,5.68999,6.06944,0,0
SPH_PE,D,20120327,000000,5.43703,6.06944,5.43703,5.50038,0,0
SPH_PE,D,20120328,000000,5.50038,5.50038,4.9946,4.9946,0,0
SPH_PE,D,20120507,000000,4.74164,4.74164,4.74164,4.74164,0,0
SPH_PE,D,20120508,000000,4.55203,4.61515,4.55203,4.61515,0,0
SPH_PE,D,20120514,000000,4.80491,4.80491,4.61515,4.74164,0,0
SPH_PE,D,20120517,000000,4.74164,4.74164,4.74164,4.74164,0,0
SPH_PE,D,20120523,000000,5.05773,5.05773,5.05773,5.05773,0,0
SPH_PE,D,20120627,000000,4.86703,4.86703,4.48759,4.48759,0,0
SPH_PE,D,20120730,000000,4.38297,4.38297,4.38297,4.38297,0,0
SPH_PE,D,20120820,000000,3.92507,4.25211,3.92507,4.25211,0,0
SPH_PE,D,20120822,000000,4.25211,4.25211,4.25211,4.25211,0,0
SPH_PE,D,20120907,000000,3.53261,3.92507,3.3363,3.3363,0,0
SPH_PE,D,20120913,000000,3.3363,3.66333,3.3363,3.66333,0,0
SPH_PE,D,20120914,000000,3.66333,3.66333,3.66333,3.66333,0,0
SPH_PE,D,20121015,000000,3.79419,3.85955,3.79419,3.85955,0,0
SPH_PE,D,20121016,000000,3.85955,3.85955,3.85955,3.85955,0,0
SPH_PE,D,20121112,000000,3.85955,3.85955,3.85955,3.85955,0,0
SPH_PE,D,20121116,000000,3.85955,3.85955,3.85955,3.85955,0,0
SPH_PE,D,20121213,000000,4.12137,4.12137,4.12137,4.12137,0,0
SPH_PE,D,20130207,000000,3.72892,3.72892,3.66333,3.72892,0,0
SPH_PE,D,20130528,000000,5.36428,5.36428,5.36428,5.36428,0,0
SPH_PE,D,20130529,000000,5.36667,5.36667,5.36667,5.36667,0,0
SPH_PE,D,20130531,000000,4.90946,5.10438,4.90946,4.96988,0,0
SPH_PE,D,20130603,000000,4.97174,5.03717,4.97174,5.03717,0,0
SPH_PE,D,20130611,000000,5.36667,5.36667,5.36667,5.36667,0,0
SPH_PE,D,20130808,000000,5.64911,5.64911,5.11116,5.11116,0,0
SPH_PE,D,20130829,000000,5.64911,6.65812,5.64911,6.65812,0,0
SPH_PE,D,20130830,000000,6.65812,6.79255,6.65812,6.65812,0,0
SPH_PE,D,20130903,000000,6.79255,6.79255,6.79255,6.79255,0,0
SPH_PE,D,20130909,000000,7.12872,7.12872,7.12872,7.12872,0,0
SPH_PE,D,20130912,000000,6.99386,7.12872,6.99386,6.99386,0,0
SPH_PE,D,20130919,000000,6.99386,6.99386,6.99386,6.99386,0,0
SPH_PE,D,20130930,000000,8.27108,8.27108,8.27108,8.27108,0,0
SPH_PE,D,20131002,000000,8.27108,8.27108,8.27108,8.27108,0,0
SPH_PE,D,20131003,000000,8.27108,8.27108,8.27108,8.27108,0,0
SPH_PE,D,20131127,000000,7.33036,7.33036,7.33036,7.33036,0,0
SPH_PE,D,20131128,000000,7.33036,7.33036,7.33036,7.33036,0,0
SPH_PE,D,20131216,000000,9.95397,9.95397,9.95397,9.95397,0,0
SPH_PE,D,20140110,000000,10.8955,10.8955,10.8955,10.8955,0,0
SPH_PE,D,20140211,000000,11.1633,11.1633,9.55054,11.1633,0,0
SPH_PE,D,20140213,000000,11.1633,11.1633,11.1633,11.1633,0,0
SPH_PE,D,20140217,000000,11.5676,11.5676,11.5676,11.5676,0,0
SPH_PE,D,20140303,000000,11.4328,12.4397,11.4328,12.4397,0,0
SPH_PE,D,20140401,000000,12.4397,12.4397,12.4397,12.4397,0,0
SPH_PE,D,20140404,000000,12.4397,12.4397,12.4397,12.4397,0,0
SPH_PE,D,20140407,000000,12.4397,12.4397,12.4397,12.4397,0,0
SPH_PE,D,20140411,000000,12.4397,12.4397,12.4397,12.4397,0,0
SPH_PE,D,20140605,000000,11.0285,11.0285,11.0285,11.0285,0,0
SPH_PE,D,20140805,000000,15.793,15.793,15.793,15.793,0,0
SPH_PE,D,20141106,000000,20.2357,20.3043,20.2357,20.3043,0,0
SPH_PE,D,20141121,000000,20.372,20.372,20.372,20.372,0,0
SPH_PE,D,20141219,000000,18.8695,18.8695,18.7323,18.7323,0,0
SPH_PE,D,20150121,000000,18.4591,18.4591,18.4591,18.4591,0,0
SPH_PE,D,20150504,000000,24.9525,24.9525,24.8864,24.8864,0,0
SPH_PE,D,20150518,000000,16.6129,16.6129,14.9725,15.0402,0,0
SPH_PE,D,20150520,000000,13.6045,13.6045,13.5367,13.5367,0,0
SPH_PE,D,20150521,000000,13.6738,13.6738,13.5367,13.5367,0,0
SPH_PE,D,20150522,000000,16.4082,16.4082,16.3397,16.3397,0,0
SPH_PE,D,20150525,000000,16.3397,16.3397,16.2728,16.2728,0,0
SPH_PE,D,20150527,000000,17.8439,17.8439,17.7746,17.7746,0,0
SPH_PE,D,20150608,000000,21.3298,21.3298,21.2612,21.2612,0,0
SPH_PE,D,20150622,000000,15.9978,15.9978,15.9978,15.9978,0,0
SPH_PE,D,20150630,000000,15.9293,15.9293,15.9293,15.9293,0,0
SPH_PE,D,20150811,000000,14.2213,14.2213,12.8523,12.8523,0,0
SPH_PE,D,20150812,000000,14.1518,15.3828,14.1518,14.2213,0,0
SPH_PE,D,20150813,000000,14.8355,14.8355,14.8355,14.8355,0,0
SPH_PE,D,20150817,000000,14.8355,14.8355,14.8355,14.8355,0,0
SPH_PE,D,20150819,000000,14.8355,14.8355,14.8355,14.8355,0,0
SPH_PE,D,20150820,000000,14.6992,14.6992,14.6992,14.6992,0,0
SPH_PE,D,20151015,000000,8.47739,9.298,8.47739,9.298,0,0
SPH_PE,D,20151016,000000,9.70766,9.70766,9.70766,9.70766,0,0
SPH_PE,D,20151028,000000,9.50204,9.50204,9.43429,9.43429,0,0
SPH_PE,D,20151029,000000,9.43429,10.392,9.43429,10.392,0,0
SPH_PE,D,20151030,000000,11.0749,12.0332,11.0749,11.6907,0,0
SPH_PE,D,20151102,000000,12.8523,13.947,12.8523,13.947,0,0
SPH_PE,D,20151103,000000,13.1949,13.1949,13.1949,13.1949,0,0
SPH_PE,D,20151104,000000,14.4944,14.4944,14.4944,14.4944,0,0
SPH_PE,D,20151105,000000,14.6315,14.6315,13.1949,13.2633,0,0
SPH_PE,D,20151112,000000,13.1949,13.2633,13.1949,13.2633,0,0
SPH_PE,D,20151116,000000,11.9632,11.9632,11.6907,11.6907,0,0
SPH_PE,D,20151201,000000,12.7854,12.7854,12.7854,12.7854,0,0
SPH_PE,D,20151202,000000,11.4859,12.3743,10.5959,12.3743,0,0
SPH_PE,D,20151203,000000,12.3743,12.3743,12.3743,12.3743,0,0
SPH_PE,D,20151207,000000,12.5798,12.5798,12.5798,12.5798,0,0
SPH_PE,D,20151211,000000,12.3058,12.3058,12.3058,12.3058,0,0
SPH_PE,D,20151228,000000,11.6907,11.6907,11.6907,11.6907,0,0
SPH_PE,D,20151229,000000,12.5798,12.5798,12.5798,12.5798,0,0
SPH_PE,D,20151230,000000,12.5798,12.5798,12.5798,12.5798,0,0
SPH_PE,D,20160208,000000,11.0749,11.0749,10.255,10.255,0,0
SPH_PE,D,20160209,000000,10.255,10.255,10.255,10.255,0,0
SPH_PE,D,20160307,000000,13.0586,13.0586,13.0586,13.0586,0,0
SPH_PE,D,20160407,000000,14.4944,14.4944,14.4944,14.4944,0,0
SPH_PE,D,20160505,000000,11.5537,11.5537,11.4859,11.4859,0,0
SPH_PE,D,20160510,000000,11.4165,11.4859,11.4165,11.4859,0,0
SPH_PE,D,20160527,000000,11.4165,11.4859,11.4165,11.4859,0,0
SPH_PE,D,20160620,000000,10.5959,10.6652,10.5959,10.6652,0,0
SPH_PE,D,20160705,000000,9.69677,9.69677,9.6275,9.6275,0,0
SPH_PE,D,20160713,000000,11.0324,11.0324,10.9625,10.9625,0,0
SPH_PE,D,20160729,000000,10.8923,11.0324,10.8923,11.0324,0,0
SPH_PE,D,20160803,000000,9.41659,9.48586,9.41659,9.48586,0,0
SPH_PE,D,20160804,000000,9.76751,10.4711,9.76751,10.4711,0,0
SPH_PE,D,20160805,000000,9.48586,11.2434,9.48586,11.2434,0,0
SPH_PE,D,20160819,000000,11.2434,11.2434,11.2434,11.2434,0,0
SPH_PE,D,20160825,000000,11.1726,11.1726,11.1726,11.1726,0,0
SPH_PE,D,20160831,000000,11.1726,11.1726,11.1726,11.1726,0,0
SPH_PE,D,20160912,000000,11.5944,11.5944,11.5944,11.5944,0,0
SPH_PE,D,20160927,000000,12.2965,12.2965,12.2272,12.2272,0,0
SPH_PE,D,20160928,000000,12.2272,12.2965,12.2272,12.2965,0,0
SPH_PE,D,20161013,000000,11.1034,11.1034,11.1034,11.1034,0,0
SPH_PE,D,20161107,000000,13.4221,13.4921,13.4221,13.4921,0,0
SPH_PE,D,20170103,000000,10.3304,10.3997,10.3304,10.3997,0,0
SPH_PE,D,20170111,000000,10.5397,10.5397,10.5397,10.5397,0,0
SPH_PE,D,20170112,000000,11.4551,11.4551,10.5397,10.5397,0,0
SPH_PE,D,20170116,000000,10.4711,10.4711,10.0487,10.0487,0,0
SPH_PE,D,20170125,000000,10.8923,10.8923,10.8923,10.8923,0,0
SPH_PE,D,20170131,000000,11.0324,11.0324,11.0324,11.0324,0,0
SPH_PE,D,20170201,000000,11.4551,11.4551,11.4551,11.4551,0,0
SPH_PE,D,20170202,000000,11.5243,11.8046,11.5243,11.8046,0,0
SPH_PE,D,20170203,000000,11.8046,11.8046,11.8046,11.8046,0,0
SPH_PE,D,20170209,000000,11.8046,11.8046,11.7353,11.7353,0,0
SPH_PE,D,20170301,000000,11.0324,11.0324,6.88647,6.88647,0,0
SPH_PE,D,20170302,000000,6.46506,6.53533,6.46506,6.53533,0,0
SPH_PE,D,20170306,000000,6.11363,6.18407,6.11363,6.11363,0,0
SPH_PE,D,20170307,000000,6.11363,6.11363,6.11363,6.11363,0,0
SPH_PE,D,20170308,000000,6.11363,6.11363,6.11363,6.11363,0,0
SPH_PE,D,20170309,000000,6.11363,6.11363,6.11363,6.11363,0,0
SPH_PE,D,20170331,000000,6.18407,6.25427,6.18407,6.25427,0,0
SPH_PE,D,20170421,000000,6.74604,6.74604,6.67583,6.67583,0,0
SPH_PE,D,20170425,000000,6.88647,6.88647,6.88647,6.88647,0,0
SPH_PE,D,20170505,000000,6.46506,6.46506,6.46506,6.46506,0,0
SPH_PE,D,20170516,000000,6.67583,6.67583,6.67583,6.67583,0,0
SPH_PE,D,20170523,000000,6.95713,6.95713,6.95713,6.95713,0,0
SPH_PE,D,20170529,000000,7.37808,7.37808,7.37808,7.37808,0,0
SPH_PE,D,20170530,000000,7.37808,7.37808,7.37808,7.37808,0,0
SPH_PE,D,20170706,000000,7.06297,7.06297,7.06297,7.06297,0,0
SPH_PE,D,20170717,000000,7.4235,7.4235,7.4235,7.4235,0,0
SPH_PE,D,20170829,000000,7.35113,7.35113,7.35113,7.35113,0,0
SPH_PE,D,20170912,000000,7.85614,7.92773,7.85614,7.92773,0,0
SPH_PE,D,20170918,000000,7.85614,7.85614,7.85614,7.85614,0,0
SPH_PE,D,20170920,000000,7.85614,7.85614,7.78455,7.78455,0,0
SPH_PE,D,20171030,000000,8.21565,8.43278,8.14406,8.14406,0,0
SPH_PE,D,20171031,000000,8.43278,8.43278,8.14406,8.43278,0,0
SPH_PE,D,20171113,000000,8.36038,8.36038,8.36038,8.36038,0,0
SPH_PE,D,20171124,000000,8.00089,8.0717,8.00089,8.0717,0,0
SPH_PE,D,20171207,000000,8.28802,8.28802,8.28802,8.28802,0,0
SPH_PE,D,20171208,000000,8.28802,8.28802,8.28802,8.28802,0,0
SPH_PE,D,20171213,000000,8.43278,8.50511,8.43278,8.50511,0,0
SPH_PE,D,20171214,000000,8.50511,8.50511,8.43278,8.43278,0,0
SPH_PE,D,20171227,000000,8.36038,8.36038,8.36038,8.36038,0,0
SPH_PE,D,20180112,000000,8.79227,8.79227,8.79227,8.79227,0,0
SPH_PE,D,20180117,000000,8.79227,8.79227,8.79227,8.79227,0,0
SPH_PE,D,20180906,000000,13.0832,13.0832,13.0102,13.0102,0,0
SPH_PE,D,20180921,000000,13.1579,13.1579,13.1579,13.1579,0,0
SPH_PE,D,20180924,000000,13.1579,13.1579,13.1579,13.1579,0,0
SPH_PE,D,20181123,000000,12.1811,12.1811,12.1811,12.1811,0,0
SPH_PE,D,20181126,000000,12.1811,12.2565,12.1811,12.2565,0,0
SPH_PE,D,20181206,000000,10.7607,10.7607,10.6869,10.6869,0,0
SPH_PE,D,20181219,000000,11.1348,11.2104,11.1348,11.2104,0,0
SPH_PE,D,20181221,000000,11.2104,11.2104,11.2104,11.2104,0,0
SPH_PE,D,20190128,000000,11.1348,11.1348,11.1348,11.1348,0,0
SPH_PE,D,20190225,000000,10.9863,10.9863,10.9863,10.9863,0,0
SPH_PE,D,20190708,000000,14.7223,14.7223,14.7223,14.7223,0,0
SPH_PE,D,20190715,000000,14.6476,14.6476,14.6476,14.6476,0,0
SPH_PE,D,20190805,000000,14.573,14.573,14.4983,14.4983,0,0
SPH_PE,D,20190903,000000,15.6192,15.6192,15.6192,15.6192,0,0
SPH_PE,D,20190904,000000,15.6192,15.6939,15.6192,15.6939,0,0
SPH_PE,D,20190911,000000,15.0218,15.7685,15.0218,15.0218,0,0
SPH_PE,D,20190913,000000,15.0218,15.0218,15.0218,15.0218,0,0
SPH_PE,D,20190916,000000,15.0218,15.0218,15.0218,15.0218,0,0
SPH_PE,D,20191030,000000,15.2451,15.2451,15.2451,15.2451,0,0
SPH_PE,D,20191104,000000,15.2451,15.2451,15.2451,15.2451,0,0
SPH_PE,D,20191105,000000,12.1811,12.2565,12.1811,12.2565,0,0
SPH_PE,D,20191106,000000,12.3304,12.3304,12.2565,12.2565,0,0
SPH_PE,D,20191112,000000,12.1811,12.2565,12.1811,12.2565,0,0
SPH_PE,D,20191206,000000,9.1918,10.4627,9.1918,10.4627,0,0
SPH_PE,D,20191211,000000,12.854,12.854,12.7792,12.7792,0,0
SPH_PE,D,20191216,000000,12.7792,12.854,12.7792,12.854,0,0
SPH_PE,D,20191218,000000,12.854,12.854,12.854,12.854,0,0
SPH_PE,D,20191219,000000,14.0494,14.0494,14.0494,14.0494,0,0
SPH_PE,D,20191227,000000,12.8238,12.8238,12.8238,12.8238,0,0
SPH_PE,D,20191230,000000,11.5414,11.5414,11.5414,11.5414,0,0
SPH_PE,D,20200130,000000,11.0131,11.0131,11.0131,11.0131,0,0
SPH_PE,D,20200205,000000,11.0131,11.0131,11.0131,11.0131,0,0
SPH_PE,D,20200226,000000,10.6367,10.6367,10.3349,10.3349,0,0
SPH_PE,D,20200318,000000,4.22446,4.22446,4.22446,4.22446,0,0
SPH_PE,D,20200319,000000,4.22446,4.22446,4.22446,4.22446,0,0
SPH_PE,D,20200324,000000,4.07365,4.07365,4.07365,4.07365,0,0
SPH_PE,D,20200326,000000,4.07365,4.149,4.07365,4.149,0,0
SPH_PE,D,20200327,000000,4.22446,4.22446,4.149,4.149,0,0
SPH_PE,D,20200330,000000,4.37533,4.82802,4.149,4.75256,0,0
SPH_PE,D,20200331,000000,5.20514,5.28059,5.20514,5.28059,0,0
SPH_PE,D,20200402,000000,5.58236,5.65781,5.58236,5.58236,0,0
SPH_PE,D,20200403,000000,5.65781,6.78931,5.65781,6.78931,0,0
SPH_PE,D,20200406,000000,7.76992,8.44891,7.76992,8.44891,0,0
SPH_PE,D,20200407,000000,8.97706,9.05246,8.97706,9.05246,0,0
SPH_PE,D,20200408,000000,9.05246,9.05246,8.14715,8.14715,0,0
SPH_PE,D,20200409,000000,8.14715,8.14715,8.14715,8.14715,0,0
SPH_PE,D,20200414,000000,8.14715,8.14715,8.14715,8.14715,0,0
SPH_PE,D,20200416,000000,8.14715,9.50507,8.14715,9.20334,0,0
SPH_PE,D,20200417,000000,9.20334,9.50507,9.20334,9.50507,0,0
SPH_PE,D,20200420,000000,9.73144,10.0332,9.73144,10.0332,0,0
SPH_PE,D,20200421,000000,10.2596,10.2596,10.1841,10.1841,0,0
SPH_PE,D,20200422,000000,10.1841,10.8631,9.65595,9.65595,0,0
SPH_PE,D,20200423,000000,9.73144,9.80688,9.73144,9.80688,0,0
SPH_PE,D,20200424,000000,10.6367,10.6367,10.6367,10.6367,0,0
SPH_PE,D,20200428,000000,11.2404,11.7685,11.2404,11.7685,0,0
SPH_PE,D,20200430,000000,9.73144,9.73144,9.27883,9.50507,0,0
SPH_PE,D,20200504,000000,9.27883,9.27883,9.27883,9.27883,0,0
SPH_PE,D,20200505,000000,8.90156,9.05246,8.82616,8.82616,0,0
SPH_PE,D,20200507,000000,9.20334,9.20334,8.59978,8.67527,0,0
SPH_PE,D,20200508,000000,8.59978,8.59978,8.59978,8.59978,0,0
SPH_PE,D,20200512,000000,6.48754,7.24197,6.48754,7.24197,0,0
SPH_PE,D,20200513,000000,7.46892,8.14715,7.46892,7.69448,0,0
SPH_PE,D,20200515,000000,8.14715,8.59978,8.14715,8.59978,0,0
SPH_PE,D,20200518,000000,8.67527,8.67527,8.67527,8.67527,0,0
SPH_PE,D,20200519,000000,8.67527,8.67527,8.67527,8.67527,0,0
SPH_PE,D,20200520,000000,7.99702,8.0717,7.99702,8.0717,0,0
SPH_PE,D,20200521,000000,8.0717,8.0717,7.69448,7.69448,0,0
SPH_PE,D,20200522,000000,7.69448,7.69448,7.61903,7.61903,0,0
SPH_PE,D,20200525,000000,8.0717,8.0717,8.0717,8.0717,0,0
SPH_PE,D,20200526,000000,8.59978,8.59978,7.69448,7.69448,0,0
SPH_PE,D,20200601,000000,7.46892,7.92082,7.46892,7.92082,0,0
SPH_PE,D,20200603,000000,7.24197,7.92082,7.24197,7.92082,0,0
SPH_PE,D,20200605,000000,7.46892,8.14715,7.46892,7.46892,0,0
SPH_PE,D,20200608,000000,7.46892,7.61903,7.46892,7.61903,0,0
SPH_PE,D,20200609,000000,7.92082,7.92082,7.84536,7.84536,0,0
SPH_PE,D,20200610,000000,7.84536,7.84536,7.54359,7.54359,0,0
SPH_PE,D,20200612,000000,7.24197,7.61903,7.24197,7.61903,0,0
SPH_PE,D,20200615,000000,7.61903,7.61903,7.61903,7.61903,0,0
SPH_PE,D,20200623,000000,7.57669,7.95929,7.57669,7.65291,0,0
SPH_PE,D,20200629,000000,7.72989,7.72989,7.65291,7.65291,0,0
SPH_PE,D,20200701,000000,7.72989,7.8061,7.72989,7.8061,0,0
SPH_PE,D,20200703,000000,7.8061,7.8061,7.8061,7.8061,0,0
SPH_PE,D,20200706,000000,7.8061,8.26493,7.8061,8.18872,0,0
SPH_PE,D,20200708,000000,7.88232,7.95929,7.88232,7.95929,0,0
SPH_PE,D,20200709,000000,8.26493,8.26493,7.27038,8.18872,0,0
SPH_PE,D,20200710,000000,8.18872,8.18872,8.18872,8.18872,0,0
SPH_PE,D,20200714,000000,8.18872,8.18872,8.18872,8.18872,0,0
SPH_PE,D,20200715,000000,7.34729,7.4235,7.34729,7.4235,0,0
SPH_PE,D,20200716,000000,8.26493,8.26493,8.18872,8.18872,0,0
SPH_PE,D,20200717,000000,8.18872,8.18872,7.34729,7.34729,0,0
SPH_PE,D,20200722,000000,7.72989,7.72989,7.72989,7.72989,0,0
SPH_PE,D,20200723,000000,8.18872,8.18872,8.18872,8.18872,0,0
SPH_PE,D,20200724,000000,7.72989,7.72989,7.49971,7.49971,0,0
SPH_PE,D,20200727,000000,7.49971,8.18872,7.34729,7.57669,0,0
SPH_PE,D,20200728,000000,7.49971,8.26493,7.49971,8.26493,0,0
SPH_PE,D,20200729,000000,8.34194,8.34194,8.34194,8.34194,0,0
SPH_PE,D,20200730,000000,8.41808,9.26032,8.41808,9.18333,0,0
SPH_PE,D,20200731,000000,8.87774,9.48976,8.26493,8.26493,0,0
SPH_PE,D,20200803,000000,9.18333,9.18333,9.18333,9.18333,0,0
SPH_PE,D,20200804,000000,9.03094,9.03094,9.03094,9.03094,0,0
SPH_PE,D,20200805,000000,9.03094,9.03094,9.03094,9.03094,0,0
SPH_PE,D,20200807,000000,9.03094,9.03094,8.95396,8.95396,0,0
SPH_PE,D,20200811,000000,9.03094,9.03094,9.03094,9.03094,0,0
SPH_PE,D,20200812,000000,8.95396,8.95396,8.95396,8.95396,0,0
SPH_PE,D,20200813,000000,9.18333,9.18333,9.18333,9.18333,0,0
SPH_PE,D,20200814,000000,10.5614,10.5614,10.5614,10.5614,0,0
SPH_PE,D,20200817,000000,10.5614,10.5614,10.0255,10.0255,0,0
SPH_PE,D,20200818,000000,10.0255,10.0255,10.0255,10.0255,0,0
SPH_PE,D,20200819,000000,9.94934,10.0255,9.94934,10.0255,0,0
SPH_PE,D,20200821,000000,8.41808,8.95396,8.41808,8.95396,0,0
SPH_PE,D,20200824,000000,9.26032,9.26032,8.87774,8.87774,0,0
SPH_PE,D,20200825,000000,8.87774,8.95396,8.87774,8.95396,0,0
SPH_PE,D,20200831,000000,9.41353,9.41353,9.18333,9.18333,0,0
SPH_PE,D,20200902,000000,9.10709,9.10709,9.10709,9.10709,0,0
SPH_PE,D,20200903,000000,9.03094,9.03094,8.95396,8.95396,0,0
SPH_PE,D,20200907,000000,8.1125,8.87774,8.1125,8.87774,0,0
SPH_PE,D,20200908,000000,8.18872,8.18872,8.18872,8.18872,0,0
SPH_PE,D,20200910,000000,8.26493,8.26493,8.26493,8.26493,0,0
SPH_PE,D,20200914,000000,8.1125,8.64828,8.1125,8.64828,0,0
SPH_PE,D,20200915,000000,8.57131,8.57131,8.57131,8.57131,0,0
SPH_PE,D,20200924,000000,8.34194,8.34194,8.26493,8.26493,0,0
SPH_PE,D,20200925,000000,8.49507,8.64828,8.49507,8.64828,0,0
SPH_PE,D,20200928,000000,7.88232,8.87774,7.88232,8.87774,0,0
SPH_PE,D,20200929,000000,8.87774,8.87774,8.80075,8.80075,0,0
SPH_PE,D,20201001,000000,8.41808,8.41808,8.41808,8.41808,0,0
SPH_PE,D,20201005,000000,8.95396,9.48976,8.95396,8.95396,0,0
SPH_PE,D,20201006,000000,8.95396,8.95396,8.95396,8.95396,0,0
SPH_PE,D,20201007,000000,8.95396,9.03094,8.87774,9.03094,0,0
SPH_PE,D,20201008,000000,9.08401,9.62285,9.00703,9.23797,0,0
SPH_PE,D,20201012,000000,9.62285,9.62285,9.54589,9.62285,0,0
SPH_PE,D,20201013,000000,9.62285,9.62285,7.46738,7.46738,0,0
SPH_PE,D,20201014,000000,7.69834,8.00625,7.69834,8.00625,0,0
SPH_PE,D,20201015,000000,8.23722,8.23722,7.46738,7.54435,0,0
SPH_PE,D,20201016,000000,7.31341,7.54435,7.31341,7.54435,0,0
SPH_PE,D,20201019,000000,7.31341,7.54435,7.31341,7.31341,0,0
SPH_PE,D,20201020,000000,7.31341,7.31341,6.15867,6.15867,0,0
SPH_PE,D,20201021,000000,6.23564,6.23564,5.61979,5.69676,0,0
SPH_PE,D,20201022,000000,5.69676,5.77374,5.69676,5.77374,0,0
SPH_PE,D,20201023,000000,5.61979,6.4666,5.61979,6.4666,0,0
SPH_PE,D,20201026,000000,7.00549,7.8523,6.69755,7.31341,0,0
SPH_PE,D,20201027,000000,8.00625,8.00625,7.31341,7.31341,0,0
SPH_PE,D,20201028,000000,6.85151,6.85151,6.08168,6.08168,0,0
SPH_PE,D,20201029,000000,6.08168,6.15867,5.69676,6.15867,0,0
SPH_PE,D,20201030,000000,6.38961,6.38961,5.61979,6.15867,0,0
SPH_PE,D,20201102,000000,5.46581,5.92771,5.46581,5.77374,0,0
SPH_PE,D,20201103,000000,6.15867,6.54358,6.15867,6.54358,0,0
SPH_PE,D,20201104,000000,6.77453,6.85151,6.77453,6.85151,0,0
SPH_PE,D,20201105,000000,6.31263,6.85151,6.31263,6.85151,0,0
SPH_PE,D,20201106,000000,6.08168,6.38961,6.08168,6.31263,0,0
SPH_PE,D,20201109,000000,5.77374,6.9285,5.77374,6.62056,0,0
SPH_PE,D,20201110,000000,7.08246,7.08246,6.15867,6.23564,0,0
SPH_PE,D,20201112,000000,6.4666,6.77453,6.23564,6.4666,0,0
SPH_PE,D,20201113,000000,6.9285,6.9285,6.4666,6.4666,0,0
SPH_PE,D,20201117,000000,6.4666,6.54358,6.38961,6.4666,0,0
SPH_PE,D,20201118,000000,6.38961,6.38961,6.23564,6.31263,0,0
SPH_PE,D,20201119,000000,6.38961,6.38961,6.31263,6.31263,0,0
SPH_PE,D,20201120,000000,6.0047,6.08168,5.85073,5.85073,0,0
SPH_PE,D,20201123,000000,5.69676,5.85073,5.61979,5.85073,0,0
SPH_PE,D,20201124,000000,5.85073,5.85073,5.85073,5.85073,0,0
SPH_PE,D,20201125,000000,5.38882,5.85073,5.31186,5.31186,0,0
SPH_PE,D,20201126,000000,5.85073,5.85073,5.38882,5.38882,0,0
SPH_PE,D,20201127,000000,5.38882,5.38882,5.38882,5.38882,0,0
SPH_PE,D,20201130,000000,4.92692,5.31186,4.92692,5.31186,0,0
SPH_PE,D,20201201,000000,5.38882,6.0047,5.31186,6.0047,0,0
SPH_PE,D,20201202,000000,6.0047,6.31263,5.5428,6.31263,0,0
SPH_PE,D,20201203,000000,6.08168,6.69755,5.15787,5.85073,0,0
SPH_PE,D,20201204,000000,5.85073,6.31263,5.85073,5.92771,0,0
SPH_PE,D,20201207,000000,6.15867,6.23564,5.92771,5.92771,0,0
SPH_PE,D,20201208,000000,6.08168,6.15867,5.61979,5.77374,0,0
SPH_PE,D,20201209,000000,5.77374,6.08168,5.77374,5.77374,0,0
SPH_PE,D,20201210,000000,6.0047,6.0047,5.61979,5.69676,0,0
SPH_PE,D,20201211,000000,5.69676,5.85073,5.69676,5.69676,0,0
SPH_PE,D,20201214,000000,5.85073,5.85073,5.61979,5.61979,0,0
SPH_PE,D,20201215,000000,5.46581,5.61979,5.31186,5.38882,0,0
SPH_PE,D,20201216,000000,5.31186,5.61979,5.15787,5.15787,0,0
SPH_PE,D,20201217,000000,5.46581,5.85073,5.0809,5.15787,0,0
SPH_PE,D,20201218,000000,5.46581,5.69676,5.0809,5.0809,0,0
SPH_PE,D,20201221,000000,5.0809,5.5428,5.00392,5.00392,0,0
SPH_PE,D,20201222,000000,5.0809,5.31186,5.00392,5.23487,0,0
SPH_PE,D,20201223,000000,5.5428,5.5428,4.92692,4.92692,0,0
SPH_PE,D,20201228,000000,5.46581,6.08168,4.92692,5.92771,0,0
SPH_PE,D,20201229,000000,6.08168,6.31263,5.5428,5.5428,0,0
SPH_PE,D,20201230,000000,5.61979,5.61979,5.5428,5.61979,0,0
SPH_PE,D,20210104,000000,5.69676,6.54358,5.69676,6.4666,0,0
SPH_PE,D,20210105,000000,7.08246,7.69834,6.54358,6.69755,0,0
SPH_PE,D,20210107,000000,6.77453,6.77453,6.31263,6.62056,0,0
SPH_PE,D,20210108,000000,6.62056,6.9285,6.38961,6.38961,0,0
SPH_PE,D,20210111,000000,6.4666,6.85151,6.4666,6.4666,0,0
SPH_PE,D,20210112,000000,6.54358,6.85151,6.31263,6.31263,0,0
SPH_PE,D,20210113,000000,6.15867,6.15867,5.5428,5.61979,0,0
SPH_PE,D,20210114,000000,5.92771,5.92771,5.5428,5.5428,0,0
SPH_PE,D,20210115,000000,5.5428,5.77374,5.5428,5.77374,0,0
SPH_PE,D,20210118,000000,5.85073,5.85073,5.5428,5.77374,0,0
SPH_PE,D,20210119,000000,5.77374,5.77374,5.46581,5.61979,0,0
SPH_PE,D,20210120,000000,5.5428,5.69676,5.46581,5.5428,0,0
SPH_PE,D,20210121,000000,5.5428,5.69676,5.5428,5.69676,0,0
SPH_PE,D,20210122,000000,5.5428,5.69676,5.46581,5.69676,0,0
SPH_PE,D,20210125,000000,5.5428,5.69676,5.0809,5.46581,0,0
SPH_PE,D,20210126,000000,5.61979,5.69676,5.46581,5.46581,0,0
SPH_PE,D,20210127,000000,5.46581,5.46581,5.0809,5.38882,0,0
SPH_PE,D,20210128,000000,5.0809,5.46581,5.0809,5.15787,0,0
SPH_PE,D,20210129,000000,5.23487,5.61979,5.15787,5.46581,0,0
SPH_PE,D,20210201,000000,5.61979,6.08168,5.61979,6.08168,0,0
SPH_PE,D,20210202,000000,6.4666,6.9285,6.38961,6.77453,0,0
SPH_PE,D,20210203,000000,6.9285,7.23642,6.69755,6.77453,0,0
SPH_PE,D,20210204,000000,6.77453,6.77453,5.85073,5.92771,0,0
SPH_PE,D,20210205,000000,5.92771,6.38961,5.92771,6.0047,0,0
SPH_PE,D,20210208,000000,6.0047,6.38961,6.0047,6.0047,0,0
SPH_PE,D,20210209,000000,6.0047,6.23564,5.85073,6.23564,0,0
SPH_PE,D,20210210,000000,6.23564,6.23564,5.92771,5.92771,0,0
SPH_PE,D,20210211,000000,6.0047,6.0047,5.77374,5.77374,0,0
SPH_PE,D,20210212,000000,6.0047,6.08168,5.77374,5.85073,0,0
SPH_PE,D,20210215,000000,5.85073,6.15867,5.85073,6.0047,0,0
SPH_PE,D,20210216,000000,6.08168,6.08168,5.85073,5.92771,0,0
SPH_PE,D,20210217,000000,6.08168,6.08168,5.85073,5.85073,0,0
SPH_PE,D,20210218,000000,6.0047,6.0047,5.77374,5.92771,0,0
SPH_PE,D,20210219,000000,6.08168,6.08168,5.85073,5.85073,0,0
SPH_PE,D,20210222,000000,5.85073,5.85073,5.77374,5.77374,0,0
SPH_PE,D,20210223,000000,5.77374,5.92771,5.69676,5.69676,0,0
SPH_PE,D,20210224,000000,5.77374,6.0047,5.77374,6.0047,0,0
SPH_PE,D,20210225,000000,6.0047,6.0047,5.69676,5.77374,0,0
SPH_PE,D,20210226,000000,5.77374,5.77374,5.61979,5.69676,0,0
SPH_PE,D,20210301,000000,5.85073,17.0902,5.69676,17.0902,0,0
SPH_PE,D,20210302,000000,16.9364,17.1672,16.9364,17.0902,0,0
SPH_PE,D,20210303,000000,17.0902,17.3212,16.8594,17.1672,0,0
SPH_PE,D,20210304,000000,17.2442,17.2442,16.7054,16.7054,0,0
SPH_PE,D,20210305,000000,16.7824,17.0902,16.7054,16.8594,0,0
SPH_PE,D,20210308,000000,16.8594,16.8594,16.6284,16.7824,0,0
SPH_PE,D,20210309,000000,16.7824,16.8594,16.7824,16.8594,0,0
SPH_PE,D,20210310,000000,16.9364,16.9364,15.9356,16.3205,0,0
SPH_PE,D,20210311,000000,16.3205,16.3205,16.1665,16.1665,0,0
SPH_PE,D,20210312,000000,16.3205,16.6284,16.0125,16.3975,0,0
SPH_PE,D,20210315,000000,16.5514,16.7824,16.1665,16.7824,0,0
SPH_PE,D,20210316,000000,16.9364,17.0133,16.5514,16.5514,0,0
SPH_PE,D,20210317,000000,16.5514,16.7824,16.0895,16.1665,0,0
SPH_PE,D,20210318,000000,16.2435,16.3975,16.0125,16.2435,0,0
SPH_PE,D,20210319,000000,15.8586,16.0125,15.7816,15.8586,0,0
SPH_PE,D,20210322,000000,16.0125,16.0895,15.8586,15.8586,0,0
SPH_PE,D,20210323,000000,15.7816,16.0125,15.7046,15.8586,0,0
SPH_PE,D,20210324,000000,16.0125,16.2435,15.8586,16.1665,0,0
SPH_PE,D,20210325,000000,16.0895,16.1665,15.6276,15.6276,0,0
SPH_PE,D,20210326,000000,15.6276,15.7816,15.4736,15.6276,0,0
SPH_PE,D,20210329,000000,15.6276,15.7816,15.5506,15.5506,0,0
SPH_PE,D,20210330,000000,15.4736,15.7046,15.3965,15.7046,0,0
SPH_PE,D,20210331,000000,15.8586,15.9356,15.4736,15.7046,0,0
SPH_PE,D,20210401,000000,15.5506,15.7816,15.5506,15.7816,0,0
SPH_PE,D,20210406,000000,15.7816,15.7816,15.0887,15.3197,0,0
SPH_PE,D,20210407,000000,15.3197,15.8586,14.9347,15.8586,0,0
SPH_PE,D,20210408,000000,15.6276,15.6276,15.2426,15.2426,0,0
SPH_PE,D,20210409,000000,15.2426,15.2426,15.1657,15.2426,0,0
SPH_PE,D,20210412,000000,15.3197,15.3197,14.6268,15.1657,0,0
SPH_PE,D,20210413,000000,15.0887,15.1657,14.8577,15.0887,0,0
SPH_PE,D,20210414,000000,15.0887,15.2426,15.0887,15.2426,0,0
SPH_PE,D,20210415,000000,15.2426,15.2426,15.0887,15.0887,0,0
SPH_PE,D,20210416,000000,15.1657,15.4736,15.0887,15.4736,0,0
SPH_PE,D,20210419,000000,15.3965,15.3965,15.1657,15.1657,0,0
SPH_PE,D,20210420,000000,15.1657,15.1657,14.2419,14.6268,0,0
SPH_PE,D,20210421,000000,14.3959,14.473,13.9339,13.9339,0,0
SPH_PE,D,20210422,000000,14.0879,14.6268,14.0879,14.6268,0,0
SPH_PE,D,20210423,000000,14.8577,14.8577,14.2419,14.2419,0,0
SPH_PE,D,20210426,000000,14.319,14.319,14.2419,14.319,0,0
SPH_PE,D,20210427,000000,14.319,14.3959,14.2419,14.2419,0,0
SPH_PE,D,20210428,000000,14.3959,14.3959,14.1649,14.1649,0,0
SPH_PE,D,20210429,000000,14.1649,14.319,12.0864,12.0864,0,0
SPH_PE,D,20210430,000000,11.8554,11.8554,11.8554,11.8554,0,0
SPH_PE,D,20210504,000000,11.7013,11.7013,11.7013,11.7013,0,0
SPH_PE,D,20210505,000000,11.7013,11.7785,11.5475,11.6244,0,0
SPH_PE,D,20210506,000000,10.5468,11.3166,10.5468,10.8546,0,0
SPH_PE,D,20210507,000000,10.8546,10.8546,10.7008,10.8546,0,0
SPH_PE,D,20210510,000000,11.1626,11.1626,10.8546,10.9316,0,0
SPH_PE,D,20210511,000000,10.9316,10.9316,10.9316,10.9316,0,0
SPH_PE,D,20210512,000000,10.9316,12.0094,10.9316,12.0094,0,0
SPH_PE,D,20210513,000000,11.7785,11.7785,11.7785,11.7785,0,0
SPH_PE,D,20210514,000000,11.3935,11.3935,11.3935,11.3935,0,0
SPH_PE,D,20210517,000000,11.3935,12.0094,11.3935,11.4705,0,0
SPH_PE,D,20210518,000000,12.0864,12.0864,12.0094,12.0864,0,0
SPH_PE,D,20210519,000000,11.3935,11.3935,11.3935,11.3935,0,0
SPH_PE,D,20210520,000000,12.0094,12.1634,12.0094,12.1634,0,0
SPH_PE,D,20210521,000000,12.1634,12.1634,12.1634,12.1634,0,0
SPH_PE,D,20210524,000000,12.1634,12.2403,12.1634,12.2403,0,0
SPH_PE,D,20210525,000000,12.3172,12.3172,12.2403,12.2403,0,0
SPH_PE,D,20210527,000000,12.0864,12.0864,12.0094,12.0094,0,0
SPH_PE,D,20210528,000000,12.0094,12.0094,11.7785,11.8554,0,0
SPH_PE,D,20210531,000000,12.1634,12.1634,11.5475,12.0094,0,0
SPH_PE,D,20210602,000000,9.77676,9.77676,9.77676,9.77676,0,0
SPH_PE,D,20210604,000000,9.77676,9.77676,9.77676,9.77676,0,0
SPH_PE,D,20210607,000000,9.77676,9.85387,9.77676,9.85387,0,0
SPH_PE,D,20210608,000000,9.93084,9.93084,9.93084,9.93084,0,0
SPH_PE,D,20210609,000000,9.93084,10.0079,9.93084,10.0079,0,0
SPH_PE,D,20210611,000000,10.0079,10.0079,10.0079,10.0079,0,0
SPH_PE,D,20210614,000000,10.0849,10.0849,10.0079,10.0079,0,0
SPH_PE,D,20210615,000000,10.0849,10.0849,10.0079,10.0079,0,0
SPH_PE,D,20210616,000000,9.85387,9.93084,9.85387,9.93084,0,0
SPH_PE,D,20210617,000000,9.93084,9.93084,9.85387,9.85387,0,0
SPH_PE,D,20210618,000000,9.69985,9.69985,9.69985,9.69985,0,0
SPH_PE,D,20210621,000000,9.54589,9.62285,9.00703,9.62285,0,0
SPH_PE,D,20210622,000000,9.62285,9.62285,9.62285,9.62285,0,0
SPH_PE,D,20210623,000000,9.23797,9.77676,9.16099,9.77676,0,0
SPH_PE,D,20210624,000000,9.77676,10.2387,9.77676,10.2387,0,0
SPH_PE,D,20210625,000000,10.0079,10.0849,9.39194,10.0849,0,0
SPH_PE,D,20210628,000000,10.0079,10.2387,10.0079,10.1619,0,0
SPH_PE,D,20210629,000000,10.0079,10.0849,10.0079,10.0849,0,0
SPH_PE,D,20210630,000000,10.2387,10.3158,10.2387,10.2387,0,0
SPH_PE,D,20210701,000000,10.2387,10.2387,10.1619,10.1619,0,0
SPH_PE,D,20210702,000000,9.77676,9.77676,9.77676,9.77676,0,0
SPH_PE,D,20210705,000000,9.85387,9.85387,9.85387,9.85387,0,0
SPH_PE,D,20210706,000000,10.3158,10.3158,9.93084,9.93084,0,0
SPH_PE,D,20210707,000000,9.85387,9.85387,9.69985,9.69985,0,0
SPH_PE,D,20210708,000000,10.0849,10.0849,9.69985,10.0849,0,0
SPH_PE,D,20210709,000000,10.0849,10.0849,10.0849,10.0849,0,0
SPH_PE,D,20210712,000000,9.62285,9.62285,9.54589,9.54589,0,0
SPH_PE,D,20210713,000000,9.39194,9.54589,9.16099,9.16099,0,0
SPH_PE,D,20210715,000000,9.23797,9.23797,9.23797,9.23797,0,0
SPH_PE,D,20210716,000000,9.31495,9.39194,9.23797,9.31495,0,0
SPH_PE,D,20210719,000000,9.31495,9.93084,9.08401,9.93084,0,0
SPH_PE,D,20210722,000000,9.39194,9.54589,9.39194,9.54589,0,0
SPH_PE,D,20210723,000000,9.39194,9.54589,9.16099,9.54589,0,0
SPH_PE,D,20210729,000000,9.16099,9.93084,9.08401,9.93084,0,0
SPH_PE,D,20210730,000000,9.93084,10.0079,9.93084,10.0079,0,0
SPH_PE,D,20210802,000000,10.0079,10.0079,10.0079,10.0079,0,0
SPH_PE,D,20210812,000000,9.54589,10.0079,9.54589,10.0079,0,0
SPH_PE,D,20210816,000000,9.54589,10.0849,9.54589,10.0849,0,0
SPH_PE,D,20210818,000000,10.0079,10.0849,10.0079,10.0849,0,0
SPH_PE,D,20210819,000000,9.16099,9.62285,9.16099,9.31495,0,0
SPH_PE,D,20210820,000000,9.46892,9.54589,9.46892,9.54589,0,0
SPH_PE,D,20210823,000000,9.54589,9.54589,9.54589,9.54589,0,0
SPH_PE,D,20210824,000000,9.16099,9.16099,9.16099,9.16099,0,0
SPH_PE,D,20210825,000000,9.46892,9.54589,9.46892,9.54589,0,0
SPH_PE,D,20210830,000000,9.39194,9.46892,9.39194,9.46892,0,0
SPH_PE,D,20210901,000000,8.16024,8.46817,8.16024,8.46817,0,0
SPH_PE,D,20210902,000000,8.54514,9.46892,8.54514,9.46892,0,0
SPH_PE,D,20210903,000000,9.46892,9.46892,9.31495,9.31495,0,0
SPH_PE,D,20210906,000000,9.62285,9.62285,9.00703,9.00703,0,0
SPH_PE,D,20210907,000000,9.00703,9.39194,8.85307,8.85307,0,0
SPH_PE,D,20210908,000000,8.85307,8.85307,8.85307,8.85307,0,0
SPH_PE,D,20210910,000000,8.85307,8.85307,8.77609,8.77609,0,0
SPH_PE,D,20210913,000000,8.77609,9.54589,8.77609,9.54589,0,0
SPH_PE,D,20210914,000000,9.46892,9.46892,9.39194,9.39194,0,0
SPH_PE,D,20210915,000000,9.08401,9.08401,8.77609,8.77609,0,0
SPH_PE,D,20210916,000000,9.00703,9.31495,8.85307,9.31495,0,0
SPH_PE,D,20210917,000000,9.23797,9.31495,8.69911,8.69911,0,0
SPH_PE,D,20210920,000000,8.69911,8.69911,8.62213,8.62213,0,0
SPH_PE,D,20210921,000000,8.54514,8.54514,8.46817,8.46817,0,0
SPH_PE,D,20210922,000000,8.54514,8.54514,8.54514,8.54514,0,0
SPH_PE,D,20210923,000000,8.62213,9.16099,8.62213,9.08401,0,0
SPH_PE,D,20210924,000000,8.93005,8.93005,8.93005,8.93005,0,0
SPH_PE,D,20210927,000000,9.16099,9.23797,9.16099,9.23797,0,0
SPH_PE,D,20210928,000000,8.85307,8.85307,8.77609,8.77609,0,0
SPH_PE,D,20210929,000000,9.16099,9.54589,8.69911,8.69911,0,0
SPH_PE,D,20210930,000000,9.46892,9.46892,9.39194,9.39194,0,0
SPH_PE,D,20211001,000000,9.31495,9.46892,9.31495,9.46892,0,0
SPH_PE,D,20211004,000000,9.46892,9.46892,8.85307,9.08401,0,0
SPH_PE,D,20211005,000000,9.16099,9.16099,9.08401,9.08401,0,0
SPH_PE,D,20211007,000000,9.00703,9.16099,9.00703,9.16099,0,0
SPH_PE,D,20211008,000000,9.08401,9.31495,9.00703,9.23797,0,0
SPH_PE,D,20211011,000000,9.00703,9.23797,9.00703,9.16099,0,0
SPH_PE,D,20211012,000000,8.93005,9.00703,8.93005,9.00703,0,0
SPH_PE,D,20211013,000000,9.16099,9.16099,9.16099,9.16099,0,0
SPH_PE,D,20211014,000000,9.00703,9.16099,8.93005,8.93005,0,0
SPH_PE,D,20211015,000000,8.93005,8.93005,8.93005,8.93005,0,0
SPH_PE,D,20211018,000000,8.85307,8.85307,8.46817,8.54514,0,0
SPH_PE,D,20211019,000000,8.77609,8.77609,8.69911,8.69911,0,0
SPH_PE,D,20211021,000000,8.69911,8.93005,8.54514,8.54514,0,0
SPH_PE,D,20211025,000000,8.85307,8.85307,8.62213,8.62213,0,0
SPH_PE,D,20211026,000000,8.93005,9.39194,8.93005,9.08401,0,0
SPH_PE,D,20211027,000000,9.08401,9.39194,9.08401,9.31495,0,0
SPH_PE,D,20211028,000000,9.31495,9.31495,9.16099,9.16099,0,0
SPH_PE,D,20211029,000000,9.16099,9.77676,9.16099,9.62285,0,0
SPH_PE,D,20211102,000000,9.69985,9.85387,9.23797,9.69985,0,0
SPH_PE,D,20211103,000000,9.62285,9.69985,9.62285,9.69985,0,0
SPH_PE,D,20211104,000000,9.46892,9.62285,9.46892,9.62285,0,0
SPH_PE,D,20211105,000000,9.62285,9.85387,9.62285,9.69985,0,0
SPH_PE,D,20211108,000000,9.93084,9.93084,9.69985,9.69985,0,0
SPH_PE,D,20211109,000000,9.93084,9.93084,9.69985,9.69985,0,0
SPH_PE,D,20211110,000000,10.0079,10.0079,9.69985,9.77676,0,0
SPH_PE,D,20211112,000000,9.77676,9.93084,9.77676,9.85387,0,0
SPH_PE,D,20211115,000000,9.77676,9.85387,9.77676,9.85387,0,0
SPH_PE,D,20211116,000000,9.85387,9.93084,9.39194,9.85387,0,0
SPH_PE,D,20211117,000000,9.46892,9.46892,9.46892,9.46892,0,0
SPH_PE,D,20211118,000000,9.39194,9.46892,9.39194,9.39194,0,0
SPH_PE,D,20211119,000000,9.31495,9.31495,9.23797,9.23797,0,0
SPH_PE,D,20211122,000000,9.62285,9.62285,9.31495,9.31495,0,0
SPH_PE,D,20211123,000000,9.54589,9.85387,9.54589,9.85387,0,0
SPH_PE,D,20211124,000000,9.85387,10.0079,9.85387,9.93084,0,0
SPH_PE,D,20211125,000000,9.85387,10.0849,9.85387,10.0849,0,0
SPH_PE,D,20211126,000000,10.0849,10.3158,9.46892,10.1619,0,0
SPH_PE,D,20211129,000000,10.1619,10.1619,9.77676,9.85387,0,0
SPH_PE,D,20211130,000000,9.85387,9.85387,9.77676,9.85387,0,0
SPH_PE,D,20211201,000000,9.85387,10.3928,7.3904,7.3904,0,0
SPH_PE,D,20211202,000000,7.3904,7.46738,7.3904,7.46738,0,0
SPH_PE,D,20211203,000000,7.46738,7.54435,7.46738,7.54435,0,0
SPH_PE,D,20211206,000000,7.54435,7.62134,7.54435,7.62134,0,0
SPH_PE,D,20211207,000000,7.77531,8.08324,7.77531,7.92928,0,0
SPH_PE,D,20211208,000000,7.92928,7.92928,7.77531,7.77531,0,0
SPH_PE,D,20211209,000000,7.77531,7.77531,7.69834,7.69834,0,0
SPH_PE,D,20211210,000000,7.69834,7.69834,7.54435,7.62134,0,0
SPH_PE,D,20211213,000000,7.62134,7.8523,7.62134,7.77531,0,0
SPH_PE,D,20211214,000000,7.92928,7.92928,7.69834,7.69834,0,0
SPH_PE,D,20211215,000000,7.69834,7.69834,7.62134,7.69834,0,0
SPH_PE,D,20211216,000000,7.69834,7.69834,7.62134,7.62134,0,0
SPH_PE,D,20211217,000000,7.62134,7.62134,7.54435,7.62134,0,0
SPH_PE,D,20211220,000000,7.54435,7.54435,7.54435,7.54435,0,0
SPH_PE,D,20211221,000000,7.54435,7.69834,7.54435,7.62134,0,0
SPH_PE,D,20211222,000000,7.69834,7.77531,7.69834,7.77531,0,0
SPH_PE,D,20211223,000000,7.77531,7.77531,7.62134,7.69834,0,0
SPH_PE,D,20211227,000000,7.69834,7.69834,7.54435,7.62134,0,0
SPH_PE,D,20211228,000000,7.62134,7.62134,7.62134,7.62134,0,0
SPH_PE,D,20211229,000000,7.62134,7.92928,7.62134,7.8523,0,0
SPH_PE,D,20211230,000000,7.92928,7.92928,7.92928,7.92928,0,0
SPH_PE,D,20220104,000000,7.8523,8.00625,7.8523,8.00625,0,0
SPH_PE,D,20220107,000000,7.92928,7.92928,7.92928,7.92928,0,0
SPH_PE,D,20220110,000000,7.69834,7.69834,7.3904,7.3904,0,0
SPH_PE,D,20220111,000000,7.54435,7.92928,7.54435,7.92928,0,0
SPH_PE,D,20220112,000000,7.92928,7.92928,7.92928,7.92928,0,0
SPH_PE,D,20220113,000000,7.46738,7.77531,7.46738,7.77531,0,0
SPH_PE,D,20220114,000000,7.54435,7.54435,7.46738,7.46738,0,0
SPH_PE,D,20220117,000000,7.46738,7.92928,7.46738,7.69834,0,0
SPH_PE,D,20220119,000000,8.00625,8.00625,7.62134,7.62134,0,0
SPH_PE,D,20220120,000000,7.62134,7.69834,7.62134,7.69834,0,0
SPH_PE,D,20220121,000000,7.54435,7.54435,7.54435,7.54435,0,0
SPH_PE,D,20220124,000000,7.54435,8.00625,7.54435,7.62134,0,0
SPH_PE,D,20220125,000000,7.54435,7.54435,7.46738,7.46738,0,0
SPH_PE,D,20220126,000000,7.3904,7.3904,7.3904,7.3904,0,0
SPH_PE,D,20220128,000000,7.54435,7.54435,7.54435,7.54435,0,0
SPH_PE,D,20220131,000000,7.54435,7.54435,7.23642,7.23642,0,0
SPH_PE,D,20220201,000000,7.15945,7.54435,7.15945,7.54435,0,0
SPH_PE,D,20220202,000000,7.77531,7.8523,7.77531,7.8523,0,0
SPH_PE,D,20220203,000000,7.8523,8.23722,7.8523,8.23722,0,0
SPH_PE,D,20220204,000000,8.23722,8.23722,8.08324,8.08324,0,0
SPH_PE,D,20220208,000000,7.62134,7.62134,7.62134,7.62134,0,0
SPH_PE,D,20220209,000000,7.62134,7.62134,7.62134,7.62134,0,0
SPH_PE,D,20220210,000000,8.00625,8.00625,7.62134,7.69834,0,0
SPH_PE,D,20220211,000000,7.77531,7.77531,7.77531,7.77531,0,0
SPH_PE,D,20220214,000000,7.92928,7.92928,7.69834,7.69834,0,0
SPH_PE,D,20220215,000000,7.62134,7.69834,7.62134,7.69834,0,0
SPH_PE,D,20220216,000000,7.69834,7.77531,7.69834,7.69834,0,0
SPH_PE,D,20220217,000000,7.69834,7.69834,7.62134,7.69834,0,0
SPH_PE,D,20220221,000000,7.62134,8.23722,7.62134,8.08324,0,0
SPH_PE,D,20220222,000000,7.69834,7.69834,7.62134,7.62134,0,0
SPH_PE,D,20220223,000000,7.62134,7.62134,7.62134,7.62134,0,0
SPH_PE,D,20220224,000000,7.62134,7.62134,6.9285,6.9285,0,0
SPH_PE,D,20220225,000000,7.08246,7.08246,7.00549,7.00549,0,0
SPH_PE,D,20220301,000000,7.00549,7.00549,6.9285,7.00549,0,0
SPH_PE,D,20220303,000000,3.00235,3.92615,3.00235,3.92615,0,0
SPH_PE,D,20220304,000000,4.00314,4.00314,3.84917,3.84917,0,0
SPH_PE,D,20220307,000000,3.69519,3.77219,3.69519,3.69519,0,0
SPH_PE,D,20220308,000000,4.00314,4.0801,4.00314,4.0801,0,0
SPH_PE,D,20220309,000000,4.1571,4.23408,4.1571,4.23408,0,0
SPH_PE,D,20220311,000000,4.31107,4.38804,4.31107,4.38804,0,0
SPH_PE,D,20220314,000000,4.54202,4.69597,4.54202,4.69597,0,0
SPH_PE,D,20220316,000000,4.69597,4.69597,4.69597,4.69597,0,0
SPH_PE,D,20220317,000000,4.69597,4.69597,4.61899,4.69597,0,0
SPH_PE,D,20220321,000000,4.61899,4.69597,4.61899,4.69597,0,0
SPH_PE,D,20220324,000000,4.31107,4.31107,4.31107,4.31107,0,0
SPH_PE,D,20220328,000000,4.31107,4.38804,4.31107,4.38804,0,0
SPH_PE,D,20220329,000000,4.38804,4.38804,4.31107,4.31107,0,0
SPH_PE,D,20220330,000000,4.31107,4.38804,4.31107,4.38804,0,0
SPH_PE,D,20220331,000000,4.38804,4.38804,4.38804,4.38804,0,0
SPH_PE,D,20220401,000000,4.38804,4.38804,4.38804,4.38804,0,0
SPH_PE,D,20220405,000000,4.54202,4.54202,4.54202,4.54202,0,0
SPH_PE,D,20220406,000000,4.54202,5.00392,4.54202,4.77297,0,0
SPH_PE,D,20220407,000000,4.77297,4.77297,4.77297,4.77297,0,0
SPH_PE,D,20220411,000000,4.54202,4.77297,4.54202,4.54202,0,0
SPH_PE,D,20220412,000000,4.54202,5.00392,4.54202,5.00392,0,0
SPH_PE,D,20220413,000000,5.00392,5.00392,5.00392,5.00392,0,0
SPH_PE,D,20220414,000000,5.00392,5.00392,5.00392,5.00392,0,0
SPH_PE,D,20220419,000000,5.00392,5.00392,5.00392,5.00392,0,0
SPH_PE,D,20220422,000000,4.92692,4.92692,4.92692,4.92692,0,0
SPH_PE,D,20220425,000000,4.84995,4.84995,4.54202,4.54202,0,0
SPH_PE,D,20220505,000000,4.54202,4.54202,4.54202,4.54202,0,0
SPH_PE,D,20220506,000000,4.54202,4.54202,4.46503,4.46503,0,0
SPH_PE,D,20220512,000000,4.31107,4.31107,4.23408,4.23408,0,0
SPH_PE,D,20220516,000000,4.38804,4.38804,4.38804,4.38804,0,0
SPH_PE,D,20220531,000000,5.00392,5.00392,4.84995,4.84995,0,0
SPH_PE,D,20220601,000000,4.92692,4.92692,4.84995,4.92692,0,0
SPH_PE,D,20220602,000000,4.77297,4.77297,4.77297,4.77297,0,0
SPH_PE,D,20220603,000000,4.84995,4.92692,4.84995,4.92692,0,0
SPH_PE,D,20220607,000000,4.92692,4.92692,4.92692,4.92692,0,0
SPH_PE,D,20220609,000000,4.92692,4.92692,4.92692,4.92692,0,0
SPH_PE,D,20220613,000000,4.54202,4.54202,4.54202,4.54202,0,0
SPH_PE,D,20220614,000000,4.54202,4.54202,4.46503,4.46503,0,0
SPH_PE,D,20220621,000000,4.38804,4.46503,4.38804,4.46503,0,0
SPH_PE,D,20220624,000000,4.54202,4.61899,4.54202,4.61899,0,0
SPH_PE,D,20220627,000000,4.61899,4.61899,4.61899,4.61899,0,0
SPH_PE,D,20220701,000000,4.61899,4.84995,4.61899,4.84995,0,0
SPH_PE,D,20220704,000000,4.61899,4.61899,4.61899,4.61899,0,0
SPH_PE,D,20220708,000000,4.54202,4.54202,4.54202,4.54202,0,0
SPH_PE,D,20220711,000000,4.54202,4.54202,4.54202,4.54202,0,0
SPH_PE,D,20220712,000000,4.54202,4.54202,4.46503,4.46503,0,0
SPH_PE,D,20220714,000000,4.46503,4.46503,4.46503,4.46503,0,0
SPH_PE,D,20220715,000000,4.46503,4.54202,4.46503,4.54202,0,0
SPH_PE,D,20220719,000000,4.77297,4.77297,4.77297,4.77297,0,0
SPH_PE,D,20220720,000000,4.77297,4.77297,4.77297,4.77297,0,0
SPH_PE,D,20220721,000000,4.77297,4.77297,4.77297,4.77297,0,0
SPH_PE,D,20220722,000000,4.54202,4.54202,4.54202,4.54202,0,0
SPH_PE,D,20220729,000000,4.61899,4.61899,4.54202,4.54202,0,0
SPH_PE,D,20220801,000000,4.54202,4.54202,4.54202,4.54202,0,0
SPH_PE,D,20220802,000000,4.54202,4.54202,4.54202,4.54202,0,0
SPH_PE,D,20220805,000000,4.69597,4.69597,4.69597,4.69597,0,0
SPH_PE,D,20220817,000000,4.69597,4.69597,4.69597,4.69597,0,0
SPH_PE,D,20220818,000000,4.31107,4.31107,4.23408,4.23408,0,0
SPH_PE,D,20220819,000000,4.1571,4.1571,4.1571,4.1571,0,0
SPH_PE,D,20220826,000000,4.1571,4.1571,4.1571,4.1571,0,0
SPH_PE,D,20220831,000000,3.77219,3.77219,3.77219,3.77219,0,0
SPH_PE,D,20220908,000000,4.0801,4.0801,4.0801,4.0801,0,0
SPH_PE,D,20220914,000000,4.23408,4.23408,4.23408,4.23408,0,0
SPH_PE,D,20220923,000000,4.1571,4.1571,4.1571,4.1571,0,0
SPH_PE,D,20220928,000000,4.1571,4.1571,4.1571,4.1571,0,0
SPH_PE,D,20220929,000000,4.1571,4.1571,4.1571,4.1571,0,0
SPH_PE,D,20221004,000000,4.31107,4.31107,4.31107,4.31107,0,0
SPH_PE,D,20221005,000000,4.31107,4.46503,4.31107,4.46503,0,0
SPH_PE,D,20221006,000000,4.31107,4.31107,4.1571,4.1571,0,0
SPH_PE,D,20221007,000000,3.69519,4.1571,3.69519,3.69519,0,0
SPH_PE,D,20221010,000000,4.1571,4.1571,4.1571,4.1571,0,0
SPH_PE,D,20221011,000000,4.1571,4.1571,4.1571,4.1571,0,0
SPH_PE,D,20221012,000000,4.1571,4.1571,4.1571,4.1571,0,0
SPH_PE,D,20221013,000000,4.1571,4.1571,4.1571,4.1571,0,0
SPH_PE,D,20221014,000000,4.1571,4.1571,4.1571,4.1571,0,0
SPH_PE,D,20221017,000000,4.1571,4.23408,4.1571,4.23408,0,0
SPH_PE,D,20221018,000000,4.23408,4.23408,4.1571,4.1571,0,0
SPH_PE,D,20221019,000000,4.1571,4.23408,4.1571,4.23408,0,0
SPH_PE,D,20221024,000000,4.23408,4.23408,4.00314,4.00314,0,0
SPH_PE,D,20221025,000000,3.84917,4.23408,3.84917,4.00314,0,0
SPH_PE,D,20221026,000000,4.00314,4.00314,3.92615,4.00314,0,0
SPH_PE,D,20221027,000000,4.23408,4.46503,4.00314,4.38804,0,0
SPH_PE,D,20221031,000000,4.31107,4.31107,4.31107,4.31107,0,0
SPH_PE,D,20221102,000000,4.31107,4.31107,4.0801,4.0801,0,0
SPH_PE,D,20221103,000000,4.00314,4.00314,4.00314,4.00314,0,0
SPH_PE,D,20221107,000000,4.0801,4.31107,4.0801,4.31107,0,0
SPH_PE,D,20221108,000000,4.46503,4.46503,4.23408,4.31107,0,0
SPH_PE,D,20221109,000000,4.46503,4.46503,4.31107,4.38804,0,0
SPH_PE,D,20221110,000000,4.31107,4.31107,4.23408,4.23408,0,0
SPH_PE,D,20221114,000000,4.1571,4.23408,4.1571,4.23408,0,0
SPH_PE,D,20221115,000000,4.23408,4.23408,4.23408,4.23408,0,0
SPH_PE,D,20221116,000000,4.31107,4.31107,4.23408,4.23408,0,0
SPH_PE,D,20221118,000000,4.23408,4.23408,4.1571,4.1571,0,0
SPH_PE,D,20221121,000000,4.46503,4.46503,4.46503,4.46503,0,0
SPH_PE,D,20221122,000000,4.31107,4.31107,4.23408,4.23408,0,0
SPH_PE,D,20221123,000000,4.23408,4.23408,4.23408,4.23408,0,0
SPH_PE,D,20221125,000000,4.23408,4.23408,4.23408,4.23408,0,0
SPH_PE,D,20221128,000000,4.23408,4.23408,4.23408,4.23408,0,0
SPH_PE,D,20221207,000000,4.31107,4.31107,4.00314,4.00314,0,0
SPH_PE,D,20221220,000000,3.84917,3.92615,3.84917,3.92615,0,0
SPH_PE,D,20221228,000000,3.92615,3.92615,3.92615,3.92615,0,0
SPH_PE,D,20221230,000000,3.92615,3.92615,3.69519,3.69519,0,0
SPH_PE,D,20230102,000000,4.0801,4.23408,3.69519,4.23408,0,0
SPH_PE,D,20230103,000000,4.1571,4.1571,4.1571,4.1571,0,0
SPH_PE,D,20230105,000000,4.23408,4.23408,4.23408,4.23408,0,0
SPH_PE,D,20230109,000000,4.00314,4.00314,3.92615,3.92615,0,0
SPH_PE,D,20230112,000000,4.0801,4.23408,4.0801,4.1571,0,0
SPH_PE,D,20230116,000000,4.1571,4.1571,4.1571,4.1571,0,0
SPH_PE,D,20230117,000000,4.1571,4.23408,4.1571,4.23408,0,0
SPH_PE,D,20230118,000000,4.23408,4.23408,4.1571,4.1571,0,0
SPH_PE,D,20230120,000000,4.23408,4.23408,4.1571,4.1571,0,0
SPH_PE,D,20230123,000000,3.92615,4.1571,3.92615,4.1571,0,0
SPH_PE,D,20230124,000000,3.92615,4.23408,3.92615,4.23408,0,0
SPH_PE,D,20230127,000000,4.1571,4.23408,4.1571,4.23408,0,0
SPH_PE,D,20230130,000000,4.00314,4.23408,4.00314,4.1571,0,0
SPH_PE,D,20230131,000000,4.1571,4.23408,4.1571,4.23408,0,0
SPH_PE,D,20230206,000000,4.23408,4.23408,4.1571,4.1571,0,0
SPH_PE,D,20230210,000000,4.00314,4.00314,3.92615,3.92615,0,0
SPH_PE,D,20230213,000000,4.00314,4.00314,3.92615,3.92615,0,0
SPH_PE,D,20230215,000000,4.0801,4.1571,4.0801,4.1571,0,0
SPH_PE,D,20230220,000000,4.1571,4.1571,3.92615,3.92615,0,0
SPH_PE,D,20230221,000000,3.92615,4.1571,3.92615,4.1571,0,0
SPH_PE,D,20230222,000000,4.23408,4.23408,4.23408,4.23408,0,0
SPH_PE,D,20230224,000000,4.31107,4.61899,4.31107,4.61899,0,0
SPH_PE,D,20230227,000000,4.61899,4.61899,4.61899,4.61899,0,0
SPH_PE,D,20230228,000000,4.61899,4.84995,4.61899,4.84995,0,0
SPH_PE,D,20230301,000000,4.69597,4.69597,4.69597,4.69597,0,0
SPH_PE,D,20230302,000000,4.69597,6.9285,4.69597,6.9285,0,0
SPH_PE,D,20230303,000000,7.15945,7.23642,7.15945,7.15945,0,0
SPH_PE,D,20230306,000000,6.77453,6.85151,6.77453,6.85151,0,0
SPH_PE,D,20230307,000000,6.85151,6.85151,6.85151,6.85151,0,0
SPH_PE,D,20230308,000000,6.9285,7.54435,6.9285,7.3904,0,0
SPH_PE,D,20230309,000000,7.3904,7.3904,7.31341,7.3904,0,0
SPH_PE,D,20230315,000000,7.3904,7.3904,7.3904,7.3904,0,0
SPH_PE,D,20230317,000000,7.23642,7.23642,7.23642,7.23642,0,0
SPH_PE,D,20230323,000000,7.15945,7.15945,7.15945,7.15945,0,0
SPH_PE,D,20230324,000000,7.31341,7.31341,7.31341,7.31341,0,0
SPH_PE,D,20230327,000000,7.31341,7.31341,7.31341,7.31341,0,0
SPH_PE,D,20230329,000000,7.15945,7.15945,7.15945,7.15945,0,0
SPH_PE,D,20230330,000000,7.23642,7.23642,7.23642,7.23642,0,0
SPH_PE,D,20230403,000000,7.15945,7.15945,7.15945,7.15945,0,0
SPH_PE,D,20230404,000000,7.31341,7.31341,7.31341,7.31341,0,0
SPH_PE,D,20230405,000000,7.31341,7.31341,7.31341,7.31341,0,0
SPH_PE,D,20230406,000000,7.3904,7.3904,7.31341,7.31341,0,0
SPH_PE,D,20230411,000000,7.31341,7.77531,7.31341,7.77531,0,0
SPH_PE,D,20230412,000000,7.77531,7.77531,7.77531,7.77531,0,0
SPH_PE,D,20230413,000000,7.77531,8.16024,7.77531,8.16024,0,0
SPH_PE,D,20230414,000000,8.08324,8.16024,8.08324,8.16024,0,0
SPH_PE,D,20230417,000000,8.16024,8.16024,8.16024,8.16024,0,0
SPH_PE,D,20230418,000000,8.16024,8.46817,8.16024,8.16024,0,0
SPH_PE,D,20230419,000000,8.16024,8.16024,8.16024,8.16024,0,0
SPH_PE,D,20230420,000000,8.23722,8.23722,8.23722,8.23722,0,0
SPH_PE,D,20230509,000000,8.08324,8.08324,7.46738,7.77531,0,0
SPH_PE,D,20230510,000000,7.77531,7.77531,7.46738,7.54435,0,0
SPH_PE,D,20230512,000000,7.46738,7.46738,7.46738,7.46738,0,0
SPH_PE,D,20230515,000000,7.46738,7.46738,7.46738,7.46738,0,0
SPH_PE,D,20230518,000000,7.92928,8.39118,7.8523,7.8523,0,0
SPH_PE,D,20230522,000000,7.46738,8.31419,7.46738,8.31419,0,0
SPH_PE,D,20230523,000000,7.8523,8.39118,7.8523,8.39118,0,0
SPH_PE,D,20230529,000000,8.31419,8.31419,8.23722,8.23722,0,0
SPH_PE,D,20230530,000000,8.23722,8.39118,7.23642,7.23642,0,0
SPH_PE,D,20230531,000000,7.08246,7.08246,7.08246,7.08246,0,0
SPH_PE,D,20230602,000000,7.00549,7.08246,7.00549,7.08246,0,0
SPH_PE,D,20230605,000000,7.31341,7.92928,7.31341,7.92928,0,0
SPH_PE,D,20230606,000000,7.92928,8.00625,7.92928,7.92928,0,0
SPH_PE,D,20230607,000000,7.62134,7.62134,7.31341,7.3904,0,0
SPH_PE,D,20230609,000000,9.00703,9.00703,9.00703,9.00703,0,0
SPH_PE,D,20230612,000000,9.00703,9.62285,8.54514,8.85307,0,0
SPH_PE,D,20230613,000000,8.77609,10.4698,8.62213,10.2387,0,0
SPH_PE,D,20230614,000000,10.2387,10.3158,9.46892,10.1619,0,0
SPH_PE,D,20230615,000000,11.0448,11.0448,10.0483,10.0483,0,0
SPH_PE,D,20230616,000000,9.05171,9.05171,8.88563,8.88563,0,0
SPH_PE,D,20230619,000000,8.88563,8.88563,8.30432,8.30432,0,0
SPH_PE,D,20230620,000000,8.30432,8.63649,8.30432,8.38737,0,0
SPH_PE,D,20230622,000000,8.30432,8.30432,6.80954,7.14171,0,0
SPH_PE,D,20230623,000000,7.14171,7.14171,7.14171,7.14171,0,0
SPH_PE,D,20230626,000000,7.05867,7.05867,7.05867,7.05867,0,0
SPH_PE,D,20230627,000000,7.05867,7.05867,7.05867,7.05867,0,0
SPH_PE,D,20230628,000000,6.97562,6.97562,6.89259,6.89259,0,0
SPH_PE,D,20230629,000000,6.89259,6.89259,6.89259,6.89259,0,0
SPH_PE,D,20230630,000000,6.89259,6.89259,6.89259,6.89259,0,0
SPH_PE,D,20230703,000000,7.80606,7.8891,7.80606,7.8891,0,0
SPH_PE,D,20230704,000000,7.80606,7.80606,7.72301,7.72301,0,0
SPH_PE,D,20230705,000000,7.14171,7.14171,7.14171,7.14171,0,0
SPH_PE,D,20230706,000000,7.22475,7.22475,6.97562,6.97562,0,0
SPH_PE,D,20230714,000000,7.55693,7.55693,7.47388,7.47388,0,0
SPH_PE,D,20230717,000000,8.0552,8.4704,7.47388,7.47388,0,0
SPH_PE,D,20230724,000000,7.14171,7.14171,6.72649,6.80954,0,0
SPH_PE,D,20230725,000000,7.14171,7.14171,7.14171,7.14171,0,0
SPH_PE,D,20230731,000000,7.22475,7.80606,7.22475,7.80606,0,0
SPH_PE,D,20230801,000000,7.80606,7.80606,7.80606,7.80606,0,0
SPH_PE,D,20230802,000000,8.4704,8.4704,8.13824,8.13824,0,0
SPH_PE,D,20230803,000000,7.72301,7.72301,7.72301,7.72301,0,0
SPH_PE,D,20230809,000000,7.42655,7.42655,7.39085,7.39085,0,0
SPH_PE,D,20230810,000000,7.39085,7.39085,7.39085,7.39085,0,0
SPH_PE,D,20230811,000000,7.21314,7.22475,6.50395,7.22475,0,0
SPH_PE,D,20230816,000000,7.30781,7.30781,7.22475,7.22475,0,0
SPH_PE,D,20230818,000000,6.33619,6.95819,6.33619,6.89259,0,0
SPH_PE,D,20230822,000000,7.12428,7.42074,7.12428,7.39085,0,0
SPH_PE,D,20230823,000000,7.36094,7.36094,7.05867,7.05867,0,0
SPH_PE,D,20230824,000000,7.58766,7.72301,7.05867,7.72301,0,0
SPH_PE,D,20230825,000000,7.72301,7.72301,7.72301,7.72301,0,0
SPH_PE,D,20230829,000000,7.72301,7.72301,7.72301,7.72301,0,0
SPH_PE,D,20230831,000000,7.19071,7.22475,7.19071,7.22475,0,0
SPH_PE,D,20230904,000000,6.57784,6.57784,6.56042,6.56042,0,0
SPH_PE,D,20230905,000000,7.07112,7.07112,7.05867,7.05867,0,0
SPH_PE,D,20230907,000000,7.24635,7.30032,7.14171,7.14171,0,0
SPH_PE,D,20230908,000000,7.29949,7.37838,7.29949,7.30781,0,0
SPH_PE,D,20230911,000000,7.30781,7.36012,7.30781,7.30781,0,0
SPH_PE,D,20230912,000000,7.25547,7.25547,7.14171,7.14171,0,0
SPH_PE,D,20230913,000000,6.98891,7.05867,6.98891,7.05867,0,0
SPH_PE,D,20230914,000000,7.16164,7.22475,7.16164,7.22475,0,0
SPH_PE,D,20230915,000000,7.22475,7.22475,7.22475,7.22475,0,0
SPH_PE,D,20230918,000000,7.22475,7.22475,7.22475,7.22475,0,0
SPH_PE,D,20230919,000000,7.22475,7.30198,7.22475,7.22475,0,0
SPH_PE,D,20230920,000000,7.22475,7.22475,7.22475,7.22475,0,0
SPH_PE,D,20230921,000000,7.32772,7.39085,7.32772,7.39085,0,0
SPH_PE,D,20230922,000000,7.39085,7.39085,7.39085,7.39085,0,0
SPH_PE,D,20230925,000000,7.20898,7.22475,7.20898,7.22475,0,0
SPH_PE,D,20230926,000000,7.09438,7.09438,7.05867,7.05867,0,0
SPH_PE,D,20230928,000000,7.00718,7.05867,6.72649,6.72649,0,0
SPH_PE,D,20230929,000000,6.72649,6.72649,6.72649,6.72649,0,0
SPH_PE,D,20231002,000000,7.29618,7.55693,6.72649,7.55693,0,0
SPH_PE,D,20231003,000000,7.29618,7.55693,7.29618,7.30781,0,0
SPH_PE,D,20231004,000000,7.56856,8.0909,7.56856,8.0552,0,0
SPH_PE,D,20231005,000000,8.28937,8.57504,8.28937,8.30432,0,0
SPH_PE,D,20231006,000000,8.5385,8.55345,8.5385,8.55345,0,0
SPH_PE,D,20231009,000000,8.55345,10.8787,8.44964,10.8787,0,0
SPH_PE,D,20231010,000000,10.745,10.7956,10.745,10.7956,0,0
SPH_PE,D,20231012,000000,9.31495,9.349,9.30084,9.30084,0,0
SPH_PE,D,20231013,000000,10.2134,11.3769,10.2134,11.3769,0,0
SPH_PE,D,20231016,000000,11.2416,11.3769,11.2416,11.3769,0,0
SPH_PE,D,20231026,000000,10.2458,10.2458,9.62879,9.63304,0,0
SPH_PE,D,20231030,000000,10.5589,10.7127,10.353,10.7127,0,0
SPH_PE,D,20231031,000000,10.7466,10.7466,10.7127,10.7127,0,0
SPH_PE,D,20231103,000000,10.7118,10.7127,10.7118,10.7127,0,0
SPH_PE,D,20231106,000000,11.1959,11.1959,11.1278,11.1278,0,0
SPH_PE,D,20231107,000000,11.1278,11.2108,11.1278,11.2108,0,0
SPH_PE,D,20231114,000000,11.2939,11.2939,11.2939,11.2939,0,0
SPH_PE,D,20231117,000000,10.5341,11.587,10.5341,11.5429,0,0
SPH_PE,D,20231124,000000,11.6261,11.6261,10.8787,10.8787,0,0
SPH_PE,D,20231127,000000,11.5805,11.5805,11.5107,11.5429,0,0
SPH_PE,D,20231128,000000,11.6833,11.6833,11.6127,11.6261,0,0
SPH_PE,D,20231129,000000,11.6967,11.6967,10.1462,10.2143,0,0
SPH_PE,D,20231130,000000,10.9592,12.2903,10.9592,12.2903,0,0
SPH_PE,D,20231201,000000,12.2903,12.2903,12.2903,12.2903,0,0
SPH_PE,D,20231204,000000,12.9672,12.9672,12.728,12.7887,0,0
SPH_PE,D,20231205,000000,12.7878,12.7887,12.7878,12.7887,0,0
SPH_PE,D,20231206,000000,12.7878,12.7887,12.7878,12.7887,0,0
SPH_PE,D,20231207,000000,14.6146,14.6146,12.8124,12.8124,0,0
SPH_PE,D,20231208,000000,13.545,13.545,13.4767,13.4767,0,0
SPH_PE,D,20231211,000000,14.1136,14.1136,13.567,13.5716,0,0
SPH_PE,D,20231212,000000,13.5706,13.5716,13.5706,13.5716,0,0
SPH_PE,D,20231213,000000,13.5706,13.5706,12.6605,12.7175,0,0
SPH_PE,D,20231214,000000,12.7185,12.7185,12.2164,12.3379,0,0
SPH_PE,D,20231215,000000,12.0617,12.0617,11.7684,11.7684,0,0
SPH_PE,D,20231218,000000,11.5377,11.5377,11.4837,11.4837,0,0
SPH_PE,D,20231220,000000,12.2154,12.2154,12.148,12.148,0,0
SPH_PE,D,20231221,000000,12.7394,12.7394,11.5103,12.148,0,0
SPH_PE,D,20231222,000000,12.9671,12.9671,12.0114,12.9072,0,0
SPH_PE,D,20231227,000000,13.1361,13.1361,12.8617,12.9072,0,0
SPH_PE,D,20231228,000000,12.9082,12.9082,12.9072,12.9072,0,0
SPH_PE,D,20231229,000000,12.9538,12.9538,12.8124,12.8124,0,0
SPH_PE,D,20240102,000000,12.8133,12.8133,11.8129,11.8633,0,0
SPH_PE,D,20240103,000000,11.9089,12.6843,11.4837,11.4837,0,0
SPH_PE,D,20240104,000000,11.4837,12.243,11.4837,12.243,0,0
SPH_PE,D,20240105,000000,12.243,14.6014,12.243,14.4258,0,0
SPH_PE,D,20240108,000000,14.3348,14.3348,14.3308,14.3308,0,0
SPH_PE,D,20240109,000000,12.9244,12.9244,11.7,12.8124,0,0
SPH_PE,D,20240110,000000,12.6301,12.6301,12.6225,12.6225,0,0
SPH_PE,D,20240111,000000,12.6225,12.6225,11.982,12.4328,0,0
SPH_PE,D,20240112,000000,12.4328,12.4328,12.4328,12.4328,0,0
SPH_PE,D,20240115,000000,12.7051,12.7051,12.2515,12.4328,0,0
SPH_PE,D,20240116,000000,12.7933,12.7933,12.1633,12.4328,0,0
SPH_PE,D,20240117,000000,12.4328,12.4328,12.4328,12.4328,0,0
SPH_PE,D,20240122,000000,12.5684,12.8836,12.4328,12.6225,0,0
SPH_PE,D,20240123,000000,11.8965,12.6681,11.8965,12.6225,0,0
SPH_PE,D,20240124,000000,12.4869,12.4869,12.1243,12.148,0,0
SPH_PE,D,20240125,000000,13.5526,13.5526,13.0972,13.0972,0,0
SPH_PE,D,20240126,000000,13.0972,14.181,12.8124,12.8124,0,0
SPH_PE,D,20240129,000000,12.1348,12.148,12.1348,12.148,0,0
SPH_PE,D,20240130,000000,12.148,12.148,12.148,12.148,0,0
SPH_PE,D,20240131,000000,13.2765,13.3817,13.2765,13.3817,0,0
SPH_PE,D,20240201,000000,13.381,13.4767,13.381,13.4767,0,0
SPH_PE,D,20240202,000000,13.4312,13.4767,13.3817,13.3817,0,0
SPH_PE,D,20240205,000000,13.4274,13.4274,13.3817,13.3817,0,0
SPH_PE,D,20240206,000000,13.3362,13.3362,12.9709,13.287,0,0
SPH_PE,D,20240207,000000,13.286,13.287,13.286,13.287,0,0
SPH_PE,D,20240209,000000,12.2856,13.3315,12.2856,12.8124,0,0
SPH_PE,D,20240212,000000,12.8124,12.8124,12.8124,12.8124,0,0
SPH_PE,D,20240213,000000,12.7213,13.287,12.7213,13.287,0,0
SPH_PE,D,20240214,000000,13.5166,13.5166,13.4767,13.4767,0,0
SPH_PE,D,20240215,000000,13.3856,13.4767,13.3817,13.3817,0,0
SPH_PE,D,20240216,000000,13.3817,13.3817,13.3817,13.3817,0,0
SPH_PE,D,20240219,000000,13.3817,13.4274,13.3817,13.3817,0,0
SPH_PE,D,20240220,000000,13.381,13.381,12.1973,12.243,0,0
SPH_PE,D,20240221,000000,12.4252,12.6225,12.2886,12.6225,0,0
SPH_PE,D,20240222,000000,12.5315,12.5315,12.5277,12.5277,0,0
SPH_PE,D,20240223,000000,12.39,12.39,12.243,12.243,0,0
SPH_PE,D,20240226,000000,12.242,12.3379,12.242,12.3379,0,0
SPH_PE,D,20240227,000000,12.8437,12.8437,12.614,12.6225,0,0
SPH_PE,D,20240229,000000,12.3445,12.5277,12.243,12.243,0,0
SPH_PE,D,20240301,000000,12.5163,12.5163,10.7244,10.7244,0,0
SPH_PE,D,20240304,000000,10.7244,10.7244,10.7244,10.7244,0,0
SPH_PE,D,20240305,000000,10.7244,10.9589,10.7244,10.9143,0,0
SPH_PE,D,20240306,000000,10.4853,11.031,10.4463,10.9143,0,0
SPH_PE,D,20240307,000000,10.8753,10.9143,10.7586,10.9143,0,0
SPH_PE,D,20240308,000000,10.9143,10.9143,10.7975,10.8194,0,0
SPH_PE,D,20240311,000000,10.976,11.0092,10.976,11.0092,0,0
SPH_PE,D,20240312,000000,10.8516,10.8516,10.8194,10.8194,0,0
SPH_PE,D,20240313,000000,10.7415,11.0092,10.7415,11.0092,0,0
SPH_PE,D,20240315,000000,11.0092,11.0092,11.0092,11.0092,0,0
SPH_PE,D,20240318,000000,11.3232,11.3232,11.1989,11.1989,0,0
SPH_PE,D,20240319,000000,11.1989,11.1989,11.1989,11.1989,0,0
SPH_PE,D,20240320,000000,10.6552,10.8498,10.4607,10.8194,0,0
SPH_PE,D,20240321,000000,10.8194,10.9143,10.8194,10.9143,0,0
SPH_PE,D,20240325,000000,11.0709,11.0709,10.9143,10.9143,0,0
SPH_PE,D,20240326,000000,10.9143,10.9143,10.5347,10.5347,0,0
SPH_PE,D,20240327,000000,10.5347,10.5347,10.4956,10.5347,0,0
SPH_PE,D,20240328,000000,10.4956,10.5347,10.4397,10.4397,0,0
SPH_PE,D,20240402,000000,10.1674,10.4397,10.1674,10.25,0,0
SPH_PE,D,20240403,000000,10.5232,10.5347,10.5232,10.5347,0,0
SPH_PE,D,20240404,000000,10.6523,10.6523,10.6295,10.6295,0,0
SPH_PE,D,20240408,000000,10.6295,10.8194,10.6295,10.8194,0,0
SPH_PE,D,20240409,000000,10.976,11.1041,10.976,11.1041,0,0
SPH_PE,D,20240411,000000,11.0092,11.0092,11.0092,11.0092,0,0
SPH_PE,D,20240412,000000,10.9703,10.9703,10.3011,10.5347,0,0
SPH_PE,D,20240416,000000,10.3381,10.3381,10.155,10.155,0,0
SPH_PE,D,20240417,000000,10.5839,10.5839,10.5347,10.5347,0,0
SPH_PE,D,20240418,000000,10.6514,10.6514,10.6295,10.6295,0,0
SPH_PE,D,20240419,000000,10.1255,10.6295,10.1255,10.6295,0,0
SPH_PE,D,20240424,000000,10.1255,10.155,10.1255,10.155,0,0
SPH_PE,D,20240429,000000,10.3686,10.3686,10.0601,10.0601,0,0
SPH_PE,D,20240430,000000,10.2917,10.7244,10.2917,10.7244,0,0
SPH_PE,D,20240506,000000,10.4833,10.4833,10.4397,10.4397,0,0
SPH_PE,D,20240507,000000,10.6799,10.7244,10.6799,10.7244,0,0
SPH_PE,D,20240508,000000,10.7244,10.7244,10.7244,10.7244,0,0
SPH_PE,D,20240509,000000,10.7244,10.7244,10.7244,10.7244,0,0
SPH_PE,D,20240514,000000,10.4833,10.7244,10.4833,10.7244,0,0
SPH_PE,D,20240515,000000,10.7643,10.7643,10.7244,10.7244,0,0
SPH_PE,D,20240517,000000,10.5621,10.6295,10.5621,10.6295,0,0
SPH_PE,D,20240520,000000,10.6704,10.6704,10.6295,10.6295,0,0
SPH_PE,D,20240521,000000,10.6295,10.6295,10.6295,10.6295,0,0
SPH_PE,D,20240527,000000,10.8327,10.8327,10.8194,10.8194,0,0
SPH_PE,D,20240528,000000,10.7377,10.7377,10.7244,10.7244,0,0
SPH_PE,D,20240529,000000,10.8061,10.8194,10.8061,10.8194,0,0
SPH_PE,D,20240531,000000,10.7377,11.0092,10.7377,11.0092,0,0
SPH_PE,D,20240603,000000,11.0927,11.2598,11.0927,11.1989,0,0
SPH_PE,D,20240605,000000,10.8251,11.0329,10.8251,11.0092,0,0
SPH_PE,D,20240606,000000,10.8014,10.8194,10.8014,10.8194,0,0
SPH_PE,D,20240610,000000,11.1515,11.1515,11.1041,11.1041,0,0
SPH_PE,D,20240613,000000,10.9683,10.9683,10.6817,10.7244,0,0
SPH_PE,D,20240617,000000,10.6295,10.6295,10.6295,10.6295,0,0
SPH_PE,D,20240620,000000,11.0528,11.0528,11.0092,11.0092,0,0
SPH_PE,D,20240621,000000,10.9674,11.0092,10.9674,11.0092,0,0
SPH_PE,D,20240624,000000,10.9674,10.9674,10.8022,10.8194,0,0
SPH_PE,D,20240627,000000,10.9845,11.0092,10.9845,11.0092,0,0
SPH_PE,D,20240628,000000,11.0092,11.0092,11.0092,11.0092,0,0
SPH_PE,D,20240702,000000,11.05,11.1742,11.05,11.1041,0,0
SPH_PE,D,20240703,000000,10.7338,10.8194,10.7338,10.8194,0,0
SPH_PE,D,20240705,000000,11.1922,11.7732,11.1922,11.7684,0,0
SPH_PE,D,20240708,000000,11.7684,11.7684,11.0224,11.1041,0,0
SPH_PE,D,20240709,000000,11.1041,11.1041,11.1041,11.1041,0,0
SPH_PE,D,20240710,000000,11.0205,11.6736,11.0205,11.6736,0,0
SPH_PE,D,20240711,000000,11.8009,11.8009,11.7471,11.7471,0,0
SPH_PE,D,20240715,000000,11.7471,11.7471,11.4504,11.4581,0,0
SPH_PE,D,20240716,000000,11.4581,11.4581,10.9768,10.9768,0,0
SPH_PE,D,20240717,000000,11.564,11.564,11.3618,11.3618,0,0
SPH_PE,D,20240718,000000,10.9825,10.9825,10.8804,10.8804,0,0
SPH_PE,D,20240719,000000,10.9642,10.9768,10.9642,10.9768,0,0
SPH_PE,D,20240724,000000,11.073,11.073,10.9768,10.9768,0,0
SPH_PE,D,20240725,000000,10.9768,10.9768,10.8804,10.8804,0,0
SPH_PE,D,20240726,000000,11.1318,11.1318,10.8804,10.9768,0,0
SPH_PE,D,20240805,000000,11.3985,11.3985,9.62485,10.7841,0,0
SPH_PE,D,20240807,000000,11.4524,11.4581,11.4524,11.4581,0,0
SPH_PE,D,20240808,000000,10.1198,10.1198,10.1102,10.1102,0,0
SPH_PE,D,20240812,000000,11.0711,11.073,11.0286,11.073,0,0
SPH_PE,D,20240813,000000,11.0316,11.073,11.0316,11.073,0,0
SPH_PE,D,20240816,000000,10.189,10.2064,10.189,10.2064,0,0
SPH_PE,D,20240821,000000,11.0499,11.073,11.0499,11.073,0,0
SPH_PE,D,20240822,000000,10.5666,10.5666,10.4952,10.4952,0,0
SPH_PE,D,20240823,000000,10.9988,11.073,10.9988,11.073,0,0
SPH_PE,D,20240826,000000,11.073,11.073,10.1863,10.2064,0,0
SPH_PE,D,20240828,000000,11.0114,11.0114,10.7841,10.7841,0,0
SPH_PE,D,20240829,000000,11.0363,11.073,11.0363,11.073,0,0
SPH_PE,D,20240830,000000,11.1577,13.2875,11.1577,13.2875,0,0
SPH_PE,D,20240902,000000,14.0935,14.496,14.0935,14.0935,0,0
SPH_PE,D,20240903,000000,14.0935,14.0935,14.0579,14.0579,0,0
SPH_PE,D,20240904,000000,14.0579,14.0579,14.0579,14.0579,0,0
SPH_PE,D,20240905,000000,14.0579,14.0579,13.8567,13.8653,0,0
SPH_PE,D,20240906,000000,14.469,14.469,14.443,14.443,0,0
SPH_PE,D,20240912,000000,13.2394,13.2394,13.1913,13.1913,0,0
SPH_PE,D,20240913,000000,12.342,13.095,12.342,13.095,0,0
SPH_PE,D,20240916,000000,13.095,13.095,13.095,13.095,0,0
SPH_PE,D,20240918,000000,12.7426,12.7426,12.71,12.71,0,0
SPH_PE,D,20240923,000000,13.2625,13.2875,13.2625,13.2875,0,0
SPH_PE,D,20240924,000000,13.2875,13.2875,13.2875,13.2875,0,0
SPH_PE,D,20240926,000000,14.0935,14.1542,13.2875,14.1542,0,0
SPH_PE,D,20240927,000000,14.1542,14.1542,14.0579,14.0579,0,0
SPH_PE,D,20240930,000000,14.0579,14.0579,14.0579,14.0579,0,0
SPH_PE,D,20241001,000000,14.3593,14.3593,12.8534,12.9025,0,0
SPH_PE,D,20241002,000000,12.9025,12.9025,12.8062,12.8062,0,0
SPH_PE,D,20241007,000000,13.5062,13.7565,13.5062,13.6728,0,0
SPH_PE,D,20241008,000000,13.6728,13.6728,13.3743,13.3839,0,0
SPH_PE,D,20241009,000000,13.3839,13.4802,13.3839,13.4802,0,0
SPH_PE,D,20241010,000000,14.0319,14.0319,13.9616,13.9616,0,0
SPH_PE,D,20241014,000000,14.0579,14.0579,13.9578,13.9616,0,0
SPH_PE,D,20241017,000000,13.56,13.8615,13.2875,13.2875,0,0
SPH_PE,D,20241022,000000,13.2875,13.2875,12.2284,12.2284,0,0
SPH_PE,D,20241023,000000,12.2284,12.2284,12.1322,12.1322,0,0
SPH_PE,D,20241030,000000,13.8162,13.8162,12.4787,12.5172,0,0
SPH_PE,D,20241115,000000,13.0238,13.1554,13.0238,13.1554,0,0
SPH_PE,D,20241118,000000,13.2558,13.2558,13.0579,13.0579,0,0
SPH_PE,D,20241120,000000,13.1086,13.1086,13.0579,13.0579,0,0
SPH_PE,D,20241121,000000,14.0081,14.0081,13.9349,13.9349,0,0
SPH_PE,D,20241122,000000,13.9349,14.0324,13.9349,14.0324,0,0
SPH_PE,D,20241125,000000,13.0764,13.0764,13.0579,13.0579,0,0
SPH_PE,D,20241202,000000,12.5979,12.5979,12.5707,12.5707,0,0
SPH_PE,D,20241203,000000,13.8833,13.9349,13.8833,13.9349,0,0
SPH_PE,D,20241204,000000,13.9359,13.9359,13.2528,13.2528,0,0
SPH_PE,D,20241206,000000,12.5784,12.8192,12.5784,12.6681,0,0
SPH_PE,D,20241210,000000,12.6691,12.6691,12.6681,12.6681,0,0
SPH_PE,D,20241211,000000,12.6691,12.6691,12.6681,12.6681,0,0
SPH_PE,D,20241217,000000,12.6691,12.6691,12.3758,12.3758,0,0
SPH_PE,D,20241218,000000,12.3758,12.3758,12.3758,12.3758,0,0
SPH_PE,D,20241219,000000,12.3758,12.3758,12.3758,12.3758,0,0
SPH_PE,D,20241220,000000,12.1331,12.1331,11.8885,11.8885,0,0
SPH_PE,D,20241227,000000,11.8885,11.8885,11.7911,11.7911,0,0
SPH_PE,D,20241230,000000,11.7911,11.7911,11.7911,11.7911,0,0
SPH_PE,D,20250107,000000,12.7656,12.7656,12.7656,12.7656,0,0
SPH_PE,D,20250108,000000,12.7656,12.7656,12.6681,12.6681,0,0
SPH_PE,D,20250109,000000,12.6681,12.6681,12.6681,12.6681,0,0
SPH_PE,D,20250113,000000,13.2967,13.2967,13.2528,13.2528,0,0
SPH_PE,D,20250115,000000,13.1086,13.1554,13.1086,13.1554,0,0
SPH_PE,D,20250116,000000,12.0834,12.0834,12.0834,12.0834,0,0
SPH_PE,D,20250117,000000,12.0834,12.0834,12.0834,12.0834,0,0
SPH_PE,D,20250120,000000,12.7598,13.1554,12.7598,13.1554,0,0
SPH_PE,D,20250122,000000,12.8153,12.863,12.8153,12.863,0,0
SPH_PE,D,20250123,000000,12.5707,12.6681,12.5707,12.6681,0,0
SPH_PE,D,20250124,000000,12.3738,12.3758,12.3738,12.3758,0,0
SPH_PE,D,20250127,000000,12.2783,12.2783,12.2783,12.2783,0,0
SPH_PE,D,20250129,000000,12.2783,13.2109,12.2783,12.863,0,0
SPH_PE,D,20250130,000000,12.3718,12.3758,12.0289,12.3758,0,0
SPH_PE,D,20250203,000000,12.3758,12.3758,12.2783,12.2783,0,0
SPH_PE,D,20250204,000000,12.2783,12.2783,12.2783,12.2783,0,0
SPH_PE,D,20250206,000000,12.3758,12.3758,12.0815,12.0834,0,0
SPH_PE,D,20250207,000000,12.1331,12.1809,12.1331,12.1809,0,0
SPH_PE,D,20250211,000000,12.8718,12.8718,12.8221,12.863,0,0
SPH_PE,D,20250212,000000,12.5171,12.5171,12.2696,12.2783,0,0
SPH_PE,D,20250214,000000,12.2783,12.2783,12.2783,12.2783,0,0
SPH_PE,D,20250217,000000,12.823,12.823,12.3758,12.3758,0,0
SPH_PE,D,20250218,000000,12.8211,12.863,12.8211,12.863,0,0
SPH_PE,D,20250219,000000,12.862,12.862,12.3758,12.3758,0,0
SPH_PE,D,20250224,000000,12.3748,12.3748,12.2764,12.2783,0,0
SPH_PE,D,20250303,000000,12.8728,13.6426,12.8728,13.6426,0,0
SPH_PE,D,20250304,000000,14.0616,14.1298,14.0616,14.1298,0,0
SPH_PE,D,20250310,000000,14.0314,14.0324,14.0314,14.0324,0,0
SPH_PE,D,20250311,000000,13.246,13.7176,13.246,13.6426,0,0
SPH_PE,D,20250314,000000,13.2781,13.3502,13.2781,13.3502,0,0
SPH_PE,D,20250317,000000,13.7157,13.7157,13.3493,13.3502,0,0
SPH_PE,D,20250319,000000,13.3493,13.3502,13.3493,13.3502,0,0
SPH_PE,D,20250320,000000,13.3493,13.3493,13.2528,13.2528,0,0
SPH_PE,D,20250321,000000,13.2528,13.2528,13.2528,13.2528,0,0
SPH_PE,D,20250324,000000,13.2011,13.2011,12.6272,12.6681,0,0
SPH_PE,D,20250325,000000,12.6681,12.7656,12.5629,12.7656,0,0
SPH_PE,D,20250328,000000,12.9819,12.9819,12.9605,12.9605,0,0
SPH_PE,D,20250401,000000,12.9605,12.9605,12.9605,12.9605,0,0
SPH_PE,D,20250402,000000,12.9605,13.1554,12.9605,13.1554,0,0
SPH_PE,D,20250404,000000,12.7344,12.7344,12.4732,12.4732,0,0
SPH_PE,D,20250408,000000,13.4009,13.4009,13.2528,13.2528,0,0
SPH_PE,D,20250423,000000,13.3502,13.3502,13.2528,13.2528,0,0
SPH_PE,D,20250425,000000,13.7098,13.74,13.7098,13.74,0,0
SPH_PE,D,20250428,000000,13.3795,13.3795,13.3502,13.3502,0,0
SPH_PE,D,20250429,000000,12.3231,12.3758,12.3231,12.3758,0,0
SPH_PE,D,20250502,000000,13.1466,13.4477,13.1466,13.4477,0,0
SPH_PE,D,20250505,000000,13.2382,13.2528,13.2382,13.2528,0,0
SPH_PE,D,20250507,000000,12.6739,12.6739,12.5707,12.5707,0,0
SPH_PE,D,20250508,000000,13.5666,13.5666,13.357,13.4477,0,0
SPH_PE,D,20250509,000000,13.4487,13.5451,13.4487,13.5451,0,0
SPH_PE,D,20250514,000000,13.2528,13.2528,13.2528,13.2528,0,0
SPH_PE,D,20250516,000000,13.783,14.4222,13.783,14.4222,0,0
SPH_PE,D,20250519,000000,14.6346,14.6346,14.5196,14.5196,0,0
SPH_PE,D,20250520,000000,14.5196,14.6171,14.5196,14.6171,0,0
SPH_PE,D,20250522,000000,13.2401,13.2401,12.9605,12.9605,0,0
SPH_PE,D,20250523,000000,14.3832,14.3832,14.3247,14.3247,0,0
SPH_PE,D,20250526,000000,14.2185,14.2185,13.1554,13.1554,0,0
SPH_PE,D,20250527,000000,13.1554,13.1554,13.1027,13.1554,0,0
SPH_PE,D,20250528,000000,13.1554,14.3247,13.1554,14.3247,0,0
SPH_PE,D,20250529,000000,14.1658,14.4222,14.1658,14.4222,0,0
SPH_PE,D,20250530,000000,14.4758,14.4758,14.4222,14.4222,0,0
SPH_PE,D,20250602,000000,13.7352,15.1092,13.2528,13.2528,0,0
SPH_PE,D,20250603,000000,13.7157,13.7157,13.5306,13.5451,0,0
SPH_PE,D,20250604,000000,13.6826,13.8375,13.6826,13.8375,0,0
SPH_PE,D,20250605,000000,13.8385,13.9349,13.8385,13.9349,0,0
SPH_PE,D,20250606,000000,14.3042,14.3969,14.2273,14.2273,0,0
SPH_PE,D,20250609,000000,14.2283,14.274,11.6576,13.4477,0,0
SPH_PE,D,20250610,000000,13.7235,13.74,13.7235,13.74,0,0
SPH_PE,D,20250611,000000,13.741,13.741,13.74,13.74,0,0
SPH_PE,D,20250613,000000,13.741,13.741,13.74,13.74,0,0
SPH_PE,D,20250616,000000,12.403,12.4732,12.403,12.4732,0,0
SPH_PE,D,20250620,000000,13.3415,13.3502,13.3415,13.3502,0,0
SPH_PE,D,20250623,000000,14.0869,14.1298,14.0869,14.1298,0,0
SPH_PE,D,20250625,000000,14.1298,14.1298,12.8367,12.863,0,0
SPH_PE,D,20250626,000000,12.863,13.9349,12.863,13.9349,0,0
SPH_PE,D,20250630,000000,13.9339,13.9349,12.9127,13.9349,0,0
SPH_PE,D,20250702,000000,13.8882,14.1298,13.8414,14.1298,0,0
SPH_PE,D,20250703,000000,13.9437,13.9437,13.8375,13.8375,0,0
SPH_PE,D,20250704,000000,13.8385,13.9349,13.8385,13.9349,0,0
SPH_PE,D,20250707,000000,13.9807,13.9807,12.5872,13.0579,0,0
SPH_PE,D,20250708,000000,13.4759,13.4759,13.4477,13.4477,0,0
SPH_PE,D,20250709,000000,13.9115,13.9349,13.9115,13.9349,0,0
SPH_PE,D,20250710,000000,15.1653,15.1653,14.9616,14.9616,0,0
SPH_PE,D,20250711,000000,14.307,14.307,14.2725,14.2725,0,0
SPH_PE,D,20250716,000000,14.2725,14.2725,14.2725,14.2725,0,0
SPH_PE,D,20250717,000000,14.2725,14.2725,14.2725,14.2725,0,0
SPH_PE,D,20250718,000000,14.4586,14.4694,14.4586,14.4694,0,0
SPH_PE,D,20250721,000000,13.303,13.303,12.0421,12.2055,0,0
SPH_PE,D,20250722,000000,12.8158,12.8158,11.6887,11.9102,0,0
