<TICKER>,<PER>,<DATE>,<TIME>,<OPEN>,<HIGH>,<LOW>,<CLOSE>,<VOL>,<OPENINT>
THG_PB,D,20210420,000000,4.29,4.29,4.29,4.29,0,0
THG_PB,D,20210421,000000,4.29,4.33,4.16,4.26,0,0
THG_PB,D,20210422,000000,4.26,4.36,4.26,4.36,0,0
THG_PB,D,20210423,000000,4.54,4.84,4.46,4.55,0,0
THG_PB,D,20210426,000000,4.55,5.08,4.55,5.07,0,0
THG_PB,D,20210427,000000,5.15,6,5.15,5.44,0,0
THG_PB,D,20210428,000000,5.7,5.7,5.43,5.62,0,0
THG_PB,D,20210429,000000,5.62,5.62,5.37,5.49,0,0
THG_PB,D,20210430,000000,5.49,5.49,5.37,5.45,0,0
THG_PB,D,20210504,000000,5.49,5.71,5.49,5.71,0,0
THG_PB,D,20210505,000000,5.62,5.62,5.46,5.61,0,0
THG_PB,D,20210506,000000,5.61,5.67,5.37,5.37,0,0
THG_PB,D,20210507,000000,5.24,5.24,5.19,5.24,0,0
THG_PB,D,20210510,000000,5.41,5.54,5.32,5.53,0,0
THG_PB,D,20210511,000000,5.75,5.84,5.09,5.09,0,0
THG_PB,D,20210512,000000,5.23,5.32,5.05,5.17,0,0
THG_PB,D,20210513,000000,5.23,5.87,5.23,5.64,0,0
THG_PB,D,20210514,000000,5.8,5.8,5.46,5.62,0,0
THG_PB,D,20210517,000000,5.79,5.79,5.46,5.52,0,0
THG_PB,D,20210518,000000,5.55,5.56,5.4,5.44,0,0
THG_PB,D,20210519,000000,5.44,5.47,5.32,5.47,0,0
THG_PB,D,20210520,000000,5.47,5.47,5.47,5.47,0,0
THG_PB,D,20210521,000000,5.47,5.47,5.25,5.42,0,0
THG_PB,D,20210524,000000,5.41,5.52,5.41,5.5,0,0
THG_PB,D,20210525,000000,5.46,5.46,5.32,5.43,0,0
THG_PB,D,20210526,000000,5.33,5.33,5.18,5.32,0,0
THG_PB,D,20210527,000000,5.32,5.32,5.18,5.18,0,0
THG_PB,D,20210528,000000,5.18,5.18,4.71,5.13,0,0
THG_PB,D,20210531,000000,5.09,5.13,4.97,5.13,0,0
THG_PB,D,20210601,000000,5.13,5.32,5.12,5.21,0,0
THG_PB,D,20210602,000000,5.2,5.2,5.09,5.09,0,0
THG_PB,D,20210604,000000,5.06,5.48,5.06,5.48,0,0
THG_PB,D,20210607,000000,5.4,5.4,5.14,5.38,0,0
THG_PB,D,20210608,000000,5.32,5.32,5.19,5.19,0,0
THG_PB,D,20210609,000000,5.1,5.2,4.96,5,0,0
THG_PB,D,20210610,000000,5.14,5.14,4.93,4.93,0,0
THG_PB,D,20210611,000000,5.07,5.07,4.93,4.95,0,0
THG_PB,D,20210614,000000,4.95,5.07,4.93,5.01,0,0
THG_PB,D,20210615,000000,5.04,5.04,4.85,4.93,0,0
THG_PB,D,20210616,000000,4.93,4.93,4.7,4.7,0,0
THG_PB,D,20210617,000000,4.7,4.74,4.7,4.74,0,0
THG_PB,D,20210618,000000,4.77,4.85,4.62,4.81,0,0
THG_PB,D,20210621,000000,4.62,4.7,4.62,4.7,0,0
THG_PB,D,20210622,000000,4.7,4.96,4.7,4.96,0,0
THG_PB,D,20210623,000000,4.96,4.96,4.73,4.88,0,0
THG_PB,D,20210624,000000,4.88,4.88,4.74,4.87,0,0
THG_PB,D,20210625,000000,4.87,4.89,4.73,4.89,0,0
THG_PB,D,20210628,000000,4.95,4.95,4.92,4.92,0,0
THG_PB,D,20210629,000000,4.92,4.93,4.92,4.93,0,0
THG_PB,D,20210630,000000,4.93,4.93,4.93,4.93,0,0
THG_PB,D,20210701,000000,4.91,5.16,4.91,5.05,0,0
THG_PB,D,20210702,000000,4.94,5.07,4.93,4.97,0,0
THG_PB,D,20210705,000000,4.97,5.05,4.85,5.01,0,0
THG_PB,D,20210706,000000,4.97,5.04,4.97,5.04,0,0
THG_PB,D,20210707,000000,5.13,5.13,4.93,4.93,0,0
THG_PB,D,20210708,000000,4.97,5,4.77,4.97,0,0
THG_PB,D,20210709,000000,4.97,4.97,4.92,4.92,0,0
THG_PB,D,20210712,000000,4.92,4.92,4.71,4.89,0,0
THG_PB,D,20210713,000000,4.72,4.93,4.72,4.89,0,0
THG_PB,D,20210714,000000,4.92,4.92,4.76,4.85,0,0
THG_PB,D,20210715,000000,4.85,4.93,4.85,4.93,0,0
THG_PB,D,20210716,000000,4.93,4.93,4.92,4.92,0,0
THG_PB,D,20210719,000000,5.07,5.07,4.82,4.92,0,0
THG_PB,D,20210720,000000,4.92,4.92,4.91,4.91,0,0
THG_PB,D,20210721,000000,4.92,4.93,4.92,4.92,0,0
THG_PB,D,20210722,000000,4.92,4.92,4.92,4.92,0,0
THG_PB,D,20210723,000000,4.92,4.92,4.38,4.74,0,0
THG_PB,D,20210726,000000,4.7,4.7,4.46,4.61,0,0
THG_PB,D,20210727,000000,4.58,4.58,4.46,4.52,0,0
THG_PB,D,20210728,000000,4.54,4.54,4.31,4.49,0,0
THG_PB,D,20210729,000000,4.46,4.49,4.46,4.49,0,0
THG_PB,D,20210730,000000,4.52,4.53,4.41,4.53,0,0
THG_PB,D,20210802,000000,4.34,4.42,4.27,4.42,0,0
THG_PB,D,20210803,000000,4.41,4.53,4.41,4.53,0,0
THG_PB,D,20210804,000000,4.54,4.72,4.43,4.71,0,0
THG_PB,D,20210805,000000,4.71,4.8,4.7,4.79,0,0
THG_PB,D,20210806,000000,4.8,5.05,4.7,5.03,0,0
THG_PB,D,20210809,000000,5.01,5.03,4.85,5.01,0,0
THG_PB,D,20210810,000000,5.01,5.01,4.93,4.93,0,0
THG_PB,D,20210811,000000,4.93,5.24,4.93,5.13,0,0
THG_PB,D,20210812,000000,5.17,5.17,4.7,4.74,0,0
THG_PB,D,20210813,000000,4.7,4.8,4.49,4.52,0,0
THG_PB,D,20210816,000000,4.35,4.52,4.33,4.41,0,0
THG_PB,D,20210817,000000,4.52,4.52,4.4,4.45,0,0
THG_PB,D,20210818,000000,4.41,4.45,4.41,4.45,0,0
THG_PB,D,20210819,000000,4.3,4.41,4.3,4.41,0,0
THG_PB,D,20210820,000000,4.48,4.48,4.48,4.48,0,0
THG_PB,D,20210823,000000,4.42,4.64,4.33,4.64,0,0
THG_PB,D,20210824,000000,4.64,4.64,4.33,4.48,0,0
THG_PB,D,20210825,000000,4.62,4.64,4.62,4.64,0,0
THG_PB,D,20210826,000000,4.64,4.64,4.64,4.64,0,0
THG_PB,D,20210827,000000,4.64,4.64,4.63,4.63,0,0
THG_PB,D,20210830,000000,4.64,4.64,4.64,4.64,0,0
THG_PB,D,20210831,000000,4.64,4.64,4.63,4.63,0,0
THG_PB,D,20210901,000000,4.57,4.71,4.57,4.64,0,0
THG_PB,D,20210902,000000,4.64,4.79,4.64,4.79,0,0
THG_PB,D,20210903,000000,4.79,4.79,4.79,4.79,0,0
THG_PB,D,20210906,000000,4.79,4.79,4.42,4.56,0,0
THG_PB,D,20210907,000000,4.56,4.71,4.39,4.71,0,0
THG_PB,D,20210908,000000,4.75,4.75,4.52,4.52,0,0
THG_PB,D,20210909,000000,4.56,4.71,4.34,4.34,0,0
THG_PB,D,20210910,000000,4.33,4.41,4.23,4.41,0,0
THG_PB,D,20210913,000000,4.36,4.55,4.36,4.55,0,0
THG_PB,D,20210914,000000,4.55,4.55,4.36,4.36,0,0
THG_PB,D,20210915,000000,4.35,4.52,4.35,4.52,0,0
THG_PB,D,20210916,000000,4.67,4.84,4.56,4.74,0,0
THG_PB,D,20210917,000000,4.74,4.77,4.23,4.48,0,0
THG_PB,D,20210920,000000,4.48,4.48,4.26,4.41,0,0
THG_PB,D,20210921,000000,4.4,4.41,4.33,4.38,0,0
THG_PB,D,20210922,000000,4.38,4.38,4.23,4.26,0,0
THG_PB,D,20210923,000000,4.26,4.26,4.18,4.18,0,0
THG_PB,D,20210924,000000,4.24,4.31,4.19,4.31,0,0
THG_PB,D,20210927,000000,4.31,4.64,4.31,4.52,0,0
THG_PB,D,20210928,000000,4.55,4.55,4.42,4.45,0,0
THG_PB,D,20210929,000000,4.41,4.41,4.41,4.41,0,0
THG_PB,D,20210930,000000,4.41,4.41,4.37,4.37,0,0
THG_PB,D,20211001,000000,4.32,4.32,4.01,4.18,0,0
THG_PB,D,20211004,000000,4.1,4.1,4.03,4.1,0,0
THG_PB,D,20211005,000000,4.1,4.1,4.04,4.04,0,0
THG_PB,D,20211006,000000,4.03,4.07,4.03,4.03,0,0
THG_PB,D,20211007,000000,4.03,4.07,3.95,4.05,0,0
THG_PB,D,20211008,000000,4.07,4.07,4.05,4.05,0,0
THG_PB,D,20211011,000000,4.07,4.07,3.95,3.95,0,0
THG_PB,D,20211012,000000,3.96,3.96,3.91,3.91,0,0
THG_PB,D,20211013,000000,3.91,3.95,3.91,3.95,0,0
THG_PB,D,20211014,000000,4,4.07,4,4.07,0,0
THG_PB,D,20211015,000000,4.03,4.03,3.95,3.95,0,0
THG_PB,D,20211018,000000,3.96,4,3.96,4,0,0
THG_PB,D,20211019,000000,4.01,4.2,4.01,4.2,0,0
THG_PB,D,20211020,000000,4.2,4.2,4.2,4.2,0,0
THG_PB,D,20211021,000000,4.2,4.2,4.2,4.2,0,0
THG_PB,D,20211022,000000,4.2,4.3,4.2,4.3,0,0
THG_PB,D,20211025,000000,4.11,4.37,4.11,4.37,0,0
THG_PB,D,20211026,000000,4.36,4.36,4.36,4.36,0,0
THG_PB,D,20211027,000000,4.33,4.33,4.32,4.32,0,0
THG_PB,D,20211028,000000,4.26,4.26,4.2,4.2,0,0
THG_PB,D,20211029,000000,4.14,4.25,4.11,4.11,0,0
THG_PB,D,20211102,000000,4.18,4.18,4.1,4.1,0,0
THG_PB,D,20211103,000000,4.1,4.15,4.1,4.15,0,0
THG_PB,D,20211104,000000,4.1,4.1,4.03,4.08,0,0
THG_PB,D,20211105,000000,3.96,4.03,3.96,4.03,0,0
THG_PB,D,20211108,000000,4.09,4.09,4.09,4.09,0,0
THG_PB,D,20211109,000000,4.09,4.09,4.01,4.01,0,0
THG_PB,D,20211110,000000,4.03,4.18,4.01,4.18,0,0
THG_PB,D,20211112,000000,4.14,4.14,4.01,4.12,0,0
THG_PB,D,20211115,000000,3.98,4.1,3.28,3.28,0,0
THG_PB,D,20211116,000000,3.28,3.28,3.22,3.22,0,0
THG_PB,D,20211117,000000,3.21,3.21,3.1,3.15,0,0
THG_PB,D,20211118,000000,3.1,3.1,3.03,3.03,0,0
THG_PB,D,20211119,000000,2.99,3.01,2.82,2.85,0,0
THG_PB,D,20211122,000000,2.89,3.03,2.89,3.03,0,0
THG_PB,D,20211123,000000,3.04,3.04,2.97,3.01,0,0
THG_PB,D,20211124,000000,3.02,3.02,2.97,3.02,0,0
THG_PB,D,20211125,000000,3.03,3.12,2.96,3.12,0,0
THG_PB,D,20211126,000000,3.12,3.25,3.04,3.1,0,0
THG_PB,D,20211129,000000,3.16,3.16,3.09,3.09,0,0
THG_PB,D,20211130,000000,3.09,3.19,3.08,3.19,0,0
THG_PB,D,20211201,000000,3.1,3.19,2.91,3.16,0,0
THG_PB,D,20211202,000000,3.15,3.15,2.97,3.14,0,0
THG_PB,D,20211203,000000,3.14,3.14,3.07,3.1,0,0
THG_PB,D,20211206,000000,3.13,3.13,3.13,3.13,0,0
THG_PB,D,20211207,000000,3.13,3.4,3.13,3.28,0,0
THG_PB,D,20211208,000000,3.32,3.35,3.32,3.35,0,0
THG_PB,D,20211209,000000,3.35,3.35,3.34,3.34,0,0
THG_PB,D,20211210,000000,3.34,3.4,3.34,3.4,0,0
THG_PB,D,20211213,000000,3.4,3.4,3.4,3.4,0,0
THG_PB,D,20211214,000000,3.4,3.4,3.4,3.4,0,0
THG_PB,D,20211215,000000,3.4,3.4,3.04,3.28,0,0
THG_PB,D,20211216,000000,3.16,3.32,3.1,3.25,0,0
THG_PB,D,20211217,000000,3.28,3.49,3.25,3.49,0,0
THG_PB,D,20211220,000000,3.46,3.56,3.4,3.56,0,0
THG_PB,D,20211221,000000,3.53,3.53,3.43,3.43,0,0
THG_PB,D,20211222,000000,3.43,3.55,3.43,3.55,0,0
THG_PB,D,20211223,000000,3.57,3.65,3.57,3.65,0,0
THG_PB,D,20211227,000000,3.63,3.99,3.63,3.99,0,0
THG_PB,D,20211228,000000,3.99,4.33,3.99,4.33,0,0
THG_PB,D,20211229,000000,4.29,4.66,4.26,4.65,0,0
THG_PB,D,20211230,000000,4.53,4.53,4.14,4.15,0,0
THG_PB,D,20220103,000000,4.15,4.15,3.99,3.99,0,0
THG_PB,D,20220104,000000,4.07,4.14,3.69,3.85,0,0
THG_PB,D,20220105,000000,3.95,3.95,3.67,3.79,0,0
THG_PB,D,20220107,000000,3.79,3.79,3.79,3.79,0,0
THG_PB,D,20220110,000000,3.79,4.06,3.59,3.6,0,0
THG_PB,D,20220111,000000,3.6,3.76,3.6,3.66,0,0
THG_PB,D,20220112,000000,3.66,3.75,3.66,3.66,0,0
THG_PB,D,20220117,000000,3.66,4.06,3.66,4.01,0,0
THG_PB,D,20220118,000000,3.99,4.13,3.99,4.13,0,0
THG_PB,D,20220119,000000,4.19,4.26,4.06,4.26,0,0
THG_PB,D,20220120,000000,4.26,4.33,4.2,4.33,0,0
THG_PB,D,20220121,000000,4.26,4.26,4.19,4.26,0,0
THG_PB,D,20220124,000000,4.33,4.33,4.06,4.25,0,0
THG_PB,D,20220125,000000,4.25,4.46,4.25,4.46,0,0
THG_PB,D,20220126,000000,4.46,4.65,4.46,4.65,0,0
THG_PB,D,20220127,000000,4.65,4.65,4.06,4.59,0,0
THG_PB,D,20220128,000000,4.57,4.59,4.33,4.59,0,0
THG_PB,D,20220131,000000,4.59,4.59,4.59,4.59,0,0
THG_PB,D,20220201,000000,4.59,4.59,4.23,4.59,0,0
THG_PB,D,20220202,000000,4.59,4.59,4.19,4.59,0,0
THG_PB,D,20220203,000000,4.33,4.53,4.33,4.53,0,0
THG_PB,D,20220207,000000,4.53,4.53,4.33,4.53,0,0
THG_PB,D,20220208,000000,4.53,4.53,4.33,4.53,0,0
THG_PB,D,20220209,000000,4.53,4.53,4.27,4.53,0,0
THG_PB,D,20220210,000000,4.51,4.53,4.26,4.53,0,0
THG_PB,D,20220211,000000,4.53,4.53,4.27,4.53,0,0
THG_PB,D,20220214,000000,4.46,4.49,4.26,4.49,0,0
THG_PB,D,20220215,000000,4.39,4.46,4.39,4.46,0,0
THG_PB,D,20220216,000000,4.46,4.46,4.33,4.46,0,0
THG_PB,D,20220217,000000,4.45,4.46,4.45,4.46,0,0
THG_PB,D,20220218,000000,4.29,4.46,4.29,4.46,0,0
THG_PB,D,20220221,000000,4.29,4.45,4.26,4.45,0,0
THG_PB,D,20220222,000000,4.2,4.45,4.19,4.39,0,0
THG_PB,D,20220223,000000,4.39,4.46,4.33,4.46,0,0
THG_PB,D,20220224,000000,3.66,4.46,3.66,4.39,0,0
THG_PB,D,20220225,000000,4.19,4.46,4.19,4.46,0,0
THG_PB,D,20220228,000000,4.46,4.46,4.46,4.46,0,0
THG_PB,D,20220301,000000,4.33,4.33,4.19,4.19,0,0
THG_PB,D,20220302,000000,4.19,4.19,3.86,3.86,0,0
THG_PB,D,20220303,000000,4.13,4.13,3.99,3.99,0,0
THG_PB,D,20220304,000000,3.99,3.99,3.99,3.99,0,0
THG_PB,D,20220307,000000,3.93,3.99,3.93,3.99,0,0
THG_PB,D,20220308,000000,3.95,3.95,3.95,3.95,0,0
THG_PB,D,20220309,000000,3.96,4.11,3.96,4.11,0,0
THG_PB,D,20220310,000000,4.12,4.12,4.12,4.12,0,0
THG_PB,D,20220311,000000,4.12,4.12,4.12,4.12,0,0
THG_PB,D,20220314,000000,4.06,4.06,4.06,4.06,0,0
THG_PB,D,20220315,000000,4.12,4.16,4.1,4.1,0,0
THG_PB,D,20220316,000000,4.1,4.1,4.05,4.05,0,0
THG_PB,D,20220317,000000,4.05,4.05,4.05,4.05,0,0
THG_PB,D,20220318,000000,4.1,4.15,4.1,4.15,0,0
THG_PB,D,20220321,000000,4.12,4.12,4.03,4.03,0,0
THG_PB,D,20220322,000000,4.11,4.11,3.84,3.84,0,0
THG_PB,D,20220323,000000,3.84,4.05,3.84,4.05,0,0
THG_PB,D,20220324,000000,3.91,3.91,3.88,3.88,0,0
THG_PB,D,20220325,000000,3.92,3.92,3.92,3.92,0,0
THG_PB,D,20220328,000000,3.94,4.34,3.94,4.34,0,0
THG_PB,D,20220329,000000,4.19,4.25,4.19,4.25,0,0
THG_PB,D,20220330,000000,4.34,4.46,4.34,4.46,0,0
THG_PB,D,20220331,000000,4.46,4.94,4.46,4.89,0,0
THG_PB,D,20220401,000000,4.89,4.89,3.37,3.37,0,0
THG_PB,D,20220404,000000,3.39,3.72,3.32,3.72,0,0
THG_PB,D,20220405,000000,3.72,3.72,3.57,3.57,0,0
THG_PB,D,20220406,000000,3.57,3.64,3.52,3.52,0,0
THG_PB,D,20220407,000000,3.52,3.67,3.52,3.57,0,0
THG_PB,D,20220408,000000,3.65,3.72,3.58,3.72,0,0
THG_PB,D,20220411,000000,3.72,3.88,3.59,3.6,0,0
THG_PB,D,20220414,000000,3.61,3.61,3.6,3.6,0,0
THG_PB,D,20220421,000000,3.62,3.62,3.62,3.62,0,0
THG_PB,D,20220422,000000,3.62,3.62,3.57,3.57,0,0
THG_PB,D,20220426,000000,3.57,3.57,3.57,3.57,0,0
THG_PB,D,20220427,000000,3.57,3.57,3.52,3.52,0,0
THG_PB,D,20220428,000000,3.47,3.47,3.37,3.37,0,0
THG_PB,D,20220429,000000,3.37,3.37,3.21,3.21,0,0
THG_PB,D,20220502,000000,3.32,3.32,3.21,3.21,0,0
THG_PB,D,20220504,000000,3.18,3.18,3.1,3.1,0,0
THG_PB,D,20220505,000000,3.01,3.42,3.01,3.42,0,0
THG_PB,D,20220506,000000,3.21,3.21,3.16,3.16,0,0
THG_PB,D,20220509,000000,3.16,3.57,3.16,3.35,0,0
THG_PB,D,20220510,000000,3.35,3.35,3.35,3.35,0,0
THG_PB,D,20220511,000000,3.36,3.36,3.36,3.36,0,0
THG_PB,D,20220512,000000,3.32,3.32,3.2,3.2,0,0
THG_PB,D,20220516,000000,3.24,3.24,3.24,3.24,0,0
THG_PB,D,20220517,000000,3.27,3.28,3.27,3.28,0,0
THG_PB,D,20220518,000000,3.23,3.23,3.23,3.23,0,0
THG_PB,D,20220519,000000,3.21,3.21,3.21,3.21,0,0
THG_PB,D,20220520,000000,3.2,3.2,3.16,3.16,0,0
THG_PB,D,20220523,000000,3.1,3.18,3.1,3.18,0,0
THG_PB,D,20220524,000000,3.18,3.18,3.18,3.18,0,0
THG_PB,D,20220525,000000,3.17,3.17,2.81,2.81,0,0
THG_PB,D,20220526,000000,2.81,2.82,2.81,2.82,0,0
THG_PB,D,20220527,000000,2.81,2.86,2.81,2.86,0,0
THG_PB,D,20220601,000000,2.92,2.92,2.92,2.92,0,0
THG_PB,D,20220602,000000,2.87,2.87,2.87,2.87,0,0
THG_PB,D,20220603,000000,2.87,2.87,2.84,2.84,0,0
THG_PB,D,20220606,000000,2.82,2.82,2.82,2.82,0,0
THG_PB,D,20220607,000000,2.8,2.8,2.77,2.77,0,0
THG_PB,D,20220608,000000,2.77,2.77,2.77,2.77,0,0
THG_PB,D,20220609,000000,2.77,2.77,2.74,2.74,0,0
THG_PB,D,20220610,000000,2.73,2.73,2.61,2.61,0,0
THG_PB,D,20220613,000000,2.61,2.73,2.54,2.73,0,0
THG_PB,D,20220614,000000,2.73,2.73,2.73,2.73,0,0
THG_PB,D,20220615,000000,2.73,2.73,2.73,2.73,0,0
THG_PB,D,20220617,000000,2.59,2.59,2.54,2.54,0,0
THG_PB,D,20220621,000000,2.54,2.54,2.54,2.54,0,0
THG_PB,D,20220622,000000,2.54,2.59,2.54,2.59,0,0
THG_PB,D,20220623,000000,2.54,2.54,2.36,2.36,0,0
THG_PB,D,20220624,000000,2.36,2.36,2.36,2.36,0,0
THG_PB,D,20220627,000000,2.36,2.36,2.36,2.36,0,0
THG_PB,D,20220628,000000,2.73,2.73,2.59,2.59,0,0
THG_PB,D,20220629,000000,2.69,2.82,2.69,2.82,0,0
THG_PB,D,20220630,000000,2.69,2.82,2.69,2.82,0,0
THG_PB,D,20220701,000000,2.81,2.81,2.66,2.66,0,0
THG_PB,D,20220704,000000,2.66,2.66,2.54,2.54,0,0
THG_PB,D,20220705,000000,2.54,2.54,2.39,2.39,0,0
THG_PB,D,20220706,000000,2.39,2.39,2.39,2.39,0,0
THG_PB,D,20220707,000000,2.38,2.38,2.23,2.23,0,0
THG_PB,D,20220708,000000,2.34,2.34,2.34,2.34,0,0
THG_PB,D,20220711,000000,2.34,2.34,2.34,2.34,0,0
THG_PB,D,20220712,000000,2.34,2.39,2.24,2.39,0,0
THG_PB,D,20220713,000000,2.39,2.4,2.39,2.4,0,0
THG_PB,D,20220714,000000,2.4,2.4,2.4,2.4,0,0
THG_PB,D,20220719,000000,2.39,2.39,2.12,2.21,0,0
THG_PB,D,20220721,000000,2.36,2.4,2.36,2.4,0,0
THG_PB,D,20220722,000000,2.4,2.4,2.4,2.4,0,0
THG_PB,D,20220725,000000,2.37,2.37,2.37,2.37,0,0
THG_PB,D,20220726,000000,2.37,2.37,2.37,2.37,0,0
THG_PB,D,20220727,000000,2.37,2.37,2.37,2.37,0,0
THG_PB,D,20220728,000000,2.37,2.37,2.37,2.37,0,0
THG_PB,D,20220729,000000,2.37,2.37,2.37,2.37,0,0
THG_PB,D,20220801,000000,2.37,2.37,2.37,2.37,0,0
THG_PB,D,20220802,000000,2.35,2.35,2.35,2.35,0,0
THG_PB,D,20220803,000000,2.35,2.35,2.35,2.35,0,0
THG_PB,D,20220805,000000,2.3,2.37,2.3,2.37,0,0
THG_PB,D,20220808,000000,2.37,2.37,2.28,2.28,0,0
THG_PB,D,20220816,000000,2.28,2.28,2.12,2.18,0,0
THG_PB,D,20220817,000000,2.21,2.27,2.21,2.27,0,0
THG_PB,D,20220818,000000,2.25,2.25,2.18,2.18,0,0
THG_PB,D,20220819,000000,2.21,2.28,2.21,2.28,0,0
THG_PB,D,20220822,000000,2.19,2.19,2.16,2.16,0,0
THG_PB,D,20220824,000000,2.16,2.16,2.16,2.16,0,0
THG_PB,D,20220825,000000,2.16,2.16,1.92,2.03,0,0
THG_PB,D,20220826,000000,2.04,2.04,2.04,2.04,0,0
THG_PB,D,20220829,000000,2.04,2.04,2.04,2.04,0,0
THG_PB,D,20220830,000000,2.02,2.02,1.88,2.02,0,0
THG_PB,D,20220831,000000,1.92,1.92,1.85,1.86,0,0
THG_PB,D,20220901,000000,1.86,1.86,1.86,1.86,0,0
THG_PB,D,20220902,000000,1.86,1.86,1.78,1.86,0,0
THG_PB,D,20220906,000000,1.86,1.88,1.81,1.88,0,0
THG_PB,D,20220907,000000,1.83,1.97,1.83,1.97,0,0
THG_PB,D,20220908,000000,1.92,2.06,1.92,2.06,0,0
THG_PB,D,20220909,000000,1.97,1.97,1.97,1.97,0,0
THG_PB,D,20220912,000000,1.92,1.92,1.92,1.92,0,0
THG_PB,D,20220914,000000,1.96,1.98,1.96,1.98,0,0
THG_PB,D,20220915,000000,1.95,1.99,1.95,1.99,0,0
THG_PB,D,20220916,000000,1.98,2.09,1.95,2.09,0,0
THG_PB,D,20220919,000000,2.09,2.09,2.09,2.09,0,0
THG_PB,D,20220920,000000,2.06,2.06,2.01,2.01,0,0
THG_PB,D,20220921,000000,2.01,2.01,2.01,2.01,0,0
THG_PB,D,20220922,000000,2,2,2,2,0,0
THG_PB,D,20220923,000000,2.01,2.01,1.99,2.01,0,0
THG_PB,D,20220926,000000,2.01,2.01,2.01,2.01,0,0
THG_PB,D,20220927,000000,2.06,2.06,2.06,2.06,0,0
THG_PB,D,20220928,000000,2,2,1.88,1.88,0,0
THG_PB,D,20220929,000000,1.85,1.85,1.69,1.78,0,0
THG_PB,D,20220930,000000,1.82,1.82,1.82,1.82,0,0
THG_PB,D,20221004,000000,1.79,1.79,1.79,1.79,0,0
THG_PB,D,20221005,000000,1.78,1.85,1.78,1.85,0,0
THG_PB,D,20221006,000000,1.88,1.88,1.88,1.88,0,0
THG_PB,D,20221007,000000,1.87,1.87,1.56,1.74,0,0
THG_PB,D,20221010,000000,1.74,1.74,1.74,1.74,0,0
THG_PB,D,20221011,000000,1.71,1.71,1.71,1.71,0,0
THG_PB,D,20221012,000000,1.76,1.89,1.76,1.89,0,0
THG_PB,D,20221014,000000,1.89,2.01,1.79,1.79,0,0
THG_PB,D,20221017,000000,1.79,1.79,1.79,1.79,0,0
THG_PB,D,20221018,000000,1.79,1.79,1.78,1.79,0,0
THG_PB,D,20221019,000000,1.79,1.79,1.79,1.79,0,0
THG_PB,D,20221020,000000,1.79,1.79,1.79,1.79,0,0
THG_PB,D,20221021,000000,1.79,1.87,1.77,1.87,0,0
THG_PB,D,20221024,000000,1.87,1.87,1.87,1.87,0,0
THG_PB,D,20221025,000000,1.82,1.82,1.82,1.82,0,0
THG_PB,D,20221026,000000,1.82,1.82,1.81,1.82,0,0
THG_PB,D,20221027,000000,1.82,1.83,1.82,1.83,0,0
THG_PB,D,20221028,000000,1.83,1.83,1.83,1.83,0,0
THG_PB,D,20221031,000000,1.83,1.83,1.83,1.83,0,0
THG_PB,D,20221102,000000,1.83,1.83,1.83,1.83,0,0
THG_PB,D,20221103,000000,1.83,1.88,1.8,1.8,0,0
THG_PB,D,20221104,000000,1.78,1.78,1.77,1.77,0,0
THG_PB,D,20221107,000000,1.83,1.88,1.83,1.85,0,0
THG_PB,D,20221108,000000,1.86,1.87,1.86,1.86,0,0
THG_PB,D,20221109,000000,1.88,2.06,1.88,2.06,0,0
THG_PB,D,20221110,000000,2.06,2.11,1.81,1.92,0,0
THG_PB,D,20221114,000000,1.94,1.94,1.9,1.9,0,0
THG_PB,D,20221115,000000,1.9,1.9,1.88,1.9,0,0
THG_PB,D,20221116,000000,1.92,1.97,1.91,1.97,0,0
THG_PB,D,20221117,000000,1.99,1.99,1.92,1.92,0,0
THG_PB,D,20221118,000000,1.96,1.96,1.96,1.96,0,0
THG_PB,D,20221121,000000,1.97,1.97,1.97,1.97,0,0
THG_PB,D,20221122,000000,1.96,1.96,1.96,1.96,0,0
THG_PB,D,20221123,000000,1.9,1.95,1.88,1.88,0,0
THG_PB,D,20221124,000000,1.9,1.93,1.89,1.92,0,0
THG_PB,D,20221125,000000,1.93,1.98,1.93,1.98,0,0
THG_PB,D,20221128,000000,1.98,1.99,1.98,1.99,0,0
THG_PB,D,20221129,000000,1.97,1.99,1.92,1.92,0,0
THG_PB,D,20221130,000000,1.8,1.9,1.62,1.69,0,0
THG_PB,D,20221201,000000,1.73,1.89,1.73,1.89,0,0
THG_PB,D,20221202,000000,1.89,1.89,1.82,1.87,0,0
THG_PB,D,20221205,000000,1.77,1.93,1.77,1.93,0,0
THG_PB,D,20221206,000000,1.93,1.93,1.93,1.93,0,0
THG_PB,D,20221207,000000,1.89,1.89,1.88,1.88,0,0
THG_PB,D,20221208,000000,1.85,1.88,1.83,1.84,0,0
THG_PB,D,20221209,000000,1.86,1.86,1.81,1.81,0,0
THG_PB,D,20221212,000000,1.78,1.8,1.71,1.77,0,0
THG_PB,D,20221213,000000,1.77,1.77,1.69,1.69,0,0
THG_PB,D,20221214,000000,1.74,1.76,1.74,1.76,0,0
THG_PB,D,20221215,000000,1.76,1.81,1.76,1.81,0,0
THG_PB,D,20221216,000000,1.81,1.81,1.81,1.81,0,0
THG_PB,D,20221219,000000,1.81,1.81,1.76,1.76,0,0
THG_PB,D,20221220,000000,1.73,1.73,1.63,1.67,0,0
THG_PB,D,20221221,000000,1.71,1.72,1.67,1.72,0,0
THG_PB,D,20221222,000000,1.72,1.72,1.72,1.72,0,0
THG_PB,D,20221223,000000,1.73,1.73,1.73,1.73,0,0
THG_PB,D,20221227,000000,1.72,1.74,1.68,1.72,0,0
THG_PB,D,20221228,000000,1.72,1.72,1.72,1.72,0,0
THG_PB,D,20221229,000000,1.72,1.81,1.72,1.8,0,0
THG_PB,D,20221230,000000,1.73,1.73,1.72,1.72,0,0
THG_PB,D,20230102,000000,1.72,1.76,1.72,1.72,0,0
THG_PB,D,20230103,000000,1.72,1.78,1.72,1.78,0,0
THG_PB,D,20230104,000000,1.76,1.76,1.7,1.7,0,0
THG_PB,D,20230105,000000,1.7,1.74,1.7,1.74,0,0
THG_PB,D,20230109,000000,1.73,1.76,1.73,1.76,0,0
THG_PB,D,20230110,000000,1.74,1.74,1.72,1.72,0,0
THG_PB,D,20230111,000000,1.72,2.03,1.72,1.89,0,0
THG_PB,D,20230112,000000,1.95,1.95,1.9,1.94,0,0
THG_PB,D,20230113,000000,1.97,2.14,1.97,1.97,0,0
THG_PB,D,20230116,000000,1.97,2.06,1.95,1.95,0,0
THG_PB,D,20230117,000000,1.94,1.94,1.85,1.85,0,0
THG_PB,D,20230118,000000,1.89,2.08,1.89,2.08,0,0
THG_PB,D,20230119,000000,2.08,2.08,1.98,2.01,0,0
THG_PB,D,20230120,000000,1.9,1.96,1.82,1.95,0,0
THG_PB,D,20230123,000000,1.95,1.96,1.95,1.96,0,0
THG_PB,D,20230124,000000,1.95,1.95,1.95,1.95,0,0
THG_PB,D,20230125,000000,1.96,1.96,1.95,1.95,0,0
THG_PB,D,20230126,000000,1.95,1.95,1.9,1.9,0,0
THG_PB,D,20230127,000000,1.95,1.97,1.9,1.97,0,0
THG_PB,D,20230130,000000,1.9,1.9,1.9,1.9,0,0
THG_PB,D,20230131,000000,1.92,1.97,1.92,1.95,0,0
THG_PB,D,20230201,000000,1.95,1.95,1.95,1.95,0,0
THG_PB,D,20230202,000000,1.95,1.98,1.95,1.98,0,0
THG_PB,D,20230203,000000,2.02,2.05,2.02,2.05,0,0
THG_PB,D,20230206,000000,2.05,2.16,1.98,2.01,0,0
THG_PB,D,20230207,000000,2,2,1.91,1.91,0,0
THG_PB,D,20230208,000000,1.9,1.9,1.81,1.82,0,0
THG_PB,D,20230209,000000,1.82,1.86,1.82,1.86,0,0
THG_PB,D,20230210,000000,1.88,1.99,1.88,1.92,0,0
THG_PB,D,20230213,000000,1.89,1.89,1.88,1.88,0,0
THG_PB,D,20230214,000000,1.88,1.93,1.88,1.92,0,0
THG_PB,D,20230215,000000,1.92,1.92,1.89,1.89,0,0
THG_PB,D,20230216,000000,1.91,1.91,1.91,1.91,0,0
THG_PB,D,20230220,000000,1.91,1.91,1.91,1.91,0,0
THG_PB,D,20230221,000000,1.91,1.91,1.91,1.91,0,0
THG_PB,D,20230222,000000,1.89,1.89,1.89,1.89,0,0
THG_PB,D,20230223,000000,1.86,1.86,1.85,1.85,0,0
THG_PB,D,20230224,000000,1.85,1.85,1.82,1.82,0,0
THG_PB,D,20230227,000000,1.82,1.86,1.82,1.86,0,0
THG_PB,D,20230228,000000,1.87,1.87,1.87,1.87,0,0
THG_PB,D,20230301,000000,1.87,1.87,1.85,1.86,0,0
THG_PB,D,20230302,000000,1.86,1.86,1.86,1.86,0,0
THG_PB,D,20230303,000000,1.86,1.86,1.81,1.84,0,0
THG_PB,D,20230307,000000,1.86,1.89,1.86,1.88,0,0
THG_PB,D,20230308,000000,1.88,1.88,1.88,1.88,0,0
THG_PB,D,20230309,000000,1.88,1.88,1.88,1.88,0,0
THG_PB,D,20230310,000000,1.88,1.9,1.88,1.9,0,0
THG_PB,D,20230313,000000,1.9,1.9,1.88,1.88,0,0
THG_PB,D,20230314,000000,1.93,1.93,1.89,1.9,0,0
THG_PB,D,20230315,000000,1.9,1.9,1.86,1.86,0,0
THG_PB,D,20230316,000000,1.86,1.86,1.86,1.86,0,0
THG_PB,D,20230317,000000,1.86,1.86,1.86,1.86,0,0
THG_PB,D,20230320,000000,1.86,1.86,1.86,1.86,0,0
THG_PB,D,20230321,000000,1.86,1.86,1.86,1.86,0,0
THG_PB,D,20230322,000000,1.86,1.86,1.79,1.8,0,0
THG_PB,D,20230323,000000,1.83,1.85,1.83,1.85,0,0
THG_PB,D,20230324,000000,1.86,1.86,1.86,1.86,0,0
THG_PB,D,20230327,000000,1.86,1.86,1.86,1.86,0,0
THG_PB,D,20230328,000000,1.86,1.86,1.86,1.86,0,0
THG_PB,D,20230329,000000,1.84,1.84,1.79,1.8,0,0
THG_PB,D,20230330,000000,1.79,1.79,1.73,1.75,0,0
THG_PB,D,20230331,000000,1.73,1.74,1.7,1.74,0,0
THG_PB,D,20230403,000000,1.63,1.74,1.63,1.72,0,0
THG_PB,D,20230404,000000,1.72,1.72,1.72,1.72,0,0
THG_PB,D,20230405,000000,1.72,1.72,1.63,1.65,0,0
THG_PB,D,20230406,000000,1.69,1.69,1.63,1.63,0,0
THG_PB,D,20230411,000000,1.63,1.67,1.63,1.67,0,0
THG_PB,D,20230412,000000,1.67,1.67,1.67,1.67,0,0
THG_PB,D,20230413,000000,1.67,1.67,1.63,1.63,0,0
THG_PB,D,20230414,000000,1.63,1.66,1.63,1.66,0,0
THG_PB,D,20230417,000000,1.67,1.67,1.67,1.67,0,0
THG_PB,D,20230418,000000,1.65,1.65,1.64,1.64,0,0
THG_PB,D,20230419,000000,1.64,1.64,1.63,1.63,0,0
THG_PB,D,20230420,000000,1.63,1.63,1.63,1.63,0,0
THG_PB,D,20230421,000000,1.63,1.63,1.58,1.58,0,0
THG_PB,D,20230424,000000,1.58,1.58,1.58,1.58,0,0
THG_PB,D,20230425,000000,1.58,1.58,1.58,1.58,0,0
THG_PB,D,20230426,000000,1.58,1.59,1.58,1.59,0,0
THG_PB,D,20230427,000000,1.58,1.59,1.58,1.58,0,0
THG_PB,D,20230502,000000,1.45,1.98,1.45,1.98,0,0
THG_PB,D,20230504,000000,1.99,2.01,1.97,1.97,0,0
THG_PB,D,20230505,000000,2.01,2.01,1.97,1.97,0,0
THG_PB,D,20230508,000000,1.93,1.93,1.78,1.78,0,0
THG_PB,D,20230509,000000,1.73,1.86,1.64,1.64,0,0
THG_PB,D,20230510,000000,1.66,1.86,1.66,1.77,0,0
THG_PB,D,20230511,000000,1.76,1.76,1.72,1.73,0,0
THG_PB,D,20230512,000000,1.73,1.73,1.64,1.64,0,0
THG_PB,D,20230515,000000,1.64,1.64,1.61,1.61,0,0
THG_PB,D,20230516,000000,1.45,1.54,1.45,1.49,0,0
THG_PB,D,20230517,000000,1.48,1.48,1.34,1.39,0,0
THG_PB,D,20230518,000000,1.39,1.41,1.39,1.41,0,0
THG_PB,D,20230519,000000,1.43,1.56,1.43,1.56,0,0
THG_PB,D,20230522,000000,1.53,1.53,1.49,1.51,0,0
THG_PB,D,20230523,000000,1.49,1.49,1.35,1.41,0,0
THG_PB,D,20230524,000000,1.38,1.38,1.23,1.29,0,0
THG_PB,D,20230525,000000,0.93,1.13,0.93,1.07,0,0
THG_PB,D,20230526,000000,1.13,1.21,1.13,1.19,0,0
THG_PB,D,20230529,000000,1.19,1.28,1.09,1.22,0,0
THG_PB,D,20230530,000000,1.14,1.14,1.1,1.11,0,0
THG_PB,D,20230531,000000,1.1,1.3,1,1.3,0,0
THG_PB,D,20230601,000000,1.3,1.3,1.23,1.25,0,0
THG_PB,D,20230602,000000,1.23,1.29,1.21,1.28,0,0
THG_PB,D,20230605,000000,1.32,1.32,1.26,1.26,0,0
THG_PB,D,20230606,000000,1.22,1.28,1.22,1.25,0,0
THG_PB,D,20230607,000000,1.25,1.38,1.25,1.33,0,0
THG_PB,D,20230609,000000,1.33,1.38,1.33,1.33,0,0
THG_PB,D,20230612,000000,1.33,1.6,1.33,1.55,0,0
THG_PB,D,20230613,000000,1.55,1.56,1.55,1.55,0,0
THG_PB,D,20230614,000000,1.5,1.54,1.41,1.54,0,0
THG_PB,D,20230615,000000,1.52,1.54,1.47,1.49,0,0
THG_PB,D,20230616,000000,1.46,1.46,1.43,1.43,0,0
THG_PB,D,20230619,000000,1.44,1.44,1.43,1.43,0,0
THG_PB,D,20230620,000000,1.5,1.5,1.43,1.43,0,0
THG_PB,D,20230621,000000,1.46,1.51,1.45,1.45,0,0
THG_PB,D,20230622,000000,1.46,1.55,1.46,1.53,0,0
THG_PB,D,20230623,000000,1.46,1.5,1.42,1.48,0,0
THG_PB,D,20230626,000000,1.48,1.48,1.41,1.41,0,0
THG_PB,D,20230627,000000,1.43,1.43,1.43,1.43,0,0
THG_PB,D,20230628,000000,1.42,1.47,1.41,1.41,0,0
THG_PB,D,20230629,000000,1.4,1.4,1.27,1.29,0,0
THG_PB,D,20230630,000000,1.31,1.43,1.31,1.43,0,0
THG_PB,D,20230703,000000,1.39,1.39,1.38,1.38,0,0
THG_PB,D,20230704,000000,1.32,1.35,1.29,1.29,0,0
THG_PB,D,20230705,000000,1.3,1.32,1.29,1.29,0,0
THG_PB,D,20230706,000000,1.31,1.33,1.25,1.33,0,0
THG_PB,D,20230707,000000,1.3,1.35,1.3,1.35,0,0
THG_PB,D,20230710,000000,1.35,1.35,1.21,1.28,0,0
THG_PB,D,20230711,000000,1.3,1.31,1.25,1.28,0,0
THG_PB,D,20230712,000000,1.28,1.28,1.25,1.25,0,0
THG_PB,D,20230713,000000,1.24,1.28,1.21,1.25,0,0
THG_PB,D,20230714,000000,1.26,1.26,1.14,1.25,0,0
THG_PB,D,20230717,000000,1.25,1.28,1.25,1.25,0,0
THG_PB,D,20230718,000000,1.25,1.25,1.19,1.19,0,0
THG_PB,D,20230719,000000,1.19,1.24,1.19,1.24,0,0
THG_PB,D,20230720,000000,1.21,1.23,1.17,1.23,0,0
THG_PB,D,20230724,000000,1.23,1.23,1.17,1.17,0,0
THG_PB,D,20230725,000000,1.22,1.22,1.09,1.12,0,0
THG_PB,D,20230726,000000,1.12,1.12,1.08,1.08,0,0
THG_PB,D,20230727,000000,1.08,1.1,1.03,1.07,0,0
THG_PB,D,20230728,000000,1.08,1.08,1.03,1.05,0,0
THG_PB,D,20230731,000000,1.03,1.1,1,1.1,0,0
THG_PB,D,20230801,000000,1.11,1.26,1.11,1.26,0,0
THG_PB,D,20230802,000000,1.25,1.25,1.15,1.17,0,0
THG_PB,D,20230803,000000,1.16,1.16,1.1,1.16,0,0
THG_PB,D,20230804,000000,1.151,1.175,1.151,1.175,0,0
THG_PB,D,20230807,000000,1.183,1.19,1.175,1.175,0,0
THG_PB,D,20230808,000000,1.19,1.19,1.175,1.175,0,0
THG_PB,D,20230809,000000,1.198,1.198,1.175,1.175,0,0
THG_PB,D,20230810,000000,1.175,1.206,1.175,1.206,0,0
THG_PB,D,20230811,000000,1.206,1.206,1.206,1.206,0,0
THG_PB,D,20230814,000000,1.214,1.214,1.175,1.175,0,0
THG_PB,D,20230816,000000,1.159,1.159,1.151,1.151,0,0
THG_PB,D,20230817,000000,1.175,1.175,1.175,1.175,0,0
THG_PB,D,20230818,000000,1.175,1.175,1.096,1.096,0,0
THG_PB,D,20230821,000000,1.112,1.112,1.112,1.112,0,0
THG_PB,D,20230822,000000,1.112,1.151,1.112,1.112,0,0
THG_PB,D,20230823,000000,1.151,1.151,1.151,1.151,0,0
THG_PB,D,20230824,000000,1.151,1.151,1.151,1.151,0,0
THG_PB,D,20230825,000000,1.12,1.12,1.034,1.081,0,0
THG_PB,D,20230828,000000,1.049,1.057,1.049,1.049,0,0
THG_PB,D,20230829,000000,1.018,1.096,1.018,1.088,0,0
THG_PB,D,20230830,000000,1.089,1.112,1.089,1.112,0,0
THG_PB,D,20230831,000000,1.112,1.112,1.112,1.112,0,0
THG_PB,D,20230901,000000,1.096,1.12,1.096,1.12,0,0
THG_PB,D,20230904,000000,1.104,1.151,1.104,1.128,0,0
THG_PB,D,20230905,000000,1.143,1.144,1.143,1.144,0,0
THG_PB,D,20230906,000000,1.104,1.144,1.104,1.144,0,0
THG_PB,D,20230907,000000,1.143,1.144,1.143,1.144,0,0
THG_PB,D,20230908,000000,1.128,1.144,1.128,1.144,0,0
THG_PB,D,20230911,000000,1.143,1.144,1.143,1.144,0,0
THG_PB,D,20230912,000000,1.151,1.151,1.151,1.151,0,0
THG_PB,D,20230913,000000,1.112,1.159,1.112,1.159,0,0
THG_PB,D,20230914,000000,1.159,1.159,1.159,1.159,0,0
THG_PB,D,20230915,000000,1.159,1.167,1.136,1.136,0,0
THG_PB,D,20230918,000000,1.128,1.167,1.128,1.167,0,0
THG_PB,D,20230919,000000,1.167,1.167,1.167,1.167,0,0
THG_PB,D,20230920,000000,1.136,1.136,1.136,1.136,0,0
THG_PB,D,20230921,000000,1.096,1.096,1.096,1.096,0,0
THG_PB,D,20230925,000000,1.073,1.081,1.034,1.081,0,0
THG_PB,D,20230927,000000,1.081,1.081,1.018,1.018,0,0
THG_PB,D,20230928,000000,1.049,1.057,1.002,1.002,0,0
THG_PB,D,20230929,000000,1.01,1.034,1.01,1.034,0,0
THG_PB,D,20231002,000000,1.034,1.034,0.987,0.987,0,0
THG_PB,D,20231003,000000,1.01,1.01,0.932,0.948,0,0
THG_PB,D,20231004,000000,0.971,1.096,0.885,1.096,0,0
THG_PB,D,20231005,000000,1.096,1.096,1.096,1.096,0,0
THG_PB,D,20231006,000000,1.061,1.165,0.992,1.157,0,0
THG_PB,D,20231009,000000,1.157,1.157,1.044,1.044,0,0
THG_PB,D,20231010,000000,1.052,1.052,1.052,1.052,0,0
THG_PB,D,20231011,000000,1.078,1.078,1.035,1.035,0,0
THG_PB,D,20231012,000000,1.035,1.061,1.026,1.061,0,0
THG_PB,D,20231016,000000,1.061,1.096,1.061,1.096,0,0
THG_PB,D,20231017,000000,1.105,1.165,1.105,1.148,0,0
THG_PB,D,20231018,000000,1.174,1.2,1.131,1.174,0,0
THG_PB,D,20231020,000000,1.209,1.305,1.139,1.296,0,0
THG_PB,D,20231023,000000,1.27,1.28,1.27,1.28,0,0
THG_PB,D,20231024,000000,1.254,1.254,1.052,1.078,0,0
THG_PB,D,20231025,000000,1.078,1.157,1.078,1.131,0,0
THG_PB,D,20231026,000000,1.087,1.192,1.087,1.131,0,0
THG_PB,D,20231027,000000,1.175,1.184,1.175,1.184,0,0
THG_PB,D,20231030,000000,1.184,1.184,1.184,1.184,0,0
THG_PB,D,20231031,000000,1.131,1.131,1.087,1.131,0,0
THG_PB,D,20231102,000000,1.096,1.14,1.07,1.14,0,0
THG_PB,D,20231106,000000,1.087,1.122,1.087,1.122,0,0
THG_PB,D,20231107,000000,1.105,1.105,1.105,1.105,0,0
THG_PB,D,20231108,000000,1.122,1.122,1.061,1.061,0,0
THG_PB,D,20231109,000000,1.07,1.105,1.07,1.105,0,0
THG_PB,D,20231110,000000,1.096,1.105,1.087,1.087,0,0
THG_PB,D,20231113,000000,1.087,1.087,1.07,1.07,0,0
THG_PB,D,20231114,000000,1.07,1.07,1.061,1.061,0,0
THG_PB,D,20231115,000000,1.035,1.052,1.035,1.052,0,0
THG_PB,D,20231116,000000,1.052,1.052,1.052,1.052,0,0
THG_PB,D,20231117,000000,1.052,1.061,1.052,1.052,0,0
THG_PB,D,20231120,000000,1.052,1.052,0.956,1.043,0,0
THG_PB,D,20231121,000000,1.026,1.026,1.026,1.026,0,0
THG_PB,D,20231122,000000,1.008,1.008,0.973,1,0,0
THG_PB,D,20231123,000000,0.921,1.047,0.921,1.047,0,0
THG_PB,D,20231124,000000,1.047,1.047,1.047,1.047,0,0
THG_PB,D,20231127,000000,1.056,1.056,0.948,0.993,0,0
THG_PB,D,20231128,000000,0.993,0.993,0.921,0.948,0,0
THG_PB,D,20231130,000000,0.948,0.957,0.93,0.939,0,0
THG_PB,D,20231201,000000,0.939,0.939,0.903,0.912,0,0
THG_PB,D,20231204,000000,0.912,0.912,0.795,0.826,0,0
THG_PB,D,20231205,000000,0.826,0.826,0.822,0.826,0,0
THG_PB,D,20231206,000000,0.822,0.826,0.817,0.826,0,0
THG_PB,D,20231207,000000,0.817,0.826,0.817,0.826,0,0
THG_PB,D,20231208,000000,0.826,0.826,0.826,0.826,0,0
THG_PB,D,20231211,000000,0.84,0.84,0.826,0.826,0,0
THG_PB,D,20231212,000000,0.826,0.826,0.826,0.826,0,0
THG_PB,D,20231213,000000,0.84,0.84,0.826,0.826,0,0
THG_PB,D,20231214,000000,0.822,0.822,0.817,0.822,0,0
THG_PB,D,20231215,000000,0.817,0.817,0.813,0.813,0,0
THG_PB,D,20231218,000000,0.835,0.835,0.803,0.803,0,0
THG_PB,D,20231219,000000,0.813,0.817,0.813,0.813,0,0
THG_PB,D,20231220,000000,0.831,0.844,0.831,0.844,0,0
THG_PB,D,20231221,000000,0.844,0.844,0.776,0.781,0,0
THG_PB,D,20231222,000000,0.813,0.822,0.781,0.822,0,0
THG_PB,D,20231227,000000,0.786,0.826,0.763,0.785,0,0
THG_PB,D,20231228,000000,0.767,0.813,0.767,0.776,0,0
THG_PB,D,20231229,000000,0.772,0.799,0.763,0.799,0,0
THG_PB,D,20240102,000000,0.799,0.849,0.786,0.799,0,0
THG_PB,D,20240103,000000,0.822,0.84,0.767,0.768,0,0
THG_PB,D,20240104,000000,0.804,0.804,0.74,0.74,0,0
THG_PB,D,20240105,000000,0.831,0.894,0.831,0.88,0,0
THG_PB,D,20240108,000000,0.88,0.889,0.867,0.867,0,0
THG_PB,D,20240109,000000,0.88,0.88,0.853,0.871,0,0
THG_PB,D,20240110,000000,0.876,0.903,0.876,0.903,0,0
THG_PB,D,20240111,000000,0.903,0.912,0.903,0.912,0,0
THG_PB,D,20240112,000000,0.867,0.867,0.867,0.867,0,0
THG_PB,D,20240115,000000,0.867,0.912,0.867,0.912,0,0
THG_PB,D,20240116,000000,0.912,0.921,0.912,0.921,0,0
THG_PB,D,20240117,000000,0.921,0.921,0.903,0.912,0,0
THG_PB,D,20240118,000000,0.912,0.966,0.912,0.966,0,0
THG_PB,D,20240119,000000,1.029,1.065,0.939,0.948,0,0
THG_PB,D,20240122,000000,0.993,0.993,0.993,0.993,0,0
THG_PB,D,20240124,000000,0.975,1.065,0.948,1.065,0,0
THG_PB,D,20240125,000000,1.074,1.354,1.074,1.354,0,0
THG_PB,D,20240126,000000,1.345,1.463,1.282,1.363,0,0
THG_PB,D,20240129,000000,1.427,1.427,1.174,1.237,0,0
THG_PB,D,20240130,000000,1.237,1.246,1.237,1.246,0,0
THG_PB,D,20240131,000000,1.246,1.309,1.192,1.309,0,0
THG_PB,D,20240201,000000,1.309,1.309,1.264,1.3,0,0
THG_PB,D,20240202,000000,1.309,1.309,1.246,1.291,0,0
THG_PB,D,20240205,000000,1.291,1.291,1.174,1.246,0,0
THG_PB,D,20240207,000000,1.201,1.201,1.083,1.092,0,0
THG_PB,D,20240208,000000,1.065,1.174,1.065,1.084,0,0
THG_PB,D,20240209,000000,1.083,1.129,1.02,1.084,0,0
THG_PB,D,20240212,000000,1.111,1.201,1.111,1.12,0,0
THG_PB,D,20240213,000000,1.074,1.074,1.047,1.047,0,0
THG_PB,D,20240215,000000,1.101,1.21,1.047,1.21,0,0
THG_PB,D,20240216,000000,1.21,1.21,1.137,1.137,0,0
THG_PB,D,20240220,000000,1.092,1.092,1.083,1.084,0,0
THG_PB,D,20240221,000000,1.074,1.111,1.056,1.11,0,0
THG_PB,D,20240223,000000,1.074,1.083,1.038,1.074,0,0
THG_PB,D,20240226,000000,1.074,1.074,0.975,1.029,0,0
THG_PB,D,20240227,000000,1.011,1.011,0.993,0.993,0,0
THG_PB,D,20240228,000000,1.047,1.092,1.047,1.084,0,0
THG_PB,D,20240301,000000,1.011,1.029,1.011,1.029,0,0
THG_PB,D,20240304,000000,0.993,1.083,0.993,1.083,0,0
THG_PB,D,20240305,000000,1.083,1.083,0.975,0.975,0,0
THG_PB,D,20240306,000000,1.029,1.029,0.993,0.993,0,0
THG_PB,D,20240307,000000,0.957,0.957,0.858,0.858,0,0
THG_PB,D,20240308,000000,0.858,0.858,0.849,0.849,0,0
THG_PB,D,20240311,000000,0.849,0.849,0.781,0.831,0,0
THG_PB,D,20240312,000000,0.804,0.831,0.804,0.831,0,0
THG_PB,D,20240313,000000,0.835,0.835,0.813,0.831,0,0
THG_PB,D,20240314,000000,0.84,0.84,0.786,0.808,0,0
THG_PB,D,20240315,000000,0.808,0.853,0.808,0.844,0,0
THG_PB,D,20240318,000000,0.867,0.867,0.862,0.862,0,0
THG_PB,D,20240319,000000,0.867,0.867,0.862,0.862,0,0
THG_PB,D,20240320,000000,0.871,0.894,0.871,0.894,0,0
THG_PB,D,20240321,000000,0.853,0.858,0.835,0.858,0,0
THG_PB,D,20240322,000000,0.858,0.858,0.826,0.853,0,0
THG_PB,D,20240326,000000,0.826,0.826,0.826,0.826,0,0
THG_PB,D,20240327,000000,0.849,0.849,0.817,0.817,0,0
THG_PB,D,20240328,000000,0.817,0.853,0.817,0.817,0,0
THG_PB,D,20240402,000000,0.822,0.849,0.818,0.849,0,0
THG_PB,D,20240403,000000,0.847,0.847,0.847,0.847,0,0
THG_PB,D,20240404,000000,0.845,0.845,0.807,0.807,0,0
THG_PB,D,20240405,000000,0.822,0.822,0.749,0.785,0,0
THG_PB,D,20240408,000000,0.786,0.793,0.778,0.778,0,0
THG_PB,D,20240409,000000,0.767,0.809,0.767,0.809,0,0
THG_PB,D,20240410,000000,0.809,0.834,0.809,0.834,0,0
THG_PB,D,20240411,000000,0.836,0.879,0.836,0.876,0,0
THG_PB,D,20240412,000000,0.876,0.894,0.861,0.861,0,0
THG_PB,D,20240415,000000,0.861,0.861,0.82,0.82,0,0
THG_PB,D,20240416,000000,0.832,0.836,0.775,0.775,0,0
THG_PB,D,20240417,000000,0.778,0.778,0.778,0.778,0,0
THG_PB,D,20240418,000000,0.831,0.84,0.814,0.814,0,0
THG_PB,D,20240419,000000,0.814,0.814,0.803,0.803,0,0
THG_PB,D,20240422,000000,0.818,0.818,0.818,0.818,0,0
THG_PB,D,20240423,000000,0.818,0.818,0.818,0.818,0,0
THG_PB,D,20240507,000000,0.795,0.919,0.795,0.919,0,0
THG_PB,D,20240509,000000,0.89,0.89,0.858,0.861,0,0
THG_PB,D,20240510,000000,0.88,1.063,0.88,1.039,0,0
THG_PB,D,20240513,000000,1.048,1.048,0.953,0.953,0,0
THG_PB,D,20240514,000000,0.953,0.953,0.953,0.953,0,0
THG_PB,D,20240515,000000,0.934,0.953,0.867,0.953,0,0
THG_PB,D,20240516,000000,0.951,1.039,0.943,1.019,0,0
THG_PB,D,20240517,000000,1.029,1.048,0.982,1.048,0,0
THG_PB,D,20240520,000000,1.048,1.048,1,1,0,0
THG_PB,D,20240521,000000,1.043,1.048,0.943,1.048,0,0
THG_PB,D,20240522,000000,1.059,1.059,1.059,1.059,0,0
THG_PB,D,20240524,000000,1.059,1.059,1.059,1.059,0,0
THG_PB,D,20240527,000000,1.091,1.091,1.069,1.069,0,0
THG_PB,D,20240528,000000,1.048,1.048,1.048,1.048,0,0
THG_PB,D,20240529,000000,1.059,1.059,1.059,1.059,0,0
THG_PB,D,20240531,000000,1.059,1.112,1.034,1.034,0,0
THG_PB,D,20240603,000000,1.009,1.009,1.009,1.009,0,0
THG_PB,D,20240604,000000,1.004,1.004,1.004,1.004,0,0
THG_PB,D,20240605,000000,1.004,1.004,1.004,1.004,0,0
THG_PB,D,20240606,000000,0.994,0.994,0.984,0.984,0,0
THG_PB,D,20240607,000000,0.984,0.984,0.974,0.974,0,0
THG_PB,D,20240610,000000,0.989,0.989,0.974,0.974,0,0
THG_PB,D,20240611,000000,0.989,0.989,0.966,0.966,0,0
THG_PB,D,20240612,000000,0.984,1.004,0.984,1.004,0,0
THG_PB,D,20240613,000000,0.994,0.994,0.994,0.994,0,0
THG_PB,D,20240617,000000,0.984,0.984,0.968,0.969,0,0
THG_PB,D,20240618,000000,0.98,0.98,0.966,0.968,0,0
THG_PB,D,20240619,000000,0.968,0.973,0.968,0.973,0,0
THG_PB,D,20240621,000000,0.968,0.969,0.968,0.969,0,0
THG_PB,D,20240624,000000,0.972,0.973,0.972,0.973,0,0
THG_PB,D,20240625,000000,0.976,0.978,0.974,0.974,0,0
THG_PB,D,20240626,000000,0.978,0.979,0.978,0.979,0,0
THG_PB,D,20240627,000000,0.982,0.982,0.965,0.98,0,0
THG_PB,D,20240628,000000,0.982,0.982,0.982,0.982,0,0
THG_PB,D,20240703,000000,0.989,0.989,0.989,0.989,0,0
THG_PB,D,20240704,000000,0.989,0.989,0.989,0.989,0,0
THG_PB,D,20240705,000000,0.974,0.974,0.949,0.96,0,0
THG_PB,D,20240709,000000,0.945,0.945,0.933,0.933,0,0
THG_PB,D,20240710,000000,0.878,0.896,0.856,0.886,0,0
THG_PB,D,20240711,000000,0.884,0.886,0.87,0.87,0,0
THG_PB,D,20240712,000000,0.882,0.882,0.86,0.86,0,0
THG_PB,D,20240715,000000,0.862,0.868,0.844,0.845,0,0
THG_PB,D,20240716,000000,0.846,0.846,0.846,0.846,0,0
THG_PB,D,20240717,000000,0.846,0.846,0.846,0.846,0,0
THG_PB,D,20240719,000000,0.842,0.842,0.842,0.842,0,0
THG_PB,D,20240722,000000,0.862,0.862,0.862,0.862,0,0
THG_PB,D,20240723,000000,0.848,0.862,0.837,0.862,0,0
THG_PB,D,20240724,000000,0.864,0.864,0.85,0.851,0,0
THG_PB,D,20240725,000000,0.862,0.862,0.823,0.823,0,0
THG_PB,D,20240726,000000,0.823,0.866,0.823,0.866,0,0
THG_PB,D,20240729,000000,0.866,0.886,0.858,0.858,0,0
THG_PB,D,20240730,000000,0.858,0.884,0.858,0.884,0,0
THG_PB,D,20240731,000000,0.884,0.886,0.848,0.848,0,0
THG_PB,D,20240801,000000,0.842,0.886,0.827,0.827,0,0
THG_PB,D,20240802,000000,0.858,0.886,0.858,0.858,0,0
THG_PB,D,20240805,000000,0.858,0.876,0.778,0.874,0,0
THG_PB,D,20240806,000000,0.874,0.882,0.874,0.882,0,0
THG_PB,D,20240807,000000,0.88,0.88,0.88,0.88,0,0
THG_PB,D,20240808,000000,0.842,0.878,0.817,0.878,0,0
THG_PB,D,20240812,000000,0.88,0.88,0.88,0.88,0,0
THG_PB,D,20240813,000000,0.848,0.882,0.837,0.882,0,0
THG_PB,D,20240814,000000,0.886,0.886,0.882,0.886,0,0
THG_PB,D,20240816,000000,0.846,0.886,0.799,0.886,0,0
THG_PB,D,20240819,000000,0.886,0.886,0.886,0.886,0,0
THG_PB,D,20240820,000000,0.886,0.886,0.886,0.886,0,0
THG_PB,D,20240821,000000,0.886,0.886,0.886,0.886,0,0
THG_PB,D,20240822,000000,0.884,0.884,0.884,0.884,0,0
THG_PB,D,20240823,000000,0.848,0.886,0.848,0.886,0,0
THG_PB,D,20240826,000000,0.884,0.884,0.884,0.884,0,0
THG_PB,D,20240827,000000,0.884,0.884,0.884,0.884,0,0
THG_PB,D,20240828,000000,0.884,0.884,0.884,0.884,0,0
THG_PB,D,20240829,000000,0.884,0.884,0.884,0.884,0,0
THG_PB,D,20240830,000000,0.886,0.886,0.886,0.886,0,0
THG_PB,D,20240904,000000,0.886,0.886,0.886,0.886,0,0
THG_PB,D,20240909,000000,0.886,0.886,0.886,0.886,0,0
THG_PB,D,20240910,000000,0.864,0.886,0.864,0.886,0,0
THG_PB,D,20240911,000000,0.852,0.89,0.852,0.89,0,0
THG_PB,D,20240913,000000,0.888,0.888,0.886,0.886,0,0
THG_PB,D,20240916,000000,0.884,0.884,0.813,0.829,0,0
THG_PB,D,20240917,000000,0.801,0.833,0.768,0.787,0,0
THG_PB,D,20240918,000000,0.787,0.787,0.768,0.787,0,0
THG_PB,D,20240919,000000,0.787,0.787,0.768,0.768,0,0
THG_PB,D,20240923,000000,0.785,0.825,0.785,0.825,0,0
THG_PB,D,20240924,000000,0.825,0.825,0.825,0.825,0,0
THG_PB,D,20240925,000000,0.825,0.829,0.825,0.829,0,0
THG_PB,D,20240926,000000,0.829,0.829,0.829,0.829,0,0
THG_PB,D,20240927,000000,0.801,0.817,0.795,0.817,0,0
THG_PB,D,20240930,000000,0.829,0.829,0.829,0.829,0,0
THG_PB,D,20241001,000000,0.829,0.884,0.829,0.884,0,0
THG_PB,D,20241002,000000,0.854,0.882,0.77,0.796,0,0
THG_PB,D,20241003,000000,0.808,0.81,0.808,0.81,0,0
THG_PB,D,20241004,000000,0.8,0.81,0.796,0.796,0,0
THG_PB,D,20241007,000000,0.796,0.796,0.77,0.77,0,0
THG_PB,D,20241008,000000,0.773,0.773,0.735,0.735,0,0
THG_PB,D,20241009,000000,0.766,0.766,0.766,0.766,0,0
THG_PB,D,20241011,000000,0.77,0.796,0.735,0.772,0,0
THG_PB,D,20241014,000000,0.756,0.756,0.735,0.735,0,0
THG_PB,D,20241015,000000,0.737,0.762,0.737,0.762,0,0
THG_PB,D,20241016,000000,0.773,0.773,0.672,0.703,0,0
THG_PB,D,20241017,000000,0.71,0.71,0.689,0.689,0,0
THG_PB,D,20241018,000000,0.682,0.703,0.676,0.682,0,0
THG_PB,D,20241021,000000,0.682,0.701,0.682,0.682,0,0
THG_PB,D,20241022,000000,0.682,0.682,0.68,0.682,0,0
THG_PB,D,20241023,000000,0.682,0.682,0.672,0.672,0,0
THG_PB,D,20241024,000000,0.672,0.672,0.672,0.672,0,0
THG_PB,D,20241025,000000,0.672,0.672,0.663,0.663,0,0
THG_PB,D,20241028,000000,0.663,0.682,0.663,0.682,0,0
THG_PB,D,20241029,000000,0.68,0.682,0.68,0.682,0,0
THG_PB,D,20241030,000000,0.682,0.682,0.64,0.661,0,0
THG_PB,D,20241031,000000,0.661,0.661,0.649,0.649,0,0
THG_PB,D,20241104,000000,0.682,0.682,0.657,0.657,0,0
THG_PB,D,20241106,000000,0.674,0.674,0.672,0.672,0,0
THG_PB,D,20241107,000000,0.678,0.678,0.619,0.619,0,0
THG_PB,D,20241108,000000,0.619,0.619,0.558,0.588,0,0
THG_PB,D,20241112,000000,0.588,0.588,0.588,0.588,0,0
THG_PB,D,20241113,000000,0.602,0.607,0.602,0.607,0,0
THG_PB,D,20241114,000000,0.609,0.609,0.59,0.594,0,0
THG_PB,D,20241115,000000,0.607,0.609,0.607,0.609,0,0
THG_PB,D,20241118,000000,0.605,0.609,0.605,0.609,0,0
THG_PB,D,20241119,000000,0.605,0.609,0.59,0.609,0,0
THG_PB,D,20241120,000000,0.609,0.613,0.609,0.613,0,0
THG_PB,D,20241121,000000,0.617,0.647,0.617,0.646,0,0
THG_PB,D,20241125,000000,0.644,0.644,0.628,0.628,0,0
THG_PB,D,20241126,000000,0.638,0.638,0.638,0.638,0,0
THG_PB,D,20241127,000000,0.638,0.638,0.638,0.638,0,0
THG_PB,D,20241129,000000,0.617,0.619,0.617,0.619,0,0
THG_PB,D,20241202,000000,0.617,0.676,0.556,0.676,0,0
THG_PB,D,20241203,000000,0.661,0.661,0.63,0.63,0,0
THG_PB,D,20241204,000000,0.647,0.647,0.59,0.59,0,0
THG_PB,D,20241205,000000,0.617,0.617,0.59,0.59,0,0
THG_PB,D,20241206,000000,0.607,0.607,0.607,0.607,0,0
THG_PB,D,20241209,000000,0.607,0.607,0.552,0.586,0,0
THG_PB,D,20241210,000000,0.59,0.606,0.588,0.606,0,0
THG_PB,D,20241211,000000,0.606,0.606,0.584,0.584,0,0
THG_PB,D,20241212,000000,0.601,0.606,0.601,0.606,0,0
THG_PB,D,20241213,000000,0.606,0.651,0.604,0.651,0,0
THG_PB,D,20241216,000000,0.64,0.66,0.595,0.595,0,0
THG_PB,D,20241217,000000,0.601,0.601,0.591,0.591,0,0
THG_PB,D,20241218,000000,0.608,0.617,0.608,0.617,0,0
THG_PB,D,20241219,000000,0.614,0.617,0.591,0.617,0,0
THG_PB,D,20241220,000000,0.597,0.649,0.597,0.649,0,0
THG_PB,D,20241223,000000,0.647,0.649,0.632,0.649,0,0
THG_PB,D,20241230,000000,0.66,0.66,0.606,0.649,0,0
THG_PB,D,20250102,000000,0.649,0.649,0.649,0.649,0,0
THG_PB,D,20250103,000000,0.671,0.671,0.649,0.649,0,0
THG_PB,D,20250107,000000,0.595,0.608,0.541,0.591,0,0
THG_PB,D,20250108,000000,0.571,0.604,0.571,0.604,0,0
THG_PB,D,20250109,000000,0.606,0.606,0.606,0.606,0,0
THG_PB,D,20250110,000000,0.591,0.593,0.536,0.593,0,0
THG_PB,D,20250113,000000,0.593,0.593,0.562,0.562,0,0
THG_PB,D,20250114,000000,0.563,0.664,0.563,0.664,0,0
THG_PB,D,20250115,000000,0.664,0.729,0.653,0.682,0,0
THG_PB,D,20250116,000000,0.682,0.688,0.682,0.682,0,0
THG_PB,D,20250120,000000,0.688,0.688,0.688,0.688,0,0
THG_PB,D,20250121,000000,0.686,0.692,0.686,0.692,0,0
THG_PB,D,20250122,000000,0.692,0.712,0.692,0.71,0,0
THG_PB,D,20250123,000000,0.697,0.697,0.634,0.688,0,0
THG_PB,D,20250124,000000,0.666,0.666,0.666,0.666,0,0
THG_PB,D,20250127,000000,0.666,0.666,0.658,0.658,0,0
THG_PB,D,20250129,000000,0.658,0.66,0.658,0.66,0,0
THG_PB,D,20250130,000000,0.671,0.684,0.671,0.684,0,0
THG_PB,D,20250131,000000,0.684,0.688,0.682,0.688,0,0
THG_PB,D,20250203,000000,0.688,0.712,0.688,0.692,0,0
THG_PB,D,20250204,000000,0.712,0.712,0.688,0.697,0,0
THG_PB,D,20250205,000000,0.703,0.703,0.703,0.703,0,0
THG_PB,D,20250206,000000,0.692,0.692,0.69,0.69,0,0
THG_PB,D,20250207,000000,0.692,0.692,0.688,0.692,0,0
THG_PB,D,20250210,000000,0.692,0.692,0.69,0.692,0,0
THG_PB,D,20250211,000000,0.701,0.701,0.701,0.701,0,0
THG_PB,D,20250212,000000,0.677,0.677,0.656,0.66,0,0
THG_PB,D,20250213,000000,0.675,0.677,0.675,0.675,0,0
THG_PB,D,20250214,000000,0.675,0.675,0.61,0.666,0,0
THG_PB,D,20250217,000000,0.649,0.649,0.649,0.649,0,0
THG_PB,D,20250218,000000,0.649,0.649,0.627,0.627,0,0
THG_PB,D,20250219,000000,0.647,0.647,0.634,0.647,0,0
THG_PB,D,20250220,000000,0.649,0.649,0.649,0.649,0,0
THG_PB,D,20250221,000000,0.649,0.649,0.649,0.649,0,0
THG_PB,D,20250224,000000,0.649,0.649,0.636,0.649,0,0
THG_PB,D,20250225,000000,0.649,0.649,0.649,0.649,0,0
THG_PB,D,20250226,000000,0.649,0.649,0.649,0.649,0,0
THG_PB,D,20250227,000000,0.649,0.653,0.649,0.653,0,0
THG_PB,D,20250303,000000,0.651,0.656,0.634,0.656,0,0
THG_PB,D,20250305,000000,0.658,0.66,0.658,0.66,0,0
THG_PB,D,20250306,000000,0.651,0.658,0.651,0.651,0,0
THG_PB,D,20250310,000000,0.649,0.649,0.649,0.649,0,0
THG_PB,D,20250311,000000,0.649,0.649,0.63,0.647,0,0
THG_PB,D,20250312,000000,0.647,0.649,0.636,0.636,0,0
THG_PB,D,20250313,000000,0.634,0.634,0.634,0.634,0,0
THG_PB,D,20250314,000000,0.645,0.649,0.645,0.649,0,0
THG_PB,D,20250318,000000,0.656,0.656,0.656,0.656,0,0
THG_PB,D,20250320,000000,0.653,0.658,0.653,0.658,0,0
THG_PB,D,20250324,000000,0.651,0.651,0.649,0.649,0,0
THG_PB,D,20250327,000000,0.658,0.658,0.656,0.656,0,0
THG_PB,D,20250328,000000,0.656,0.656,0.656,0.656,0,0
THG_PB,D,20250331,000000,0.656,0.656,0.647,0.647,0,0
THG_PB,D,20250401,000000,0.651,0.651,0.651,0.651,0,0
THG_PB,D,20250402,000000,0.651,0.651,0.651,0.651,0,0
THG_PB,D,20250404,000000,0.649,0.649,0.649,0.649,0,0
THG_PB,D,20250407,000000,0.617,0.63,0.595,0.627,0,0
THG_PB,D,20250408,000000,0.634,0.634,0.634,0.634,0,0
THG_PB,D,20250409,000000,0.636,0.636,0.636,0.636,0,0
THG_PB,D,20250410,000000,0.636,0.636,0.636,0.636,0,0
THG_PB,D,20250411,000000,0.627,0.627,0.627,0.627,0,0
THG_PB,D,20250414,000000,0.634,0.634,0.634,0.634,0,0
THG_PB,D,20250415,000000,0.638,0.638,0.638,0.638,0,0
THG_PB,D,20250417,000000,0.634,0.634,0.634,0.634,0,0
THG_PB,D,20250422,000000,0.64,0.643,0.64,0.643,0,0
THG_PB,D,20250423,000000,0.63,0.63,0.627,0.627,0,0
THG_PB,D,20250424,000000,0.627,0.627,0.627,0.627,0,0
THG_PB,D,20250425,000000,0.627,0.649,0.627,0.649,0,0
THG_PB,D,20250428,000000,0.638,0.638,0.617,0.627,0,0
THG_PB,D,20250429,000000,0.627,0.636,0.627,0.636,0,0
THG_PB,D,20250430,000000,0.636,0.636,0.627,0.627,0,0
THG_PB,D,20250505,000000,0.638,0.709,0.638,0.709,0,0
THG_PB,D,20250506,000000,0.704,0.704,0.692,0.692,0,0
THG_PB,D,20250507,000000,0.695,0.695,0.695,0.695,0,0
THG_PB,D,20250508,000000,0.692,0.692,0.685,0.685,0,0
THG_PB,D,20250512,000000,0.699,0.709,0.699,0.709,0,0
THG_PB,D,20250513,000000,0.699,0.699,0.699,0.699,0,0
THG_PB,D,20250514,000000,0.697,0.697,0.697,0.697,0,0
THG_PB,D,20250515,000000,0.695,0.695,0.692,0.692,0,0
THG_PB,D,20250519,000000,0.704,0.711,0.704,0.711,0,0
THG_PB,D,20250520,000000,0.699,0.711,0.699,0.709,0,0
THG_PB,D,20250521,000000,0.702,0.702,0.702,0.702,0,0
THG_PB,D,20250522,000000,0.702,0.702,0.699,0.699,0,0
THG_PB,D,20250526,000000,0.699,0.699,0.697,0.697,0,0
THG_PB,D,20250527,000000,0.706,0.709,0.706,0.709,0,0
THG_PB,D,20250528,000000,0.711,0.711,0.711,0.711,0,0
THG_PB,D,20250529,000000,0.702,0.716,0.702,0.716,0,0
THG_PB,D,20250530,000000,0.709,0.709,0.704,0.704,0,0
THG_PB,D,20250603,000000,0.692,0.692,0.692,0.692,0,0
THG_PB,D,20250604,000000,0.692,0.692,0.692,0.692,0,0
THG_PB,D,20250605,000000,0.692,0.692,0.692,0.692,0,0
THG_PB,D,20250606,000000,0.701,0.708,0.69,0.69,0,0
THG_PB,D,20250610,000000,0.69,0.69,0.69,0.69,0,0
THG_PB,D,20250613,000000,0.687,0.687,0.68,0.68,0,0
THG_PB,D,20250616,000000,0.68,0.706,0.68,0.706,0,0
THG_PB,D,20250617,000000,0.704,0.704,0.704,0.704,0,0
THG_PB,D,20250623,000000,0.706,0.706,0.69,0.69,0,0
THG_PB,D,20250624,000000,0.704,0.704,0.704,0.704,0,0
THG_PB,D,20250625,000000,0.69,0.69,0.69,0.69,0,0
THG_PB,D,20250627,000000,0.699,0.706,0.696,0.696,0,0
THG_PB,D,20250630,000000,0.697,0.697,0.696,0.696,0,0
THG_PB,D,20250701,000000,0.697,0.697,0.69,0.69,0,0
THG_PB,D,20250702,000000,0.706,0.706,0.69,0.706,0,0
THG_PB,D,20250707,000000,0.706,0.706,0.706,0.706,0,0
THG_PB,D,20250708,000000,0.708,0.723,0.708,0.723,0,0
THG_PB,D,20250709,000000,0.723,0.73,0.723,0.73,0,0
THG_PB,D,20250710,000000,0.739,0.739,0.715,0.715,0,0
THG_PB,D,20250711,000000,0.741,0.763,0.741,0.763,0,0
THG_PB,D,20250714,000000,0.751,0.751,0.751,0.751,0,0
THG_PB,D,20250715,000000,0.763,0.763,0.763,0.763,0,0
THG_PB,D,20250716,000000,0.763,0.763,0.763,0.763,0,0
THG_PB,D,20250717,000000,0.763,0.763,0.763,0.763,0,0
THG_PB,D,20250718,000000,0.763,0.763,0.763,0.763,0,0
THG_PB,D,20250721,000000,0.763,0.763,0.725,0.725,0,0
THG_PB,D,20250722,000000,0.732,0.734,0.727,0.727,0,0
THG_PB,D,20250723,000000,0.734,0.734,0.734,0.734,0,0
THG_PB,D,20250728,000000,0.723,0.725,0.704,0.715,0,0
THG_PB,D,20250729,000000,0.72,0.73,0.72,0.73,0,0
THG_PB,D,20250730,000000,0.732,0.732,0.732,0.732,0,0
THG_PB,D,20250801,000000,0.73,0.732,0.711,0.732,0,0
THG_PB,D,20250804,000000,0.718,0.737,0.718,0.737,0,0
THG_PB,D,20250805,000000,0.737,0.758,0.737,0.758,0,0
THG_PB,D,20250806,000000,0.758,0.758,0.758,0.758,0,0
THG_PB,D,20250807,000000,0.753,0.753,0.734,0.734,0,0
THG_PB,D,20250808,000000,0.734,0.756,0.734,0.756,0,0
THG_PB,D,20250811,000000,0.756,0.758,0.741,0.742,0,0
THG_PB,D,20250812,000000,0.732,0.732,0.732,0.732,0,0
THG_PB,D,20250813,000000,0.748,0.748,0.748,0.748,0,0
THG_PB,D,20250814,000000,0.748,0.748,0.748,0.748,0,0
THG_PB,D,20250821,000000,0.734,0.734,0.73,0.73,0,0
THG_PB,D,20250822,000000,0.73,0.748,0.73,0.73,0,0
THG_PB,D,20250825,000000,0.73,0.751,0.73,0.751,0,0
THG_PB,D,20250826,000000,0.751,0.751,0.751,0.751,0,0
THG_PB,D,20250827,000000,0.746,0.753,0.746,0.753,0,0
THG_PB,D,20250828,000000,0.756,0.756,0.753,0.753,0,0
THG_PB,D,20250829,000000,0.758,0.758,0.753,0.753,0,0
THG_PB,D,20250901,000000,0.76,0.763,0.746,0.746,0,0
THG_PB,D,20250902,000000,0.746,0.751,0.741,0.742,0,0
THG_PB,D,20250904,000000,0.751,0.751,0.751,0.751,0,0
THG_PB,D,20250905,000000,0.751,0.751,0.751,0.751,0,0
THG_PB,D,20250908,000000,0.751,0.751,0.751,0.751,0,0
THG_PB,D,20250909,000000,0.751,0.751,0.751,0.751,0,0
THG_PB,D,20250910,000000,0.751,0.751,0.725,0.725,0,0
THG_PB,D,20250911,000000,0.725,0.725,0.708,0.725,0,0
THG_PB,D,20250916,000000,0.73,0.73,0.73,0.73,0,0
THG_PB,D,20250917,000000,0.72,0.72,0.718,0.718,0,0
THG_PB,D,20250918,000000,0.72,0.763,0.72,0.758,0,0
THG_PB,D,20250919,000000,0.758,0.763,0.758,0.763,0,0
THG_PB,D,20250922,000000,0.763,0.763,0.763,0.763,0,0
THG_PB,D,20250923,000000,0.76,0.765,0.76,0.765,0,0
THG_PB,D,20250924,000000,0.765,0.765,0.765,0.765,0,0
THG_PB,D,20250926,000000,0.76,0.765,0.741,0.741,0,0
THG_PB,D,20250929,000000,0.741,0.764,0.734,0.764,0,0
THG_PB,D,20250930,000000,0.764,0.764,0.764,0.764,0,0
THG_PB,D,20251001,000000,0.759,0.764,0.741,0.741,0,0
THG_PB,D,20251002,000000,0.755,0.755,0.755,0.755,0,0
THG_PB,D,20251003,000000,0.752,0.752,0.752,0.752,0,0
THG_PB,D,20251006,000000,0.755,0.764,0.743,0.764,0,0
THG_PB,D,20251007,000000,0.764,0.788,0.764,0.788,0,0
THG_PB,D,20251008,000000,0.785,0.788,0.785,0.788,0,0
THG_PB,D,20251009,000000,0.783,0.788,0.783,0.788,0,0
THG_PB,D,20251010,000000,0.785,0.792,0.764,0.764,0,0
THG_PB,D,20251013,000000,0.762,0.764,0.759,0.764,0,0
THG_PB,D,20251014,000000,0.766,0.766,0.736,0.736,0,0
THG_PB,D,20251015,000000,0.748,0.764,0.748,0.764,0,0
THG_PB,D,20251016,000000,0.764,0.776,0.764,0.776,0,0
THG_PB,D,20251017,000000,0.783,0.79,0.783,0.788,0,0
THG_PB,D,20251020,000000,0.785,0.788,0.785,0.788,0,0
THG_PB,D,20251021,000000,0.788,0.788,0.774,0.774,0,0
THG_PB,D,20251022,000000,0.774,0.774,0.774,0.774,0,0
THG_PB,D,20251023,000000,0.771,0.776,0.764,0.776,0,0
THG_PB,D,20251024,000000,0.776,0.776,0.776,0.776,0,0
THG_PB,D,20251027,000000,0.792,0.792,0.776,0.776,0,0
THG_PB,D,20251028,000000,0.776,0.776,0.743,0.752,0,0
THG_PB,D,20251029,000000,0.75,0.752,0.75,0.752,0,0
THG_PB,D,20251030,000000,0.748,0.748,0.734,0.734,0,0
THG_PB,D,20251031,000000,0.748,0.748,0.748,0.748,0,0
THG_PB,D,20251103,000000,0.745,0.745,0.729,0.729,0,0
THG_PB,D,20251104,000000,0.741,0.755,0.741,0.755,0,0
THG_PB,D,20251105,000000,0.755,0.755,0.752,0.755,0,0
THG_PB,D,20251106,000000,0.736,0.764,0.736,0.764,0,0
THG_PB,D,20251107,000000,0.762,0.764,0.762,0.764,0,0
THG_PB,D,20251110,000000,0.764,0.764,0.764,0.764,0,0
THG_PB,D,20251112,000000,0.764,0.774,0.764,0.774,0,0
THG_PB,D,20251113,000000,0.764,0.769,0.764,0.769,0,0
THG_PB,D,20251117,000000,0.757,0.769,0.705,0.738,0,0
THG_PB,D,20251118,000000,0.729,0.729,0.729,0.729,0,0
THG_PB,D,20251119,000000,0.736,0.746,0.736,0.746,0,0
THG_PB,D,20251120,000000,0.745,0.755,0.745,0.755,0,0
THG_PB,D,20251121,000000,0.755,0.759,0.755,0.759,0,0
THG_PB,D,20251124,000000,0.755,0.755,0.755,0.755,0,0
THG_PB,D,20251125,000000,0.757,0.757,0.757,0.757,0,0
THG_PB,D,20251126,000000,0.755,0.755,0.755,0.755,0,0
THG_PB,D,20251127,000000,0.757,0.757,0.755,0.755,0,0
THG_PB,D,20251128,000000,0.755,0.762,0.755,0.762,0,0
THG_PB,D,20251201,000000,0.752,0.757,0.748,0.757,0,0
THG_PB,D,20251202,000000,0.748,0.762,0.711,0.711,0,0
THG_PB,D,20251203,000000,0.709,0.734,0.709,0.711,0,0
THG_PB,D,20251204,000000,0.713,0.718,0.711,0.711,0,0
THG_PB,D,20251205,000000,0.711,0.723,0.711,0.722,0,0
THG_PB,D,20251208,000000,0.73,0.73,0.709,0.711,0,0
THG_PB,D,20251209,000000,0.709,0.75,0.709,0.75,0,0
THG_PB,D,20251210,000000,0.753,0.753,0.753,0.753,0,0
THG_PB,D,20251211,000000,0.736,0.736,0.734,0.734,0,0
THG_PB,D,20251212,000000,0.734,0.75,0.732,0.748,0,0
THG_PB,D,20251215,000000,0.748,0.75,0.697,0.706,0,0
THG_PB,D,20251216,000000,0.709,0.709,0.639,0.695,0,0
THG_PB,D,20251217,000000,0.686,0.709,0.683,0.683,0,0
THG_PB,D,20251218,000000,0.681,0.72,0.679,0.686,0,0
THG_PB,D,20251219,000000,0.686,0.725,0.676,0.72,0,0
THG_PB,D,20251222,000000,0.72,0.72,0.679,0.679,0,0
THG_PB,D,20251223,000000,0.679,0.681,0.656,0.669,0,0
THG_PB,D,20251229,000000,0.669,0.681,0.66,0.67,0,0
THG_PB,D,20251230,000000,0.672,0.681,0.672,0.681,0,0
THG_PB,D,20260102,000000,0.693,0.693,0.667,0.677,0,0
THG_PB,D,20260105,000000,0.676,0.693,0.676,0.693,0,0
THG_PB,D,20260107,000000,0.693,0.693,0.669,0.67,0,0
THG_PB,D,20260108,000000,0.674,0.693,0.669,0.693,0,0
THG_PB,D,20260109,000000,0.674,0.693,0.674,0.693,0,0
THG_PB,D,20260112,000000,0.69,0.693,0.69,0.693,0,0
THG_PB,D,20260113,000000,0.676,0.693,0.676,0.681,0,0
THG_PB,D,20260114,000000,0.681,0.693,0.679,0.693,0,0
THG_PB,D,20260115,000000,0.681,0.693,0.676,0.686,0,0
THG_PB,D,20260116,000000,0.676,0.695,0.665,0.679,0,0
THG_PB,D,20260119,000000,0.676,0.679,0.665,0.665,0,0
THG_PB,D,20260120,000000,0.667,0.667,0.667,0.667,0,0
THG_PB,D,20260121,000000,0.663,0.663,0.658,0.66,0,0
THG_PB,D,20260122,000000,0.656,0.681,0.656,0.667,0,0
THG_PB,D,20260123,000000,0.669,0.679,0.669,0.67,0,0
