<TICKER>,<PER>,<DATE>,<TIME>,<OPEN>,<HIGH>,<LOW>,<CLOSE>,<VOL>,<OPENINT>
THG_MV,D,20210420,000000,90.57,90.57,90.57,90.57,0,0
THG_MV,D,20210421,000000,90.57,91.46,87.85,89.95,0,0
THG_MV,D,20210422,000000,89.91,92,89.91,92,0,0
THG_MV,D,20210423,000000,95.79,102.13,94.19,95.98,0,0
THG_MV,D,20210426,000000,95.98,107.23,95.98,107.05,0,0
THG_MV,D,20210427,000000,108.68,126.6,108.68,114.84,0,0
THG_MV,D,20210428,000000,120.24,120.24,114.57,118.61,0,0
THG_MV,D,20210429,000000,118.61,118.61,113.21,115.89,0,0
THG_MV,D,20210430,000000,115.91,115.91,113.21,115.02,0,0
THG_MV,D,20210504,000000,115.93,120.46,115.93,120.46,0,0
THG_MV,D,20210505,000000,118.68,118.68,115.2,118.43,0,0
THG_MV,D,20210506,000000,118.43,119.55,113.21,113.21,0,0
THG_MV,D,20210507,000000,110.49,110.49,109.59,110.49,0,0
THG_MV,D,20210510,000000,114.12,116.83,112.31,116.65,0,0
THG_MV,D,20210511,000000,121.36,123.17,113.39,117.74,0,0
THG_MV,D,20210512,000000,121,123.17,116.87,119.55,0,0
THG_MV,D,20210513,000000,121,135.76,121,130.42,0,0
THG_MV,D,20210514,000000,134.31,134.31,126.43,130.06,0,0
THG_MV,D,20210517,000000,134.04,134.04,126.25,127.7,0,0
THG_MV,D,20210518,000000,128.43,128.61,124.99,125.89,0,0
THG_MV,D,20210519,000000,125.89,126.58,123.17,126.58,0,0
THG_MV,D,20210520,000000,126.58,126.58,126.58,126.58,0,0
THG_MV,D,20210521,000000,126.58,126.58,121.54,125.31,0,0
THG_MV,D,20210524,000000,125.29,127.7,125.29,127.25,0,0
THG_MV,D,20210525,000000,126.34,126.34,123.17,125.62,0,0
THG_MV,D,20210526,000000,123.35,123.35,119.91,123.17,0,0
THG_MV,D,20210527,000000,122.99,122.99,119.91,119.91,0,0
THG_MV,D,20210528,000000,119.88,119.88,109.04,118.65,0,0
THG_MV,D,20210531,000000,117.74,118.66,115.02,118.61,0,0
THG_MV,D,20210601,000000,118.61,123.17,118.59,120.46,0,0
THG_MV,D,20210602,000000,120.28,120.28,117.74,117.74,0,0
THG_MV,D,20210604,000000,117.2,126.8,117.2,126.8,0,0
THG_MV,D,20210607,000000,124.97,124.97,118.92,124.53,0,0
THG_MV,D,20210608,000000,123.17,123.17,120,120,0,0
THG_MV,D,20210609,000000,117.92,120.28,114.66,115.75,0,0
THG_MV,D,20210610,000000,118.83,118.83,114.12,114.12,0,0
THG_MV,D,20210611,000000,117.34,117.34,114.15,114.48,0,0
THG_MV,D,20210614,000000,114.48,117.29,114.12,115.89,0,0
THG_MV,D,20210615,000000,116.56,116.65,112.31,114.12,0,0
THG_MV,D,20210616,000000,114.12,114.12,108.68,108.68,0,0
THG_MV,D,20210617,000000,108.68,109.59,108.68,109.59,0,0
THG_MV,D,20210618,000000,110.49,112.12,106.96,111.4,0,0
THG_MV,D,20210621,000000,106.96,108.68,106.96,108.68,0,0
THG_MV,D,20210622,000000,108.68,114.84,108.68,114.84,0,0
THG_MV,D,20210623,000000,114.66,114.66,109.41,113.03,0,0
THG_MV,D,20210624,000000,113.03,113.03,109.59,112.58,0,0
THG_MV,D,20210625,000000,112.58,113.21,109.44,113.07,0,0
THG_MV,D,20210628,000000,114.48,114.48,113.94,113.94,0,0
THG_MV,D,20210629,000000,113.94,114.12,113.94,114.12,0,0
THG_MV,D,20210630,000000,114.12,114.12,114.12,114.12,0,0
THG_MV,D,20210701,000000,113.66,119.37,113.66,116.83,0,0
THG_MV,D,20210702,000000,114.41,117.38,114.12,115.02,0,0
THG_MV,D,20210705,000000,115.02,116.83,112.31,115.93,0,0
THG_MV,D,20210706,000000,115.02,116.65,115.02,116.65,0,0
THG_MV,D,20210707,000000,118.65,118.65,114.12,114.19,0,0
THG_MV,D,20210708,000000,115.02,115.75,110.49,115.02,0,0
THG_MV,D,20210709,000000,115.02,115.02,113.94,113.94,0,0
THG_MV,D,20210712,000000,113.92,113.92,108.88,113.21,0,0
THG_MV,D,20210713,000000,109.14,114.12,109.14,113.21,0,0
THG_MV,D,20210714,000000,113.94,113.94,110.13,112.31,0,0
THG_MV,D,20210715,000000,112.31,114.12,112.31,114.12,0,0
THG_MV,D,20210716,000000,114.12,114.12,113.94,113.94,0,0
THG_MV,D,20210719,000000,117.36,117.36,111.58,113.94,0,0
THG_MV,D,20210720,000000,113.83,113.83,113.57,113.57,0,0
THG_MV,D,20210721,000000,113.92,114.12,113.75,113.75,0,0
THG_MV,D,20210722,000000,113.75,113.75,113.75,113.75,0,0
THG_MV,D,20210723,000000,113.75,113.75,101.46,109.57,0,0
THG_MV,D,20210726,000000,108.66,108.68,103.25,106.69,0,0
THG_MV,D,20210727,000000,105.97,105.97,103.25,104.52,0,0
THG_MV,D,20210728,000000,105.04,105.06,99.63,103.94,0,0
THG_MV,D,20210729,000000,103.25,103.79,103.25,103.79,0,0
THG_MV,D,20210730,000000,104.7,104.79,101.98,104.79,0,0
THG_MV,D,20210802,000000,100.53,102.34,98.72,102.34,0,0
THG_MV,D,20210803,000000,102.16,104.79,102.16,104.79,0,0
THG_MV,D,20210804,000000,105.06,109.23,102.52,109.04,0,0
THG_MV,D,20210805,000000,109.04,111.04,108.68,110.86,0,0
THG_MV,D,20210806,000000,111.04,116.83,108.68,116.47,0,0
THG_MV,D,20210809,000000,115.93,116.45,112.31,115.93,0,0
THG_MV,D,20210810,000000,115.91,115.91,114.12,114.12,0,0
THG_MV,D,20210811,000000,114.12,121.34,114.12,118.65,0,0
THG_MV,D,20210812,000000,119.55,119.55,108.68,109.59,0,0
THG_MV,D,20210813,000000,108.68,111.04,103.97,107.78,0,0
THG_MV,D,20210816,000000,103.61,107.78,103.25,105.06,0,0
THG_MV,D,20210817,000000,107.6,107.6,104.88,105.97,0,0
THG_MV,D,20210818,000000,105.06,105.97,105.06,105.97,0,0
THG_MV,D,20210819,000000,102.52,105.06,102.52,105.06,0,0
THG_MV,D,20210820,000000,106.69,106.87,106.69,106.87,0,0
THG_MV,D,20210823,000000,105.24,110.49,103.25,110.49,0,0
THG_MV,D,20210824,000000,110.49,110.49,103.25,106.87,0,0
THG_MV,D,20210825,000000,110.13,110.49,110.13,110.49,0,0
THG_MV,D,20210826,000000,110.49,110.49,110.46,110.46,0,0
THG_MV,D,20210827,000000,110.49,110.49,110.29,110.31,0,0
THG_MV,D,20210830,000000,110.49,110.49,110.46,110.46,0,0
THG_MV,D,20210831,000000,110.46,110.49,110.31,110.31,0,0
THG_MV,D,20210901,000000,108.86,112.31,108.86,110.68,0,0
THG_MV,D,20210902,000000,110.68,114.12,110.68,114.12,0,0
THG_MV,D,20210903,000000,114.12,114.12,114.12,114.12,0,0
THG_MV,D,20210906,000000,114.12,114.12,105.24,108.68,0,0
THG_MV,D,20210907,000000,108.68,112.31,104.7,112.31,0,0
THG_MV,D,20210908,000000,113.21,113.21,107.78,107.78,0,0
THG_MV,D,20210909,000000,108.68,112.31,103.43,103.43,0,0
THG_MV,D,20210910,000000,103.25,105.06,100.71,105.06,0,0
THG_MV,D,20210913,000000,103.79,108.32,103.79,108.32,0,0
THG_MV,D,20210914,000000,108.32,108.32,103.79,103.79,0,0
THG_MV,D,20210915,000000,103.61,107.6,103.61,107.6,0,0
THG_MV,D,20210916,000000,111.4,115.35,108.68,113.05,0,0
THG_MV,D,20210917,000000,113.05,113.57,100.71,106.87,0,0
THG_MV,D,20210920,000000,106.85,106.85,101.44,105.06,0,0
THG_MV,D,20210921,000000,104.88,105.06,103.25,104.34,0,0
THG_MV,D,20210922,000000,104.34,104.34,100.71,101.44,0,0
THG_MV,D,20210923,000000,101.44,101.44,99.63,99.63,0,0
THG_MV,D,20210924,000000,101.09,102.71,99.81,102.71,0,0
THG_MV,D,20210927,000000,102.69,110.49,102.69,107.78,0,0
THG_MV,D,20210928,000000,108.39,108.39,105.42,105.97,0,0
THG_MV,D,20210929,000000,105.06,105.06,105.06,105.06,0,0
THG_MV,D,20210930,000000,105.06,105.06,104.15,104.15,0,0
THG_MV,D,20211001,000000,102.89,102.89,95.64,99.63,0,0
THG_MV,D,20211004,000000,97.81,97.81,96,97.8,0,0
THG_MV,D,20211005,000000,97.62,97.62,96.18,96.18,0,0
THG_MV,D,20211006,000000,96,96.87,96,96,0,0
THG_MV,D,20211007,000000,96,97.02,94.01,96.55,0,0
THG_MV,D,20211008,000000,96.91,96.91,96.55,96.55,0,0
THG_MV,D,20211011,000000,96.91,96.91,94.19,94.19,0,0
THG_MV,D,20211012,000000,94.28,94.28,93.29,93.29,0,0
THG_MV,D,20211013,000000,93.29,94.19,93.29,94.19,0,0
THG_MV,D,20211014,000000,95.42,96.91,95.42,96.91,0,0
THG_MV,D,20211015,000000,96,96,94.19,94.19,0,0
THG_MV,D,20211018,000000,94.37,95.28,94.37,95.28,0,0
THG_MV,D,20211019,000000,95.46,100.15,95.46,100.15,0,0
THG_MV,D,20211020,000000,100.15,100.15,100.1,100.1,0,0
THG_MV,D,20211021,000000,100.15,100.15,100.06,100.06,0,0
THG_MV,D,20211022,000000,99.99,102.52,99.99,102.52,0,0
THG_MV,D,20211025,000000,98,104.15,98,104.15,0,0
THG_MV,D,20211026,000000,103.97,103.97,103.97,103.97,0,0
THG_MV,D,20211027,000000,103.25,103.25,103.05,103.05,0,0
THG_MV,D,20211028,000000,101.47,101.47,100.17,100.17,0,0
THG_MV,D,20211029,000000,98.54,101.26,98,98,0,0
THG_MV,D,20211102,000000,99.54,99.63,97.81,97.81,0,0
THG_MV,D,20211103,000000,97.81,98.9,97.81,98.9,0,0
THG_MV,D,20211104,000000,97.74,97.74,96,97.25,0,0
THG_MV,D,20211105,000000,94.46,96,94.37,96,0,0
THG_MV,D,20211108,000000,97.42,97.42,97.36,97.36,0,0
THG_MV,D,20211109,000000,97.36,97.36,95.64,95.64,0,0
THG_MV,D,20211110,000000,96,99.63,95.64,99.54,0,0
THG_MV,D,20211112,000000,98.61,98.61,95.55,98.16,0,0
THG_MV,D,20211115,000000,94.74,97.78,92.38,95.82,0,0
THG_MV,D,20211116,000000,95.82,95.82,94.16,94.16,0,0
THG_MV,D,20211117,000000,93.83,93.83,90.57,92.02,0,0
THG_MV,D,20211118,000000,90.57,90.57,88.58,88.58,0,0
THG_MV,D,20211119,000000,87.31,87.85,82.42,83.32,0,0
THG_MV,D,20211122,000000,84.41,88.58,84.41,88.58,0,0
THG_MV,D,20211123,000000,88.76,88.76,86.95,87.85,0,0
THG_MV,D,20211124,000000,88.4,88.4,86.95,88.3,0,0
THG_MV,D,20211125,000000,88.67,91.11,86.58,91.11,0,0
THG_MV,D,20211126,000000,91.29,95.1,88.76,90.57,0,0
THG_MV,D,20211129,000000,92.38,92.38,90.39,90.39,0,0
THG_MV,D,20211130,000000,90.21,93.29,90.12,93.29,0,0
THG_MV,D,20211201,000000,90.57,93.29,85.13,92.36,0,0
THG_MV,D,20211202,000000,92.02,92.02,86.95,91.82,0,0
THG_MV,D,20211203,000000,91.66,91.66,89.66,90.55,0,0
THG_MV,D,20211206,000000,91.47,91.47,91.47,91.47,0,0
THG_MV,D,20211207,000000,91.47,99.41,91.47,96,0,0
THG_MV,D,20211208,000000,96.91,97.81,96.91,97.81,0,0
THG_MV,D,20211209,000000,97.8,97.8,97.76,97.76,0,0
THG_MV,D,20211210,000000,97.76,99.44,97.76,99.44,0,0
THG_MV,D,20211213,000000,99.44,99.44,99.25,99.25,0,0
THG_MV,D,20211214,000000,99.25,99.44,99.25,99.44,0,0
THG_MV,D,20211215,000000,99.44,99.44,88.76,96,0,0
THG_MV,D,20211216,000000,92.38,96.91,90.57,95.1,0,0
THG_MV,D,20211217,000000,96,102.13,95.1,102.13,0,0
THG_MV,D,20211220,000000,101.16,104.08,99.41,104.08,0,0
THG_MV,D,20211221,000000,103.11,103.11,100.19,100.19,0,0
THG_MV,D,20211222,000000,100.19,103.88,100.19,103.88,0,0
THG_MV,D,20211223,000000,104.27,106.8,104.27,106.8,0,0
THG_MV,D,20211227,000000,106.02,116.72,106.02,116.72,0,0
THG_MV,D,20211228,000000,116.7,126.45,116.7,126.45,0,0
THG_MV,D,20211229,000000,125.28,136.18,124.51,135.98,0,0
THG_MV,D,20211230,000000,132.29,132.29,121,121.2,0,0
THG_MV,D,20220103,000000,121.2,121.2,116.74,116.74,0,0
THG_MV,D,20220104,000000,118.86,120.98,107.97,112.62,0,0
THG_MV,D,20220105,000000,115.34,115.34,107.19,110.89,0,0
THG_MV,D,20220107,000000,110.69,110.89,110.69,110.89,0,0
THG_MV,D,20220110,000000,110.89,118.65,105.05,105.09,0,0
THG_MV,D,20220111,000000,105.09,109.8,105.09,107,0,0
THG_MV,D,20220112,000000,107,109.72,107,107,0,0
THG_MV,D,20220117,000000,107.09,118.67,107,117.11,0,0
THG_MV,D,20220118,000000,116.72,120.61,116.72,120.61,0,0
THG_MV,D,20220119,000000,122.56,124.51,118.67,124.51,0,0
THG_MV,D,20220120,000000,124.51,126.45,122.75,126.45,0,0
THG_MV,D,20220121,000000,124.51,124.51,122.56,124.51,0,0
THG_MV,D,20220124,000000,126.45,126.45,118.67,124.31,0,0
THG_MV,D,20220125,000000,124.31,130.34,124.12,130.34,0,0
THG_MV,D,20220126,000000,130.34,135.79,130.3,135.79,0,0
THG_MV,D,20220127,000000,135.79,135.79,118.67,134.23,0,0
THG_MV,D,20220128,000000,133.45,134.23,126.45,134.23,0,0
THG_MV,D,20220131,000000,134.21,134.23,134.19,134.23,0,0
THG_MV,D,20220201,000000,134.19,134.19,123.73,134.04,0,0
THG_MV,D,20220202,000000,134.04,134.04,122.56,134.04,0,0
THG_MV,D,20220203,000000,126.45,132.29,126.45,132.29,0,0
THG_MV,D,20220207,000000,132.29,132.29,126.45,132.29,0,0
THG_MV,D,20220208,000000,132.29,132.29,126.45,132.29,0,0
THG_MV,D,20220209,000000,132.29,132.29,124.7,132.29,0,0
THG_MV,D,20220210,000000,131.9,132.29,124.51,132.29,0,0
THG_MV,D,20220211,000000,132.27,132.29,124.7,132.29,0,0
THG_MV,D,20220214,000000,130.34,131.31,124.51,131.31,0,0
THG_MV,D,20220215,000000,128.4,130.34,128.4,130.34,0,0
THG_MV,D,20220216,000000,130.34,130.34,126.45,130.34,0,0
THG_MV,D,20220217,000000,130.15,130.34,130.15,130.34,0,0
THG_MV,D,20220218,000000,125.48,130.34,125.48,130.34,0,0
THG_MV,D,20220221,000000,125.48,130.15,124.51,130.15,0,0
THG_MV,D,20220222,000000,122.75,130.15,122.56,128.2,0,0
THG_MV,D,20220223,000000,128.4,130.34,126.45,130.34,0,0
THG_MV,D,20220224,000000,107,130.34,107,128.4,0,0
THG_MV,D,20220225,000000,122.56,130.34,122.56,130.34,0,0
THG_MV,D,20220228,000000,130.34,130.34,130.34,130.34,0,0
THG_MV,D,20220301,000000,126.45,126.45,122.56,122.56,0,0
THG_MV,D,20220302,000000,122.56,122.56,112.83,112.85,0,0
THG_MV,D,20220303,000000,120.61,120.61,116.72,116.72,0,0
THG_MV,D,20220304,000000,116.72,116.72,116.72,116.72,0,0
THG_MV,D,20220307,000000,114.78,116.72,114.78,116.72,0,0
THG_MV,D,20220308,000000,115.46,115.46,115.46,115.46,0,0
THG_MV,D,20220309,000000,115.75,120.22,115.75,120.22,0,0
THG_MV,D,20220310,000000,120.32,120.32,120.32,120.32,0,0
THG_MV,D,20220311,000000,120.32,120.32,120.32,120.32,0,0
THG_MV,D,20220314,000000,118.56,118.56,118.56,118.56,0,0
THG_MV,D,20220315,000000,120.32,121.53,119.92,119.92,0,0
THG_MV,D,20220316,000000,119.92,119.92,118.32,118.32,0,0
THG_MV,D,20220317,000000,118.32,118.32,118.32,118.32,0,0
THG_MV,D,20220318,000000,119.72,121.33,119.72,121.33,0,0
THG_MV,D,20220321,000000,120.32,120.32,117.72,117.72,0,0
THG_MV,D,20220322,000000,120.12,120.12,112.3,112.3,0,0
THG_MV,D,20220323,000000,112.3,118.32,112.3,118.32,0,0
THG_MV,D,20220324,000000,114.31,114.31,113.51,113.51,0,0
THG_MV,D,20220325,000000,114.51,114.51,114.51,114.51,0,0
THG_MV,D,20220328,000000,115.31,126.74,115.31,126.74,0,0
THG_MV,D,20220329,000000,122.33,124.33,122.33,124.33,0,0
THG_MV,D,20220330,000000,126.74,130.35,126.74,130.35,0,0
THG_MV,D,20220331,000000,130.35,144.39,130.35,142.99,0,0
THG_MV,D,20220401,000000,142.99,142.99,132.36,132.36,0,0
THG_MV,D,20220404,000000,133.36,146.39,130.35,146.39,0,0
THG_MV,D,20220405,000000,146.39,146.39,140.38,140.38,0,0
THG_MV,D,20220406,000000,140.38,143.19,138.37,138.37,0,0
THG_MV,D,20220407,000000,138.37,144.39,138.37,140.38,0,0
THG_MV,D,20220408,000000,143.39,146.37,140.78,146.37,0,0
THG_MV,D,20220411,000000,146.35,152.41,141.18,141.38,0,0
THG_MV,D,20220414,000000,141.98,141.98,141.58,141.58,0,0
THG_MV,D,20220421,000000,142.38,142.38,142.38,142.38,0,0
THG_MV,D,20220422,000000,142.38,142.38,140.38,140.38,0,0
THG_MV,D,20220426,000000,140.38,140.38,140.38,140.38,0,0
THG_MV,D,20220427,000000,140.38,140.38,138.37,138.37,0,0
THG_MV,D,20220428,000000,136.37,136.37,132.36,132.36,0,0
THG_MV,D,20220429,000000,132.36,132.36,126.34,126.34,0,0
THG_MV,D,20220502,000000,130.35,130.35,126.34,126.34,0,0
THG_MV,D,20220504,000000,125.14,125.14,121.93,121.93,0,0
THG_MV,D,20220505,000000,118.32,134.36,118.32,134.36,0,0
THG_MV,D,20220506,000000,126.34,126.34,124.33,124.33,0,0
THG_MV,D,20220509,000000,124.33,140.38,124.33,131.55,0,0
THG_MV,D,20220510,000000,131.55,131.55,131.55,131.55,0,0
THG_MV,D,20220511,000000,131.96,131.96,131.96,131.96,0,0
THG_MV,D,20220512,000000,130.35,130.35,125.94,125.94,0,0
THG_MV,D,20220516,000000,127.54,127.54,127.54,127.54,0,0
THG_MV,D,20220517,000000,128.35,128.75,128.35,128.75,0,0
THG_MV,D,20220518,000000,127.14,127.14,127.14,127.14,0,0
THG_MV,D,20220519,000000,126.34,126.34,126.34,126.34,0,0
THG_MV,D,20220520,000000,125.94,125.94,124.33,124.33,0,0
THG_MV,D,20220523,000000,121.93,125.14,121.93,125.14,0,0
THG_MV,D,20220524,000000,125.14,125.14,125.14,125.14,0,0
THG_MV,D,20220525,000000,124.74,124.74,121.93,121.93,0,0
THG_MV,D,20220526,000000,121.93,122.33,121.93,122.33,0,0
THG_MV,D,20220527,000000,121.93,124.38,121.93,124.38,0,0
THG_MV,D,20220601,000000,126.83,126.83,126.83,126.83,0,0
THG_MV,D,20220602,000000,124.79,124.79,124.79,124.79,0,0
THG_MV,D,20220603,000000,124.79,124.79,123.15,123.15,0,0
THG_MV,D,20220606,000000,122.33,122.33,122.33,122.33,0,0
THG_MV,D,20220607,000000,121.51,121.51,120.29,120.29,0,0
THG_MV,D,20220608,000000,120.29,120.29,120.29,120.29,0,0
THG_MV,D,20220609,000000,120.29,120.29,119.06,119.06,0,0
THG_MV,D,20220610,000000,118.65,118.65,113.33,113.33,0,0
THG_MV,D,20220613,000000,113.33,118.65,110.47,118.65,0,0
THG_MV,D,20220614,000000,118.65,118.65,118.65,118.65,0,0
THG_MV,D,20220615,000000,118.65,118.65,118.65,118.65,0,0
THG_MV,D,20220617,000000,112.51,112.51,110.47,110.47,0,0
THG_MV,D,20220621,000000,110.47,110.47,110.47,110.47,0,0
THG_MV,D,20220622,000000,110.47,112.51,110.47,112.51,0,0
THG_MV,D,20220623,000000,110.47,110.47,102.28,102.28,0,0
THG_MV,D,20220624,000000,102.28,102.28,102.28,102.28,0,0
THG_MV,D,20220627,000000,102.28,102.28,102.28,102.28,0,0
THG_MV,D,20220628,000000,118.65,118.65,112.51,112.51,0,0
THG_MV,D,20220629,000000,116.6,122.33,116.6,122.33,0,0
THG_MV,D,20220630,000000,116.6,122.33,116.6,122.33,0,0
THG_MV,D,20220701,000000,121.92,121.92,115.38,115.38,0,0
THG_MV,D,20220704,000000,115.38,115.38,110.47,110.47,0,0
THG_MV,D,20220705,000000,110.47,110.47,103.92,103.92,0,0
THG_MV,D,20220706,000000,103.92,103.92,103.92,103.92,0,0
THG_MV,D,20220707,000000,103.51,103.51,96.76,96.76,0,0
THG_MV,D,20220708,000000,101.47,101.47,101.47,101.47,0,0
THG_MV,D,20220711,000000,101.47,101.47,101.47,101.47,0,0
THG_MV,D,20220712,000000,101.47,103.92,97.17,103.92,0,0
THG_MV,D,20220713,000000,103.92,104.33,103.92,104.33,0,0
THG_MV,D,20220714,000000,104.33,104.33,104.33,104.33,0,0
THG_MV,D,20220719,000000,103.92,103.92,92.06,96.15,0,0
THG_MV,D,20220721,000000,102.28,104.33,102.28,104.33,0,0
THG_MV,D,20220722,000000,104.33,104.33,104.33,104.33,0,0
THG_MV,D,20220725,000000,103.1,103.1,103.1,103.1,0,0
THG_MV,D,20220726,000000,103.1,103.1,103.1,103.1,0,0
THG_MV,D,20220727,000000,103.1,103.1,103.1,103.1,0,0
THG_MV,D,20220728,000000,103.1,103.1,103.1,103.1,0,0
THG_MV,D,20220729,000000,103.1,103.1,103.1,103.1,0,0
THG_MV,D,20220801,000000,103.1,103.1,103.1,103.1,0,0
THG_MV,D,20220802,000000,101.87,101.87,101.87,101.87,0,0
THG_MV,D,20220803,000000,101.87,101.87,101.87,101.87,0,0
THG_MV,D,20220805,000000,99.83,102.69,99.83,102.69,0,0
THG_MV,D,20220808,000000,103.1,103.1,99.01,99.01,0,0
THG_MV,D,20220816,000000,99.01,99.01,92.06,95.12,0,0
THG_MV,D,20220817,000000,96.56,99.01,96.56,99.01,0,0
THG_MV,D,20220818,000000,97.99,97.99,95.12,95.12,0,0
THG_MV,D,20220819,000000,96.56,99.42,96.56,99.42,0,0
THG_MV,D,20220822,000000,95.74,95.74,94.1,94.1,0,0
THG_MV,D,20220824,000000,94.31,94.31,94.31,94.31,0,0
THG_MV,D,20220825,000000,94.31,94.31,83.87,88.37,0,0
THG_MV,D,20220826,000000,88.99,88.99,88.99,88.99,0,0
THG_MV,D,20220829,000000,88.99,88.99,88.99,88.99,0,0
THG_MV,D,20220830,000000,87.96,87.96,81.83,87.96,0,0
THG_MV,D,20220831,000000,83.67,83.67,80.8,81.01,0,0
THG_MV,D,20220901,000000,81.01,81.01,81.01,81.01,0,0
THG_MV,D,20220902,000000,81.01,81.01,77.74,81.01,0,0
THG_MV,D,20220906,000000,81.21,81.83,79.17,81.83,0,0
THG_MV,D,20220907,000000,79.99,85.92,79.78,85.92,0,0
THG_MV,D,20220908,000000,83.87,90.01,83.87,90.01,0,0
THG_MV,D,20220909,000000,85.92,85.92,85.92,85.92,0,0
THG_MV,D,20220912,000000,83.67,83.67,83.67,83.67,0,0
THG_MV,D,20220914,000000,85.3,86.33,85.3,86.33,0,0
THG_MV,D,20220915,000000,85.1,86.94,85.1,86.94,0,0
THG_MV,D,20220916,000000,86.33,91.03,84.9,91.03,0,0
THG_MV,D,20220919,000000,91.03,91.03,91.03,91.03,0,0
THG_MV,D,20220920,000000,90.01,90.01,87.55,87.55,0,0
THG_MV,D,20220921,000000,87.55,87.55,87.55,87.55,0,0
THG_MV,D,20220922,000000,87.15,87.15,87.15,87.15,0,0
THG_MV,D,20220923,000000,87.55,87.55,86.94,87.55,0,0
THG_MV,D,20220926,000000,87.55,87.55,87.55,87.55,0,0
THG_MV,D,20220927,000000,90.01,90.01,90.01,90.01,0,0
THG_MV,D,20220928,000000,87.15,87.15,81.83,81.83,0,0
THG_MV,D,20220929,000000,80.6,80.6,73.64,77.74,0,0
THG_MV,D,20220930,000000,79.58,79.58,79.58,79.58,0,0
THG_MV,D,20221004,000000,78.14,78.14,78.14,78.14,0,0
THG_MV,D,20221005,000000,77.74,80.6,77.74,80.6,0,0
THG_MV,D,20221006,000000,81.83,81.83,81.83,81.83,0,0
THG_MV,D,20221007,000000,81.62,81.62,67.92,75.69,0,0
THG_MV,D,20221010,000000,75.69,75.69,75.69,75.69,0,0
THG_MV,D,20221011,000000,74.67,74.67,74.67,74.67,0,0
THG_MV,D,20221012,000000,76.92,82.44,76.92,82.44,0,0
THG_MV,D,20221014,000000,82.44,87.55,78.14,78.14,0,0
THG_MV,D,20221017,000000,78.14,78.14,78.14,78.14,0,0
THG_MV,D,20221018,000000,78.14,78.14,77.74,78.14,0,0
THG_MV,D,20221019,000000,78.14,78.14,78.14,78.14,0,0
THG_MV,D,20221020,000000,78.14,78.14,78.14,78.14,0,0
THG_MV,D,20221021,000000,78.14,81.62,77.33,81.62,0,0
THG_MV,D,20221024,000000,81.62,81.62,81.62,81.62,0,0
THG_MV,D,20221025,000000,79.58,79.58,79.58,79.58,0,0
THG_MV,D,20221026,000000,79.58,79.58,78.96,79.58,0,0
THG_MV,D,20221027,000000,79.58,79.78,79.58,79.78,0,0
THG_MV,D,20221028,000000,79.78,79.78,79.78,79.78,0,0
THG_MV,D,20221031,000000,79.78,79.78,79.78,79.78,0,0
THG_MV,D,20221102,000000,79.78,79.78,79.78,79.78,0,0
THG_MV,D,20221103,000000,79.78,81.83,78.55,78.55,0,0
THG_MV,D,20221104,000000,77.74,77.74,77.12,77.12,0,0
THG_MV,D,20221107,000000,79.99,81.83,79.99,80.8,0,0
THG_MV,D,20221108,000000,81.01,81.42,81.01,81.01,0,0
THG_MV,D,20221109,000000,81.83,90.01,81.83,90.01,0,0
THG_MV,D,20221110,000000,90.01,92.06,79.17,83.87,0,0
THG_MV,D,20221114,000000,84.69,84.69,82.85,82.85,0,0
THG_MV,D,20221115,000000,82.85,83.05,82.03,83.05,0,0
THG_MV,D,20221116,000000,83.87,85.92,83.46,85.92,0,0
THG_MV,D,20221117,000000,86.74,86.74,83.87,83.87,0,0
THG_MV,D,20221118,000000,85.3,85.3,85.3,85.3,0,0
THG_MV,D,20221121,000000,85.92,85.92,85.92,85.92,0,0
THG_MV,D,20221122,000000,85.51,85.51,85.51,85.51,0,0
THG_MV,D,20221123,000000,83.05,84.9,81.83,81.83,0,0
THG_MV,D,20221124,000000,83.05,84.28,82.24,83.87,0,0
THG_MV,D,20221125,000000,84.28,86.53,84.28,86.53,0,0
THG_MV,D,20221128,000000,86.53,86.94,86.33,86.94,0,0
THG_MV,D,20221129,000000,85.92,86.94,83.87,83.87,0,0
THG_MV,D,20221130,000000,78.35,82.85,70.58,73.64,0,0
THG_MV,D,20221201,000000,75.28,82.65,75.28,82.65,0,0
THG_MV,D,20221202,000000,82.24,82.24,79.37,81.42,0,0
THG_MV,D,20221205,000000,77.33,84.28,77.33,84.28,0,0
THG_MV,D,20221206,000000,84.28,84.28,84.28,84.28,0,0
THG_MV,D,20221207,000000,82.65,82.65,81.83,81.83,0,0
THG_MV,D,20221208,000000,80.6,81.83,79.78,80.19,0,0
THG_MV,D,20221209,000000,81.01,81.01,78.96,78.96,0,0
THG_MV,D,20221212,000000,77.74,78.55,74.46,77.33,0,0
THG_MV,D,20221213,000000,77.33,77.33,74.46,74.46,0,0
THG_MV,D,20221214,000000,76.51,77.74,76.51,77.74,0,0
THG_MV,D,20221215,000000,77.74,79.78,77.53,79.78,0,0
THG_MV,D,20221216,000000,79.78,79.78,79.78,79.78,0,0
THG_MV,D,20221219,000000,79.78,79.78,77.33,77.33,0,0
THG_MV,D,20221220,000000,76.1,76.1,71.6,73.64,0,0
THG_MV,D,20221221,000000,75.49,75.69,73.64,75.69,0,0
THG_MV,D,20221222,000000,75.69,75.69,75.69,75.69,0,0
THG_MV,D,20221223,000000,76.3,76.3,76.3,76.3,0,0
THG_MV,D,20221227,000000,75.69,76.51,74.05,75.69,0,0
THG_MV,D,20221228,000000,75.69,75.69,75.69,75.69,0,0
THG_MV,D,20221229,000000,75.69,79.58,75.69,79.37,0,0
THG_MV,D,20221230,000000,76.1,76.1,75.69,75.69,0,0
THG_MV,D,20230102,000000,75.69,77.33,75.69,75.69,0,0
THG_MV,D,20230103,000000,75.89,78.55,75.89,78.55,0,0
THG_MV,D,20230104,000000,77.74,77.74,74.87,75.08,0,0
THG_MV,D,20230105,000000,75.08,76.51,75.08,76.51,0,0
THG_MV,D,20230109,000000,76.3,77.53,76.3,77.53,0,0
THG_MV,D,20230110,000000,76.51,76.51,75.69,75.69,0,0
THG_MV,D,20230111,000000,75.69,89.4,75.69,83.26,0,0
THG_MV,D,20230112,000000,85.92,85.92,83.87,85.3,0,0
THG_MV,D,20230113,000000,86.74,94.1,86.74,86.94,0,0
THG_MV,D,20230116,000000,86.94,90.83,85.92,85.92,0,0
THG_MV,D,20230117,000000,85.51,85.51,81.42,81.42,0,0
THG_MV,D,20230118,000000,83.46,91.65,83.46,91.44,0,0
THG_MV,D,20230119,000000,91.44,91.44,87.15,88.37,0,0
THG_MV,D,20230120,000000,83.87,86.33,80.39,86.12,0,0
THG_MV,D,20230123,000000,85.92,86.33,85.92,86.33,0,0
THG_MV,D,20230124,000000,85.92,85.92,85.92,85.92,0,0
THG_MV,D,20230125,000000,86.33,86.33,85.92,85.92,0,0
THG_MV,D,20230126,000000,85.92,85.92,83.87,83.87,0,0
THG_MV,D,20230127,000000,85.71,86.74,83.87,86.74,0,0
THG_MV,D,20230130,000000,83.87,83.87,83.87,83.87,0,0
THG_MV,D,20230131,000000,84.69,86.74,84.69,85.92,0,0
THG_MV,D,20230201,000000,85.92,85.92,85.92,85.92,0,0
THG_MV,D,20230202,000000,86.12,87.15,86.12,87.15,0,0
THG_MV,D,20230203,000000,89.19,90.42,89.19,90.42,0,0
THG_MV,D,20230206,000000,90.42,95.33,87.15,88.37,0,0
THG_MV,D,20230207,000000,87.96,87.96,84.28,84.28,0,0
THG_MV,D,20230208,000000,83.87,83.87,79.78,79.99,0,0
THG_MV,D,20230209,000000,79.99,81.83,79.99,81.83,0,0
THG_MV,D,20230210,000000,82.65,87.76,82.65,84.69,0,0
THG_MV,D,20230213,000000,83.46,83.46,83.05,83.05,0,0
THG_MV,D,20230214,000000,83.05,84.9,83.05,84.69,0,0
THG_MV,D,20230215,000000,84.69,84.69,83.26,83.26,0,0
THG_MV,D,20230216,000000,84.28,84.28,84.28,84.28,0,0
THG_MV,D,20230220,000000,84.28,84.28,84.28,84.28,0,0
THG_MV,D,20230221,000000,84.28,84.28,84.28,84.28,0,0
THG_MV,D,20230222,000000,83.26,83.26,83.26,83.26,0,0
THG_MV,D,20230223,000000,81.83,81.83,81.42,81.42,0,0
THG_MV,D,20230224,000000,81.42,81.42,80.19,80.19,0,0
THG_MV,D,20230227,000000,80.39,81.83,80.39,81.83,0,0
THG_MV,D,20230228,000000,82.24,82.24,82.24,82.24,0,0
THG_MV,D,20230301,000000,82.24,82.24,81.62,82.03,0,0
THG_MV,D,20230302,000000,82.03,82.03,82.03,82.03,0,0
THG_MV,D,20230303,000000,82.03,82.03,79.58,81.21,0,0
THG_MV,D,20230307,000000,81.83,83.46,81.83,82.65,0,0
THG_MV,D,20230308,000000,82.65,82.65,82.65,82.65,0,0
THG_MV,D,20230309,000000,82.65,82.65,82.65,82.65,0,0
THG_MV,D,20230310,000000,82.65,83.87,82.65,83.87,0,0
THG_MV,D,20230313,000000,83.87,83.87,82.65,82.65,0,0
THG_MV,D,20230314,000000,84.9,84.9,83.26,83.87,0,0
THG_MV,D,20230315,000000,83.67,83.67,81.83,81.83,0,0
THG_MV,D,20230316,000000,81.83,81.83,81.83,81.83,0,0
THG_MV,D,20230317,000000,81.83,81.83,81.83,81.83,0,0
THG_MV,D,20230320,000000,81.83,81.83,81.83,81.83,0,0
THG_MV,D,20230321,000000,81.83,81.83,81.83,81.83,0,0
THG_MV,D,20230322,000000,81.83,81.83,78.96,79.17,0,0
THG_MV,D,20230323,000000,80.6,81.42,80.6,81.42,0,0
THG_MV,D,20230324,000000,81.83,81.83,81.83,81.83,0,0
THG_MV,D,20230327,000000,81.83,81.83,81.83,81.83,0,0
THG_MV,D,20230328,000000,81.83,81.83,81.83,81.83,0,0
THG_MV,D,20230329,000000,81.21,81.21,78.96,79.37,0,0
THG_MV,D,20230330,000000,78.96,78.96,76.3,76.92,0,0
THG_MV,D,20230331,000000,76.1,76.51,75.08,76.51,0,0
THG_MV,D,20230403,000000,72.01,76.51,72.01,75.89,0,0
THG_MV,D,20230404,000000,75.89,75.89,75.89,75.89,0,0
THG_MV,D,20230405,000000,75.89,75.89,72.01,72.83,0,0
THG_MV,D,20230406,000000,74.67,74.67,72.01,72.01,0,0
THG_MV,D,20230411,000000,72.01,73.64,72.01,73.64,0,0
THG_MV,D,20230412,000000,73.64,73.64,73.64,73.64,0,0
THG_MV,D,20230413,000000,73.64,73.64,72.01,72.01,0,0
THG_MV,D,20230414,000000,72.01,73.03,71.8,73.03,0,0
THG_MV,D,20230417,000000,73.64,73.64,73.64,73.64,0,0
THG_MV,D,20230418,000000,72.62,72.62,72.21,72.21,0,0
THG_MV,D,20230419,000000,72.21,72.21,71.6,72.01,0,0
THG_MV,D,20230420,000000,71.6,71.6,71.6,71.6,0,0
THG_MV,D,20230421,000000,71.6,71.6,69.55,69.55,0,0
THG_MV,D,20230424,000000,69.55,69.55,69.55,69.55,0,0
THG_MV,D,20230425,000000,69.55,69.55,69.55,69.55,0,0
THG_MV,D,20230426,000000,69.55,69.96,69.55,69.96,0,0
THG_MV,D,20230427,000000,69.55,69.96,69.55,69.55,0,0
THG_MV,D,20230502,000000,63.82,69.14,63.82,65.87,0,0
THG_MV,D,20230504,000000,66.28,66.69,65.46,65.46,0,0
THG_MV,D,20230505,000000,66.69,66.69,65.46,65.46,0,0
THG_MV,D,20230508,000000,64.23,64.23,59.32,59.32,0,0
THG_MV,D,20230509,000000,57.69,61.78,54.41,54.41,0,0
THG_MV,D,20230510,000000,55.23,61.78,55.23,58.92,0,0
THG_MV,D,20230511,000000,58.51,58.51,57.28,57.69,0,0
THG_MV,D,20230512,000000,57.69,57.69,54.41,54.41,0,0
THG_MV,D,20230515,000000,54.41,54.41,53.6,53.6,0,0
THG_MV,D,20230516,000000,48.28,51.14,48.28,49.51,0,0
THG_MV,D,20230517,000000,49.1,49.1,44.6,46.23,0,0
THG_MV,D,20230518,000000,46.23,47.05,46.23,47.05,0,0
THG_MV,D,20230519,000000,47.46,51.96,47.46,51.96,0,0
THG_MV,D,20230522,000000,50.73,50.73,49.51,50.32,0,0
THG_MV,D,20230523,000000,49.51,49.51,45,47.05,0,0
THG_MV,D,20230524,000000,45.82,45.82,40.91,42.96,0,0
THG_MV,D,20230525,000000,31.09,37.44,31.09,35.59,0,0
THG_MV,D,20230526,000000,37.44,40.1,37.44,39.69,0,0
THG_MV,D,20230529,000000,39.69,42.55,36.41,40.71,0,0
THG_MV,D,20230530,000000,37.84,38.05,36.62,36.82,0,0
THG_MV,D,20230531,000000,36.62,36.62,33.14,33.96,0,0
THG_MV,D,20230601,000000,33.96,33.96,32.12,32.73,0,0
THG_MV,D,20230602,000000,32.12,33.75,31.5,33.55,0,0
THG_MV,D,20230605,000000,34.37,34.37,32.94,32.94,0,0
THG_MV,D,20230606,000000,31.91,33.34,31.91,32.73,0,0
THG_MV,D,20230607,000000,32.73,36,32.73,34.78,0,0
THG_MV,D,20230609,000000,34.78,36,34.78,34.78,0,0
THG_MV,D,20230612,000000,34.78,41.73,34.78,40.5,0,0
THG_MV,D,20230613,000000,40.5,40.71,40.5,40.5,0,0
THG_MV,D,20230614,000000,39.28,40.1,36.82,40.1,0,0
THG_MV,D,20230615,000000,39.69,40.1,38.46,38.87,0,0
THG_MV,D,20230616,000000,38.05,38.05,37.44,37.44,0,0
THG_MV,D,20230619,000000,37.64,37.64,37.44,37.44,0,0
THG_MV,D,20230620,000000,39.28,39.28,37.23,37.23,0,0
THG_MV,D,20230621,000000,38.05,39.48,37.84,37.84,0,0
THG_MV,D,20230622,000000,38.25,40.5,38.25,39.89,0,0
THG_MV,D,20230623,000000,38.05,39.07,37.03,38.66,0,0
THG_MV,D,20230626,000000,38.66,38.66,36.82,36.82,0,0
THG_MV,D,20230627,000000,37.44,37.44,37.44,37.44,0,0
THG_MV,D,20230628,000000,37.03,38.46,36.82,36.82,0,0
THG_MV,D,20230629,000000,36.62,36.62,33.14,33.75,0,0
THG_MV,D,20230630,000000,34.16,37.44,34.16,37.44,0,0
THG_MV,D,20230703,000000,36.21,36.21,36,36,0,0
THG_MV,D,20230704,000000,34.37,35.19,33.75,33.75,0,0
THG_MV,D,20230705,000000,33.96,34.57,33.75,33.75,0,0
THG_MV,D,20230706,000000,34.16,34.78,32.73,34.78,0,0
THG_MV,D,20230707,000000,33.96,35.19,33.96,35.19,0,0
THG_MV,D,20230710,000000,35.19,35.19,31.71,33.34,0,0
THG_MV,D,20230711,000000,33.96,34.16,32.73,33.55,0,0
THG_MV,D,20230712,000000,33.55,33.55,32.73,32.73,0,0
THG_MV,D,20230713,000000,32.32,33.34,31.71,32.73,0,0
THG_MV,D,20230714,000000,32.94,32.94,29.87,32.73,0,0
THG_MV,D,20230717,000000,32.73,33.34,32.73,32.73,0,0
THG_MV,D,20230718,000000,32.73,32.73,31.09,31.09,0,0
THG_MV,D,20230719,000000,31.09,32.32,31.09,32.32,0,0
THG_MV,D,20230720,000000,31.71,32.12,30.48,32.12,0,0
THG_MV,D,20230724,000000,32.12,32.12,30.69,30.69,0,0
THG_MV,D,20230725,000000,31.91,31.91,28.43,29.25,0,0
THG_MV,D,20230726,000000,29.25,29.25,28.23,28.23,0,0
THG_MV,D,20230727,000000,28.23,28.64,26.8,28.03,0,0
THG_MV,D,20230728,000000,28.23,28.23,26.8,27.41,0,0
THG_MV,D,20230731,000000,27,28.84,26.18,28.84,0,0
THG_MV,D,20230801,000000,29.05,32.94,29.05,32.94,0,0
THG_MV,D,20230802,000000,32.73,32.73,30.07,30.48,0,0
THG_MV,D,20230803,000000,30.28,30.28,28.64,30.28,0,0
THG_MV,D,20230804,000000,30.071,30.69,30.071,30.69,0,0
THG_MV,D,20230807,000000,30.89,31.094,30.685,30.69,0,0
THG_MV,D,20230808,000000,31.094,31.094,30.685,30.69,0,0
THG_MV,D,20230809,000000,31.299,31.299,30.685,30.69,0,0
THG_MV,D,20230810,000000,30.685,31.503,30.685,31.5,0,0
THG_MV,D,20230811,000000,31.503,31.503,31.5,31.5,0,0
THG_MV,D,20230814,000000,31.708,31.708,30.685,30.69,0,0
THG_MV,D,20230816,000000,30.276,30.276,30.07,30.07,0,0
THG_MV,D,20230817,000000,30.685,30.69,30.685,30.69,0,0
THG_MV,D,20230818,000000,30.685,30.685,28.639,28.64,0,0
THG_MV,D,20230821,000000,29.049,29.05,29.049,29.05,0,0
THG_MV,D,20230822,000000,29.049,30.071,29.049,29.05,0,0
THG_MV,D,20230823,000000,30.071,30.071,30.07,30.07,0,0
THG_MV,D,20230824,000000,30.071,30.071,30.07,30.07,0,0
THG_MV,D,20230825,000000,29.253,29.253,27.003,28.23,0,0
THG_MV,D,20230828,000000,27.412,27.617,27.41,27.41,0,0
THG_MV,D,20230829,000000,26.594,28.639,26.594,28.43,0,0
THG_MV,D,20230830,000000,28.435,29.05,28.435,29.05,0,0
THG_MV,D,20230831,000000,29.049,29.05,29.049,29.05,0,0
THG_MV,D,20230901,000000,28.639,29.253,28.639,29.25,0,0
THG_MV,D,20230904,000000,28.844,30.071,28.844,29.46,0,0
THG_MV,D,20230905,000000,29.867,29.87,29.867,29.87,0,0
THG_MV,D,20230906,000000,28.844,29.87,28.844,29.87,0,0
THG_MV,D,20230907,000000,29.867,29.87,29.867,29.87,0,0
THG_MV,D,20230908,000000,29.458,29.87,29.458,29.87,0,0
THG_MV,D,20230911,000000,29.867,29.87,29.867,29.87,0,0
THG_MV,D,20230912,000000,30.071,30.071,30.07,30.07,0,0
THG_MV,D,20230913,000000,29.049,30.28,29.049,30.28,0,0
THG_MV,D,20230914,000000,30.276,30.28,30.276,30.28,0,0
THG_MV,D,20230915,000000,30.276,30.48,29.66,29.66,0,0
THG_MV,D,20230918,000000,29.458,30.48,29.458,30.48,0,0
THG_MV,D,20230919,000000,30.48,30.48,30.48,30.48,0,0
THG_MV,D,20230920,000000,29.662,29.662,29.66,29.66,0,0
THG_MV,D,20230921,000000,28.639,28.64,28.639,28.64,0,0
THG_MV,D,20230925,000000,28.026,28.23,27.003,28.23,0,0
THG_MV,D,20230927,000000,28.23,28.23,26.59,26.59,0,0
THG_MV,D,20230928,000000,27.412,27.617,26.18,26.18,0,0
THG_MV,D,20230929,000000,26.389,27.003,26.389,27,0,0
THG_MV,D,20231002,000000,27.003,27.003,25.775,25.78,0,0
THG_MV,D,20231003,000000,26.389,26.389,24.343,24.75,0,0
THG_MV,D,20231004,000000,25.366,25.78,23.116,25.78,0,0
THG_MV,D,20231005,000000,25.775,25.78,25.775,25.78,0,0
THG_MV,D,20231006,000000,24.957,27.412,23.321,27.21,0,0
THG_MV,D,20231009,000000,27.207,27.21,24.548,24.55,0,0
THG_MV,D,20231010,000000,24.753,24.753,24.75,24.75,0,0
THG_MV,D,20231011,000000,25.366,25.366,24.34,24.34,0,0
THG_MV,D,20231012,000000,24.343,24.96,24.139,24.96,0,0
THG_MV,D,20231016,000000,24.957,25.78,24.957,25.78,0,0
THG_MV,D,20231017,000000,25.98,27.412,25.98,27,0,0
THG_MV,D,20231018,000000,27.617,28.23,26.594,27.62,0,0
THG_MV,D,20231020,000000,28.435,30.685,26.798,30.48,0,0
THG_MV,D,20231023,000000,29.867,30.11,29.867,30.11,0,0
THG_MV,D,20231024,000000,29.489,29.489,24.746,25.36,0,0
THG_MV,D,20231025,000000,25.364,27.22,25.364,26.6,0,0
THG_MV,D,20231026,000000,25.571,28.045,25.571,26.6,0,0
THG_MV,D,20231027,000000,27.633,27.84,27.633,27.84,0,0
THG_MV,D,20231030,000000,27.839,27.84,27.839,27.84,0,0
THG_MV,D,20231031,000000,26.602,26.602,25.571,26.6,0,0
THG_MV,D,20231102,000000,25.777,26.81,25.158,26.81,0,0
THG_MV,D,20231106,000000,25.571,26.4,25.571,26.4,0,0
THG_MV,D,20231107,000000,25.983,25.983,25.98,25.98,0,0
THG_MV,D,20231108,000000,26.395,26.395,24.95,24.95,0,0
THG_MV,D,20231109,000000,25.158,25.983,25.158,25.98,0,0
THG_MV,D,20231110,000000,25.777,25.983,25.57,25.57,0,0
THG_MV,D,20231113,000000,25.571,25.571,25.158,25.16,0,0
THG_MV,D,20231114,000000,25.158,25.158,24.95,24.95,0,0
THG_MV,D,20231115,000000,24.333,24.75,24.333,24.75,0,0
THG_MV,D,20231116,000000,24.746,24.75,24.746,24.75,0,0
THG_MV,D,20231117,000000,24.746,24.952,24.746,24.75,0,0
THG_MV,D,20231120,000000,24.746,24.746,22.477,24.54,0,0
THG_MV,D,20231121,000000,24.127,24.13,24.127,24.13,0,0
THG_MV,D,20231122,000000,23.715,23.715,22.89,23.51,0,0
THG_MV,D,20231123,000000,21.653,24.54,21.653,23.92,0,0
THG_MV,D,20231124,000000,23.921,23.921,23.92,23.92,0,0
THG_MV,D,20231127,000000,24.127,24.127,21.653,22.68,0,0
THG_MV,D,20231128,000000,22.684,22.684,21.034,21.65,0,0
THG_MV,D,20231130,000000,21.653,21.859,21.24,21.45,0,0
THG_MV,D,20231201,000000,21.446,21.45,20.621,20.83,0,0
THG_MV,D,20231204,000000,20.828,20.828,18.147,18.87,0,0
THG_MV,D,20231205,000000,18.869,18.87,18.766,18.87,0,0
THG_MV,D,20231206,000000,18.766,18.87,18.662,18.87,0,0
THG_MV,D,20231207,000000,18.662,18.87,18.662,18.87,0,0
THG_MV,D,20231208,000000,18.869,18.87,18.869,18.87,0,0
THG_MV,D,20231211,000000,19.178,19.178,18.869,18.87,0,0
THG_MV,D,20231212,000000,18.869,18.87,18.869,18.87,0,0
THG_MV,D,20231213,000000,19.178,19.178,18.869,18.87,0,0
THG_MV,D,20231214,000000,18.766,18.77,18.662,18.77,0,0
THG_MV,D,20231215,000000,18.662,18.662,18.559,18.56,0,0
THG_MV,D,20231218,000000,19.075,19.075,18.35,18.35,0,0
THG_MV,D,20231219,000000,18.559,18.662,18.559,18.56,0,0
THG_MV,D,20231220,000000,18.972,19.281,18.972,19.28,0,0
THG_MV,D,20231221,000000,19.281,19.281,17.734,17.84,0,0
THG_MV,D,20231222,000000,18.559,18.77,17.84,18.77,0,0
THG_MV,D,20231227,000000,17.941,18.869,17.425,17.94,0,0
THG_MV,D,20231228,000000,17.528,18.559,17.528,17.73,0,0
THG_MV,D,20231229,000000,17.631,18.25,17.425,18.25,0,0
THG_MV,D,20240102,000000,18.25,19.384,17.941,18.25,0,0
THG_MV,D,20240103,000000,18.766,19.178,17.528,17.53,0,0
THG_MV,D,20240104,000000,18.353,18.353,16.91,16.91,0,0
THG_MV,D,20240105,000000,18.972,20.415,18.972,20.11,0,0
THG_MV,D,20240108,000000,20.106,20.312,19.797,19.8,0,0
THG_MV,D,20240109,000000,20.106,20.106,19.487,19.9,0,0
THG_MV,D,20240110,000000,20.003,20.621,20.003,20.62,0,0
THG_MV,D,20240111,000000,20.621,20.83,20.621,20.83,0,0
THG_MV,D,20240112,000000,19.797,19.8,19.797,19.8,0,0
THG_MV,D,20240115,000000,19.797,20.83,19.797,20.83,0,0
THG_MV,D,20240116,000000,20.828,21.034,20.828,21.03,0,0
THG_MV,D,20240117,000000,21.034,21.034,20.621,20.83,0,0
THG_MV,D,20240118,000000,20.828,22.065,20.828,22.06,0,0
THG_MV,D,20240119,000000,23.508,24.333,21.446,21.65,0,0
THG_MV,D,20240122,000000,22.684,22.684,22.68,22.68,0,0
THG_MV,D,20240124,000000,22.271,24.333,21.653,24.33,0,0
THG_MV,D,20240125,000000,24.54,30.932,24.54,30.93,0,0
THG_MV,D,20240126,000000,30.726,33.407,29.282,31.14,0,0
THG_MV,D,20240129,000000,32.582,32.582,26.808,28.25,0,0
THG_MV,D,20240130,000000,28.251,28.46,28.251,28.46,0,0
THG_MV,D,20240131,000000,28.458,29.901,27.22,29.9,0,0
THG_MV,D,20240201,000000,29.901,29.901,28.87,29.69,0,0
THG_MV,D,20240202,000000,29.901,29.901,28.458,29.49,0,0
THG_MV,D,20240205,000000,29.489,29.489,26.808,28.46,0,0
THG_MV,D,20240207,000000,27.427,27.427,24.746,24.95,0,0
THG_MV,D,20240208,000000,24.333,26.808,24.333,24.75,0,0
THG_MV,D,20240209,000000,24.746,25.777,23.302,24.75,0,0
THG_MV,D,20240212,000000,25.364,27.427,25.364,25.57,0,0
THG_MV,D,20240213,000000,24.54,24.54,23.92,23.92,0,0
THG_MV,D,20240215,000000,25.158,27.633,23.92,27.63,0,0
THG_MV,D,20240216,000000,27.633,27.633,25.98,25.98,0,0
THG_MV,D,20240220,000000,24.952,24.952,24.746,24.75,0,0
THG_MV,D,20240221,000000,24.54,25.364,24.127,25.36,0,0
THG_MV,D,20240223,000000,24.54,24.746,23.715,24.54,0,0
THG_MV,D,20240226,000000,24.54,24.54,22.271,23.51,0,0
THG_MV,D,20240227,000000,23.096,23.096,22.68,22.68,0,0
THG_MV,D,20240228,000000,23.921,24.952,23.921,24.75,0,0
THG_MV,D,20240301,000000,23.096,23.51,23.096,23.51,0,0
THG_MV,D,20240304,000000,22.684,24.746,22.684,24.746,0,0
THG_MV,D,20240305,000000,24.746,24.746,22.27,22.27,0,0
THG_MV,D,20240306,000000,23.508,23.508,22.68,22.68,0,0
THG_MV,D,20240307,000000,21.859,21.859,19.59,19.59,0,0
THG_MV,D,20240308,000000,19.59,19.59,19.38,19.38,0,0
THG_MV,D,20240311,000000,19.384,19.384,17.838,18.97,0,0
THG_MV,D,20240312,000000,18.353,18.972,18.353,18.97,0,0
THG_MV,D,20240313,000000,19.075,19.075,18.559,18.97,0,0
THG_MV,D,20240314,000000,19.178,19.178,17.941,18.46,0,0
THG_MV,D,20240315,000000,18.456,19.487,18.456,19.281,0,0
THG_MV,D,20240318,000000,19.797,19.797,19.69,19.69,0,0
THG_MV,D,20240319,000000,19.797,19.797,19.69,19.69,0,0
THG_MV,D,20240320,000000,19.9,20.42,19.9,20.42,0,0
THG_MV,D,20240321,000000,19.487,19.59,19.075,19.59,0,0
THG_MV,D,20240322,000000,19.59,19.59,18.869,19.49,0,0
THG_MV,D,20240326,000000,18.869,18.87,18.869,18.87,0,0
THG_MV,D,20240327,000000,19.384,19.384,18.66,18.66,0,0
THG_MV,D,20240328,000000,18.662,19.487,18.66,18.66,0,0
THG_MV,D,20240402,000000,18.766,19.384,18.683,19.38,0,0
THG_MV,D,20240403,000000,19.343,19.343,19.34,19.34,0,0
THG_MV,D,20240404,000000,19.302,19.302,18.436,18.44,0,0
THG_MV,D,20240405,000000,18.766,18.766,17.116,17.94,0,0
THG_MV,D,20240408,000000,17.941,18.106,17.776,17.78,0,0
THG_MV,D,20240409,000000,17.528,18.48,17.528,18.48,0,0
THG_MV,D,20240410,000000,18.477,19.054,18.477,19.05,0,0
THG_MV,D,20240411,000000,19.095,20.085,19.095,20,0,0
THG_MV,D,20240412,000000,20.003,20.415,19.67,19.67,0,0
THG_MV,D,20240415,000000,19.673,19.673,18.72,18.72,0,0
THG_MV,D,20240416,000000,19.013,19.095,17.69,17.69,0,0
THG_MV,D,20240417,000000,17.776,17.78,17.776,17.78,0,0
THG_MV,D,20240418,000000,18.972,19.178,18.6,18.6,0,0
THG_MV,D,20240419,000000,18.601,18.601,18.35,18.35,0,0
THG_MV,D,20240422,000000,18.683,18.683,18.68,18.68,0,0
THG_MV,D,20240423,000000,18.683,18.683,18.68,18.68,0,0
THG_MV,D,20240507,000000,18.147,19.962,18.147,19.88,0,0
THG_MV,D,20240509,000000,19.26,19.26,18.559,18.64,0,0
THG_MV,D,20240510,000000,19.054,22.993,19.054,22.48,0,0
THG_MV,D,20240513,000000,22.684,22.684,20.62,20.62,0,0
THG_MV,D,20240514,000000,20.621,20.621,20.62,20.62,0,0
THG_MV,D,20240515,000000,20.209,20.621,18.766,20.62,0,0
THG_MV,D,20240516,000000,20.58,22.477,20.415,22.06,0,0
THG_MV,D,20240517,000000,22.271,22.684,21.24,22.68,0,0
THG_MV,D,20240520,000000,22.684,22.684,21.65,21.65,0,0
THG_MV,D,20240521,000000,22.58,22.68,20.415,22.68,0,0
THG_MV,D,20240522,000000,22.913,22.913,22.91,22.91,0,0
THG_MV,D,20240524,000000,22.913,22.913,22.91,22.91,0,0
THG_MV,D,20240527,000000,23.6,23.6,23.14,23.14,0,0
THG_MV,D,20240528,000000,22.684,22.684,22.68,22.68,0,0
THG_MV,D,20240529,000000,22.913,22.913,22.91,22.91,0,0
THG_MV,D,20240531,000000,22.913,24.06,22.454,24.06,0,0
THG_MV,D,20240603,000000,23.486,23.49,23.486,23.49,0,0
THG_MV,D,20240604,000000,23.371,23.371,23.37,23.37,0,0
THG_MV,D,20240605,000000,23.371,23.371,23.37,23.37,0,0
THG_MV,D,20240606,000000,23.142,23.142,22.91,22.91,0,0
THG_MV,D,20240607,000000,22.913,22.913,22.68,22.68,0,0
THG_MV,D,20240610,000000,23.027,23.027,22.68,22.68,0,0
THG_MV,D,20240611,000000,23.027,23.027,22.5,22.5,0,0
THG_MV,D,20240612,000000,22.913,23.371,22.913,23.37,0,0
THG_MV,D,20240613,000000,23.142,23.142,23.14,23.14,0,0
THG_MV,D,20240617,000000,22.913,22.913,22.546,22.55,0,0
THG_MV,D,20240618,000000,22.821,22.821,22.5,22.546,0,0
THG_MV,D,20240619,000000,22.546,22.64,22.546,22.64,0,0
THG_MV,D,20240621,000000,22.546,22.55,22.546,22.55,0,0
THG_MV,D,20240624,000000,22.638,22.64,22.638,22.64,0,0
THG_MV,D,20240625,000000,22.729,22.775,22.68,22.68,0,0
THG_MV,D,20240626,000000,22.775,22.78,22.775,22.78,0,0
THG_MV,D,20240627,000000,22.867,22.867,22.454,22.82,0,0
THG_MV,D,20240628,000000,22.867,22.87,22.867,22.87,0,0
THG_MV,D,20240703,000000,23.027,23.03,23.027,23.03,0,0
THG_MV,D,20240704,000000,23.027,23.03,23.027,23.03,0,0
THG_MV,D,20240705,000000,22.684,22.684,22.088,22.36,0,0
THG_MV,D,20240709,000000,21.996,21.996,21.72,21.72,0,0
THG_MV,D,20240710,000000,20.438,20.851,19.934,20.62,0,0
THG_MV,D,20240711,000000,20.576,20.621,20.25,20.25,0,0
THG_MV,D,20240712,000000,20.53,20.53,20.026,20.03,0,0
THG_MV,D,20240715,000000,20.072,20.209,19.659,19.66,0,0
THG_MV,D,20240716,000000,19.705,19.705,19.7,19.7,0,0
THG_MV,D,20240717,000000,19.705,19.705,19.7,19.7,0,0
THG_MV,D,20240719,000000,19.613,19.613,19.61,19.61,0,0
THG_MV,D,20240722,000000,20.072,20.072,20.07,20.07,0,0
THG_MV,D,20240723,000000,19.751,20.072,19.476,20.07,0,0
THG_MV,D,20240724,000000,20.117,20.117,19.797,19.8,0,0
THG_MV,D,20240725,000000,20.072,20.072,19.155,19.16,0,0
THG_MV,D,20240726,000000,19.155,20.163,19.155,20.16,0,0
THG_MV,D,20240729,000000,20.163,20.621,19.98,19.98,0,0
THG_MV,D,20240730,000000,19.98,20.58,19.98,20.58,0,0
THG_MV,D,20240731,000000,20.576,20.621,19.75,19.75,0,0
THG_MV,D,20240801,000000,19.613,20.621,19.25,19.25,0,0
THG_MV,D,20240802,000000,19.98,20.621,19.98,19.98,0,0
THG_MV,D,20240805,000000,19.98,20.392,18.101,20.35,0,0
THG_MV,D,20240806,000000,20.346,20.53,20.346,20.53,0,0
THG_MV,D,20240807,000000,20.484,20.484,20.48,20.48,0,0
THG_MV,D,20240808,000000,19.613,20.44,19.018,20.44,0,0
THG_MV,D,20240812,000000,20.484,20.484,20.48,20.48,0,0
THG_MV,D,20240813,000000,19.751,20.53,19.476,20.53,0,0
THG_MV,D,20240814,000000,20.621,20.621,20.53,20.62,0,0
THG_MV,D,20240816,000000,19.705,20.621,18.605,20.62,0,0
THG_MV,D,20240819,000000,20.621,20.621,20.62,20.62,0,0
THG_MV,D,20240820,000000,20.621,20.621,20.62,20.62,0,0
THG_MV,D,20240821,000000,20.621,20.621,20.62,20.62,0,0
THG_MV,D,20240822,000000,20.576,20.58,20.576,20.58,0,0
THG_MV,D,20240823,000000,19.751,20.621,19.751,20.62,0,0
THG_MV,D,20240826,000000,20.576,20.58,20.576,20.58,0,0
THG_MV,D,20240827,000000,20.576,20.58,20.576,20.58,0,0
THG_MV,D,20240828,000000,20.576,20.58,20.576,20.58,0,0
THG_MV,D,20240829,000000,20.576,20.58,20.576,20.58,0,0
THG_MV,D,20240830,000000,20.621,20.621,20.62,20.62,0,0
THG_MV,D,20240904,000000,20.621,20.621,20.62,20.62,0,0
THG_MV,D,20240909,000000,20.621,20.621,20.62,20.62,0,0
THG_MV,D,20240910,000000,20.117,20.621,20.117,20.62,0,0
THG_MV,D,20240911,000000,19.842,20.713,19.842,20.71,0,0
THG_MV,D,20240913,000000,20.667,20.667,20.62,20.62,0,0
THG_MV,D,20240916,000000,20.576,20.576,18.926,19.29,0,0
THG_MV,D,20240917,000000,18.651,19.384,17.872,18.33,0,0
THG_MV,D,20240918,000000,18.33,18.33,17.872,18.33,0,0
THG_MV,D,20240919,000000,18.33,18.33,17.87,17.87,0,0
THG_MV,D,20240923,000000,18.284,19.201,18.284,19.2,0,0
THG_MV,D,20240924,000000,19.201,19.201,19.2,19.2,0,0
THG_MV,D,20240925,000000,19.201,19.292,19.201,19.29,0,0
THG_MV,D,20240926,000000,19.292,19.292,19.29,19.29,0,0
THG_MV,D,20240927,000000,18.651,19.02,18.513,19.02,0,0
THG_MV,D,20240930,000000,19.292,19.292,19.29,19.29,0,0
THG_MV,D,20241001,000000,19.292,19.292,19.29,19.29,0,0
THG_MV,D,20241002,000000,18.651,19.247,16.818,17.37,0,0
THG_MV,D,20241003,000000,17.643,17.69,17.643,17.69,0,0
THG_MV,D,20241004,000000,17.459,17.69,17.368,17.37,0,0
THG_MV,D,20241007,000000,17.368,17.368,16.818,16.82,0,0
THG_MV,D,20241008,000000,16.864,16.864,16.039,16.04,0,0
THG_MV,D,20241009,000000,16.726,16.73,16.726,16.73,0,0
THG_MV,D,20241011,000000,16.818,17.368,16.039,16.86,0,0
THG_MV,D,20241014,000000,16.497,16.497,16.039,16.04,0,0
THG_MV,D,20241015,000000,16.085,16.635,16.085,16.63,0,0
THG_MV,D,20241016,000000,16.864,16.864,14.664,15.35,0,0
THG_MV,D,20241017,000000,15.489,15.489,15.03,15.03,0,0
THG_MV,D,20241018,000000,14.893,15.352,14.756,14.89,0,0
THG_MV,D,20241021,000000,14.893,15.306,14.89,14.89,0,0
THG_MV,D,20241022,000000,14.893,14.893,14.847,14.89,0,0
THG_MV,D,20241023,000000,14.893,14.893,14.66,14.66,0,0
THG_MV,D,20241024,000000,14.664,14.664,14.66,14.66,0,0
THG_MV,D,20241025,000000,14.664,14.664,14.48,14.48,0,0
THG_MV,D,20241028,000000,14.481,14.893,14.481,14.89,0,0
THG_MV,D,20241029,000000,14.847,14.893,14.847,14.89,0,0
THG_MV,D,20241030,000000,14.893,14.893,13.977,14.44,0,0
THG_MV,D,20241031,000000,14.435,14.435,14.16,14.16,0,0
THG_MV,D,20241104,000000,14.893,14.893,14.34,14.34,0,0
THG_MV,D,20241106,000000,14.71,14.71,14.66,14.66,0,0
THG_MV,D,20241107,000000,14.802,14.802,13.518,13.52,0,0
THG_MV,D,20241108,000000,13.518,13.518,12.19,12.83,0,0
THG_MV,D,20241112,000000,12.831,12.831,12.83,12.83,0,0
THG_MV,D,20241113,000000,13.152,13.244,13.152,13.24,0,0
THG_MV,D,20241114,000000,13.289,13.289,12.877,12.97,0,0
THG_MV,D,20241115,000000,13.244,13.29,13.244,13.29,0,0
THG_MV,D,20241118,000000,13.198,13.29,13.198,13.29,0,0
THG_MV,D,20241119,000000,13.198,13.29,12.877,13.29,0,0
THG_MV,D,20241120,000000,13.289,13.38,13.289,13.38,0,0
THG_MV,D,20241121,000000,13.473,14.114,13.473,14.11,0,0
THG_MV,D,20241125,000000,14.068,14.068,13.7,13.7,0,0
THG_MV,D,20241126,000000,13.931,13.931,13.93,13.93,0,0
THG_MV,D,20241127,000000,13.931,13.931,13.93,13.93,0,0
THG_MV,D,20241129,000000,13.473,13.52,13.473,13.52,0,0
THG_MV,D,20241202,000000,13.473,14.76,12.144,14.76,0,0
THG_MV,D,20241203,000000,14.435,14.435,13.748,13.75,0,0
THG_MV,D,20241204,000000,14.114,14.114,12.877,12.88,0,0
THG_MV,D,20241205,000000,13.473,13.473,12.877,12.88,0,0
THG_MV,D,20241206,000000,13.244,13.244,13.24,13.24,0,0
THG_MV,D,20241209,000000,13.244,13.244,12.052,12.79,0,0
THG_MV,D,20241210,000000,12.877,12.877,12.83,12.83,0,0
THG_MV,D,20241211,000000,12.831,12.831,12.37,12.37,0,0
THG_MV,D,20241212,000000,12.739,12.831,12.739,12.83,0,0
THG_MV,D,20241213,000000,12.831,13.793,12.785,13.79,0,0
THG_MV,D,20241216,000000,13.564,13.977,12.6,12.6,0,0
THG_MV,D,20241217,000000,12.739,12.739,12.51,12.51,0,0
THG_MV,D,20241218,000000,12.877,13.06,12.877,13.06,0,0
THG_MV,D,20241219,000000,13.014,13.06,12.51,13.06,0,0
THG_MV,D,20241220,000000,12.648,13.75,12.648,13.75,0,0
THG_MV,D,20241223,000000,13.702,13.75,13.381,13.75,0,0
THG_MV,D,20241230,000000,13.977,13.977,12.831,13.75,0,0
THG_MV,D,20250102,000000,13.748,13.75,13.748,13.75,0,0
THG_MV,D,20250103,000000,14.206,14.206,13.748,13.75,0,0
THG_MV,D,20250107,000000,12.602,12.877,11.456,12.51,0,0
THG_MV,D,20250108,000000,12.098,12.79,12.098,12.79,0,0
THG_MV,D,20250109,000000,12.831,12.831,12.83,12.83,0,0
THG_MV,D,20250110,000000,12.51,12.56,11.342,12.56,0,0
THG_MV,D,20250113,000000,12.556,12.556,11.91,11.91,0,0
THG_MV,D,20250114,000000,11.915,14.07,11.915,14.07,0,0
THG_MV,D,20250115,000000,14.068,15.443,13.839,14.44,0,0
THG_MV,D,20250116,000000,14.435,14.572,14.435,14.44,0,0
THG_MV,D,20250120,000000,14.572,14.572,14.57,14.57,0,0
THG_MV,D,20250121,000000,14.527,14.664,14.527,14.66,0,0
THG_MV,D,20250122,000000,14.664,15.077,14.664,15.03,0,0
THG_MV,D,20250123,000000,14.756,14.756,13.427,14.57,0,0
THG_MV,D,20250124,000000,14.114,14.114,14.11,14.11,0,0
THG_MV,D,20250127,000000,14.114,14.114,13.93,13.93,0,0
THG_MV,D,20250129,000000,13.931,13.98,13.931,13.98,0,0
THG_MV,D,20250130,000000,14.206,14.481,14.206,14.48,0,0
THG_MV,D,20250131,000000,14.481,14.572,14.435,14.57,0,0
THG_MV,D,20250203,000000,14.572,15.077,14.572,14.66,0,0
THG_MV,D,20250204,000000,15.077,15.077,14.572,14.76,0,0
THG_MV,D,20250205,000000,14.893,14.893,14.89,14.89,0,0
THG_MV,D,20250206,000000,14.664,14.664,14.618,14.62,0,0
THG_MV,D,20250207,000000,14.664,14.664,14.572,14.66,0,0
THG_MV,D,20250210,000000,14.664,14.664,14.618,14.66,0,0
THG_MV,D,20250211,000000,14.847,14.85,14.847,14.85,0,0
THG_MV,D,20250212,000000,14.343,14.343,13.885,13.98,0,0
THG_MV,D,20250213,000000,14.298,14.343,14.298,14.3,0,0
THG_MV,D,20250214,000000,14.298,14.298,12.923,14.11,0,0
THG_MV,D,20250217,000000,13.748,13.75,13.748,13.75,0,0
THG_MV,D,20250218,000000,13.748,13.748,13.289,13.29,0,0
THG_MV,D,20250219,000000,13.702,13.702,13.427,13.7,0,0
THG_MV,D,20250220,000000,13.748,13.75,13.748,13.75,0,0
THG_MV,D,20250221,000000,13.748,13.75,13.748,13.75,0,0
THG_MV,D,20250224,000000,13.748,13.75,13.473,13.75,0,0
THG_MV,D,20250225,000000,13.748,13.75,13.748,13.75,0,0
THG_MV,D,20250226,000000,13.748,13.75,13.748,13.75,0,0
THG_MV,D,20250227,000000,13.748,13.84,13.748,13.84,0,0
THG_MV,D,20250303,000000,13.793,13.89,13.427,13.89,0,0
THG_MV,D,20250305,000000,13.931,13.98,13.931,13.98,0,0
THG_MV,D,20250306,000000,13.793,13.931,13.79,13.79,0,0
THG_MV,D,20250310,000000,13.748,13.75,13.748,13.75,0,0
THG_MV,D,20250311,000000,13.748,13.748,13.335,13.7,0,0
THG_MV,D,20250312,000000,13.702,13.748,13.47,13.47,0,0
THG_MV,D,20250313,000000,13.427,13.43,13.427,13.43,0,0
THG_MV,D,20250314,000000,13.656,13.75,13.656,13.75,0,0
THG_MV,D,20250318,000000,13.885,13.89,13.885,13.89,0,0
THG_MV,D,20250320,000000,13.839,13.931,13.839,13.93,0,0
THG_MV,D,20250324,000000,13.793,13.793,13.748,13.75,0,0
THG_MV,D,20250327,000000,13.931,13.931,13.885,13.89,0,0
THG_MV,D,20250328,000000,13.885,13.89,13.885,13.89,0,0
THG_MV,D,20250331,000000,13.885,13.885,13.7,13.7,0,0
THG_MV,D,20250401,000000,13.793,13.793,13.79,13.79,0,0
THG_MV,D,20250402,000000,13.793,13.793,13.79,13.79,0,0
THG_MV,D,20250404,000000,13.748,13.75,13.748,13.75,0,0
THG_MV,D,20250407,000000,13.06,13.335,12.602,13.289,0,0
THG_MV,D,20250408,000000,13.427,13.43,13.427,13.43,0,0
THG_MV,D,20250409,000000,13.473,13.473,13.47,13.47,0,0
THG_MV,D,20250410,000000,13.473,13.473,13.473,13.473,0,0
THG_MV,D,20250411,000000,13.289,13.29,13.289,13.29,0,0
THG_MV,D,20250414,000000,13.427,13.43,13.427,13.43,0,0
THG_MV,D,20250415,000000,13.518,13.52,13.518,13.52,0,0
THG_MV,D,20250417,000000,13.427,13.43,13.427,13.43,0,0
THG_MV,D,20250422,000000,13.564,13.61,13.564,13.61,0,0
THG_MV,D,20250423,000000,13.335,13.335,13.289,13.29,0,0
THG_MV,D,20250424,000000,13.289,13.29,13.289,13.29,0,0
THG_MV,D,20250425,000000,13.289,13.75,13.289,13.75,0,0
THG_MV,D,20250428,000000,13.518,13.518,13.06,13.29,0,0
THG_MV,D,20250429,000000,13.289,13.473,13.289,13.47,0,0
THG_MV,D,20250430,000000,13.473,13.473,13.289,13.29,0,0
THG_MV,D,20250505,000000,13.518,13.61,13.518,13.61,0,0
THG_MV,D,20250506,000000,13.518,13.518,13.289,13.29,0,0
THG_MV,D,20250507,000000,13.335,13.34,13.335,13.34,0,0
THG_MV,D,20250508,000000,13.289,13.289,13.15,13.15,0,0
THG_MV,D,20250512,000000,13.427,13.61,13.427,13.61,0,0
THG_MV,D,20250513,000000,13.427,13.43,13.427,13.43,0,0
THG_MV,D,20250514,000000,13.381,13.381,13.38,13.38,0,0
THG_MV,D,20250515,000000,13.335,13.335,13.289,13.29,0,0
THG_MV,D,20250519,000000,13.518,13.66,13.518,13.66,0,0
THG_MV,D,20250520,000000,13.427,13.656,13.427,13.61,0,0
THG_MV,D,20250521,000000,13.473,13.473,13.473,13.473,0,0
THG_MV,D,20250522,000000,13.473,13.473,13.427,13.43,0,0
THG_MV,D,20250526,000000,13.427,13.427,13.38,13.38,0,0
THG_MV,D,20250527,000000,13.564,13.61,13.564,13.61,0,0
THG_MV,D,20250528,000000,13.656,13.66,13.656,13.66,0,0
THG_MV,D,20250529,000000,13.473,13.75,13.473,13.75,0,0
THG_MV,D,20250530,000000,13.61,13.61,13.518,13.52,0,0
THG_MV,D,20250603,000000,13.473,13.473,13.47,13.47,0,0
THG_MV,D,20250604,000000,13.473,13.473,13.47,13.47,0,0
THG_MV,D,20250605,000000,13.473,13.473,13.47,13.47,0,0
THG_MV,D,20250606,000000,13.656,13.793,13.427,13.43,0,0
THG_MV,D,20250610,000000,13.427,13.43,13.427,13.43,0,0
THG_MV,D,20250613,000000,13.381,13.381,13.24,13.24,0,0
THG_MV,D,20250616,000000,13.244,13.75,13.244,13.75,0,0
THG_MV,D,20250617,000000,13.702,13.702,13.7,13.7,0,0
THG_MV,D,20250623,000000,13.748,13.748,13.427,13.43,0,0
THG_MV,D,20250624,000000,13.702,13.702,13.7,13.7,0,0
THG_MV,D,20250625,000000,13.427,13.43,13.427,13.43,0,0
THG_MV,D,20250627,000000,13.61,13.748,13.56,13.56,0,0
THG_MV,D,20250630,000000,13.564,13.564,13.56,13.56,0,0
THG_MV,D,20250701,000000,13.564,13.564,13.43,13.43,0,0
THG_MV,D,20250702,000000,13.748,13.75,13.427,13.75,0,0
THG_MV,D,20250707,000000,13.748,13.75,13.748,13.75,0,0
THG_MV,D,20250708,000000,13.793,14.07,13.793,14.07,0,0
THG_MV,D,20250709,000000,14.068,14.21,14.068,14.21,0,0
THG_MV,D,20250710,000000,14.389,14.389,13.93,13.93,0,0
THG_MV,D,20250711,000000,14.435,14.85,14.435,14.85,0,0
THG_MV,D,20250714,000000,14.618,14.62,14.618,14.62,0,0
THG_MV,D,20250715,000000,14.847,14.85,14.847,14.85,0,0
THG_MV,D,20250716,000000,14.847,14.85,14.847,14.85,0,0
THG_MV,D,20250717,000000,14.847,14.85,14.847,14.85,0,0
THG_MV,D,20250718,000000,14.847,14.85,14.847,14.85,0,0
THG_MV,D,20250721,000000,14.847,14.847,14.11,14.11,0,0
THG_MV,D,20250722,000000,14.252,14.298,14.16,14.16,0,0
THG_MV,D,20250723,000000,14.298,14.3,14.298,14.3,0,0
THG_MV,D,20250728,000000,14.068,14.114,13.702,13.93,0,0
THG_MV,D,20250729,000000,14.023,14.21,14.023,14.21,0,0
THG_MV,D,20250730,000000,14.252,14.252,14.25,14.25,0,0
THG_MV,D,20250801,000000,14.206,14.252,13.839,14.25,0,0
THG_MV,D,20250804,000000,13.977,14.343,13.977,14.34,0,0
THG_MV,D,20250805,000000,14.343,14.76,14.343,14.76,0,0
THG_MV,D,20250806,000000,14.756,14.76,14.756,14.76,0,0
THG_MV,D,20250807,000000,14.664,14.664,14.298,14.3,0,0
THG_MV,D,20250808,000000,14.298,14.71,14.298,14.71,0,0
THG_MV,D,20250811,000000,14.71,14.756,14.435,14.44,0,0
THG_MV,D,20250812,000000,14.252,14.252,14.25,14.25,0,0
THG_MV,D,20250813,000000,14.572,14.572,14.57,14.57,0,0
THG_MV,D,20250814,000000,14.572,14.572,14.57,14.57,0,0
THG_MV,D,20250821,000000,14.298,14.298,14.206,14.21,0,0
THG_MV,D,20250822,000000,14.206,14.572,14.206,14.21,0,0
THG_MV,D,20250825,000000,14.206,14.62,14.206,14.62,0,0
THG_MV,D,20250826,000000,14.618,14.62,14.618,14.62,0,0
THG_MV,D,20250827,000000,14.527,14.664,14.527,14.66,0,0
THG_MV,D,20250828,000000,14.71,14.71,14.66,14.66,0,0
THG_MV,D,20250829,000000,14.756,14.756,14.66,14.66,0,0
THG_MV,D,20250901,000000,14.802,14.847,14.527,14.53,0,0
THG_MV,D,20250902,000000,14.527,14.618,14.435,14.44,0,0
THG_MV,D,20250904,000000,14.618,14.62,14.618,14.62,0,0
THG_MV,D,20250905,000000,14.618,14.62,14.618,14.62,0,0
THG_MV,D,20250908,000000,14.618,14.62,14.618,14.62,0,0
THG_MV,D,20250909,000000,14.618,14.62,14.618,14.62,0,0
THG_MV,D,20250910,000000,14.618,14.618,14.11,14.11,0,0
THG_MV,D,20250911,000000,14.114,14.114,13.793,14.11,0,0
THG_MV,D,20250916,000000,14.206,14.21,14.206,14.21,0,0
THG_MV,D,20250917,000000,14.023,14.023,13.977,13.98,0,0
THG_MV,D,20250918,000000,14.023,14.847,14.023,14.76,0,0
THG_MV,D,20250919,000000,14.756,14.85,14.756,14.85,0,0
THG_MV,D,20250922,000000,14.847,14.85,14.847,14.85,0,0
THG_MV,D,20250923,000000,14.802,14.893,14.802,14.89,0,0
THG_MV,D,20250924,000000,14.893,14.893,14.89,14.89,0,0
THG_MV,D,20250926,000000,14.802,14.893,14.435,14.44,0,0
THG_MV,D,20250929,000000,14.435,14.893,14.298,14.89,0,0
THG_MV,D,20250930,000000,14.893,14.893,14.89,14.89,0,0
THG_MV,D,20251001,000000,14.802,14.893,14.435,14.44,0,0
THG_MV,D,20251002,000000,14.71,14.71,14.71,14.71,0,0
THG_MV,D,20251003,000000,14.664,14.664,14.66,14.66,0,0
THG_MV,D,20251006,000000,14.71,14.893,14.481,14.89,0,0
THG_MV,D,20251007,000000,14.893,15.352,14.893,15.35,0,0
THG_MV,D,20251008,000000,15.306,15.352,15.306,15.35,0,0
THG_MV,D,20251009,000000,15.26,15.352,15.26,15.35,0,0
THG_MV,D,20251010,000000,15.306,15.443,14.89,14.89,0,0
THG_MV,D,20251013,000000,14.847,14.893,14.802,14.89,0,0
THG_MV,D,20251014,000000,14.939,14.939,14.34,14.34,0,0
THG_MV,D,20251015,000000,14.572,14.893,14.572,14.89,0,0
THG_MV,D,20251016,000000,14.893,15.122,14.893,15.12,0,0
THG_MV,D,20251017,000000,15.26,15.397,15.26,15.35,0,0
THG_MV,D,20251020,000000,15.306,15.352,15.306,15.35,0,0
THG_MV,D,20251021,000000,15.352,15.352,15.077,15.08,0,0
THG_MV,D,20251022,000000,15.077,15.08,15.077,15.08,0,0
THG_MV,D,20251023,000000,15.031,15.122,14.893,15.12,0,0
THG_MV,D,20251024,000000,15.122,15.122,15.12,15.12,0,0
THG_MV,D,20251027,000000,15.443,15.443,15.12,15.12,0,0
THG_MV,D,20251028,000000,15.122,15.122,14.481,14.66,0,0
THG_MV,D,20251029,000000,14.618,14.664,14.618,14.66,0,0
THG_MV,D,20251030,000000,14.572,14.572,14.298,14.3,0,0
THG_MV,D,20251031,000000,14.572,14.572,14.572,14.572,0,0
THG_MV,D,20251103,000000,14.527,14.527,14.206,14.21,0,0
THG_MV,D,20251104,000000,14.435,14.71,14.435,14.71,0,0
THG_MV,D,20251105,000000,14.71,14.71,14.664,14.71,0,0
THG_MV,D,20251106,000000,14.343,14.893,14.343,14.89,0,0
THG_MV,D,20251107,000000,14.847,14.893,14.847,14.89,0,0
THG_MV,D,20251110,000000,14.893,14.893,14.89,14.89,0,0
THG_MV,D,20251112,000000,14.893,15.08,14.893,15.08,0,0
THG_MV,D,20251113,000000,14.893,14.985,14.893,14.98,0,0
THG_MV,D,20251117,000000,14.756,14.985,13.748,14.39,0,0
THG_MV,D,20251118,000000,14.206,14.21,14.206,14.21,0,0
THG_MV,D,20251119,000000,14.343,14.53,14.343,14.53,0,0
THG_MV,D,20251120,000000,14.527,14.71,14.527,14.71,0,0
THG_MV,D,20251121,000000,14.71,14.802,14.71,14.8,0,0
THG_MV,D,20251124,000000,14.71,14.71,14.71,14.71,0,0
THG_MV,D,20251125,000000,14.756,14.76,14.756,14.76,0,0
THG_MV,D,20251126,000000,14.71,14.71,14.71,14.71,0,0
THG_MV,D,20251127,000000,14.756,14.756,14.71,14.71,0,0
THG_MV,D,20251128,000000,14.71,14.85,14.71,14.85,0,0
THG_MV,D,20251201,000000,14.664,14.76,14.572,14.76,0,0
THG_MV,D,20251202,000000,14.572,14.847,14.11,14.11,0,0
THG_MV,D,20251203,000000,14.068,14.572,14.068,14.11,0,0
THG_MV,D,20251204,000000,14.16,14.252,14.11,14.11,0,0
THG_MV,D,20251205,000000,14.114,14.343,14.114,14.34,0,0
THG_MV,D,20251208,000000,14.481,14.481,14.068,14.11,0,0
THG_MV,D,20251209,000000,14.068,14.893,14.068,14.89,0,0
THG_MV,D,20251210,000000,14.939,14.94,14.939,14.94,0,0
THG_MV,D,20251211,000000,14.618,14.618,14.57,14.57,0,0
THG_MV,D,20251212,000000,14.572,14.893,14.527,14.85,0,0
THG_MV,D,20251215,000000,14.847,14.893,13.839,14.02,0,0
THG_MV,D,20251216,000000,14.068,14.068,12.694,13.79,0,0
THG_MV,D,20251217,000000,13.61,14.068,13.56,13.56,0,0
THG_MV,D,20251218,000000,13.518,14.298,13.473,13.61,0,0
THG_MV,D,20251219,000000,13.61,14.389,13.427,14.3,0,0
THG_MV,D,20251222,000000,14.298,14.298,13.47,13.47,0,0
THG_MV,D,20251223,000000,13.473,13.518,13.014,13.289,0,0
THG_MV,D,20251229,000000,13.289,13.518,13.106,13.29,0,0
THG_MV,D,20251230,000000,13.335,13.52,13.335,13.52,0,0
THG_MV,D,20260102,000000,13.748,13.748,13.244,13.43,0,0
THG_MV,D,20260105,000000,13.427,13.75,13.427,13.75,0,0
THG_MV,D,20260107,000000,13.748,13.748,13.289,13.29,0,0
THG_MV,D,20260108,000000,13.381,13.75,13.289,13.75,0,0
THG_MV,D,20260109,000000,13.381,13.75,13.381,13.75,0,0
THG_MV,D,20260112,000000,13.702,13.75,13.702,13.75,0,0
THG_MV,D,20260113,000000,13.427,13.748,13.427,13.52,0,0
THG_MV,D,20260114,000000,13.518,13.75,13.473,13.75,0,0
THG_MV,D,20260115,000000,13.518,13.748,13.427,13.61,0,0
THG_MV,D,20260116,000000,13.427,13.793,13.198,13.47,0,0
THG_MV,D,20260119,000000,13.427,13.473,13.198,13.2,0,0
THG_MV,D,20260120,000000,13.244,13.244,13.24,13.24,0,0
THG_MV,D,20260121,000000,13.152,13.152,13.06,13.11,0,0
THG_MV,D,20260122,000000,13.014,13.518,13.014,13.24,0,0
THG_MV,D,20260123,000000,13.289,13.473,13.289,13.29,0,0
