<TICKER>,<PER>,<DATE>,<TIME>,<OPEN>,<HIGH>,<LOW>,<CLOSE>,<VOL>,<OPENINT>
VRC_MV,D,20210506,000000,724.819,724.819,724.819,724.819,0,0
VRC_MV,D,20210507,000000,726.206,746.958,705.462,727.592,0,0
VRC_MV,D,20210510,000000,745.439,745.571,724.819,727.592,0,0
VRC_MV,D,20210511,000000,745.571,745.571,712.373,712.517,0,0
VRC_MV,D,20210512,000000,712.517,719.295,712.517,719.295,0,0
VRC_MV,D,20210513,000000,733.126,733.126,719.295,719.295,0,0
VRC_MV,D,20210514,000000,712.373,712.373,702.691,705.739,0,0
VRC_MV,D,20210517,000000,705.739,706.562,704.076,706.428,0,0
VRC_MV,D,20210518,000000,703.522,715.146,701.581,702.967,0,0
VRC_MV,D,20210519,000000,708.225,719.295,708.225,719.295,0,0
VRC_MV,D,20210520,000000,705.597,728.978,705.462,728.978,0,0
VRC_MV,D,20210521,000000,728.978,746.958,726.206,746.958,0,0
VRC_MV,D,20210524,000000,746.958,746.958,719.295,746.958,0,0
VRC_MV,D,20210525,000000,708.091,730.354,708.091,714.868,0,0
VRC_MV,D,20210526,000000,728.978,728.978,712.373,719.151,0,0
VRC_MV,D,20210527,000000,719.151,719.295,712.373,712.373,0,0
VRC_MV,D,20210528,000000,718.74,719.151,707.671,707.671,0,0
VRC_MV,D,20210531,000000,707.671,717.077,691.63,717.077,0,0
VRC_MV,D,20210601,000000,719.151,719.151,715.146,719.017,0,0
VRC_MV,D,20210602,000000,719.017,719.017,719.017,719.017,0,0
VRC_MV,D,20210604,000000,715.146,719.295,708.225,719.295,0,0
VRC_MV,D,20210607,000000,719.295,719.295,705.597,713.76,0,0
VRC_MV,D,20210608,000000,719.295,719.295,717.908,717.908,0,0
VRC_MV,D,20210609,000000,741.424,741.424,719.295,719.295,0,0
VRC_MV,D,20210610,000000,719.295,730.354,717.908,719.295,0,0
VRC_MV,D,20210611,000000,742.809,742.809,741.424,741.424,0,0
VRC_MV,D,20210614,000000,743.497,743.497,726.206,733.126,0,0
VRC_MV,D,20210615,000000,743.497,743.497,733.126,733.26,0,0
VRC_MV,D,20210616,000000,733.126,733.126,726.206,726.903,0,0
VRC_MV,D,20210617,000000,743.497,743.497,726.206,740.038,0,0
VRC_MV,D,20210618,000000,740.038,740.038,733.126,733.126,0,0
VRC_MV,D,20210621,000000,719.295,719.295,716.522,716.522,0,0
VRC_MV,D,20210622,000000,719.295,719.295,719.295,719.295,0,0
VRC_MV,D,20210623,000000,720.671,740.18,709.888,740.18,0,0
VRC_MV,D,20210624,000000,739.76,926.945,719.295,926.945,0,0
VRC_MV,D,20210625,000000,926.945,935.777,916.353,933.301,0,0
VRC_MV,D,20210628,000000,921.83,922.002,918.12,918.12,0,0
VRC_MV,D,20210629,000000,915.292,921.648,901.346,901.346,0,0
VRC_MV,D,20210630,000000,918.12,918.12,901.346,912.826,0,0
VRC_MV,D,20210701,000000,903.113,930.481,903.113,926.945,0,0
VRC_MV,D,20210702,000000,918.12,934.008,918.12,934.008,0,0
VRC_MV,D,20210705,000000,934.008,943.72,921.648,935.777,0,0
VRC_MV,D,20210706,000000,935.777,951.663,935.777,944.6,0,0
VRC_MV,D,20210707,000000,951.663,970.905,951.663,965.438,0,0
VRC_MV,D,20210708,000000,965.792,965.792,953.432,956.959,0,0
VRC_MV,D,20210709,000000,962.255,963.851,946.893,954.493,0,0
VRC_MV,D,20210712,000000,954.493,967.55,954.311,965.792,0,0
VRC_MV,D,20210713,000000,965.61,979.907,957.313,957.313,0,0
VRC_MV,D,20210714,000000,965.792,968.439,935.777,953.432,0,0
VRC_MV,D,20210715,000000,962.255,966.671,950.249,962.608,0,0
VRC_MV,D,20210716,000000,959.606,959.606,950.956,957.848,0,0
VRC_MV,D,20210719,000000,956.959,956.959,934.887,935.777,0,0
VRC_MV,D,20210720,000000,934.008,949.015,934.008,935.777,0,0
VRC_MV,D,20210721,000000,937.535,947.601,930.653,947.601,0,0
VRC_MV,D,20210722,000000,952.543,952.725,932.24,944.428,0,0
VRC_MV,D,20210723,000000,944.428,952.19,930.481,934.715,0,0
VRC_MV,D,20210726,000000,943.366,943.366,930.481,930.481,0,0
VRC_MV,D,20210727,000000,930.653,932.24,927.298,931.36,0,0
VRC_MV,D,20210728,000000,935.424,935.424,927.48,927.48,0,0
VRC_MV,D,20210729,000000,932.067,939.131,927.48,930.481,0,0
VRC_MV,D,20210730,000000,935.424,935.777,926.945,931.36,0,0
VRC_MV,D,20210802,000000,935.595,937.535,935.595,937.535,0,0
VRC_MV,D,20210803,000000,951.663,953.432,944.6,948.137,0,0
VRC_MV,D,20210804,000000,953.432,953.432,949.015,953.432,0,0
VRC_MV,D,20210805,000000,937.535,953.432,937.535,944.6,0,0
VRC_MV,D,20210806,000000,946.014,946.014,935.595,946.014,0,0
VRC_MV,D,20210809,000000,944.6,977.972,944.6,970.734,0,0
VRC_MV,D,20210810,000000,971.087,971.087,957.141,967.55,0,0
VRC_MV,D,20210811,000000,970.734,970.734,956.959,962.255,0,0
VRC_MV,D,20210812,000000,962.255,962.436,944.6,944.6,0,0
VRC_MV,D,20210813,000000,953.25,960.85,945.488,953.432,0,0
VRC_MV,D,20210816,000000,960.496,968.612,953.604,953.957,0,0
VRC_MV,D,20210817,000000,962.255,962.255,944.953,950.784,0,0
VRC_MV,D,20210818,000000,951.663,951.663,944.6,945.488,0,0
VRC_MV,D,20210819,000000,946.367,949.895,944.6,949.895,0,0
VRC_MV,D,20210820,000000,949.895,949.895,946.014,946.54,0,0
VRC_MV,D,20210823,000000,950.784,974.614,945.135,967.55,0,0
VRC_MV,D,20210824,000000,969.32,974.439,958.728,972.502,0,0
VRC_MV,D,20210825,000000,970.905,971.087,958.899,965.792,0,0
VRC_MV,D,20210826,000000,962.255,967.55,959.606,966.671,0,0
VRC_MV,D,20210827,000000,969.32,969.32,962.083,962.255,0,0
VRC_MV,D,20210830,000000,964.903,964.903,956.959,961.376,0,0
VRC_MV,D,20210831,000000,953.604,961.376,953.604,961.376,0,0
VRC_MV,D,20210901,000000,955.019,960.496,935.777,953.432,0,0
VRC_MV,D,20210902,000000,960.496,960.496,943.012,953.25,0,0
VRC_MV,D,20210903,000000,953.432,960.314,944.6,956.606,0,0
VRC_MV,D,20210906,000000,961.376,961.376,945.66,951.663,0,0
VRC_MV,D,20210907,000000,946.54,951.663,943.185,949.895,0,0
VRC_MV,D,20210908,000000,949.895,951.663,943.366,949.895,0,0
VRC_MV,D,20210909,000000,953.432,953.432,944.6,944.6,0,0
VRC_MV,D,20210910,000000,943.366,949.895,943.366,948.137,0,0
VRC_MV,D,20210913,000000,953.432,953.432,943.893,944.6,0,0
VRC_MV,D,20210914,000000,949.895,949.895,939.486,939.486,0,0
VRC_MV,D,20210915,000000,939.486,953.432,939.486,946.367,0,0
VRC_MV,D,20210916,000000,949.895,953.432,941.073,951.663,0,0
VRC_MV,D,20210917,000000,953.25,962.255,939.304,953.432,0,0
VRC_MV,D,20210920,000000,960.314,960.314,935.595,935.595,0,0
VRC_MV,D,20210921,000000,935.595,944.428,926.945,927.48,0,0
VRC_MV,D,20210922,000000,927.48,935.949,927.298,935.777,0,0
VRC_MV,D,20210923,000000,935.777,935.777,927.298,928.712,0,0
VRC_MV,D,20210924,000000,927.652,934.008,927.298,934.008,0,0
VRC_MV,D,20210927,000000,934.179,964.903,926.945,964.903,0,0
VRC_MV,D,20210928,000000,965.256,965.256,931.179,936.131,0,0
VRC_MV,D,20210929,000000,933.301,961.194,927.298,961.194,0,0
VRC_MV,D,20210930,000000,935.949,963.143,935.949,963.143,0,0
VRC_MV,D,20211001,000000,948.662,960.496,948.662,960.496,0,0
VRC_MV,D,20211004,000000,960.496,960.496,944.6,953.432,0,0
VRC_MV,D,20211005,000000,953.432,953.432,937.535,939.839,0,0
VRC_MV,D,20211006,000000,944.6,962.255,937.535,937.535,0,0
VRC_MV,D,20211007,000000,937.889,940.718,935.777,939.304,0,0
VRC_MV,D,20211008,000000,935.949,940.718,934.008,940.718,0,0
VRC_MV,D,20211011,000000,941.073,953.25,940.891,940.891,0,0
VRC_MV,D,20211012,000000,941.073,944.6,936.131,936.302,0,0
VRC_MV,D,20211013,000000,953.079,953.079,937.363,937.363,0,0
VRC_MV,D,20211014,000000,944.428,949.723,936.302,946.367,0,0
VRC_MV,D,20211015,000000,944.6,944.6,936.484,936.484,0,0
VRC_MV,D,20211018,000000,936.302,944.781,936.302,944.6,0,0
VRC_MV,D,20211019,000000,944.428,953.432,937.889,953.432,0,0
VRC_MV,D,20211020,000000,951.663,951.663,939.304,939.304,0,0
VRC_MV,D,20211021,000000,944.6,953.432,939.304,944.6,0,0
VRC_MV,D,20211022,000000,953.432,958.728,937.363,953.432,0,0
VRC_MV,D,20211025,000000,936.131,957.848,936.131,944.6,0,0
VRC_MV,D,20211026,000000,944.6,953.432,942.84,953.25,0,0
VRC_MV,D,20211027,000000,953.432,953.432,938.243,938.243,0,0
VRC_MV,D,20211028,000000,949.895,949.895,938.243,938.243,0,0
VRC_MV,D,20211029,000000,938.243,939.304,937.889,937.889,0,0
VRC_MV,D,20211102,000000,939.304,939.304,935.949,936.302,0,0
VRC_MV,D,20211103,000000,939.658,939.658,929.592,935.777,0,0
VRC_MV,D,20211104,000000,928.884,949.723,927.298,944.953,0,0
VRC_MV,D,20211105,000000,946.367,949.895,927.48,948.137,0,0
VRC_MV,D,20211108,000000,947.955,948.137,929.945,940.891,0,0
VRC_MV,D,20211109,000000,935.777,935.777,930.481,935.242,0,0
VRC_MV,D,20211110,000000,930.653,935.242,930.653,932.421,0,0
VRC_MV,D,20211112,000000,932.421,944.6,927.298,944.6,0,0
VRC_MV,D,20211115,000000,935.777,944.6,928.53,944.6,0,0
VRC_MV,D,20211116,000000,935.777,946.367,935.777,946.185,0,0
VRC_MV,D,20211117,000000,926.945,926.945,882.715,926.945,0,0
VRC_MV,D,20211118,000000,923.417,926.945,882.81,914.584,0,0
VRC_MV,D,20211119,000000,921.648,921.648,888.277,898.698,0,0
VRC_MV,D,20211122,000000,898.698,898.698,877.505,884.57,0,0
VRC_MV,D,20211123,000000,884.57,888.106,865.327,879.273,0,0
VRC_MV,D,20211124,000000,882.81,882.81,865.499,873.978,0,0
VRC_MV,D,20211125,000000,873.978,877.505,868.682,877.505,0,0
VRC_MV,D,20211126,000000,877.505,877.505,849.258,849.611,0,0
VRC_MV,D,20211129,000000,847.49,859.238,847.49,856.323,0,0
VRC_MV,D,20211130,000000,859.85,859.85,847.672,848.025,0,0
VRC_MV,D,20211201,000000,859.85,859.85,849.258,856.323,0,0
VRC_MV,D,20211202,000000,859.85,860.557,851.027,860.557,0,0
VRC_MV,D,20211203,000000,856.323,856.323,847.49,856.323,0,0
VRC_MV,D,20211206,000000,850.137,870.354,847.49,863.387,0,0
VRC_MV,D,20211207,000000,847.585,866.913,847.585,856.323,0,0
VRC_MV,D,20211208,000000,870.451,870.451,847.672,847.672,0,0
VRC_MV,D,20211209,000000,856.236,856.323,842.195,852.786,0,0
VRC_MV,D,20211210,000000,855.443,855.443,842.195,855.348,0,0
VRC_MV,D,20211213,000000,855.443,863.205,847.49,852.786,0,0
VRC_MV,D,20211214,000000,856.323,856.323,840.435,852.786,0,0
VRC_MV,D,20211215,000000,856.323,860.031,838.667,842.195,0,0
VRC_MV,D,20211216,000000,850.941,850.941,840.435,840.521,0,0
VRC_MV,D,20211217,000000,840.435,863.291,840.435,859.85,0,0
VRC_MV,D,20211220,000000,863.387,891.633,856.323,891.633,0,0
VRC_MV,D,20211221,000000,891.461,891.461,877.773,886.337,0,0
VRC_MV,D,20211222,000000,882.81,882.81,870.451,877.505,0,0
VRC_MV,D,20211223,000000,881.921,889.865,861.618,889.865,0,0
VRC_MV,D,20211227,000000,889.865,889.865,873.978,873.978,0,0
VRC_MV,D,20211228,000000,873.978,873.978,856.323,861.445,0,0
VRC_MV,D,20211229,000000,861.445,882.81,856.323,875.746,0,0
VRC_MV,D,20211230,000000,875.746,875.746,856.323,864.973,0,0
VRC_MV,D,20220103,000000,864.973,889.865,863.387,889.865,0,0
VRC_MV,D,20220104,000000,888.985,891.633,873.978,891.633,0,0
VRC_MV,D,20220105,000000,887.217,891.633,867.094,885.458,0,0
VRC_MV,D,20220107,000000,885.458,885.458,867.267,882.275,0,0
VRC_MV,D,20220110,000000,891.633,891.633,872.391,872.391,0,0
VRC_MV,D,20220111,000000,877.505,877.505,861.618,862.411,0,0
VRC_MV,D,20220112,000000,873.978,885.63,863.387,866.559,0,0
VRC_MV,D,20220113,000000,884.398,884.398,860.738,861.618,0,0
VRC_MV,D,20220114,000000,861.618,861.618,858.09,861.618,0,0
VRC_MV,D,20220117,000000,861.618,861.618,856.323,859.85,0,0
VRC_MV,D,20220118,000000,859.85,880.86,856.323,880.86,0,0
VRC_MV,D,20220119,000000,881.042,881.042,856.408,879.101,0,0
VRC_MV,D,20220120,000000,879.273,879.273,861.618,879.187,0,0
VRC_MV,D,20220121,000000,879.187,879.187,843.962,856.141,0,0
VRC_MV,D,20220124,000000,863.205,863.205,780.49,804.857,0,0
VRC_MV,D,20220125,000000,769.01,803.174,769.01,802.82,0,0
VRC_MV,D,20220126,000000,801.587,801.587,794.437,801.587,0,0
VRC_MV,D,20220127,000000,794.523,801.587,760.981,791.704,0,0
VRC_MV,D,20220128,000000,792.755,792.755,769.803,784.812,0,0
VRC_MV,D,20220131,000000,784.812,784.812,764.689,767.949,0,0
VRC_MV,D,20220201,000000,768.046,785.701,768.046,771.573,0,0
VRC_MV,D,20220202,000000,776.868,785.701,774.048,785.604,0,0
VRC_MV,D,20220203,000000,810.42,810.42,771.219,783.932,0,0
VRC_MV,D,20220204,000000,776.868,785.701,770.244,776.782,0,0
VRC_MV,D,20220207,000000,776.868,776.868,767.949,767.949,0,0
VRC_MV,D,20220208,000000,776.782,776.868,776.696,776.868,0,0
VRC_MV,D,20220209,000000,810.42,810.42,775.1,776.868,0,0
VRC_MV,D,20220210,000000,768.924,776.868,768.924,776.868,0,0
VRC_MV,D,20220211,000000,776.868,794.523,768.838,776.868,0,0
VRC_MV,D,20220214,000000,759.213,759.385,750.294,750.294,0,0
VRC_MV,D,20220215,000000,750.208,750.38,732.725,745.085,0,0
VRC_MV,D,20220216,000000,768.046,768.046,741.557,759.213,0,0
VRC_MV,D,20220217,000000,725.671,768.046,717.717,723.901,0,0
VRC_MV,D,20220218,000000,723.988,792.755,723.901,790.996,0,0
VRC_MV,D,20220221,000000,810.324,810.324,732.725,759.127,0,0
VRC_MV,D,20220222,000000,739.789,750.294,739.789,750.208,0,0
VRC_MV,D,20220223,000000,794.351,794.351,757.539,782.164,0,0
VRC_MV,D,20220224,000000,741.557,753.831,659.808,741.557,0,0
VRC_MV,D,20220225,000000,741.557,753.918,723.988,734.493,0,0
VRC_MV,D,20220228,000000,734.493,734.493,723.901,732.725,0,0
VRC_MV,D,20220301,000000,725.671,733.613,706.246,706.246,0,0
VRC_MV,D,20220302,000000,723.901,723.901,706.246,721.779,0,0
VRC_MV,D,20220303,000000,721.866,732.725,707.126,730.076,0,0
VRC_MV,D,20220304,000000,732.725,732.725,695.655,711.543,0,0
VRC_MV,D,20220307,000000,667.398,695.302,665.286,695.302,0,0
VRC_MV,D,20220308,000000,706.246,706.246,679.759,706.246,0,0
VRC_MV,D,20220309,000000,705.357,711.543,705.357,711.543,0,0
VRC_MV,D,20220310,000000,711.543,759.213,711.543,759.213,0,0
VRC_MV,D,20220311,000000,776.696,776.696,745.18,768.046,0,0
VRC_MV,D,20220314,000000,776.868,782.077,751.881,753.918,0,0
VRC_MV,D,20220315,000000,776.868,776.868,746.853,776.868,0,0
VRC_MV,D,20220316,000000,776.868,776.868,768.389,774.928,0,0
VRC_MV,D,20220317,000000,774.928,774.928,759.385,759.385,0,0
VRC_MV,D,20220318,000000,776.868,776.868,759.299,776.782,0,0
VRC_MV,D,20220321,000000,776.782,776.782,759.299,774.393,0,0
VRC_MV,D,20220322,000000,760.274,776.247,759.48,776.247,0,0
VRC_MV,D,20220323,000000,776.247,776.247,759.213,762.74,0,0
VRC_MV,D,20220324,000000,766.802,775.1,759.213,771.486,0,0
VRC_MV,D,20220325,000000,769.803,771.486,733.26,746.853,0,0
VRC_MV,D,20220328,000000,746.853,776.868,746.853,769.278,0,0
VRC_MV,D,20220329,000000,769.803,769.803,753.918,765.387,0,0
VRC_MV,D,20220330,000000,769.803,769.803,761.42,769.803,0,0
VRC_MV,D,20220331,000000,769.803,769.803,746.853,746.853,0,0
VRC_MV,D,20220401,000000,750.38,750.38,741.557,741.557,0,0
VRC_MV,D,20220404,000000,741.557,750.38,738.555,750.38,0,0
VRC_MV,D,20220405,000000,759.213,759.213,739.97,748.535,0,0
VRC_MV,D,20220406,000000,748.181,759.213,738.995,739.177,0,0
VRC_MV,D,20220407,000000,755.332,759.213,741.997,754.538,0,0
VRC_MV,D,20220408,000000,754.538,759.213,745.18,759.213,0,0
VRC_MV,D,20220411,000000,759.213,775.014,752.148,768.046,0,0
VRC_MV,D,20220412,000000,768.046,776.868,757.444,776.868,0,0
VRC_MV,D,20220413,000000,790.996,812.178,783.932,803.356,0,0
VRC_MV,D,20220414,000000,810.42,810.42,783.932,803.356,0,0
VRC_MV,D,20220419,000000,803.356,808.652,794.523,798.06,0,0
VRC_MV,D,20220420,000000,798.06,798.06,778.636,787.46,0,0
VRC_MV,D,20220421,000000,780.395,796.293,776.868,790.996,0,0
VRC_MV,D,20220422,000000,794.523,794.523,787.46,787.46,0,0
VRC_MV,D,20220425,000000,790.996,790.996,776.868,789.228,0,0
VRC_MV,D,20220426,000000,790.996,865.145,789.228,799.82,0,0
VRC_MV,D,20220427,000000,805.115,805.115,736.261,741.557,0,0
VRC_MV,D,20220428,000000,741.557,755.685,727.428,748.621,0,0
VRC_MV,D,20220429,000000,750.38,750.38,727.428,727.428,0,0
VRC_MV,D,20220502,000000,736.261,736.261,697.414,697.414,0,0
VRC_MV,D,20220504,000000,697.414,723.901,697.414,723.901,0,0
VRC_MV,D,20220505,000000,759.213,759.213,718.606,718.606,0,0
VRC_MV,D,20220506,000000,723.901,725.671,706.246,725.671,0,0
VRC_MV,D,20220509,000000,741.557,741.557,704.478,722.133,0,0
VRC_MV,D,20220510,000000,706.246,716.838,706.246,706.246,0,0
VRC_MV,D,20220511,000000,715.069,722.133,706.246,715.069,0,0
VRC_MV,D,20220512,000000,690.35,702.71,676.231,676.231,0,0
VRC_MV,D,20220513,000000,676.231,688.591,670.935,688.591,0,0
VRC_MV,D,20220516,000000,686.823,688.591,679.759,688.591,0,0
VRC_MV,D,20220517,000000,704.478,704.478,690.35,700.951,0,0
VRC_MV,D,20220518,000000,716.838,716.838,670.935,670.935,0,0
VRC_MV,D,20220519,000000,686.823,686.823,656.807,656.807,0,0
VRC_MV,D,20220520,000000,656.807,670.935,656.807,667.398,0,0
VRC_MV,D,20220523,000000,669.168,670.935,653.28,653.28,0,0
VRC_MV,D,20220524,000000,653.28,660.334,653.28,660.334,0,0
VRC_MV,D,20220525,000000,670.935,670.935,646.216,646.216,0,0
VRC_MV,D,20220526,000000,646.216,660.334,646.216,658.576,0,0
VRC_MV,D,20220527,000000,656.807,656.807,644.448,656.807,0,0
VRC_MV,D,20220530,000000,658.576,658.576,635.625,642.679,0,0
VRC_MV,D,20220531,000000,647.975,647.975,623.266,635.625,0,0
VRC_MV,D,20220601,000000,617.959,635.625,591.481,614.432,0,0
VRC_MV,D,20220602,000000,607.368,614.432,603.841,607.368,0,0
VRC_MV,D,20220603,000000,612.664,614.432,587.944,587.944,0,0
VRC_MV,D,20220606,000000,587.944,626.792,587.944,616.201,0,0
VRC_MV,D,20220607,000000,626.792,626.792,607.368,607.368,0,0
VRC_MV,D,20220608,000000,616.201,616.201,595.009,603.841,0,0
VRC_MV,D,20220609,000000,603.841,607.368,595.009,595.009,0,0
VRC_MV,D,20220610,000000,595.009,609.137,586.185,586.185,0,0
VRC_MV,D,20220613,000000,586.185,586.185,529.683,580.891,0,0
VRC_MV,D,20220614,000000,582.648,582.648,545.569,549.106,0,0
VRC_MV,D,20220615,000000,552.634,561.466,543.811,559.698,0,0
VRC_MV,D,20220617,000000,557.929,557.929,533.219,543.811,0,0
VRC_MV,D,20220620,000000,543.811,564.993,543.811,564.993,0,0
VRC_MV,D,20220621,000000,579.121,593.25,573.826,582.648,0,0
VRC_MV,D,20220622,000000,591.481,596.776,582.648,596.776,0,0
VRC_MV,D,20220623,000000,596.776,653.28,591.481,640.921,0,0
VRC_MV,D,20220624,000000,644.448,644.448,635.625,642.679,0,0
VRC_MV,D,20220627,000000,658.576,658.576,621.496,646.216,0,0
VRC_MV,D,20220628,000000,651.512,653.28,630.319,649.743,0,0
VRC_MV,D,20220629,000000,656.807,669.168,635.625,669.168,0,0
VRC_MV,D,20220630,000000,669.168,669.168,651.512,663.871,0,0
VRC_MV,D,20220701,000000,658.576,658.576,630.319,630.319,0,0
VRC_MV,D,20220704,000000,653.28,783.894,649.743,783.894,0,0
VRC_MV,D,20220705,000000,783.894,783.894,760.522,760.522,0,0
VRC_MV,D,20220706,000000,769.02,769.02,730.784,730.784,0,0
VRC_MV,D,20220707,000000,762.644,769.02,756.277,769.02,0,0
VRC_MV,D,20220708,000000,769.02,777.518,769.02,775.395,0,0
VRC_MV,D,20220711,000000,781.772,783.894,762.644,775.395,0,0
VRC_MV,D,20220712,000000,775.395,775.395,752.024,756.277,0,0
VRC_MV,D,20220713,000000,752.024,758.4,752.024,754.146,0,0
VRC_MV,D,20220714,000000,754.146,754.146,732.906,732.906,0,0
VRC_MV,D,20220715,000000,754.146,754.146,737.159,737.159,0,0
VRC_MV,D,20220718,000000,762.644,792.391,762.644,792.391,0,0
VRC_MV,D,20220719,000000,792.391,792.391,739.282,739.282,0,0
VRC_MV,D,20220720,000000,756.277,756.277,739.282,743.527,0,0
VRC_MV,D,20220721,000000,743.527,781.772,728.662,781.772,0,0
VRC_MV,D,20220722,000000,783.894,786.017,783.894,783.894,0,0
VRC_MV,D,20220725,000000,786.017,786.017,764.776,764.776,0,0
VRC_MV,D,20220726,000000,786.017,786.017,775.395,775.395,0,0
VRC_MV,D,20220727,000000,798.758,798.758,745.648,745.648,0,0
VRC_MV,D,20220728,000000,783.894,783.894,749.901,764.776,0,0
VRC_MV,D,20220729,000000,766.899,798.758,762.644,777.518,0,0
VRC_MV,D,20220801,000000,798.758,803.012,798.758,803.012,0,0
VRC_MV,D,20220802,000000,803.012,805.134,803.012,805.134,0,0
VRC_MV,D,20220803,000000,805.134,805.134,773.274,783.894,0,0
VRC_MV,D,20220804,000000,783.894,783.894,781.772,783.894,0,0
VRC_MV,D,20220805,000000,803.012,803.012,771.143,786.017,0,0
VRC_MV,D,20220808,000000,803.012,803.012,756.277,764.776,0,0
VRC_MV,D,20220809,000000,764.776,764.776,756.277,762.644,0,0
VRC_MV,D,20220810,000000,760.522,760.522,754.146,754.146,0,0
VRC_MV,D,20220811,000000,745.648,747.781,732.906,732.906,0,0
VRC_MV,D,20220812,000000,739.282,752.024,732.906,752.024,0,0
VRC_MV,D,20220816,000000,752.024,756.277,743.527,756.277,0,0
VRC_MV,D,20220817,000000,754.146,754.146,743.527,754.146,0,0
VRC_MV,D,20220818,000000,756.277,756.277,743.527,752.024,0,0
VRC_MV,D,20220819,000000,756.277,756.277,732.906,735.028,0,0
VRC_MV,D,20220822,000000,737.159,754.146,735.028,747.781,0,0
VRC_MV,D,20220823,000000,749.901,749.901,747.781,749.901,0,0
VRC_MV,D,20220824,000000,756.277,756.277,739.282,739.282,0,0
VRC_MV,D,20220825,000000,752.024,752.024,715.91,718.033,0,0
VRC_MV,D,20220826,000000,720.164,720.164,713.788,720.164,0,0
VRC_MV,D,20220829,000000,720.164,720.164,694.67,694.67,0,0
VRC_MV,D,20220830,000000,713.788,713.788,669.176,669.176,0,0
VRC_MV,D,20220831,000000,696.792,696.792,671.298,692.548,0,0
VRC_MV,D,20220901,000000,692.548,692.548,660.679,660.679,0,0
VRC_MV,D,20220902,000000,692.548,696.792,658.556,679.797,0,0
VRC_MV,D,20220905,000000,694.67,701.036,677.674,686.173,0,0
VRC_MV,D,20220906,000000,692.548,692.548,679.797,679.797,0,0
VRC_MV,D,20220907,000000,743.527,743.527,654.302,722.286,0,0
VRC_MV,D,20220908,000000,701.036,701.036,656.425,664.923,0,0
VRC_MV,D,20220909,000000,658.556,679.797,656.425,679.797,0,0
VRC_MV,D,20220912,000000,679.797,679.797,669.176,679.797,0,0
VRC_MV,D,20220913,000000,677.674,690.416,677.674,690.416,0,0
VRC_MV,D,20220914,000000,698.915,698.915,671.298,698.915,0,0
VRC_MV,D,20220915,000000,698.915,698.915,667.054,679.797,0,0
VRC_MV,D,20220916,000000,679.797,679.797,667.054,667.054,0,0
VRC_MV,D,20220919,000000,688.294,688.294,664.923,686.173,0,0
VRC_MV,D,20220920,000000,688.294,688.294,667.054,677.674,0,0
VRC_MV,D,20220921,000000,686.173,686.173,664.923,664.923,0,0
VRC_MV,D,20220922,000000,677.674,677.674,667.054,673.42,0,0
VRC_MV,D,20220923,000000,671.298,671.298,662.801,662.801,0,0
VRC_MV,D,20220926,000000,662.801,669.176,656.425,669.176,0,0
VRC_MV,D,20220927,000000,660.679,662.801,658.556,658.556,0,0
VRC_MV,D,20220928,000000,669.176,669.176,658.556,658.556,0,0
VRC_MV,D,20220929,000000,669.176,669.176,660.679,667.054,0,0
VRC_MV,D,20220930,000000,667.054,686.173,660.679,675.553,0,0
VRC_MV,D,20221003,000000,679.797,679.797,664.923,669.176,0,0
VRC_MV,D,20221004,000000,690.416,690.416,669.176,669.176,0,0
VRC_MV,D,20221005,000000,690.416,690.416,667.054,669.176,0,0
VRC_MV,D,20221006,000000,669.176,673.42,662.801,673.42,0,0
VRC_MV,D,20221007,000000,673.42,679.797,664.923,673.42,0,0
VRC_MV,D,20221010,000000,718.033,718.033,677.674,679.797,0,0
VRC_MV,D,20221011,000000,681.919,701.036,679.797,690.416,0,0
VRC_MV,D,20221012,000000,711.666,711.666,696.792,696.792,0,0
VRC_MV,D,20221013,000000,715.91,718.033,705.291,715.91,0,0
VRC_MV,D,20221014,000000,718.033,728.662,718.033,722.286,0,0
VRC_MV,D,20221017,000000,730.784,762.644,730.784,743.527,0,0
VRC_MV,D,20221018,000000,743.527,743.527,728.662,743.527,0,0
VRC_MV,D,20221019,000000,743.527,752.024,743.527,749.901,0,0
VRC_MV,D,20221020,000000,752.024,752.024,737.159,745.648,0,0
VRC_MV,D,20221021,000000,745.648,745.648,732.906,735.028,0,0
VRC_MV,D,20221024,000000,745.648,754.146,735.028,754.146,0,0
VRC_MV,D,20221025,000000,756.277,773.274,756.277,771.143,0,0
VRC_MV,D,20221026,000000,775.395,775.395,754.146,775.395,0,0
VRC_MV,D,20221027,000000,775.395,792.391,775.395,792.391,0,0
VRC_MV,D,20221028,000000,792.391,792.391,773.274,790.261,0,0
VRC_MV,D,20221031,000000,792.391,813.631,792.391,813.631,0,0
VRC_MV,D,20221102,000000,815.754,845.502,807.256,822.13,0,0
VRC_MV,D,20221103,000000,837.003,837.003,794.513,813.631,0,0
VRC_MV,D,20221104,000000,830.628,843.37,830.628,843.37,0,0
VRC_MV,D,20221107,000000,843.37,847.623,834.872,843.37,0,0
VRC_MV,D,20221108,000000,809.388,837.003,796.636,837.003,0,0
VRC_MV,D,20221109,000000,834.872,837.003,820.008,820.008,0,0
VRC_MV,D,20221110,000000,837.003,847.623,805.134,847.623,0,0
VRC_MV,D,20221114,000000,881.615,881.615,853.999,870.996,0,0
VRC_MV,D,20221115,000000,870.996,873.117,849.746,870.996,0,0
VRC_MV,D,20221116,000000,870.996,870.996,849.746,866.741,0,0
VRC_MV,D,20221117,000000,849.746,934.724,849.746,881.615,0,0
VRC_MV,D,20221118,000000,875.239,913.476,864.62,870.996,0,0
VRC_MV,D,20221121,000000,860.365,870.996,849.746,853.999,0,0
VRC_MV,D,20221122,000000,900.733,900.733,845.502,847.623,0,0
VRC_MV,D,20221123,000000,847.623,875.239,847.623,875.239,0,0
VRC_MV,D,20221124,000000,877.362,877.362,853.999,870.996,0,0
VRC_MV,D,20221125,000000,877.362,877.362,868.864,870.996,0,0
VRC_MV,D,20221128,000000,870.996,877.362,868.864,868.864,0,0
VRC_MV,D,20221129,000000,868.864,879.483,868.864,870.996,0,0
VRC_MV,D,20221130,000000,887.982,892.236,870.996,892.236,0,0
VRC_MV,D,20221201,000000,870.996,892.236,870.996,892.236,0,0
VRC_MV,D,20221202,000000,892.236,892.236,868.864,868.864,0,0
VRC_MV,D,20221205,000000,870.996,881.615,870.996,879.483,0,0
VRC_MV,D,20221206,000000,879.483,890.113,877.362,890.113,0,0
VRC_MV,D,20221207,000000,890.113,900.733,890.113,900.733,0,0
VRC_MV,D,20221208,000000,900.733,909.231,887.982,894.357,0,0
VRC_MV,D,20221209,000000,911.354,911.354,894.357,896.48,0,0
VRC_MV,D,20221212,000000,896.48,898.611,894.357,898.611,0,0
VRC_MV,D,20221213,000000,898.611,926.228,896.48,926.228,0,0
VRC_MV,D,20221214,000000,932.594,932.594,909.231,909.231,0,0
VRC_MV,D,20221215,000000,917.729,917.729,900.733,907.11,0,0
VRC_MV,D,20221216,000000,913.476,913.476,862.497,911.354,0,0
VRC_MV,D,20221219,000000,911.354,911.354,892.236,909.231,0,0
VRC_MV,D,20221220,000000,873.117,898.611,862.497,870.996,0,0
VRC_MV,D,20221221,000000,870.996,911.354,858.244,858.244,0,0
VRC_MV,D,20221222,000000,862.497,868.864,862.497,868.864,0,0
VRC_MV,D,20221223,000000,868.864,892.236,864.62,873.117,0,0
VRC_MV,D,20221227,000000,873.117,877.362,862.497,862.497,0,0
VRC_MV,D,20221228,000000,862.497,866.741,820.008,843.37,0,0
VRC_MV,D,20221229,000000,839.126,879.483,839.126,877.362,0,0
VRC_MV,D,20221230,000000,877.362,879.483,828.506,828.506,0,0
VRC_MV,D,20230102,000000,828.506,858.244,828.506,849.746,0,0
VRC_MV,D,20230103,000000,849.746,868.864,837.003,858.244,0,0
VRC_MV,D,20230104,000000,858.244,879.483,849.746,860.365,0,0
VRC_MV,D,20230105,000000,868.864,887.982,868.864,879.483,0,0
VRC_MV,D,20230109,000000,885.859,890.113,881.615,881.615,0,0
VRC_MV,D,20230110,000000,892.236,913.476,890.113,913.476,0,0
VRC_MV,D,20230111,000000,932.594,934.724,921.973,932.594,0,0
VRC_MV,D,20230112,000000,932.594,932.594,924.095,930.472,0,0
VRC_MV,D,20230113,000000,930.472,943.223,913.476,943.223,0,0
VRC_MV,D,20230116,000000,945.345,975.082,945.345,975.082,0,0
VRC_MV,D,20230117,000000,966.585,979.334,947.467,947.467,0,0
VRC_MV,D,20230118,000000,943.223,947.467,915.606,947.467,0,0
VRC_MV,D,20230119,000000,943.223,943.223,924.095,924.095,0,0
VRC_MV,D,20230120,000000,924.095,932.594,902.855,907.11,0,0
VRC_MV,D,20230123,000000,909.231,926.228,896.48,926.228,0,0
VRC_MV,D,20230124,000000,949.589,949.589,917.729,926.228,0,0
VRC_MV,D,20230125,000000,932.594,932.594,917.729,926.228,0,0
VRC_MV,D,20230126,000000,932.594,932.594,907.11,907.11,0,0
VRC_MV,D,20230127,000000,913.476,932.594,907.11,924.095,0,0
VRC_MV,D,20230130,000000,934.724,934.724,898.611,930.472,0,0
VRC_MV,D,20230131,000000,926.228,926.228,900.733,926.228,0,0
VRC_MV,D,20230201,000000,924.095,936.847,915.606,932.594,0,0
VRC_MV,D,20230202,000000,932.594,932.594,913.476,913.476,0,0
VRC_MV,D,20230203,000000,913.476,930.472,913.476,924.095,0,0
VRC_MV,D,20230206,000000,926.228,926.228,904.977,911.354,0,0
VRC_MV,D,20230207,000000,913.476,913.476,904.977,907.11,0,0
VRC_MV,D,20230208,000000,907.11,907.11,896.48,907.11,0,0
VRC_MV,D,20230209,000000,919.851,951.721,919.851,951.721,0,0
VRC_MV,D,20230210,000000,951.721,964.463,938.969,949.589,0,0
VRC_MV,D,20230213,000000,949.589,951.721,934.724,934.724,0,0
VRC_MV,D,20230214,000000,938.969,938.969,930.472,936.847,0,0
VRC_MV,D,20230215,000000,936.847,936.847,932.594,932.594,0,0
VRC_MV,D,20230216,000000,951.721,951.721,934.724,951.721,0,0
VRC_MV,D,20230217,000000,955.965,955.965,938.969,945.345,0,0
VRC_MV,D,20230220,000000,945.345,945.345,924.095,945.345,0,0
VRC_MV,D,20230221,000000,945.345,945.345,915.606,938.969,0,0
VRC_MV,D,20230222,000000,945.345,945.345,913.476,932.594,0,0
VRC_MV,D,20230223,000000,945.345,951.721,919.851,943.223,0,0
VRC_MV,D,20230224,000000,951.721,951.721,934.724,943.223,0,0
VRC_MV,D,20230227,000000,943.223,943.223,928.349,928.349,0,0
VRC_MV,D,20230228,000000,943.223,955.965,941.091,955.965,0,0
VRC_MV,D,20230301,000000,949.589,949.589,921.973,930.472,0,0
VRC_MV,D,20230302,000000,930.472,943.223,928.349,943.223,0,0
VRC_MV,D,20230303,000000,943.223,943.223,928.349,938.969,0,0
VRC_MV,D,20230306,000000,938.969,949.589,930.472,934.724,0,0
VRC_MV,D,20230307,000000,951.721,1002.7,951.721,998.457,0,0
VRC_MV,D,20230308,000000,998.457,1017.57,998.457,1015.45,0,0
VRC_MV,D,20230309,000000,1015.45,1019.69,1004.83,1009.08,0,0
VRC_MV,D,20230310,000000,1002.7,1015.45,992.083,1015.45,0,0
VRC_MV,D,20230313,000000,1019.69,1019.69,964.463,983.585,0,0
VRC_MV,D,20230314,000000,994.198,1021.82,994.198,1013.32,0,0
VRC_MV,D,20230315,000000,1013.32,1015.45,998.457,998.457,0,0
VRC_MV,D,20230316,000000,998.457,1013.32,985.709,1006.95,0,0
VRC_MV,D,20230317,000000,1015.45,1019.69,1006.95,1017.57,0,0
VRC_MV,D,20230320,000000,1021.82,1021.82,1006.95,1015.45,0,0
VRC_MV,D,20230321,000000,992.083,1019.69,992.083,1019.69,0,0
VRC_MV,D,20230322,000000,1019.69,1028.19,1002.7,1021.82,0,0
VRC_MV,D,20230323,000000,1026.07,1026.07,1021.82,1026.07,0,0
VRC_MV,D,20230324,000000,1030.31,1030.31,1017.57,1026.07,0,0
VRC_MV,D,20230327,000000,994.198,1019.69,994.198,1013.32,0,0
VRC_MV,D,20230328,000000,1019.69,1023.94,1004.83,1013.32,0,0
VRC_MV,D,20230329,000000,1023.94,1023.94,1002.7,1009.08,0,0
VRC_MV,D,20230330,000000,1009.08,1009.08,987.834,992.083,0,0
VRC_MV,D,20230331,000000,985.709,992.083,958.086,966.585,0,0
VRC_MV,D,20230403,000000,977.202,1015.45,977.202,1015.45,0,0
VRC_MV,D,20230404,000000,1015.45,1017.57,1013.32,1013.32,0,0
VRC_MV,D,20230405,000000,1013.32,1036.69,1013.32,1030.31,0,0
VRC_MV,D,20230406,000000,1032.45,1032.45,1000.57,1019.69,0,0
VRC_MV,D,20230411,000000,1019.69,1040.95,1019.69,1040.95,0,0
VRC_MV,D,20230412,000000,1040.95,1043.06,1009.08,1040.95,0,0
VRC_MV,D,20230413,000000,1043.06,1043.06,1015.45,1034.58,0,0
VRC_MV,D,20230414,000000,1032.45,1040.95,1019.69,1040.95,0,0
VRC_MV,D,20230417,000000,1040.95,1040.95,1017.57,1023.94,0,0
VRC_MV,D,20230418,000000,1030.31,1030.31,1019.69,1019.69,0,0
VRC_MV,D,20230419,000000,1019.69,1019.69,1002.7,1006.95,0,0
VRC_MV,D,20230420,000000,1011.2,1040.95,1011.2,1040.95,0,0
VRC_MV,D,20230421,000000,1040.95,1045.19,1040.95,1040.95,0,0
VRC_MV,D,20230424,000000,1040.95,1066.43,1040.95,1066.43,0,0
VRC_MV,D,20230425,000000,1066.43,1070.68,1062.19,1062.19,0,0
VRC_MV,D,20230426,000000,1070.68,1079.18,1062.19,1079.18,0,0
VRC_MV,D,20230427,000000,1079.18,1130.18,1079.18,1096.17,0,0
VRC_MV,D,20230428,000000,1096.17,1125.92,1087.68,1100.42,0,0
VRC_MV,D,20230502,000000,1091.92,1117.42,1066.43,1117.42,0,0
VRC_MV,D,20230504,000000,1117.42,1151.41,1087.68,1087.68,0,0
VRC_MV,D,20230505,000000,1096.17,1125.92,1096.17,1125.92,0,0
VRC_MV,D,20230508,000000,1125.92,1130.18,1100.42,1125.92,0,0
VRC_MV,D,20230509,000000,1121.67,1164.15,1113.17,1164.15,0,0
VRC_MV,D,20230510,000000,1151.41,1168.4,1134.41,1168.4,0,0
VRC_MV,D,20230511,000000,1142.9,1159.91,1142.9,1147.15,0,0
VRC_MV,D,20230512,000000,1147.15,1176.91,1147.15,1168.4,0,0
VRC_MV,D,20230515,000000,1151.41,1172.64,1151.41,1168.4,0,0
VRC_MV,D,20230516,000000,1168.4,1206.64,1151.41,1206.64,0,0
VRC_MV,D,20230517,000000,1202.39,1206.64,1147.15,1147.15,0,0
VRC_MV,D,20230518,000000,1151.41,1168.4,1151.41,1164.15,0,0
VRC_MV,D,20230519,000000,1181.15,1189.65,1168.4,1189.65,0,0
VRC_MV,D,20230522,000000,1189.65,1232.13,1189.65,1227.88,0,0
VRC_MV,D,20230523,000000,1232.13,1253.38,1210.89,1227.88,0,0
VRC_MV,D,20230524,000000,1223.64,1249.14,1206.64,1249.14,0,0
VRC_MV,D,20230525,000000,1249.14,1253.38,1223.64,1249.14,0,0
VRC_MV,D,20230526,000000,1249.14,1274.62,1240.63,1270.37,0,0
VRC_MV,D,20230529,000000,1274.62,1308.62,1274.62,1274.62,0,0
VRC_MV,D,20230530,000000,1283.12,1308.62,1283.12,1291.63,0,0
VRC_MV,D,20230531,000000,1287.36,1287.36,1223.64,1236.38,0,0
VRC_MV,D,20230601,000000,1232.13,1232.13,1176.91,1227.88,0,0
VRC_MV,D,20230602,000000,1240.63,1257.62,1210.89,1240.63,0,0
VRC_MV,D,20230605,000000,1240.63,1261.87,1210.89,1253.38,0,0
VRC_MV,D,20230606,000000,1253.38,1295.87,1232.13,1291.63,0,0
VRC_MV,D,20230607,000000,1295.87,1338.35,1287.36,1338.35,0,0
VRC_MV,D,20230609,000000,1338.35,1359.59,1317.1,1359.59,0,0
VRC_MV,D,20230612,000000,1363.85,1414.83,1351.1,1402.08,0,0
VRC_MV,D,20230613,000000,1402.08,1423.32,1389.34,1402.08,0,0
VRC_MV,D,20230614,000000,1397.84,1397.84,1380.84,1393.58,0,0
VRC_MV,D,20230615,000000,1389.34,1393.58,1355.35,1376.59,0,0
VRC_MV,D,20230616,000000,1359.59,1410.59,1346.85,1410.59,0,0
VRC_MV,D,20230619,000000,1380.84,1419.08,1380.84,1397.84,0,0
VRC_MV,D,20230620,000000,1414.83,1414.83,1359.59,1402.08,0,0
VRC_MV,D,20230621,000000,1397.84,1397.84,1380.84,1389.34,0,0
VRC_MV,D,20230622,000000,1389.34,1389.34,1376.59,1380.84,0,0
VRC_MV,D,20230623,000000,1380.84,1389.34,1359.59,1380.84,0,0
VRC_MV,D,20230626,000000,1363.85,1397.84,1363.85,1397.84,0,0
VRC_MV,D,20230627,000000,1393.58,1410.59,1385.08,1406.32,0,0
VRC_MV,D,20230628,000000,1393.58,1444.57,1385.08,1444.57,0,0
VRC_MV,D,20230629,000000,1444.57,1529.55,1419.08,1529.55,0,0
VRC_MV,D,20230630,000000,1533.8,1533.8,1487.06,1529.55,0,0
VRC_MV,D,20230703,000000,1529.55,1529.55,1453.06,1521.04,0,0
VRC_MV,D,20230704,000000,1521.04,1550.79,1516.8,1538.04,0,0
VRC_MV,D,20230705,000000,1538.04,1555.04,1533.8,1550.79,0,0
VRC_MV,D,20230706,000000,1550.79,1563.53,1538.04,1550.79,0,0
VRC_MV,D,20230707,000000,1550.79,1550.79,1487.06,1512.54,0,0
VRC_MV,D,20230710,000000,1508.3,1525.29,1465.81,1525.29,0,0
VRC_MV,D,20230711,000000,1525.29,1525.29,1465.81,1508.3,0,0
VRC_MV,D,20230712,000000,1508.3,1508.3,1487.06,1504.04,0,0
VRC_MV,D,20230713,000000,1504.04,1504.04,1474.31,1478.56,0,0
VRC_MV,D,20230714,000000,1495.55,1499.8,1465.81,1491.31,0,0
VRC_MV,D,20230717,000000,1487.06,1487.06,1397.84,1397.84,0,0
VRC_MV,D,20230718,000000,1397.84,1436.08,1338.35,1423.32,0,0
VRC_MV,D,20230719,000000,1423.32,1478.56,1423.32,1478.56,0,0
VRC_MV,D,20230720,000000,1474.31,1482.81,1453.06,1461.57,0,0
VRC_MV,D,20230721,000000,1461.57,1482.81,1448.81,1482.81,0,0
VRC_MV,D,20230724,000000,1482.81,1487.06,1453.06,1453.06,0,0
VRC_MV,D,20230725,000000,1448.81,1465.81,1423.32,1457.32,0,0
VRC_MV,D,20230726,000000,1457.32,1457.32,1410.59,1419.08,0,0
VRC_MV,D,20230727,000000,1431.82,1431.82,1402.08,1402.08,0,0
VRC_MV,D,20230728,000000,1406.32,1436.08,1406.32,1436.08,0,0
VRC_MV,D,20230731,000000,1414.83,1444.57,1414.83,1431.82,0,0
VRC_MV,D,20230801,000000,1436.08,1465.81,1431.82,1461.57,0,0
VRC_MV,D,20230802,000000,1461.57,1465.81,1423.32,1465.81,0,0
VRC_MV,D,20230803,000000,1431.82,1465.81,1414.83,1461.57,0,0
VRC_MV,D,20230804,000000,1461.57,1461.57,1402.11,1414.83,0,0
VRC_MV,D,20230807,000000,1402.11,1402.11,1346.86,1380.89,0,0
VRC_MV,D,20230808,000000,1359.57,1389.3,1321.34,1342.56,0,0
VRC_MV,D,20230809,000000,1321.34,1321.34,1295.92,1308.63,0,0
VRC_MV,D,20230810,000000,1304.32,1376.59,1278.9,1338.35,0,0
VRC_MV,D,20230811,000000,1338.35,1380.89,1338.35,1380.89,0,0
VRC_MV,D,20230814,000000,1380.8,1436.05,1372.38,1410.62,0,0
VRC_MV,D,20230816,000000,1410.62,1448.85,1410.62,1448.85,0,0
VRC_MV,D,20230817,000000,1448.85,1448.85,1436.05,1448.85,0,0
VRC_MV,D,20230818,000000,1466.14,1466.14,1418.57,1457.49,0,0
VRC_MV,D,20230821,000000,1427.22,1427.22,1409.9,1427.22,0,0
VRC_MV,D,20230822,000000,1427.22,1448.82,1414.19,1448.82,0,0
VRC_MV,D,20230823,000000,1448.82,1448.82,1418.57,1444.54,0,0
VRC_MV,D,20230824,000000,1444.45,1448.82,1422.85,1427.22,0,0
VRC_MV,D,20230825,000000,1388.3,1422.85,1383.92,1401.24,0,0
VRC_MV,D,20230828,000000,1392.59,1392.59,1358.04,1383.92,0,0
VRC_MV,D,20230829,000000,1383.92,1392.59,1370.98,1375.27,0,0
VRC_MV,D,20230830,000000,1366.6,1383.92,1353.67,1362.32,0,0
VRC_MV,D,20230831,000000,1362.32,1396.97,1362.32,1396.97,0,0
VRC_MV,D,20230901,000000,1396.97,1444.54,1383.92,1444.54,0,0
VRC_MV,D,20230904,000000,1414.19,1461.77,1414.19,1453.1,0,0
VRC_MV,D,20230905,000000,1466.14,1552.65,1466.14,1552.65,0,0
VRC_MV,D,20230906,000000,1552.65,1552.65,1479.09,1509.35,0,0
VRC_MV,D,20230907,000000,1509.35,1509.35,1470.42,1496.4,0,0
VRC_MV,D,20230908,000000,1513.72,1513.72,1483.47,1500.69,0,0
VRC_MV,D,20230911,000000,1513.72,1526.67,1487.75,1509.35,0,0
VRC_MV,D,20230912,000000,1509.35,1509.35,1474.8,1492.02,0,0
VRC_MV,D,20230913,000000,1492.02,1492.02,1470.42,1483.47,0,0
VRC_MV,D,20230914,000000,1483.47,1487.75,1474.8,1483.47,0,0
VRC_MV,D,20230915,000000,1483.47,1483.47,1448.82,1461.77,0,0
VRC_MV,D,20230918,000000,1461.77,1461.77,1383.92,1418.57,0,0
VRC_MV,D,20230919,000000,1409.9,1409.9,1379.64,1379.64,0,0
VRC_MV,D,20230920,000000,1383.92,1401.24,1383.92,1401.24,0,0
VRC_MV,D,20230921,000000,1396.97,1405.52,1388.3,1396.97,0,0
VRC_MV,D,20230922,000000,1461.77,1461.77,1405.52,1422.85,0,0
VRC_MV,D,20230925,000000,1396.97,1401.24,1388.3,1392.59,0,0
VRC_MV,D,20230926,000000,1401.24,1405.52,1388.3,1388.3,0,0
VRC_MV,D,20230927,000000,1388.3,1401.24,1375.27,1383.92,0,0
VRC_MV,D,20230928,000000,1396.97,1396.97,1310.47,1310.47,0,0
VRC_MV,D,20230929,000000,1319.12,1349.38,1319.12,1327.69,0,0
VRC_MV,D,20231002,000000,1319.12,1340.72,1319.12,1332.07,0,0
VRC_MV,D,20231003,000000,1332.07,1340.72,1327.69,1336.34,0,0
VRC_MV,D,20231004,000000,1336.34,1409.9,1319.12,1375.27,0,0
VRC_MV,D,20231005,000000,1379.64,1448.82,1379.64,1435.89,0,0
VRC_MV,D,20231006,000000,1414.19,1453.1,1405.52,1448.82,0,0
VRC_MV,D,20231009,000000,1409.9,1448.82,1401.24,1418.57,0,0
VRC_MV,D,20231010,000000,1427.22,1431.5,1405.52,1427.22,0,0
VRC_MV,D,20231011,000000,1444.45,1461.77,1375.27,1448.82,0,0
VRC_MV,D,20231012,000000,1448.82,1461.77,1422.85,1444.54,0,0
VRC_MV,D,20231013,000000,1435.89,1453.1,1435.89,1444.54,0,0
VRC_MV,D,20231016,000000,1440.17,1440.17,1405.52,1435.89,0,0
VRC_MV,D,20231017,000000,1435.89,1435.89,1405.52,1435.89,0,0
VRC_MV,D,20231018,000000,1405.52,1427.22,1392.59,1409.9,0,0
VRC_MV,D,20231019,000000,1396.97,1396.97,1383.92,1396.97,0,0
VRC_MV,D,20231020,000000,1396.97,1396.97,1370.98,1383.92,0,0
VRC_MV,D,20231023,000000,1392.59,1396.97,1362.32,1396.97,0,0
VRC_MV,D,20231024,000000,1396.97,1396.97,1379.64,1396.97,0,0
VRC_MV,D,20231025,000000,1370.98,1388.3,1332.07,1340.72,0,0
VRC_MV,D,20231026,000000,1327.69,1383.92,1323.4,1383.92,0,0
VRC_MV,D,20231027,000000,1383.92,1383.92,1375.27,1383.92,0,0
VRC_MV,D,20231030,000000,1383.92,1444.54,1379.64,1444.54,0,0
VRC_MV,D,20231031,000000,1444.45,1487.75,1435.89,1479.09,0,0
VRC_MV,D,20231102,000000,1483.47,1505.07,1479.09,1505.07,0,0
VRC_MV,D,20231103,000000,1505.07,1505.07,1461.77,1492.02,0,0
VRC_MV,D,20231106,000000,1474.8,1492.02,1470.42,1487.75,0,0
VRC_MV,D,20231107,000000,1457.49,1470.42,1453.1,1457.49,0,0
VRC_MV,D,20231108,000000,1448.82,1448.82,1362.32,1383.92,0,0
VRC_MV,D,20231109,000000,1388.3,1427.22,1388.3,1427.22,0,0
VRC_MV,D,20231110,000000,1427.22,1453.1,1427.22,1444.54,0,0
VRC_MV,D,20231113,000000,1440.17,1483.47,1418.57,1470.42,0,0
VRC_MV,D,20231114,000000,1470.42,1470.42,1444.45,1461.77,0,0
VRC_MV,D,20231115,000000,1461.77,1466.14,1440.17,1457.49,0,0
VRC_MV,D,20231116,000000,1466.14,1466.14,1453.1,1461.77,0,0
VRC_MV,D,20231117,000000,1461.77,1461.77,1440.17,1440.17,0,0
VRC_MV,D,20231120,000000,1440.17,1461.77,1440.17,1457.49,0,0
VRC_MV,D,20231121,000000,1453.1,1461.77,1444.45,1444.54,0,0
VRC_MV,D,20231122,000000,1440.17,1440.17,1427.22,1431.5,0,0
VRC_MV,D,20231123,000000,1448.82,1448.82,1405.52,1440.17,0,0
VRC_MV,D,20231124,000000,1431.5,1444.54,1427.22,1444.54,0,0
VRC_MV,D,20231127,000000,1444.45,1444.45,1405.52,1422.85,0,0
VRC_MV,D,20231128,000000,1409.9,1422.85,1392.59,1392.59,0,0
VRC_MV,D,20231129,000000,1396.97,1444.45,1396.97,1427.22,0,0
VRC_MV,D,20231130,000000,1448.82,1457.49,1427.22,1435.89,0,0
VRC_MV,D,20231201,000000,1435.89,1505.07,1435.89,1453.1,0,0
VRC_MV,D,20231204,000000,1461.77,1470.42,1435.89,1470.42,0,0
VRC_MV,D,20231205,000000,1470.42,1479.09,1448.82,1470.42,0,0
VRC_MV,D,20231206,000000,1470.42,1535.32,1457.49,1513.72,0,0
VRC_MV,D,20231207,000000,1526.67,1578.53,1526.67,1569.97,0,0
VRC_MV,D,20231208,000000,1582.9,1600.22,1569.87,1578.53,0,0
VRC_MV,D,20231211,000000,1578.53,1582.9,1565.59,1578.53,0,0
VRC_MV,D,20231212,000000,1600.22,1639.15,1600.22,1639.15,0,0
VRC_MV,D,20231213,000000,1647.8,1695.29,1647.8,1695.29,0,0
VRC_MV,D,20231214,000000,1695.29,1695.29,1621.82,1626.11,0,0
VRC_MV,D,20231215,000000,1626.11,1691.01,1626.11,1691.01,0,0
VRC_MV,D,20231218,000000,1691.01,1712.61,1691.01,1699.67,0,0
VRC_MV,D,20231219,000000,1712.61,1712.61,1686.72,1699.67,0,0
VRC_MV,D,20231220,000000,1712.61,1712.61,1660.75,1669.41,0,0
VRC_MV,D,20231221,000000,1652.09,1678.07,1639.15,1669.41,0,0
VRC_MV,D,20231222,000000,1678.07,1678.07,1634.77,1647.8,0,0
VRC_MV,D,20231227,000000,1647.8,1669.41,1647.8,1665.03,0,0
VRC_MV,D,20231228,000000,1665.03,1691.01,1647.8,1691.01,0,0
VRC_MV,D,20231229,000000,1695.29,1708.33,1682.35,1691.01,0,0
VRC_MV,D,20240102,000000,1669.41,1682.35,1630.49,1652.09,0,0
VRC_MV,D,20240103,000000,1630.49,1647.8,1587.19,1621.82,0,0
VRC_MV,D,20240104,000000,1608.79,1660.75,1582.9,1630.49,0,0
VRC_MV,D,20240105,000000,1621.82,1682.35,1621.82,1682.35,0,0
VRC_MV,D,20240108,000000,1665.03,1686.72,1656.37,1656.37,0,0
VRC_MV,D,20240109,000000,1665.03,1665.03,1634.77,1652.09,0,0
VRC_MV,D,20240110,000000,1678.07,1682.35,1643.43,1643.43,0,0
VRC_MV,D,20240111,000000,1665.03,1665.03,1630.49,1630.49,0,0
VRC_MV,D,20240112,000000,1630.49,1639.15,1608.79,1617.45,0,0
VRC_MV,D,20240115,000000,1634.77,1665.03,1621.82,1643.43,0,0
VRC_MV,D,20240116,000000,1630.49,1660.75,1630.49,1660.75,0,0
VRC_MV,D,20240117,000000,1660.75,1660.75,1643.43,1643.43,0,0
VRC_MV,D,20240118,000000,1652.09,1773.23,1652.09,1764.57,0,0
VRC_MV,D,20240119,000000,1773.23,1790.45,1764.57,1773.23,0,0
VRC_MV,D,20240122,000000,1781.79,1812.15,1747.25,1812.15,0,0
VRC_MV,D,20240123,000000,1812.15,1816.43,1751.53,1786.17,0,0
VRC_MV,D,20240124,000000,1803.49,1816.43,1764.57,1764.57,0,0
VRC_MV,D,20240125,000000,1764.57,1768.85,1742.87,1764.57,0,0
VRC_MV,D,20240126,000000,1786.17,1803.49,1760.19,1803.49,0,0
VRC_MV,D,20240129,000000,1799.11,1803.49,1760.19,1786.17,0,0
VRC_MV,D,20240130,000000,1777.51,1799.11,1768.85,1790.45,0,0
VRC_MV,D,20240131,000000,1794.83,1794.83,1768.85,1768.85,0,0
VRC_MV,D,20240201,000000,1764.57,1773.23,1729.93,1773.23,0,0
VRC_MV,D,20240202,000000,1838.04,1838.04,1773.23,1794.83,0,0
VRC_MV,D,20240205,000000,1786.17,1812.15,1768.85,1812.15,0,0
VRC_MV,D,20240206,000000,1812.15,1812.15,1751.53,1764.57,0,0
VRC_MV,D,20240207,000000,1760.19,1764.57,1738.59,1764.57,0,0
VRC_MV,D,20240208,000000,1768.85,1773.23,1738.59,1773.23,0,0
VRC_MV,D,20240209,000000,1773.23,1799.11,1751.53,1755.91,0,0
VRC_MV,D,20240212,000000,1755.91,1786.17,1755.91,1786.17,0,0
VRC_MV,D,20240213,000000,1794.83,1794.83,1773.23,1781.79,0,0
VRC_MV,D,20240214,000000,1781.79,1781.79,1742.87,1755.91,0,0
VRC_MV,D,20240215,000000,1755.91,1755.91,1738.59,1742.87,0,0
VRC_MV,D,20240216,000000,1742.87,1755.91,1695.29,1747.25,0,0
VRC_MV,D,20240219,000000,1768.85,1885.62,1768.85,1868.29,0,0
VRC_MV,D,20240220,000000,1868.29,1881.33,1846.69,1881.33,0,0
VRC_MV,D,20240221,000000,1881.33,1898.55,1872.67,1872.67,0,0
VRC_MV,D,20240222,000000,1864.01,1902.94,1864.01,1902.94,0,0
VRC_MV,D,20240223,000000,1907.22,1911.59,1881.33,1898.65,0,0
VRC_MV,D,20240226,000000,1898.55,1924.54,1851.07,1864.01,0,0
VRC_MV,D,20240227,000000,1941.85,2049.95,1941.85,2049.95,0,0
VRC_MV,D,20240228,000000,2067.27,2114.85,2032.64,2106.2,0,0
VRC_MV,D,20240229,000000,2106.2,2194.84,2088.87,2162.44,0,0
VRC_MV,D,20240301,000000,2184.04,2367.84,2184.04,2367.84,0,0
VRC_MV,D,20240304,000000,2411.14,2508.44,2281.34,2324.64,0,0
VRC_MV,D,20240305,000000,2302.94,2486.74,2292.14,2486.74,0,0
VRC_MV,D,20240306,000000,2475.94,2594.94,2475.94,2508.44,0,0
VRC_MV,D,20240307,000000,2562.44,2562.44,2443.54,2486.74,0,0
VRC_MV,D,20240308,000000,2486.74,2486.74,2313.74,2378.64,0,0
VRC_MV,D,20240311,000000,2378.64,2400.24,2270.54,2302.94,0,0
VRC_MV,D,20240312,000000,2302.94,2508.44,2302.94,2508.44,0,0
VRC_MV,D,20240313,000000,2508.44,2551.64,2421.94,2475.94,0,0
VRC_MV,D,20240314,000000,2475.94,2551.64,2465.14,2486.74,0,0
VRC_MV,D,20240315,000000,2486.74,2486.74,2378.64,2400.24,0,0
VRC_MV,D,20240318,000000,2400.24,2486.74,2313.74,2486.74,0,0
VRC_MV,D,20240319,000000,2486.74,2486.74,2378.64,2400.24,0,0
VRC_MV,D,20240320,000000,2421.94,2432.74,2378.64,2389.44,0,0
VRC_MV,D,20240321,000000,2421.94,2421.94,2346.24,2378.64,0,0
VRC_MV,D,20240322,000000,2411.14,2454.34,2378.64,2421.94,0,0
VRC_MV,D,20240325,000000,2421.94,2486.74,2400.24,2443.54,0,0
VRC_MV,D,20240326,000000,2443.54,2540.84,2443.54,2486.74,0,0
VRC_MV,D,20240327,000000,2519.24,2594.94,2519.24,2573.24,0,0
VRC_MV,D,20240328,000000,2573.24,2659.74,2573.24,2605.74,0,0
VRC_MV,D,20240402,000000,2627.34,2638.14,2486.74,2519.24,0,0
VRC_MV,D,20240403,000000,2540.84,2562.44,2508.44,2530.04,0,0
VRC_MV,D,20240404,000000,2562.44,2573.24,2508.44,2530.04,0,0
VRC_MV,D,20240405,000000,2519.24,2519.24,2465.14,2497.64,0,0
VRC_MV,D,20240408,000000,2486.74,2530.04,2465.14,2530.04,0,0
VRC_MV,D,20240409,000000,2530.04,2562.44,2475.94,2497.64,0,0
VRC_MV,D,20240410,000000,2475.94,2584.04,2454.34,2519.24,0,0
VRC_MV,D,20240411,000000,2508.44,2519.24,2465.14,2519.24,0,0
VRC_MV,D,20240412,000000,2519.24,2540.84,2486.74,2508.44,0,0
VRC_MV,D,20240415,000000,2508.44,2508.44,2454.34,2497.64,0,0
VRC_MV,D,20240416,000000,2465.14,2475.94,2411.14,2454.34,0,0
VRC_MV,D,20240417,000000,2454.34,2551.64,2443.54,2530.04,0,0
VRC_MV,D,20240418,000000,2530.04,2530.04,2486.74,2519.24,0,0
VRC_MV,D,20240419,000000,2508.44,2508.44,2465.14,2486.74,0,0
VRC_MV,D,20240422,000000,2465.14,2551.64,2465.14,2551.64,0,0
VRC_MV,D,20240423,000000,2551.64,2584.04,2519.24,2540.84,0,0
VRC_MV,D,20240424,000000,2562.44,2562.44,2454.34,2497.64,0,0
VRC_MV,D,20240425,000000,2465.14,2562.44,2465.14,2486.74,0,0
VRC_MV,D,20240426,000000,2465.14,2508.44,2465.14,2497.64,0,0
VRC_MV,D,20240429,000000,2497.54,2508.44,2465.14,2486.74,0,0
VRC_MV,D,20240430,000000,2508.44,2519.24,2486.74,2508.44,0,0
VRC_MV,D,20240502,000000,2530.04,2530.04,2465.14,2486.74,0,0
VRC_MV,D,20240506,000000,2530.04,2551.64,2443.54,2486.74,0,0
VRC_MV,D,20240507,000000,2465.14,2530.04,2465.14,2530.04,0,0
VRC_MV,D,20240508,000000,2530.04,2551.64,2508.44,2530.04,0,0
VRC_MV,D,20240509,000000,2530.04,2551.64,2486.74,2508.44,0,0
VRC_MV,D,20240510,000000,2497.54,2551.64,2486.74,2551.64,0,0
VRC_MV,D,20240513,000000,2551.64,2735.45,2551.64,2724.64,0,0
VRC_MV,D,20240514,000000,2746.25,2843.55,2746.25,2800.35,0,0
VRC_MV,D,20240515,000000,2800.35,2854.35,2757.05,2811.15,0,0
VRC_MV,D,20240516,000000,2746.25,2789.54,2735.45,2789.54,0,0
VRC_MV,D,20240517,000000,2789.54,2811.15,2724.64,2811.15,0,0
VRC_MV,D,20240520,000000,2811.15,2843.55,2789.54,2821.95,0,0
VRC_MV,D,20240521,000000,2821.95,3049.05,2821.95,3049.05,0,0
VRC_MV,D,20240522,000000,3081.45,3211.16,3049.05,3113.86,0,0
VRC_MV,D,20240523,000000,3189.56,3265.26,3167.96,3200.36,0,0
VRC_MV,D,20240524,000000,3200.36,3221.96,3005.75,3049.05,0,0
VRC_MV,D,20240527,000000,3059.85,3081.45,3005.75,3005.75,0,0
VRC_MV,D,20240528,000000,3104.15,3104.15,3016.71,3093.23,0,0
VRC_MV,D,20240529,000000,3093.23,3136.91,2994.87,3005.79,0,0
VRC_MV,D,20240531,000000,2994.87,3005.79,2732.53,2951.1,0,0
VRC_MV,D,20240603,000000,2972.93,3060.38,2972.93,3038.54,0,0
VRC_MV,D,20240604,000000,3049.46,3093.23,2983.85,2994.87,0,0
VRC_MV,D,20240605,000000,2994.87,3049.46,2951.1,2962.02,0,0
VRC_MV,D,20240606,000000,2962.02,2972.93,2863.65,2972.93,0,0
VRC_MV,D,20240607,000000,2972.93,3038.54,2896.51,2962.02,0,0
VRC_MV,D,20240610,000000,2983.85,2983.85,2951.1,2972.93,0,0
VRC_MV,D,20240611,000000,2962.02,2962.02,2918.34,2918.34,0,0
VRC_MV,D,20240612,000000,2918.34,2951.1,2874.57,2907.42,0,0
VRC_MV,D,20240613,000000,2896.51,2896.51,2754.37,2754.37,0,0
VRC_MV,D,20240614,000000,2754.37,2819.98,2666.93,2666.93,0,0
VRC_MV,D,20240617,000000,2666.93,2743.45,2645.09,2710.7,0,0
VRC_MV,D,20240618,000000,2710.6,2819.98,2710.6,2754.37,0,0
VRC_MV,D,20240619,000000,2787.13,2929.26,2787.13,2907.42,0,0
VRC_MV,D,20240620,000000,2940.18,2972.93,2830.9,2929.26,0,0
VRC_MV,D,20240621,000000,2929.26,2972.93,2907.42,2972.93,0,0
VRC_MV,D,20240624,000000,2962.02,2962.02,2896.51,2940.18,0,0
VRC_MV,D,20240625,000000,2929.26,2962.02,2907.42,2962.02,0,0
VRC_MV,D,20240626,000000,2962.02,2962.02,2896.51,2907.42,0,0
VRC_MV,D,20240627,000000,2907.42,2962.02,2863.65,2962.02,0,0
VRC_MV,D,20240628,000000,2972.93,2972.93,2940.18,2962.02,0,0
VRC_MV,D,20240701,000000,2929.26,2929.26,2907.42,2929.26,0,0
VRC_MV,D,20240702,000000,2929.26,2972.93,2918.34,2962.02,0,0
VRC_MV,D,20240703,000000,2962.02,2962.02,2874.57,2885.49,0,0
VRC_MV,D,20240704,000000,2885.49,2885.49,2863.65,2874.57,0,0
VRC_MV,D,20240705,000000,2874.57,2874.57,2830.9,2830.9,0,0
VRC_MV,D,20240708,000000,2798.04,2874.57,2798.04,2819.98,0,0
VRC_MV,D,20240709,000000,2841.82,2841.82,2765.29,2765.29,0,0
VRC_MV,D,20240710,000000,2798.04,2798.04,2710.6,2765.29,0,0
VRC_MV,D,20240711,000000,2765.29,2765.29,2732.53,2732.53,0,0
VRC_MV,D,20240712,000000,2710.6,2787.13,2699.68,2787.13,0,0
VRC_MV,D,20240715,000000,2776.21,2776.21,2699.68,2743.45,0,0
VRC_MV,D,20240716,000000,2732.53,2732.53,2666.93,2699.68,0,0
VRC_MV,D,20240717,000000,2710.6,2765.29,2710.6,2743.45,0,0
VRC_MV,D,20240718,000000,2787.13,2809.06,2743.45,2809.06,0,0
VRC_MV,D,20240719,000000,2787.13,2841.82,2754.37,2841.82,0,0
VRC_MV,D,20240722,000000,2841.82,2841.82,2710.6,2721.62,0,0
VRC_MV,D,20240723,000000,2721.62,2721.62,2645.09,2656.01,0,0
VRC_MV,D,20240724,000000,2634.17,2776.21,2579.48,2743.45,0,0
VRC_MV,D,20240725,000000,2721.62,2721.62,2623.25,2645.09,0,0
VRC_MV,D,20240726,000000,2623.25,2677.84,2601.32,2677.84,0,0
VRC_MV,D,20240729,000000,2699.68,2699.68,2645.09,2677.84,0,0
VRC_MV,D,20240730,000000,2677.84,2677.84,2634.17,2656.01,0,0
VRC_MV,D,20240731,000000,2666.93,2721.62,2656.01,2656.01,0,0
VRC_MV,D,20240801,000000,2688.76,2721.62,2645.09,2710.7,0,0
VRC_MV,D,20240802,000000,2634.17,2732.53,2634.17,2688.76,0,0
VRC_MV,D,20240805,000000,2623.25,2623.25,2306.23,2415.51,0,0
VRC_MV,D,20240806,000000,2459.28,2492.04,2251.54,2317.15,0,0
VRC_MV,D,20240807,000000,2284.39,2481.12,2284.39,2481.12,0,0
VRC_MV,D,20240808,000000,2459.28,2459.28,2360.92,2426.43,0,0
VRC_MV,D,20240809,000000,2448.36,2481.12,2382.75,2382.75,0,0
VRC_MV,D,20240812,000000,2382.75,2470.2,2382.75,2437.44,0,0
VRC_MV,D,20240813,000000,2470.2,2502.95,2437.44,2437.44,0,0
VRC_MV,D,20240814,000000,2459.28,2492.04,2437.44,2481.12,0,0
VRC_MV,D,20240816,000000,2502.95,2590.4,2502.95,2546.73,0,0
VRC_MV,D,20240819,000000,2557.64,2601.32,2470.2,2513.87,0,0
VRC_MV,D,20240820,000000,2513.87,2513.87,2481.12,2481.12,0,0
VRC_MV,D,20240821,000000,2481.12,2492.04,2437.44,2437.44,0,0
VRC_MV,D,20240822,000000,2437.44,2448.36,2404.59,2448.36,0,0
VRC_MV,D,20240823,000000,2448.36,2448.36,2404.59,2448.36,0,0
VRC_MV,D,20240826,000000,2404.59,2426.43,2382.75,2393.67,0,0
VRC_MV,D,20240827,000000,2382.75,2448.36,2371.84,2448.36,0,0
VRC_MV,D,20240828,000000,2448.36,2448.36,2382.75,2404.59,0,0
VRC_MV,D,20240829,000000,2393.67,2393.67,2360.92,2393.67,0,0
VRC_MV,D,20240830,000000,2393.67,2404.59,2360.92,2404.59,0,0
VRC_MV,D,20240902,000000,2371.84,2590.4,2360.92,2513.87,0,0
VRC_MV,D,20240903,000000,2612.24,2754.37,2612.24,2721.62,0,0
VRC_MV,D,20240904,000000,2677.84,2721.62,2590.4,2710.7,0,0
VRC_MV,D,20240905,000000,2666.93,2743.45,2656.01,2656.01,0,0
VRC_MV,D,20240906,000000,2623.25,2634.17,2601.32,2612.24,0,0
VRC_MV,D,20240909,000000,2590.4,2590.4,2470.2,2546.73,0,0
VRC_MV,D,20240910,000000,2524.79,2535.81,2481.12,2492.04,0,0
VRC_MV,D,20240911,000000,2492.04,2502.95,2404.59,2437.44,0,0
VRC_MV,D,20240912,000000,2448.36,2481.12,2426.43,2448.36,0,0
VRC_MV,D,20240913,000000,2448.36,2448.36,2382.75,2448.36,0,0
VRC_MV,D,20240916,000000,2404.59,2448.36,2404.59,2426.43,0,0
VRC_MV,D,20240917,000000,2437.44,2448.36,2404.59,2448.36,0,0
VRC_MV,D,20240918,000000,2448.36,2546.73,2448.36,2535.81,0,0
VRC_MV,D,20240919,000000,2535.81,2601.32,2535.81,2579.48,0,0
VRC_MV,D,20240920,000000,2579.48,2623.25,2502.95,2535.81,0,0
VRC_MV,D,20240923,000000,2513.87,2513.87,2448.36,2448.36,0,0
VRC_MV,D,20240924,000000,2448.36,2557.64,2448.36,2557.64,0,0
VRC_MV,D,20240925,000000,2557.64,2666.93,2557.64,2666.93,0,0
VRC_MV,D,20240926,000000,2666.93,2699.68,2645.09,2688.76,0,0
VRC_MV,D,20240927,000000,2688.76,2787.13,2677.84,2710.7,0,0
VRC_MV,D,20240930,000000,2710.6,2798.04,2699.68,2699.68,0,0
VRC_MV,D,20241001,000000,2710.6,2710.6,2634.17,2634.17,0,0
VRC_MV,D,20241002,000000,2666.93,2666.93,2612.24,2612.24,0,0
VRC_MV,D,20241003,000000,2612.24,2645.09,2612.24,2623.25,0,0
VRC_MV,D,20241004,000000,2612.24,2677.84,2601.32,2634.17,0,0
VRC_MV,D,20241007,000000,2634.17,2699.68,2546.73,2546.73,0,0
VRC_MV,D,20241008,000000,2557.64,2557.64,2437.44,2502.95,0,0
VRC_MV,D,20241009,000000,2481.12,2612.24,2470.2,2579.48,0,0
VRC_MV,D,20241010,000000,2568.56,2623.25,2568.56,2623.25,0,0
VRC_MV,D,20241011,000000,2623.25,2666.93,2590.4,2666.93,0,0
VRC_MV,D,20241014,000000,2677.84,2677.84,2568.56,2568.56,0,0
VRC_MV,D,20241015,000000,2557.64,2568.56,2513.87,2568.56,0,0
VRC_MV,D,20241016,000000,2568.56,2645.09,2568.56,2634.17,0,0
VRC_MV,D,20241017,000000,2623.25,2623.25,2535.81,2535.81,0,0
VRC_MV,D,20241018,000000,2524.79,2666.93,2524.79,2666.93,0,0
VRC_MV,D,20241021,000000,2677.84,2677.84,2601.32,2601.32,0,0
VRC_MV,D,20241022,000000,2645.09,2656.01,2579.48,2623.25,0,0
VRC_MV,D,20241023,000000,2623.25,2623.25,2568.56,2623.25,0,0
VRC_MV,D,20241024,000000,2623.25,2666.93,2601.32,2601.32,0,0
VRC_MV,D,20241025,000000,2601.32,2601.32,2535.81,2579.48,0,0
VRC_MV,D,20241028,000000,2579.48,2601.32,2557.64,2601.32,0,0
VRC_MV,D,20241029,000000,2590.4,2656.01,2568.56,2601.32,0,0
VRC_MV,D,20241030,000000,2612.24,2612.24,2568.56,2579.48,0,0
VRC_MV,D,20241031,000000,2546.73,2601.32,2513.87,2524.89,0,0
VRC_MV,D,20241104,000000,2557.64,2557.64,2513.87,2557.64,0,0
VRC_MV,D,20241105,000000,2535.81,2546.73,2513.87,2513.87,0,0
VRC_MV,D,20241106,000000,2524.79,2557.64,2513.87,2535.81,0,0
VRC_MV,D,20241107,000000,2513.87,2568.56,2513.87,2535.81,0,0
VRC_MV,D,20241108,000000,2535.81,2601.32,2535.81,2557.64,0,0
VRC_MV,D,20241112,000000,2666.93,2666.93,2524.79,2634.17,0,0
VRC_MV,D,20241113,000000,2754.37,2754.37,2601.32,2645.09,0,0
VRC_MV,D,20241114,000000,2666.93,2710.6,2601.32,2612.24,0,0
VRC_MV,D,20241115,000000,2623.25,2623.25,2535.81,2590.4,0,0
VRC_MV,D,20241118,000000,2601.32,2612.24,2535.81,2612.24,0,0
VRC_MV,D,20241119,000000,2612.24,2612.24,2481.12,2513.87,0,0
VRC_MV,D,20241120,000000,2535.81,2568.56,2513.87,2546.73,0,0
VRC_MV,D,20241121,000000,2557.64,2557.64,2492.04,2557.64,0,0
VRC_MV,D,20241122,000000,2557.64,2579.48,2492.04,2579.48,0,0
VRC_MV,D,20241125,000000,2579.48,2579.48,2513.87,2546.73,0,0
VRC_MV,D,20241126,000000,2535.81,2535.81,2492.04,2535.81,0,0
VRC_MV,D,20241127,000000,2502.95,2524.79,2502.95,2502.95,0,0
VRC_MV,D,20241128,000000,2535.81,2535.81,2492.04,2502.95,0,0
VRC_MV,D,20241129,000000,2502.95,2656.01,2502.95,2601.32,0,0
VRC_MV,D,20241202,000000,2645.09,2645.09,2590.4,2612.24,0,0
VRC_MV,D,20241203,000000,2612.24,2612.24,2557.64,2579.48,0,0
VRC_MV,D,20241204,000000,2601.32,2601.32,2546.73,2568.56,0,0
VRC_MV,D,20241205,000000,2557.64,2645.09,2546.73,2634.17,0,0
VRC_MV,D,20241206,000000,2645.09,2645.09,2568.56,2579.48,0,0
VRC_MV,D,20241209,000000,2568.56,2612.24,2546.73,2568.56,0,0
VRC_MV,D,20241210,000000,2568.56,2601.32,2535.81,2601.32,0,0
VRC_MV,D,20241211,000000,2601.32,2601.32,2557.64,2568.56,0,0
VRC_MV,D,20241212,000000,2568.56,2623.25,2524.79,2623.25,0,0
VRC_MV,D,20241213,000000,2579.48,2623.25,2568.56,2623.25,0,0
VRC_MV,D,20241216,000000,2623.25,2634.17,2568.56,2590.4,0,0
VRC_MV,D,20241217,000000,2612.24,2732.53,2590.4,2601.32,0,0
VRC_MV,D,20241218,000000,2601.32,2623.25,2601.32,2623.25,0,0
VRC_MV,D,20241219,000000,2612.24,2634.17,2601.32,2612.24,0,0
VRC_MV,D,20241220,000000,2612.24,2645.09,2557.64,2645.09,0,0
VRC_MV,D,20241223,000000,2623.25,2743.45,2612.24,2732.53,0,0
VRC_MV,D,20241227,000000,2732.53,2819.98,2677.84,2787.13,0,0
VRC_MV,D,20241230,000000,2787.13,2809.06,2765.29,2787.13,0,0
VRC_MV,D,20250102,000000,2787.13,2830.9,2776.21,2798.04,0,0
VRC_MV,D,20250103,000000,2830.9,2852.73,2776.21,2787.13,0,0
VRC_MV,D,20250107,000000,2787.13,2787.13,2743.45,2743.45,0,0
VRC_MV,D,20250108,000000,2743.45,2743.45,2579.48,2623.25,0,0
VRC_MV,D,20250109,000000,2612.24,2645.09,2601.32,2601.32,0,0
VRC_MV,D,20250110,000000,2623.25,2634.17,2579.48,2590.4,0,0
VRC_MV,D,20250113,000000,2590.4,2601.32,2492.04,2492.04,0,0
VRC_MV,D,20250114,000000,2513.87,2535.81,2502.95,2502.95,0,0
VRC_MV,D,20250115,000000,2513.87,2546.73,2513.87,2546.73,0,0
VRC_MV,D,20250116,000000,2557.64,2557.64,2513.87,2535.81,0,0
VRC_MV,D,20250117,000000,2546.73,2557.64,2524.79,2546.73,0,0
VRC_MV,D,20250120,000000,2546.73,2666.93,2546.73,2666.93,0,0
VRC_MV,D,20250121,000000,2666.93,2666.93,2612.24,2623.25,0,0
VRC_MV,D,20250122,000000,2634.17,2645.09,2612.24,2645.09,0,0
VRC_MV,D,20250123,000000,2634.17,2656.01,2612.24,2623.25,0,0
VRC_MV,D,20250124,000000,2612.24,2656.01,2612.24,2612.24,0,0
VRC_MV,D,20250127,000000,2601.32,2623.25,2601.32,2601.32,0,0
VRC_MV,D,20250128,000000,2623.25,2623.25,2568.56,2590.4,0,0
VRC_MV,D,20250129,000000,2579.48,2590.4,2546.73,2546.73,0,0
VRC_MV,D,20250130,000000,2557.64,2579.48,2546.73,2557.64,0,0
VRC_MV,D,20250131,000000,2568.56,2590.4,2557.64,2568.56,0,0
VRC_MV,D,20250203,000000,2535.81,2568.56,2502.95,2535.81,0,0
VRC_MV,D,20250204,000000,2546.73,2557.64,2502.95,2513.87,0,0
VRC_MV,D,20250205,000000,2459.28,2513.87,2459.28,2502.95,0,0
VRC_MV,D,20250206,000000,2502.95,2535.81,2481.12,2524.89,0,0
VRC_MV,D,20250207,000000,2513.87,2557.64,2492.04,2535.81,0,0
VRC_MV,D,20250210,000000,2513.87,2535.81,2492.04,2492.04,0,0
VRC_MV,D,20250211,000000,2502.95,2524.79,2492.04,2492.04,0,0
VRC_MV,D,20250212,000000,2492.04,2535.81,2481.12,2492.04,0,0
VRC_MV,D,20250213,000000,2492.04,2524.79,2492.04,2513.87,0,0
VRC_MV,D,20250214,000000,2513.87,2535.81,2492.04,2492.04,0,0
VRC_MV,D,20250217,000000,2492.04,2502.95,2481.12,2492.04,0,0
VRC_MV,D,20250218,000000,2492.04,2513.87,2448.36,2448.36,0,0
VRC_MV,D,20250219,000000,2448.36,2492.04,2437.44,2448.36,0,0
VRC_MV,D,20250220,000000,2459.28,2535.81,2448.36,2524.89,0,0
VRC_MV,D,20250221,000000,2524.79,2634.17,2524.79,2634.17,0,0
VRC_MV,D,20250224,000000,2623.25,2645.09,2612.24,2612.24,0,0
VRC_MV,D,20250225,000000,2612.24,2677.84,2601.32,2612.24,0,0
VRC_MV,D,20250226,000000,2612.24,2666.93,2612.24,2634.17,0,0
VRC_MV,D,20250227,000000,2666.93,2710.7,2634.17,2710.7,0,0
VRC_MV,D,20250228,000000,2699.68,2699.68,2645.09,2645.09,0,0
VRC_MV,D,20250303,000000,2645.09,2645.09,2590.4,2590.4,0,0
VRC_MV,D,20250304,000000,2557.64,2557.64,2459.28,2481.12,0,0
VRC_MV,D,20250305,000000,2492.04,2546.73,2481.12,2535.81,0,0
VRC_MV,D,20250306,000000,2492.04,2535.81,2448.36,2470.2,0,0
VRC_MV,D,20250307,000000,2481.12,2524.79,2470.2,2481.12,0,0
VRC_MV,D,20250310,000000,2579.48,2579.48,2415.51,2470.2,0,0
VRC_MV,D,20250311,000000,2502.95,2502.95,2415.51,2437.44,0,0
VRC_MV,D,20250312,000000,2437.44,2481.12,2415.51,2437.44,0,0
VRC_MV,D,20250313,000000,2448.36,2448.36,2426.43,2426.43,0,0
VRC_MV,D,20250314,000000,2437.44,2492.04,2382.75,2404.59,0,0
VRC_MV,D,20250317,000000,2448.36,2481.12,2426.43,2481.12,0,0
VRC_MV,D,20250318,000000,2535.81,2623.25,2502.95,2623.25,0,0
VRC_MV,D,20250319,000000,2612.24,2754.37,2612.24,2732.53,0,0
VRC_MV,D,20250320,000000,2513.87,2612.24,2513.87,2568.56,0,0
VRC_MV,D,20250321,000000,2579.48,2612.24,2557.64,2590.4,0,0
VRC_MV,D,20250324,000000,2601.32,2601.32,2579.48,2590.4,0,0
VRC_MV,D,20250325,000000,2601.32,2601.32,2568.56,2579.48,0,0
VRC_MV,D,20250326,000000,2623.25,2645.09,2579.48,2579.48,0,0
VRC_MV,D,20250327,000000,2579.48,2612.24,2579.48,2601.32,0,0
VRC_MV,D,20250328,000000,2623.25,2623.25,2546.73,2546.73,0,0
VRC_MV,D,20250331,000000,2546.73,2568.56,2492.04,2557.64,0,0
VRC_MV,D,20250401,000000,2614.5,2623.25,2575.15,2592.56,0,0
VRC_MV,D,20250402,000000,2592.56,2592.56,2540.13,2544.56,0,0
VRC_MV,D,20250403,000000,2535.81,2535.81,2430.85,2435.18,0,0
VRC_MV,D,20250404,000000,2426.43,2470.2,2382.75,2404.59,0,0
VRC_MV,D,20250407,000000,2360.92,2422.1,2216.62,2387.08,0,0
VRC_MV,D,20250408,000000,2417.77,2457.12,2391.51,2426.43,0,0
VRC_MV,D,20250409,000000,2404.59,2404.59,2238.45,2273.47,0,0
VRC_MV,D,20250410,000000,2409.02,2457.12,2360.92,2413.34,0,0
VRC_MV,D,20250411,000000,2443.94,2443.94,2321.57,2365.24,0,0
VRC_MV,D,20250414,000000,2395.84,2395.84,2356.49,2374,0,0
VRC_MV,D,20250415,000000,2382.75,2382.75,2356.49,2382.75,0,0
VRC_MV,D,20250416,000000,2369.67,2369.67,2286.55,2360.92,0,0
VRC_MV,D,20250417,000000,2338.98,2338.98,2304.06,2330.33,0,0
VRC_MV,D,20250422,000000,2295.31,2509.54,2295.31,2443.94,0,0
VRC_MV,D,20250423,000000,2513.87,2535.81,2448.36,2500.79,0,0
VRC_MV,D,20250424,000000,2500.79,2522.63,2470.2,2492.04,0,0
VRC_MV,D,20250425,000000,2522.63,2522.63,2492.04,2505.22,0,0
VRC_MV,D,20250428,000000,2505.12,2531.38,2496.46,2531.38,0,0
VRC_MV,D,20250429,000000,2535.81,2610.07,2535.81,2592.56,0,0
VRC_MV,D,20250430,000000,2596.99,2601.32,2492.04,2535.81,0,0
VRC_MV,D,20250502,000000,2548.89,2601.32,2522.63,2566.4,0,0
VRC_MV,D,20250505,000000,2579.48,2601.32,2527.05,2527.05,0,0
VRC_MV,D,20250506,000000,2579.48,2579.48,2531.38,2566.4,0,0
VRC_MV,D,20250507,000000,2583.91,2601.32,2583.91,2588.23,0,0
VRC_MV,D,20250508,000000,2592.56,2627.58,2583.91,2623.25,0,0
VRC_MV,D,20250509,000000,2623.25,2728.11,2623.25,2627.58,0,0
VRC_MV,D,20250512,000000,2645.09,2697.52,2605.74,2653.84,0,0
VRC_MV,D,20250513,000000,2671.25,2688.76,2627.58,2688.76,0,0
VRC_MV,D,20250514,000000,2658.17,2688.76,2649.42,2666.93,0,0
VRC_MV,D,20250515,000000,2666.93,2688.76,2653.84,2666.93,0,0
VRC_MV,D,20250516,000000,2671.25,2688.76,2653.84,2671.35,0,0
VRC_MV,D,20250519,000000,2689.1,2689.1,2662.4,2666.9,0,0
VRC_MV,D,20250520,000000,2671.3,2689.1,2658,2666.9,0,0
VRC_MV,D,20250521,000000,2689.1,2795.8,2689.1,2795.8,0,0
VRC_MV,D,20250522,000000,2791.3,2791.3,2635.7,2635.7,0,0
VRC_MV,D,20250523,000000,2631.3,2631.3,2524.6,2578,0,0
VRC_MV,D,20250526,000000,2555.7,2689.1,2555.7,2662.4,0,0
VRC_MV,D,20250527,000000,2662.4,2671.3,2626.9,2662.4,0,0
VRC_MV,D,20250528,000000,2671.3,2671.3,2555.7,2555.7,0,0
VRC_MV,D,20250529,000000,2555.7,2555.7,2524.6,2524.6,0,0
VRC_MV,D,20250530,000000,2555.7,2555.7,2515.7,2529.1,0,0
VRC_MV,D,20250602,000000,2524.6,2578,2502.4,2502.4,0,0
VRC_MV,D,20250603,000000,2502.4,2551.3,2449.1,2489.1,0,0
VRC_MV,D,20250604,000000,2520.2,2573.5,2475.7,2555.7,0,0
VRC_MV,D,20250605,000000,2564.6,2578,2493.5,2502.4,0,0
VRC_MV,D,20250606,000000,2484.6,2511.3,2453.5,2466.8,0,0
VRC_MV,D,20250609,000000,2466.8,2600.2,2466.8,2600.2,0,0
VRC_MV,D,20250610,000000,2622.4,2658,2604.6,2604.6,0,0
VRC_MV,D,20250611,000000,2635.7,2649.1,2604.6,2649.1,0,0
VRC_MV,D,20250612,000000,2649.1,2653.5,2613.5,2631.3,0,0
VRC_MV,D,20250613,000000,2578,2635.7,2578,2604.6,0,0
VRC_MV,D,20250616,000000,2622.4,2631.3,2600.2,2604.6,0,0
VRC_MV,D,20250617,000000,2613.5,2613.5,2578,2613.5,0,0
VRC_MV,D,20250618,000000,2613.5,2613.5,2569.1,2569.1,0,0
VRC_MV,D,20250620,000000,2569.1,2684.6,2569.1,2684.6,0,0
VRC_MV,D,20250623,000000,2644.6,2666.9,2613.5,2622.4,0,0
VRC_MV,D,20250624,000000,2622.4,2649.1,2622.4,2644.6,0,0
VRC_MV,D,20250625,000000,2644.6,2666.9,2622.4,2666.9,0,0
VRC_MV,D,20250626,000000,2666.9,2746.9,2658,2742.4,0,0
VRC_MV,D,20250627,000000,2746.9,2746.9,2626.9,2680.2,0,0
VRC_MV,D,20250630,000000,2658,2702.4,2635.7,2689.1,0,0
VRC_MV,D,20250701,000000,2689.1,2698,2653.5,2689.1,0,0
VRC_MV,D,20250702,000000,2698,2698,2644.6,2653.5,0,0
VRC_MV,D,20250703,000000,2666.9,2689.1,2662.4,2689.1,0,0
VRC_MV,D,20250704,000000,2689.1,2702.4,2666.9,2689.1,0,0
VRC_MV,D,20250707,000000,2684.6,2689.1,2658,2684.6,0,0
VRC_MV,D,20250708,000000,2666.9,2680.2,2635.7,2635.7,0,0
VRC_MV,D,20250709,000000,2653.5,2666.9,2635.7,2666.9,0,0
VRC_MV,D,20250710,000000,2684.6,2689.1,2644.6,2689.1,0,0
VRC_MV,D,20250711,000000,2689.1,2711.3,2649.1,2689.1,0,0
VRC_MV,D,20250714,000000,2675.7,2680.2,2609.1,2653.5,0,0
VRC_MV,D,20250715,000000,2618,2631.3,2609.1,2613.5,0,0
VRC_MV,D,20250716,000000,2600.2,2618,2600.2,2613.5,0,0
VRC_MV,D,20250717,000000,2622.4,2689.1,2600.2,2689.1,0,0
VRC_MV,D,20250718,000000,2689.1,2702.4,2658,2689.1,0,0
VRC_MV,D,20250721,000000,2702.4,2702.4,2653.5,2698,0,0
VRC_MV,D,20250722,000000,2693.5,2693.5,2662.4,2662.4,0,0
VRC_MV,D,20250723,000000,2684.6,2684.6,2653.5,2658,0,0
VRC_MV,D,20250724,000000,2666.9,2680.2,2644.6,2658,0,0
VRC_MV,D,20250725,000000,2658,2689.1,2622.4,2689.1,0,0
VRC_MV,D,20250728,000000,2689.1,2689.1,2658,2662.4,0,0
VRC_MV,D,20250729,000000,2680.2,2733.5,2666.9,2733.5,0,0
VRC_MV,D,20250730,000000,2742.4,2831.3,2742.4,2822.4,0,0
VRC_MV,D,20250731,000000,2822.4,2866.9,2822.4,2826.9,0,0
VRC_MV,D,20250801,000000,2826.9,2826.9,2702.4,2733.5,0,0
VRC_MV,D,20250804,000000,2782.4,2782.4,2689.1,2733.5,0,0
VRC_MV,D,20250805,000000,2733.5,2738,2689.1,2689.1,0,0
VRC_MV,D,20250806,000000,2724.6,2724.6,2689.1,2711.3,0,0
VRC_MV,D,20250807,000000,2715.7,2733.5,2715.7,2724.6,0,0
VRC_MV,D,20250808,000000,2711.3,2729.1,2706.9,2711.3,0,0
VRC_MV,D,20250811,000000,2706.9,2706.9,2666.9,2675.7,0,0
VRC_MV,D,20250812,000000,2675.7,2680.2,2649.1,2666.9,0,0
VRC_MV,D,20250813,000000,2684.6,2729.1,2666.9,2711.3,0,0
VRC_MV,D,20250814,000000,2689.1,2706.9,2658,2698,0,0
VRC_MV,D,20250818,000000,2662.4,2733.5,2662.4,2733.5,0,0
VRC_MV,D,20250819,000000,2733.5,2733.5,2671.3,2711.3,0,0
VRC_MV,D,20250820,000000,2671.3,2684.6,2653.5,2653.5,0,0
VRC_MV,D,20250821,000000,2680.2,2689.1,2595.7,2595.7,0,0
VRC_MV,D,20250822,000000,2649.1,2649.1,2591.3,2595.7,0,0
VRC_MV,D,20250825,000000,2600.2,2613.5,2564.6,2600.2,0,0
VRC_MV,D,20250826,000000,2591.3,2613.5,2586.8,2591.3,0,0
VRC_MV,D,20250827,000000,2600.2,2600.2,2573.5,2600.2,0,0
VRC_MV,D,20250828,000000,2600.2,2600.2,2582.4,2595.7,0,0
VRC_MV,D,20250829,000000,2586.8,2600.2,2569.1,2595.7,0,0
VRC_MV,D,20250901,000000,2595.7,2600.2,2546.8,2546.9,0,0
VRC_MV,D,20250902,000000,2546.8,2666.9,2546.8,2666.9,0,0
VRC_MV,D,20250903,000000,2689.1,2800.2,2689.1,2778,0,0
VRC_MV,D,20250904,000000,2786.9,2813.5,2742.4,2800.2,0,0
VRC_MV,D,20250905,000000,2822.4,2880.2,2804.6,2880.2,0,0
VRC_MV,D,20250908,000000,2880.2,2902.4,2880.2,2902.4,0,0
VRC_MV,D,20250909,000000,2902.4,2902.4,2804.6,2862.4,0,0
VRC_MV,D,20250910,000000,2866.9,2866.9,2764.6,2822.4,0,0
VRC_MV,D,20250911,000000,2831.3,2875.8,2791.3,2875.8,0,0
VRC_MV,D,20250912,000000,2849.1,2880.2,2818,2866.9,0,0
VRC_MV,D,20250915,000000,2866.9,2866.9,2786.9,2800.2,0,0
VRC_MV,D,20250916,000000,2835.8,2835.8,2755.7,2755.8,0,0
VRC_MV,D,20250917,000000,2800.2,2978,2733.5,2955.8,0,0
VRC_MV,D,20250918,000000,2889.1,2946.9,2849.1,2906.9,0,0
VRC_MV,D,20250919,000000,2924.7,2924.7,2791.3,2791.3,0,0
VRC_MV,D,20250922,000000,2804.6,2831.3,2778,2809.1,0,0
VRC_MV,D,20250923,000000,2809.1,2862.4,2809.1,2840.2,0,0
VRC_MV,D,20250924,000000,2835.8,2866.9,2804.6,2822.4,0,0
VRC_MV,D,20250925,000000,2840.2,2840.2,2746.9,2773.5,0,0
VRC_MV,D,20250926,000000,2773.5,2778,2738,2778,0,0
VRC_MV,D,20250929,000000,2755.7,2760.2,2746.9,2755.8,0,0
VRC_MV,D,20250930,000000,2773.5,2800.2,2711.3,2800.2,0,0
VRC_MV,D,20251001,000000,2791.3,2791.3,2715.7,2751.3,0,0
VRC_MV,D,20251002,000000,2746.9,2773.5,2738,2751.3,0,0
VRC_MV,D,20251003,000000,2742.4,2764.6,2711.3,2729.1,0,0
VRC_MV,D,20251006,000000,2729.1,2755.7,2693.5,2724.6,0,0
VRC_MV,D,20251007,000000,2755.7,2755.7,2729.1,2751.3,0,0
VRC_MV,D,20251008,000000,2764.6,2795.8,2738,2773.5,0,0
VRC_MV,D,20251009,000000,2769.1,2773.5,2733.5,2733.5,0,0
VRC_MV,D,20251010,000000,2733.5,2755.7,2724.6,2738,0,0
VRC_MV,D,20251013,000000,2733.5,2804.6,2733.5,2773.5,0,0
VRC_MV,D,20251014,000000,2786.9,2791.3,2733.5,2733.5,0,0
VRC_MV,D,20251015,000000,2769.1,2791.3,2746.9,2751.3,0,0
VRC_MV,D,20251016,000000,2782.4,2800.2,2742.4,2800.2,0,0
VRC_MV,D,20251017,000000,2778,2778,2729.1,2738,0,0
VRC_MV,D,20251020,000000,2742.4,2773.5,2729.1,2769.1,0,0
VRC_MV,D,20251021,000000,2755.7,2755.7,2733.5,2738,0,0
VRC_MV,D,20251022,000000,2742.4,2769.1,2729.1,2755.8,0,0
VRC_MV,D,20251023,000000,2755.7,2760.2,2742.4,2755.8,0,0
VRC_MV,D,20251024,000000,2755.7,2755.7,2733.5,2751.3,0,0
VRC_MV,D,20251027,000000,2733.5,2769.1,2733.5,2755.8,0,0
VRC_MV,D,20251028,000000,2778,2778,2729.1,2746.9,0,0
VRC_MV,D,20251029,000000,2760.2,2760.2,2733.5,2755.8,0,0
VRC_MV,D,20251030,000000,2755.7,2755.7,2720.2,2742.4,0,0
VRC_MV,D,20251031,000000,2746.9,2746.9,2720.2,2733.5,0,0
VRC_MV,D,20251103,000000,2733.5,2764.6,2720.2,2755.8,0,0
VRC_MV,D,20251104,000000,2778,2778,2729.1,2755.8,0,0
VRC_MV,D,20251105,000000,2729.1,2760.2,2729.1,2755.8,0,0
VRC_MV,D,20251106,000000,2764.6,2778,2742.4,2760.2,0,0
VRC_MV,D,20251107,000000,2795.8,2795.8,2706.9,2724.6,0,0
VRC_MV,D,20251110,000000,2724.6,2751.3,2724.6,2742.4,0,0
VRC_MV,D,20251112,000000,2751.3,2755.7,2733.5,2733.5,0,0
VRC_MV,D,20251113,000000,2751.3,2751.3,2729.1,2729.1,0,0
VRC_MV,D,20251114,000000,2729.1,2729.1,2649.1,2649.1,0,0
VRC_MV,D,20251117,000000,2644.6,2702.4,2613.5,2653.5,0,0
VRC_MV,D,20251118,000000,2644.6,2644.6,2591.3,2600.2,0,0
VRC_MV,D,20251119,000000,2591.3,2720.2,2591.3,2720.2,0,0
VRC_MV,D,20251120,000000,2720.2,2720.2,2622.4,2644.6,0,0
VRC_MV,D,20251121,000000,2622.4,2666.9,2618,2626.9,0,0
VRC_MV,D,20251124,000000,2626.9,2626.9,2600.2,2613.5,0,0
VRC_MV,D,20251125,000000,2604.6,2644.6,2586.8,2631.3,0,0
VRC_MV,D,20251126,000000,2640.2,2666.9,2622.4,2662.4,0,0
VRC_MV,D,20251127,000000,2658,2689.1,2649.1,2689.1,0,0
VRC_MV,D,20251128,000000,2671.3,2835.8,2658,2822.4,0,0
VRC_MV,D,20251201,000000,2840.2,2849.1,2778,2822.4,0,0
VRC_MV,D,20251202,000000,2822.4,2822.4,2720.2,2746.9,0,0
VRC_MV,D,20251203,000000,2773.5,2773.5,2724.6,2751.3,0,0
VRC_MV,D,20251204,000000,2733.5,2751.3,2689.1,2711.3,0,0
VRC_MV,D,20251205,000000,2684.6,2702.4,2680.2,2702.4,0,0
VRC_MV,D,20251208,000000,2702.4,2800.2,2702.4,2791.3,0,0
VRC_MV,D,20251209,000000,2795.8,2862.4,2778,2862.4,0,0
VRC_MV,D,20251210,000000,2822.4,2893.5,2822.4,2849.1,0,0
VRC_MV,D,20251211,000000,2849.1,2893.5,2769.1,2884.7,0,0
VRC_MV,D,20251212,000000,2933.5,3004.7,2933.5,2964.7,0,0
VRC_MV,D,20251215,000000,2995.8,3013.5,2911.3,2969.1,0,0
VRC_MV,D,20251216,000000,2973.5,2973.5,2898,2942.4,0,0
VRC_MV,D,20251217,000000,2955.8,2955.8,2898,2911.3,0,0
VRC_MV,D,20251218,000000,2911.3,2929.1,2786.9,2800.2,0,0
VRC_MV,D,20251219,000000,2800.2,2818,2702.4,2711.3,0,0
VRC_MV,D,20251222,000000,2751.3,2778,2724.6,2769.1,0,0
VRC_MV,D,20251223,000000,2769.1,2831.3,2755.7,2831.3,0,0
VRC_MV,D,20251229,000000,2844.6,2849.1,2773.5,2786.9,0,0
VRC_MV,D,20251230,000000,2809.1,2875.8,2809.1,2875.8,0,0
VRC_MV,D,20260102,000000,2929.1,2991.3,2871.3,2955.8,0,0
VRC_MV,D,20260105,000000,2960.2,3018,2911.3,2951.3,0,0
VRC_MV,D,20260107,000000,2964.7,3022.4,2902.4,2969.1,0,0
VRC_MV,D,20260108,000000,2982.4,3031.3,2938,2946.9,0,0
VRC_MV,D,20260109,000000,2955.8,2955.8,2906.9,2929.1,0,0
VRC_MV,D,20260112,000000,2933.5,3093.6,2933.5,3058,0,0
VRC_MV,D,20260113,000000,3053.5,3089.1,3031.3,3053.6,0,0
VRC_MV,D,20260114,000000,3106.9,3124.7,3035.8,3044.7,0,0
VRC_MV,D,20260115,000000,3106.9,3111.3,3058,3111.3,0,0
VRC_MV,D,20260116,000000,3093.6,3111.3,3066.9,3084.7,0,0
VRC_MV,D,20260119,000000,3102.4,3102.4,2978,3049.1,0,0
VRC_MV,D,20260120,000000,3022.4,3106.9,3022.4,3075.8,0,0
VRC_MV,D,20260121,000000,3151.3,3151.3,3035.8,3053.6,0,0
VRC_MV,D,20260122,000000,3089.1,3178,3089.1,3111.3,0,0
VRC_MV,D,20260123,000000,3111.3,3111.3,3022.4,3066.9,0,0
