<TICKER>,<PER>,<DATE>,<TIME>,<OPEN>,<HIGH>,<LOW>,<CLOSE>,<VOL>,<OPENINT>
WPR_MV,D,20210914,000000,71,71,71,71,0,0
WPR_MV,D,20210915,000000,72.45,74,71.9,72.45,0,0
WPR_MV,D,20210916,000000,73.45,74.5,69,69.5,0,0
WPR_MV,D,20210917,000000,69.51,70,68,68.9,0,0
WPR_MV,D,20210920,000000,68,68,63.25,64.1,0,0
WPR_MV,D,20210921,000000,64.5,67.6,64.5,65.5,0,0
WPR_MV,D,20210922,000000,66,67,63.9,65.5,0,0
WPR_MV,D,20210923,000000,65.55,69.8,65.55,69,0,0
WPR_MV,D,20210924,000000,69.9,72.4,69.5,72,0,0
WPR_MV,D,20210927,000000,72,72,69.5,71.4,0,0
WPR_MV,D,20210928,000000,71.65,71.65,69.5,71.15,0,0
WPR_MV,D,20210929,000000,71.6,71.6,69.5,71.4,0,0
WPR_MV,D,20210930,000000,71.9,71.9,69,71.1,0,0
WPR_MV,D,20211001,000000,70.9,70.9,68.71,70.25,0,0
WPR_MV,D,20211004,000000,70.25,70.82,68.8,69.95,0,0
WPR_MV,D,20211005,000000,66.5,69,65.5,65.5,0,0
WPR_MV,D,20211006,000000,66,69.93,65.5,65.5,0,0
WPR_MV,D,20211007,000000,65.7,67.4,65.5,67.4,0,0
WPR_MV,D,20211008,000000,65.6,69.25,65.55,69.25,0,0
WPR_MV,D,20211011,000000,69.15,69.25,65.25,68,0,0
WPR_MV,D,20211012,000000,65.6,67.4,64.05,66.15,0,0
WPR_MV,D,20211013,000000,66.35,66.35,65,66,0,0
WPR_MV,D,20211014,000000,66.2,66.2,64.9,65,0,0
WPR_MV,D,20211015,000000,66.2,67.5,65.05,66.94,0,0
WPR_MV,D,20211018,000000,66.94,67.7,66.5,67.5,0,0
WPR_MV,D,20211019,000000,67.95,67.95,67.9,67.95,0,0
WPR_MV,D,20211020,000000,67.95,67.95,65,66.49,0,0
WPR_MV,D,20211021,000000,66.49,66.49,65,66.2,0,0
WPR_MV,D,20211022,000000,66.2,67.45,66.2,67.45,0,0
WPR_MV,D,20211025,000000,67.4,67.4,66,67.15,0,0
WPR_MV,D,20211026,000000,67.25,67.25,65.05,67.25,0,0
WPR_MV,D,20211027,000000,67,68,66.8,68,0,0
WPR_MV,D,20211028,000000,65.26,67.3,62.75,66.35,0,0
WPR_MV,D,20211029,000000,65.75,65.75,64.15,65,0,0
WPR_MV,D,20211102,000000,65,65.5,65,65.5,0,0
WPR_MV,D,20211103,000000,65.49,65.49,64.1,65.3,0,0
WPR_MV,D,20211104,000000,65.3,65.45,64.25,65.29,0,0
WPR_MV,D,20211105,000000,64.26,65,64.26,64.99,0,0
WPR_MV,D,20211108,000000,64.35,64.65,62.75,64.65,0,0
WPR_MV,D,20211109,000000,64.75,65.35,64.75,65.3,0,0
WPR_MV,D,20211110,000000,66.5,66.65,65.5,66,0,0
WPR_MV,D,20211112,000000,66.01,68,66,67.95,0,0
WPR_MV,D,20211115,000000,67.55,70.9,64.8,67.25,0,0
WPR_MV,D,20211116,000000,67.5,69,67.3,68.5,0,0
WPR_MV,D,20211117,000000,68.95,70,67.25,69.5,0,0
WPR_MV,D,20211118,000000,69.05,70,66.16,69,0,0
WPR_MV,D,20211119,000000,69,69,65.75,67.15,0,0
WPR_MV,D,20211122,000000,66,66.75,65,66.6,0,0
WPR_MV,D,20211123,000000,66.45,69.4,66.3,69.4,0,0
WPR_MV,D,20211124,000000,67.64,69.4,66,66,0,0
WPR_MV,D,20211125,000000,66.6,67.45,66.5,67.45,0,0
WPR_MV,D,20211126,000000,67.5,67.5,66.5,67.5,0,0
WPR_MV,D,20211129,000000,67.5,68,67,67.45,0,0
WPR_MV,D,20211130,000000,67.45,68.3,66.55,66.6,0,0
WPR_MV,D,20211201,000000,66.9,67.5,66.5,67.25,0,0
WPR_MV,D,20211202,000000,67.45,67.45,66.5,66.9,0,0
WPR_MV,D,20211203,000000,65.9,68.3,65.9,68,0,0
WPR_MV,D,20211206,000000,68.3,68.3,65.85,66.75,0,0
WPR_MV,D,20211207,000000,65.85,68.15,65.85,66.5,0,0
WPR_MV,D,20211208,000000,68,68,66.05,67.4,0,0
WPR_MV,D,20211209,000000,67.5,67.5,66.5,67.5,0,0
WPR_MV,D,20211210,000000,67.5,67.5,66.55,66.55,0,0
WPR_MV,D,20211213,000000,66.5,67.5,66.5,66.65,0,0
WPR_MV,D,20211214,000000,66.65,66.65,65.65,66.5,0,0
WPR_MV,D,20211215,000000,66.1,66.1,65.5,66.1,0,0
WPR_MV,D,20211216,000000,66,66,65.75,65.75,0,0
WPR_MV,D,20211217,000000,66,66.8,66,66.8,0,0
WPR_MV,D,20211220,000000,66.8,66.8,65.75,66,0,0
WPR_MV,D,20211221,000000,65.8,66,65.75,66,0,0
WPR_MV,D,20211222,000000,65.75,67.25,65.75,67.25,0,0
WPR_MV,D,20211223,000000,66.25,67.25,66.25,67.25,0,0
WPR_MV,D,20211227,000000,66.45,67,66.45,66.9,0,0
WPR_MV,D,20211228,000000,66.85,67.8,66.85,67.65,0,0
WPR_MV,D,20211229,000000,67.5,69.25,67.5,69.2,0,0
WPR_MV,D,20211230,000000,67.2,70.8,67.2,70.6,0,0
WPR_MV,D,20220103,000000,72.4,82.5,72.4,80,0,0
WPR_MV,D,20220104,000000,79.95,81.5,79.95,80,0,0
WPR_MV,D,20220105,000000,80,80,78.05,79.95,0,0
WPR_MV,D,20220107,000000,79.75,85,79.75,85,0,0
WPR_MV,D,20220110,000000,85,94.5,85,89,0,0
WPR_MV,D,20220111,000000,90,93.5,89.5,92,0,0
WPR_MV,D,20220112,000000,92,99,92,94.51,0,0
WPR_MV,D,20220113,000000,97.5,97.5,93.15,94.5,0,0
WPR_MV,D,20220114,000000,91.05,92.85,90.01,90.5,0,0
WPR_MV,D,20220117,000000,92,99.5,90.5,95.5,0,0
WPR_MV,D,20220118,000000,95.5,95.5,93,95,0,0
WPR_MV,D,20220119,000000,93.5,95.5,92.75,94.9,0,0
WPR_MV,D,20220120,000000,94.9,94.9,91.15,93.68,0,0
WPR_MV,D,20220121,000000,93.5,93.5,83,87.65,0,0
WPR_MV,D,20220124,000000,85.5,85.5,78,83,0,0
WPR_MV,D,20220125,000000,83.5,84.5,80,80.15,0,0
WPR_MV,D,20220126,000000,80.15,86,80.15,84.55,0,0
WPR_MV,D,20220127,000000,84.4,87.5,84.4,87.4,0,0
WPR_MV,D,20220128,000000,85.1,90.5,85,85.25,0,0
WPR_MV,D,20220131,000000,85.25,90.5,85.25,87.6,0,0
WPR_MV,D,20220201,000000,87.6,87.6,84,85.15,0,0
WPR_MV,D,20220202,000000,87,87,84.35,85,0,0
WPR_MV,D,20220203,000000,86,86,80.9,84,0,0
WPR_MV,D,20220204,000000,81.6,85,81.6,84.5,0,0
WPR_MV,D,20220207,000000,84,85,84,85,0,0
WPR_MV,D,20220208,000000,85,85,83.65,84.95,0,0
WPR_MV,D,20220209,000000,85,90,85,90,0,0
WPR_MV,D,20220210,000000,90.5,94.59,90.5,94.49,0,0
WPR_MV,D,20220211,000000,94.7,94.99,91,92.5,0,0
WPR_MV,D,20220214,000000,91.45,92.35,85.65,92.35,0,0
WPR_MV,D,20220215,000000,91,92.25,91,91.5,0,0
WPR_MV,D,20220216,000000,91.5,93.5,91.5,92,0,0
WPR_MV,D,20220217,000000,92.5,92.5,87.55,87.55,0,0
WPR_MV,D,20220218,000000,91.5,95,90.5,94.36,0,0
WPR_MV,D,20220221,000000,91.3,94.3,90.57,92.5,0,0
WPR_MV,D,20220222,000000,88.65,93.95,88.65,93.49,0,0
WPR_MV,D,20220223,000000,94.99,95,91.7,91.7,0,0
WPR_MV,D,20220224,000000,87,87.5,80.55,87,0,0
WPR_MV,D,20220225,000000,86,90,86,90,0,0
WPR_MV,D,20220228,000000,86.1,93.95,86.1,93.95,0,0
WPR_MV,D,20220301,000000,93.9,94.7,89.51,89.51,0,0
WPR_MV,D,20220302,000000,89.5,94,89.5,93.87,0,0
WPR_MV,D,20220303,000000,92,93.9,90,92,0,0
WPR_MV,D,20220304,000000,89.7,89.7,89.5,89.5,0,0
WPR_MV,D,20220307,000000,90,90,89.4,89.4,0,0
WPR_MV,D,20220308,000000,89,89,87,89,0,0
WPR_MV,D,20220309,000000,89,91.05,89,90,0,0
WPR_MV,D,20220310,000000,90,94,90,92.5,0,0
WPR_MV,D,20220311,000000,92.75,95,92.5,95,0,0
WPR_MV,D,20220314,000000,94.95,101.9,94.95,100.5,0,0
WPR_MV,D,20220315,000000,101.9,101.9,99.2,99.95,0,0
WPR_MV,D,20220316,000000,101.75,115,101.03,110.65,0,0
WPR_MV,D,20220317,000000,112.15,114,108,111.2,0,0
WPR_MV,D,20220318,000000,110.45,110.45,101.5,105.33,0,0
WPR_MV,D,20220321,000000,102,106.93,101.25,106.93,0,0
WPR_MV,D,20220322,000000,106.93,109.73,100.25,109.5,0,0
WPR_MV,D,20220323,000000,109.5,119.75,109.5,118.5,0,0
WPR_MV,D,20220324,000000,117,118.5,116,117.5,0,0
WPR_MV,D,20220325,000000,112.6,116.4,110.55,112.5,0,0
WPR_MV,D,20220328,000000,109.25,117.25,109,116.95,0,0
WPR_MV,D,20220329,000000,117,118,115,117.9,0,0
WPR_MV,D,20220330,000000,118,118,115.25,117.5,0,0
WPR_MV,D,20220331,000000,117.75,117.75,115.5,117,0,0
WPR_MV,D,20220401,000000,116.75,117,116.75,117,0,0
WPR_MV,D,20220404,000000,116.5,117.25,115.5,117.25,0,0
WPR_MV,D,20220405,000000,117,117.25,113.5,113.5,0,0
WPR_MV,D,20220406,000000,114,115,111,112,0,0
WPR_MV,D,20220407,000000,112,112.5,110.25,112,0,0
WPR_MV,D,20220408,000000,111.6,114.4,110.25,114.4,0,0
WPR_MV,D,20220411,000000,111.5,114.9,108.5,110.45,0,0
WPR_MV,D,20220412,000000,107.18,109.45,105,109.45,0,0
WPR_MV,D,20220413,000000,109.5,114,109.5,110,0,0
WPR_MV,D,20220414,000000,110,110,110,110,0,0
WPR_MV,D,20220419,000000,109.5,109.5,109.5,109.5,0,0
WPR_MV,D,20220420,000000,114,114,111.5,111.5,0,0
WPR_MV,D,20220421,000000,111.5,111.5,107,110.5,0,0
WPR_MV,D,20220422,000000,107.5,107.5,107.5,107.5,0,0
WPR_MV,D,20220425,000000,107,107,100,102.5,0,0
WPR_MV,D,20220426,000000,103,109,102.5,105,0,0
WPR_MV,D,20220427,000000,102.5,104.5,101.5,102,0,0
WPR_MV,D,20220428,000000,103,104.5,103,104,0,0
WPR_MV,D,20220429,000000,106.5,106.5,104.5,104.5,0,0
WPR_MV,D,20220502,000000,103.5,103.5,97.5,101,0,0
WPR_MV,D,20220504,000000,100,101,100,100.5,0,0
WPR_MV,D,20220505,000000,100,100,99.5,99.5,0,0
WPR_MV,D,20220506,000000,99,99,93.75,93.75,0,0
WPR_MV,D,20220509,000000,97.75,99.5,90.5,90.5,0,0
WPR_MV,D,20220510,000000,93,95.5,88.75,94.75,0,0
WPR_MV,D,20220511,000000,92.5,96,92.5,95,0,0
WPR_MV,D,20220512,000000,93.75,95,93.75,95,0,0
WPR_MV,D,20220513,000000,94.75,100,94.75,97.5,0,0
WPR_MV,D,20220516,000000,97.5,101.5,94.25,98.5,0,0
WPR_MV,D,20220517,000000,97.5,99.5,97.5,99.5,0,0
WPR_MV,D,20220518,000000,99.5,99.5,97.5,97.5,0,0
WPR_MV,D,20220519,000000,97.5,99,96.25,97.5,0,0
WPR_MV,D,20220520,000000,97.5,99,97.5,99,0,0
WPR_MV,D,20220523,000000,99.25,99.5,99,99.5,0,0
WPR_MV,D,20220524,000000,99.5,100,98.75,98.75,0,0
WPR_MV,D,20220525,000000,98.5,102,98.5,100,0,0
WPR_MV,D,20220526,000000,100,100,99.75,99.75,0,0
WPR_MV,D,20220527,000000,99.75,100,99.75,100,0,0
WPR_MV,D,20220530,000000,101,104,101,104,0,0
WPR_MV,D,20220531,000000,104,104,99.5,102,0,0
WPR_MV,D,20220601,000000,104,104,102.5,102.5,0,0
WPR_MV,D,20220602,000000,104,104,100,102,0,0
WPR_MV,D,20220603,000000,103,103,99.5,101.5,0,0
WPR_MV,D,20220606,000000,99.5,100.5,99.5,100,0,0
WPR_MV,D,20220607,000000,100,100,97.5,99.25,0,0
WPR_MV,D,20220608,000000,96.75,97.5,94.5,96.5,0,0
WPR_MV,D,20220609,000000,96.5,100,94,98.75,0,0
WPR_MV,D,20220610,000000,98.5,99,95,98.25,0,0
WPR_MV,D,20220613,000000,95,97,90,91,0,0
WPR_MV,D,20220614,000000,92.25,94.75,92.25,92.5,0,0
WPR_MV,D,20220615,000000,92.5,98.75,92.5,98.75,0,0
WPR_MV,D,20220617,000000,98.75,98.75,97,98.5,0,0
WPR_MV,D,20220620,000000,97.5,97.5,97.5,97.5,0,0
WPR_MV,D,20220621,000000,97.5,97.5,96,97.5,0,0
WPR_MV,D,20220622,000000,97.5,97.75,95,97.75,0,0
WPR_MV,D,20220623,000000,97.75,97.75,97.75,97.75,0,0
WPR_MV,D,20220624,000000,95.5,96.25,95,95.75,0,0
WPR_MV,D,20220627,000000,95.75,96,93.5,96,0,0
WPR_MV,D,20220629,000000,94,94,93.5,94,0,0
WPR_MV,D,20220630,000000,93.5,95,93.5,95,0,0
WPR_MV,D,20220701,000000,95,98,95,97.75,0,0
WPR_MV,D,20220704,000000,97,97,97,97,0,0
WPR_MV,D,20220705,000000,97.5,97.5,94,97.25,0,0
WPR_MV,D,20220706,000000,95,95,94,95,0,0
WPR_MV,D,20220707,000000,93.25,96,92.5,95,0,0
WPR_MV,D,20220708,000000,95,96.25,95,96.25,0,0
WPR_MV,D,20220711,000000,96.25,96.25,89,90.75,0,0
WPR_MV,D,20220712,000000,90.75,92.75,90.25,92.5,0,0
WPR_MV,D,20220713,000000,92.5,92.5,90,91.5,0,0
WPR_MV,D,20220714,000000,91.5,92.25,89.5,92.25,0,0
WPR_MV,D,20220715,000000,91,92.25,88.5,89.5,0,0
WPR_MV,D,20220718,000000,88.75,89.75,85.75,85.75,0,0
WPR_MV,D,20220719,000000,85.75,86.5,83.75,85.75,0,0
WPR_MV,D,20220720,000000,85.75,85.75,83.5,84,0,0
WPR_MV,D,20220721,000000,84.25,85,82.5,85,0,0
WPR_MV,D,20220722,000000,85,87.25,85,87.25,0,0
WPR_MV,D,20220725,000000,87.25,89,87.25,89,0,0
WPR_MV,D,20220726,000000,89,89.25,89,89.25,0,0
WPR_MV,D,20220727,000000,89.25,89.25,85,87.5,0,0
WPR_MV,D,20220728,000000,87.75,88.75,86.75,88.75,0,0
WPR_MV,D,20220729,000000,88.75,88.75,88,88.75,0,0
WPR_MV,D,20220801,000000,88.75,88.75,88.5,88.75,0,0
WPR_MV,D,20220802,000000,85.75,88.5,85.75,87.5,0,0
WPR_MV,D,20220803,000000,88,91.5,88,90.5,0,0
WPR_MV,D,20220804,000000,90.5,91,90.5,91,0,0
WPR_MV,D,20220805,000000,90,91,90,90.5,0,0
WPR_MV,D,20220808,000000,90.5,91,90.5,91,0,0
WPR_MV,D,20220809,000000,90.5,92,90.5,92,0,0
WPR_MV,D,20220810,000000,92.25,92.25,88.5,91.5,0,0
WPR_MV,D,20220811,000000,85,85.5,80.5,82,0,0
WPR_MV,D,20220812,000000,81.75,82.25,73.25,78.25,0,0
WPR_MV,D,20220816,000000,77,78,75.5,77.75,0,0
WPR_MV,D,20220817,000000,76.5,82,75,82,0,0
WPR_MV,D,20220818,000000,82,87.25,81,87.25,0,0
WPR_MV,D,20220819,000000,87.75,87.75,82.5,84.5,0,0
WPR_MV,D,20220822,000000,85.25,87.75,84,87.5,0,0
WPR_MV,D,20220823,000000,84.25,86.5,84.25,86.5,0,0
WPR_MV,D,20220824,000000,83.25,85.75,83.25,85.75,0,0
WPR_MV,D,20220825,000000,85.75,85.75,84.25,84.25,0,0
WPR_MV,D,20220826,000000,84,85,84,85,0,0
WPR_MV,D,20220829,000000,83.75,84,80,83.25,0,0
WPR_MV,D,20220830,000000,82,83.5,81,81,0,0
WPR_MV,D,20220831,000000,80.5,81.5,78,81.5,0,0
WPR_MV,D,20220901,000000,79.5,80,78.75,79.5,0,0
WPR_MV,D,20220902,000000,80,81.5,80,81.5,0,0
WPR_MV,D,20220905,000000,81.5,82.5,81.5,82.5,0,0
WPR_MV,D,20220906,000000,84,84,79.5,82.5,0,0
WPR_MV,D,20220907,000000,83.5,83.5,83.5,83.5,0,0
WPR_MV,D,20220908,000000,79.75,83,79.5,83,0,0
WPR_MV,D,20220909,000000,83.5,83.5,82.75,82.75,0,0
WPR_MV,D,20220912,000000,84,93.5,84,91.5,0,0
WPR_MV,D,20220913,000000,91.75,91.75,87,87.75,0,0
WPR_MV,D,20220914,000000,87.75,90.25,87.75,90.25,0,0
WPR_MV,D,20220915,000000,91.5,91.5,87,87,0,0
WPR_MV,D,20220916,000000,87.25,88.5,87.25,88.5,0,0
WPR_MV,D,20220919,000000,89.25,89.5,87.25,87.25,0,0
WPR_MV,D,20220920,000000,87.25,87.5,87.25,87.5,0,0
WPR_MV,D,20220921,000000,89,89,89,89,0,0
WPR_MV,D,20220922,000000,89,89,88.75,89,0,0
WPR_MV,D,20220923,000000,89,89.5,88.75,89.5,0,0
WPR_MV,D,20220926,000000,89.5,89.5,86,86,0,0
WPR_MV,D,20220927,000000,86,88.5,86,88.5,0,0
WPR_MV,D,20220928,000000,87.75,87.75,86.25,86.25,0,0
WPR_MV,D,20220929,000000,88.75,89.5,86.5,87.75,0,0
WPR_MV,D,20220930,000000,87.75,90,86.25,88.5,0,0
WPR_MV,D,20221003,000000,89.5,89.5,86.75,87,0,0
WPR_MV,D,20221004,000000,87.75,88,87.5,87.75,0,0
WPR_MV,D,20221005,000000,88,88,87.75,87.75,0,0
WPR_MV,D,20221006,000000,87.75,87.75,87.25,87.5,0,0
WPR_MV,D,20221007,000000,87.5,87.75,86.5,86.75,0,0
WPR_MV,D,20221010,000000,86.75,86.75,86.5,86.5,0,0
WPR_MV,D,20221011,000000,88,92,88,91.5,0,0
WPR_MV,D,20221012,000000,91.5,93.5,91.5,92.5,0,0
WPR_MV,D,20221013,000000,92.5,92.5,90.75,92,0,0
WPR_MV,D,20221014,000000,92.5,95,92.5,94.5,0,0
WPR_MV,D,20221017,000000,94.5,94.5,92.5,94.5,0,0
WPR_MV,D,20221018,000000,94.5,94.5,94.5,94.5,0,0
WPR_MV,D,20221019,000000,91.5,91.5,90,90,0,0
WPR_MV,D,20221020,000000,90,90,89,90,0,0
WPR_MV,D,20221021,000000,90,93.5,90,90.75,0,0
WPR_MV,D,20221024,000000,92.75,95,92.75,95,0,0
WPR_MV,D,20221025,000000,93,96.75,93,96.75,0,0
WPR_MV,D,20221026,000000,90.5,95.25,90.5,95.25,0,0
WPR_MV,D,20221027,000000,95.25,95.25,91.5,92,0,0
WPR_MV,D,20221028,000000,91.75,94.75,91.75,94.75,0,0
WPR_MV,D,20221031,000000,94.75,94.75,92,93.75,0,0
WPR_MV,D,20221102,000000,93.25,93.5,93.25,93.5,0,0
WPR_MV,D,20221103,000000,93.75,96.75,93.75,93.75,0,0
WPR_MV,D,20221104,000000,96.5,96.75,95,95,0,0
WPR_MV,D,20221107,000000,95,96.5,94.5,94.5,0,0
WPR_MV,D,20221108,000000,97.25,98,97,98,0,0
WPR_MV,D,20221109,000000,98,102,98,101.5,0,0
WPR_MV,D,20221110,000000,101.5,109.5,101.5,108.5,0,0
WPR_MV,D,20221114,000000,111,112,106,110,0,0
WPR_MV,D,20221115,000000,110,110,94,102.5,0,0
WPR_MV,D,20221116,000000,100.5,109,100.5,109,0,0
WPR_MV,D,20221117,000000,107,107,107,107,0,0
WPR_MV,D,20221118,000000,106,106,101,103,0,0
WPR_MV,D,20221121,000000,103,104.5,102.5,102.5,0,0
WPR_MV,D,20221122,000000,103.5,105.5,103.5,105.5,0,0
WPR_MV,D,20221123,000000,104,104.5,104,104.5,0,0
WPR_MV,D,20221124,000000,103.5,104,102.5,102.5,0,0
WPR_MV,D,20221125,000000,102.5,106.5,102.5,106.5,0,0
WPR_MV,D,20221128,000000,106,106,104,104,0,0
WPR_MV,D,20221129,000000,104.5,105,104,104,0,0
WPR_MV,D,20221130,000000,104,105,102,104.5,0,0
WPR_MV,D,20221201,000000,104.5,105.5,104,105.5,0,0
WPR_MV,D,20221202,000000,105.5,105.5,105.5,105.5,0,0
WPR_MV,D,20221205,000000,104.5,104.5,104,104.5,0,0
WPR_MV,D,20221206,000000,104,105,102.5,105,0,0
WPR_MV,D,20221207,000000,103,105,102,105,0,0
WPR_MV,D,20221208,000000,105,105,105,105,0,0
WPR_MV,D,20221209,000000,104.5,104.5,102.5,104.5,0,0
WPR_MV,D,20221212,000000,106,111,106,110,0,0
WPR_MV,D,20221213,000000,111.5,112,110,111.5,0,0
WPR_MV,D,20221214,000000,111,111,109.5,109.5,0,0
WPR_MV,D,20221215,000000,109.5,110,109,109.5,0,0
WPR_MV,D,20221216,000000,109.5,110,106.5,109,0,0
WPR_MV,D,20221219,000000,109,110,107.5,107.5,0,0
WPR_MV,D,20221220,000000,109.5,109.5,109.5,109.5,0,0
WPR_MV,D,20221221,000000,110,110.5,109.5,110.5,0,0
WPR_MV,D,20221222,000000,110.5,112.5,110,110,0,0
WPR_MV,D,20221223,000000,110,110,108,109,0,0
WPR_MV,D,20221227,000000,109,112.5,109,112.5,0,0
WPR_MV,D,20221228,000000,110,124.5,110,119.5,0,0
WPR_MV,D,20221229,000000,120,122,115.5,118,0,0
WPR_MV,D,20221230,000000,119,120,118.5,118.5,0,0
WPR_MV,D,20230102,000000,121,129.5,121,125,0,0
WPR_MV,D,20230103,000000,125,125,117.5,121,0,0
WPR_MV,D,20230104,000000,124.5,124.5,122,124.5,0,0
WPR_MV,D,20230105,000000,124.5,125,119,119,0,0
WPR_MV,D,20230109,000000,119.5,124.5,119,124.5,0,0
WPR_MV,D,20230110,000000,123.5,127,120,125.5,0,0
WPR_MV,D,20230111,000000,125.5,125.5,124.5,124.5,0,0
WPR_MV,D,20230112,000000,124,126,122.5,126,0,0
WPR_MV,D,20230113,000000,126,126,121.5,122,0,0
WPR_MV,D,20230116,000000,125,125,119.5,120.5,0,0
WPR_MV,D,20230117,000000,120.5,121,120,121,0,0
WPR_MV,D,20230118,000000,122.5,124.5,121,124.5,0,0
WPR_MV,D,20230119,000000,122.5,122.5,122,122,0,0
WPR_MV,D,20230120,000000,123.5,126,123.5,126,0,0
WPR_MV,D,20230123,000000,125,125,123,124,0,0
WPR_MV,D,20230124,000000,126,126,123,125,0,0
WPR_MV,D,20230125,000000,126.5,128,124.5,128,0,0
WPR_MV,D,20230126,000000,129,131.5,128.5,130,0,0
WPR_MV,D,20230127,000000,130,136,130,134.5,0,0
WPR_MV,D,20230130,000000,134.5,142.5,132.5,142.5,0,0
WPR_MV,D,20230131,000000,141,165,133,148,0,0
WPR_MV,D,20230201,000000,149,149,144.5,148,0,0
WPR_MV,D,20230202,000000,148.5,158,148.5,155,0,0
WPR_MV,D,20230203,000000,155,159,147.5,150.5,0,0
WPR_MV,D,20230206,000000,150.5,154,149.5,152,0,0
WPR_MV,D,20230207,000000,151,153.5,150.5,152.5,0,0
WPR_MV,D,20230208,000000,153,157,152,157,0,0
WPR_MV,D,20230209,000000,157,164.5,156,162.5,0,0
WPR_MV,D,20230210,000000,162.5,164.5,154,157,0,0
WPR_MV,D,20230213,000000,157,162,155,157,0,0
WPR_MV,D,20230214,000000,159.5,164,156.5,158.5,0,0
WPR_MV,D,20230215,000000,164.5,173.5,164.5,170.5,0,0
WPR_MV,D,20230216,000000,173.5,184,167.5,172.5,0,0
WPR_MV,D,20230217,000000,174.5,174.5,165,173.5,0,0
WPR_MV,D,20230220,000000,173,182,167.5,180,0,0
WPR_MV,D,20230221,000000,180,180,176,176.5,0,0
WPR_MV,D,20230222,000000,176.5,179,172.5,174.5,0,0
WPR_MV,D,20230223,000000,173.5,177.5,171.5,172.5,0,0
WPR_MV,D,20230224,000000,171.5,174,170.5,174,0,0
WPR_MV,D,20230227,000000,170.5,173.5,165,168.5,0,0
WPR_MV,D,20230228,000000,169,170,165.5,167.5,0,0
WPR_MV,D,20230301,000000,170,174.5,168.5,168.5,0,0
WPR_MV,D,20230302,000000,170.5,174.5,167.5,167.5,0,0
WPR_MV,D,20230303,000000,170,170,163.5,163.5,0,0
WPR_MV,D,20230306,000000,163.5,171,155,170,0,0
WPR_MV,D,20230307,000000,170.5,175,165,175,0,0
WPR_MV,D,20230308,000000,174,175.5,171,172.5,0,0
WPR_MV,D,20230309,000000,172.5,175,169,174,0,0
WPR_MV,D,20230310,000000,174,177.5,172,177.5,0,0
WPR_MV,D,20230313,000000,172.5,172.5,167,172,0,0
WPR_MV,D,20230314,000000,170,170,166.5,169.5,0,0
WPR_MV,D,20230315,000000,169.5,170,163,167.5,0,0
WPR_MV,D,20230316,000000,167,167.5,166,167,0,0
WPR_MV,D,20230317,000000,167,169,158.5,162,0,0
WPR_MV,D,20230320,000000,160,160,150.5,156.5,0,0
WPR_MV,D,20230321,000000,156.5,157.5,150.5,155,0,0
WPR_MV,D,20230322,000000,153,154.5,143.5,143.5,0,0
WPR_MV,D,20230323,000000,146.5,147.5,144,145,0,0
WPR_MV,D,20230324,000000,147,149,143,145,0,0
WPR_MV,D,20230327,000000,146.5,146.5,139.5,141,0,0
WPR_MV,D,20230328,000000,140,140,137,137,0,0
WPR_MV,D,20230329,000000,138,151.5,134,150.5,0,0
WPR_MV,D,20230330,000000,151,152.5,144,152.5,0,0
WPR_MV,D,20230331,000000,152.5,152.5,145.5,152.5,0,0
WPR_MV,D,20230403,000000,153.5,160,153.5,155.5,0,0
WPR_MV,D,20230404,000000,154.5,154.5,149.5,150.5,0,0
WPR_MV,D,20230405,000000,150.5,152,148,149,0,0
WPR_MV,D,20230406,000000,149.5,152,144,147,0,0
WPR_MV,D,20230411,000000,147,152.5,147,150,0,0
WPR_MV,D,20230412,000000,150,151.5,149.5,150,0,0
WPR_MV,D,20230413,000000,150,150,147.5,149.5,0,0
WPR_MV,D,20230414,000000,150,152.5,145,152.5,0,0
WPR_MV,D,20230417,000000,153.5,157.5,148,151.5,0,0
WPR_MV,D,20230418,000000,151,151,146,148.5,0,0
WPR_MV,D,20230419,000000,150,156.5,148.5,155.5,0,0
WPR_MV,D,20230420,000000,155.5,166,155.5,162.5,0,0
WPR_MV,D,20230421,000000,162,162.5,157.5,162.5,0,0
WPR_MV,D,20230424,000000,162,162.5,158.5,162.5,0,0
WPR_MV,D,20230425,000000,162.5,163,158.5,162,0,0
WPR_MV,D,20230426,000000,160.5,163,159.5,163,0,0
WPR_MV,D,20230427,000000,162.5,162.5,155.5,157.5,0,0
WPR_MV,D,20230428,000000,157.5,157.5,152.5,152.5,0,0
WPR_MV,D,20230502,000000,150.5,163,150.5,162.5,0,0
WPR_MV,D,20230504,000000,163,165,161,164,0,0
WPR_MV,D,20230505,000000,164,173.5,164,170.5,0,0
WPR_MV,D,20230508,000000,171.5,177,171.5,174.5,0,0
WPR_MV,D,20230509,000000,174.5,174.5,172.5,174,0,0
WPR_MV,D,20230510,000000,174.5,181.5,174.5,179.5,0,0
WPR_MV,D,20230511,000000,179.5,179.5,170.5,174.5,0,0
WPR_MV,D,20230512,000000,174.5,175,170,172,0,0
WPR_MV,D,20230515,000000,170,170,162.5,167,0,0
WPR_MV,D,20230516,000000,158.5,159.5,150,153,0,0
WPR_MV,D,20230517,000000,155,157,152,154.5,0,0
WPR_MV,D,20230518,000000,152,155,149.5,152.5,0,0
WPR_MV,D,20230519,000000,152.5,155,151,155,0,0
WPR_MV,D,20230522,000000,155,159,152.5,156.5,0,0
WPR_MV,D,20230523,000000,156.5,156.5,148.5,150.5,0,0
WPR_MV,D,20230524,000000,151.5,152,149,149.5,0,0
WPR_MV,D,20230525,000000,150,150,142.5,147.5,0,0
WPR_MV,D,20230526,000000,148,151.5,145,146.5,0,0
WPR_MV,D,20230529,000000,146,156,145.5,155,0,0
WPR_MV,D,20230530,000000,150,154,149.5,151.5,0,0
WPR_MV,D,20230531,000000,154,154,145,145.5,0,0
WPR_MV,D,20230601,000000,148,153,148,153,0,0
WPR_MV,D,20230602,000000,153,154.5,150,151,0,0
WPR_MV,D,20230605,000000,152.5,153,150,152.5,0,0
WPR_MV,D,20230606,000000,152.5,152.5,151,152.5,0,0
WPR_MV,D,20230607,000000,152,152.5,151,152.5,0,0
WPR_MV,D,20230609,000000,152.5,153.5,151.5,152.5,0,0
WPR_MV,D,20230612,000000,150,151.5,149,151.5,0,0
WPR_MV,D,20230613,000000,151.5,151.5,149.5,150,0,0
WPR_MV,D,20230614,000000,150.5,150.5,148,149,0,0
WPR_MV,D,20230615,000000,149,152.5,147.5,150.5,0,0
WPR_MV,D,20230616,000000,151.5,154.5,151,153,0,0
WPR_MV,D,20230619,000000,153,153,150.5,151.5,0,0
WPR_MV,D,20230620,000000,150,150.5,149,150,0,0
WPR_MV,D,20230621,000000,148,153.5,148,150,0,0
WPR_MV,D,20230622,000000,143.5,150.5,143.5,150.5,0,0
WPR_MV,D,20230623,000000,150.5,153,147,153,0,0
WPR_MV,D,20230626,000000,152,153,151,152.5,0,0
WPR_MV,D,20230627,000000,151,151,148,150,0,0
WPR_MV,D,20230628,000000,150,150.5,147,148,0,0
WPR_MV,D,20230629,000000,148.5,150,146.5,147.5,0,0
WPR_MV,D,20230630,000000,149.5,150.5,148.5,149.5,0,0
WPR_MV,D,20230703,000000,149.5,150.5,149.5,150,0,0
WPR_MV,D,20230704,000000,150,150,148,149,0,0
WPR_MV,D,20230705,000000,149,149.5,147.5,148,0,0
WPR_MV,D,20230706,000000,149.5,149.5,146,146,0,0
WPR_MV,D,20230707,000000,148,148,145.5,148,0,0
WPR_MV,D,20230710,000000,145.5,145.5,139,141,0,0
WPR_MV,D,20230711,000000,140.5,141.5,139.5,139.5,0,0
WPR_MV,D,20230712,000000,139.5,140,137,139.5,0,0
WPR_MV,D,20230713,000000,140.5,141,133,135.5,0,0
WPR_MV,D,20230714,000000,137.5,139.5,135.5,138,0,0
WPR_MV,D,20230717,000000,136,138,135,137,0,0
WPR_MV,D,20230718,000000,137,137,135,136,0,0
WPR_MV,D,20230719,000000,135,137.5,134.5,137.5,0,0
WPR_MV,D,20230720,000000,137.5,137.5,134,134,0,0
WPR_MV,D,20230721,000000,136,137,134,136.5,0,0
WPR_MV,D,20230724,000000,136.5,140,135,138.5,0,0
WPR_MV,D,20230725,000000,133.5,138.5,133.5,138.5,0,0
WPR_MV,D,20230726,000000,137,147,136.5,145,0,0
WPR_MV,D,20230727,000000,146,149,143,147,0,0
WPR_MV,D,20230728,000000,145.5,148,145.5,147,0,0
WPR_MV,D,20230731,000000,147,148.5,147,148.5,0,0
WPR_MV,D,20230801,000000,148,148,144,145.5,0,0
WPR_MV,D,20230802,000000,144,144.5,141,144.5,0,0
WPR_MV,D,20230803,000000,142,143,138.5,143,0,0
WPR_MV,D,20230804,000000,143,143,141,142.5,0,0
WPR_MV,D,20230807,000000,142.5,143,140,141.5,0,0
WPR_MV,D,20230808,000000,141,141,137,139.5,0,0
WPR_MV,D,20230809,000000,139.5,139.5,135.5,136.5,0,0
WPR_MV,D,20230810,000000,136.5,138,133,137,0,0
WPR_MV,D,20230811,000000,137,137,132,134,0,0
WPR_MV,D,20230814,000000,133,136.5,131,134,0,0
WPR_MV,D,20230816,000000,129.5,129.5,124,127,0,0
WPR_MV,D,20230817,000000,123.5,127.5,123.5,125,0,0
WPR_MV,D,20230818,000000,125,127.5,118.5,125,0,0
WPR_MV,D,20230821,000000,124.5,124.5,117.5,122,0,0
WPR_MV,D,20230822,000000,122,125,121.5,121.5,0,0
WPR_MV,D,20230823,000000,122.5,124,116,121,0,0
WPR_MV,D,20230824,000000,122.5,123.5,118.5,120,0,0
WPR_MV,D,20230825,000000,121.5,125,120.5,123.5,0,0
WPR_MV,D,20230828,000000,120.5,125,120.5,124,0,0
WPR_MV,D,20230829,000000,122.5,125,121.5,125,0,0
WPR_MV,D,20230830,000000,125,125,123.5,125,0,0
WPR_MV,D,20230831,000000,125,125,123.5,125,0,0
WPR_MV,D,20230901,000000,125,125,123,125,0,0
WPR_MV,D,20230904,000000,125,125,123,123.5,0,0
WPR_MV,D,20230905,000000,123.5,124.5,122.5,122.5,0,0
WPR_MV,D,20230906,000000,122.5,124.5,119,122.5,0,0
WPR_MV,D,20230907,000000,122.5,124,121,124,0,0
WPR_MV,D,20230908,000000,123,123,121,122,0,0
WPR_MV,D,20230911,000000,122,122,110,115.5,0,0
WPR_MV,D,20230912,000000,115.5,118.5,113.5,113.5,0,0
WPR_MV,D,20230913,000000,113.5,113.5,106,106.5,0,0
WPR_MV,D,20230914,000000,106.5,108,101,107,0,0
WPR_MV,D,20230915,000000,107,110,107,110,0,0
WPR_MV,D,20230918,000000,110,114,109,114,0,0
WPR_MV,D,20230919,000000,114.5,117.5,111,113.5,0,0
WPR_MV,D,20230920,000000,113,115,111,115,0,0
WPR_MV,D,20230921,000000,115,115,107.5,110.5,0,0
WPR_MV,D,20230922,000000,110,111.5,107.5,111,0,0
WPR_MV,D,20230925,000000,110,111,107.5,110,0,0
WPR_MV,D,20230926,000000,106,108.5,104,106.5,0,0
WPR_MV,D,20230927,000000,105,106.5,104,106,0,0
WPR_MV,D,20230928,000000,106,106,99,102,0,0
WPR_MV,D,20230929,000000,100,105,98.5,104,0,0
WPR_MV,D,20231002,000000,102.5,108,102.5,105.5,0,0
WPR_MV,D,20231003,000000,108.5,109.5,106.5,109.5,0,0
WPR_MV,D,20231004,000000,108.5,110,105.5,110,0,0
WPR_MV,D,20231005,000000,110.5,114,108.5,108.5,0,0
WPR_MV,D,20231006,000000,108.5,108.5,105,105,0,0
WPR_MV,D,20231009,000000,108.5,108.5,104.5,105,0,0
WPR_MV,D,20231010,000000,100,100,94,96,0,0
WPR_MV,D,20231011,000000,95.5,97.5,95.5,97,0,0
WPR_MV,D,20231012,000000,97,101,97,99.5,0,0
WPR_MV,D,20231013,000000,99.5,104,98.5,102,0,0
WPR_MV,D,20231016,000000,102,102.5,98.5,100,0,0
WPR_MV,D,20231017,000000,98.5,101,98,100,0,0
WPR_MV,D,20231018,000000,101.5,102.5,99.5,101.5,0,0
WPR_MV,D,20231019,000000,100,100,99.5,99.5,0,0
WPR_MV,D,20231020,000000,99.5,100,98.25,98.25,0,0
WPR_MV,D,20231023,000000,98.25,100.5,98.25,100,0,0
WPR_MV,D,20231024,000000,100.5,101,98.5,100,0,0
WPR_MV,D,20231025,000000,100,100.5,98.25,100.5,0,0
WPR_MV,D,20231026,000000,100,101.5,99,100,0,0
WPR_MV,D,20231027,000000,99,99.5,97,99,0,0
WPR_MV,D,20231030,000000,99,99.5,96.75,96.75,0,0
WPR_MV,D,20231031,000000,97,98.5,95.5,98,0,0
WPR_MV,D,20231102,000000,98,99.75,96.25,97.5,0,0
WPR_MV,D,20231103,000000,96.75,97.25,95.25,95.75,0,0
WPR_MV,D,20231106,000000,95.25,96,95,95,0,0
WPR_MV,D,20231107,000000,95,96.25,95,95,0,0
WPR_MV,D,20231108,000000,95,95.5,94.75,94.75,0,0
WPR_MV,D,20231109,000000,95,95,94.75,95,0,0
WPR_MV,D,20231110,000000,94.75,94.75,93,94,0,0
WPR_MV,D,20231113,000000,93.5,95,90.25,92,0,0
WPR_MV,D,20231114,000000,92,92,87,88.25,0,0
WPR_MV,D,20231115,000000,81.75,96.25,81.75,94.5,0,0
WPR_MV,D,20231116,000000,93,93,89,91,0,0
WPR_MV,D,20231117,000000,90,92.5,90,90.5,0,0
WPR_MV,D,20231120,000000,90.75,95,90.75,95,0,0
WPR_MV,D,20231121,000000,95,95,94,94.75,0,0
WPR_MV,D,20231122,000000,94.25,95,92,94.5,0,0
WPR_MV,D,20231123,000000,92.75,94.5,90.25,91.75,0,0
WPR_MV,D,20231124,000000,94,95,94,94.5,0,0
WPR_MV,D,20231127,000000,94.5,94.5,93,94.5,0,0
WPR_MV,D,20231128,000000,94.5,94.5,93,94,0,0
WPR_MV,D,20231129,000000,93.5,94.5,92.25,92.25,0,0
WPR_MV,D,20231130,000000,92.5,92.5,91.25,92.5,0,0
WPR_MV,D,20231201,000000,91.5,92.5,91,91,0,0
WPR_MV,D,20231204,000000,90.75,91.75,90.25,91,0,0
WPR_MV,D,20231205,000000,91.5,92.5,90.5,91,0,0
WPR_MV,D,20231206,000000,92,94.5,92,94.5,0,0
WPR_MV,D,20231207,000000,94.5,99,93.75,98.5,0,0
WPR_MV,D,20231208,000000,94.5,99,94.5,96.5,0,0
WPR_MV,D,20231211,000000,95.25,95.25,87.5,89,0,0
WPR_MV,D,20231212,000000,89,91,84,91,0,0
WPR_MV,D,20231213,000000,91,91,86.75,89,0,0
WPR_MV,D,20231214,000000,89,90.25,87.25,89.5,0,0
WPR_MV,D,20231215,000000,89.5,90.75,88,89.5,0,0
WPR_MV,D,20231218,000000,89.5,89.5,86.75,88.5,0,0
WPR_MV,D,20231219,000000,88,89,86,86,0,0
WPR_MV,D,20231220,000000,86,86.25,85,85,0,0
WPR_MV,D,20231221,000000,85,85.75,83.5,83.5,0,0
WPR_MV,D,20231222,000000,83.5,84.5,83.5,83.5,0,0
WPR_MV,D,20231227,000000,84.5,84.5,80.75,81.5,0,0
WPR_MV,D,20231228,000000,82.75,85,80.75,85,0,0
WPR_MV,D,20231229,000000,84.75,85.5,84,85,0,0
WPR_MV,D,20240102,000000,83.75,84,80.5,84,0,0
WPR_MV,D,20240103,000000,83.5,83.75,81.5,83,0,0
WPR_MV,D,20240104,000000,83,86.75,82,86,0,0
WPR_MV,D,20240105,000000,86.75,87.5,85.25,87.5,0,0
WPR_MV,D,20240108,000000,85.75,88,85.75,86,0,0
WPR_MV,D,20240109,000000,85.75,88,85.75,88,0,0
WPR_MV,D,20240110,000000,83.25,83.25,78.75,80.5,0,0
WPR_MV,D,20240111,000000,81.75,82.25,77.75,79.25,0,0
WPR_MV,D,20240112,000000,80.5,81,77.5,78,0,0
WPR_MV,D,20240115,000000,78.25,78.25,72,72.5,0,0
WPR_MV,D,20240116,000000,72.5,74.75,72.5,72.5,0,0
WPR_MV,D,20240117,000000,72.75,74.25,71.5,71.75,0,0
WPR_MV,D,20240118,000000,71.75,74.5,71.75,73.5,0,0
WPR_MV,D,20240119,000000,73.75,75.75,73.75,75.75,0,0
WPR_MV,D,20240122,000000,76,76.5,72.5,73.5,0,0
WPR_MV,D,20240123,000000,73.5,74.75,73,74.5,0,0
WPR_MV,D,20240124,000000,73.75,75.5,73.25,75,0,0
WPR_MV,D,20240125,000000,75,75.25,74.25,74.5,0,0
WPR_MV,D,20240126,000000,75.25,75.5,74.25,75,0,0
WPR_MV,D,20240129,000000,75.5,75.5,74,74,0,0
WPR_MV,D,20240130,000000,75.25,75.25,72.5,72.5,0,0
WPR_MV,D,20240131,000000,73,73.25,72,72,0,0
WPR_MV,D,20240201,000000,71.75,75,71.75,75,0,0
WPR_MV,D,20240202,000000,74.5,79,73.25,79,0,0
WPR_MV,D,20240205,000000,79,79,74.75,74.75,0,0
WPR_MV,D,20240206,000000,75.25,77.25,74.75,74.75,0,0
WPR_MV,D,20240207,000000,74,77.25,74,76.5,0,0
WPR_MV,D,20240208,000000,77.25,77.25,75.5,75.5,0,0
WPR_MV,D,20240209,000000,77,77,75.25,75.5,0,0
WPR_MV,D,20240212,000000,75,75,67,67,0,0
WPR_MV,D,20240213,000000,68,73.75,67,68.75,0,0
WPR_MV,D,20240214,000000,71.25,71.25,65,70.75,0,0
WPR_MV,D,20240215,000000,70,71.75,69.25,70.25,0,0
WPR_MV,D,20240216,000000,70.5,70.5,67.25,67.75,0,0
WPR_MV,D,20240219,000000,67.75,69.25,65.75,66.75,0,0
WPR_MV,D,20240220,000000,66.75,67,53.5,55.25,0,0
WPR_MV,D,20240221,000000,55.25,58.75,52.5,55.25,0,0
WPR_MV,D,20240222,000000,55.25,59,55.25,57.5,0,0
WPR_MV,D,20240223,000000,58.5,58.5,55.5,57,0,0
WPR_MV,D,20240226,000000,55.75,56,54.25,55,0,0
WPR_MV,D,20240227,000000,55,55.75,53,53.5,0,0
WPR_MV,D,20240228,000000,53,54.5,51.5,53,0,0
WPR_MV,D,20240229,000000,52.25,52.25,49.9,50,0,0
WPR_MV,D,20240301,000000,49.7,50,48.3,48.4,0,0
WPR_MV,D,20240304,000000,48.5,50,48.3,50,0,0
WPR_MV,D,20240305,000000,49.4,49.4,46,46.9,0,0
WPR_MV,D,20240306,000000,47.1,47.5,45.5,46,0,0
WPR_MV,D,20240307,000000,47.4,49.9,46.7,46.7,0,0
WPR_MV,D,20240308,000000,46.7,49.5,46,46.3,0,0
WPR_MV,D,20240311,000000,47.9,47.9,45.8,47.8,0,0
WPR_MV,D,20240312,000000,47.6,49.3,46.6,46.6,0,0
WPR_MV,D,20240313,000000,46.6,46.6,44,45,0,0
WPR_MV,D,20240314,000000,45.4,45.4,43,44.4,0,0
WPR_MV,D,20240315,000000,44.6,45,43.1,44,0,0
WPR_MV,D,20240318,000000,43.5,44,42.3,43.7,0,0
WPR_MV,D,20240319,000000,43.7,43.7,41.5,43.3,0,0
WPR_MV,D,20240320,000000,42,43.5,41.7,41.7,0,0
WPR_MV,D,20240321,000000,41.5,42,40.5,41.4,0,0
WPR_MV,D,20240322,000000,40.9,42.2,40.9,42.2,0,0
WPR_MV,D,20240325,000000,42.2,42.2,40.5,40.5,0,0
WPR_MV,D,20240326,000000,40.5,41.2,40.2,40.2,0,0
WPR_MV,D,20240327,000000,40.2,40.5,38.8,39.8,0,0
WPR_MV,D,20240328,000000,39.8,44.5,39.8,42.5,0,0
WPR_MV,D,20240402,000000,42.5,44.55,42,42.1,0,0
WPR_MV,D,20240403,000000,42.8,43.3,41.6,43,0,0
WPR_MV,D,20240404,000000,43.5,51.3,43.2,48,0,0
WPR_MV,D,20240405,000000,49.5,54.5,49.1,50,0,0
WPR_MV,D,20240408,000000,51.3,53.4,50.5,51.4,0,0
WPR_MV,D,20240409,000000,52.9,52.9,47,48,0,0
WPR_MV,D,20240410,000000,47,47,45,45,0,0
WPR_MV,D,20240411,000000,45,48.2,44.95,44.95,0,0
WPR_MV,D,20240412,000000,47.1,47.1,45.5,46.5,0,0
WPR_MV,D,20240415,000000,46.3,46.5,44.3,46.3,0,0
WPR_MV,D,20240416,000000,44.3,45.9,44.3,45,0,0
WPR_MV,D,20240417,000000,47,47,44.5,46.05,0,0
WPR_MV,D,20240418,000000,46.05,51.9,45.7,49.5,0,0
WPR_MV,D,20240419,000000,50,50,46.4,47.5,0,0
WPR_MV,D,20240422,000000,48.1,49.6,46.5,46.5,0,0
WPR_MV,D,20240423,000000,46.5,49,46.5,46.7,0,0
WPR_MV,D,20240424,000000,46.75,47,46.5,46.5,0,0
WPR_MV,D,20240425,000000,46.5,47,46,46,0,0
WPR_MV,D,20240426,000000,47,47,45,45.15,0,0
WPR_MV,D,20240429,000000,45,48.9,44.5,45,0,0
WPR_MV,D,20240430,000000,45,45,43.45,44.8,0,0
WPR_MV,D,20240502,000000,44.8,47.5,44.75,46,0,0
WPR_MV,D,20240506,000000,45.75,47.95,45.75,45.75,0,0
WPR_MV,D,20240507,000000,45.75,46.5,45,45,0,0
WPR_MV,D,20240508,000000,45.05,47.5,45.05,47.5,0,0
WPR_MV,D,20240509,000000,47.85,47.85,43.55,45,0,0
WPR_MV,D,20240510,000000,45,47.3,44.75,45.1,0,0
WPR_MV,D,20240513,000000,44.6,45.25,44.6,44.65,0,0
WPR_MV,D,20240514,000000,44.75,45.95,44.75,45.95,0,0
WPR_MV,D,20240515,000000,46,47.2,46,46.5,0,0
WPR_MV,D,20240516,000000,46.5,46.5,45.15,46.5,0,0
WPR_MV,D,20240517,000000,47.5,47.5,45,45,0,0
WPR_MV,D,20240520,000000,45.1,48,44.5,48,0,0
WPR_MV,D,20240521,000000,48,48,46,47.5,0,0
WPR_MV,D,20240522,000000,47.5,47.5,45.55,47.15,0,0
WPR_MV,D,20240523,000000,45,46.25,43.5,46.25,0,0
WPR_MV,D,20240524,000000,46.2,46.2,43.5,44.8,0,0
WPR_MV,D,20240527,000000,45.15,45.15,42.5,44.35,0,0
WPR_MV,D,20240528,000000,44.4,44.4,42.15,43.65,0,0
WPR_MV,D,20240529,000000,43.5,43.5,42.5,43.3,0,0
WPR_MV,D,20240531,000000,43.3,43.5,42.5,42.5,0,0
WPR_MV,D,20240603,000000,42.5,43.35,42.3,43.25,0,0
WPR_MV,D,20240604,000000,43.3,43.3,41,41,0,0
WPR_MV,D,20240605,000000,40.85,40.85,39.95,40,0,0
WPR_MV,D,20240606,000000,38.6,38.6,36.05,36.5,0,0
WPR_MV,D,20240607,000000,36.5,36.5,34.95,35,0,0
WPR_MV,D,20240610,000000,35,35,32.75,34.25,0,0
WPR_MV,D,20240611,000000,34.25,35,33.5,34,0,0
WPR_MV,D,20240612,000000,35,37.25,34.95,36.75,0,0
WPR_MV,D,20240613,000000,36.75,37,35.15,36,0,0
WPR_MV,D,20240614,000000,36.2,36.2,34.6,35.5,0,0
WPR_MV,D,20240617,000000,36.2,36.2,34.25,35.6,0,0
WPR_MV,D,20240618,000000,36.35,37.75,36.25,36.5,0,0
WPR_MV,D,20240619,000000,36.9,42,36.9,41.25,0,0
WPR_MV,D,20240620,000000,41.25,45.35,40.15,43.6,0,0
WPR_MV,D,20240621,000000,43.6,43.75,40.9,43.75,0,0
WPR_MV,D,20240624,000000,43.4,43.4,40.3,40.65,0,0
WPR_MV,D,20240625,000000,41.75,44.5,40.35,44,0,0
WPR_MV,D,20240626,000000,44,44.5,42.6,44.3,0,0
WPR_MV,D,20240627,000000,44.45,45,42.5,44.4,0,0
WPR_MV,D,20240628,000000,44.9,48.75,44.05,47.25,0,0
WPR_MV,D,20240701,000000,47,47.55,44,46.05,0,0
WPR_MV,D,20240702,000000,46.05,46.05,44,44.85,0,0
WPR_MV,D,20240703,000000,44.85,44.85,43,44.5,0,0
WPR_MV,D,20240704,000000,42.4,42.4,40.65,41.95,0,0
WPR_MV,D,20240705,000000,41.9,44.95,39.7,44.95,0,0
WPR_MV,D,20240708,000000,44.5,44.5,42.1,43.65,0,0
WPR_MV,D,20240709,000000,43.65,43.65,42.5,42.5,0,0
WPR_MV,D,20240710,000000,42.4,42.6,41.4,42.6,0,0
WPR_MV,D,20240711,000000,42.6,43.4,41.5,43.35,0,0
WPR_MV,D,20240712,000000,43.35,43.35,41.5,42.05,0,0
WPR_MV,D,20240715,000000,42.1,43,41.7,42.45,0,0
WPR_MV,D,20240716,000000,42.25,42.25,41.25,41.5,0,0
WPR_MV,D,20240717,000000,41.75,41.75,39.7,40.3,0,0
WPR_MV,D,20240718,000000,41,44.2,39.35,43.2,0,0
WPR_MV,D,20240719,000000,43.25,44.5,43.25,43.65,0,0
WPR_MV,D,20240722,000000,44.5,45.9,44.4,45.75,0,0
WPR_MV,D,20240723,000000,46,46.9,44.4,44.4,0,0
WPR_MV,D,20240724,000000,45.3,45.3,43,43.3,0,0
WPR_MV,D,20240725,000000,43.4,43.4,40.2,41.25,0,0
WPR_MV,D,20240726,000000,42.1,42.1,40.8,40.85,0,0
WPR_MV,D,20240729,000000,41.25,44.4,40.75,41.25,0,0
WPR_MV,D,20240730,000000,42.1,42.7,40.7,41.5,0,0
WPR_MV,D,20240731,000000,42.7,42.7,41.25,42.65,0,0
WPR_MV,D,20240801,000000,42.7,42.7,41.2,42,0,0
WPR_MV,D,20240802,000000,42.5,42.5,40.6,40.6,0,0
WPR_MV,D,20240805,000000,40.9,40.9,38.45,39.4,0,0
WPR_MV,D,20240806,000000,35.5,39.9,35.5,37.5,0,0
WPR_MV,D,20240807,000000,38,38,34.2,35.5,0,0
WPR_MV,D,20240808,000000,34.6,36,33.6,34.95,0,0
WPR_MV,D,20240809,000000,34.9,35.75,34.8,35,0,0
WPR_MV,D,20240812,000000,35.25,36,34.2,35,0,0
WPR_MV,D,20240813,000000,35,35.65,34.55,35.25,0,0
WPR_MV,D,20240814,000000,35.25,35.25,34.05,34.9,0,0
WPR_MV,D,20240816,000000,34.9,35,34.45,35,0,0
WPR_MV,D,20240819,000000,35,35,33.25,34.7,0,0
WPR_MV,D,20240820,000000,34.9,35,34.85,35,0,0
WPR_MV,D,20240821,000000,35.75,36,34.35,35,0,0
WPR_MV,D,20240822,000000,35,35.5,33.5,35,0,0
WPR_MV,D,20240823,000000,35.3,35.3,33.55,35,0,0
WPR_MV,D,20240826,000000,35,35,33.8,34.95,0,0
WPR_MV,D,20240827,000000,34.95,34.95,33.9,34.95,0,0
WPR_MV,D,20240828,000000,34.95,35,33.5,34.45,0,0
WPR_MV,D,20240829,000000,34.7,34.7,33.5,34.5,0,0
WPR_MV,D,20240830,000000,34.5,34.5,33.65,34.5,0,0
WPR_MV,D,20240902,000000,34.5,34.6,33.6,34.6,0,0
WPR_MV,D,20240903,000000,34.6,34.6,34,34,0,0
WPR_MV,D,20240904,000000,34,34.5,33.5,33.5,0,0
WPR_MV,D,20240905,000000,33.5,33.5,32.8,33.5,0,0
WPR_MV,D,20240906,000000,33.5,34,32.95,33.75,0,0
WPR_MV,D,20240909,000000,33.9,34,33.4,33.4,0,0
WPR_MV,D,20240910,000000,33.4,34,32.85,33.75,0,0
WPR_MV,D,20240911,000000,33.75,34,33.5,33.5,0,0
WPR_MV,D,20240912,000000,34,34,33.2,33.25,0,0
WPR_MV,D,20240913,000000,33.25,34,32,32,0,0
WPR_MV,D,20240916,000000,32.5,32.5,32.1,32.2,0,0
WPR_MV,D,20240917,000000,32.3,32.4,29.15,30,0,0
WPR_MV,D,20240918,000000,30,30.45,29.5,30.45,0,0
WPR_MV,D,20240919,000000,30.4,30.5,29.6,29.6,0,0
WPR_MV,D,20240920,000000,29.75,30,29.6,29.6,0,0
WPR_MV,D,20240923,000000,29.6,30,29.6,29.65,0,0
WPR_MV,D,20240924,000000,29.6,29.75,29.6,29.75,0,0
WPR_MV,D,20240925,000000,29.6,29.75,29.5,29.75,0,0
WPR_MV,D,20240926,000000,29.75,30,29.3,29.9,0,0
WPR_MV,D,20240927,000000,29.9,30,29.6,29.6,0,0
WPR_MV,D,20240930,000000,29.75,30,29.6,29.75,0,0
WPR_MV,D,20241001,000000,29.75,30,29.75,29.75,0,0
WPR_MV,D,20241002,000000,30,30,29.75,30,0,0
WPR_MV,D,20241003,000000,30,30,28.6,28.7,0,0
WPR_MV,D,20241004,000000,28.7,28.7,26.5,28.55,0,0
WPR_MV,D,20241007,000000,28.5,28.5,27.55,28.5,0,0
WPR_MV,D,20241008,000000,28.5,28.5,27.5,27.5,0,0
WPR_MV,D,20241009,000000,28.45,28.45,26.5,26.75,0,0
WPR_MV,D,20241010,000000,27,28.65,26.25,28.65,0,0
WPR_MV,D,20241011,000000,28.65,28.65,27,27.3,0,0
WPR_MV,D,20241014,000000,27.6,28.05,26.35,26.35,0,0
WPR_MV,D,20241015,000000,26.55,27.9,26.55,27.9,0,0
WPR_MV,D,20241016,000000,27.85,27.85,27,27,0,0
WPR_MV,D,20241017,000000,27,27.75,26.6,27.75,0,0
WPR_MV,D,20241018,000000,27.75,27.75,26.6,27.25,0,0
WPR_MV,D,20241021,000000,27.25,27.25,26.65,26.65,0,0
WPR_MV,D,20241022,000000,27.25,27.25,26.25,27,0,0
WPR_MV,D,20241023,000000,27.15,27.25,26.25,26.5,0,0
WPR_MV,D,20241024,000000,26.5,26.5,26.25,26.25,0,0
WPR_MV,D,20241025,000000,26.25,26.5,25.25,25.3,0,0
WPR_MV,D,20241028,000000,26.5,26.5,24.4,25,0,0
WPR_MV,D,20241029,000000,25,25,24.3,24.3,0,0
WPR_MV,D,20241030,000000,24.3,24.75,24.3,24.75,0,0
WPR_MV,D,20241031,000000,24.7,24.75,24.7,24.75,0,0
WPR_MV,D,20241104,000000,24.75,24.75,24,24.5,0,0
WPR_MV,D,20241105,000000,24.5,24.5,23.375,24.2,0,0
WPR_MV,D,20241106,000000,24.2,24.2,23.45,24.2,0,0
WPR_MV,D,20241107,000000,24.4,24.725,23.5,24.7,0,0
WPR_MV,D,20241108,000000,24.7,24.75,23.1,23.5,0,0
WPR_MV,D,20241112,000000,23.5,23.5,22.05,22.05,0,0
WPR_MV,D,20241113,000000,22.05,22.5,21,22.2,0,0
WPR_MV,D,20241114,000000,21.525,22.5,21.5,22.5,0,0
WPR_MV,D,20241115,000000,22.5,22.5,22,22.25,0,0
WPR_MV,D,20241118,000000,22.25,22.95,21.05,21.05,0,0
WPR_MV,D,20241119,000000,21.05,21.25,18.95,18.95,0,0
WPR_MV,D,20241120,000000,19,20.75,17.6,20,0,0
WPR_MV,D,20241121,000000,20,21.9,20,21.75,0,0
WPR_MV,D,20241122,000000,21.75,22.5,20.775,21.05,0,0
WPR_MV,D,20241125,000000,21.05,21.05,20.3,20.3,0,0
WPR_MV,D,20241126,000000,20,20,19.1,19.95,0,0
WPR_MV,D,20241127,000000,19.95,20,18.8,19.5,0,0
WPR_MV,D,20241128,000000,19.5,20.15,18.725,18.73,0,0
WPR_MV,D,20241129,000000,18.725,19.6,18.725,19.25,0,0
WPR_MV,D,20241202,000000,19.425,23.475,19.425,22.4,0,0
WPR_MV,D,20241203,000000,24,24,21.325,21.33,0,0
WPR_MV,D,20241204,000000,21,22.5,20.6,22.2,0,0
WPR_MV,D,20241205,000000,22.25,22.5,19.825,20.3,0,0
WPR_MV,D,20241206,000000,20.3,20.3,18.95,20.1,0,0
WPR_MV,D,20241209,000000,20.1,21,18,18.45,0,0
WPR_MV,D,20241210,000000,18.45,18.45,17.25,18.3,0,0
WPR_MV,D,20241211,000000,18.3,19.5,18.3,19.5,0,0
WPR_MV,D,20241212,000000,19.5,19.825,18.275,19.8,0,0
WPR_MV,D,20241213,000000,19.05,19.775,19.05,19.15,0,0
WPR_MV,D,20241216,000000,19.35,19.35,18.15,18.7,0,0
WPR_MV,D,20241217,000000,18.725,18.725,18.025,18.5,0,0
WPR_MV,D,20241218,000000,18.5,18.75,18.025,18.5,0,0
WPR_MV,D,20241219,000000,18.25,19.5,18.05,18.28,0,0
WPR_MV,D,20241220,000000,18.3,19.18,18.3,19.18,0,0
WPR_MV,D,20241223,000000,19,19.175,18.5,18.5,0,0
WPR_MV,D,20241227,000000,19.125,19.23,18.775,19.23,0,0
WPR_MV,D,20241230,000000,19.225,19.725,19.225,19.7,0,0
WPR_MV,D,20250102,000000,19.7,20.95,19.7,20.5,0,0
WPR_MV,D,20250103,000000,20.7,22,20.7,21.95,0,0
WPR_MV,D,20250107,000000,21.95,21.95,21.25,21.7,0,0
WPR_MV,D,20250108,000000,21.3,21.3,20.375,21,0,0
WPR_MV,D,20250109,000000,20.75,21.6,20.75,21.3,0,0
WPR_MV,D,20250110,000000,21.35,21.375,20.85,21.35,0,0
WPR_MV,D,20250113,000000,21.2,21.2,20.125,20.45,0,0
WPR_MV,D,20250114,000000,20.5,21.15,20.5,21,0,0
WPR_MV,D,20250115,000000,21,21.95,20.75,21.88,0,0
WPR_MV,D,20250116,000000,21.8,21.8,20.35,21.58,0,0
WPR_MV,D,20250117,000000,21.525,21.525,21.45,21.45,0,0
WPR_MV,D,20250120,000000,21.4,21.4,19.75,20,0,0
WPR_MV,D,20250121,000000,21,21.2,20.05,20.63,0,0
WPR_MV,D,20250122,000000,21.1,21.1,19.125,19.6,0,0
WPR_MV,D,20250123,000000,20,20,18.925,19.18,0,0
WPR_MV,D,20250124,000000,19.3,20,19.3,19.98,0,0
WPR_MV,D,20250127,000000,19.35,20.48,19.35,20.48,0,0
WPR_MV,D,20250128,000000,20.5,20.6,19.35,19.35,0,0
WPR_MV,D,20250129,000000,19.35,20.6,19.35,20.05,0,0
WPR_MV,D,20250130,000000,20.1,20.9,20.1,20.1,0,0
WPR_MV,D,20250131,000000,20.1,20.9,20.1,20.1,0,0
WPR_MV,D,20250203,000000,20.875,20.875,19.525,19.65,0,0
WPR_MV,D,20250204,000000,20.2,20.75,19.625,20.08,0,0
WPR_MV,D,20250205,000000,20.6,20.6,19.75,20.35,0,0
WPR_MV,D,20250206,000000,20.35,20.35,19.8,19.83,0,0
WPR_MV,D,20250207,000000,20.6,20.6,19.8,20.2,0,0
WPR_MV,D,20250210,000000,20.6,20.6,19.8,19.83,0,0
WPR_MV,D,20250211,000000,19.825,21.5,19.825,20.5,0,0
WPR_MV,D,20250212,000000,21.2,21.2,20.2,20.38,0,0
WPR_MV,D,20250213,000000,20.375,21,20.25,21,0,0
WPR_MV,D,20250214,000000,21,21,20.25,20.75,0,0
WPR_MV,D,20250217,000000,20.75,21,20.325,20.4,0,0
WPR_MV,D,20250218,000000,20.975,21,20.4,20.6,0,0
WPR_MV,D,20250219,000000,20.6,20.6,20.1,20.18,0,0
WPR_MV,D,20250220,000000,20.175,20.5,20.1,20.13,0,0
WPR_MV,D,20250221,000000,20.075,20.45,19.8,19.8,0,0
WPR_MV,D,20250224,000000,19.8,20.925,19.8,20.88,0,0
WPR_MV,D,20250225,000000,20.95,20.95,20.275,20.95,0,0
WPR_MV,D,20250226,000000,20.95,21.1,20.325,21.1,0,0
WPR_MV,D,20250227,000000,21.2,21.25,20.6,20.6,0,0
WPR_MV,D,20250228,000000,20.6,21,20.6,20.6,0,0
WPR_MV,D,20250303,000000,21.25,21.25,20.25,20.25,0,0
WPR_MV,D,20250304,000000,20.3,21.25,20,20.4,0,0
WPR_MV,D,20250305,000000,20.15,20.4,20.15,20.2,0,0
WPR_MV,D,20250306,000000,20.3,20.3,20.3,20.3,0,0
WPR_MV,D,20250307,000000,20.3,20.4,20.2,20.4,0,0
WPR_MV,D,20250310,000000,20.5,20.5,19.8,19.8,0,0
WPR_MV,D,20250311,000000,19.85,19.85,19.45,19.78,0,0
WPR_MV,D,20250312,000000,19.825,19.825,18.35,19.5,0,0
WPR_MV,D,20250313,000000,19.7,19.7,18.75,19.23,0,0
WPR_MV,D,20250314,000000,19.25,19.5,19.25,19.25,0,0
WPR_MV,D,20250317,000000,19.25,19.25,18.025,18.9,0,0
WPR_MV,D,20250318,000000,18.875,18.875,17.95,18.48,0,0
WPR_MV,D,20250319,000000,18.475,18.475,18.025,18.4,0,0
WPR_MV,D,20250320,000000,18.4,19.5,18.05,19.5,0,0
WPR_MV,D,20250321,000000,20,22.9,20,22.9,0,0
WPR_MV,D,20250324,000000,22.85,22.85,20.775,21.05,0,0
WPR_MV,D,20250325,000000,21.475,21.475,20,20.33,0,0
WPR_MV,D,20250326,000000,21,21.05,19.5,19.6,0,0
WPR_MV,D,20250327,000000,20,20,19.5,19.5,0,0
WPR_MV,D,20250328,000000,19.95,21.9,19.775,21.5,0,0
WPR_MV,D,20250331,000000,21.4,21.4,20.15,20.8,0,0
WPR_MV,D,20250401,000000,20.1,20.45,20,20.45,0,0
WPR_MV,D,20250402,000000,20.45,20.45,19.9,19.9,0,0
WPR_MV,D,20250403,000000,19.9,20.35,19.9,19.95,0,0
WPR_MV,D,20250404,000000,19.9,20.2,19.75,19.75,0,0
WPR_MV,D,20250407,000000,19.75,20.1,19.05,19.5,0,0
WPR_MV,D,20250408,000000,19.9,19.9,19.15,19.15,0,0
WPR_MV,D,20250409,000000,19.15,19.7,19.15,19.15,0,0
WPR_MV,D,20250410,000000,19.15,19.5,18.5,19.5,0,0
WPR_MV,D,20250411,000000,19.65,19.65,18.7,18.7,0,0
WPR_MV,D,20250414,000000,18.9,20.15,18.9,20.15,0,0
WPR_MV,D,20250415,000000,19.7,20.2,19.55,19.55,0,0
WPR_MV,D,20250416,000000,19.55,19.55,19.55,19.55,0,0
WPR_MV,D,20250417,000000,19.8,19.8,19.5,19.5,0,0
WPR_MV,D,20250422,000000,19.5,19.65,19.15,19.35,0,0
WPR_MV,D,20250423,000000,19.65,19.75,19.25,19.75,0,0
WPR_MV,D,20250424,000000,19.75,19.75,19.25,19.5,0,0
WPR_MV,D,20250425,000000,19.5,19.75,18.85,19.25,0,0
WPR_MV,D,20250428,000000,19.3,19.3,18.45,18.95,0,0
WPR_MV,D,20250429,000000,19,19.45,19,19.45,0,0
WPR_MV,D,20250430,000000,19.45,19.45,19.45,19.45,0,0
WPR_MV,D,20250502,000000,19.5,19.5,19.25,19.5,0,0
WPR_MV,D,20250505,000000,19.5,19.5,18.8,19.3,0,0
WPR_MV,D,20250506,000000,19.35,19.35,18.75,18.95,0,0
WPR_MV,D,20250507,000000,19.25,19.25,18.75,18.85,0,0
WPR_MV,D,20250508,000000,19.25,19.6,19.15,19.15,0,0
WPR_MV,D,20250509,000000,19.45,19.45,19.1,19.1,0,0
WPR_MV,D,20250512,000000,19.1,19.5,18.75,19,0,0
WPR_MV,D,20250513,000000,19,19.45,18.9,19.45,0,0
WPR_MV,D,20250514,000000,19.45,19.75,18.95,19.75,0,0
WPR_MV,D,20250515,000000,19.75,19.95,19.1,19.4,0,0
WPR_MV,D,20250516,000000,19.4,20,19.4,19.9,0,0
WPR_MV,D,20250519,000000,20.05,20.15,19.7,19.95,0,0
WPR_MV,D,20250520,000000,19.95,19.95,19.5,19.85,0,0
WPR_MV,D,20250521,000000,19.9,19.9,19.9,19.9,0,0
WPR_MV,D,20250522,000000,19.6,19.75,19.6,19.75,0,0
WPR_MV,D,20250523,000000,19.75,19.75,19.1,19.1,0,0
WPR_MV,D,20250526,000000,19.1,19.5,19.05,19.5,0,0
WPR_MV,D,20250527,000000,19.5,19.7,19.5,19.7,0,0
WPR_MV,D,20250528,000000,19.75,19.75,19.75,19.75,0,0
WPR_MV,D,20250529,000000,19.7,19.7,19.3,19.7,0,0
WPR_MV,D,20250530,000000,19.75,19.75,19.7,19.7,0,0
WPR_MV,D,20250602,000000,19.7,19.7,19.5,19.5,0,0
WPR_MV,D,20250603,000000,19.7,19.7,19.3,19.3,0,0
WPR_MV,D,20250604,000000,19.3,19.5,19,19.5,0,0
WPR_MV,D,20250605,000000,19.4,19.4,19,19.1,0,0
WPR_MV,D,20250606,000000,19.1,19.4,18.9,19.35,0,0
WPR_MV,D,20250609,000000,19.35,19.4,18.9,18.9,0,0
WPR_MV,D,20250610,000000,18.9,19.3,18.9,18.9,0,0
WPR_MV,D,20250611,000000,18.9,19,18.9,19,0,0
WPR_MV,D,20250612,000000,18.9,19,17.5,17.5,0,0
WPR_MV,D,20250613,000000,17.5,18.5,17.5,18.1,0,0
WPR_MV,D,20250616,000000,18.65,19,18.15,18.15,0,0
WPR_MV,D,20250617,000000,18.85,19,18.1,19,0,0
WPR_MV,D,20250618,000000,19.1,19.1,19,19,0,0
WPR_MV,D,20250620,000000,19.05,19.05,19.05,19.05,0,0
WPR_MV,D,20250623,000000,19.3,19.3,18.4,18.7,0,0
WPR_MV,D,20250624,000000,18.7,18.9,18.7,18.9,0,0
WPR_MV,D,20250625,000000,18.9,18.9,18.05,18.3,0,0
WPR_MV,D,20250626,000000,18.5,18.5,18.05,18.25,0,0
WPR_MV,D,20250627,000000,18.25,18.4,18,18,0,0
WPR_MV,D,20250630,000000,18,19.2,18,19,0,0
WPR_MV,D,20250701,000000,19,19,18.7,18.7,0,0
WPR_MV,D,20250702,000000,18.8,18.8,18.4,18.45,0,0
WPR_MV,D,20250703,000000,18.45,18.5,18.45,18.5,0,0
WPR_MV,D,20250704,000000,18.75,18.75,18.75,18.75,0,0
WPR_MV,D,20250707,000000,18.75,18.75,18.45,18.75,0,0
WPR_MV,D,20250708,000000,18.75,18.8,18.4,18.7,0,0
WPR_MV,D,20250709,000000,18.7,18.7,18.4,18.4,0,0
WPR_MV,D,20250710,000000,18.4,18.5,18.2,18.45,0,0
WPR_MV,D,20250711,000000,18.45,18.45,18.2,18.45,0,0
WPR_MV,D,20250714,000000,17.5,18.3,17.45,17.9,0,0
WPR_MV,D,20250715,000000,17.9,17.9,17.55,17.6,0,0
WPR_MV,D,20250716,000000,17.6,17.85,17.55,17.85,0,0
WPR_MV,D,20250717,000000,17.6,17.9,17.55,17.9,0,0
WPR_MV,D,20250718,000000,17.7,17.7,17.35,17.65,0,0
WPR_MV,D,20250721,000000,17.6,17.9,17.2,17.4,0,0
WPR_MV,D,20250722,000000,17.2,17.35,17.05,17.05,0,0
WPR_MV,D,20250723,000000,17.4,17.5,17.1,17.5,0,0
WPR_MV,D,20250724,000000,17.5,17.65,17.5,17.65,0,0
WPR_MV,D,20250725,000000,17.65,17.65,16.95,16.95,0,0
WPR_MV,D,20250728,000000,16.95,17.3,16.95,17.3,0,0
WPR_MV,D,20250729,000000,17.4,17.4,16.8,16.9,0,0
WPR_MV,D,20250730,000000,17,17.4,16.95,16.95,0,0
WPR_MV,D,20250731,000000,17.15,17.15,16.9,17,0,0
WPR_MV,D,20250801,000000,17,17.05,16.65,16.75,0,0
WPR_MV,D,20250804,000000,16.75,17.05,16.75,17,0,0
WPR_MV,D,20250805,000000,17.05,17.15,16.65,16.7,0,0
WPR_MV,D,20250806,000000,16.7,17,16.7,16.75,0,0
WPR_MV,D,20250807,000000,16.95,16.95,16.75,16.95,0,0
WPR_MV,D,20250808,000000,16.95,16.95,16.95,16.95,0,0
WPR_MV,D,20250811,000000,16.65,17,16.65,17,0,0
WPR_MV,D,20250812,000000,17,17,16.7,17,0,0
WPR_MV,D,20250813,000000,17,17.3,16.7,17.2,0,0
WPR_MV,D,20250814,000000,17.3,17.3,17.15,17.3,0,0
WPR_MV,D,20250818,000000,17.2,17.4,17.2,17.35,0,0
WPR_MV,D,20250819,000000,17.35,17.35,16.9,17.35,0,0
WPR_MV,D,20250820,000000,17.35,17.5,17.05,17.35,0,0
WPR_MV,D,20250821,000000,17.3,17.3,16.25,17,0,0
WPR_MV,D,20250822,000000,16.9,17.2,16.6,16.6,0,0
WPR_MV,D,20250825,000000,16.95,16.95,16.9,16.9,0,0
WPR_MV,D,20250826,000000,16.9,16.9,16.1,16.1,0,0
WPR_MV,D,20250827,000000,16.1,16.8,16.1,16.15,0,0
WPR_MV,D,20250828,000000,16.7,16.7,16.65,16.65,0,0
WPR_MV,D,20250829,000000,16.65,16.65,15.55,15.55,0,0
WPR_MV,D,20250901,000000,15.55,16.25,15.55,15.85,0,0
WPR_MV,D,20250902,000000,16.25,16.25,16.25,16.25,0,0
WPR_MV,D,20250903,000000,16.25,16.25,15.55,15.6,0,0
WPR_MV,D,20250904,000000,15.55,15.95,15.55,15.75,0,0
WPR_MV,D,20250905,000000,15.75,15.75,15.55,15.55,0,0
WPR_MV,D,20250908,000000,15.55,15.7,15.15,15.6,0,0
WPR_MV,D,20250909,000000,15.6,15.75,15.45,15.6,0,0
WPR_MV,D,20250910,000000,15.75,15.75,15.25,15.7,0,0
WPR_MV,D,20250911,000000,15.7,16.2,15.2,15.9,0,0
WPR_MV,D,20250912,000000,15.9,16,15.5,16,0,0
WPR_MV,D,20250915,000000,16.1,16.3,16.1,16.3,0,0
WPR_MV,D,20250916,000000,16.3,16.6,16.1,16.6,0,0
WPR_MV,D,20250917,000000,16.6,17.2,16.6,17.2,0,0
WPR_MV,D,20250918,000000,17.2,17.45,16.9,17.45,0,0
WPR_MV,D,20250919,000000,17.5,18.5,17.5,18,0,0
WPR_MV,D,20250922,000000,18.4,18.4,17.9,18.4,0,0
WPR_MV,D,20250923,000000,18.4,18.5,18.4,18.5,0,0
WPR_MV,D,20250924,000000,18.5,18.5,18,18,0,0
WPR_MV,D,20250925,000000,18,19.65,17.9,19.65,0,0
WPR_MV,D,20250926,000000,19.65,19.65,18,18,0,0
WPR_MV,D,20250929,000000,18.6,18.7,18.5,18.5,0,0
WPR_MV,D,20250930,000000,18.5,18.5,17.5,17.95,0,0
WPR_MV,D,20251001,000000,17.95,17.95,17.6,17.6,0,0
WPR_MV,D,20251002,000000,17.6,18,17.5,18,0,0
WPR_MV,D,20251003,000000,18,18,17,17.2,0,0
WPR_MV,D,20251006,000000,17.5,17.5,16.6,17.5,0,0
WPR_MV,D,20251007,000000,17.6,17.9,17.6,17.6,0,0
WPR_MV,D,20251008,000000,17.6,17.75,17.6,17.75,0,0
WPR_MV,D,20251009,000000,17.4,17.75,17,17.75,0,0
WPR_MV,D,20251010,000000,17.75,17.75,16.8,17.4,0,0
WPR_MV,D,20251013,000000,17.35,17.6,17,17.05,0,0
WPR_MV,D,20251014,000000,17.6,17.6,16.5,17.4,0,0
WPR_MV,D,20251015,000000,17.6,17.8,17.6,17.75,0,0
WPR_MV,D,20251016,000000,17.75,17.75,16.55,16.55,0,0
WPR_MV,D,20251017,000000,17.5,17.55,16.9,17.05,0,0
WPR_MV,D,20251020,000000,17.05,17.5,16.4,17.2,0,0
WPR_MV,D,20251021,000000,17.2,17.25,16.75,17.25,0,0
WPR_MV,D,20251022,000000,17.25,17.55,16.8,17.55,0,0
WPR_MV,D,20251023,000000,17.55,17.7,17.55,17.7,0,0
WPR_MV,D,20251024,000000,17.7,17.7,17.5,17.7,0,0
WPR_MV,D,20251027,000000,17.7,17.7,16.9,16.9,0,0
WPR_MV,D,20251028,000000,16.75,17.2,16.65,16.65,0,0
WPR_MV,D,20251029,000000,17.15,17.25,16.45,17,0,0
WPR_MV,D,20251030,000000,16.5,17.1,16.5,17.1,0,0
WPR_MV,D,20251031,000000,17.1,17.1,16.6,16.6,0,0
WPR_MV,D,20251103,000000,16.6,17,16.55,17,0,0
WPR_MV,D,20251104,000000,16.55,16.95,16,16.35,0,0
WPR_MV,D,20251105,000000,16.7,16.7,16.2,16.2,0,0
WPR_MV,D,20251106,000000,16.2,16.6,16.1,16.6,0,0
WPR_MV,D,20251107,000000,16.6,16.6,16.6,16.6,0,0
WPR_MV,D,20251110,000000,16.7,16.7,16.3,16.5,0,0
WPR_MV,D,20251112,000000,16.5,16.55,16.1,16.5,0,0
WPR_MV,D,20251113,000000,16.5,16.5,16.15,16.45,0,0
WPR_MV,D,20251114,000000,16.45,16.45,15.7,16,0,0
WPR_MV,D,20251117,000000,15.35,15.95,15.25,15.25,0,0
WPR_MV,D,20251118,000000,15.2,15.2,15.05,15.2,0,0
WPR_MV,D,20251119,000000,15.05,16.45,15.05,15.2,0,0
WPR_MV,D,20251120,000000,15.2,16,15.2,15.5,0,0
WPR_MV,D,20251121,000000,15.5,15.5,14,15.3,0,0
WPR_MV,D,20251124,000000,15.2,15.3,14,14.55,0,0
WPR_MV,D,20251125,000000,14.55,14.85,14.55,14.55,0,0
WPR_MV,D,20251126,000000,14.55,14.9,14.55,14.9,0,0
WPR_MV,D,20251127,000000,14.55,14.9,14.5,14.85,0,0
WPR_MV,D,20251128,000000,14.85,14.85,14.5,14.85,0,0
WPR_MV,D,20251201,000000,14.5,14.9,14.25,14.7,0,0
WPR_MV,D,20251202,000000,14.7,14.7,14.25,14.6,0,0
WPR_MV,D,20251203,000000,14.6,14.6,14.3,14.55,0,0
WPR_MV,D,20251204,000000,14.3,14.55,14.25,14.25,0,0
WPR_MV,D,20251205,000000,14.25,14.25,13.1,13.85,0,0
WPR_MV,D,20251208,000000,13.8,13.9,13.65,13.9,0,0
WPR_MV,D,20251209,000000,13.85,13.85,13.75,13.75,0,0
WPR_MV,D,20251210,000000,13.75,13.75,13.75,13.75,0,0
WPR_MV,D,20251211,000000,13.6,13.75,13.1,13.6,0,0
WPR_MV,D,20251212,000000,13.55,13.55,12.75,12.9,0,0
WPR_MV,D,20251215,000000,13,13.15,12.75,12.75,0,0
WPR_MV,D,20251216,000000,12.75,12.75,11.6,12.25,0,0
WPR_MV,D,20251217,000000,12.05,13.25,11.5,12.9,0,0
WPR_MV,D,20251218,000000,12.85,12.95,12.5,12.6,0,0
WPR_MV,D,20251219,000000,12.6,12.95,12.4,12.45,0,0
WPR_MV,D,20251222,000000,12.45,12.45,11.85,12,0,0
WPR_MV,D,20251223,000000,12,13.2,11.7,12.5,0,0
WPR_MV,D,20251229,000000,12.5,13.15,12.1,12.8,0,0
WPR_MV,D,20251230,000000,13.5,13.5,12.25,12.95,0,0
WPR_MV,D,20260102,000000,13,13.65,12.5,12.85,0,0
WPR_MV,D,20260105,000000,13,13,12.75,12.75,0,0
WPR_MV,D,20260107,000000,13,13,12.5,12.8,0,0
WPR_MV,D,20260108,000000,12.8,12.9,12.6,12.9,0,0
WPR_MV,D,20260109,000000,12.9,12.9,12.5,12.65,0,0
WPR_MV,D,20260112,000000,12.65,14.85,12.65,14.2,0,0
WPR_MV,D,20260113,000000,14.3,14.4,13,14.15,0,0
WPR_MV,D,20260114,000000,14.2,14.45,13.05,14,0,0
WPR_MV,D,20260115,000000,14.25,19.3,14.25,19.3,0,0
WPR_MV,D,20260116,000000,20.1,24.4,20.1,24.4,0,0
WPR_MV,D,20260119,000000,25,31.5,25,28.5,0,0
WPR_MV,D,20260120,000000,28.5,28.5,24.6,25,0,0
WPR_MV,D,20260121,000000,25,25,22.55,22.7,0,0
WPR_MV,D,20260122,000000,22.8,27.5,22.8,25.2,0,0
WPR_MV,D,20260123,000000,25,25,22.65,23.4,0,0
