<TICKER>,<PER>,<DATE>,<TIME>,<OPEN>,<HIGH>,<LOW>,<CLOSE>,<VOL>,<OPENINT>
ETCGLDRMAU.PL,D,20230830,000000,79.44,79.44,79.12,79.22,1661,0
ETCGLDRMAU.PL,D,20230831,000000,79.7,79.98,79.47,79.96,5142,0
ETCGLDRMAU.PL,D,20230901,000000,80.34,80.34,79.86,80.02,1819,0
ETCGLDRMAU.PL,D,20230904,000000,80.12,80.42,80.12,80.41,1400,0
ETCGLDRMAU.PL,D,20230905,000000,80.57,80.71,80.21,80.7,1110,0
ETCGLDRMAU.PL,D,20230906,000000,80.86,82.5,80.5,81.53,1073,0
ETCGLDRMAU.PL,D,20230907,000000,82,83.13,82,82.7,1962,0
ETCGLDRMAU.PL,D,20230908,000000,83.48,83.48,82.49,82.8,1208,0
ETCGLDRMAU.PL,D,20230911,000000,83,83.51,82.78,83.14,2781,0
ETCGLDRMAU.PL,D,20230912,000000,84,84.32,83,83.51,3452,0
ETCGLDRMAU.PL,D,20230913,000000,83.79,83.79,82.4,82.56,1079,0
ETCGLDRMAU.PL,D,20230914,000000,82.3,82.91,82.3,82.84,772,0
ETCGLDRMAU.PL,D,20230915,000000,83.73,84.07,83.55,84.07,731,0
ETCGLDRMAU.PL,D,20230918,000000,86,86,84,84.1,819,0
ETCGLDRMAU.PL,D,20230919,000000,84.1,84.51,84,84.44,419,0
ETCGLDRMAU.PL,D,20230920,000000,84.25,84.25,83.42,84.03,651,0
ETCGLDRMAU.PL,D,20230921,000000,83.98,83.98,83.3,83.3,325,0
ETCGLDRMAU.PL,D,20230922,000000,83.3,83.7,83,83,310,0
ETCGLDRMAU.PL,D,20230925,000000,83.04,83.5,83.04,83.5,281,0
ETCGLDRMAU.PL,D,20230926,000000,83.5,83.5,82.8,83.03,515,0
ETCGLDRMAU.PL,D,20230927,000000,82.61,82.98,82.5,82.98,165,0
ETCGLDRMAU.PL,D,20230928,000000,82.11,82.71,81.87,81.87,241,0
ETCGLDRMAU.PL,D,20230929,000000,81.91,82.24,81.05,81.5,555,0
ETCGLDRMAU.PL,D,20231002,000000,80.56,80.59,80,80.23,2308,0
ETCGLDRMAU.PL,D,20231003,000000,82,82,79.55,80.5,617,0
ETCGLDRMAU.PL,D,20231004,000000,80.77,80.77,79.77,80.05,1916,0
ETCGLDRMAU.PL,D,20231005,000000,79.75,79.83,79.4,79.69,2759,0
ETCGLDRMAU.PL,D,20231006,000000,81,81,79.39,79.9,7035,0
ETCGLDRMAU.PL,D,20231009,000000,82,82.7,79.9,80,787,0
ETCGLDRMAU.PL,D,20231010,000000,81.6,81.6,79.6,79.6,1357,0
ETCGLDRMAU.PL,D,20231011,000000,79.75,79.94,79.58,79.82,1103,0
ETCGLDRMAU.PL,D,20231012,000000,80.3,80.4,80.2,80.4,2329,0
ETCGLDRMAU.PL,D,20231013,000000,80.32,82,80.32,82,4930,0
ETCGLDRMAU.PL,D,20231016,000000,81.25,82,80.2,80.85,3196,0
ETCGLDRMAU.PL,D,20231017,000000,80.43,80.68,80,80.25,981,0
ETCGLDRMAU.PL,D,20231018,000000,81.16,81.59,80.4,81.03,421,0
ETCGLDRMAU.PL,D,20231019,000000,81.17,81.99,81.14,81.2,163,0
ETCGLDRMAU.PL,D,20231020,000000,82.67,82.7,82.19,82.59,1352,0
ETCGLDRMAU.PL,D,20231023,000000,82.7,82.83,82.59,82.6,456,0
ETCGLDRMAU.PL,D,20231024,000000,82.13,82.19,81,81.2,285,0
ETCGLDRMAU.PL,D,20231025,000000,82.7,83,82.15,83,418,0
ETCGLDRMAU.PL,D,20231026,000000,83.14,83.91,83,83.01,799,0
ETCGLDRMAU.PL,D,20231027,000000,83.01,83.6,83.01,83.01,561,0
ETCGLDRMAU.PL,D,20231030,000000,83.83,83.83,83.01,83.44,387,0
ETCGLDRMAU.PL,D,20231031,000000,83.25,83.5,82.6,82.85,307,0
ETCGLDRMAU.PL,D,20231102,000000,83.2,83.2,82.1,82.7,570,0
ETCGLDRMAU.PL,D,20231103,000000,82.7,82.75,82,82.52,2287,0
ETCGLDRMAU.PL,D,20231106,000000,82.11,82.11,81.5,82,264,0
ETCGLDRMAU.PL,D,20231107,000000,81.77,81.97,81.2,81.2,148,0
ETCGLDRMAU.PL,D,20231108,000000,81.76,81.97,80.7,80.7,729,0
ETCGLDRMAU.PL,D,20231109,000000,80.69,80.9,80.5,80.9,324,0
ETCGLDRMAU.PL,D,20231110,000000,80.51,80.89,80.23,80.23,398,0
ETCGLDRMAU.PL,D,20231113,000000,80,80.2,79.81,79.9,1246,0
ETCGLDRMAU.PL,D,20231114,000000,79.77,80.01,79.6,79.85,911,0
ETCGLDRMAU.PL,D,20231115,000000,79.95,79.95,79.1,79.2,946,0
ETCGLDRMAU.PL,D,20231116,000000,79.5,79.5,78.9,79.43,666,0
ETCGLDRMAU.PL,D,20231117,000000,79.44,80.16,79.43,79.76,300,0
ETCGLDRMAU.PL,D,20231120,000000,80.5,80.5,78.3,78.39,917,0
ETCGLDRMAU.PL,D,20231121,000000,78.8,80.03,78.71,80.03,575,0
ETCGLDRMAU.PL,D,20231122,000000,81.6,81.6,79.6,79.97,167,0
ETCGLDRMAU.PL,D,20231123,000000,80,80,78.5,78.5,241,0
ETCGLDRMAU.PL,D,20231124,000000,79.73,79.81,79.12,79.67,518,0
ETCGLDRMAU.PL,D,20231127,000000,80.26,80.26,79.12,79.96,495,0
ETCGLDRMAU.PL,D,20231128,000000,80.1,80.1,79.04,79.5,428,0
ETCGLDRMAU.PL,D,20231129,000000,79.5,80.46,79.5,79.5,365,0
ETCGLDRMAU.PL,D,20231130,000000,80.5,80.8,80.45,80.8,108,0
ETCGLDRMAU.PL,D,20231201,000000,80.8,80.8,80.2,80.8,1753,0
ETCGLDRMAU.PL,D,20231204,000000,81.55,81.99,80.81,80.81,289,0
ETCGLDRMAU.PL,D,20231205,000000,80.2,80.81,79.47,79.52,778,0
ETCGLDRMAU.PL,D,20231206,000000,80.2,81.15,80.11,80.9,290,0
ETCGLDRMAU.PL,D,20231207,000000,80.9,80.9,80.9,80.9,21,0
ETCGLDRMAU.PL,D,20231208,000000,80.81,80.81,80.03,80.7,1186,0
ETCGLDRMAU.PL,D,20231211,000000,80.4,80.4,79.41,79.54,1068,0
ETCGLDRMAU.PL,D,20231212,000000,79.9,79.9,79.2,79.52,757,0
ETCGLDRMAU.PL,D,20231213,000000,80.95,80.95,78.96,78.96,1345,0
ETCGLDRMAU.PL,D,20231214,000000,80.2,80.2,79.5,79.65,265,0
ETCGLDRMAU.PL,D,20231215,000000,79.65,79.85,79.5,79.85,437,0
ETCGLDRMAU.PL,D,20231218,000000,81,81,79.95,80.17,261,0
ETCGLDRMAU.PL,D,20231219,000000,80,80,79.1,79.55,324,0
ETCGLDRMAU.PL,D,20231220,000000,80.23,80.23,79.41,79.54,210,0
ETCGLDRMAU.PL,D,20231221,000000,80,80.64,80,80.3,846,0
ETCGLDRMAU.PL,D,20231222,000000,80.3,81,80.18,80.97,303,0
ETCGLDRMAU.PL,D,20231227,000000,80.9,80.9,80,80.83,650,0
ETCGLDRMAU.PL,D,20231228,000000,80.8,80.85,80.5,80.7,486,0
ETCGLDRMAU.PL,D,20231229,000000,81,81.1,80.13,80.5,440,0
ETCGLDRMAU.PL,D,20240102,000000,81.72,81.83,80.96,81.5,756,0
ETCGLDRMAU.PL,D,20240103,000000,82,82.03,80.92,80.92,1358,0
ETCGLDRMAU.PL,D,20240104,000000,80.94,80.94,80.6,80.6,703,0
ETCGLDRMAU.PL,D,20240105,000000,80.6,81.21,80.6,81,878,0
ETCGLDRMAU.PL,D,20240108,000000,81,81,79.8,79.8,3285,0
ETCGLDRMAU.PL,D,20240109,000000,79.98,80,79.98,80,178,0
ETCGLDRMAU.PL,D,20240110,000000,80,80.5,80,80,863,0
ETCGLDRMAU.PL,D,20240111,000000,81.93,81.93,80.1,80.1,707,0
ETCGLDRMAU.PL,D,20240112,000000,80.07,81.48,80.07,81,1208,0
ETCGLDRMAU.PL,D,20240115,000000,81.4,81.5,81,81,1200,0
ETCGLDRMAU.PL,D,20240116,000000,82,82.07,81.8,82,473,0
ETCGLDRMAU.PL,D,20240117,000000,81.75,81.75,80.91,80.95,907,0
ETCGLDRMAU.PL,D,20240118,000000,80.95,81.2,80.95,81.2,39,0
ETCGLDRMAU.PL,D,20240119,000000,81.6,81.62,80.9,80.9,669,0
ETCGLDRMAU.PL,D,20240122,000000,80.01,80.9,80.01,80.9,135,0
ETCGLDRMAU.PL,D,20240123,000000,81.01,81.2,80.65,81.2,70,0
ETCGLDRMAU.PL,D,20240124,000000,80.86,80.88,80.5,80.74,191,0
ETCGLDRMAU.PL,D,20240125,000000,80.25,81,80.1,81,917,0
ETCGLDRMAU.PL,D,20240126,000000,81.5,81.5,80.7,81.14,317,0
ETCGLDRMAU.PL,D,20240129,000000,81.15,81.6,80.78,81.6,266,0
ETCGLDRMAU.PL,D,20240130,000000,81.4,81.7,81,81.46,436,0
ETCGLDRMAU.PL,D,20240131,000000,81.03,81.05,81,81.05,79,0
ETCGLDRMAU.PL,D,20240201,000000,82,82,81,81.5,243,0
ETCGLDRMAU.PL,D,20240202,000000,81.15,81.33,81,81.11,427,0
ETCGLDRMAU.PL,D,20240205,000000,81.5,81.5,80.92,81.23,453,0
ETCGLDRMAU.PL,D,20240206,000000,80.99,82,80.99,81.33,400,0
ETCGLDRMAU.PL,D,20240207,000000,81.1,81.31,81.1,81.31,192,0
ETCGLDRMAU.PL,D,20240208,000000,82.2,82.21,81.2,81.2,130,0
ETCGLDRMAU.PL,D,20240209,000000,81.2,81.42,80.92,80.92,389,0
ETCGLDRMAU.PL,D,20240212,000000,80.95,81,80.68,80.68,561,0
ETCGLDRMAU.PL,D,20240213,000000,80.66,80.98,80.4,80.4,216,0
ETCGLDRMAU.PL,D,20240214,000000,80.4,80.84,80.01,80.77,243,0
ETCGLDRMAU.PL,D,20240215,000000,80.77,80.78,80.2,80.78,254,0
ETCGLDRMAU.PL,D,20240216,000000,80.78,80.78,80.66,80.66,62,0
ETCGLDRMAU.PL,D,20240219,000000,80.98,81.1,80.9,80.9,1616,0
ETCGLDRMAU.PL,D,20240220,000000,81.3,81.3,80.7,81.08,3153,0
ETCGLDRMAU.PL,D,20240221,000000,81.4,81.4,81.02,81.1,56,0
ETCGLDRMAU.PL,D,20240222,000000,81.1,81.1,80.4,80.42,1319,0
ETCGLDRMAU.PL,D,20240223,000000,80.42,80.98,80.42,80.71,604,0
ETCGLDRMAU.PL,D,20240226,000000,80.71,80.71,80.16,80.7,71,0
ETCGLDRMAU.PL,D,20240227,000000,80.7,80.96,80.3,80.96,1062,0
ETCGLDRMAU.PL,D,20240228,000000,80.85,80.95,80.32,80.32,330,0
ETCGLDRMAU.PL,D,20240229,000000,80.94,80.94,80.94,80.94,25,0
ETCGLDRMAU.PL,D,20240301,000000,80.95,81.89,80.95,81.56,966,0
ETCGLDRMAU.PL,D,20240304,000000,82,82.66,81.89,82.66,1520,0
ETCGLDRMAU.PL,D,20240305,000000,83.2,84.49,83.2,84.13,2782,0
ETCGLDRMAU.PL,D,20240306,000000,84.3,84.3,83.8,84.3,870,0
ETCGLDRMAU.PL,D,20240307,000000,84.3,84.3,83.89,84,902,0
ETCGLDRMAU.PL,D,20240308,000000,83.9,84.5,83.89,84.5,1682,0
ETCGLDRMAU.PL,D,20240311,000000,84.7,84.85,84.06,84.79,555,0
ETCGLDRMAU.PL,D,20240312,000000,84.8,84.9,84.3,84.35,573,0
ETCGLDRMAU.PL,D,20240313,000000,84,84.44,83.9,83.9,89,0
ETCGLDRMAU.PL,D,20240314,000000,83.77,84.35,83.74,84.35,407,0
ETCGLDRMAU.PL,D,20240315,000000,84.35,84.6,83.99,84,298,0
ETCGLDRMAU.PL,D,20240318,000000,84,85.1,84,84.5,299,0
ETCGLDRMAU.PL,D,20240319,000000,84.95,85.3,84.95,85.3,185,0
ETCGLDRMAU.PL,D,20240320,000000,85.3,85.4,85,85.4,136,0
ETCGLDRMAU.PL,D,20240321,000000,85.9,86.74,85.8,85.8,794,0
ETCGLDRMAU.PL,D,20240322,000000,86.53,86.53,85.8,86,372,0
ETCGLDRMAU.PL,D,20240325,000000,87.7,89,86,86.25,558,0
ETCGLDRMAU.PL,D,20240326,000000,89.99,89.99,86,86.39,83,0
ETCGLDRMAU.PL,D,20240327,000000,86.5,87.13,86.5,87.13,324,0
ETCGLDRMAU.PL,D,20240328,000000,88,88.29,87.01,88.12,338,0
ETCGLDRMAU.PL,D,20240402,000000,88.75,90.82,88.75,90.82,2361,0
ETCGLDRMAU.PL,D,20240403,000000,93,93,89.54,90.33,1057,0
ETCGLDRMAU.PL,D,20240404,000000,93,93.9,89.81,89.9,920,0
ETCGLDRMAU.PL,D,20240405,000000,92.99,92.99,90.1,91.37,892,0
ETCGLDRMAU.PL,D,20240408,000000,92.99,93,91,91.28,1160,0
ETCGLDRMAU.PL,D,20240409,000000,91.29,92.45,91,91.3,1250,0
ETCGLDRMAU.PL,D,20240410,000000,92.36,92.36,91.75,91.9,265,0
ETCGLDRMAU.PL,D,20240411,000000,92.68,92.68,91.62,91.62,400,0
ETCGLDRMAU.PL,D,20240412,000000,94.01,97.1,94.01,97.1,1455,0
ETCGLDRMAU.PL,D,20240415,000000,97,97.1,93.5,94.58,389,0
ETCGLDRMAU.PL,D,20240416,000000,99.9,99.9,95.08,96.67,1901,0
ETCGLDRMAU.PL,D,20240417,000000,99,99,96.24,97.4,1217,0
ETCGLDRMAU.PL,D,20240418,000000,99.65,99.65,95.6,96.44,589,0
ETCGLDRMAU.PL,D,20240419,000000,97,99,95.6,95.6,330,0
ETCGLDRMAU.PL,D,20240422,000000,95.06,95.06,93.41,93.49,859,0
ETCGLDRMAU.PL,D,20240423,000000,93,93.47,92.5,93,657,0
ETCGLDRMAU.PL,D,20240424,000000,93,94,93,94,197,0
ETCGLDRMAU.PL,D,20240425,000000,95,95,93.15,93.47,499,0
ETCGLDRMAU.PL,D,20240426,000000,94,95,92.65,94.22,1719,0
ETCGLDRMAU.PL,D,20240429,000000,94.45,94.8,93.5,93.9,561,0
ETCGLDRMAU.PL,D,20240430,000000,93.6,93.6,92.2,92.2,509,0
ETCGLDRMAU.PL,D,20240502,000000,92.21,92.98,92.2,92.8,796,0
ETCGLDRMAU.PL,D,20240506,000000,93.99,95,92.3,92.43,1067,0
ETCGLDRMAU.PL,D,20240507,000000,92.43,92.49,91.8,92.34,576,0
ETCGLDRMAU.PL,D,20240508,000000,94.38,94.38,91.32,92.3,444,0
ETCGLDRMAU.PL,D,20240509,000000,92.49,93.57,92.4,93.38,1571,0
ETCGLDRMAU.PL,D,20240510,000000,94.95,95.6,94.5,95.1,748,0
ETCGLDRMAU.PL,D,20240513,000000,95.05,95.05,92.82,93.13,820,0
ETCGLDRMAU.PL,D,20240514,000000,93.11,93.17,92.88,93,208,0
ETCGLDRMAU.PL,D,20240515,000000,93,93.61,92.5,93.4,898,0
ETCGLDRMAU.PL,D,20240516,000000,93.79,93.82,93.1,93.38,933,0
ETCGLDRMAU.PL,D,20240517,000000,93.86,93.9,93.11,93.9,726,0
ETCGLDRMAU.PL,D,20240520,000000,94.98,95.52,93.9,94.62,964,0
ETCGLDRMAU.PL,D,20240521,000000,96.38,97.5,93.9,95.12,464,0
ETCGLDRMAU.PL,D,20240522,000000,94.52,94.9,94.01,94.01,510,0
ETCGLDRMAU.PL,D,20240523,000000,93.15,93.49,92.1,92.1,2087,0
ETCGLDRMAU.PL,D,20240524,000000,92.12,92.16,91.6,91.95,1847,0
ETCGLDRMAU.PL,D,20240527,000000,91.89,92.28,91.55,92.28,600,0
ETCGLDRMAU.PL,D,20240528,000000,91.86,91.86,91.4,91.41,415,0
ETCGLDRMAU.PL,D,20240529,000000,91.4,91.8,91.4,91.8,133,0
ETCGLDRMAU.PL,D,20240531,000000,92.61,92.61,91.64,91.81,488,0
ETCGLDRMAU.PL,D,20240603,000000,91.67,92.14,90.81,92.14,706,0
ETCGLDRMAU.PL,D,20240604,000000,91.97,92.4,91.2,91.77,2525,0
ETCGLDRMAU.PL,D,20240605,000000,92.35,92.62,92.24,92.37,439,0
ETCGLDRMAU.PL,D,20240606,000000,92.35,93.1,92.26,92.9,801,0
ETCGLDRMAU.PL,D,20240607,000000,93.13,93.13,91,91.51,1144,0
ETCGLDRMAU.PL,D,20240610,000000,91.89,92.13,91.2,92,448,0
ETCGLDRMAU.PL,D,20240611,000000,92.43,93,91.71,92.8,500,0
ETCGLDRMAU.PL,D,20240612,000000,93.27,93.27,92.1,92.3,81,0
ETCGLDRMAU.PL,D,20240613,000000,92.6,93.05,92.1,93.05,350,0
ETCGLDRMAU.PL,D,20240614,000000,93.05,95.2,93.05,95.2,515,0
ETCGLDRMAU.PL,D,20240617,000000,94.46,94.63,94.15,94.63,1033,0
ETCGLDRMAU.PL,D,20240618,000000,93.62,93.62,93.54,93.55,41,0
ETCGLDRMAU.PL,D,20240619,000000,93.07,93.86,93,93.48,961,0
ETCGLDRMAU.PL,D,20240620,000000,93.01,94.46,93.01,93.47,268,0
ETCGLDRMAU.PL,D,20240621,000000,95.09,95.36,94,94.27,317,0
ETCGLDRMAU.PL,D,20240624,000000,93.68,93.8,92.8,92.8,224,0
ETCGLDRMAU.PL,D,20240625,000000,92.92,93.39,92.62,92.62,141,0
ETCGLDRMAU.PL,D,20240626,000000,92.97,93.12,92.02,92.02,666,0
ETCGLDRMAU.PL,D,20240627,000000,92.15,92.97,92.15,92.9,48,0
ETCGLDRMAU.PL,D,20240628,000000,93.62,93.95,93.4,93.95,107,0
ETCGLDRMAU.PL,D,20240701,000000,92.7,93.4,92.2,93.4,417,0
ETCGLDRMAU.PL,D,20240702,000000,93.4,93.7,93,93,305,0
ETCGLDRMAU.PL,D,20240703,000000,93.49,93.61,93.15,93.61,89,0
ETCGLDRMAU.PL,D,20240704,000000,93.54,93.56,93.2,93.3,129,0
ETCGLDRMAU.PL,D,20240705,000000,93.26,93.38,93,93.32,369,0
ETCGLDRMAU.PL,D,20240708,000000,94.99,94.99,93.05,93.25,515,0
ETCGLDRMAU.PL,D,20240709,000000,92.85,92.85,92.45,92.45,518,0
ETCGLDRMAU.PL,D,20240710,000000,93.05,93.25,92.86,93.25,109,0
ETCGLDRMAU.PL,D,20240711,000000,93.45,93.5,93.05,93.5,360,0
ETCGLDRMAU.PL,D,20240712,000000,94.05,94.05,93.55,93.65,72,0
ETCGLDRMAU.PL,D,20240715,000000,93.65,93.65,92.8,93.64,741,0
ETCGLDRMAU.PL,D,20240716,000000,93.99,95,93.75,95,476,0
ETCGLDRMAU.PL,D,20240717,000000,96,96.88,95.5,96.6,512,0
ETCGLDRMAU.PL,D,20240718,000000,96.58,96.58,95.46,95.61,383,0
ETCGLDRMAU.PL,D,20240719,000000,94.95,94.95,93.35,93.95,648,0
ETCGLDRMAU.PL,D,20240722,000000,94,94.2,93.21,93.45,609,0
ETCGLDRMAU.PL,D,20240723,000000,93.45,94.35,93.45,94.35,808,0
ETCGLDRMAU.PL,D,20240724,000000,94.8,95.4,94.01,94.13,643,0
ETCGLDRMAU.PL,D,20240725,000000,93.75,93.75,92.9,92.9,469,0
ETCGLDRMAU.PL,D,20240726,000000,93,93.15,92.85,92.85,782,0
ETCGLDRMAU.PL,D,20240729,000000,93.75,94.3,93.75,94.18,435,0
ETCGLDRMAU.PL,D,20240730,000000,94.25,94.25,93.7,93.7,452,0
ETCGLDRMAU.PL,D,20240731,000000,95.52,95.52,95,95,128,0
ETCGLDRMAU.PL,D,20240801,000000,96.45,96.88,95.36,96.88,964,0
ETCGLDRMAU.PL,D,20240802,000000,97.64,97.64,95.12,95.4,1198,0
ETCGLDRMAU.PL,D,20240805,000000,95.4,95.7,92.6,93.71,2745,0
ETCGLDRMAU.PL,D,20240806,000000,94,94.95,93.2,93.75,487,0
ETCGLDRMAU.PL,D,20240807,000000,93.75,94.65,93.65,94.65,83,0
ETCGLDRMAU.PL,D,20240808,000000,94.32,95.25,94.1,94.55,745,0
ETCGLDRMAU.PL,D,20240809,000000,94.25,95.54,94.25,94.85,215,0
ETCGLDRMAU.PL,D,20240812,000000,95.69,95.85,94.7,95.3,815,0
ETCGLDRMAU.PL,D,20240813,000000,95.45,96.3,95.2,96.1,772,0
ETCGLDRMAU.PL,D,20240814,000000,95.7,96,94.5,94.5,531,0
ETCGLDRMAU.PL,D,20240816,000000,95.25,95.54,95.1,95.54,209,0
ETCGLDRMAU.PL,D,20240819,000000,96.3,96.3,95.54,95.85,185,0
ETCGLDRMAU.PL,D,20240820,000000,95.85,96.35,95.01,96.35,892,0
ETCGLDRMAU.PL,D,20240821,000000,96.35,96.35,95.15,95.51,258,0
ETCGLDRMAU.PL,D,20240822,000000,95.9,95.9,94.8,94.8,1184,0
ETCGLDRMAU.PL,D,20240823,000000,95.2,95.55,94.9,95.55,551,0
ETCGLDRMAU.PL,D,20240826,000000,95.7,96.3,95.7,96,449,0
ETCGLDRMAU.PL,D,20240827,000000,96,96,95.01,95.1,630,0
ETCGLDRMAU.PL,D,20240828,000000,94.96,96.3,94.96,96.3,574,0
ETCGLDRMAU.PL,D,20240829,000000,96.49,97,96,97,227,0
ETCGLDRMAU.PL,D,20240830,000000,96.89,97,96.27,96.75,118,0
ETCGLDRMAU.PL,D,20240902,000000,96.15,96.2,95.51,95.9,909,0
ETCGLDRMAU.PL,D,20240903,000000,96.05,96.35,95.1,95.6,825,0
ETCGLDRMAU.PL,D,20240904,000000,95.75,96.05,95,95.74,542,0
ETCGLDRMAU.PL,D,20240905,000000,96.05,96.35,95.3,96.19,236,0
ETCGLDRMAU.PL,D,20240906,000000,96.49,96.49,95.31,95.31,165,0
ETCGLDRMAU.PL,D,20240909,000000,95.97,96.05,95,95.99,535,0
ETCGLDRMAU.PL,D,20240910,000000,96,97.09,96,96.6,279,0
ETCGLDRMAU.PL,D,20240911,000000,96.56,97.4,96.56,97.25,821,0
ETCGLDRMAU.PL,D,20240912,000000,97.95,98.39,96.6,98.39,1126,0
ETCGLDRMAU.PL,D,20240913,000000,98.78,98.98,98.4,98.6,459,0
ETCGLDRMAU.PL,D,20240916,000000,98.99,98.99,98.5,98.5,1423,0
ETCGLDRMAU.PL,D,20240917,000000,98.5,98.5,97.35,97.35,645,0
ETCGLDRMAU.PL,D,20240918,000000,97.3,98.45,97.2,98.3,2290,0
ETCGLDRMAU.PL,D,20240919,000000,98.3,98.45,97.51,97.51,327,0
ETCGLDRMAU.PL,D,20240920,000000,98.99,99,98.3,98.7,1205,0
ETCGLDRMAU.PL,D,20240923,000000,99.6,100,99.3,100,996,0
ETCGLDRMAU.PL,D,20240924,000000,100,100.4,99.6,99.6,1097,0
ETCGLDRMAU.PL,D,20240925,000000,100.4,100.56,100.4,100.5,419,0
ETCGLDRMAU.PL,D,20240926,000000,100.5,102,100.5,101.4,801,0
ETCGLDRMAU.PL,D,20240927,000000,101.76,102,100.76,100.76,762,0
ETCGLDRMAU.PL,D,20240930,000000,100.7,100.7,99.46,99.46,282,0
ETCGLDRMAU.PL,D,20241001,000000,100.5,102.26,100.5,102.26,586,0
ETCGLDRMAU.PL,D,20241002,000000,102.44,102.44,101.32,102.2,1410,0
ETCGLDRMAU.PL,D,20241003,000000,102.2,102.2,101.3,102,870,0
ETCGLDRMAU.PL,D,20241004,000000,102.74,103.52,102.34,103.4,766,0
ETCGLDRMAU.PL,D,20241007,000000,102.32,103.4,102.32,103.2,1078,0
ETCGLDRMAU.PL,D,20241008,000000,103.02,103.26,102.08,102.26,546,0
ETCGLDRMAU.PL,D,20241009,000000,101.9,101.9,101.06,101.16,220,0
ETCGLDRMAU.PL,D,20241010,000000,101.86,102.5,101.86,102.5,399,0
ETCGLDRMAU.PL,D,20241011,000000,102.9,103.26,102.24,103.2,647,0
ETCGLDRMAU.PL,D,20241014,000000,103.5,104,103.5,103.52,606,0
ETCGLDRMAU.PL,D,20241015,000000,103.94,104.4,103.66,104.4,3096,0
ETCGLDRMAU.PL,D,20241016,000000,104.96,105.4,104.3,105.16,495,0
ETCGLDRMAU.PL,D,20241017,000000,105.48,107.16,105.48,106.9,1296,0
ETCGLDRMAU.PL,D,20241018,000000,107.16,107.4,106,106.06,1762,0
ETCGLDRMAU.PL,D,20241021,000000,107.74,108.66,107.4,108.16,2267,0
ETCGLDRMAU.PL,D,20241022,000000,108.24,108.9,108.16,108.9,1068,0
ETCGLDRMAU.PL,D,20241023,000000,109.76,110.5,109.1,109.16,3291,0
ETCGLDRMAU.PL,D,20241024,000000,109.4,109.66,107.24,109.16,2164,0
ETCGLDRMAU.PL,D,20241025,000000,109,109.16,108.66,108.92,4355,0
ETCGLDRMAU.PL,D,20241028,000000,109.76,109.76,108.58,109.72,2614,0
ETCGLDRMAU.PL,D,20241029,000000,110.48,110.98,110.08,110.72,1350,0
ETCGLDRMAU.PL,D,20241030,000000,111.1,111.1,109.86,109.86,1499,0
ETCGLDRMAU.PL,D,20241031,000000,110.9,110.98,109.48,110.8,926,0
ETCGLDRMAU.PL,D,20241104,000000,109.86,109.86,107.8,108.6,2576,0
ETCGLDRMAU.PL,D,20241105,000000,108.6,108.6,108.1,108.5,492,0
ETCGLDRMAU.PL,D,20241106,000000,107.5,110.3,106.38,107.1,2764,0
ETCGLDRMAU.PL,D,20241107,000000,107.2,107.84,106.8,107.3,3206,0
ETCGLDRMAU.PL,D,20241108,000000,107.3,108.3,107.12,107.8,586,0
ETCGLDRMAU.PL,D,20241112,000000,106.56,106.56,104.42,106,6584,0
ETCGLDRMAU.PL,D,20241113,000000,106,106,105.74,106,464,0
ETCGLDRMAU.PL,D,20241114,000000,104.66,104.66,103.06,104.48,2319,0
ETCGLDRMAU.PL,D,20241115,000000,104.5,104.98,103.38,104.76,450,0
ETCGLDRMAU.PL,D,20241118,000000,105,106.36,105,106.36,2236,0
ETCGLDRMAU.PL,D,20241119,000000,106.36,110,106.36,108.9,7101,0
ETCGLDRMAU.PL,D,20241120,000000,106.94,108.68,106.94,108.68,837,0
ETCGLDRMAU.PL,D,20241121,000000,109.06,109.94,108.98,109.44,1516,0
ETCGLDRMAU.PL,D,20241122,000000,110.82,112.68,109.92,111.76,2918,0
ETCGLDRMAU.PL,D,20241125,000000,110.18,110.18,107,107.52,991,0
ETCGLDRMAU.PL,D,20241126,000000,107.28,107.68,106.94,107.18,820,0
ETCGLDRMAU.PL,D,20241127,000000,108.18,108.2,107.22,107.44,665,0
ETCGLDRMAU.PL,D,20241128,000000,107.02,107.94,106.28,107.3,842,0
ETCGLDRMAU.PL,D,20241129,000000,107.94,107.94,107.44,107.44,312,0
ETCGLDRMAU.PL,D,20241202,000000,107.18,107.18,106.02,107.16,623,0
ETCGLDRMAU.PL,D,20241203,000000,107.16,107.94,107,107,266,0
ETCGLDRMAU.PL,D,20241204,000000,107.44,107.78,106.76,107.44,382,0
ETCGLDRMAU.PL,D,20241205,000000,106.94,106.94,104.9,105.94,958,0
ETCGLDRMAU.PL,D,20241206,000000,105.94,106.16,105,106.16,600,0
ETCGLDRMAU.PL,D,20241209,000000,106.16,107.18,106.16,106.68,480,0
ETCGLDRMAU.PL,D,20241210,000000,107.18,108.68,107.18,108.44,454,0
ETCGLDRMAU.PL,D,20241211,000000,108.8,109,108,109,1071,0
ETCGLDRMAU.PL,D,20241212,000000,109,109.94,108.26,108.64,1132,0
ETCGLDRMAU.PL,D,20241213,000000,108.62,108.62,106.5,107.56,320,0
ETCGLDRMAU.PL,D,20241216,000000,107.02,107.68,106.52,106.72,560,0
ETCGLDRMAU.PL,D,20241217,000000,107.02,107.16,106,106,815,0
ETCGLDRMAU.PL,D,20241218,000000,106.92,106.94,106,106.94,300,0
ETCGLDRMAU.PL,D,20241219,000000,106.2,106.44,105,105.44,717,0
ETCGLDRMAU.PL,D,20241220,000000,105,107.2,105,107.18,384,0
ETCGLDRMAU.PL,D,20241223,000000,106.78,107.18,105.78,106.94,1503,0
ETCGLDRMAU.PL,D,20241227,000000,106.94,107.44,106.32,106.68,852,0
ETCGLDRMAU.PL,D,20241230,000000,106.54,108.98,105.8,108,1839,0
ETCGLDRMAU.PL,D,20250102,000000,107.8,109.5,107.5,109.2,2252,0
ETCGLDRMAU.PL,D,20250103,000000,109.68,109.88,109.18,109.52,3088,0
ETCGLDRMAU.PL,D,20250107,000000,107.54,108.68,106.8,108.18,2140,0
ETCGLDRMAU.PL,D,20250108,000000,109.06,110,108.18,110,988,0
ETCGLDRMAU.PL,D,20250109,000000,110,110.18,108.8,109.94,1036,0
ETCGLDRMAU.PL,D,20250110,000000,110.56,111.18,110.1,111.12,1018,0
ETCGLDRMAU.PL,D,20250113,000000,111.68,111.94,110.4,110.5,1917,0
ETCGLDRMAU.PL,D,20250114,000000,110.5,110.68,109.94,110.18,1849,0
ETCGLDRMAU.PL,D,20250115,000000,110.44,110.68,109.5,109.5,1578,0
ETCGLDRMAU.PL,D,20250116,000000,110.94,111.02,110.5,111.02,519,0
ETCGLDRMAU.PL,D,20250117,000000,111.02,111.02,110.82,111.02,690,0
ETCGLDRMAU.PL,D,20250120,000000,110,110.8,109.94,110.18,1494,0
ETCGLDRMAU.PL,D,20250121,000000,111.08,111.08,110.66,110.9,486,0
ETCGLDRMAU.PL,D,20250122,000000,111.2,111.5,110.9,110.9,446,0
ETCGLDRMAU.PL,D,20250123,000000,111.08,111.4,109.52,110.64,1002,0
ETCGLDRMAU.PL,D,20250124,000000,111.14,111.14,110.6,110.9,795,0
ETCGLDRMAU.PL,D,20250127,000000,110.56,110.56,109,109.64,721,0
ETCGLDRMAU.PL,D,20250128,000000,109.64,110.92,109.5,110.92,594,0
ETCGLDRMAU.PL,D,20250129,000000,110.66,111.5,110.66,110.66,3142,0
ETCGLDRMAU.PL,D,20250130,000000,110.92,111.14,110.6,111,388,0
ETCGLDRMAU.PL,D,20250131,000000,112.5,113,111,113,1337,0
ETCGLDRMAU.PL,D,20250203,000000,113.6,115.5,113.6,114.5,1239,0
ETCGLDRMAU.PL,D,20250204,000000,114.64,114.9,113.26,114.64,1082,0
ETCGLDRMAU.PL,D,20250205,000000,115.02,115.4,114.5,115.4,1201,0
ETCGLDRMAU.PL,D,20250206,000000,115.14,115.64,113.5,113.5,887,0
ETCGLDRMAU.PL,D,20250207,000000,113.54,115.5,113.54,115.5,856,0
ETCGLDRMAU.PL,D,20250210,000000,116,117.4,115.76,117,1463,0
ETCGLDRMAU.PL,D,20250211,000000,117.64,117.64,116,116.4,2074,0
ETCGLDRMAU.PL,D,20250212,000000,115.64,115.64,115,115.5,1548,0
ETCGLDRMAU.PL,D,20250213,000000,115.7,116.64,115.5,116.14,1362,0
ETCGLDRMAU.PL,D,20250214,000000,116.2,116.28,114.1,114.28,2719,0
ETCGLDRMAU.PL,D,20250217,000000,114.32,115,114.3,114.54,1012,0
ETCGLDRMAU.PL,D,20250218,000000,115.04,116.04,115,115.54,735,0
ETCGLDRMAU.PL,D,20250219,000000,115.92,117.5,115.54,116.58,3260,0
ETCGLDRMAU.PL,D,20250220,000000,117,118.1,115.8,116,2587,0
ETCGLDRMAU.PL,D,20250221,000000,115.82,116.08,115.1,115.32,4771,0
ETCGLDRMAU.PL,D,20250224,000000,115.82,116.32,114,115,3503,0
ETCGLDRMAU.PL,D,20250225,000000,115.48,115.58,113,113,1103,0
ETCGLDRMAU.PL,D,20250226,000000,114.32,114.58,113.06,114.32,994,0
ETCGLDRMAU.PL,D,20250227,000000,113.82,114,112.74,114,520,0
ETCGLDRMAU.PL,D,20250228,000000,113,114.08,112.1,112.82,1561,0
ETCGLDRMAU.PL,D,20250303,000000,114.32,114.58,113.18,113.82,1152,0
ETCGLDRMAU.PL,D,20250304,000000,114.08,115.58,114.08,115.34,2020,0
ETCGLDRMAU.PL,D,20250305,000000,113.58,113.58,111.92,112.42,4677,0
ETCGLDRMAU.PL,D,20250306,000000,111.92,112.18,110.28,111.92,2840,0
ETCGLDRMAU.PL,D,20250307,000000,112,112.18,111.06,111.42,1817,0
ETCGLDRMAU.PL,D,20250310,000000,112,112.18,111.04,111.04,1470,0
ETCGLDRMAU.PL,D,20250311,000000,111.06,111.74,111.06,111.66,623,0
ETCGLDRMAU.PL,D,20250312,000000,111.92,111.94,111.06,111.88,2457,0
ETCGLDRMAU.PL,D,20250313,000000,112,113.66,111.88,113.66,3636,0
ETCGLDRMAU.PL,D,20250314,000000,114,114.86,113,113,1789,0
ETCGLDRMAU.PL,D,20250317,000000,114.36,114.36,113,114.1,302,0
ETCGLDRMAU.PL,D,20250318,000000,114.1,115.48,113.68,114.98,5953,0
ETCGLDRMAU.PL,D,20250319,000000,115.18,115.88,114.66,115.5,648,0
ETCGLDRMAU.PL,D,20250320,000000,115.6,117.1,115.16,116.5,2283,0
ETCGLDRMAU.PL,D,20250321,000000,116.36,116.6,115.5,115.5,1019,0
ETCGLDRMAU.PL,D,20250324,000000,116.08,116.1,114.56,114.9,1200,0
ETCGLDRMAU.PL,D,20250325,000000,115.5,116.08,114.9,114.9,411,0
ETCGLDRMAU.PL,D,20250326,000000,115.2,115.98,115,115.98,762,0
ETCGLDRMAU.PL,D,20250327,000000,116.22,116.98,116.22,116.98,2573,0
ETCGLDRMAU.PL,D,20250328,000000,117.44,118.5,117.14,117.22,989,0
ETCGLDRMAU.PL,D,20250331,000000,118.38,120,118.2,119.76,1796,0
ETCGLDRMAU.PL,D,20250401,000000,120.5,121.1,120,120.36,2568,0
ETCGLDRMAU.PL,D,20250402,000000,120.06,120.36,118.18,119.4,1988,0
ETCGLDRMAU.PL,D,20250403,000000,118.36,118.36,115,117.26,2398,0
ETCGLDRMAU.PL,D,20250404,000000,117.8,120.06,116.82,117.36,4379,0
ETCGLDRMAU.PL,D,20250407,000000,116,118.58,110.72,115.12,3346,0
ETCGLDRMAU.PL,D,20250408,000000,116,117.58,116,116.6,665,0
ETCGLDRMAU.PL,D,20250409,000000,117,119.2,116.5,119.2,2625,0
ETCGLDRMAU.PL,D,20250410,000000,119.42,119.98,119.22,119.76,3015,0
ETCGLDRMAU.PL,D,20250411,000000,120,121.5,119.8,121.5,4680,0
ETCGLDRMAU.PL,D,20250414,000000,120.32,121.5,119.22,120.24,3529,0
ETCGLDRMAU.PL,D,20250415,000000,120.24,121.5,120.24,120.8,1264,0
ETCGLDRMAU.PL,D,20250416,000000,123,124.5,123,124.02,1914,0
ETCGLDRMAU.PL,D,20250417,000000,124.6,124.76,123,123,1796,0
ETCGLDRMAU.PL,D,20250422,000000,127.68,128.74,127,127.64,4633,0
ETCGLDRMAU.PL,D,20250423,000000,123.76,125,122,122.4,5603,0
ETCGLDRMAU.PL,D,20250424,000000,122.88,125,122.88,124.16,2381,0
ETCGLDRMAU.PL,D,20250425,000000,123.82,124,122,122.54,1620,0
ETCGLDRMAU.PL,D,20250428,000000,122.56,123.12,122.26,123,2212,0
ETCGLDRMAU.PL,D,20250429,000000,123.6,123.9,123,123.22,258,0
ETCGLDRMAU.PL,D,20250430,000000,122.5,123.4,122,123.38,2359,0
ETCGLDRMAU.PL,D,20250502,000000,122.54,122.54,121,121.18,1167,0
ETCGLDRMAU.PL,D,20250505,000000,121.42,124.4,121.2,124.14,777,0
ETCGLDRMAU.PL,D,20250506,000000,126.42,127.22,124.92,126.68,3669,0
ETCGLDRMAU.PL,D,20250507,000000,126.68,127,125.16,126.5,2602,0
ETCGLDRMAU.PL,D,20250508,000000,126.4,126.4,124.66,125.48,1047,0
ETCGLDRMAU.PL,D,20250509,000000,123.68,124.9,123.68,124.66,2204,0
ETCGLDRMAU.PL,D,20250512,000000,122.9,123.02,120.6,122.08,6360,0
ETCGLDRMAU.PL,D,20250513,000000,122.6,124,122.08,122.26,1260,0
ETCGLDRMAU.PL,D,20250514,000000,121.72,121.72,118.1,119.4,3579,0
ETCGLDRMAU.PL,D,20250515,000000,118.2,120.98,117.56,120.98,1126,0
ETCGLDRMAU.PL,D,20250516,000000,120.98,120.98,118.8,120,2067,0
ETCGLDRMAU.PL,D,20250519,000000,121.32,122,119.96,121,994,0
ETCGLDRMAU.PL,D,20250520,000000,120.48,123,120.2,123,1698,0
ETCGLDRMAU.PL,D,20250521,000000,123.16,123.5,121.7,122,583,0
ETCGLDRMAU.PL,D,20250522,000000,122.7,124.24,122.32,122.32,1715,0
ETCGLDRMAU.PL,D,20250523,000000,122.96,125,122.96,124.5,1244,0
ETCGLDRMAU.PL,D,20250526,000000,124.1,124.1,123.2,123.84,534,0
ETCGLDRMAU.PL,D,20250527,000000,122.84,123.2,122.02,122.44,1286,0
ETCGLDRMAU.PL,D,20250528,000000,123.2,123.56,122.08,122.26,575,0
ETCGLDRMAU.PL,D,20250529,000000,122,123,122,122.82,653,0
ETCGLDRMAU.PL,D,20250530,000000,122.54,123,121.8,121.8,746,0
ETCGLDRMAU.PL,D,20250602,000000,123.32,124.54,123.24,123.56,1332,0
ETCGLDRMAU.PL,D,20250603,000000,124.5,124.5,124,124.2,748,0
ETCGLDRMAU.PL,D,20250604,000000,125.32,125.32,124.08,125.04,1340,0
ETCGLDRMAU.PL,D,20250605,000000,125.1,125.9,124.32,124.5,702,0
ETCGLDRMAU.PL,D,20250606,000000,125.04,125.32,123.82,123.82,1800,0
ETCGLDRMAU.PL,D,20250609,000000,123.82,123.82,123,123.32,1659,0
ETCGLDRMAU.PL,D,20250610,000000,123.56,123.56,123.04,123.32,1898,0
ETCGLDRMAU.PL,D,20250611,000000,123.56,123.82,122.5,122.54,1153,0
ETCGLDRMAU.PL,D,20250612,000000,122.56,124,122.56,123.82,801,0
ETCGLDRMAU.PL,D,20250613,000000,125.42,127,124.34,126.56,2883,0
ETCGLDRMAU.PL,D,20250616,000000,125.86,125.86,123.34,124.3,2479,0
ETCGLDRMAU.PL,D,20250617,000000,124.5,124.82,124.04,124.32,2361,0
ETCGLDRMAU.PL,D,20250618,000000,124.32,125.06,124,124.8,646,0
ETCGLDRMAU.PL,D,20250620,000000,123.86,123.98,122.84,123.98,1327,0
ETCGLDRMAU.PL,D,20250623,000000,123.86,124.98,122.34,124.3,1111,0
ETCGLDRMAU.PL,D,20250624,000000,122.84,122.84,119.8,120.04,4156,0
ETCGLDRMAU.PL,D,20250625,000000,120.1,121.3,119.88,120.54,2803,0
ETCGLDRMAU.PL,D,20250626,000000,120.54,120.8,119.04,119.3,2061,0
ETCGLDRMAU.PL,D,20250627,000000,118.28,118.28,116.78,118,7407,0
ETCGLDRMAU.PL,D,20250630,000000,118.02,118.28,117,117.76,1443,0
ETCGLDRMAU.PL,D,20250701,000000,118.1,119.8,118.1,118.98,1585,0
ETCGLDRMAU.PL,D,20250702,000000,119,120,119,120,739,0
ETCGLDRMAU.PL,D,20250703,000000,120,120,119,119.04,978,0
ETCGLDRMAU.PL,D,20250704,000000,119.82,119.82,119,119,1050,0
ETCGLDRMAU.PL,D,20250707,000000,118.8,119.3,118,119.3,873,0
ETCGLDRMAU.PL,D,20250708,000000,119.6,119.8,118.32,118.5,1197,0
ETCGLDRMAU.PL,D,20250709,000000,118.28,118.94,118,118.94,498,0
ETCGLDRMAU.PL,D,20250710,000000,118.92,119.8,118.34,119.44,790,0
ETCGLDRMAU.PL,D,20250711,000000,119.8,121.24,119.7,121.1,1133,0
ETCGLDRMAU.PL,D,20250714,000000,121.3,121.98,120.5,120.52,1399,0
ETCGLDRMAU.PL,D,20250715,000000,120.5,121.46,120.34,120.82,1633,0
ETCGLDRMAU.PL,D,20250716,000000,121,121.48,120.38,121,508,0
ETCGLDRMAU.PL,D,20250717,000000,120.56,121.48,120.1,120.4,756,0
ETCGLDRMAU.PL,D,20250718,000000,121.24,121.44,120.36,121,913,0
ETCGLDRMAU.PL,D,20250721,000000,121,121.5,121,121.36,623,0
ETCGLDRMAU.PL,D,20250722,000000,121.98,122.5,121.08,122.5,1166,0
ETCGLDRMAU.PL,D,20250723,000000,122.5,122.72,122.06,122.06,1016,0
ETCGLDRMAU.PL,D,20250724,000000,121.48,121.48,120,120.62,5063,0
ETCGLDRMAU.PL,D,20250725,000000,120.74,120.74,119.74,119.74,1489,0
ETCGLDRMAU.PL,D,20250728,000000,120.24,121.24,119.06,120.24,2294,0
ETCGLDRMAU.PL,D,20250729,000000,120.56,121.5,120.56,121.5,941,0
ETCGLDRMAU.PL,D,20250730,000000,122.22,122.22,121.06,121.14,833,0
ETCGLDRMAU.PL,D,20250731,000000,122.12,122.12,121.08,121.9,978,0
ETCGLDRMAU.PL,D,20250801,000000,121.96,122.88,121.1,121.84,1684,0
ETCGLDRMAU.PL,D,20250804,000000,123,123.76,121.94,123.5,1255,0
ETCGLDRMAU.PL,D,20250805,000000,123.76,124.26,122.5,124.26,957,0
ETCGLDRMAU.PL,D,20250806,000000,123.76,123.76,121.82,123.26,1172,0
ETCGLDRMAU.PL,D,20250807,000000,123,123.26,121.32,122.9,1422,0
ETCGLDRMAU.PL,D,20250808,000000,122.9,123,122.08,122.26,708,0
ETCGLDRMAU.PL,D,20250811,000000,122.4,123.48,121,121.72,1236,0
ETCGLDRMAU.PL,D,20250812,000000,121.02,121.98,120.5,120.5,836,0
ETCGLDRMAU.PL,D,20250813,000000,120.5,121.48,120.3,120.98,921,0
ETCGLDRMAU.PL,D,20250814,000000,121.74,121.74,120.98,121,512,0
ETCGLDRMAU.PL,D,20250818,000000,121.2,121.24,120.2,120.2,716,0
ETCGLDRMAU.PL,D,20250819,000000,120.24,120.48,119.9,119.9,1103,0
ETCGLDRMAU.PL,D,20250820,000000,120.48,120.54,119.56,120.54,298,0
ETCGLDRMAU.PL,D,20250821,000000,120.96,120.96,120.48,120.96,196,0
ETCGLDRMAU.PL,D,20250822,000000,120.32,121.48,120.32,121.48,303,0
ETCGLDRMAU.PL,D,20250825,000000,121.74,121.74,121.2,121.46,266,0
ETCGLDRMAU.PL,D,20250826,000000,122.02,123,122.02,122.3,475,0
ETCGLDRMAU.PL,D,20250827,000000,121.82,123.16,121.82,123,1231,0
ETCGLDRMAU.PL,D,20250828,000000,123,123.6,122.34,123.4,456,0
ETCGLDRMAU.PL,D,20250829,000000,122.56,123.88,122.56,123.88,609,0
ETCGLDRMAU.PL,D,20250901,000000,124.54,125.26,123.82,125.26,2191,0
ETCGLDRMAU.PL,D,20250902,000000,125.76,127,125.5,126.5,3303,0
ETCGLDRMAU.PL,D,20250903,000000,127.2,129.02,127.08,128.78,3501,0
ETCGLDRMAU.PL,D,20250904,000000,128.66,128.66,127.06,128.52,1930,0
ETCGLDRMAU.PL,D,20250905,000000,128.52,129.02,127.66,129.02,1973,0
ETCGLDRMAU.PL,D,20250908,000000,129.52,131.5,129.02,131.5,1728,0
ETCGLDRMAU.PL,D,20250909,000000,130.52,131.28,130,130.7,2353,0
ETCGLDRMAU.PL,D,20250910,000000,131.46,132,131.1,131.52,3802,0
ETCGLDRMAU.PL,D,20250911,000000,131.52,131.92,129.82,130.98,3074,0
ETCGLDRMAU.PL,D,20250912,000000,131.02,131.52,130.98,131.28,2269,0
ETCGLDRMAU.PL,D,20250915,000000,133.2,133.2,129.56,131,2745,0
ETCGLDRMAU.PL,D,20250916,000000,131.02,132.02,130.4,131.28,1464,0
ETCGLDRMAU.PL,D,20250917,000000,131.02,131.02,129.32,131,1200,0
ETCGLDRMAU.PL,D,20250918,000000,130.28,130.52,129.98,130.5,1581,0
ETCGLDRMAU.PL,D,20250919,000000,131.02,131.52,131,131.5,1724,0
ETCGLDRMAU.PL,D,20250922,000000,133.66,133.8,132.6,133.54,2551,0
ETCGLDRMAU.PL,D,20250923,000000,133.12,135.46,133.12,134.96,2979,0
ETCGLDRMAU.PL,D,20250924,000000,135.2,135.6,135,135.22,2031,0
ETCGLDRMAU.PL,D,20250925,000000,134.9,135.22,134.16,134.96,2941,0
ETCGLDRMAU.PL,D,20250926,000000,135.44,136.62,135.2,136.62,2392,0
ETCGLDRMAU.PL,D,20250929,000000,137.7,138.82,137.22,138.82,6128,0
ETCGLDRMAU.PL,D,20250930,000000,138.6,138.6,136.68,138.38,4642,0
ETCGLDRMAU.PL,D,20251001,000000,138.6,139.72,138.38,138.7,4403,0
ETCGLDRMAU.PL,D,20251002,000000,138.98,139.74,138,138,4452,0
ETCGLDRMAU.PL,D,20251003,000000,138.74,139.46,138.4,139.24,1679,0
ETCGLDRMAU.PL,D,20251006,000000,140.42,142.72,140.42,142.24,5596,0
ETCGLDRMAU.PL,D,20251007,000000,142.74,143.98,142.24,143.98,3873,0
ETCGLDRMAU.PL,D,20251008,000000,145.16,147.04,145.16,146.84,7372,0
ETCGLDRMAU.PL,D,20251009,000000,146.9,147.34,146,146,7116,0
ETCGLDRMAU.PL,D,20251010,000000,145.28,145.84,142.56,145.48,4402,0
ETCGLDRMAU.PL,D,20251013,000000,146.28,149.36,146,149.2,7095,0
ETCGLDRMAU.PL,D,20251014,000000,149.9,160,149.3,150.5,13371,0
ETCGLDRMAU.PL,D,20251015,000000,152.6,152.96,151.5,152.46,8137,0
ETCGLDRMAU.PL,D,20251016,000000,152.9,153.7,152.8,153.7,5094,0
ETCGLDRMAU.PL,D,20251017,000000,157,157.22,142.32,153.72,18126,0
ETCGLDRMAU.PL,D,20251020,000000,152.96,155.02,151.54,155.02,12139,0
ETCGLDRMAU.PL,D,20251021,000000,156.48,156.48,147.5,148.6,10448,0
ETCGLDRMAU.PL,D,20251022,000000,148.6,150.46,144.1,145,16106,0
ETCGLDRMAU.PL,D,20251023,000000,147.12,149.7,147.12,149.7,4618,0
ETCGLDRMAU.PL,D,20251024,000000,147.94,149.46,146.24,149.4,7839,0
ETCGLDRMAU.PL,D,20251027,000000,147.4,147.4,142.26,142.8,6639,0
ETCGLDRMAU.PL,D,20251028,000000,140,141.64,136.74,141,15848,0
ETCGLDRMAU.PL,D,20251029,000000,143.04,145.66,143.04,144.16,4522,0
ETCGLDRMAU.PL,D,20251030,000000,143.46,144.7,142.06,144.7,3080,0
ETCGLDRMAU.PL,D,20251031,000000,145.8,147.16,145,146.44,2114,0
ETCGLDRMAU.PL,D,20251103,000000,147,147.66,145.8,146.9,3312,0
ETCGLDRMAU.PL,D,20251104,000000,146.4,147,143.28,144.04,3882,0
ETCGLDRMAU.PL,D,20251105,000000,146.16,146.48,144.36,145.26,2408,0
ETCGLDRMAU.PL,D,20251106,000000,146.1,147.24,145,145.74,1478,0
ETCGLDRMAU.PL,D,20251107,000000,146.48,147.22,144.5,144.98,1530,0
ETCGLDRMAU.PL,D,20251110,000000,148.26,149,147.3,148,2975,0
ETCGLDRMAU.PL,D,20251112,000000,149.26,151.2,148.36,151.2,7549,0
ETCGLDRMAU.PL,D,20251113,000000,152.74,153.3,151,151.34,4800,0
ETCGLDRMAU.PL,D,20251114,000000,151.24,151.24,145.2,146,5890,0
ETCGLDRMAU.PL,D,20251117,000000,147.6,147.6,146,147.58,1495,0
ETCGLDRMAU.PL,D,20251118,000000,145.68,147,145.36,146.98,4014,0
ETCGLDRMAU.PL,D,20251119,000000,148.36,149.84,147.5,148.6,1554,0
ETCGLDRMAU.PL,D,20251120,000000,147.84,149,146.52,148.6,1476,0
ETCGLDRMAU.PL,D,20251121,000000,147.08,149,146.5,149,1804,0
ETCGLDRMAU.PL,D,20251124,000000,148.2,149,146.6,149,857,0
ETCGLDRMAU.PL,D,20251125,000000,150,150.58,148.58,149.8,1567,0
ETCGLDRMAU.PL,D,20251126,000000,150,150.9,148.9,149.98,2854,0
ETCGLDRMAU.PL,D,20251127,000000,150.1,150.86,150,150.6,3464,0
ETCGLDRMAU.PL,D,20251128,000000,151.5,152.1,150.64,151.5,1028,0
ETCGLDRMAU.PL,D,20251201,000000,152,153.48,151.82,152.6,2521,0
ETCGLDRMAU.PL,D,20251202,000000,152.74,152.74,150.54,151.1,1960,0
ETCGLDRMAU.PL,D,20251203,000000,151.2,151.88,149.58,150.98,2642,0
ETCGLDRMAU.PL,D,20251204,000000,150.86,151,149.58,151,1466,0
ETCGLDRMAU.PL,D,20251205,000000,152.26,152.96,151.2,151.64,1867,0
ETCGLDRMAU.PL,D,20251208,000000,151.86,152.26,151,151.36,1951,0
ETCGLDRMAU.PL,D,20251209,000000,151.24,151.5,149.58,151.48,1780,0
ETCGLDRMAU.PL,D,20251210,000000,151.6,151.6,150.2,151.1,1044,0
ETCGLDRMAU.PL,D,20251211,000000,151.36,151.6,149.34,151,3484,0
ETCGLDRMAU.PL,D,20251212,000000,151,154,151,153.12,10845,0
ETCGLDRMAU.PL,D,20251215,000000,153.12,154.94,153.12,153.96,2194,0
ETCGLDRMAU.PL,D,20251216,000000,152.86,153.12,151,151.9,1817,0
ETCGLDRMAU.PL,D,20251217,000000,153.4,154,152.4,153.84,2850,0
ETCGLDRMAU.PL,D,20251218,000000,154,154.3,153.26,154,2993,0
ETCGLDRMAU.PL,D,20251219,000000,153.88,154.5,153.54,154.4,2868,0
ETCGLDRMAU.PL,D,20251222,000000,155.14,157,155.14,156.8,3951,0
ETCGLDRMAU.PL,D,20251223,000000,159,160,157.62,158.4,3471,0
ETCGLDRMAU.PL,D,20251229,000000,158.5,159.4,152.14,154.12,11371,0
ETCGLDRMAU.PL,D,20251230,000000,154.22,159,154.22,158,10546,0
ETCGLDRMAU.PL,D,20260102,000000,157,159.14,154.12,154.12,9885,0
ETCGLDRMAU.PL,D,20260105,000000,156.16,158.06,156.16,158,5011,0
ETCGLDRMAU.PL,D,20260107,000000,159.12,159.64,158,158.34,10990,0
ETCGLDRMAU.PL,D,20260108,000000,158.14,158.64,157,158,4322,0
ETCGLDRMAU.PL,D,20260109,000000,159.64,161.8,158.64,161.8,3870,0
ETCGLDRMAU.PL,D,20260112,000000,162.12,165.16,162,164.9,5562,0
ETCGLDRMAU.PL,D,20260113,000000,164.4,165.56,162.6,165.56,3428,0
ETCGLDRMAU.PL,D,20260114,000000,166.18,166.42,164.92,165.42,11606,0
ETCGLDRMAU.PL,D,20260115,000000,165.4,165.92,164,165.9,2350,0
ETCGLDRMAU.PL,D,20260116,000000,165.92,166.42,163.8,163.82,9089,0
ETCGLDRMAU.PL,D,20260119,000000,166.34,168.44,166.34,167.92,3247,0
ETCGLDRMAU.PL,D,20260120,000000,168.92,169.3,168,168.94,7023,0
ETCGLDRMAU.PL,D,20260121,000000,171.82,174.36,171.32,172.96,6925,0
ETCGLDRMAU.PL,D,20260122,000000,170.5,172.68,170.5,172.68,7815,0
ETCGLDRMAU.PL,D,20260123,000000,173.56,175.5,173.32,175.5,3677,0
