<TICKER>,<PER>,<DATE>,<TIME>,<OPEN>,<HIGH>,<LOW>,<CLOSE>,<VOL>,<OPENINT>
ETFBCASH.PL,D,20210607,000000,153.58,155.84,153.58,154.46,2455,0
ETFBCASH.PL,D,20210608,000000,154.64,154.86,153.68,153.78,4998,0
ETFBCASH.PL,D,20210609,000000,154.98,154.98,153.44,153.50,893,0
ETFBCASH.PL,D,20210610,000000,157,157,153,154,642,0
ETFBCASH.PL,D,20210611,000000,154.62,155.32,153.88,155.02,454,0
ETFBCASH.PL,D,20210614,000000,154.96,155.36,154.68,155.10,812,0
ETFBCASH.PL,D,20210615,000000,156.86,156.86,155.76,155.76,1628,0
ETFBCASH.PL,D,20210616,000000,156.00,156.00,153.90,153.90,537,0
ETFBCASH.PL,D,20210617,000000,153.82,153.82,151.70,151.70,1912,0
ETFBCASH.PL,D,20210618,000000,152.86,153.36,152.84,152.84,188,0
ETFBCASH.PL,D,20210621,000000,153.66,153.66,152.44,152.44,1942,0
ETFBCASH.PL,D,20210622,000000,153.00,153.16,152.52,152.90,156,0
ETFBCASH.PL,D,20210623,000000,153.22,153.5,152.9,153.5,87,0
ETFBCASH.PL,D,20210624,000000,153.86,155.84,153.86,155.84,272,0
ETFBCASH.PL,D,20210625,000000,156.54,157.62,156.08,157.50,4202,0
ETFBCASH.PL,D,20210628,000000,157.46,159.86,156.86,159.86,273,0
ETFBCASH.PL,D,20210629,000000,160.00,160.56,160.00,160.08,332,0
ETFBCASH.PL,D,20210630,000000,160.42,160.48,159.44,159.44,132,0
ETFBCASH.PL,D,20210701,000000,160.00,160.00,159.40,159.46,169,0
ETFBCASH.PL,D,20210702,000000,160.00,161.94,160.00,161.82,254,0
ETFBCASH.PL,D,20210705,000000,161.98,162.20,161.90,161.90,42,0
ETFBCASH.PL,D,20210706,000000,161.78,161.96,161.32,161.32,192,0
ETFBCASH.PL,D,20210707,000000,160.78,162.38,160.78,162.30,64,0
ETFBCASH.PL,D,20210708,000000,163.00,163.00,161.40,162.00,164,0
ETFBCASH.PL,D,20210709,000000,162.20,162.20,161.40,161.40,103,0
ETFBCASH.PL,D,20210712,000000,161.74,164.00,161.74,164.00,250,0
ETFBCASH.PL,D,20210713,000000,164.78,165.30,164.78,165.18,494,0
ETFBCASH.PL,D,20210714,000000,164.50,164.92,164.00,164.00,771,0
ETFBCASH.PL,D,20210715,000000,164.58,164.80,164.00,164.00,645,0
ETFBCASH.PL,D,20210716,000000,163.70,164.40,163.32,164.00,481,0
ETFBCASH.PL,D,20210719,000000,164.34,164.34,160.70,160.90,996,0
ETFBCASH.PL,D,20210720,000000,161.84,161.88,159.84,160.00,528,0
ETFBCASH.PL,D,20210721,000000,160.96,162.14,160.96,161.50,223,0
ETFBCASH.PL,D,20210722,000000,162.02,162.40,161.20,162.40,292,0
ETFBCASH.PL,D,20210723,000000,163.30,164.30,163.30,163.62,187,0
ETFBCASH.PL,D,20210726,000000,163.8,163.8,162.44,163.64,221,0
ETFBCASH.PL,D,20210727,000000,163.66,163.66,162.52,162.90,91,0
ETFBCASH.PL,D,20210728,000000,163.00,163.00,162.34,162.34,76,0
ETFBCASH.PL,D,20210729,000000,163.74,163.98,162.48,162.48,134,0
ETFBCASH.PL,D,20210730,000000,163.26,164.50,162.54,164.50,104,0
ETFBCASH.PL,D,20210802,000000,165.00,165.00,162.72,163.30,208,0
ETFBCASH.PL,D,20210803,000000,163.80,163.80,161.50,161.50,281,0
ETFBCASH.PL,D,20210804,000000,162.82,162.82,161.58,162.4,673,0
ETFBCASH.PL,D,20210805,000000,166.00,166.00,161.76,162.70,116,0
ETFBCASH.PL,D,20210806,000000,163.58,163.58,162.80,162.80,42,0
ETFBCASH.PL,D,20210809,000000,162.96,162.96,162.00,162.76,74,0
ETFBCASH.PL,D,20210810,000000,162.90,162.90,161.44,161.50,330,0
ETFBCASH.PL,D,20210811,000000,161.88,162.00,161.52,161.60,189,0
ETFBCASH.PL,D,20210812,000000,161.64,162.56,161.64,162.38,1129,0
ETFBCASH.PL,D,20210813,000000,162.40,162.68,161.64,161.64,281,0
ETFBCASH.PL,D,20210816,000000,161.96,162.14,160.20,160.20,373,0
ETFBCASH.PL,D,20210817,000000,161.50,162.08,161.00,162.00,188,0
ETFBCASH.PL,D,20210818,000000,162.00,162.20,161.10,161.50,236,0
ETFBCASH.PL,D,20210819,000000,161.40,161.40,159.98,160.50,116,0
ETFBCASH.PL,D,20210820,000000,161.20,161.56,161.00,161.56,88,0
ETFBCASH.PL,D,20210823,000000,161.98,161.98,160.42,160.84,78,0
ETFBCASH.PL,D,20210824,000000,161.20,161.20,160.20,160.70,1245,0
ETFBCASH.PL,D,20210825,000000,161.78,162.50,161.16,162.50,82,0
ETFBCASH.PL,D,20210826,000000,162.54,163.64,162.54,162.90,74,0
ETFBCASH.PL,D,20210827,000000,162.92,163.16,162.26,162.92,469,0
ETFBCASH.PL,D,20210830,000000,163.76,164.00,163.08,163.10,175,0
ETFBCASH.PL,D,20210831,000000,164.06,164.88,162.10,162.10,3343,0
ETFBCASH.PL,D,20210901,000000,162.86,164.42,162.86,164.42,32,0
ETFBCASH.PL,D,20210902,000000,165.04,166.26,165.00,166.18,221,0
ETFBCASH.PL,D,20210903,000000,165.22,165.22,163.52,163.52,485,0
ETFBCASH.PL,D,20210906,000000,165.66,165.66,165.00,165.48,272,0
ETFBCASH.PL,D,20210907,000000,166.02,166.20,164.70,165.40,184,0
ETFBCASH.PL,D,20210908,000000,164.84,164.84,162.50,162.50,2020,0
ETFBCASH.PL,D,20210909,000000,162.54,163.08,162.38,162.60,121,0
ETFBCASH.PL,D,20210910,000000,163.42,163.42,162.00,162.00,3234,0
ETFBCASH.PL,D,20210913,000000,163.24,163.98,163.16,163.94,58,0
ETFBCASH.PL,D,20210914,000000,163.96,164.58,163.50,163.74,126,0
ETFBCASH.PL,D,20210915,000000,164.34,165.78,164.34,165.50,111,0
ETFBCASH.PL,D,20210916,000000,165.36,166.00,165.36,166.00,189,0
ETFBCASH.PL,D,20210917,000000,165.96,166.28,164.80,165.00,507,0
ETFBCASH.PL,D,20210920,000000,163.62,163.62,160.76,161.00,452,0
ETFBCASH.PL,D,20210921,000000,161.00,162.08,161.00,161.78,124,0
ETFBCASH.PL,D,20210922,000000,162.00,162.98,161.32,162.92,76,0
ETFBCASH.PL,D,20210923,000000,163.20,164.84,163.20,163.50,172,0
ETFBCASH.PL,D,20210924,000000,163.82,163.82,162.66,162.66,156,0
ETFBCASH.PL,D,20210927,000000,162.14,162.14,160.40,160.50,355,0
ETFBCASH.PL,D,20210928,000000,162.00,162.76,162.00,162.46,132,0
ETFBCASH.PL,D,20210929,000000,163.00,163.00,162.24,162.24,377,0
ETFBCASH.PL,D,20210930,000000,163.42,163.42,163.00,163.00,12,0
ETFBCASH.PL,D,20211001,000000,160.40,163.00,160.40,162.50,281,0
ETFBCASH.PL,D,20211004,000000,162.68,162.68,161.98,162.60,1734,0
ETFBCASH.PL,D,20211005,000000,162.30,163.38,161.38,163.38,122,0
ETFBCASH.PL,D,20211006,000000,163.66,163.66,161.62,162.00,160,0
ETFBCASH.PL,D,20211007,000000,163.28,164.00,163.06,164.00,33,0
ETFBCASH.PL,D,20211008,000000,164.20,165.04,164.16,165.00,283,0
ETFBCASH.PL,D,20211011,000000,165.00,165.80,164.68,165.80,131,0
ETFBCASH.PL,D,20211012,000000,164.14,164.18,162.96,164.04,279,0
ETFBCASH.PL,D,20211013,000000,165.00,166.10,165.00,165.56,65,0
ETFBCASH.PL,D,20211014,000000,165.58,166.64,165.18,166.00,227,0
ETFBCASH.PL,D,20211015,000000,165.14,165.26,163.20,163.20,176,0
ETFBCASH.PL,D,20211018,000000,163.84,164.30,163.36,164.28,78,0
ETFBCASH.PL,D,20211019,000000,164.00,165.42,164.00,165.40,129,0
ETFBCASH.PL,D,20211020,000000,165.12,166.02,164.88,165.50,83,0
ETFBCASH.PL,D,20211021,000000,163.80,164.10,163.68,164.10,262,0
ETFBCASH.PL,D,20211022,000000,164.24,164.24,163.90,163.90,125,0
ETFBCASH.PL,D,20211025,000000,165.04,165.04,164.00,164.00,361,0
ETFBCASH.PL,D,20211026,000000,163.72,164.48,163.72,163.94,61,0
ETFBCASH.PL,D,20211027,000000,163.52,163.52,161.58,161.58,132,0
ETFBCASH.PL,D,20211028,000000,162.00,162.00,161.60,161.80,80,0
ETFBCASH.PL,D,20211029,000000,161.90,161.90,160.70,161.46,305,0
ETFBCASH.PL,D,20211102,000000,161.72,161.72,159.40,159.40,653,0
ETFBCASH.PL,D,20211103,000000,159.10,160.38,159.10,160.00,1597,0
ETFBCASH.PL,D,20211104,000000,160.00,161.58,159.64,161.58,446,0
ETFBCASH.PL,D,20211105,000000,161.98,162.50,161.08,161.26,418,0
ETFBCASH.PL,D,20211108,000000,162.38,162.38,160.16,160.50,653,0
ETFBCASH.PL,D,20211109,000000,160.10,161.34,160.00,161.34,90,0
ETFBCASH.PL,D,20211110,000000,161.20,161.20,159.90,159.90,145,0
ETFBCASH.PL,D,20211112,000000,160,161.74,160,161.74,17,0
ETFBCASH.PL,D,20211115,000000,161.28,162.78,160.90,160.92,938,0
ETFBCASH.PL,D,20211116,000000,162.00,162.22,161.90,161.90,202,0
ETFBCASH.PL,D,20211117,000000,162.60,163.34,161.44,161.44,190,0
ETFBCASH.PL,D,20211118,000000,161.86,162.38,160.86,161.38,442,0
ETFBCASH.PL,D,20211119,000000,161.80,162.00,161.30,161.60,211,0
ETFBCASH.PL,D,20211122,000000,162.92,163.54,161.70,163.48,427,0
ETFBCASH.PL,D,20211123,000000,163.44,164.00,161.58,164.00,1831,0
ETFBCASH.PL,D,20211124,000000,163.38,163.38,160.06,161.14,654,0
ETFBCASH.PL,D,20211125,000000,161.00,161.28,160.10,160.10,163,0
ETFBCASH.PL,D,20211126,000000,157.60,158.90,156.70,158.90,339,0
ETFBCASH.PL,D,20211129,000000,158.56,158.90,158.00,158.34,126,0
ETFBCASH.PL,D,20211130,000000,157.02,157.02,156.50,156.90,213,0
ETFBCASH.PL,D,20211201,000000,159.00,159.52,158.72,158.86,73,0
ETFBCASH.PL,D,20211202,000000,159.46,159.46,158.00,158.12,1304,0
ETFBCASH.PL,D,20211203,000000,158.00,158.00,156.32,156.50,1035,0
ETFBCASH.PL,D,20211206,000000,157.52,157.52,156.40,157.14,62,0
ETFBCASH.PL,D,20211207,000000,157.70,158.52,157.50,157.50,182,0
ETFBCASH.PL,D,20211208,000000,157.70,158.94,157.70,158.34,70,0
ETFBCASH.PL,D,20211209,000000,157.42,157.42,156.04,156.62,78,0
ETFBCASH.PL,D,20211210,000000,157.22,157.26,155.72,156.26,84,0
ETFBCASH.PL,D,20211213,000000,156.26,156.30,156.26,156.26,75,0
ETFBCASH.PL,D,20211214,000000,157.42,157.54,154.32,154.32,1134,0
ETFBCASH.PL,D,20211215,000000,154.84,155.10,154.64,154.86,302,0
ETFBCASH.PL,D,20211216,000000,155.54,157.40,155.54,157.40,581,0
ETFBCASH.PL,D,20211217,000000,156.64,156.64,154.52,154.52,35,0
ETFBCASH.PL,D,20211220,000000,154.32,155.60,154.20,155.50,82,0
ETFBCASH.PL,D,20211221,000000,155.24,156.02,155.24,155.9,32,0
ETFBCASH.PL,D,20211222,000000,156.72,157.64,156,156.9,98,0
ETFBCASH.PL,D,20211223,000000,157.48,158,157.48,157.84,112,0
ETFBCASH.PL,D,20211227,000000,158,158,156.54,157.4,405,0
ETFBCASH.PL,D,20211228,000000,157.66,158.2,157.34,157.84,1087,0
ETFBCASH.PL,D,20211229,000000,157.74,158.94,157.66,158.54,552,0
ETFBCASH.PL,D,20211230,000000,158.76,159.4,158.76,159.4,417,0
ETFBCASH.PL,D,20220103,000000,159.98,162.1,159.98,161.9,1286,0
ETFBCASH.PL,D,20220104,000000,163,163,161.1,161.3,422,0
ETFBCASH.PL,D,20220105,000000,161.7,162,161.3,161.3,147,0
ETFBCASH.PL,D,20220107,000000,161.68,161.68,160.66,160.66,202,0
ETFBCASH.PL,D,20220110,000000,160.5,160.64,160,160,1000,0
ETFBCASH.PL,D,20220111,000000,160.64,160.64,159.94,160.4,133,0
ETFBCASH.PL,D,20220112,000000,161.34,161.48,160,161.48,164,0
ETFBCASH.PL,D,20220113,000000,161.44,161.58,160.8,160.8,571,0
ETFBCASH.PL,D,20220114,000000,160.22,160.22,159.2,159.2,237,0
ETFBCASH.PL,D,20220117,000000,160.22,160.22,159.4,159.56,58,0
ETFBCASH.PL,D,20220118,000000,158.6,159.22,157.66,159.22,76,0
ETFBCASH.PL,D,20220119,000000,157.78,158.9,156.9,158.8,193,0
ETFBCASH.PL,D,20220120,000000,158.24,158.24,156.52,156.7,82,0
ETFBCASH.PL,D,20220121,000000,156.1,156.1,153,153.28,462,0
ETFBCASH.PL,D,20220124,000000,153.18,153.18,145.96,145.96,457,0
ETFBCASH.PL,D,20220125,000000,148.86,148.86,146.6,146.6,306,0
ETFBCASH.PL,D,20220126,000000,147.08,148.88,147.08,148.04,60,0
ETFBCASH.PL,D,20220127,000000,146.56,147.2,146.5,147.2,119,0
ETFBCASH.PL,D,20220128,000000,147.34,147.34,143.16,143.16,408,0
ETFBCASH.PL,D,20220131,000000,145.24,146.16,145.24,145.56,157,0
ETFBCASH.PL,D,20220201,000000,147.42,147.88,146,146,192,0
ETFBCASH.PL,D,20220202,000000,146.74,147.9,146.74,147.9,110,0
ETFBCASH.PL,D,20220203,000000,147.6,147.6,147.54,147.54,29,0
ETFBCASH.PL,D,20220204,000000,147.02,147.2,144.72,145,806,0
ETFBCASH.PL,D,20220207,000000,146.08,146.08,143.96,143.96,20,0
ETFBCASH.PL,D,20220208,000000,146,146.2,145.44,145.44,41,0
ETFBCASH.PL,D,20220209,000000,146.2,146.94,146.16,146.16,36,0
ETFBCASH.PL,D,20220210,000000,146,146,145,145,195,0
ETFBCASH.PL,D,20220211,000000,143.96,144.24,142.54,144.24,48,0
ETFBCASH.PL,D,20220214,000000,141.88,141.88,138.72,140.46,339,0
ETFBCASH.PL,D,20220215,000000,143.44,143.44,143.06,143.06,88,0
ETFBCASH.PL,D,20220216,000000,143.66,144.12,142.84,142.84,435,0
ETFBCASH.PL,D,20220217,000000,142.84,142.98,141,141,48,0
ETFBCASH.PL,D,20220218,000000,141.5,142.02,140.52,141,121,0
ETFBCASH.PL,D,20220221,000000,141,141,136.64,138,181,0
ETFBCASH.PL,D,20220222,000000,135.32,139.12,134.5,139.12,527,0
ETFBCASH.PL,D,20220223,000000,140.52,140.52,139,139,44,0
ETFBCASH.PL,D,20220224,000000,132.9,132.9,123,129,1348,0
ETFBCASH.PL,D,20220225,000000,131.72,134,129.5,134,329,0
ETFBCASH.PL,D,20220228,000000,134,135.48,133,135,226,0
ETFBCASH.PL,D,20220301,000000,136.54,136.9,132.8,132.8,257,0
ETFBCASH.PL,D,20220302,000000,132.9,133.72,130.88,133.72,265,0
ETFBCASH.PL,D,20220303,000000,133,133.04,132,132,70,0
ETFBCASH.PL,D,20220304,000000,132,132,130,130.1,176,0
ETFBCASH.PL,D,20220307,000000,128.32,129,126.72,129,164,0
ETFBCASH.PL,D,20220308,000000,129.2,129.4,126.4,126.56,649,0
ETFBCASH.PL,D,20220309,000000,129.46,131.04,129.46,130,254,0
ETFBCASH.PL,D,20220310,000000,132,132,130.54,130.66,228,0
ETFBCASH.PL,D,20220311,000000,132.72,135.3,132.72,135.3,182,0
ETFBCASH.PL,D,20220314,000000,135.48,135.48,133.2,133.2,214,0
ETFBCASH.PL,D,20220315,000000,132.2,134.44,131.2,134.44,513,0
ETFBCASH.PL,D,20220316,000000,134.44,136.22,134.44,136.12,243,0
ETFBCASH.PL,D,20220317,000000,137.42,137.86,136.26,137.2,363,0
ETFBCASH.PL,D,20220318,000000,138.82,138.96,137.2,137.2,140,0
ETFBCASH.PL,D,20220321,000000,138.34,139.6,138.34,138.94,102,0
ETFBCASH.PL,D,20220322,000000,139.5,139.98,139.44,139.44,166,0
ETFBCASH.PL,D,20220323,000000,140.3,140.9,139.98,140.32,296,0
ETFBCASH.PL,D,20220324,000000,141.26,141.42,140.32,140.8,185,0
ETFBCASH.PL,D,20220325,000000,141.68,142.66,140.6,141.5,237,0
ETFBCASH.PL,D,20220328,000000,141.98,142.2,140.7,140.7,270,0
ETFBCASH.PL,D,20220329,000000,141.1,141.1,140,140,216,0
ETFBCASH.PL,D,20220330,000000,140.1,141.1,140.1,141.1,27,0
ETFBCASH.PL,D,20220331,000000,141.9,141.9,140.28,140.38,203,0
ETFBCASH.PL,D,20220401,000000,141.14,141.14,140.02,140.74,255,0
ETFBCASH.PL,D,20220404,000000,142.16,142.16,140.74,140.76,71,0
ETFBCASH.PL,D,20220405,000000,142.58,142.68,140.7,141.92,415,0
ETFBCASH.PL,D,20220406,000000,141.16,141.16,139.46,140.16,97,0
ETFBCASH.PL,D,20220407,000000,140,140.36,140,140,29,0
ETFBCASH.PL,D,20220408,000000,139.76,139.76,138,138,72,0
ETFBCASH.PL,D,20220411,000000,138.08,139.36,137.82,139.3,250,0
ETFBCASH.PL,D,20220412,000000,139.1,139.1,138.02,138.02,50,0
ETFBCASH.PL,D,20220413,000000,138.12,138.12,136,136,79,0
ETFBCASH.PL,D,20220414,000000,135.6,136.06,135.56,135.56,85,0
ETFBCASH.PL,D,20220419,000000,136.5,136.5,133,133,85,0
ETFBCASH.PL,D,20220420,000000,135.42,135.6,133.42,133.42,31,0
ETFBCASH.PL,D,20220421,000000,133.6,133.6,130.56,131.82,75,0
ETFBCASH.PL,D,20220422,000000,130.9,130.9,128.18,128.18,76,0
ETFBCASH.PL,D,20220425,000000,128.52,128.52,126.76,127.9,62,0
ETFBCASH.PL,D,20220426,000000,127.6,127.6,126,126,344,0
ETFBCASH.PL,D,20220427,000000,125.96,125.96,123.78,124,110,0
ETFBCASH.PL,D,20220428,000000,126.54,126.54,125.94,125.94,98,0
ETFBCASH.PL,D,20220429,000000,125.98,125.98,125.26,125.26,242,0
ETFBCASH.PL,D,20220502,000000,124.9,124.9,123.7,123.7,136,0
ETFBCASH.PL,D,20220504,000000,124.58,125.02,124.28,125.02,24,0
ETFBCASH.PL,D,20220505,000000,126.48,126.48,123,123,54,0
ETFBCASH.PL,D,20220506,000000,121.72,121.72,119.26,119.26,180,0
ETFBCASH.PL,D,20220509,000000,120.5,121.44,118.8,119.3,162,0
ETFBCASH.PL,D,20220510,000000,120,121.06,119.4,120.64,74,0
ETFBCASH.PL,D,20220511,000000,120.24,120.5,119.14,120.48,42,0
ETFBCASH.PL,D,20220512,000000,118.8,118.8,116.42,118,273,0
ETFBCASH.PL,D,20220513,000000,119.12,119.14,117.76,119.04,131,0
ETFBCASH.PL,D,20220516,000000,120.28,120.42,119.2,119.2,116,0
ETFBCASH.PL,D,20220517,000000,119.2,121.16,119.2,119.92,114,0
ETFBCASH.PL,D,20220518,000000,120.76,120.76,118.2,118.2,503,0
ETFBCASH.PL,D,20220519,000000,117.34,117.34,117,117.08,66,0
ETFBCASH.PL,D,20220520,000000,118,118,118,118,13,0
ETFBCASH.PL,D,20220523,000000,118.24,118.24,118.24,118.24,3,0
ETFBCASH.PL,D,20220524,000000,118,118.88,117.9,117.9,62,0
ETFBCASH.PL,D,20220525,000000,117.4,117.4,116.98,117.14,33,0
ETFBCASH.PL,D,20220526,000000,116.4,117.28,116.4,117.28,51,0
ETFBCASH.PL,D,20220527,000000,117.16,117.16,116.48,116.58,44,0
ETFBCASH.PL,D,20220530,000000,117.52,117.92,117.5,117.5,54,0
ETFBCASH.PL,D,20220531,000000,117.92,118,117.32,117.32,173,0
ETFBCASH.PL,D,20220601,000000,119.68,119.68,117.9,119.6,229,0
ETFBCASH.PL,D,20220602,000000,118.44,118.9,117.2,118.1,122,0
ETFBCASH.PL,D,20220603,000000,119.08,119.08,116.9,116.9,270,0
ETFBCASH.PL,D,20220606,000000,117.74,118,117.74,118,66,0
ETFBCASH.PL,D,20220607,000000,117.38,117.38,117.14,117.14,22,0
ETFBCASH.PL,D,20220608,000000,117.64,117.64,114.8,114.8,76,0
ETFBCASH.PL,D,20220609,000000,115.36,115.36,114,114,21,0
ETFBCASH.PL,D,20220610,000000,112.8,112.8,112.8,112.8,5,0
ETFBCASH.PL,D,20220613,000000,110.72,110.72,107.76,109,57,0
ETFBCASH.PL,D,20220614,000000,107.98,107.98,107.62,107.62,773,0
ETFBCASH.PL,D,20220615,000000,107.74,107.8,107,107,14,0
ETFBCASH.PL,D,20220617,000000,107.56,108.34,107,107,41,0
ETFBCASH.PL,D,20220620,000000,107,108.34,107,108.04,53,0
ETFBCASH.PL,D,20220621,000000,109.44,109.44,109.44,109.44,20,0
ETFBCASH.PL,D,20220622,000000,110.44,110.44,109.14,109.14,10,0
ETFBCASH.PL,D,20220623,000000,110.3,111.44,110.3,111.44,50,0
ETFBCASH.PL,D,20220627,000000,113.54,113.54,113.54,113.54,2,0
ETFBCASH.PL,D,20220629,000000,113.3,114.62,113.3,114.62,70,0
ETFBCASH.PL,D,20220630,000000,114.62,114.96,114.62,114.96,23,0
ETFBCASH.PL,D,20220701,000000,114.76,115.78,114.22,115.6,39,0
ETFBCASH.PL,D,20220704,000000,115.6,115.6,115.6,115.6,50,0
ETFBCASH.PL,D,20220705,000000,116.34,116.34,111.72,114,169,0
ETFBCASH.PL,D,20220706,000000,114,114,114,114,60,0
ETFBCASH.PL,D,20220707,000000,115.72,117.74,115.72,117.56,37,0
ETFBCASH.PL,D,20220708,000000,118.26,118.64,117,117.42,143,0
ETFBCASH.PL,D,20220712,000000,117.38,117.38,116,116,106,0
ETFBCASH.PL,D,20220713,000000,115.82,115.82,114.3,114.92,43,0
ETFBCASH.PL,D,20220714,000000,113.58,113.58,113.04,113.04,46,0
ETFBCASH.PL,D,20220715,000000,113,113.7,113,113.7,23,0
ETFBCASH.PL,D,20220718,000000,114,114.5,113.18,113.18,68,0
ETFBCASH.PL,D,20220719,000000,113.18,113.84,113.18,113.6,41,0
ETFBCASH.PL,D,20220720,000000,114.3,114.48,113.98,114.48,17,0
ETFBCASH.PL,D,20220721,000000,115,115,113.46,113.46,98,0
ETFBCASH.PL,D,20220722,000000,115.18,116.4,115.18,116.4,89,0
ETFBCASH.PL,D,20220725,000000,116.2,116.2,114,114,202,0
ETFBCASH.PL,D,20220726,000000,114.16,114.16,112.18,112.18,33,0
ETFBCASH.PL,D,20220727,000000,113,113,112.02,112.2,23,0
ETFBCASH.PL,D,20220728,000000,113.86,113.86,112.46,112.46,381,0
ETFBCASH.PL,D,20220729,000000,112.66,114.2,112.66,114.2,32,0
ETFBCASH.PL,D,20220801,000000,115,115,114.8,114.86,450,0
ETFBCASH.PL,D,20220802,000000,115.26,116.86,115.26,116.86,957,0
ETFBCASH.PL,D,20220803,000000,116.86,116.86,116.86,116.86,4,0
ETFBCASH.PL,D,20220804,000000,118.38,118.5,117.94,118.5,83,0
ETFBCASH.PL,D,20220805,000000,119,119.64,118.2,118.2,179,0
ETFBCASH.PL,D,20220808,000000,119.28,119.28,117.28,118.7,324,0
ETFBCASH.PL,D,20220809,000000,120,120.34,118.46,118.8,112,0
ETFBCASH.PL,D,20220810,000000,118.7,119.38,118.16,119.38,80,0
ETFBCASH.PL,D,20220811,000000,120.5,121,120.2,121,253,0
ETFBCASH.PL,D,20220812,000000,121.4,121.82,121.34,121.34,184,0
ETFBCASH.PL,D,20220816,000000,122.7,123.82,122.56,123.3,221,0
ETFBCASH.PL,D,20220817,000000,123.4,123.4,121.26,121.68,380,0
ETFBCASH.PL,D,20220819,000000,122.22,122.22,121,121.38,72,0
ETFBCASH.PL,D,20220822,000000,120.3,120.3,117.7,118.6,122,0
ETFBCASH.PL,D,20220823,000000,118.26,118.26,117.24,117.74,188,0
ETFBCASH.PL,D,20220824,000000,116.84,117.78,115.5,115.5,113,0
ETFBCASH.PL,D,20220825,000000,116.68,116.94,116.68,116.94,63,0
ETFBCASH.PL,D,20220826,000000,117.32,117.58,116.08,116.08,62,0
ETFBCASH.PL,D,20220829,000000,116,116,113.26,115.14,216,0
ETFBCASH.PL,D,20220830,000000,114.1,115.82,114.1,114.6,11,0
ETFBCASH.PL,D,20220831,000000,114.94,114.94,114.24,114.64,412,0
ETFBCASH.PL,D,20220901,000000,114.14,114.14,112.1,112.18,206,0
ETFBCASH.PL,D,20220902,000000,113.76,113.76,112.5,113.64,72,0
ETFBCASH.PL,D,20220905,000000,114.04,114.04,113.1,113.1,64,0
ETFBCASH.PL,D,20220906,000000,114.4,114.4,112.48,112.64,41,0
ETFBCASH.PL,D,20220907,000000,112.3,113.32,112,113.32,151,0
ETFBCASH.PL,D,20220908,000000,113.16,113.16,113.16,113.16,4,0
ETFBCASH.PL,D,20220909,000000,115.5,117.3,115.5,117.28,98,0
ETFBCASH.PL,D,20220912,000000,117.18,117.2,115.52,117,129,0
ETFBCASH.PL,D,20220913,000000,117.86,117.86,115.52,115.52,147,0
ETFBCASH.PL,D,20220914,000000,114.26,116.76,114.26,116.76,14,0
ETFBCASH.PL,D,20220915,000000,117.26,117.82,116.72,117.82,55,0
ETFBCASH.PL,D,20220916,000000,116.52,116.52,115,115,177,0
ETFBCASH.PL,D,20220919,000000,120.16,120.16,114.66,114.66,20,0
ETFBCASH.PL,D,20220920,000000,115.2,115.2,114.62,114.62,265,0
ETFBCASH.PL,D,20220921,000000,114,114.12,113.26,114.12,52,0
ETFBCASH.PL,D,20220922,000000,114,115.96,114,115.96,55,0
ETFBCASH.PL,D,20220923,000000,115,115,115,115,86,0
ETFBCASH.PL,D,20220926,000000,113.62,114.32,112.5,112.5,75,0
ETFBCASH.PL,D,20220927,000000,113.14,114.8,113,114.42,596,0
ETFBCASH.PL,D,20220928,000000,112.5,113.18,112.5,113.18,52,0
ETFBCASH.PL,D,20220929,000000,114.62,114.62,111.22,111.56,26,0
ETFBCASH.PL,D,20220930,000000,111.78,111.78,110.78,111.4,60,0
ETFBCASH.PL,D,20221003,000000,112,112,109.72,110.1,50,0
ETFBCASH.PL,D,20221004,000000,115,115.78,115,115.22,143,0
ETFBCASH.PL,D,20221005,000000,117.38,117.38,116.52,116.72,255,0
ETFBCASH.PL,D,20221006,000000,116.42,116.58,115,115.7,160,0
ETFBCASH.PL,D,20221007,000000,115.68,115.68,115,115,415,0
ETFBCASH.PL,D,20221010,000000,115.28,115.3,113.84,115.1,218,0
ETFBCASH.PL,D,20221011,000000,114.22,115.2,113.86,114.54,153,0
ETFBCASH.PL,D,20221012,000000,115.54,115.54,113.6,113.6,347,0
ETFBCASH.PL,D,20221013,000000,114.38,114.76,111.9,112.28,307,0
ETFBCASH.PL,D,20221014,000000,114.44,114.44,113.1,113.5,129,0
ETFBCASH.PL,D,20221017,000000,114.36,114.36,113.78,113.78,103,0
ETFBCASH.PL,D,20221018,000000,114.38,116.02,114.38,115,139,0
ETFBCASH.PL,D,20221019,000000,115.66,115.66,114.22,114.22,27,0
ETFBCASH.PL,D,20221020,000000,114.28,114.38,113.56,113.56,69,0
ETFBCASH.PL,D,20221021,000000,114.88,114.88,114.4,114.4,17,0
ETFBCASH.PL,D,20221024,000000,114.88,115.4,114.88,115.4,49,0
ETFBCASH.PL,D,20221025,000000,115.2,116,115,115.96,48,0
ETFBCASH.PL,D,20221026,000000,116.46,116.52,115.72,116.46,341,0
ETFBCASH.PL,D,20221027,000000,115.2,116.68,115.2,116.68,42,0
ETFBCASH.PL,D,20221028,000000,116.14,117.7,115.7,117.7,568,0
ETFBCASH.PL,D,20221031,000000,118.48,119.02,118,119,103,0
ETFBCASH.PL,D,20221102,000000,119.5,120.8,119.5,120.8,238,0
ETFBCASH.PL,D,20221103,000000,120.96,120.96,118.9,118.9,26,0
ETFBCASH.PL,D,20221104,000000,121.14,122.84,121.14,122.84,87,0
ETFBCASH.PL,D,20221107,000000,123.82,124.06,121.84,121.84,86,0
ETFBCASH.PL,D,20221108,000000,122.72,122.94,121.7,122.72,109,0
ETFBCASH.PL,D,20221109,000000,123.72,123.72,122,122,140,0
ETFBCASH.PL,D,20221110,000000,122.66,123.42,121.72,123.22,54,0
ETFBCASH.PL,D,20221114,000000,124.4,125.7,124,124.22,230,0
ETFBCASH.PL,D,20221115,000000,125.56,125.6,124.22,125.6,231,0
ETFBCASH.PL,D,20221116,000000,124.7,124.7,123.06,124.28,70,0
ETFBCASH.PL,D,20221117,000000,122.92,122.92,120.86,120.86,142,0
ETFBCASH.PL,D,20221118,000000,121.62,124.62,121.62,124,48,0
ETFBCASH.PL,D,20221121,000000,123.22,123.22,120.84,120.84,277,0
ETFBCASH.PL,D,20221122,000000,123.18,124.56,122.92,123.7,28,0
ETFBCASH.PL,D,20221123,000000,123.34,124.86,123.34,124,338,0
ETFBCASH.PL,D,20221124,000000,123.1,125,123.1,124.92,25,0
ETFBCASH.PL,D,20221125,000000,124.92,126.38,124.92,126.36,160,0
ETFBCASH.PL,D,20221128,000000,125.4,126.32,124.3,125.38,100,0
ETFBCASH.PL,D,20221129,000000,125,125,123.78,123.84,42,0
ETFBCASH.PL,D,20221130,000000,125.2,125.2,124.58,124.58,21,0
ETFBCASH.PL,D,20221201,000000,125.2,125.52,123.86,124.18,319,0
ETFBCASH.PL,D,20221202,000000,125.6,125.92,125.6,125.92,56,0
ETFBCASH.PL,D,20221205,000000,126.12,127.52,126.12,127.16,318,0
ETFBCASH.PL,D,20221206,000000,126.34,126.34,125.6,125.6,46,0
ETFBCASH.PL,D,20221207,000000,125.6,125.6,124.98,124.98,102,0
ETFBCASH.PL,D,20221208,000000,125,125,124.72,124.72,13,0
ETFBCASH.PL,D,20221209,000000,124.26,125.6,124.26,125,60,0
ETFBCASH.PL,D,20221212,000000,125,126,125,126,112,0
ETFBCASH.PL,D,20221213,000000,127.18,128.36,126.18,127.62,75,0
ETFBCASH.PL,D,20221214,000000,127.6,128.48,127.4,128.48,26,0
ETFBCASH.PL,D,20221215,000000,126.48,126.48,125,125,102,0
ETFBCASH.PL,D,20221216,000000,124.04,124.14,122.8,123.2,130,0
ETFBCASH.PL,D,20221219,000000,123.26,124.46,122.64,122.64,344,0
ETFBCASH.PL,D,20221220,000000,122.96,122.96,122.14,122.14,32,0
ETFBCASH.PL,D,20221221,000000,122.32,124.04,122.32,123.64,1100,0
ETFBCASH.PL,D,20221222,000000,123.96,123.96,122.36,122.36,271,0
ETFBCASH.PL,D,20221223,000000,123.16,123.6,123.16,123.6,122,0
ETFBCASH.PL,D,20221227,000000,124.18,124.18,122.2,122.2,395,0
ETFBCASH.PL,D,20221228,000000,122.64,122.64,121.14,121.14,75,0
ETFBCASH.PL,D,20221229,000000,121.9,123.46,121.9,123,95,0
ETFBCASH.PL,D,20221230,000000,124.62,124.62,123.7,123.7,291,0
ETFBCASH.PL,D,20230102,000000,125.32,125.32,124.46,124.46,102,0
ETFBCASH.PL,D,20230103,000000,125.7,125.9,125.48,125.86,670,0
ETFBCASH.PL,D,20230104,000000,126.58,126.84,126,126.84,283,0
ETFBCASH.PL,D,20230105,000000,127.8,129.8,127.8,128.72,314,0
ETFBCASH.PL,D,20230109,000000,130.4,130.94,128.72,130.94,568,0
ETFBCASH.PL,D,20230110,000000,131,132.56,130,132.56,194,0
ETFBCASH.PL,D,20230111,000000,132.92,133.16,131.52,131.52,94,0
ETFBCASH.PL,D,20230112,000000,132.6,132.6,131.06,131.06,67,0
ETFBCASH.PL,D,20230113,000000,131.98,131.98,131,131.18,78,0
ETFBCASH.PL,D,20230116,000000,131.98,132.2,130.54,132.2,461,0
ETFBCASH.PL,D,20230117,000000,131.5,132.2,131.36,131.5,131,0
ETFBCASH.PL,D,20230118,000000,132,132,131.74,132,173,0
ETFBCASH.PL,D,20230119,000000,131.52,131.52,129.7,131.26,325,0
ETFBCASH.PL,D,20230120,000000,132.2,132.38,131.44,131.44,56,0
ETFBCASH.PL,D,20230123,000000,132.6,133.56,132.2,133.56,115,0
ETFBCASH.PL,D,20230124,000000,133.6,133.6,132.26,132.42,158,0
ETFBCASH.PL,D,20230125,000000,132.12,132.12,130.6,130.82,48,0
ETFBCASH.PL,D,20230126,000000,130.82,131.92,130.82,131.92,4,0
ETFBCASH.PL,D,20230127,000000,132,132.3,131.6,131.6,22,0
ETFBCASH.PL,D,20230130,000000,131.86,131.86,129.58,130,207,0
ETFBCASH.PL,D,20230131,000000,130,131.56,130,131.56,217,0
ETFBCASH.PL,D,20230201,000000,131,132.1,130.6,130.6,178,0
ETFBCASH.PL,D,20230202,000000,132.22,133.04,131.56,132.44,105,0
ETFBCASH.PL,D,20230203,000000,133.32,134,132.4,132.4,299,0
ETFBCASH.PL,D,20230206,000000,133.28,133.28,130.5,130.56,169,0
ETFBCASH.PL,D,20230207,000000,131,131.56,131,131.5,60,0
ETFBCASH.PL,D,20230208,000000,132.34,133.7,132.34,133.08,274,0
ETFBCASH.PL,D,20230209,000000,134.44,135.74,134.06,135.74,276,0
ETFBCASH.PL,D,20230210,000000,135.28,135.5,132.1,133.32,206,0
ETFBCASH.PL,D,20230213,000000,133.5,133.5,130.9,130.9,73,0
ETFBCASH.PL,D,20230214,000000,132.04,133.02,131.7,132.72,167,0
ETFBCASH.PL,D,20230215,000000,133.32,133.32,131.82,131.82,20,0
ETFBCASH.PL,D,20230216,000000,133.76,135.06,133.76,135.06,117,0
ETFBCASH.PL,D,20230217,000000,135.28,135.28,134.18,135.1,28,0
ETFBCASH.PL,D,20230220,000000,135,135.14,135,135.14,89,0
ETFBCASH.PL,D,20230221,000000,135.34,135.34,132.94,132.94,85,0
ETFBCASH.PL,D,20230222,000000,133.4,133.4,132,132.7,105,0
ETFBCASH.PL,D,20230223,000000,132.62,132.62,132.62,132.62,49,0
ETFBCASH.PL,D,20230224,000000,132.96,133.54,132.96,132.96,111,0
ETFBCASH.PL,D,20230227,000000,133.12,133.12,133.12,133.12,11,0
ETFBCASH.PL,D,20230228,000000,133.06,134.5,133,133.5,60,0
ETFBCASH.PL,D,20230301,000000,134.62,134.82,134.1,134.22,103,0
ETFBCASH.PL,D,20230302,000000,134,134,132.04,133.02,169,0
ETFBCASH.PL,D,20230303,000000,134.1,136.48,134,136.48,27,0
ETFBCASH.PL,D,20230306,000000,135.52,136.62,135.02,136.62,190,0
ETFBCASH.PL,D,20230307,000000,137.02,137.68,135.6,135.6,404,0
ETFBCASH.PL,D,20230308,000000,136.66,137.72,136.66,137,27,0
ETFBCASH.PL,D,20230309,000000,137.8,137.8,136.68,137.38,79,0
ETFBCASH.PL,D,20230310,000000,136.62,136.62,134.26,134.26,162,0
ETFBCASH.PL,D,20230313,000000,134.5,134.5,131.44,133.54,795,0
ETFBCASH.PL,D,20230314,000000,133.54,134.04,133.52,133.6,26,0
ETFBCASH.PL,D,20230315,000000,133.62,134.56,130.66,130.66,122,0
ETFBCASH.PL,D,20230316,000000,132.32,132.32,130.42,131.22,17,0
ETFBCASH.PL,D,20230317,000000,132.64,132.84,131.68,132.24,53,0
ETFBCASH.PL,D,20230320,000000,131.2,131.78,130.64,131.78,44,0
ETFBCASH.PL,D,20230321,000000,131.78,131.78,131,131,48,0
ETFBCASH.PL,D,20230322,000000,129.92,130.4,129.9,129.9,52,0
ETFBCASH.PL,D,20230323,000000,131,131,130.14,130.14,17,0
ETFBCASH.PL,D,20230324,000000,130.14,130.14,128.08,128.14,173,0
ETFBCASH.PL,D,20230327,000000,128.2,129,127.72,128.08,295,0
ETFBCASH.PL,D,20230328,000000,129.38,129.38,129,129,381,0
ETFBCASH.PL,D,20230329,000000,128.88,130.34,128.82,130,19,0
ETFBCASH.PL,D,20230330,000000,130,130.2,130,130.2,39,0
ETFBCASH.PL,D,20230331,000000,131,131,130.3,130.3,90,0
ETFBCASH.PL,D,20230403,000000,130.78,131,130.3,130.8,238,0
ETFBCASH.PL,D,20230404,000000,130.82,130.92,129.84,129.84,48,0
ETFBCASH.PL,D,20230405,000000,130.24,130.58,129.52,129.52,180,0
ETFBCASH.PL,D,20230406,000000,130.42,130.42,128.94,128.94,88,0
ETFBCASH.PL,D,20230411,000000,129.66,129.98,128.06,129.04,154,0
ETFBCASH.PL,D,20230412,000000,129.76,130.04,129,130.04,53,0
ETFBCASH.PL,D,20230413,000000,130.38,130.64,129.88,130.64,202,0
ETFBCASH.PL,D,20230414,000000,131,132.38,130.56,130.56,252,0
ETFBCASH.PL,D,20230417,000000,131.26,133.74,131.26,133.74,461,0
ETFBCASH.PL,D,20230418,000000,133.78,134.48,133.24,133.38,143,0
ETFBCASH.PL,D,20230419,000000,133.5,133.62,133.16,133.2,76,0
ETFBCASH.PL,D,20230420,000000,133.98,134.82,133.7,133.7,122,0
ETFBCASH.PL,D,20230421,000000,133.58,133.58,132.24,133.24,37,0
ETFBCASH.PL,D,20230424,000000,133,133,131.54,132.7,153,0
ETFBCASH.PL,D,20230425,000000,133.28,133.28,131.98,133.26,123,0
ETFBCASH.PL,D,20230426,000000,132.7,133.8,132.62,133.8,80,0
ETFBCASH.PL,D,20230427,000000,133.5,134.08,132.22,134.08,284,0
ETFBCASH.PL,D,20230428,000000,134.26,134.26,133.9,133.9,54,0
ETFBCASH.PL,D,20230502,000000,133.92,135,133.92,134.8,235,0
ETFBCASH.PL,D,20230504,000000,135.28,135.56,133.94,133.94,266,0
ETFBCASH.PL,D,20230505,000000,134.2,135.4,134.2,134.82,28,0
ETFBCASH.PL,D,20230508,000000,135,135.7,135,135,24,0
ETFBCASH.PL,D,20230509,000000,135.5,135.64,135.1,135.52,50,0
ETFBCASH.PL,D,20230510,000000,136.12,137.46,135.86,137.46,52,0
ETFBCASH.PL,D,20230511,000000,136.74,136.98,135.9,136.94,240,0
ETFBCASH.PL,D,20230512,000000,136.7,137.46,136.7,137.38,42,0
ETFBCASH.PL,D,20230515,000000,137.42,137.42,136.1,136.1,168,0
ETFBCASH.PL,D,20230516,000000,137.46,138.22,137.3,138.22,116,0
ETFBCASH.PL,D,20230517,000000,138.08,138.08,136.1,136.1,145,0
ETFBCASH.PL,D,20230518,000000,136.22,137.62,135.14,135.14,353,0
ETFBCASH.PL,D,20230519,000000,136.1,137.14,136.1,136.78,76,0
ETFBCASH.PL,D,20230522,000000,137.36,138.42,137.36,138.24,202,0
ETFBCASH.PL,D,20230523,000000,137.1,138.56,137.1,138.52,224,0
ETFBCASH.PL,D,20230524,000000,135.64,135.64,135.22,135.22,4,0
ETFBCASH.PL,D,20230525,000000,136,136,133.06,133.14,115,0
ETFBCASH.PL,D,20230526,000000,134.84,135.02,134.84,135.02,53,0
ETFBCASH.PL,D,20230529,000000,135.76,136.22,135.1,135.1,109,0
ETFBCASH.PL,D,20230530,000000,135.1,136.08,135.1,135.6,32,0
ETFBCASH.PL,D,20230531,000000,134.46,134.8,132.4,132.4,248,0
ETFBCASH.PL,D,20230601,000000,133.62,133.62,133.62,133.62,2,0
ETFBCASH.PL,D,20230602,000000,134.48,134.98,134.38,134.98,186,0
ETFBCASH.PL,D,20230605,000000,135.38,137.62,135.38,137.62,136,0
ETFBCASH.PL,D,20230606,000000,137.68,138.58,136.8,138.58,79,0
ETFBCASH.PL,D,20230607,000000,138.3,138.3,136.12,138,219,0
ETFBCASH.PL,D,20230609,000000,137.82,137.82,136.58,137,147,0
ETFBCASH.PL,D,20230612,000000,137.62,137.62,137,137.32,231,0
ETFBCASH.PL,D,20230613,000000,138.18,138.18,135.26,135.26,77,0
ETFBCASH.PL,D,20230614,000000,135.34,139.52,135.34,139.52,135,0
ETFBCASH.PL,D,20230615,000000,139.52,141.1,138.94,141.1,145,0
ETFBCASH.PL,D,20230616,000000,141.56,142.82,139.74,139.74,170,0
ETFBCASH.PL,D,20230619,000000,142.16,142.96,139.94,139.94,239,0
ETFBCASH.PL,D,20230620,000000,140.34,140.34,138.32,138.32,159,0
ETFBCASH.PL,D,20230621,000000,138.32,139.32,138,138.5,30,0
ETFBCASH.PL,D,20230622,000000,138.5,139,138.28,138.72,88,0
ETFBCASH.PL,D,20230623,000000,138.64,138.86,136.9,136.9,146,0
ETFBCASH.PL,D,20230626,000000,137,137,137,137,45,0
ETFBCASH.PL,D,20230627,000000,136.76,136.76,135.1,135.1,154,0
ETFBCASH.PL,D,20230628,000000,137.18,137.18,135.74,135.9,64,0
ETFBCASH.PL,D,20230629,000000,137.62,138.28,137.06,138.28,537,0
ETFBCASH.PL,D,20230630,000000,138.28,138.28,138.28,138.28,10,0
ETFBCASH.PL,D,20230703,000000,138.66,138.76,137.9,137.9,227,0
ETFBCASH.PL,D,20230704,000000,137.58,138.5,137.4,137.4,22,0
ETFBCASH.PL,D,20230705,000000,137,137.56,137,137,134,0
ETFBCASH.PL,D,20230706,000000,136.48,137,135.84,135.84,174,0
ETFBCASH.PL,D,20230707,000000,138.04,138.36,137.32,138.24,102,0
ETFBCASH.PL,D,20230710,000000,138.34,138.48,137.16,138.4,463,0
ETFBCASH.PL,D,20230711,000000,138.48,140.14,138.48,139.74,88,0
ETFBCASH.PL,D,20230712,000000,140.48,141.32,140.48,141.32,110,0
ETFBCASH.PL,D,20230713,000000,142.1,142.68,141.1,142.22,136,0
ETFBCASH.PL,D,20230714,000000,142.42,143.84,142.42,143.4,94,0
ETFBCASH.PL,D,20230717,000000,143.14,143.26,142,143,101,0
ETFBCASH.PL,D,20230718,000000,143.18,143.18,142.72,142.8,63,0
ETFBCASH.PL,D,20230719,000000,142.8,143.12,141.9,143.12,141,0
ETFBCASH.PL,D,20230720,000000,142.66,143.22,142,142.7,68,0
ETFBCASH.PL,D,20230721,000000,142.2,142.2,140.82,141.72,136,0
ETFBCASH.PL,D,20230724,000000,142.64,142.74,141.5,141.5,15,0
ETFBCASH.PL,D,20230725,000000,141.7,142.2,141,142.12,98,0
ETFBCASH.PL,D,20230726,000000,142.64,142.64,141.4,141.78,20,0
ETFBCASH.PL,D,20230727,000000,141.78,143.18,141.78,143.18,90,0
ETFBCASH.PL,D,20230728,000000,142.3,143.6,142.3,142.9,137,0
ETFBCASH.PL,D,20230731,000000,142.9,143.62,142.9,143.62,98,0
ETFBCASH.PL,D,20230801,000000,143.62,144.16,143,144.14,260,0
ETFBCASH.PL,D,20230802,000000,143.42,143.42,141.78,142.54,84,0
ETFBCASH.PL,D,20230803,000000,142.54,142.54,141,142,175,0
ETFBCASH.PL,D,20230804,000000,142.78,142.78,141,141.82,130,0
ETFBCASH.PL,D,20230807,000000,141.78,141.78,140.9,140.9,190,0
ETFBCASH.PL,D,20230808,000000,140.5,140.78,138.74,138.74,167,0
ETFBCASH.PL,D,20230809,000000,138.96,140.28,138.4,138.4,246,0
ETFBCASH.PL,D,20230810,000000,139.24,139.24,138.08,139,86,0
ETFBCASH.PL,D,20230811,000000,139,139.12,138,139.1,149,0
ETFBCASH.PL,D,20230814,000000,138,138.46,138,138.46,65,0
ETFBCASH.PL,D,20230816,000000,137.98,137.98,136.5,136.5,55,0
ETFBCASH.PL,D,20230817,000000,136.04,136.18,134.38,134.38,1076,0
ETFBCASH.PL,D,20230818,000000,134.48,137.06,129.06,134.38,90,0
ETFBCASH.PL,D,20230821,000000,136,136.54,136,136.54,27,0
ETFBCASH.PL,D,20230822,000000,136.54,137.38,136.5,136.5,61,0
ETFBCASH.PL,D,20230823,000000,136,136,134.58,134.6,63,0
ETFBCASH.PL,D,20230824,000000,137.34,137.34,135.88,135.88,56,0
ETFBCASH.PL,D,20230825,000000,135.08,135.2,135,135,54,0
ETFBCASH.PL,D,20230828,000000,134.5,134.5,134.38,134.38,3,0
ETFBCASH.PL,D,20230829,000000,135,135.22,134.7,134.98,43,0
ETFBCASH.PL,D,20230831,000000,135,136.08,135,136.04,77,0
ETFBCASH.PL,D,20230901,000000,136.06,136.28,135.24,136,391,0
ETFBCASH.PL,D,20230904,000000,137.08,138.24,136.82,136.82,41,0
ETFBCASH.PL,D,20230905,000000,137.38,138,136.82,136.82,648,0
ETFBCASH.PL,D,20230906,000000,137.04,137.54,135,137.54,181,0
ETFBCASH.PL,D,20230907,000000,137.1,137.1,135.98,136.1,87,0
ETFBCASH.PL,D,20230908,000000,137.22,137.38,136.16,137,128,0
ETFBCASH.PL,D,20230911,000000,137.68,137.68,136.48,137.18,58,0
ETFBCASH.PL,D,20230912,000000,137.6,137.6,136.1,136.1,155,0
ETFBCASH.PL,D,20230913,000000,136.5,136.66,136.5,136.66,17,0
ETFBCASH.PL,D,20230914,000000,137,137,136.5,136.5,98,0
ETFBCASH.PL,D,20230915,000000,137.24,137.86,137,137,569,0
ETFBCASH.PL,D,20230918,000000,138.64,138.84,137,137,94,0
ETFBCASH.PL,D,20230919,000000,136,136,134.92,134.92,239,0
ETFBCASH.PL,D,20230920,000000,136.08,137.52,136.08,137.22,78,0
ETFBCASH.PL,D,20230921,000000,137.44,137.5,135.78,135.78,46,0
ETFBCASH.PL,D,20230922,000000,135.12,135.52,135.12,135.52,62,0
ETFBCASH.PL,D,20230925,000000,136,136.5,135.44,135.44,43,0
ETFBCASH.PL,D,20230926,000000,134.64,134.64,132.36,132.36,140,0
ETFBCASH.PL,D,20230927,000000,132.66,133,131.44,131.44,397,0
ETFBCASH.PL,D,20230928,000000,131.72,131.72,129.5,129.5,88,0
ETFBCASH.PL,D,20230929,000000,130.12,132.14,130.12,130.88,192,0
ETFBCASH.PL,D,20231002,000000,131,131,129.06,129.06,107,0
ETFBCASH.PL,D,20231003,000000,129.84,130,129,129,125,0
ETFBCASH.PL,D,20231004,000000,129,130.56,129,129.62,139,0
ETFBCASH.PL,D,20231005,000000,130.28,130.92,128.42,128.42,52,0
ETFBCASH.PL,D,20231006,000000,128.42,128.42,126.86,127,126,0
ETFBCASH.PL,D,20231009,000000,127,127,126.76,126.76,46,0
ETFBCASH.PL,D,20231010,000000,128.6,129.32,127.7,129.32,102,0
ETFBCASH.PL,D,20231011,000000,129.52,129.72,128.28,128.28,196,0
ETFBCASH.PL,D,20231012,000000,128.84,128.94,126.46,126.46,46,0
ETFBCASH.PL,D,20231013,000000,126.92,127.44,126.1,126.74,142,0
ETFBCASH.PL,D,20231016,000000,127.22,127.22,125.2,126.2,188,0
ETFBCASH.PL,D,20231017,000000,127.92,128.24,127.04,128.02,198,0
ETFBCASH.PL,D,20231018,000000,128.64,129.2,127.1,127.1,278,0
ETFBCASH.PL,D,20231019,000000,127.76,127.92,127.76,127.92,11,0
ETFBCASH.PL,D,20231020,000000,125.84,126,125.28,126,215,0
ETFBCASH.PL,D,20231023,000000,126,126,124.6,125.54,149,0
ETFBCASH.PL,D,20231024,000000,126,126.3,124.84,124.84,39,0
ETFBCASH.PL,D,20231025,000000,127.06,127.06,126.74,126.74,69,0
ETFBCASH.PL,D,20231026,000000,125.9,126.62,125.2,126.62,32,0
ETFBCASH.PL,D,20231027,000000,126.64,126.64,125.06,125.06,100,0
ETFBCASH.PL,D,20231030,000000,125,126.18,124.86,124.9,714,0
ETFBCASH.PL,D,20231031,000000,125.16,126,125.16,125.7,51,0
ETFBCASH.PL,D,20231102,000000,127.3,127.4,126.4,127.4,40,0
ETFBCASH.PL,D,20231103,000000,127.14,128.06,127,128.06,224,0
ETFBCASH.PL,D,20231106,000000,129,129.88,128.1,128.1,536,0
ETFBCASH.PL,D,20231107,000000,128.14,128.7,127.3,127.3,200,0
ETFBCASH.PL,D,20231108,000000,127.68,128.16,127,127,106,0
ETFBCASH.PL,D,20231109,000000,127.52,127.52,126.46,126.46,206,0
ETFBCASH.PL,D,20231110,000000,126,126,124.6,124.6,276,0
ETFBCASH.PL,D,20231113,000000,124.5,125.48,123.8,123.8,172,0
ETFBCASH.PL,D,20231114,000000,123.2,126.22,123.2,126.22,179,0
ETFBCASH.PL,D,20231115,000000,128.1,128.74,127.1,128.24,159,0
ETFBCASH.PL,D,20231116,000000,128.24,128.24,126.74,127.34,42,0
ETFBCASH.PL,D,20231117,000000,127.34,127.34,126.74,126.74,1236,0
ETFBCASH.PL,D,20231120,000000,126.84,128,126.84,127.7,404,0
ETFBCASH.PL,D,20231121,000000,128.52,128.76,127.9,128.76,29,0
ETFBCASH.PL,D,20231122,000000,128.76,128.76,128.1,128.1,105,0
ETFBCASH.PL,D,20231123,000000,128.76,128.8,127.84,127.84,85,0
ETFBCASH.PL,D,20231124,000000,128,128,126.74,127.8,96,0
ETFBCASH.PL,D,20231127,000000,127.8,127.8,126.2,126.3,173,0
ETFBCASH.PL,D,20231128,000000,126.2,127.6,126.2,127.6,171,0
ETFBCASH.PL,D,20231129,000000,127.9,128.4,126.48,126.48,171,0
ETFBCASH.PL,D,20231130,000000,126.48,127.2,126.48,127.2,92,0
ETFBCASH.PL,D,20231201,000000,127.22,128,126.2,128,75,0
ETFBCASH.PL,D,20231204,000000,128,128.64,127.8,128.62,191,0
ETFBCASH.PL,D,20231205,000000,128.64,128.64,128.16,128.5,120,0
ETFBCASH.PL,D,20231206,000000,128.5,128.64,127.44,127.5,153,0
ETFBCASH.PL,D,20231207,000000,127,127.7,127,127.7,49,0
ETFBCASH.PL,D,20231208,000000,127.7,128.1,127.24,128.1,383,0
ETFBCASH.PL,D,20231211,000000,128.2,129.7,127.8,127.8,221,0
ETFBCASH.PL,D,20231212,000000,129.7,129.7,128.02,129.08,92,0
ETFBCASH.PL,D,20231213,000000,129.3,129.88,129.08,129.18,73,0
ETFBCASH.PL,D,20231214,000000,129.44,130.36,129.44,129.88,104,0
ETFBCASH.PL,D,20231215,000000,129.7,131,129.7,129.9,250,0
ETFBCASH.PL,D,20231218,000000,130.5,130.5,129.9,129.96,210,0
ETFBCASH.PL,D,20231219,000000,129.76,131.1,129.76,130.56,221,0
ETFBCASH.PL,D,20231220,000000,130.56,130.56,129.74,129.74,190,0
ETFBCASH.PL,D,20231221,000000,129.94,129.94,128.32,129.2,352,0
ETFBCASH.PL,D,20231222,000000,128.88,129.2,128.88,129.2,238,0
ETFBCASH.PL,D,20231227,000000,129.2,130.64,129.14,130.28,1484,0
ETFBCASH.PL,D,20231228,000000,130.5,130.5,129.2,130.3,119,0
ETFBCASH.PL,D,20231229,000000,130.3,130.7,128,128,184,0
ETFBCASH.PL,D,20240102,000000,128,128.46,128,128.14,398,0
ETFBCASH.PL,D,20240103,000000,128.1,128.24,127.82,128.16,1044,0
ETFBCASH.PL,D,20240104,000000,128.26,128.3,127.96,128.26,907,0
ETFBCASH.PL,D,20240105,000000,128.36,128.36,127.98,128.34,1788,0
ETFBCASH.PL,D,20240108,000000,128.26,128.34,128.08,128.2,620,0
ETFBCASH.PL,D,20240109,000000,128.3,128.64,128.2,128.6,929,0
ETFBCASH.PL,D,20240110,000000,128.68,128.68,128.58,128.58,1011,0
ETFBCASH.PL,D,20240111,000000,128.66,128.68,128.4,128.5,736,0
ETFBCASH.PL,D,20240112,000000,128.46,128.64,128.46,128.6,566,0
ETFBCASH.PL,D,20240115,000000,128.58,128.9,128.4,128.4,772,0
ETFBCASH.PL,D,20240116,000000,128.42,128.6,128.38,128.44,1034,0
ETFBCASH.PL,D,20240117,000000,128.5,128.84,128.5,128.8,1619,0
ETFBCASH.PL,D,20240118,000000,128.8,128.92,128.62,128.88,368,0
ETFBCASH.PL,D,20240119,000000,128.9,128.9,128.7,128.86,621,0
ETFBCASH.PL,D,20240122,000000,128.72,128.9,128.66,128.74,1154,0
ETFBCASH.PL,D,20240123,000000,128.82,128.9,128.74,128.9,718,0
ETFBCASH.PL,D,20240124,000000,128.9,129.1,128.9,129.1,561,0
ETFBCASH.PL,D,20240125,000000,129,129.14,129,129.1,985,0
ETFBCASH.PL,D,20240126,000000,129,129.16,128.9,129.02,457,0
ETFBCASH.PL,D,20240129,000000,129.2,129.56,129.18,129.3,823,0
ETFBCASH.PL,D,20240130,000000,129.34,129.66,129.1,129.12,989,0
ETFBCASH.PL,D,20240131,000000,129.2,129.2,129.1,129.16,270,0
ETFBCASH.PL,D,20240201,000000,129.26,129.44,129.26,129.4,761,0
ETFBCASH.PL,D,20240202,000000,129.44,129.5,129.16,129.4,1726,0
ETFBCASH.PL,D,20240205,000000,129.52,129.52,129.26,129.3,1718,0
ETFBCASH.PL,D,20240206,000000,129.44,129.6,129.3,129.48,173,0
ETFBCASH.PL,D,20240207,000000,129.6,129.6,129.5,129.52,408,0
ETFBCASH.PL,D,20240208,000000,129.5,129.8,129.46,129.72,910,0
ETFBCASH.PL,D,20240209,000000,129.72,129.8,129.62,129.62,898,0
ETFBCASH.PL,D,20240212,000000,129.7,129.78,129.64,129.66,1345,0
ETFBCASH.PL,D,20240213,000000,129.76,129.82,129.6,129.82,173,0
ETFBCASH.PL,D,20240214,000000,129.82,129.88,129.62,129.62,1231,0
ETFBCASH.PL,D,20240215,000000,129.72,129.96,129.66,129.96,219,0
ETFBCASH.PL,D,20240216,000000,129.96,130,129.84,129.86,618,0
ETFBCASH.PL,D,20240219,000000,129.86,129.98,129.86,129.92,389,0
ETFBCASH.PL,D,20240220,000000,129.92,130.04,129.86,129.9,664,0
ETFBCASH.PL,D,20240221,000000,129.9,130.08,129.88,129.9,355,0
ETFBCASH.PL,D,20240222,000000,130.1,130.14,129.86,130.14,1165,0
ETFBCASH.PL,D,20240223,000000,130.14,130.24,129.98,130.12,241,0
ETFBCASH.PL,D,20240226,000000,130.08,130.36,130.04,130.22,1307,0
ETFBCASH.PL,D,20240227,000000,130.2,130.34,130.14,130.2,629,0
ETFBCASH.PL,D,20240228,000000,130.32,130.38,130.2,130.26,1802,0
ETFBCASH.PL,D,20240229,000000,130.2,130.48,130.2,130.32,919,0
ETFBCASH.PL,D,20240301,000000,130.4,130.46,130.32,130.34,865,0
ETFBCASH.PL,D,20240304,000000,130.36,130.58,130.36,130.48,4993,0
ETFBCASH.PL,D,20240305,000000,130.58,130.6,130.48,130.5,460,0
ETFBCASH.PL,D,20240306,000000,130.78,130.78,130.44,130.52,3392,0
ETFBCASH.PL,D,20240307,000000,130.64,130.64,130.42,130.42,593,0
ETFBCASH.PL,D,20240308,000000,130.6,130.82,130.6,130.6,1614,0
ETFBCASH.PL,D,20240311,000000,130.7,130.72,130.4,130.48,4555,0
ETFBCASH.PL,D,20240312,000000,130.48,130.66,130.3,130.62,708,0
ETFBCASH.PL,D,20240313,000000,130.54,130.68,130.52,130.52,599,0
ETFBCASH.PL,D,20240314,000000,130.52,131,130.52,130.6,325,0
ETFBCASH.PL,D,20240315,000000,130.54,130.64,130.34,130.34,674,0
ETFBCASH.PL,D,20240318,000000,130.34,130.64,130.28,130.44,915,0
ETFBCASH.PL,D,20240319,000000,130.6,130.62,130.3,130.58,727,0
ETFBCASH.PL,D,20240320,000000,130.62,130.62,130.26,130.62,867,0
ETFBCASH.PL,D,20240321,000000,130.62,130.82,130.5,130.7,702,0
ETFBCASH.PL,D,20240322,000000,130.6,130.82,130.52,130.78,1438,0
ETFBCASH.PL,D,20240325,000000,130.8,130.9,130.54,130.86,884,0
ETFBCASH.PL,D,20240326,000000,130.86,130.86,130.6,130.64,197,0
ETFBCASH.PL,D,20240327,000000,130.8,130.98,130.62,130.9,237,0
ETFBCASH.PL,D,20240328,000000,131.14,131.14,130.94,130.96,884,0
ETFBCASH.PL,D,20240402,000000,130.96,131.14,130.72,131,556,0
ETFBCASH.PL,D,20240403,000000,131,131.26,130.88,131.26,622,0
ETFBCASH.PL,D,20240404,000000,131.26,131.3,131.2,131.2,477,0
ETFBCASH.PL,D,20240405,000000,131.3,131.32,131.1,131.1,4293,0
ETFBCASH.PL,D,20240408,000000,131.1,131.18,131.02,131.12,1292,0
ETFBCASH.PL,D,20240409,000000,131.12,131.2,130.92,131.06,1589,0
ETFBCASH.PL,D,20240410,000000,131.1,131.34,130.82,131.1,1024,0
ETFBCASH.PL,D,20240411,000000,131.1,131.28,131,131.2,883,0
ETFBCASH.PL,D,20240412,000000,131.24,131.3,130.92,131.1,2713,0
ETFBCASH.PL,D,20240415,000000,131.22,131.28,131.2,131.2,1190,0
ETFBCASH.PL,D,20240416,000000,131.38,131.38,130.78,131.16,270,0
ETFBCASH.PL,D,20240417,000000,131.2,131.24,131.2,131.2,404,0
ETFBCASH.PL,D,20240418,000000,131.24,131.24,131.1,131.24,967,0
ETFBCASH.PL,D,20240419,000000,131.24,131.26,131.2,131.2,829,0
ETFBCASH.PL,D,20240422,000000,131.18,131.26,131.16,131.22,1527,0
ETFBCASH.PL,D,20240423,000000,131.2,131.24,131.14,131.24,665,0
ETFBCASH.PL,D,20240424,000000,131.24,131.26,131.16,131.24,1911,0
ETFBCASH.PL,D,20240425,000000,131.24,131.32,131.2,131.32,593,0
ETFBCASH.PL,D,20240426,000000,131.4,131.54,131.26,131.36,579,0
ETFBCASH.PL,D,20240429,000000,131.38,131.46,131.36,131.4,1203,0
ETFBCASH.PL,D,20240430,000000,131.4,131.64,131.4,131.44,1184,0
ETFBCASH.PL,D,20240502,000000,131.44,131.58,131.4,131.5,247,0
ETFBCASH.PL,D,20240506,000000,131.62,131.72,131.5,131.6,3597,0
ETFBCASH.PL,D,20240507,000000,131.7,131.76,131.6,131.62,1114,0
ETFBCASH.PL,D,20240508,000000,131.76,131.8,131.56,131.6,1983,0
ETFBCASH.PL,D,20240509,000000,131.6,131.78,131.6,131.6,867,0
ETFBCASH.PL,D,20240510,000000,131.8,131.8,131.56,131.56,847,0
ETFBCASH.PL,D,20240513,000000,131.74,131.74,131.48,131.6,708,0
ETFBCASH.PL,D,20240514,000000,131.74,131.74,131.6,131.6,770,0
ETFBCASH.PL,D,20240515,000000,131.6,131.82,131.48,131.7,1274,0
ETFBCASH.PL,D,20240516,000000,131.6,131.9,131.54,131.6,1541,0
ETFBCASH.PL,D,20240517,000000,131.8,131.82,131.7,131.7,810,0
ETFBCASH.PL,D,20240520,000000,131.6,131.74,131.5,131.72,1267,0
ETFBCASH.PL,D,20240521,000000,129.72,131.72,129.72,131.6,6708,0
ETFBCASH.PL,D,20240522,000000,131.72,131.72,131.5,131.64,242,0
ETFBCASH.PL,D,20240523,000000,131.64,131.64,131.5,131.62,2241,0
ETFBCASH.PL,D,20240524,000000,131.62,131.64,131.42,131.5,329,0
ETFBCASH.PL,D,20240527,000000,131.6,131.64,131.5,131.6,419,0
ETFBCASH.PL,D,20240528,000000,131.5,131.74,131.5,131.72,815,0
ETFBCASH.PL,D,20240529,000000,131.74,131.8,131.6,131.8,635,0
ETFBCASH.PL,D,20240531,000000,131.8,131.88,131.62,131.78,367,0
ETFBCASH.PL,D,20240603,000000,131.78,131.9,131.6,131.9,5255,0
ETFBCASH.PL,D,20240604,000000,132,132.1,131.9,131.98,678,0
ETFBCASH.PL,D,20240605,000000,132.04,132.16,131.98,132,386,0
ETFBCASH.PL,D,20240606,000000,132.26,132.28,132.04,132.1,1243,0
ETFBCASH.PL,D,20240607,000000,132.12,132.28,131.86,131.86,3077,0
ETFBCASH.PL,D,20240610,000000,132.16,132.16,131.84,132.14,8069,0
ETFBCASH.PL,D,20240611,000000,132.16,132.22,132,132.1,546,0
ETFBCASH.PL,D,20240612,000000,132.1,132.2,131.9,132.12,851,0
ETFBCASH.PL,D,20240613,000000,132.2,132.32,131.96,132.28,576,0
ETFBCASH.PL,D,20240614,000000,132.28,132.5,132.06,132.5,870,0
ETFBCASH.PL,D,20240617,000000,132.26,132.32,132.02,132.08,446,0
ETFBCASH.PL,D,20240618,000000,132.22,132.26,132.1,132.14,512,0
ETFBCASH.PL,D,20240619,000000,132.26,132.36,131.98,132.36,1062,0
ETFBCASH.PL,D,20240620,000000,132.02,132.38,132.02,132.14,252,0
ETFBCASH.PL,D,20240621,000000,132.28,132.28,132.18,132.18,95,0
ETFBCASH.PL,D,20240624,000000,132.26,132.3,132.2,132.26,263,0
ETFBCASH.PL,D,20240625,000000,132.3,132.34,132.24,132.24,1063,0
ETFBCASH.PL,D,20240626,000000,132.24,132.4,132.2,132.3,1355,0
ETFBCASH.PL,D,20240627,000000,132.42,132.46,132.2,132.3,629,0
ETFBCASH.PL,D,20240628,000000,132.3,132.4,132.2,132.24,1010,0
ETFBCASH.PL,D,20240701,000000,132.28,132.44,132.2,132.24,531,0
ETFBCASH.PL,D,20240702,000000,132.24,132.46,132.18,132.4,1350,0
ETFBCASH.PL,D,20240703,000000,132.4,132.68,132.28,132.5,2103,0
ETFBCASH.PL,D,20240704,000000,132.7,132.7,132.5,132.6,535,0
ETFBCASH.PL,D,20240705,000000,132.72,132.8,132.54,132.66,968,0
ETFBCASH.PL,D,20240708,000000,132.82,132.82,132.56,132.56,1275,0
ETFBCASH.PL,D,20240709,000000,132.78,132.88,132.5,132.56,1948,0
ETFBCASH.PL,D,20240710,000000,132.86,132.92,132.64,132.8,527,0
ETFBCASH.PL,D,20240711,000000,132.96,133,132.8,132.82,2227,0
ETFBCASH.PL,D,20240712,000000,132.82,133.04,132.8,132.84,280,0
ETFBCASH.PL,D,20240715,000000,133,133,132.84,132.9,157,0
ETFBCASH.PL,D,20240716,000000,132.9,133.1,132.76,132.94,1352,0
ETFBCASH.PL,D,20240717,000000,133,133.12,132.78,132.84,1058,0
ETFBCASH.PL,D,20240718,000000,133,133.04,132.84,132.86,825,0
ETFBCASH.PL,D,20240719,000000,133,133,132.82,132.92,303,0
ETFBCASH.PL,D,20240722,000000,133.08,133.08,132.8,132.9,1926,0
ETFBCASH.PL,D,20240723,000000,133,133,132.84,132.92,263,0
ETFBCASH.PL,D,20240724,000000,132.98,133.2,132.88,133.04,2458,0
ETFBCASH.PL,D,20240725,000000,133.24,133.24,132.84,132.98,292,0
ETFBCASH.PL,D,20240726,000000,133.18,133.22,132.96,133.2,215,0
ETFBCASH.PL,D,20240729,000000,133,133.22,132.9,133.02,1084,0
ETFBCASH.PL,D,20240730,000000,133.24,133.26,133,133.02,196,0
ETFBCASH.PL,D,20240731,000000,133.18,133.18,133.04,133.18,150,0
ETFBCASH.PL,D,20240801,000000,133.28,133.4,133.2,133.22,732,0
ETFBCASH.PL,D,20240802,000000,133.22,133.42,133.22,133.26,1081,0
ETFBCASH.PL,D,20240805,000000,133.26,133.42,133.04,133.22,1452,0
ETFBCASH.PL,D,20240806,000000,133.08,133.36,133.08,133.36,1114,0
ETFBCASH.PL,D,20240807,000000,133.34,133.5,133.22,133.3,4670,0
ETFBCASH.PL,D,20240808,000000,133.38,133.5,133.2,133.36,653,0
ETFBCASH.PL,D,20240809,000000,133.4,133.52,133.32,133.32,320,0
ETFBCASH.PL,D,20240812,000000,133.32,133.4,133.18,133.4,2068,0
ETFBCASH.PL,D,20240813,000000,133.48,133.58,133.26,133.36,804,0
ETFBCASH.PL,D,20240814,000000,133.6,133.66,133.46,133.46,346,0
ETFBCASH.PL,D,20240816,000000,133.4,133.68,133.36,133.5,909,0
ETFBCASH.PL,D,20240819,000000,133.42,133.56,133.28,133.5,360,0
ETFBCASH.PL,D,20240820,000000,133.34,133.56,133.34,133.56,515,0
ETFBCASH.PL,D,20240821,000000,133.56,133.6,133.46,133.6,401,0
ETFBCASH.PL,D,20240822,000000,133.5,133.7,133.5,133.7,882,0
ETFBCASH.PL,D,20240823,000000,133.7,133.72,133.58,133.72,780,0
ETFBCASH.PL,D,20240826,000000,133.72,133.76,133.58,133.7,684,0
ETFBCASH.PL,D,20240827,000000,133.66,134,133.64,133.84,547,0
ETFBCASH.PL,D,20240828,000000,133.92,134,133.72,133.86,484,0
ETFBCASH.PL,D,20240829,000000,133.98,133.98,133.6,133.78,3322,0
ETFBCASH.PL,D,20240830,000000,133.78,133.78,133.54,133.66,1539,0
ETFBCASH.PL,D,20240902,000000,133.84,133.98,133.66,133.88,620,0
ETFBCASH.PL,D,20240903,000000,133.84,133.98,133.6,133.8,2305,0
ETFBCASH.PL,D,20240904,000000,133.88,134.02,133.84,133.88,1189,0
ETFBCASH.PL,D,20240905,000000,133.88,134.02,133.8,133.88,1585,0
ETFBCASH.PL,D,20240906,000000,134,134.08,133.8,133.8,2858,0
ETFBCASH.PL,D,20240909,000000,133.8,134.04,133.8,133.86,723,0
ETFBCASH.PL,D,20240910,000000,134.06,134.1,133.98,134,2057,0
ETFBCASH.PL,D,20240911,000000,134.1,134.12,133.96,133.96,1257,0
ETFBCASH.PL,D,20240912,000000,134.06,134.06,133.92,133.92,4665,0
ETFBCASH.PL,D,20240913,000000,134.08,134.08,133.9,133.96,3321,0
ETFBCASH.PL,D,20240916,000000,133.96,134.04,133.9,133.9,4532,0
ETFBCASH.PL,D,20240917,000000,133.8,134.04,133.8,133.9,361,0
ETFBCASH.PL,D,20240918,000000,133.9,134.02,133.9,133.9,187,0
ETFBCASH.PL,D,20240919,000000,133.9,134.06,133.9,134,212,0
ETFBCASH.PL,D,20240920,000000,134.08,134.1,133.8,133.8,804,0
ETFBCASH.PL,D,20240923,000000,134.1,134.1,133.8,133.96,385,0
ETFBCASH.PL,D,20240924,000000,133.94,134.12,133.9,133.96,251,0
ETFBCASH.PL,D,20240925,000000,133.96,134.08,133.84,134,1461,0
ETFBCASH.PL,D,20240926,000000,134.04,134.24,133.84,133.94,3828,0
ETFBCASH.PL,D,20240927,000000,133.96,134.24,133.96,134,1896,0
ETFBCASH.PL,D,20240930,000000,134,134.18,133.88,133.88,2188,0
ETFBCASH.PL,D,20241001,000000,133.9,134.1,133.9,134.02,500,0
ETFBCASH.PL,D,20241002,000000,134.02,134.1,133.86,134,1671,0
ETFBCASH.PL,D,20241003,000000,134,134.38,133.98,134.1,3031,0
ETFBCASH.PL,D,20241004,000000,134.26,134.28,134.1,134.18,440,0
ETFBCASH.PL,D,20241007,000000,134.12,134.38,134,134.24,2377,0
ETFBCASH.PL,D,20241008,000000,134.3,134.46,134.16,134.18,1441,0
ETFBCASH.PL,D,20241009,000000,134.4,134.46,134.2,134.38,1793,0
ETFBCASH.PL,D,20241010,000000,134.38,134.38,134.2,134.3,335,0
ETFBCASH.PL,D,20241011,000000,134.48,134.48,134.14,134.14,647,0
ETFBCASH.PL,D,20241014,000000,134.5,134.5,134.14,134.26,861,0
ETFBCASH.PL,D,20241015,000000,134.26,134.5,134.22,134.5,1491,0
ETFBCASH.PL,D,20241016,000000,134.4,134.66,134.3,134.46,2840,0
ETFBCASH.PL,D,20241017,000000,134.62,134.62,134.4,134.46,1667,0
ETFBCASH.PL,D,20241018,000000,134.4,134.62,134.4,134.52,890,0
ETFBCASH.PL,D,20241021,000000,134.6,134.6,134.48,134.5,1677,0
ETFBCASH.PL,D,20241022,000000,134.5,134.64,134.48,134.48,2307,0
ETFBCASH.PL,D,20241023,000000,134.66,134.66,134.5,134.5,1519,0
ETFBCASH.PL,D,20241024,000000,134.5,134.7,134.5,134.5,451,0
ETFBCASH.PL,D,20241025,000000,134.7,134.7,134.5,134.5,312,0
ETFBCASH.PL,D,20241028,000000,134.64,134.64,134.6,134.62,1369,0
ETFBCASH.PL,D,20241029,000000,134.5,134.64,134.5,134.5,730,0
ETFBCASH.PL,D,20241030,000000,134.4,134.76,134.4,134.5,2976,0
ETFBCASH.PL,D,20241031,000000,134.72,134.72,134.5,134.5,2156,0
ETFBCASH.PL,D,20241104,000000,134.58,134.62,134.5,134.5,1113,0
ETFBCASH.PL,D,20241105,000000,134.5,134.7,134.5,134.62,1334,0
ETFBCASH.PL,D,20241106,000000,134.66,135.26,134.56,134.56,2189,0
ETFBCASH.PL,D,20241107,000000,134.78,134.8,134.6,134.6,1961,0
ETFBCASH.PL,D,20241108,000000,134.8,134.8,134.52,134.6,1608,0
ETFBCASH.PL,D,20241112,000000,134.76,134.78,134.6,134.6,1500,0
ETFBCASH.PL,D,20241113,000000,134.6,134.86,134.46,134.86,1895,0
ETFBCASH.PL,D,20241114,000000,134.9,134.9,134.62,134.72,969,0
ETFBCASH.PL,D,20241115,000000,134.86,134.86,134.5,134.68,1774,0
ETFBCASH.PL,D,20241118,000000,134.8,134.82,134.52,134.52,1174,0
ETFBCASH.PL,D,20241119,000000,134.8,134.84,134.44,134.44,806,0
ETFBCASH.PL,D,20241120,000000,134.44,134.78,134.44,134.6,2216,0
ETFBCASH.PL,D,20241121,000000,134.6,134.8,134.54,134.76,297,0
ETFBCASH.PL,D,20241122,000000,134.76,134.98,134.62,134.8,2184,0
ETFBCASH.PL,D,20241125,000000,134.8,134.9,134.64,134.8,2146,0
ETFBCASH.PL,D,20241126,000000,134.8,134.98,134.66,134.98,953,0
ETFBCASH.PL,D,20241127,000000,134.98,135.02,134.82,135.02,299,0
ETFBCASH.PL,D,20241128,000000,134.82,135.16,134.82,135.02,582,0
ETFBCASH.PL,D,20241129,000000,135.02,135.18,134.84,135.18,443,0
ETFBCASH.PL,D,20241202,000000,134.78,135.12,134.78,134.94,1847,0
ETFBCASH.PL,D,20241203,000000,134.94,135.14,134.9,135.08,1173,0
ETFBCASH.PL,D,20241204,000000,135.02,135.18,134.9,135.04,2889,0
ETFBCASH.PL,D,20241205,000000,135.04,135.22,135.04,135.04,2263,0
ETFBCASH.PL,D,20241206,000000,135.04,135.1,134.88,135,3632,0
ETFBCASH.PL,D,20241209,000000,135.1,135.14,134.9,135.14,1490,0
ETFBCASH.PL,D,20241210,000000,135.14,135.4,135.02,135.24,7835,0
ETFBCASH.PL,D,20241211,000000,135.3,135.44,135.14,135.3,1362,0
ETFBCASH.PL,D,20241212,000000,135.4,135.46,135.24,135.28,2189,0
ETFBCASH.PL,D,20241213,000000,135.4,135.44,135.28,135.28,3450,0
ETFBCASH.PL,D,20241216,000000,135.22,135.44,135.14,135.3,1414,0
ETFBCASH.PL,D,20241217,000000,135.46,135.5,135.24,135.32,2730,0
ETFBCASH.PL,D,20241218,000000,135.48,135.5,135.2,135.24,5317,0
ETFBCASH.PL,D,20241219,000000,135.46,135.56,135.26,135.36,2515,0
ETFBCASH.PL,D,20241220,000000,135.56,135.56,135.2,135.32,5878,0
ETFBCASH.PL,D,20241223,000000,135.62,135.62,135.24,135.24,4015,0
ETFBCASH.PL,D,20241227,000000,135.78,136.3,135.36,135.38,6310,0
ETFBCASH.PL,D,20241230,000000,135.6,135.68,135.38,135.6,4306,0
ETFBCASH.PL,D,20250102,000000,135.8,135.84,135.62,135.66,4970,0
ETFBCASH.PL,D,20250103,000000,135.82,135.9,135.68,135.78,4801,0
ETFBCASH.PL,D,20250107,000000,135.8,135.88,135.78,135.8,5353,0
ETFBCASH.PL,D,20250108,000000,135.86,135.9,135.64,135.78,12769,0
ETFBCASH.PL,D,20250109,000000,135.88,136.04,135.7,135.82,3162,0
ETFBCASH.PL,D,20250110,000000,135.82,136.06,135.66,135.74,3584,0
ETFBCASH.PL,D,20250113,000000,135.74,135.94,135.66,135.82,5080,0
ETFBCASH.PL,D,20250114,000000,135.9,135.94,135.7,135.88,2302,0
ETFBCASH.PL,D,20250115,000000,135.9,136.06,135.72,135.9,2746,0
ETFBCASH.PL,D,20250116,000000,136.02,136.02,135.86,135.9,2232,0
ETFBCASH.PL,D,20250117,000000,136,136.04,135.9,135.9,2213,0
ETFBCASH.PL,D,20250120,000000,135.94,136.34,135.9,136.34,3115,0
ETFBCASH.PL,D,20250121,000000,136.02,136.2,136,136.06,1600,0
ETFBCASH.PL,D,20250122,000000,136.1,136.2,136,136.04,1421,0
ETFBCASH.PL,D,20250123,000000,136.18,136.18,135.92,135.98,2842,0
ETFBCASH.PL,D,20250124,000000,135.98,136.1,135.9,136,2074,0
ETFBCASH.PL,D,20250127,000000,136.2,136.2,135.9,135.9,1774,0
ETFBCASH.PL,D,20250128,000000,135.9,136.12,135.9,136,1971,0
ETFBCASH.PL,D,20250129,000000,136.08,136.08,135.92,136.06,1301,0
ETFBCASH.PL,D,20250130,000000,135.94,136.2,135.94,136,1714,0
ETFBCASH.PL,D,20250131,000000,136,136.24,135.94,136.02,1924,0
ETFBCASH.PL,D,20250203,000000,136.24,136.32,136,136.18,2098,0
ETFBCASH.PL,D,20250204,000000,136.26,136.36,136.18,136.3,1523,0
ETFBCASH.PL,D,20250205,000000,136.3,136.38,136.2,136.2,1060,0
ETFBCASH.PL,D,20250206,000000,136.4,136.46,136.22,136.28,1859,0
ETFBCASH.PL,D,20250207,000000,136.3,136.44,136.24,136.36,3127,0
ETFBCASH.PL,D,20250210,000000,136.38,136.4,136.32,136.32,3400,0
ETFBCASH.PL,D,20250211,000000,136.36,136.42,136.32,136.32,1711,0
ETFBCASH.PL,D,20250212,000000,136.36,136.44,136.3,136.44,781,0
ETFBCASH.PL,D,20250213,000000,136.46,136.56,136.42,136.54,2224,0
ETFBCASH.PL,D,20250214,000000,136.5,136.54,136.42,136.5,3435,0
ETFBCASH.PL,D,20250217,000000,136.5,136.56,136.42,136.52,2154,0
ETFBCASH.PL,D,20250218,000000,136.56,136.62,136.46,136.54,1432,0
ETFBCASH.PL,D,20250219,000000,136.6,136.64,136.56,136.58,3144,0
ETFBCASH.PL,D,20250220,000000,136.68,136.68,136.62,136.64,1801,0
ETFBCASH.PL,D,20250221,000000,136.7,136.7,136.6,136.6,11298,0
ETFBCASH.PL,D,20250224,000000,136.66,136.72,136.6,136.64,2485,0
ETFBCASH.PL,D,20250225,000000,136.64,136.78,136.64,136.7,1022,0
ETFBCASH.PL,D,20250226,000000,136.7,136.82,136.68,136.76,1595,0
ETFBCASH.PL,D,20250227,000000,136.88,136.92,136.76,136.82,2639,0
ETFBCASH.PL,D,20250228,000000,136.88,136.88,136.78,136.8,9294,0
ETFBCASH.PL,D,20250303,000000,136.86,136.88,136.82,136.82,9005,0
ETFBCASH.PL,D,20250304,000000,136.82,136.92,136.8,136.84,8687,0
ETFBCASH.PL,D,20250305,000000,136.84,136.92,136.84,136.84,2932,0
ETFBCASH.PL,D,20250306,000000,136.84,136.96,136.84,136.9,8184,0
ETFBCASH.PL,D,20250307,000000,136.96,137.06,136.88,136.88,6019,0
ETFBCASH.PL,D,20250310,000000,136.9,136.94,136.7,136.88,3413,0
ETFBCASH.PL,D,20250311,000000,136.88,136.88,136.56,136.8,22747,0
ETFBCASH.PL,D,20250312,000000,136.8,136.92,136.7,136.88,2962,0
ETFBCASH.PL,D,20250313,000000,136.9,137.1,136.76,136.92,2322,0
ETFBCASH.PL,D,20250314,000000,137.08,137.12,136.92,137.12,2360,0
ETFBCASH.PL,D,20250317,000000,137.1,137.12,136.82,137.06,1407,0
ETFBCASH.PL,D,20250318,000000,137.06,137.18,136.8,137,2634,0
ETFBCASH.PL,D,20250319,000000,137.1,137.16,136.96,137.16,1035,0
ETFBCASH.PL,D,20250320,000000,137.14,137.2,136.98,137.2,1075,0
ETFBCASH.PL,D,20250321,000000,137.06,137.28,137.06,137.2,1122,0
ETFBCASH.PL,D,20250324,000000,137.28,137.28,137.04,137.26,1679,0
ETFBCASH.PL,D,20250325,000000,137.26,137.38,137.1,137.34,1672,0
ETFBCASH.PL,D,20250326,000000,137.34,137.4,137.2,137.4,950,0
ETFBCASH.PL,D,20250327,000000,137.4,137.4,137.22,137.34,852,0
ETFBCASH.PL,D,20250328,000000,137.4,137.52,137.34,137.5,1715,0
ETFBCASH.PL,D,20250331,000000,137.52,137.52,137.4,137.4,5152,0
ETFBCASH.PL,D,20250401,000000,137.5,137.54,137.4,137.46,1718,0
ETFBCASH.PL,D,20250402,000000,137.56,137.56,137.46,137.48,1251,0
ETFBCASH.PL,D,20250403,000000,137.58,137.68,137.48,137.56,3021,0
ETFBCASH.PL,D,20250404,000000,137.56,137.76,137.54,137.7,4663,0
ETFBCASH.PL,D,20250407,000000,137.56,137.7,137.22,137.26,7106,0
ETFBCASH.PL,D,20250408,000000,137.24,137.5,137.2,137.24,1939,0
ETFBCASH.PL,D,20250409,000000,137.42,137.46,137.1,137.1,1483,0
ETFBCASH.PL,D,20250410,000000,137.36,137.44,137.16,137.42,2657,0
ETFBCASH.PL,D,20250411,000000,137.42,137.48,137.3,137.46,2700,0
ETFBCASH.PL,D,20250414,000000,137.5,137.6,137.34,137.52,2182,0
ETFBCASH.PL,D,20250415,000000,137.52,137.72,137.52,137.54,1158,0
ETFBCASH.PL,D,20250416,000000,137.7,137.7,137.52,137.6,2064,0
ETFBCASH.PL,D,20250417,000000,137.6,137.7,137.6,137.62,2310,0
ETFBCASH.PL,D,20250422,000000,137.72,137.74,137.6,137.62,3097,0
ETFBCASH.PL,D,20250423,000000,137.72,137.82,137.46,137.74,1818,0
ETFBCASH.PL,D,20250424,000000,137.8,137.84,137.56,137.7,1707,0
ETFBCASH.PL,D,20250425,000000,137.78,137.88,137.62,137.64,4000,0
ETFBCASH.PL,D,20250428,000000,137.54,137.74,137.5,137.52,3334,0
ETFBCASH.PL,D,20250429,000000,137.66,137.68,137.52,137.64,1614,0
ETFBCASH.PL,D,20250430,000000,137.64,137.7,137.58,137.7,1715,0
ETFBCASH.PL,D,20250502,000000,137.7,137.78,137.64,137.74,1109,0
ETFBCASH.PL,D,20250505,000000,137.74,137.78,137.64,137.74,2570,0
ETFBCASH.PL,D,20250506,000000,137.64,137.76,137.62,137.76,2226,0
ETFBCASH.PL,D,20250507,000000,137.76,137.88,137.7,137.8,2204,0
ETFBCASH.PL,D,20250508,000000,137.82,137.86,137.78,137.86,661,0
ETFBCASH.PL,D,20250509,000000,137.88,138.08,137.86,138.06,5055,0
ETFBCASH.PL,D,20250512,000000,138.08,138.08,137.96,137.96,4275,0
ETFBCASH.PL,D,20250513,000000,137.96,138.1,137.96,138.04,2613,0
ETFBCASH.PL,D,20250514,000000,138.1,138.2,137.96,138.06,2919,0
ETFBCASH.PL,D,20250515,000000,138.06,138.12,137.96,138.08,1688,0
ETFBCASH.PL,D,20250516,000000,138.08,138.24,138.06,138.18,2819,0
ETFBCASH.PL,D,20250519,000000,138.26,138.26,138,138.04,3188,0
ETFBCASH.PL,D,20250520,000000,138.16,138.16,138,138.1,1480,0
ETFBCASH.PL,D,20250521,000000,138.16,138.2,138,138.02,2046,0
ETFBCASH.PL,D,20250522,000000,138,138.18,138,138.02,1613,0
ETFBCASH.PL,D,20250523,000000,138.2,138.22,138.08,138.1,1257,0
ETFBCASH.PL,D,20250526,000000,138.16,138.16,138,138,1413,0
ETFBCASH.PL,D,20250527,000000,138.14,138.18,138.06,138.18,1109,0
ETFBCASH.PL,D,20250528,000000,138.2,138.2,137.84,138.14,2783,0
ETFBCASH.PL,D,20250529,000000,138.16,138.26,138.04,138.08,1290,0
ETFBCASH.PL,D,20250530,000000,138.06,138.26,138.06,138.14,3029,0
ETFBCASH.PL,D,20250602,000000,138.22,138.22,138,138.04,1489,0
ETFBCASH.PL,D,20250603,000000,138.12,138.12,137.86,138.08,1786,0
ETFBCASH.PL,D,20250604,000000,138.1,138.18,137.92,137.92,3457,0
ETFBCASH.PL,D,20250605,000000,138.16,138.28,138.16,138.16,1827,0
ETFBCASH.PL,D,20250606,000000,138.1,138.32,138.06,138.16,1426,0
ETFBCASH.PL,D,20250609,000000,138.22,138.22,138.04,138.1,1987,0
ETFBCASH.PL,D,20250610,000000,138.1,138.32,138,138.24,2931,0
ETFBCASH.PL,D,20250611,000000,138.28,138.4,138.16,138.32,1740,0
ETFBCASH.PL,D,20250612,000000,138.36,138.38,138.18,138.38,624,0
ETFBCASH.PL,D,20250613,000000,138.38,138.38,138.24,138.38,3012,0
ETFBCASH.PL,D,20250616,000000,138.38,138.38,138.26,138.38,2763,0
ETFBCASH.PL,D,20250617,000000,138.3,138.4,138.3,138.4,2869,0
ETFBCASH.PL,D,20250618,000000,138.42,138.52,138.36,138.46,3897,0
ETFBCASH.PL,D,20250620,000000,138.6,138.64,138.4,138.64,1967,0
ETFBCASH.PL,D,20250623,000000,138.7,138.78,138.64,138.74,1525,0
ETFBCASH.PL,D,20250624,000000,138.8,138.86,138.68,138.78,2984,0
ETFBCASH.PL,D,20250625,000000,138.72,138.78,138.64,138.72,813,0
ETFBCASH.PL,D,20250626,000000,138.84,138.98,138.7,138.7,1403,0
ETFBCASH.PL,D,20250627,000000,138.94,138.98,138.74,138.86,2195,0
ETFBCASH.PL,D,20250630,000000,138.86,138.94,138.7,138.86,1363,0
ETFBCASH.PL,D,20250701,000000,138.92,139.1,138.86,139,1859,0
ETFBCASH.PL,D,20250702,000000,139.1,139.14,139,139.02,2318,0
ETFBCASH.PL,D,20250703,000000,139.02,139.32,139.02,139.16,2542,0
ETFBCASH.PL,D,20250704,000000,139.16,139.28,139.08,139.08,3085,0
ETFBCASH.PL,D,20250707,000000,139.14,139.28,139.08,139.1,4078,0
ETFBCASH.PL,D,20250708,000000,139.18,139.2,139.1,139.16,5425,0
ETFBCASH.PL,D,20250709,000000,139.16,139.26,139.06,139.16,2284,0
ETFBCASH.PL,D,20250710,000000,139.16,139.36,139.16,139.2,1700,0
ETFBCASH.PL,D,20250711,000000,139.32,139.32,139.2,139.26,1517,0
ETFBCASH.PL,D,20250714,000000,139.34,139.34,139.26,139.3,1770,0
ETFBCASH.PL,D,20250715,000000,139.3,139.38,139.28,139.3,1623,0
ETFBCASH.PL,D,20250716,000000,139.38,139.42,139.34,139.36,5562,0
ETFBCASH.PL,D,20250717,000000,139.46,139.48,139.4,139.44,6883,0
ETFBCASH.PL,D,20250718,000000,139.48,139.5,139.38,139.38,2998,0
ETFBCASH.PL,D,20250721,000000,139.4,139.52,139.4,139.46,2584,0
ETFBCASH.PL,D,20250722,000000,139.6,139.6,139.44,139.48,6153,0
ETFBCASH.PL,D,20250723,000000,139.56,139.58,139.5,139.5,2736,0
ETFBCASH.PL,D,20250724,000000,139.5,139.64,139.5,139.6,2674,0
ETFBCASH.PL,D,20250725,000000,139.7,139.7,139.5,139.5,5320,0
ETFBCASH.PL,D,20250728,000000,139.52,139.78,139.5,139.56,3229,0
ETFBCASH.PL,D,20250729,000000,139.74,139.82,139.62,139.8,4900,0
ETFBCASH.PL,D,20250730,000000,139.86,139.88,139.6,139.66,3586,0
ETFBCASH.PL,D,20250731,000000,139.9,139.96,139.64,139.86,3329,0
ETFBCASH.PL,D,20250801,000000,140.18,140.38,139.84,139.88,13507,0
ETFBCASH.PL,D,20250804,000000,139.88,139.96,139.88,139.9,4033,0
ETFBCASH.PL,D,20250805,000000,139.96,140,139.9,139.92,3743,0
ETFBCASH.PL,D,20250806,000000,140,140.04,139.92,139.96,3191,0
ETFBCASH.PL,D,20250807,000000,140.08,140.2,139.96,140.06,2167,0
ETFBCASH.PL,D,20250808,000000,140.14,140.24,140.06,140.22,4321,0
ETFBCASH.PL,D,20250811,000000,140.24,140.26,140.18,140.22,7293,0
ETFBCASH.PL,D,20250812,000000,140.28,140.34,140.22,140.34,4343,0
ETFBCASH.PL,D,20250813,000000,140.42,140.48,140.34,140.38,9537,0
ETFBCASH.PL,D,20250814,000000,140.44,140.44,140.32,140.38,4314,0
ETFBCASH.PL,D,20250818,000000,140.4,140.4,140.32,140.32,28169,0
ETFBCASH.PL,D,20250819,000000,140.42,140.52,140.34,140.42,4166,0
ETFBCASH.PL,D,20250820,000000,140.52,140.54,140.44,140.5,4949,0
ETFBCASH.PL,D,20250821,000000,140.5,140.68,140.5,140.52,5930,0
ETFBCASH.PL,D,20250822,000000,140.62,140.66,140.4,140.58,4103,0
ETFBCASH.PL,D,20250825,000000,140.6,140.6,140.48,140.48,7849,0
ETFBCASH.PL,D,20250826,000000,140.48,140.64,140.48,140.58,4418,0
ETFBCASH.PL,D,20250827,000000,140.66,140.7,140.58,140.62,4224,0
ETFBCASH.PL,D,20250828,000000,140.74,140.74,140.62,140.68,5082,0
ETFBCASH.PL,D,20250829,000000,140.72,140.76,140.5,140.62,6661,0
ETFBCASH.PL,D,20250901,000000,140.64,140.66,140.18,140.66,6225,0
ETFBCASH.PL,D,20250902,000000,140.68,140.7,140.54,140.6,4540,0
ETFBCASH.PL,D,20250903,000000,140.72,140.78,140.6,140.7,4406,0
ETFBCASH.PL,D,20250904,000000,140.78,140.82,140.7,140.76,2697,0
ETFBCASH.PL,D,20250905,000000,140.84,140.86,140.76,140.82,3267,0
ETFBCASH.PL,D,20250908,000000,140.86,140.86,140.8,140.84,9579,0
ETFBCASH.PL,D,20250909,000000,140.88,140.98,140.84,140.9,3888,0
ETFBCASH.PL,D,20250910,000000,140.94,140.94,140.74,140.84,10085,0
ETFBCASH.PL,D,20250911,000000,140.88,140.88,140.72,140.84,4484,0
ETFBCASH.PL,D,20250912,000000,140.82,140.9,140.82,140.82,9525,0
ETFBCASH.PL,D,20250915,000000,140.9,140.9,140.52,140.86,12414,0
ETFBCASH.PL,D,20250916,000000,140.9,140.98,140.86,140.94,5440,0
ETFBCASH.PL,D,20250917,000000,140.96,140.98,140.94,140.96,11381,0
ETFBCASH.PL,D,20250918,000000,140.96,141,140.96,140.96,3977,0
ETFBCASH.PL,D,20250919,000000,141.06,141.08,140.98,141,6302,0
ETFBCASH.PL,D,20250922,000000,141,141.04,141,141.02,5414,0
ETFBCASH.PL,D,20250923,000000,141.04,141.1,141.02,141.04,8533,0
ETFBCASH.PL,D,20250924,000000,141.08,141.12,141.04,141.12,9383,0
ETFBCASH.PL,D,20250925,000000,141.1,141.2,141.04,141.14,4876,0
ETFBCASH.PL,D,20250926,000000,141.18,141.2,141.08,141.12,5156,0
ETFBCASH.PL,D,20250929,000000,141.18,141.18,140.86,141.14,8935,0
ETFBCASH.PL,D,20250930,000000,141.18,141.24,141.16,141.22,14919,0
ETFBCASH.PL,D,20251001,000000,141.24,141.26,141.22,141.24,11631,0
ETFBCASH.PL,D,20251002,000000,141.32,141.32,141.24,141.3,7745,0
ETFBCASH.PL,D,20251003,000000,141.28,141.44,141.28,141.32,23424,0
ETFBCASH.PL,D,20251006,000000,141.34,141.56,141.26,141.28,9104,0
ETFBCASH.PL,D,20251007,000000,141.34,141.38,141.3,141.32,8819,0
ETFBCASH.PL,D,20251008,000000,141.4,141.4,141.32,141.36,10588,0
ETFBCASH.PL,D,20251009,000000,141.4,141.46,141.38,141.42,7742,0
ETFBCASH.PL,D,20251010,000000,141.44,141.46,141.38,141.42,19947,0
ETFBCASH.PL,D,20251013,000000,141.46,141.5,141.44,141.48,8892,0
ETFBCASH.PL,D,20251014,000000,141.52,141.54,141.48,141.5,14543,0
ETFBCASH.PL,D,20251015,000000,141.54,141.56,141.52,141.54,14902,0
ETFBCASH.PL,D,20251016,000000,141.6,141.66,141.56,141.58,12541,0
ETFBCASH.PL,D,20251017,000000,141.6,141.6,141.5,141.58,12592,0
ETFBCASH.PL,D,20251020,000000,141.58,141.6,141.54,141.58,10546,0
ETFBCASH.PL,D,20251021,000000,141.62,141.68,141.58,141.66,11811,0
ETFBCASH.PL,D,20251022,000000,141.68,141.7,141.64,141.68,13592,0
ETFBCASH.PL,D,20251023,000000,141.74,141.74,141.7,141.72,22504,0
ETFBCASH.PL,D,20251024,000000,141.76,141.76,141.56,141.68,42036,0
ETFBCASH.PL,D,20251027,000000,141.7,141.96,141.66,141.68,38734,0
ETFBCASH.PL,D,20251028,000000,141.7,141.74,141.58,141.7,15209,0
ETFBCASH.PL,D,20251029,000000,141.7,141.78,141.66,141.72,18949,0
ETFBCASH.PL,D,20251030,000000,141.8,141.84,141.74,141.84,24874,0
ETFBCASH.PL,D,20251031,000000,141.82,141.86,141.76,141.78,21422,0
ETFBCASH.PL,D,20251103,000000,141.82,141.84,141.8,141.8,15889,0
ETFBCASH.PL,D,20251104,000000,141.84,141.88,141.82,141.84,12567,0
ETFBCASH.PL,D,20251105,000000,141.88,141.96,141.86,141.92,14846,0
ETFBCASH.PL,D,20251106,000000,141.96,142.02,141.92,141.98,25846,0
ETFBCASH.PL,D,20251107,000000,142,142.06,141.92,141.94,51474,0
ETFBCASH.PL,D,20251110,000000,141.96,141.96,141.92,141.92,13138,0
ETFBCASH.PL,D,20251112,000000,142,142.02,141.92,142,8259,0
ETFBCASH.PL,D,20251113,000000,142.06,142.06,141.98,142,10981,0
ETFBCASH.PL,D,20251114,000000,142.06,142.08,141.94,142.02,14083,0
ETFBCASH.PL,D,20251117,000000,142.04,142.06,141.96,142.06,12126,0
ETFBCASH.PL,D,20251118,000000,142.02,142.08,141.98,142.04,15833,0
ETFBCASH.PL,D,20251119,000000,142.08,142.1,142.04,142.1,6957,0
ETFBCASH.PL,D,20251120,000000,142.14,142.14,142.04,142.08,6714,0
ETFBCASH.PL,D,20251121,000000,142.08,142.1,141.96,142.06,8539,0
ETFBCASH.PL,D,20251124,000000,142.1,142.16,142.06,142.16,13671,0
ETFBCASH.PL,D,20251125,000000,142.16,142.24,142.1,142.22,15670,0
ETFBCASH.PL,D,20251126,000000,142.22,142.24,142.18,142.2,8799,0
ETFBCASH.PL,D,20251127,000000,142.26,142.28,142.16,142.16,14514,0
ETFBCASH.PL,D,20251128,000000,142.2,142.22,142.14,142.22,10910,0
ETFBCASH.PL,D,20251201,000000,142.26,142.26,142.18,142.2,10326,0
ETFBCASH.PL,D,20251202,000000,142.24,142.24,142.14,142.22,10189,0
ETFBCASH.PL,D,20251203,000000,142.24,142.28,142.2,142.28,15395,0
ETFBCASH.PL,D,20251204,000000,142.3,142.42,142.26,142.42,21021,0
ETFBCASH.PL,D,20251205,000000,142.42,142.48,142.38,142.4,18711,0
ETFBCASH.PL,D,20251208,000000,142.44,142.46,142.42,142.44,21593,0
ETFBCASH.PL,D,20251209,000000,142.44,142.44,142.34,142.38,19880,0
ETFBCASH.PL,D,20251210,000000,142.4,142.44,142.38,142.4,10618,0
ETFBCASH.PL,D,20251211,000000,142.44,142.44,142.3,142.38,17269,0
ETFBCASH.PL,D,20251212,000000,142.42,142.42,142.32,142.4,14567,0
ETFBCASH.PL,D,20251215,000000,142.42,142.44,142.32,142.4,43355,0
ETFBCASH.PL,D,20251216,000000,142.42,142.46,142.36,142.44,20448,0
ETFBCASH.PL,D,20251217,000000,142.48,142.56,142.44,142.48,13719,0
ETFBCASH.PL,D,20251218,000000,142.5,142.68,142.5,142.58,13121,0
ETFBCASH.PL,D,20251219,000000,142.66,142.72,142.58,142.68,26860,0
ETFBCASH.PL,D,20251222,000000,142.68,142.8,142.62,142.72,22569,0
ETFBCASH.PL,D,20251223,000000,142.8,142.8,142.7,142.72,30210,0
ETFBCASH.PL,D,20251229,000000,142.88,142.88,142.72,142.78,32927,0
ETFBCASH.PL,D,20251230,000000,142.8,142.98,142.74,142.86,36341,0
ETFBCASH.PL,D,20260102,000000,143,143,142.86,143,48257,0
ETFBCASH.PL,D,20260105,000000,143.02,143.04,142.9,143.02,52899,0
ETFBCASH.PL,D,20260107,000000,143.02,143.14,142.96,143.02,39322,0
ETFBCASH.PL,D,20260108,000000,143.08,143.18,143.04,143.16,36605,0
ETFBCASH.PL,D,20260109,000000,143.2,143.38,143.16,143.34,67206,0
ETFBCASH.PL,D,20260112,000000,143.38,143.52,143.34,143.48,31250,0
ETFBCASH.PL,D,20260113,000000,143.5,143.58,143.48,143.54,32743,0
ETFBCASH.PL,D,20260114,000000,143.56,143.6,143.52,143.54,24297,0
ETFBCASH.PL,D,20260115,000000,143.56,143.64,143.54,143.6,23100,0
ETFBCASH.PL,D,20260116,000000,143.6,143.66,143.56,143.64,21969,0
ETFBCASH.PL,D,20260119,000000,143.64,143.72,143.56,143.68,30443,0
ETFBCASH.PL,D,20260120,000000,143.7,143.76,143.66,143.72,24105,0
ETFBCASH.PL,D,20260121,000000,143.74,143.82,143.68,143.82,25057,0
ETFBCASH.PL,D,20260122,000000,143.86,144.76,143.76,144.12,18949,0
ETFBCASH.PL,D,20260123,000000,144.12,144.18,144.06,144.14,34161,0
