<TICKER>,<PER>,<DATE>,<TIME>,<OPEN>,<HIGH>,<LOW>,<CLOSE>,<VOL>,<OPENINT>
ETFBS80TR.PL,D,20211214,000000,289.15,289.30,284.95,285.15,3211,0
ETFBS80TR.PL,D,20211215,000000,285.85,285.85,282.40,282.40,1339,0
ETFBS80TR.PL,D,20211216,000000,283.75,284.30,280.35,280.35,1785,0
ETFBS80TR.PL,D,20211217,000000,282.75,283.20,279.00,279.85,2921,0
ETFBS80TR.PL,D,20211220,000000,279.00,279.00,276.20,277.35,642,0
ETFBS80TR.PL,D,20211221,000000,278.6,279.7,278.35,278.35,168,0
ETFBS80TR.PL,D,20211222,000000,280.65,280.85,278.85,278.85,467,0
ETFBS80TR.PL,D,20211223,000000,279.7,280.7,276.25,278.5,1807,0
ETFBS80TR.PL,D,20211227,000000,278.15,278.15,273.1,275,1494,0
ETFBS80TR.PL,D,20211228,000000,275.1,278.15,275.1,276,502,0
ETFBS80TR.PL,D,20211229,000000,279.3,282.85,278.2,282.85,3884,0
ETFBS80TR.PL,D,20211230,000000,284.25,285.25,282,282,853,0
ETFBS80TR.PL,D,20220103,000000,286.55,289.9,285.35,289.5,5327,0
ETFBS80TR.PL,D,20220104,000000,290.35,295.1,287.75,292,3696,0
ETFBS80TR.PL,D,20220105,000000,292.6,292.6,290,291.2,964,0
ETFBS80TR.PL,D,20220107,000000,292.55,300.2,290.5,292.5,931,0
ETFBS80TR.PL,D,20220110,000000,293.6,293.6,289.25,290,1356,0
ETFBS80TR.PL,D,20220111,000000,292.55,294.3,291.9,293.25,823,0
ETFBS80TR.PL,D,20220112,000000,295.8,297.45,295.7,296.5,1567,0
ETFBS80TR.PL,D,20220113,000000,298.55,299.05,297,297,979,0
ETFBS80TR.PL,D,20220114,000000,297.6,297.9,295,295,659,0
ETFBS80TR.PL,D,20220117,000000,296.9,296.95,295,296,780,0
ETFBS80TR.PL,D,20220118,000000,297.95,297.95,294.3,294.5,924,0
ETFBS80TR.PL,D,20220119,000000,292.35,292.35,288,290.25,1250,0
ETFBS80TR.PL,D,20220120,000000,291.25,291.25,285.9,286.8,1184,0
ETFBS80TR.PL,D,20220121,000000,286,286,282,283.1,598,0
ETFBS80TR.PL,D,20220124,000000,283.1,283.2,268,269.9,1660,0
ETFBS80TR.PL,D,20220125,000000,269.7,276.3,269.7,271.45,849,0
ETFBS80TR.PL,D,20220126,000000,276.25,278.2,276.25,276.6,245,0
ETFBS80TR.PL,D,20220127,000000,275.5,275.5,274.9,275,206,0
ETFBS80TR.PL,D,20220128,000000,277.6,277.6,272.5,273,381,0
ETFBS80TR.PL,D,20220131,000000,273,276.2,273,275.8,2332,0
ETFBS80TR.PL,D,20220201,000000,277.35,278.65,277.35,277.5,337,0
ETFBS80TR.PL,D,20220202,000000,279.95,281.6,278.6,279,391,0
ETFBS80TR.PL,D,20220203,000000,281.3,281.6,278.5,278.5,200,0
ETFBS80TR.PL,D,20220204,000000,281.15,281.15,278,278.7,77,0
ETFBS80TR.PL,D,20220207,000000,279.6,280.95,276.45,277.5,257,0
ETFBS80TR.PL,D,20220208,000000,277.05,278.65,277,278,162,0
ETFBS80TR.PL,D,20220209,000000,279.6,280.4,279,279,203,0
ETFBS80TR.PL,D,20220210,000000,280.15,280.4,278.5,279,42,0
ETFBS80TR.PL,D,20220211,000000,279,279.7,278,279,70,0
ETFBS80TR.PL,D,20220214,000000,272.4,272.45,267.5,271,2122,0
ETFBS80TR.PL,D,20220215,000000,271.6,276.6,271.5,272.6,966,0
ETFBS80TR.PL,D,20220216,000000,275.4,278.1,275,275,422,0
ETFBS80TR.PL,D,20220217,000000,275.6,275.6,270.9,270.9,71,0
ETFBS80TR.PL,D,20220218,000000,269.05,272.45,269,272,431,0
ETFBS80TR.PL,D,20220221,000000,271.6,271.6,263.9,264.6,1351,0
ETFBS80TR.PL,D,20220222,000000,258.4,266.05,256.6,263.85,523,0
ETFBS80TR.PL,D,20220223,000000,267,267.9,263.5,263.5,293,0
ETFBS80TR.PL,D,20220224,000000,249,249,233,242.8,3924,0
ETFBS80TR.PL,D,20220225,000000,249.05,254.8,248,254,5366,0
ETFBS80TR.PL,D,20220228,000000,255,257.3,250,256.55,950,0
ETFBS80TR.PL,D,20220301,000000,258.8,260,252.7,254.4,1617,0
ETFBS80TR.PL,D,20220302,000000,252.45,258.35,252.4,257.6,820,0
ETFBS80TR.PL,D,20220303,000000,258.5,258.5,255.6,258.5,435,0
ETFBS80TR.PL,D,20220304,000000,259.85,259.85,252.55,252.55,914,0
ETFBS80TR.PL,D,20220307,000000,254,254,245.85,254,1456,0
ETFBS80TR.PL,D,20220308,000000,252.25,253.7,249.5,250,545,0
ETFBS80TR.PL,D,20220309,000000,251.3,255.35,251.3,255,1259,0
ETFBS80TR.PL,D,20220310,000000,257.05,258.9,255,256.4,7204,0
ETFBS80TR.PL,D,20220311,000000,259,260.35,258.9,260.15,3682,0
ETFBS80TR.PL,D,20220314,000000,262.4,263,259,260.35,3077,0
ETFBS80TR.PL,D,20220315,000000,262.45,262.6,259,261,1706,0
ETFBS80TR.PL,D,20220316,000000,263.95,265.4,263,265,1834,0
ETFBS80TR.PL,D,20220317,000000,267.85,268.75,267,267,2866,0
ETFBS80TR.PL,D,20220318,000000,269.05,269.05,263.55,266,2099,0
ETFBS80TR.PL,D,20220321,000000,268.2,269.25,268,268.3,1027,0
ETFBS80TR.PL,D,20220322,000000,269.8,271,268.3,270,1326,0
ETFBS80TR.PL,D,20220323,000000,272.7,273.15,270,270,1161,0
ETFBS80TR.PL,D,20220324,000000,272.55,272.7,271,271,652,0
ETFBS80TR.PL,D,20220325,000000,273,273.7,271,273.05,1438,0
ETFBS80TR.PL,D,20220328,000000,274.85,275.25,273.8,273.8,790,0
ETFBS80TR.PL,D,20220329,000000,274.05,275.3,273.05,273.5,1046,0
ETFBS80TR.PL,D,20220330,000000,274,275.55,274,275.55,805,0
ETFBS80TR.PL,D,20220331,000000,276,277,275,276.5,1367,0
ETFBS80TR.PL,D,20220401,000000,276.45,278.3,276.45,277.25,528,0
ETFBS80TR.PL,D,20220404,000000,280,281.35,279,279,1328,0
ETFBS80TR.PL,D,20220405,000000,281.3,281.3,278,279,1219,0
ETFBS80TR.PL,D,20220406,000000,279.9,279.9,274.05,275,1263,0
ETFBS80TR.PL,D,20220407,000000,277.1,277.1,275,275,530,0
ETFBS80TR.PL,D,20220408,000000,274.9,276.85,274.15,274.15,234,0
ETFBS80TR.PL,D,20220411,000000,275.25,276.1,273.05,273.05,422,0
ETFBS80TR.PL,D,20220412,000000,275.2,275.2,271.05,272,592,0
ETFBS80TR.PL,D,20220413,000000,273.5,273.5,271.05,271.45,782,0
ETFBS80TR.PL,D,20220414,000000,271.45,273.05,271.1,271.1,197,0
ETFBS80TR.PL,D,20220419,000000,273.1,273.45,267.5,269.8,983,0
ETFBS80TR.PL,D,20220420,000000,269.7,273.1,269.7,271.5,355,0
ETFBS80TR.PL,D,20220421,000000,270.5,272.5,270.45,270.9,241,0
ETFBS80TR.PL,D,20220422,000000,271.65,271.65,266.6,267.8,674,0
ETFBS80TR.PL,D,20220425,000000,265.5,265.5,260,261.35,1794,0
ETFBS80TR.PL,D,20220426,000000,264.9,265,261,261.55,278,0
ETFBS80TR.PL,D,20220427,000000,264.4,264.4,260,260,592,0
ETFBS80TR.PL,D,20220428,000000,261.95,262.55,260,260,282,0
ETFBS80TR.PL,D,20220429,000000,263.1,263.1,260,260,463,0
ETFBS80TR.PL,D,20220502,000000,261.8,261.8,258.45,260,673,0
ETFBS80TR.PL,D,20220504,000000,261.5,262.4,260.7,261,411,0
ETFBS80TR.PL,D,20220505,000000,263.85,263.85,256,258.5,368,0
ETFBS80TR.PL,D,20220506,000000,257.9,257.9,252,253.75,1021,0
ETFBS80TR.PL,D,20220509,000000,253.8,254.3,250,250.5,626,0
ETFBS80TR.PL,D,20220510,000000,250.5,251.3,247.5,249,699,0
ETFBS80TR.PL,D,20220511,000000,250.3,251.25,249,249,396,0
ETFBS80TR.PL,D,20220512,000000,249.1,249.1,243,243,803,0
ETFBS80TR.PL,D,20220513,000000,246.6,248.55,245.2,248,1079,0
ETFBS80TR.PL,D,20220516,000000,249.65,251.15,248,248.6,528,0
ETFBS80TR.PL,D,20220517,000000,251.2,252.85,250,251,2337,0
ETFBS80TR.PL,D,20220518,000000,252.8,253.5,249.5,249.5,597,0
ETFBS80TR.PL,D,20220519,000000,249.15,250.15,248,250.15,257,0
ETFBS80TR.PL,D,20220520,000000,254.5,257.5,254.5,255,320,0
ETFBS80TR.PL,D,20220523,000000,259.15,259.6,256.25,256.3,552,0
ETFBS80TR.PL,D,20220524,000000,259.2,259.25,256,256,263,0
ETFBS80TR.PL,D,20220525,000000,255.8,256.2,253.55,255.9,116,0
ETFBS80TR.PL,D,20220526,000000,257.65,258,255.2,258,206,0
ETFBS80TR.PL,D,20220527,000000,259.8,259.8,256.95,258.1,948,0
ETFBS80TR.PL,D,20220530,000000,256.9,261,256.6,261,512,0
ETFBS80TR.PL,D,20220531,000000,260.3,260.95,258,260,459,0
ETFBS80TR.PL,D,20220601,000000,261.6,261.8,258.6,260.75,278,0
ETFBS80TR.PL,D,20220602,000000,259.55,260.9,257.3,257.55,406,0
ETFBS80TR.PL,D,20220603,000000,256.4,259,256.4,257.3,206,0
ETFBS80TR.PL,D,20220606,000000,257.95,258.85,257,257.8,418,0
ETFBS80TR.PL,D,20220607,000000,258,258.5,255,257.35,828,0
ETFBS80TR.PL,D,20220608,000000,258,258.05,253.65,254,478,0
ETFBS80TR.PL,D,20220609,000000,256,256,252.6,254.7,398,0
ETFBS80TR.PL,D,20220610,000000,252.25,254,250,250,396,0
ETFBS80TR.PL,D,20220613,000000,249,249,242.8,244.8,990,0
ETFBS80TR.PL,D,20220614,000000,242.1,244,241.3,242,278,0
ETFBS80TR.PL,D,20220615,000000,241.95,242,240.1,241.35,452,0
ETFBS80TR.PL,D,20220617,000000,239.2,241.35,238.55,241.35,119,0
ETFBS80TR.PL,D,20220620,000000,244.2,244.2,241.1,241.2,75,0
ETFBS80TR.PL,D,20220621,000000,244.9,244.9,239.45,239.85,688,0
ETFBS80TR.PL,D,20220622,000000,240.05,240.05,237.35,239,190,0
ETFBS80TR.PL,D,20220623,000000,239.05,240.8,237,237.85,92,0
ETFBS80TR.PL,D,20220624,000000,239.1,239.75,237,239.6,229,0
ETFBS80TR.PL,D,20220627,000000,241.5,241.65,240,241,308,0
ETFBS80TR.PL,D,20220628,000000,240.45,241.95,240.45,241.95,59,0
ETFBS80TR.PL,D,20220629,000000,241.95,241.95,241,241.95,110,0
ETFBS80TR.PL,D,20220630,000000,246.4,246.9,243.4,245.75,230,0
ETFBS80TR.PL,D,20220701,000000,245.8,246.2,243.2,244,883,0
ETFBS80TR.PL,D,20220704,000000,247,248,244,244,288,0
ETFBS80TR.PL,D,20220705,000000,244.5,244.5,239.9,240.3,199,0
ETFBS80TR.PL,D,20220706,000000,241,242.45,237.5,237.5,508,0
ETFBS80TR.PL,D,20220707,000000,240.9,244.15,240.9,243.8,170,0
ETFBS80TR.PL,D,20220708,000000,246.2,246.45,244.3,245,247,0
ETFBS80TR.PL,D,20220711,000000,245,245,243.2,245,672,0
ETFBS80TR.PL,D,20220712,000000,243.1,244.45,241.9,241.9,116,0
ETFBS80TR.PL,D,20220713,000000,243.9,243.9,239.6,239.6,158,0
ETFBS80TR.PL,D,20220714,000000,241.05,241.05,237,238.3,321,0
ETFBS80TR.PL,D,20220715,000000,240.25,240.65,239.2,239.95,125,0
ETFBS80TR.PL,D,20220718,000000,242.3,242.75,240.05,242,173,0
ETFBS80TR.PL,D,20220719,000000,242,242.4,239.75,239.85,138,0
ETFBS80TR.PL,D,20220720,000000,242.05,244.35,242.05,242.5,14,0
ETFBS80TR.PL,D,20220721,000000,245,245,241.3,244,545,0
ETFBS80TR.PL,D,20220722,000000,244.5,244.9,242.1,244.5,132,0
ETFBS80TR.PL,D,20220725,000000,245,245.85,243.55,244,188,0
ETFBS80TR.PL,D,20220726,000000,246.05,246.05,242.05,242.05,86,0
ETFBS80TR.PL,D,20220727,000000,244.35,244.4,241,242.95,323,0
ETFBS80TR.PL,D,20220728,000000,243.55,245.4,241.95,242.6,923,0
ETFBS80TR.PL,D,20220729,000000,244.2,248.05,243.8,247.4,415,0
ETFBS80TR.PL,D,20220801,000000,249.3,251.15,248.5,250.8,1524,0
ETFBS80TR.PL,D,20220802,000000,252.2,252.5,251,251.55,675,0
ETFBS80TR.PL,D,20220803,000000,252.25,252.9,251,252.85,309,0
ETFBS80TR.PL,D,20220804,000000,255.25,255.25,252,252,227,0
ETFBS80TR.PL,D,20220805,000000,253,253.95,250.4,251.8,604,0
ETFBS80TR.PL,D,20220808,000000,253.25,254.85,251.35,253.85,464,0
ETFBS80TR.PL,D,20220809,000000,253.05,255.1,250.75,250.75,304,0
ETFBS80TR.PL,D,20220810,000000,252.3,254,250.75,253,443,0
ETFBS80TR.PL,D,20220811,000000,253.95,256.85,252.65,256.75,533,0
ETFBS80TR.PL,D,20220812,000000,254.6,258.1,254.6,258.1,690,0
ETFBS80TR.PL,D,20220816,000000,259.6,260.25,256.75,257.5,310,0
ETFBS80TR.PL,D,20220817,000000,260.95,261,256.25,256.3,1558,0
ETFBS80TR.PL,D,20220818,000000,257.45,258.4,255.65,258.4,152,0
ETFBS80TR.PL,D,20220819,000000,257,258.2,254.75,255.8,255,0
ETFBS80TR.PL,D,20220822,000000,255,256,252.6,252.6,294,0
ETFBS80TR.PL,D,20220823,000000,251.9,254.05,251.9,254,55,0
ETFBS80TR.PL,D,20220824,000000,253,253,250,250,134,0
ETFBS80TR.PL,D,20220825,000000,252,252,250.1,250.5,93,0
ETFBS80TR.PL,D,20220826,000000,252,252.6,251,251,154,0
ETFBS80TR.PL,D,20220829,000000,250,250,245,245.4,1027,0
ETFBS80TR.PL,D,20220830,000000,246.15,249.35,245.75,245.75,469,0
ETFBS80TR.PL,D,20220831,000000,246.7,246.75,243,244.4,381,0
ETFBS80TR.PL,D,20220901,000000,245,245.15,240,240,1114,0
ETFBS80TR.PL,D,20220902,000000,240.85,243.2,238.65,240.8,1389,0
ETFBS80TR.PL,D,20220905,000000,242,242,240,241,417,0
ETFBS80TR.PL,D,20220906,000000,242.1,242.1,236,236,456,0
ETFBS80TR.PL,D,20220907,000000,238.9,240.25,236.2,239.9,540,0
ETFBS80TR.PL,D,20220908,000000,243.1,243.1,240,241.5,583,0
ETFBS80TR.PL,D,20220909,000000,243.2,244.4,243,243,639,0
ETFBS80TR.PL,D,20220912,000000,245.65,245.65,242.35,242.4,623,0
ETFBS80TR.PL,D,20220913,000000,242.4,242.8,238.4,239.2,284,0
ETFBS80TR.PL,D,20220914,000000,240.35,241,238,241,286,0
ETFBS80TR.PL,D,20220915,000000,241.45,241.6,239.5,241.05,137,0
ETFBS80TR.PL,D,20220916,000000,241.95,241.95,238.25,239.95,209,0
ETFBS80TR.PL,D,20220919,000000,250,251,238.85,240,182,0
ETFBS80TR.PL,D,20220920,000000,241.4,242.2,239.5,239.5,112,0
ETFBS80TR.PL,D,20220921,000000,238.9,239.6,236.4,239,670,0
ETFBS80TR.PL,D,20220922,000000,239.95,241.35,238.85,238.85,243,0
ETFBS80TR.PL,D,20220923,000000,238.85,239.2,236,236.5,667,0
ETFBS80TR.PL,D,20220926,000000,235.2,235.8,230,231.2,1129,0
ETFBS80TR.PL,D,20220927,000000,231.2,232.15,230,231.5,186,0
ETFBS80TR.PL,D,20220928,000000,232.35,232.35,226.1,229.75,486,0
ETFBS80TR.PL,D,20220929,000000,230.85,230.85,226.9,227,165,0
ETFBS80TR.PL,D,20220930,000000,228.4,229.1,227,228.15,355,0
ETFBS80TR.PL,D,20221003,000000,229.2,229.2,225.7,228.25,372,0
ETFBS80TR.PL,D,20221004,000000,232.05,232.85,229,230.95,587,0
ETFBS80TR.PL,D,20221005,000000,231.1,232.1,230,230,178,0
ETFBS80TR.PL,D,20221006,000000,231.5,232.45,230,230.6,125,0
ETFBS80TR.PL,D,20221007,000000,232.45,232.45,230.65,230.65,76,0
ETFBS80TR.PL,D,20221010,000000,231.8,232,228.95,228.95,271,0
ETFBS80TR.PL,D,20221011,000000,230.25,230.5,228.15,229.55,275,0
ETFBS80TR.PL,D,20221012,000000,228.95,231.4,226.9,228.1,355,0
ETFBS80TR.PL,D,20221013,000000,230,230.85,226.05,226.95,216,0
ETFBS80TR.PL,D,20221014,000000,229.8,230.05,228,228,650,0
ETFBS80TR.PL,D,20221017,000000,229.7,230.05,227,228.65,131,0
ETFBS80TR.PL,D,20221018,000000,228.95,229.55,227.5,228.6,218,0
ETFBS80TR.PL,D,20221019,000000,229,229.6,228,229.1,65,0
ETFBS80TR.PL,D,20221020,000000,229.7,230.35,228.5,230.1,361,0
ETFBS80TR.PL,D,20221021,000000,229.3,229.5,228.4,228.4,113,0
ETFBS80TR.PL,D,20221024,000000,230.85,231.25,230.65,231,272,0
ETFBS80TR.PL,D,20221025,000000,231,232.5,230.9,231,483,0
ETFBS80TR.PL,D,20221026,000000,232.95,232.95,231,231,488,0
ETFBS80TR.PL,D,20221027,000000,232.2,233.1,230.85,231.55,269,0
ETFBS80TR.PL,D,20221028,000000,232.95,233.7,230.15,232.85,690,0
ETFBS80TR.PL,D,20221031,000000,235.15,237.3,234.5,237.2,329,0
ETFBS80TR.PL,D,20221102,000000,238.95,250,236.6,238.5,419,0
ETFBS80TR.PL,D,20221103,000000,238.5,238.75,237.05,238.3,523,0
ETFBS80TR.PL,D,20221104,000000,239.65,241.8,237.35,241.8,590,0
ETFBS80TR.PL,D,20221107,000000,242,244.2,240,241.7,1052,0
ETFBS80TR.PL,D,20221108,000000,242.9,243.4,242.6,243.1,153,0
ETFBS80TR.PL,D,20221109,000000,243.15,245,242.5,242.5,251,0
ETFBS80TR.PL,D,20221110,000000,242.5,243.95,241.15,243.15,1099,0
ETFBS80TR.PL,D,20221114,000000,246.75,247.3,244.15,245.6,621,0
ETFBS80TR.PL,D,20221115,000000,246,247,243.6,246,450,0
ETFBS80TR.PL,D,20221116,000000,242.65,245.5,242.1,245.5,368,0
ETFBS80TR.PL,D,20221117,000000,245,245.6,242.5,243.4,221,0
ETFBS80TR.PL,D,20221118,000000,243.4,246.4,243.4,246.4,227,0
ETFBS80TR.PL,D,20221121,000000,245,246.3,243.75,245.8,328,0
ETFBS80TR.PL,D,20221122,000000,246,247.5,244.3,246.8,873,0
ETFBS80TR.PL,D,20221123,000000,247.95,248,247,247.6,139,0
ETFBS80TR.PL,D,20221124,000000,249.35,249.35,245.95,248.3,812,0
ETFBS80TR.PL,D,20221125,000000,248.55,249.75,246.25,247.25,144,0
ETFBS80TR.PL,D,20221128,000000,249.95,251.6,248.15,251.4,113,0
ETFBS80TR.PL,D,20221129,000000,252.15,252.5,249.6,249.6,302,0
ETFBS80TR.PL,D,20221130,000000,252.5,253.1,252.3,252.95,461,0
ETFBS80TR.PL,D,20221201,000000,255.45,255.75,253.8,255.45,1963,0
ETFBS80TR.PL,D,20221202,000000,256.65,257.15,254.6,256.3,271,0
ETFBS80TR.PL,D,20221205,000000,258,260,257.3,259,601,0
ETFBS80TR.PL,D,20221206,000000,259,259.3,256,257,986,0
ETFBS80TR.PL,D,20221207,000000,255.45,257.5,255.45,257.4,227,0
ETFBS80TR.PL,D,20221208,000000,257.7,257.7,254.8,256.8,214,0
ETFBS80TR.PL,D,20221209,000000,256.9,258.15,255.15,255.25,367,0
ETFBS80TR.PL,D,20221212,000000,256.65,258.45,256.05,258,415,0
ETFBS80TR.PL,D,20221213,000000,258,259.7,256.9,259.7,490,0
ETFBS80TR.PL,D,20221214,000000,260,260,258,259.8,293,0
ETFBS80TR.PL,D,20221215,000000,260,260,256,256,174,0
ETFBS80TR.PL,D,20221216,000000,256.35,256.35,251.9,254.25,369,0
ETFBS80TR.PL,D,20221219,000000,254,255.65,254,254,210,0
ETFBS80TR.PL,D,20221220,000000,255,255,252.15,252.85,167,0
ETFBS80TR.PL,D,20221221,000000,253.5,254.45,253,253.1,897,0
ETFBS80TR.PL,D,20221222,000000,254.35,254.65,252,252,521,0
ETFBS80TR.PL,D,20221223,000000,253.15,253.15,251.4,252.6,63,0
ETFBS80TR.PL,D,20221227,000000,253,253,248,249.3,440,0
ETFBS80TR.PL,D,20221228,000000,248.05,249.35,247,249.15,266,0
ETFBS80TR.PL,D,20221229,000000,251,251.35,250,250.4,87,0
ETFBS80TR.PL,D,20221230,000000,253,253.9,250.6,250.6,404,0
ETFBS80TR.PL,D,20230102,000000,250.5,257.1,250.5,257.05,637,0
ETFBS80TR.PL,D,20230103,000000,259,260.55,258.3,260.2,910,0
ETFBS80TR.PL,D,20230104,000000,262,263.35,261.2,262,1255,0
ETFBS80TR.PL,D,20230105,000000,262,265.2,262,263.6,1282,0
ETFBS80TR.PL,D,20230109,000000,266.9,268.75,266.5,268,2327,0
ETFBS80TR.PL,D,20230110,000000,270.25,270.25,269.1,269.3,948,0
ETFBS80TR.PL,D,20230111,000000,271.7,272,268.5,269,558,0
ETFBS80TR.PL,D,20230112,000000,269,270.95,268.5,270.2,362,0
ETFBS80TR.PL,D,20230113,000000,271,271.8,269.5,271.3,1187,0
ETFBS80TR.PL,D,20230116,000000,273.75,275,272.1,275,631,0
ETFBS80TR.PL,D,20230117,000000,276,276,273.1,274.1,588,0
ETFBS80TR.PL,D,20230118,000000,275,275,271.75,273.6,384,0
ETFBS80TR.PL,D,20230119,000000,274.85,274.85,268.8,271.15,1398,0
ETFBS80TR.PL,D,20230120,000000,272,274.5,270.8,274.1,646,0
ETFBS80TR.PL,D,20230123,000000,276.4,277.8,276,277.8,415,0
ETFBS80TR.PL,D,20230124,000000,278.2,279.1,276.45,276.45,723,0
ETFBS80TR.PL,D,20230125,000000,276,276,272.25,273,238,0
ETFBS80TR.PL,D,20230126,000000,273.5,275.8,273,274.95,432,0
ETFBS80TR.PL,D,20230127,000000,275.55,277.05,275,276.75,355,0
ETFBS80TR.PL,D,20230130,000000,276,276.85,274.6,276.85,387,0
ETFBS80TR.PL,D,20230131,000000,278,278.35,275.9,277.65,537,0
ETFBS80TR.PL,D,20230201,000000,277.55,279.8,275.2,276,802,0
ETFBS80TR.PL,D,20230202,000000,278.6,278.65,275.1,278.4,996,0
ETFBS80TR.PL,D,20230203,000000,278.5,278.5,276.3,277.55,348,0
ETFBS80TR.PL,D,20230206,000000,278.7,279,275,276,459,0
ETFBS80TR.PL,D,20230207,000000,278.05,278.05,274.5,276.8,268,0
ETFBS80TR.PL,D,20230208,000000,275.95,278.4,275.95,276.7,432,0
ETFBS80TR.PL,D,20230209,000000,277.1,280.2,277.1,278.65,370,0
ETFBS80TR.PL,D,20230210,000000,278.7,278.7,272.25,274.5,697,0
ETFBS80TR.PL,D,20230213,000000,275.9,275.9,272.8,274.9,363,0
ETFBS80TR.PL,D,20230214,000000,275.15,275.95,273.15,273.15,113,0
ETFBS80TR.PL,D,20230215,000000,273.55,276.8,273.55,275.4,333,0
ETFBS80TR.PL,D,20230216,000000,277.5,277.95,275.05,276,149,0
ETFBS80TR.PL,D,20230217,000000,275,278.4,275,276.4,88,0
ETFBS80TR.PL,D,20230220,000000,278.4,279.15,277.65,279,422,0
ETFBS80TR.PL,D,20230221,000000,280.55,280.55,275.55,277.1,375,0
ETFBS80TR.PL,D,20230222,000000,277.95,277.95,273.15,274.5,257,0
ETFBS80TR.PL,D,20230223,000000,275.25,278.3,275.25,277.1,261,0
ETFBS80TR.PL,D,20230224,000000,277,278.3,276.4,277.8,114,0
ETFBS80TR.PL,D,20230227,000000,278.75,280.5,276.95,279.1,574,0
ETFBS80TR.PL,D,20230228,000000,280.15,282,278.65,280.65,658,0
ETFBS80TR.PL,D,20230301,000000,282.65,283.15,282,282,594,0
ETFBS80TR.PL,D,20230302,000000,283,283,281.2,281.2,329,0
ETFBS80TR.PL,D,20230303,000000,283,284.25,282,284.1,812,0
ETFBS80TR.PL,D,20230306,000000,285,287.8,285,287.2,782,0
ETFBS80TR.PL,D,20230307,000000,287.95,288.25,285.55,288,1160,0
ETFBS80TR.PL,D,20230308,000000,287.5,288.7,285.3,288.7,182,0
ETFBS80TR.PL,D,20230309,000000,289.1,290.45,287.8,290.2,695,0
ETFBS80TR.PL,D,20230310,000000,288,288,285.35,285.35,714,0
ETFBS80TR.PL,D,20230313,000000,285.35,285.5,276,280.7,1568,0
ETFBS80TR.PL,D,20230314,000000,280.45,283,280.45,283,337,0
ETFBS80TR.PL,D,20230315,000000,283.15,284.9,275.7,277.9,469,0
ETFBS80TR.PL,D,20230316,000000,277.8,280.05,275,277.2,598,0
ETFBS80TR.PL,D,20230317,000000,278.1,282.1,278.1,278.9,1018,0
ETFBS80TR.PL,D,20230320,000000,279.3,280.1,275.75,280.1,284,0
ETFBS80TR.PL,D,20230321,000000,283.1,283.95,281.05,283.25,221,0
ETFBS80TR.PL,D,20230322,000000,284.7,284.7,283.25,283.9,553,0
ETFBS80TR.PL,D,20230323,000000,285,285,283,283,172,0
ETFBS80TR.PL,D,20230324,000000,284.35,284.35,278.75,280.65,404,0
ETFBS80TR.PL,D,20230327,000000,281.85,284.75,281.15,283.85,1357,0
ETFBS80TR.PL,D,20230328,000000,285.7,288.8,285.5,288.8,172,0
ETFBS80TR.PL,D,20230329,000000,289.5,290.7,288.8,289,321,0
ETFBS80TR.PL,D,20230330,000000,288.95,291,288.05,289.95,442,0
ETFBS80TR.PL,D,20230331,000000,290.5,293.65,290,293.05,904,0
ETFBS80TR.PL,D,20230403,000000,292.5,295,292.5,294.3,2318,0
ETFBS80TR.PL,D,20230404,000000,295.3,296.15,293.3,295,1793,0
ETFBS80TR.PL,D,20230405,000000,295.95,295.95,292,292.7,434,0
ETFBS80TR.PL,D,20230406,000000,294.5,295.55,294.15,294.4,269,0
ETFBS80TR.PL,D,20230411,000000,296.4,300,296,300,638,0
ETFBS80TR.PL,D,20230412,000000,300,300.1,298.1,300,421,0
ETFBS80TR.PL,D,20230413,000000,300,301,299,300.65,728,0
ETFBS80TR.PL,D,20230414,000000,300.95,303,300.95,301.4,333,0
ETFBS80TR.PL,D,20230417,000000,300.7,305.05,300.45,304.7,784,0
ETFBS80TR.PL,D,20230418,000000,304.7,305.8,302.4,304.15,379,0
ETFBS80TR.PL,D,20230419,000000,304.75,304.75,302.15,304.65,327,0
ETFBS80TR.PL,D,20230420,000000,305,306.5,304,305.4,805,0
ETFBS80TR.PL,D,20230421,000000,306,306.1,302.45,304.9,547,0
ETFBS80TR.PL,D,20230424,000000,305.95,306,303.55,305,383,0
ETFBS80TR.PL,D,20230425,000000,305,307.45,303,305.85,416,0
ETFBS80TR.PL,D,20230426,000000,305.5,305.5,302.4,304,381,0
ETFBS80TR.PL,D,20230427,000000,303,305.8,303,304.75,440,0
ETFBS80TR.PL,D,20230428,000000,303.9,306,303.05,304.1,835,0
ETFBS80TR.PL,D,20230502,000000,304.4,305.85,302.7,303.9,859,0
ETFBS80TR.PL,D,20230504,000000,303.8,303.9,300.45,300.45,481,0
ETFBS80TR.PL,D,20230505,000000,300.45,304.45,298.9,304.45,654,0
ETFBS80TR.PL,D,20230508,000000,305,307.7,304.5,306.3,440,0
ETFBS80TR.PL,D,20230509,000000,307,309,307,308,216,0
ETFBS80TR.PL,D,20230510,000000,308.9,310.5,307.7,310.15,451,0
ETFBS80TR.PL,D,20230511,000000,309.95,310.35,307,307.8,441,0
ETFBS80TR.PL,D,20230512,000000,308,310.15,307.6,309.15,290,0
ETFBS80TR.PL,D,20230515,000000,309.7,309.8,307.45,309.2,276,0
ETFBS80TR.PL,D,20230516,000000,310,311.95,309,311.95,598,0
ETFBS80TR.PL,D,20230517,000000,313,313.05,310.55,311.7,299,0
ETFBS80TR.PL,D,20230518,000000,312,314.9,311.5,311.65,609,0
ETFBS80TR.PL,D,20230519,000000,310.5,312.9,310.05,312.55,238,0
ETFBS80TR.PL,D,20230522,000000,313.15,314.9,312.6,312.8,312,0
ETFBS80TR.PL,D,20230523,000000,314.05,314.1,312.2,312.5,374,0
ETFBS80TR.PL,D,20230524,000000,312.4,312.4,307.35,310.95,809,0
ETFBS80TR.PL,D,20230525,000000,310.9,310.9,307.25,308.55,537,0
ETFBS80TR.PL,D,20230526,000000,307.9,310.65,307.9,310.65,235,0
ETFBS80TR.PL,D,20230529,000000,310.9,311.65,309.9,311,131,0
ETFBS80TR.PL,D,20230530,000000,311.2,313.45,310.5,310.8,468,0
ETFBS80TR.PL,D,20230531,000000,311,312.2,304.2,306.2,809,0
ETFBS80TR.PL,D,20230601,000000,307.2,307.5,305.3,305.95,598,0
ETFBS80TR.PL,D,20230602,000000,306.4,310.8,306.4,310.5,638,0
ETFBS80TR.PL,D,20230605,000000,309.25,311.95,309.25,310.5,491,0
ETFBS80TR.PL,D,20230606,000000,309.5,312.8,309.5,312.8,451,0
ETFBS80TR.PL,D,20230607,000000,313.55,313.8,310.95,312.85,295,0
ETFBS80TR.PL,D,20230609,000000,313,314.85,312.1,313.95,633,0
ETFBS80TR.PL,D,20230612,000000,315,315,311.7,313.25,1030,0
ETFBS80TR.PL,D,20230613,000000,314.05,314.5,309.5,309.5,477,0
ETFBS80TR.PL,D,20230614,000000,311,311.65,308.8,311.35,348,0
ETFBS80TR.PL,D,20230615,000000,311,311.65,308.8,310.55,329,0
ETFBS80TR.PL,D,20230616,000000,310.55,312.45,309.25,312,362,0
ETFBS80TR.PL,D,20230619,000000,312.1,315,312.1,314.6,106,0
ETFBS80TR.PL,D,20230620,000000,314.5,314.6,311.05,311.05,1515,0
ETFBS80TR.PL,D,20230621,000000,311.15,313,310.9,313,2864,0
ETFBS80TR.PL,D,20230622,000000,312.05,313,311.4,312.4,738,0
ETFBS80TR.PL,D,20230623,000000,313,313.95,311.55,311.55,993,0
ETFBS80TR.PL,D,20230626,000000,312.65,314,311.9,313.4,365,0
ETFBS80TR.PL,D,20230627,000000,312.05,314,311.2,313.55,318,0
ETFBS80TR.PL,D,20230628,000000,313,314.95,312.65,314.65,213,0
ETFBS80TR.PL,D,20230629,000000,314.9,317.35,313.5,317.15,238,0
ETFBS80TR.PL,D,20230630,000000,315.8,319.4,315.8,319.1,291,0
ETFBS80TR.PL,D,20230703,000000,319.7,320.15,318,318.8,700,0
ETFBS80TR.PL,D,20230704,000000,320,320.6,318.8,318.8,270,0
ETFBS80TR.PL,D,20230705,000000,319.45,319.45,315.9,318.75,318,0
ETFBS80TR.PL,D,20230706,000000,318.75,318.75,315.45,317.5,168,0
ETFBS80TR.PL,D,20230707,000000,318.4,319.3,316.3,318.85,998,0
ETFBS80TR.PL,D,20230710,000000,319.05,320,317,318.5,215,0
ETFBS80TR.PL,D,20230711,000000,319.75,320.95,317.65,320.95,395,0
ETFBS80TR.PL,D,20230712,000000,321,322.65,320.1,322.65,337,0
ETFBS80TR.PL,D,20230713,000000,323.5,323.75,322,322.75,248,0
ETFBS80TR.PL,D,20230714,000000,322.15,326.45,322.15,326.05,399,0
ETFBS80TR.PL,D,20230717,000000,326.95,327,325.4,325.4,995,0
ETFBS80TR.PL,D,20230718,000000,326.7,327.3,324,327.3,538,0
ETFBS80TR.PL,D,20230719,000000,327.3,327.85,324.7,326.4,383,0
ETFBS80TR.PL,D,20230720,000000,327.15,327.15,322.75,322.75,334,0
ETFBS80TR.PL,D,20230721,000000,324.7,325.45,322.45,323.45,305,0
ETFBS80TR.PL,D,20230724,000000,324.9,325.4,322.4,323.45,284,0
ETFBS80TR.PL,D,20230725,000000,322,325.3,322,322.75,287,0
ETFBS80TR.PL,D,20230726,000000,324.25,324.25,320.05,321,416,0
ETFBS80TR.PL,D,20230727,000000,320.5,323.4,320.25,322.65,471,0
ETFBS80TR.PL,D,20230728,000000,321.5,323.6,320.45,323.4,273,0
ETFBS80TR.PL,D,20230731,000000,323.6,324.35,321.8,322.75,550,0
ETFBS80TR.PL,D,20230801,000000,322.95,323.8,321.6,322.95,284,0
ETFBS80TR.PL,D,20230802,000000,321.5,322.25,318.5,319.9,668,0
ETFBS80TR.PL,D,20230803,000000,318.2,319.9,317.2,318.4,549,0
ETFBS80TR.PL,D,20230804,000000,318.55,320.3,318,319.8,268,0
ETFBS80TR.PL,D,20230807,000000,320.1,320.1,315.55,316.8,556,0
ETFBS80TR.PL,D,20230808,000000,316.8,316.8,312.85,314.15,555,0
ETFBS80TR.PL,D,20230809,000000,314.05,315,312.15,314.2,277,0
ETFBS80TR.PL,D,20230810,000000,315,317,313.5,317,390,0
ETFBS80TR.PL,D,20230811,000000,317.75,317.75,315.45,315.9,535,0
ETFBS80TR.PL,D,20230814,000000,316.75,319.25,316,317.9,153,0
ETFBS80TR.PL,D,20230816,000000,318.3,318.3,313.6,314.45,314,0
ETFBS80TR.PL,D,20230817,000000,315.4,315.4,312.15,313.85,419,0
ETFBS80TR.PL,D,20230818,000000,312,312,309,310.7,747,0
ETFBS80TR.PL,D,20230821,000000,311,311,308.65,308.65,217,0
ETFBS80TR.PL,D,20230822,000000,310,312,309,310.7,1264,0
ETFBS80TR.PL,D,20230823,000000,309.7,309.7,307.8,309.7,985,0
ETFBS80TR.PL,D,20230824,000000,309.95,312.1,308,308,618,0
ETFBS80TR.PL,D,20230825,000000,307.4,308.7,306.15,308.7,375,0
ETFBS80TR.PL,D,20230828,000000,308.2,311.15,307.85,308.05,279,0
ETFBS80TR.PL,D,20230829,000000,310.75,311.05,309.5,309.8,285,0
ETFBS80TR.PL,D,20230830,000000,311,312,309.7,310.35,282,0
ETFBS80TR.PL,D,20230831,000000,311.75,312.15,310.4,310.7,606,0
ETFBS80TR.PL,D,20230901,000000,312.6,314.1,310.8,313.3,374,0
ETFBS80TR.PL,D,20230904,000000,314,316.3,313.4,313.45,434,0
ETFBS80TR.PL,D,20230905,000000,313.2,315.6,312.55,314.3,322,0
ETFBS80TR.PL,D,20230906,000000,315,315.2,309.3,311.75,719,0
ETFBS80TR.PL,D,20230907,000000,310.5,313.55,310.1,311,2449,0
ETFBS80TR.PL,D,20230908,000000,313,313,311.15,312.7,233,0
ETFBS80TR.PL,D,20230911,000000,312.8,314.5,312,312.8,292,0
ETFBS80TR.PL,D,20230912,000000,313.8,314.45,312.4,312.7,192,0
ETFBS80TR.PL,D,20230913,000000,314.4,315.05,313.05,314.9,192,0
ETFBS80TR.PL,D,20230914,000000,315.75,315.75,311.25,312.7,582,0
ETFBS80TR.PL,D,20230915,000000,313.7,314.75,312.7,313.7,384,0
ETFBS80TR.PL,D,20230918,000000,315.1,315.8,311.5,311.5,491,0
ETFBS80TR.PL,D,20230919,000000,311.3,313.7,311.3,311.95,141,0
ETFBS80TR.PL,D,20230920,000000,311.6,313.8,311.6,311.85,142,0
ETFBS80TR.PL,D,20230921,000000,312,312.65,311,311,573,0
ETFBS80TR.PL,D,20230922,000000,310.8,311.45,310.75,311,246,0
ETFBS80TR.PL,D,20230925,000000,311,313.65,310,311,484,0
ETFBS80TR.PL,D,20230926,000000,311,311,307.4,307.4,190,0
ETFBS80TR.PL,D,20230927,000000,307,308.8,305,306.3,371,0
ETFBS80TR.PL,D,20230928,000000,306,306,300.85,301.95,708,0
ETFBS80TR.PL,D,20230929,000000,302.1,307.1,302.1,305,754,0
ETFBS80TR.PL,D,20231002,000000,305,307.05,302.4,303.4,1056,0
ETFBS80TR.PL,D,20231003,000000,303.55,303.6,300.8,300.8,403,0
ETFBS80TR.PL,D,20231004,000000,300.15,301.05,297.3,300.25,697,0
ETFBS80TR.PL,D,20231005,000000,301,303.6,301,301.05,334,0
ETFBS80TR.PL,D,20231006,000000,302.7,302.7,298.85,300.25,1185,0
ETFBS80TR.PL,D,20231009,000000,301,301.3,300,300.1,798,0
ETFBS80TR.PL,D,20231010,000000,300.1,303.95,300.1,303.6,2019,0
ETFBS80TR.PL,D,20231011,000000,305.2,306.15,304.5,304.85,2383,0
ETFBS80TR.PL,D,20231012,000000,306.4,306.6,304.85,304.85,1291,0
ETFBS80TR.PL,D,20231013,000000,306.55,307.8,304.85,306.35,1210,0
ETFBS80TR.PL,D,20231016,000000,309.4,309.8,307.5,309,1858,0
ETFBS80TR.PL,D,20231017,000000,310.95,312.3,310.6,311.5,5193,0
ETFBS80TR.PL,D,20231018,000000,313,313.6,310.55,311,2021,0
ETFBS80TR.PL,D,20231019,000000,311.8,311.8,308.05,309.1,448,0
ETFBS80TR.PL,D,20231020,000000,309.5,309.5,304.35,304.7,1106,0
ETFBS80TR.PL,D,20231023,000000,307.9,307.95,304,304.4,797,0
ETFBS80TR.PL,D,20231024,000000,304.9,307.55,304.9,306.5,2327,0
ETFBS80TR.PL,D,20231025,000000,307,307.25,304.5,305.15,386,0
ETFBS80TR.PL,D,20231026,000000,306.05,306.35,303.55,304.4,352,0
ETFBS80TR.PL,D,20231027,000000,304.1,307.6,304.1,305.7,396,0
ETFBS80TR.PL,D,20231030,000000,305.05,308,305.05,308,794,0
ETFBS80TR.PL,D,20231031,000000,307.7,309.65,307.7,308.1,568,0
ETFBS80TR.PL,D,20231102,000000,310.05,310.5,308.5,308.8,789,0
ETFBS80TR.PL,D,20231103,000000,309.65,309.7,307,308.25,453,0
ETFBS80TR.PL,D,20231106,000000,310.6,312.4,309.35,310.55,485,0
ETFBS80TR.PL,D,20231107,000000,310.6,311.35,308.65,308.95,690,0
ETFBS80TR.PL,D,20231108,000000,310.8,310.8,308,309,390,0
ETFBS80TR.PL,D,20231109,000000,310.05,310.75,308,310,303,0
ETFBS80TR.PL,D,20231110,000000,310.7,311,308.35,308.35,255,0
ETFBS80TR.PL,D,20231113,000000,308.6,310.3,308,308,905,0
ETFBS80TR.PL,D,20231114,000000,307.05,309.8,306.4,309.7,779,0
ETFBS80TR.PL,D,20231115,000000,310,311,309,309.25,1955,0
ETFBS80TR.PL,D,20231116,000000,311,311,309.5,309.5,199,0
ETFBS80TR.PL,D,20231117,000000,309.85,312.5,309.5,311.5,755,0
ETFBS80TR.PL,D,20231120,000000,312.1,313.6,310.45,312.2,808,0
ETFBS80TR.PL,D,20231121,000000,314.8,315.8,314.6,315,1018,0
ETFBS80TR.PL,D,20231122,000000,316.45,316.7,315,315,910,0
ETFBS80TR.PL,D,20231123,000000,316,316.65,315.5,315.5,789,0
ETFBS80TR.PL,D,20231124,000000,316.85,317,316,316.1,551,0
ETFBS80TR.PL,D,20231127,000000,317.1,317.1,315.25,315.6,546,0
ETFBS80TR.PL,D,20231128,000000,317.15,318.5,317.05,318.2,488,0
ETFBS80TR.PL,D,20231129,000000,319.65,319.65,317.1,318,808,0
ETFBS80TR.PL,D,20231130,000000,318,319.3,316.5,318.95,662,0
ETFBS80TR.PL,D,20231201,000000,319.9,322.7,319.05,322.7,1590,0
ETFBS80TR.PL,D,20231204,000000,323,326,322.8,325.3,1435,0
ETFBS80TR.PL,D,20231205,000000,326,327.55,325.5,325.8,960,0
ETFBS80TR.PL,D,20231206,000000,325.9,327.9,325.9,326.85,1774,0
ETFBS80TR.PL,D,20231207,000000,327,327.85,323.6,325.15,961,0
ETFBS80TR.PL,D,20231208,000000,327,328.3,326,327.35,1095,0
ETFBS80TR.PL,D,20231211,000000,329.05,329.85,326.5,329,1061,0
ETFBS80TR.PL,D,20231212,000000,329.05,330.7,327.05,330.7,1399,0
ETFBS80TR.PL,D,20231213,000000,331,331.95,329.3,331.95,280,0
ETFBS80TR.PL,D,20231214,000000,333.15,333.9,332,333.4,1473,0
ETFBS80TR.PL,D,20231215,000000,334.85,336.85,333.65,333.65,1992,0
ETFBS80TR.PL,D,20231218,000000,334.55,337.05,334.55,334.7,658,0
ETFBS80TR.PL,D,20231219,000000,336,336.7,334.7,335.15,1101,0
ETFBS80TR.PL,D,20231220,000000,337,337,334,334.2,554,0
ETFBS80TR.PL,D,20231221,000000,334.2,335,333.75,334.25,537,0
ETFBS80TR.PL,D,20231222,000000,334.5,336.1,334.5,335.3,1166,0
ETFBS80TR.PL,D,20231227,000000,336,339.15,335.5,337.2,1652,0
ETFBS80TR.PL,D,20231228,000000,338.1,340.4,338.1,339.6,1029,0
ETFBS80TR.PL,D,20231229,000000,341,341.85,339,340.45,1725,0
ETFBS80TR.PL,D,20240102,000000,342.25,343.65,335.95,338,6245,0
ETFBS80TR.PL,D,20240103,000000,338.5,339,334.4,337.95,2069,0
ETFBS80TR.PL,D,20240104,000000,337.4,340,337.4,338,1471,0
ETFBS80TR.PL,D,20240105,000000,339.95,339.95,335,337.9,887,0
ETFBS80TR.PL,D,20240108,000000,338.95,340.05,337,339.1,2305,0
ETFBS80TR.PL,D,20240109,000000,341.6,342.5,341.4,342.25,3117,0
ETFBS80TR.PL,D,20240110,000000,342.5,344.55,342.5,343.35,3525,0
ETFBS80TR.PL,D,20240111,000000,345.25,345.85,342,343.45,1675,0
ETFBS80TR.PL,D,20240112,000000,345.7,350,343.35,343.35,1486,0
ETFBS80TR.PL,D,20240115,000000,344.6,345.25,340.05,341,1237,0
ETFBS80TR.PL,D,20240116,000000,341.5,342.05,339.7,339.7,1401,0
ETFBS80TR.PL,D,20240117,000000,339.7,340.7,330,333.2,3931,0
ETFBS80TR.PL,D,20240118,000000,333,336.2,333,335.1,1167,0
ETFBS80TR.PL,D,20240119,000000,337.8,339.2,337,337.2,1321,0
ETFBS80TR.PL,D,20240122,000000,339.8,340,335.85,335.85,1400,0
ETFBS80TR.PL,D,20240123,000000,337,338.8,336,336.5,357,0
ETFBS80TR.PL,D,20240124,000000,336.5,338.85,336.4,337.9,1050,0
ETFBS80TR.PL,D,20240125,000000,339.25,339.25,336.2,336.2,851,0
ETFBS80TR.PL,D,20240126,000000,338.15,338.45,335.25,338.4,650,0
ETFBS80TR.PL,D,20240129,000000,338.1,338.8,336,338.3,868,0
ETFBS80TR.PL,D,20240130,000000,338.75,338.75,337.1,337.5,939,0
ETFBS80TR.PL,D,20240131,000000,338.8,340.05,335.8,338.4,949,0
ETFBS80TR.PL,D,20240201,000000,339.45,341.75,338,341.3,1327,0
ETFBS80TR.PL,D,20240202,000000,343.65,344.25,341.8,343.5,1498,0
ETFBS80TR.PL,D,20240205,000000,345.4,345.95,343.5,344.3,1581,0
ETFBS80TR.PL,D,20240206,000000,344.55,346.3,344,344,898,0
ETFBS80TR.PL,D,20240207,000000,345.85,346.1,343.35,343.35,915,0
ETFBS80TR.PL,D,20240208,000000,345.4,346,343.3,344.05,883,0
ETFBS80TR.PL,D,20240209,000000,345.5,345.5,343.25,344.1,615,0
ETFBS80TR.PL,D,20240212,000000,345.8,345.9,344.1,344.1,566,0
ETFBS80TR.PL,D,20240213,000000,345,345.5,338.8,341.5,1300,0
ETFBS80TR.PL,D,20240214,000000,341.5,343.55,340.85,341,1933,0
ETFBS80TR.PL,D,20240215,000000,343.3,344.1,341,341,806,0
ETFBS80TR.PL,D,20240216,000000,343.15,345.65,342.15,344.2,584,0
ETFBS80TR.PL,D,20240219,000000,344.25,351,344.2,347.8,2442,0
ETFBS80TR.PL,D,20240220,000000,348,349.55,346.1,349.55,569,0
ETFBS80TR.PL,D,20240221,000000,349.6,350.55,346.4,348.2,652,0
ETFBS80TR.PL,D,20240222,000000,348.2,351.15,347,351.15,3905,0
ETFBS80TR.PL,D,20240223,000000,353.2,355,351.45,353.95,867,0
ETFBS80TR.PL,D,20240226,000000,356,357.6,354.35,355,1064,0
ETFBS80TR.PL,D,20240227,000000,356.45,356.75,352.5,352.55,802,0
ETFBS80TR.PL,D,20240228,000000,355.15,355.15,349.55,349.55,980,0
ETFBS80TR.PL,D,20240229,000000,352.5,353.9,351.4,352.15,518,0
ETFBS80TR.PL,D,20240301,000000,353.8,353.8,352.15,353.5,803,0
ETFBS80TR.PL,D,20240304,000000,355.9,356.2,351.5,353.45,736,0
ETFBS80TR.PL,D,20240305,000000,354,354,351,351.3,678,0
ETFBS80TR.PL,D,20240306,000000,352.25,354,350.2,353.05,547,0
ETFBS80TR.PL,D,20240307,000000,354.35,354.35,351,351.75,1662,0
ETFBS80TR.PL,D,20240308,000000,351.8,354,350.2,351,817,0
ETFBS80TR.PL,D,20240311,000000,352.3,352.5,348.7,350.65,1416,0
ETFBS80TR.PL,D,20240312,000000,352.95,353.3,350,352.7,618,0
ETFBS80TR.PL,D,20240313,000000,353.35,356.3,352.7,354.45,968,0
ETFBS80TR.PL,D,20240314,000000,355,357.75,355,356.55,398,0
ETFBS80TR.PL,D,20240315,000000,356.55,357.4,347.6,351.9,4807,0
ETFBS80TR.PL,D,20240318,000000,351.95,352.25,348.35,350.4,487,0
ETFBS80TR.PL,D,20240319,000000,349.55,352.2,348.8,350.3,531,0
ETFBS80TR.PL,D,20240320,000000,352.85,353.75,350,352.1,815,0
ETFBS80TR.PL,D,20240321,000000,354,356.6,352.25,356.2,966,0
ETFBS80TR.PL,D,20240322,000000,356.2,357.55,355,356.8,534,0
ETFBS80TR.PL,D,20240325,000000,357.6,357.95,354.15,354.15,256,0
ETFBS80TR.PL,D,20240326,000000,355.85,357.05,354.7,356.05,435,0
ETFBS80TR.PL,D,20240327,000000,357,358.8,355.8,358,367,0
ETFBS80TR.PL,D,20240328,000000,359.8,361,357.55,359.8,364,0
ETFBS80TR.PL,D,20240402,000000,361,362.95,357.3,359,1010,0
ETFBS80TR.PL,D,20240403,000000,359.25,361.6,359,360,476,0
ETFBS80TR.PL,D,20240404,000000,360.15,362.1,359.2,360.3,961,0
ETFBS80TR.PL,D,20240405,000000,361.15,361.25,357,359.3,610,0
ETFBS80TR.PL,D,20240408,000000,359.2,361.5,358,359.9,1514,0
ETFBS80TR.PL,D,20240409,000000,360,362,358.45,358.45,1396,0
ETFBS80TR.PL,D,20240410,000000,358.95,363.9,358.9,363,1143,0
ETFBS80TR.PL,D,20240411,000000,363,364.6,361.15,361.2,615,0
ETFBS80TR.PL,D,20240412,000000,361.2,362.2,359.25,360.1,1386,0
ETFBS80TR.PL,D,20240415,000000,359.5,362.45,359.45,361.9,596,0
ETFBS80TR.PL,D,20240416,000000,359.5,359.55,355.1,356.5,975,0
ETFBS80TR.PL,D,20240417,000000,357.5,358.3,355.1,357.35,740,0
ETFBS80TR.PL,D,20240418,000000,358.2,360.6,356.85,359,574,0
ETFBS80TR.PL,D,20240419,000000,359.6,359.6,356.8,358.1,752,0
ETFBS80TR.PL,D,20240422,000000,358.1,360.25,357.05,358,854,0
ETFBS80TR.PL,D,20240423,000000,360,361.65,359.4,361.6,729,0
ETFBS80TR.PL,D,20240424,000000,363,363,358.85,360.65,676,0
ETFBS80TR.PL,D,20240425,000000,361.1,361.45,357,357.4,505,0
ETFBS80TR.PL,D,20240426,000000,358.25,360.25,357.45,359.55,388,0
ETFBS80TR.PL,D,20240429,000000,357.9,361.05,357.9,359,532,0
ETFBS80TR.PL,D,20240430,000000,361.9,361.9,359,360.35,336,0
ETFBS80TR.PL,D,20240502,000000,360.35,361.3,358.5,360.55,439,0
ETFBS80TR.PL,D,20240506,000000,361.8,362.4,359.7,361.2,1059,0
ETFBS80TR.PL,D,20240507,000000,361.65,362.8,359.7,362.8,643,0
ETFBS80TR.PL,D,20240508,000000,363,365.1,362.8,363,462,0
ETFBS80TR.PL,D,20240509,000000,363,365.45,361.8,363.4,578,0
ETFBS80TR.PL,D,20240510,000000,363.4,364.6,362.15,363.15,489,0
ETFBS80TR.PL,D,20240513,000000,363.5,367.5,363.15,367.5,998,0
ETFBS80TR.PL,D,20240514,000000,368.95,370,367.6,369.2,474,0
ETFBS80TR.PL,D,20240515,000000,369.35,370.15,368.85,368.85,342,0
ETFBS80TR.PL,D,20240516,000000,370,371.75,368.95,371.5,1239,0
ETFBS80TR.PL,D,20240517,000000,372,372.45,369,372.4,864,0
ETFBS80TR.PL,D,20240520,000000,373.75,376.2,371.15,374.7,1953,0
ETFBS80TR.PL,D,20240521,000000,375.4,376.5,373.05,375.4,414,0
ETFBS80TR.PL,D,20240522,000000,375.4,378,374.65,378,1579,0
ETFBS80TR.PL,D,20240523,000000,376.8,377,374.65,375.5,1389,0
ETFBS80TR.PL,D,20240524,000000,375.25,375.35,372,372.5,421,0
ETFBS80TR.PL,D,20240527,000000,373.2,374.45,372,372,512,0
ETFBS80TR.PL,D,20240528,000000,372.9,373.3,370.4,371.75,457,0
ETFBS80TR.PL,D,20240529,000000,372.85,372.85,366.25,366.25,760,0
ETFBS80TR.PL,D,20240531,000000,366.25,369.35,364.65,367,485,0
ETFBS80TR.PL,D,20240603,000000,367.75,371.35,367.75,369.9,1576,0
ETFBS80TR.PL,D,20240604,000000,370.6,370.85,365.4,367.85,790,0
ETFBS80TR.PL,D,20240605,000000,366.9,369,365.75,367.65,536,0
ETFBS80TR.PL,D,20240606,000000,368,368.75,367,367.7,322,0
ETFBS80TR.PL,D,20240607,000000,369,369,364.35,367.5,645,0
ETFBS80TR.PL,D,20240610,000000,367.05,367.3,364.2,366.1,659,0
ETFBS80TR.PL,D,20240611,000000,367.85,367.85,363.5,363.5,791,0
ETFBS80TR.PL,D,20240612,000000,365,365.7,363.15,364.6,514,0
ETFBS80TR.PL,D,20240613,000000,365.3,365.7,361.45,361.45,701,0
ETFBS80TR.PL,D,20240614,000000,360.75,361.95,359.1,360.95,1485,0
ETFBS80TR.PL,D,20240617,000000,361,363.9,360.95,362.9,1118,0
ETFBS80TR.PL,D,20240618,000000,365.3,366.35,364,364.75,1026,0
ETFBS80TR.PL,D,20240619,000000,366.05,368.95,366,368.5,404,0
ETFBS80TR.PL,D,20240620,000000,368.5,370,367.15,370,431,0
ETFBS80TR.PL,D,20240621,000000,370,374.1,368.2,374.1,1768,0
ETFBS80TR.PL,D,20240624,000000,375.05,377.65,375,375.6,811,0
ETFBS80TR.PL,D,20240625,000000,377.6,378.1,375.6,377,816,0
ETFBS80TR.PL,D,20240626,000000,377,379.7,376.15,378.35,967,0
ETFBS80TR.PL,D,20240627,000000,379.25,379.65,375.85,379.1,398,0
ETFBS80TR.PL,D,20240628,000000,380,380.9,378,379.5,627,0
ETFBS80TR.PL,D,20240701,000000,379.9,382.25,378.85,380.3,687,0
ETFBS80TR.PL,D,20240702,000000,382.5,383,377.3,378.3,1089,0
ETFBS80TR.PL,D,20240703,000000,379.4,380.2,377.15,378.6,660,0
ETFBS80TR.PL,D,20240704,000000,380.05,380.4,377.5,378.35,450,0
ETFBS80TR.PL,D,20240705,000000,378.35,380.6,378.35,379.5,482,0
ETFBS80TR.PL,D,20240708,000000,381,385.2,380.15,385.2,741,0
ETFBS80TR.PL,D,20240709,000000,385.35,387.35,385,386.2,1246,0
ETFBS80TR.PL,D,20240710,000000,387.35,387.9,383.1,384.6,1033,0
ETFBS80TR.PL,D,20240711,000000,384.65,384.7,380.55,382.45,513,0
ETFBS80TR.PL,D,20240712,000000,382.45,383.6,380.7,383.15,918,0
ETFBS80TR.PL,D,20240715,000000,383.15,383.6,377.35,377.4,995,0
ETFBS80TR.PL,D,20240716,000000,379.9,379.9,371.45,373.7,1781,0
ETFBS80TR.PL,D,20240717,000000,373.1,375.25,369.45,371.65,1233,0
ETFBS80TR.PL,D,20240718,000000,371.65,374.9,371.55,373.45,695,0
ETFBS80TR.PL,D,20240719,000000,375.45,375.45,372.05,372.4,462,0
ETFBS80TR.PL,D,20240722,000000,376.6,377.55,374.25,375,791,0
ETFBS80TR.PL,D,20240723,000000,376.7,376.7,371,371.75,330,0
ETFBS80TR.PL,D,20240724,000000,371.75,373.1,369.9,372.7,581,0
ETFBS80TR.PL,D,20240725,000000,370.35,370.35,364.45,367.2,1720,0
ETFBS80TR.PL,D,20240726,000000,368.45,370.35,367.5,368.85,373,0
ETFBS80TR.PL,D,20240729,000000,369,371.55,369,369,557,0
ETFBS80TR.PL,D,20240730,000000,367.85,370.4,367.6,367.6,380,0
ETFBS80TR.PL,D,20240731,000000,366.5,370.15,366.5,368.9,605,0
ETFBS80TR.PL,D,20240801,000000,367.2,369,366.4,367,719,0
ETFBS80TR.PL,D,20240802,000000,363.35,365,358.95,359.2,2264,0
ETFBS80TR.PL,D,20240805,000000,345,348.65,339.85,344.25,6974,0
ETFBS80TR.PL,D,20240806,000000,349.15,353.6,347.85,349.95,1998,0
ETFBS80TR.PL,D,20240807,000000,351.3,357,351.3,356.5,1641,0
ETFBS80TR.PL,D,20240808,000000,356.5,357.7,352.9,357,956,0
ETFBS80TR.PL,D,20240809,000000,358.5,361.65,358,358.3,1160,0
ETFBS80TR.PL,D,20240812,000000,361.05,362.4,359.85,362.4,926,0
ETFBS80TR.PL,D,20240813,000000,362.85,365.7,361.55,361.6,558,0
ETFBS80TR.PL,D,20240814,000000,363.1,364.6,361.7,363.9,382,0
ETFBS80TR.PL,D,20240816,000000,364.3,367.35,363.85,367.35,1265,0
ETFBS80TR.PL,D,20240819,000000,367.7,368.5,365,368.5,506,0
ETFBS80TR.PL,D,20240820,000000,368.5,369.35,365.9,367,899,0
ETFBS80TR.PL,D,20240821,000000,367.25,369.65,366.55,368.65,1370,0
ETFBS80TR.PL,D,20240822,000000,368.65,370,367,368.8,218,0
ETFBS80TR.PL,D,20240823,000000,370,370.75,368,368.45,315,0
ETFBS80TR.PL,D,20240826,000000,368.95,371,366.9,367.6,755,0
ETFBS80TR.PL,D,20240827,000000,368.05,369,366.1,368.4,471,0
ETFBS80TR.PL,D,20240828,000000,367.25,368.45,366.05,368,699,0
ETFBS80TR.PL,D,20240829,000000,367.9,368.55,365.65,368.55,262,0
ETFBS80TR.PL,D,20240830,000000,369.8,370.9,368.2,370.5,312,0
ETFBS80TR.PL,D,20240902,000000,370.05,372.2,368.95,372.2,1310,0
ETFBS80TR.PL,D,20240903,000000,372.55,373.15,369.35,369.35,760,0
ETFBS80TR.PL,D,20240904,000000,369.05,369.05,365.2,367.1,431,0
ETFBS80TR.PL,D,20240905,000000,367.1,370.2,365.9,365.9,333,0
ETFBS80TR.PL,D,20240906,000000,366.4,368.9,364.6,366.6,1137,0
ETFBS80TR.PL,D,20240909,000000,366.65,367,364,364.25,577,0
ETFBS80TR.PL,D,20240910,000000,364.65,365.5,363,364.45,1034,0
ETFBS80TR.PL,D,20240911,000000,363.55,365.6,359.7,361.15,530,0
ETFBS80TR.PL,D,20240912,000000,361.85,364,360.7,360.7,553,0
ETFBS80TR.PL,D,20240913,000000,363,363,360.45,361.65,493,0
ETFBS80TR.PL,D,20240916,000000,362,362.7,359.95,359.95,516,0
ETFBS80TR.PL,D,20240917,000000,360.2,364,360.2,363.2,308,0
ETFBS80TR.PL,D,20240918,000000,363.7,367.95,363.4,367.6,364,0
ETFBS80TR.PL,D,20240919,000000,368,368.15,366,367.8,317,0
ETFBS80TR.PL,D,20240920,000000,368,368.9,363.8,363.8,455,0
ETFBS80TR.PL,D,20240923,000000,363,365.95,362.5,363.35,623,0
ETFBS80TR.PL,D,20240924,000000,363.1,366.6,363.1,366.6,324,0
ETFBS80TR.PL,D,20240925,000000,366.6,367.35,366,367.3,162,0
ETFBS80TR.PL,D,20240926,000000,367.55,368.9,365,367.55,1168,0
ETFBS80TR.PL,D,20240927,000000,368,369.4,368,368.6,592,0
ETFBS80TR.PL,D,20240930,000000,368,368.6,366,368,430,0
ETFBS80TR.PL,D,20241001,000000,368.4,368.4,366,367.3,477,0
ETFBS80TR.PL,D,20241002,000000,367,367,363.75,365,427,0
ETFBS80TR.PL,D,20241003,000000,365.9,365.9,361.5,362.6,372,0
ETFBS80TR.PL,D,20241004,000000,362.9,363.45,361.2,361.75,1178,0
ETFBS80TR.PL,D,20241007,000000,361.75,365,360,360.1,459,0
ETFBS80TR.PL,D,20241008,000000,359.95,360.4,356.9,360.2,1212,0
ETFBS80TR.PL,D,20241009,000000,360.2,362.2,360,362.05,411,0
ETFBS80TR.PL,D,20241010,000000,362.25,365.75,362.1,364,355,0
ETFBS80TR.PL,D,20241011,000000,363,365.65,363,365.65,453,0
ETFBS80TR.PL,D,20241014,000000,365.65,367.1,364,364,1043,0
ETFBS80TR.PL,D,20241015,000000,367.6,367.9,365,365.6,492,0
ETFBS80TR.PL,D,20241016,000000,366.2,368.2,365,366.65,908,0
ETFBS80TR.PL,D,20241017,000000,367.1,367.1,361.8,361.8,680,0
ETFBS80TR.PL,D,20241018,000000,363.9,367.2,363.9,367.2,232,0
ETFBS80TR.PL,D,20241021,000000,367.25,369.55,363.3,364.2,396,0
ETFBS80TR.PL,D,20241022,000000,367.25,367.25,361,363.6,347,0
ETFBS80TR.PL,D,20241023,000000,364,364.5,359.4,361.65,828,0
ETFBS80TR.PL,D,20241024,000000,361.75,363.6,360.75,361.05,650,0
ETFBS80TR.PL,D,20241025,000000,362,362,358.5,360.7,191,0
ETFBS80TR.PL,D,20241028,000000,360,363.55,359.55,363.55,450,0
ETFBS80TR.PL,D,20241029,000000,362.9,364.7,361.7,364.4,283,0
ETFBS80TR.PL,D,20241030,000000,365.45,365.95,359.6,359.75,735,0
ETFBS80TR.PL,D,20241031,000000,361.8,361.8,358.45,361.1,557,0
ETFBS80TR.PL,D,20241104,000000,361.1,361.8,360,361.6,555,0
ETFBS80TR.PL,D,20241105,000000,361.6,362.5,359.7,362.5,561,0
ETFBS80TR.PL,D,20241106,000000,362,370,360.25,362.25,1709,0
ETFBS80TR.PL,D,20241107,000000,363.6,365,362.1,364.95,426,0
ETFBS80TR.PL,D,20241108,000000,364.95,366.3,363.4,366.3,745,0
ETFBS80TR.PL,D,20241112,000000,368,368.1,364,365.45,813,0
ETFBS80TR.PL,D,20241113,000000,366,366,363,365.15,501,0
ETFBS80TR.PL,D,20241114,000000,364.5,366.35,360.85,363.1,1727,0
ETFBS80TR.PL,D,20241115,000000,362.6,362.6,356.5,356.5,1091,0
ETFBS80TR.PL,D,20241118,000000,357.15,359.5,354.95,356.1,842,0
ETFBS80TR.PL,D,20241119,000000,357.8,357.8,347.8,351.95,934,0
ETFBS80TR.PL,D,20241120,000000,351.65,356.7,351.65,355,1007,0
ETFBS80TR.PL,D,20241121,000000,356,357.25,353,355.65,730,0
ETFBS80TR.PL,D,20241122,000000,356.8,358.1,353.3,356.9,669,0
ETFBS80TR.PL,D,20241125,000000,357,361.4,356.35,359.6,808,0
ETFBS80TR.PL,D,20241126,000000,359.6,360.75,356.25,356.25,249,0
ETFBS80TR.PL,D,20241127,000000,359.7,359.75,355,355.55,575,0
ETFBS80TR.PL,D,20241128,000000,355.95,356.3,351.8,351.8,456,0
ETFBS80TR.PL,D,20241129,000000,354.3,356,351.75,354,345,0
ETFBS80TR.PL,D,20241202,000000,357,358.2,355,357.5,1419,0
ETFBS80TR.PL,D,20241203,000000,357.4,360,357.15,358,366,0
ETFBS80TR.PL,D,20241204,000000,359.85,360.65,357.4,357.95,723,0
ETFBS80TR.PL,D,20241205,000000,361.6,362.1,359.15,360.8,692,0
ETFBS80TR.PL,D,20241206,000000,362.55,363,360.7,361.7,486,0
ETFBS80TR.PL,D,20241209,000000,363.95,363.95,360.4,362,640,0
ETFBS80TR.PL,D,20241210,000000,362,362.5,359.6,362.25,618,0
ETFBS80TR.PL,D,20241211,000000,362.7,362.85,358.45,361.35,336,0
ETFBS80TR.PL,D,20241212,000000,359.35,361.85,357.25,357.25,532,0
ETFBS80TR.PL,D,20241213,000000,360.1,360.65,357.25,358.95,384,0
ETFBS80TR.PL,D,20241216,000000,358.95,360.05,356.7,358,349,0
ETFBS80TR.PL,D,20241217,000000,360.25,360.7,355,355.95,578,0
ETFBS80TR.PL,D,20241218,000000,357.4,357.4,353.3,354.2,562,0
ETFBS80TR.PL,D,20241219,000000,354.2,354.8,350,350.1,804,0
ETFBS80TR.PL,D,20241220,000000,350.1,352.45,348.3,351.75,612,0
ETFBS80TR.PL,D,20241223,000000,354,354,349.35,352.3,1922,0
ETFBS80TR.PL,D,20241227,000000,353.65,360,352.45,357.4,1160,0
ETFBS80TR.PL,D,20241230,000000,358.75,359.75,357.55,359.75,912,0
ETFBS80TR.PL,D,20250102,000000,362.05,364.95,359.85,364.1,2118,0
ETFBS80TR.PL,D,20250103,000000,366.9,368.05,365.1,367,1365,0
ETFBS80TR.PL,D,20250107,000000,369.5,369.8,367,367,2416,0
ETFBS80TR.PL,D,20250108,000000,369.15,369.15,363.5,363.9,918,0
ETFBS80TR.PL,D,20250109,000000,363.9,366.4,363.65,364.7,804,0
ETFBS80TR.PL,D,20250110,000000,364,366.65,364,364.1,778,0
ETFBS80TR.PL,D,20250113,000000,365.3,365.5,361.7,361.9,1319,0
ETFBS80TR.PL,D,20250114,000000,361.9,364.05,361.9,363,873,0
ETFBS80TR.PL,D,20250115,000000,363.8,365.15,361.7,364.4,1047,0
ETFBS80TR.PL,D,20250116,000000,365.5,365.7,362.5,364.05,1126,0
ETFBS80TR.PL,D,20250117,000000,364.6,367.9,364.6,366.25,741,0
ETFBS80TR.PL,D,20250120,000000,368.8,369.45,366.95,368,978,0
ETFBS80TR.PL,D,20250121,000000,369,369.6,367.8,368,1114,0
ETFBS80TR.PL,D,20250122,000000,369.6,369.9,366.8,368.4,2271,0
ETFBS80TR.PL,D,20250123,000000,367.35,369.75,367.2,369.2,2022,0
ETFBS80TR.PL,D,20250124,000000,369.15,373.9,369,372.9,1381,0
ETFBS80TR.PL,D,20250127,000000,372.9,373.2,367.55,369.6,1610,0
ETFBS80TR.PL,D,20250128,000000,371.9,373.05,369.6,373,704,0
ETFBS80TR.PL,D,20250129,000000,374,375,372.2,373.55,945,0
ETFBS80TR.PL,D,20250130,000000,374.9,376,374.05,374.3,1158,0
ETFBS80TR.PL,D,20250131,000000,374.4,375.05,371.65,374,1260,0
ETFBS80TR.PL,D,20250203,000000,372.25,373.2,369.15,371.95,1430,0
ETFBS80TR.PL,D,20250204,000000,372.3,374.75,372.2,374.75,1016,0
ETFBS80TR.PL,D,20250205,000000,374.75,375.4,373,373.55,534,0
ETFBS80TR.PL,D,20250206,000000,375.35,378,374.2,378,646,0
ETFBS80TR.PL,D,20250207,000000,379.9,381.85,377.65,381.75,1167,0
ETFBS80TR.PL,D,20250210,000000,383.05,386.55,380.95,384,1575,0
ETFBS80TR.PL,D,20250211,000000,387,387.25,385,385.85,1058,0
ETFBS80TR.PL,D,20250212,000000,386.9,389,386,386.9,1362,0
ETFBS80TR.PL,D,20250213,000000,388.6,388.95,385.2,385.3,2583,0
ETFBS80TR.PL,D,20250214,000000,388.5,388.5,385.45,386.1,959,0
ETFBS80TR.PL,D,20250217,000000,386.8,390.35,386.5,390.1,969,0
ETFBS80TR.PL,D,20250218,000000,390.95,392.15,388.1,389.9,2712,0
ETFBS80TR.PL,D,20250219,000000,391.9,392,384.6,384.6,1556,0
ETFBS80TR.PL,D,20250220,000000,385,387.8,384.6,386.05,748,0
ETFBS80TR.PL,D,20250221,000000,387,390.35,386.5,389.6,1856,0
ETFBS80TR.PL,D,20250224,000000,391.75,393.1,388.85,391.35,1451,0
ETFBS80TR.PL,D,20250225,000000,391,391,387.95,389.4,496,0
ETFBS80TR.PL,D,20250226,000000,389.4,393.65,389.4,392.9,948,0
ETFBS80TR.PL,D,20250227,000000,393.6,394,390.4,392,1005,0
ETFBS80TR.PL,D,20250228,000000,390.8,391.85,388.45,389.85,962,0
ETFBS80TR.PL,D,20250303,000000,389.85,393.15,387.95,392.85,2418,0
ETFBS80TR.PL,D,20250304,000000,391.55,391.95,382.3,385.1,1407,0
ETFBS80TR.PL,D,20250305,000000,386.85,393,386.85,392,1185,0
ETFBS80TR.PL,D,20250306,000000,394.55,395.55,392.75,394.5,1085,0
ETFBS80TR.PL,D,20250307,000000,394.5,396.75,392.1,394.4,633,0
ETFBS80TR.PL,D,20250310,000000,395,396.85,390.95,393.3,855,0
ETFBS80TR.PL,D,20250311,000000,392,394.05,391.45,393.05,1973,0
ETFBS80TR.PL,D,20250312,000000,393.55,396.25,393.4,395,1933,0
ETFBS80TR.PL,D,20250313,000000,397.35,401,395,399.5,1241,0
ETFBS80TR.PL,D,20250314,000000,401,402.95,400,400,1648,0
ETFBS80TR.PL,D,20250317,000000,400,403.6,400,402.15,2558,0
ETFBS80TR.PL,D,20250318,000000,403,407,402.75,403.85,1098,0
ETFBS80TR.PL,D,20250319,000000,405.85,408.3,405.5,408.3,459,0
ETFBS80TR.PL,D,20250320,000000,409.55,409.6,402.95,405,766,0
ETFBS80TR.PL,D,20250321,000000,405.1,406.7,402,404,1139,0
ETFBS80TR.PL,D,20250324,000000,404.45,407.95,404.45,406.45,1743,0
ETFBS80TR.PL,D,20250325,000000,408.85,418.6,407,411.05,1465,0
ETFBS80TR.PL,D,20250326,000000,412.1,414.15,407.25,410,1574,0
ETFBS80TR.PL,D,20250327,000000,409.9,409.9,406.5,409.15,1260,0
ETFBS80TR.PL,D,20250328,000000,408,410.55,406.8,408.45,798,0
ETFBS80TR.PL,D,20250331,000000,408.45,408.45,401.1,403.95,2057,0
ETFBS80TR.PL,D,20250401,000000,403.6,408.45,403.6,408.45,794,0
ETFBS80TR.PL,D,20250402,000000,410.35,411.65,408.25,411.65,519,0
ETFBS80TR.PL,D,20250403,000000,408.5,409.9,400.9,402.75,2294,0
ETFBS80TR.PL,D,20250404,000000,400.75,402.45,390,391.1,4304,0
ETFBS80TR.PL,D,20250407,000000,368.3,386.55,368.05,385.4,6456,0
ETFBS80TR.PL,D,20250408,000000,389.45,395.7,388.2,393.1,2817,0
ETFBS80TR.PL,D,20250409,000000,390.15,391.65,382.25,387.05,3649,0
ETFBS80TR.PL,D,20250410,000000,403.3,404,392.5,396.15,2587,0
ETFBS80TR.PL,D,20250411,000000,400.7,404,392.8,397.75,1000,0
ETFBS80TR.PL,D,20250414,000000,396.85,405.6,396.85,403,852,0
ETFBS80TR.PL,D,20250415,000000,407.95,409.65,405,407.25,727,0
ETFBS80TR.PL,D,20250416,000000,408.55,409.75,406.1,407.35,650,0
ETFBS80TR.PL,D,20250417,000000,407.2,415.4,407.2,414,1302,0
ETFBS80TR.PL,D,20250422,000000,414.5,417.3,412.2,417.3,1398,0
ETFBS80TR.PL,D,20250423,000000,422.35,422.35,416.4,421.85,2211,0
ETFBS80TR.PL,D,20250424,000000,421.05,422,416.45,420,841,0
ETFBS80TR.PL,D,20250425,000000,423,423.6,420,421.1,995,0
ETFBS80TR.PL,D,20250428,000000,422.75,424.25,421.1,423.8,740,0
ETFBS80TR.PL,D,20250429,000000,424,426.5,421.25,423.15,670,0
ETFBS80TR.PL,D,20250430,000000,425.05,426,405,421.6,2049,0
ETFBS80TR.PL,D,20250502,000000,424.6,431.45,422.35,429.75,1495,0
ETFBS80TR.PL,D,20250505,000000,432.1,433.2,430.1,431.75,847,0
ETFBS80TR.PL,D,20250506,000000,431.75,433.7,428.2,433.7,1337,0
ETFBS80TR.PL,D,20250507,000000,435.95,438.8,432.7,436.4,903,0
ETFBS80TR.PL,D,20250508,000000,438.05,439.25,435.5,437.55,1236,0
ETFBS80TR.PL,D,20250509,000000,438.6,440.85,436.2,439.55,1665,0
ETFBS80TR.PL,D,20250512,000000,444.7,449,440,442.7,2461,0
ETFBS80TR.PL,D,20250513,000000,445.4,449,441.3,441.3,3225,0
ETFBS80TR.PL,D,20250514,000000,446,447.2,443.15,444.2,1060,0
ETFBS80TR.PL,D,20250515,000000,447.65,447.65,442,442,1144,0
ETFBS80TR.PL,D,20250516,000000,462.65,480,440.8,441.95,1092,0
ETFBS80TR.PL,D,20250519,000000,442.5,443.95,437.1,441.1,1500,0
ETFBS80TR.PL,D,20250520,000000,441.5,442.6,438.85,439.4,768,0
ETFBS80TR.PL,D,20250521,000000,440.5,442.3,438.1,439.9,681,0
ETFBS80TR.PL,D,20250522,000000,441.45,441.45,436.6,437.95,1019,0
ETFBS80TR.PL,D,20250523,000000,437.95,438,430.6,433.5,961,0
ETFBS80TR.PL,D,20250526,000000,435.2,439.1,433.5,438.65,1834,0
ETFBS80TR.PL,D,20250527,000000,440,441.75,438.65,440.05,1047,0
ETFBS80TR.PL,D,20250528,000000,442.95,445.45,442,442.75,763,0
ETFBS80TR.PL,D,20250529,000000,444.25,444.25,437.1,439.05,1459,0
ETFBS80TR.PL,D,20250530,000000,440.5,440.75,437.4,439.95,1341,0
ETFBS80TR.PL,D,20250602,000000,435,445.8,435,440.1,1560,0
ETFBS80TR.PL,D,20250603,000000,441.7,442,433.35,433.35,1158,0
ETFBS80TR.PL,D,20250604,000000,435.65,437.2,433.05,436.6,1194,0
ETFBS80TR.PL,D,20250605,000000,438.65,439,434,435.75,5313,0
ETFBS80TR.PL,D,20250606,000000,435.75,437.05,430.05,436.3,1185,0
ETFBS80TR.PL,D,20250609,000000,437.6,437.6,433.55,435.05,991,0
ETFBS80TR.PL,D,20250610,000000,437.2,439.2,434.35,437.55,1509,0
ETFBS80TR.PL,D,20250611,000000,438.65,439.1,435.1,436.45,944,0
ETFBS80TR.PL,D,20250612,000000,438.15,438.5,432.6,435.4,887,0
ETFBS80TR.PL,D,20250613,000000,434.1,435,430.7,431.15,922,0
ETFBS80TR.PL,D,20250616,000000,433.5,435.5,431.2,432.2,1363,0
ETFBS80TR.PL,D,20250617,000000,433.3,433.3,430.25,432,1294,0
ETFBS80TR.PL,D,20250618,000000,432,433.2,430.3,432.2,633,0
ETFBS80TR.PL,D,20250620,000000,433.2,440.85,432.2,440.85,988,0
ETFBS80TR.PL,D,20250623,000000,441,441.15,435.05,435.95,745,0
ETFBS80TR.PL,D,20250624,000000,437.7,441,436.35,439.05,505,0
ETFBS80TR.PL,D,20250625,000000,439.85,443.05,438.5,438.95,2091,0
ETFBS80TR.PL,D,20250626,000000,441.4,443.45,439.05,443.1,1299,0
ETFBS80TR.PL,D,20250627,000000,444,446.8,441.95,444.75,1273,0
ETFBS80TR.PL,D,20250630,000000,446.15,446.45,443.1,445.4,1575,0
ETFBS80TR.PL,D,20250701,000000,445.7,445.9,441.7,442.25,1139,0
ETFBS80TR.PL,D,20250702,000000,443.4,444.75,441.7,442.9,766,0
ETFBS80TR.PL,D,20250703,000000,445,446.9,443.1,445.7,1285,0
ETFBS80TR.PL,D,20250704,000000,444.2,445.05,442.1,444.4,1040,0
ETFBS80TR.PL,D,20250707,000000,445,447.7,443.4,444.6,4426,0
ETFBS80TR.PL,D,20250708,000000,445.55,447,444,445.85,1419,0
ETFBS80TR.PL,D,20250709,000000,444.55,447.55,443,445,2550,0
ETFBS80TR.PL,D,20250710,000000,447.75,448.9,445.05,446.65,1074,0
ETFBS80TR.PL,D,20250711,000000,447.85,448.15,444.05,445.5,1019,0
ETFBS80TR.PL,D,20250714,000000,446,448.7,445,445.65,1760,0
ETFBS80TR.PL,D,20250715,000000,447.95,449.2,446.1,447.1,1897,0
ETFBS80TR.PL,D,20250716,000000,448.1,448.65,446.05,448.1,1544,0
ETFBS80TR.PL,D,20250717,000000,450.2,451.45,448.2,451.3,744,0
ETFBS80TR.PL,D,20250718,000000,453.05,453.55,450.1,451.6,1649,0
ETFBS80TR.PL,D,20250721,000000,454.45,454.65,451.8,453.2,963,0
ETFBS80TR.PL,D,20250722,000000,455,455.5,452.5,453.25,618,0
ETFBS80TR.PL,D,20250723,000000,455.6,456.3,453.55,454.85,682,0
ETFBS80TR.PL,D,20250724,000000,454.45,457.85,454.45,455.6,769,0
ETFBS80TR.PL,D,20250725,000000,455,458.2,455,456.9,757,0
ETFBS80TR.PL,D,20250728,000000,459.75,460,455,456.2,979,0
ETFBS80TR.PL,D,20250729,000000,456.5,457.7,453.6,454.65,1170,0
ETFBS80TR.PL,D,20250730,000000,455.85,457.35,455,455,691,0
ETFBS80TR.PL,D,20250731,000000,457.1,457.45,451.8,453,5007,0
ETFBS80TR.PL,D,20250801,000000,451.6,452,447.1,448.3,3536,0
ETFBS80TR.PL,D,20250804,000000,449,450.9,446.8,450.1,1200,0
ETFBS80TR.PL,D,20250805,000000,450.1,452.15,448.55,448.9,766,0
ETFBS80TR.PL,D,20250806,000000,449,451,448.25,449.2,750,0
ETFBS80TR.PL,D,20250807,000000,449.25,453.65,449.25,452.55,936,0
ETFBS80TR.PL,D,20250808,000000,453.65,455.6,451.75,454.45,900,0
ETFBS80TR.PL,D,20250811,000000,455.8,458.05,454,454.4,894,0
ETFBS80TR.PL,D,20250812,000000,455.9,457,455,456.6,1022,0
ETFBS80TR.PL,D,20250813,000000,455,457.65,454.15,454.95,917,0
ETFBS80TR.PL,D,20250814,000000,455.95,456.35,452.05,454.7,865,0
ETFBS80TR.PL,D,20250818,000000,456.85,457.25,455,456.55,748,0
ETFBS80TR.PL,D,20250819,000000,457.05,459.15,456.55,457.2,1439,0
ETFBS80TR.PL,D,20250820,000000,457.35,458.25,455.15,457.1,755,0
ETFBS80TR.PL,D,20250821,000000,458.15,459.85,456.55,458.5,644,0
ETFBS80TR.PL,D,20250822,000000,458.15,458.6,453.2,455.05,737,0
ETFBS80TR.PL,D,20250825,000000,457.8,458.75,455.1,458.6,794,0
ETFBS80TR.PL,D,20250826,000000,458.25,459.3,455.65,458.6,502,0
ETFBS80TR.PL,D,20250827,000000,460.05,461.55,453.65,455.95,919,0
ETFBS80TR.PL,D,20250828,000000,456.5,458.9,454.95,454.95,843,0
ETFBS80TR.PL,D,20250829,000000,457.05,457.3,451.7,453.2,990,0
ETFBS80TR.PL,D,20250901,000000,455.05,456.1,450.2,454.45,1255,0
ETFBS80TR.PL,D,20250902,000000,454.55,455.6,452,454.05,1880,0
ETFBS80TR.PL,D,20250903,000000,455,460,453.15,455.65,880,0
ETFBS80TR.PL,D,20250904,000000,456.7,457.55,453.8,456,689,0
ETFBS80TR.PL,D,20250905,000000,458.2,462,456,457.2,808,0
ETFBS80TR.PL,D,20250908,000000,460.95,465.4,459.75,463.85,1436,0
ETFBS80TR.PL,D,20250909,000000,467.15,467.7,464.8,467.15,3267,0
ETFBS80TR.PL,D,20250910,000000,466.1,466.1,459,462.1,3017,0
ETFBS80TR.PL,D,20250911,000000,463,465.8,462.75,464.45,875,0
ETFBS80TR.PL,D,20250912,000000,467.7,467.8,464.65,466.85,1184,0
ETFBS80TR.PL,D,20250915,000000,469.35,469.7,465.6,466.4,2632,0
ETFBS80TR.PL,D,20250916,000000,468.15,469.85,464.05,464.05,1037,0
ETFBS80TR.PL,D,20250917,000000,464.7,467.55,463.4,463.9,831,0
ETFBS80TR.PL,D,20250918,000000,465.75,467.3,463.5,466.05,768,0
ETFBS80TR.PL,D,20250919,000000,467.35,471.65,464.55,471.65,1240,0
ETFBS80TR.PL,D,20250922,000000,475.95,476.05,468.35,471,3494,0
ETFBS80TR.PL,D,20250923,000000,472.2,474,470,470.35,1404,0
ETFBS80TR.PL,D,20250924,000000,470,471.05,465,466.6,2220,0
ETFBS80TR.PL,D,20250925,000000,468.95,468.95,465,465.35,2224,0
ETFBS80TR.PL,D,20250926,000000,465.95,468.05,463.55,468.05,922,0
ETFBS80TR.PL,D,20250929,000000,468.05,469.75,466,467.1,2733,0
ETFBS80TR.PL,D,20250930,000000,467.8,468.3,464.5,466.3,1181,0
ETFBS80TR.PL,D,20251001,000000,466.4,470.75,464.7,470.65,1666,0
ETFBS80TR.PL,D,20251002,000000,471.9,474.15,470.75,471.05,2142,0
ETFBS80TR.PL,D,20251003,000000,471.5,474.2,471.1,473.25,2044,0
ETFBS80TR.PL,D,20251006,000000,473.95,475,472,472.1,2177,0
ETFBS80TR.PL,D,20251007,000000,462.55,472.9,460,472.05,4561,0
ETFBS80TR.PL,D,20251008,000000,472.05,474.15,470.05,471.65,1797,0
ETFBS80TR.PL,D,20251009,000000,473.1,473.55,466.45,468.15,1984,0
ETFBS80TR.PL,D,20251010,000000,468.8,469.4,466.25,468.2,1835,0
ETFBS80TR.PL,D,20251013,000000,467.35,467.95,462.65,464.85,2657,0
ETFBS80TR.PL,D,20251014,000000,465.9,466,456.55,458.3,2403,0
ETFBS80TR.PL,D,20251015,000000,459,462.85,458.35,461.4,1726,0
ETFBS80TR.PL,D,20251016,000000,464.95,464.95,461.1,462.3,1064,0
ETFBS80TR.PL,D,20251017,000000,462.75,462.85,457.55,462.1,1356,0
ETFBS80TR.PL,D,20251020,000000,464.1,465.5,462.35,464.05,1345,0
ETFBS80TR.PL,D,20251021,000000,464.1,467.5,464.1,464.7,2230,0
ETFBS80TR.PL,D,20251022,000000,466.1,467.4,463.6,465.8,1178,0
ETFBS80TR.PL,D,20251023,000000,466.9,467.1,462.35,464.5,1811,0
ETFBS80TR.PL,D,20251024,000000,466.35,466.4,464.5,464.9,1252,0
ETFBS80TR.PL,D,20251027,000000,467.35,467.35,464.6,465.4,1554,0
ETFBS80TR.PL,D,20251028,000000,466.75,467,462.05,463.65,1847,0
ETFBS80TR.PL,D,20251029,000000,464.9,465.55,461.05,462.35,1189,0
ETFBS80TR.PL,D,20251030,000000,464.35,465,462.25,462.25,961,0
ETFBS80TR.PL,D,20251031,000000,465.05,465.35,462.3,462.5,1039,0
ETFBS80TR.PL,D,20251103,000000,463,466.05,462.5,464.95,1756,0
ETFBS80TR.PL,D,20251104,000000,465.55,467.7,463.6,465.5,3740,0
ETFBS80TR.PL,D,20251105,000000,466.2,466.2,463.15,464.3,1503,0
ETFBS80TR.PL,D,20251106,000000,466.75,467.9,464.75,465.7,1929,0
ETFBS80TR.PL,D,20251107,000000,466.35,466.35,461.55,462.95,1821,0
ETFBS80TR.PL,D,20251110,000000,466,467.45,464.55,466.2,1368,0
ETFBS80TR.PL,D,20251112,000000,468.3,468.6,465.15,465.7,1380,0
ETFBS80TR.PL,D,20251113,000000,465.75,467.3,464,464.05,1199,0
ETFBS80TR.PL,D,20251114,000000,465.65,465.65,458.75,462.1,1260,0
ETFBS80TR.PL,D,20251117,000000,462.1,463.45,458,458.5,1127,0
ETFBS80TR.PL,D,20251118,000000,457.1,457.1,448.6,450.4,4823,0
ETFBS80TR.PL,D,20251119,000000,450.8,454.25,450.4,452.95,1145,0
ETFBS80TR.PL,D,20251120,000000,457,457.4,452.95,455.9,2346,0
ETFBS80TR.PL,D,20251121,000000,450.7,453.15,445.15,447.35,1674,0
ETFBS80TR.PL,D,20251124,000000,450.7,450.7,447.35,448.55,1293,0
ETFBS80TR.PL,D,20251125,000000,450.6,461,448.1,450.1,2049,0
ETFBS80TR.PL,D,20251126,000000,453.4,454.65,452.05,453.8,1067,0
ETFBS80TR.PL,D,20251127,000000,454.8,455.9,453.8,454.4,1643,0
ETFBS80TR.PL,D,20251128,000000,455.85,458.05,455,456.75,1385,0
ETFBS80TR.PL,D,20251201,000000,459.2,459.6,457.05,459.2,1661,0
ETFBS80TR.PL,D,20251202,000000,459.95,460,457.2,458.55,1326,0
ETFBS80TR.PL,D,20251203,000000,460,465,456.55,457.4,1649,0
ETFBS80TR.PL,D,20251204,000000,457.3,464,455.3,456.05,1563,0
ETFBS80TR.PL,D,20251205,000000,457.95,458.6,455.55,456.4,2360,0
ETFBS80TR.PL,D,20251208,000000,459.35,459.45,455.55,455.65,3693,0
ETFBS80TR.PL,D,20251209,000000,457.95,458.35,455.55,456.2,2382,0
ETFBS80TR.PL,D,20251210,000000,458.7,459.1,456.2,457.1,1851,0
ETFBS80TR.PL,D,20251211,000000,459.2,460.3,457.3,459.1,2472,0
ETFBS80TR.PL,D,20251212,000000,461.75,465.5,460,460,5046,0
ETFBS80TR.PL,D,20251215,000000,462.2,462.2,457.35,459.05,6226,0
ETFBS80TR.PL,D,20251216,000000,459.25,459.3,456.5,457.2,3022,0
ETFBS80TR.PL,D,20251217,000000,458.25,460.45,456.35,456.35,3147,0
ETFBS80TR.PL,D,20251218,000000,458.35,458.35,453,453.95,2865,0
ETFBS80TR.PL,D,20251219,000000,454.9,455,451.65,452,3506,0
ETFBS80TR.PL,D,20251222,000000,454.1,455,452.15,452.35,6895,0
ETFBS80TR.PL,D,20251223,000000,454.2,455.15,451,455.05,5912,0
ETFBS80TR.PL,D,20251229,000000,457.9,460.25,455.1,459,10831,0
ETFBS80TR.PL,D,20251230,000000,462.25,466.5,460.4,464.8,10853,0
ETFBS80TR.PL,D,20260102,000000,510,510,470.2,476.25,16700,0
ETFBS80TR.PL,D,20260105,000000,481.6,482.6,478.05,481,14973,0
ETFBS80TR.PL,D,20260107,000000,484.9,487,483,486.8,13461,0
ETFBS80TR.PL,D,20260108,000000,487.8,487.85,483,483.4,10975,0
ETFBS80TR.PL,D,20260109,000000,485.6,492.05,484.65,490.35,9982,0
ETFBS80TR.PL,D,20260112,000000,495.2,495.35,490.35,491.65,10488,0
ETFBS80TR.PL,D,20260113,000000,493.65,495.25,490.25,492,9687,0
ETFBS80TR.PL,D,20260114,000000,493.65,493.8,486.7,490.45,6336,0
ETFBS80TR.PL,D,20260115,000000,492,492.5,490.5,491.3,6782,0
ETFBS80TR.PL,D,20260116,000000,494.95,496.6,493.55,493.8,5464,0
ETFBS80TR.PL,D,20260119,000000,496.35,496.35,490.7,491.15,8900,0
ETFBS80TR.PL,D,20260120,000000,491.15,495.95,485.1,488.7,9470,0
ETFBS80TR.PL,D,20260121,000000,490.8,490.8,485.35,486.3,7114,0
ETFBS80TR.PL,D,20260122,000000,491.1,494.4,490,493.05,7723,0
ETFBS80TR.PL,D,20260123,000000,495,495.6,489.2,491.75,5903,0
