<TICKER>,<PER>,<DATE>,<TIME>,<OPEN>,<HIGH>,<LOW>,<CLOSE>,<VOL>,<OPENINT>
ETFBNDXPL.PL,D,20210208,000000,135.04,135.06,134.64,134.94,2440,0
ETFBNDXPL.PL,D,20210209,000000,135.08,135.48,134.68,135.44,1973,0
ETFBNDXPL.PL,D,20210210,000000,135.72,135.72,133.02,133.02,967,0
ETFBNDXPL.PL,D,20210211,000000,134.70,135.36,134.12,134.12,19651,0
ETFBNDXPL.PL,D,20210212,000000,135.12,135.24,134.80,134.90,462,0
ETFBNDXPL.PL,D,20210215,000000,136.54,136.54,136.36,136.54,418,0
ETFBNDXPL.PL,D,20210216,000000,136.96,136.96,136.20,136.20,1393,0
ETFBNDXPL.PL,D,20210217,000000,136.00,136.00,133.92,134.52,4145,0
ETFBNDXPL.PL,D,20210218,000000,134.48,134.48,132.72,133.38,1239,0
ETFBNDXPL.PL,D,20210219,000000,134.50,135.16,134.20,134.42,569,0
ETFBNDXPL.PL,D,20210222,000000,132.84,132.84,131.00,131.04,4289,0
ETFBNDXPL.PL,D,20210223,000000,131.04,131.04,126,128.94,2615,0
ETFBNDXPL.PL,D,20210224,000000,129.94,130.80,128.00,128.04,961,0
ETFBNDXPL.PL,D,20210225,000000,131.00,131.00,129.00,129.36,669,0
ETFBNDXPL.PL,D,20210226,000000,126.28,128.50,125.76,126.20,893,0
ETFBNDXPL.PL,D,20210301,000000,129.44,129.90,128.76,129.90,261,0
ETFBNDXPL.PL,D,20210302,000000,130.14,130.78,129.84,129.84,476,0
ETFBNDXPL.PL,D,20210303,000000,129.96,129.96,126.46,126.80,755,0
ETFBNDXPL.PL,D,20210304,000000,125.56,125.56,123.68,125.00,1510,0
ETFBNDXPL.PL,D,20210305,000000,122.48,124.36,121.34,121.40,9845,0
ETFBNDXPL.PL,D,20210308,000000,122.90,125.08,121.76,124.54,1123,0
ETFBNDXPL.PL,D,20210309,000000,122.86,125.26,122.86,125.00,580,0
ETFBNDXPL.PL,D,20210310,000000,125.60,127.92,125.00,126.08,1657,0
ETFBNDXPL.PL,D,20210311,000000,127.18,127.90,127.06,127.90,1199,0
ETFBNDXPL.PL,D,20210312,000000,126.50,126.72,125.50,125.76,1581,0
ETFBNDXPL.PL,D,20210315,000000,126.68,127.64,126.68,127.08,1017,0
ETFBNDXPL.PL,D,20210316,000000,128.50,130.44,128.50,130.06,269,0
ETFBNDXPL.PL,D,20210317,000000,129.04,129.04,127.40,127.40,442,0
ETFBNDXPL.PL,D,20210318,000000,128.40,128.40,127.00,127.00,134,0
ETFBNDXPL.PL,D,20210319,000000,126.64,126.64,125.00,126.14,1140,0
ETFBNDXPL.PL,D,20210322,000000,126.60,128.72,126.50,128.72,137,0
ETFBNDXPL.PL,D,20210323,000000,128.42,129.22,128.00,129.06,593,0
ETFBNDXPL.PL,D,20210324,000000,128.34,128.98,127.10,127.76,247,0
ETFBNDXPL.PL,D,20210325,000000,125.94,126.38,124.10,124.10,709,0
ETFBNDXPL.PL,D,20210326,000000,126.06,126.06,124.86,126.00,466,0
ETFBNDXPL.PL,D,20210329,000000,127.02,127.30,126.42,126.80,1130,0
ETFBNDXPL.PL,D,20210330,000000,126.94,126.94,125.76,125.76,175,0
ETFBNDXPL.PL,D,20210331,000000,126.36,128.98,126.36,128.98,1699,0
ETFBNDXPL.PL,D,20210401,000000,129.66,130.86,129.62,130.86,946,0
ETFBNDXPL.PL,D,20210406,000000,133.38,133.82,132.74,133.66,4494,0
ETFBNDXPL.PL,D,20210407,000000,133.80,133.80,132.80,133.74,1132,0
ETFBNDXPL.PL,D,20210408,000000,134.26,134.80,134.26,134.70,655,0
ETFBNDXPL.PL,D,20210409,000000,134.76,134.86,134,134.72,551,0
ETFBNDXPL.PL,D,20210412,000000,135.34,135.40,134.76,134.76,296,0
ETFBNDXPL.PL,D,20210413,000000,135.26,136.64,135.00,136.32,241,0
ETFBNDXPL.PL,D,20210414,000000,137.00,137.34,136.10,136.18,559,0
ETFBNDXPL.PL,D,20210415,000000,135.92,137.14,135.66,137.14,203,0
ETFBNDXPL.PL,D,20210416,000000,137.12,137.58,136.62,137.50,304,0
ETFBNDXPL.PL,D,20210419,000000,137.72,137.74,136.26,136.26,400,0
ETFBNDXPL.PL,D,20210420,000000,136.16,136.62,135.24,135.24,642,0
ETFBNDXPL.PL,D,20210421,000000,135.04,135.08,134.46,135.08,225,0
ETFBNDXPL.PL,D,20210422,000000,136.14,136.66,136.14,136.58,295,0
ETFBNDXPL.PL,D,20210423,000000,134.90,135.14,134.76,135.10,299,0
ETFBNDXPL.PL,D,20210426,000000,136.54,136.54,135.76,136.20,144,0
ETFBNDXPL.PL,D,20210427,000000,137.24,137.64,136.60,136.60,388,0
ETFBNDXPL.PL,D,20210428,000000,136.88,136.88,136.04,136.04,196,0
ETFBNDXPL.PL,D,20210429,000000,136.94,137.54,136.00,136.54,897,0
ETFBNDXPL.PL,D,20210430,000000,136.42,136.48,135.36,136.40,210,0
ETFBNDXPL.PL,D,20210504,000000,135.22,135.22,132.10,132.10,807,0
ETFBNDXPL.PL,D,20210505,000000,132.40,133.46,132.40,133.10,194,0
ETFBNDXPL.PL,D,20210506,000000,132.70,132.86,131.74,131.74,218,0
ETFBNDXPL.PL,D,20210507,000000,133.1,135.08,133.06,135.08,301,0
ETFBNDXPL.PL,D,20210510,000000,134.00,134.04,131.60,131.60,417,0
ETFBNDXPL.PL,D,20210511,000000,129.98,129.98,127.96,129.54,1396,0
ETFBNDXPL.PL,D,20210512,000000,130.06,130.66,128.08,128.10,643,0
ETFBNDXPL.PL,D,20210513,000000,127.72,129.06,126.68,129.06,620,0
ETFBNDXPL.PL,D,20210514,000000,129.32,130.36,129.32,130.36,205,0
ETFBNDXPL.PL,D,20210517,000000,130.76,130.94,130.00,130.30,321,0
ETFBNDXPL.PL,D,20210518,000000,131.24,131.48,130.76,130.76,63,0
ETFBNDXPL.PL,D,20210519,000000,128.00,128.44,127.22,128.44,596,0
ETFBNDXPL.PL,D,20210520,000000,129.00,131.66,129.00,131.38,385,0
ETFBNDXPL.PL,D,20210521,000000,132.40,132.76,131.70,131.70,1070,0
ETFBNDXPL.PL,D,20210524,000000,131.76,133.16,131.40,133.16,391,0
ETFBNDXPL.PL,D,20210525,000000,134.20,134.58,133.76,133.76,538,0
ETFBNDXPL.PL,D,20210526,000000,134.38,134.38,134.00,134.00,266,0
ETFBNDXPL.PL,D,20210527,000000,133.58,134.18,133.58,134.18,127,0
ETFBNDXPL.PL,D,20210528,000000,133.96,134.34,133.66,134.26,275,0
ETFBNDXPL.PL,D,20210531,000000,134.26,134.28,133.52,133.52,408,0
ETFBNDXPL.PL,D,20210601,000000,133.90,134.62,133.54,133.54,503,0
ETFBNDXPL.PL,D,20210602,000000,133.66,133.98,133.48,133.98,190,0
ETFBNDXPL.PL,D,20210604,000000,132.48,134.14,132.10,133.68,183,0
ETFBNDXPL.PL,D,20210607,000000,135.64,135.88,134.58,134.70,204,0
ETFBNDXPL.PL,D,20210608,000000,135.28,135.74,134.76,135.00,203,0
ETFBNDXPL.PL,D,20210609,000000,135.10,135.44,135.10,135.44,248,0
ETFBNDXPL.PL,D,20210610,000000,135.18,136.14,134.5,135.56,1493,0
ETFBNDXPL.PL,D,20210611,000000,136.26,136.60,136.18,136.50,382,0
ETFBNDXPL.PL,D,20210614,000000,137.00,137.32,136.90,137.06,431,0
ETFBNDXPL.PL,D,20210615,000000,138.12,138.52,138.06,138.14,291,0
ETFBNDXPL.PL,D,20210616,000000,137.62,137.62,137.14,137.62,104,0
ETFBNDXPL.PL,D,20210617,000000,136.36,138.38,135.92,138.38,111,0
ETFBNDXPL.PL,D,20210618,000000,138.76,140.00,138.00,138.30,142,0
ETFBNDXPL.PL,D,20210621,000000,137.94,138.42,137.94,137.94,150,0
ETFBNDXPL.PL,D,20210622,000000,138.30,138.30,137.90,138.00,52,0
ETFBNDXPL.PL,D,20210623,000000,140,140.2,139.66,139.66,134,0
ETFBNDXPL.PL,D,20210624,000000,140.06,141.22,140.06,140.84,352,0
ETFBNDXPL.PL,D,20210625,000000,140.90,141.00,140.70,140.98,121,0
ETFBNDXPL.PL,D,20210628,000000,140.92,141.70,140.62,141.64,1257,0
ETFBNDXPL.PL,D,20210629,000000,142.16,142.22,142.00,142.02,163,0
ETFBNDXPL.PL,D,20210630,000000,142.62,143.00,142.32,143.00,1188,0
ETFBNDXPL.PL,D,20210701,000000,142.84,143.16,142.42,142.78,197,0
ETFBNDXPL.PL,D,20210702,000000,142.64,143.90,142.64,143.86,261,0
ETFBNDXPL.PL,D,20210705,000000,144.00,144.44,144.00,144.32,155,0
ETFBNDXPL.PL,D,20210706,000000,144.20,144.74,143.94,144.74,84,0
ETFBNDXPL.PL,D,20210707,000000,144.82,145.84,144.82,145.00,198,0
ETFBNDXPL.PL,D,20210708,000000,144.80,144.80,143.12,143.50,653,0
ETFBNDXPL.PL,D,20210709,000000,144.24,144.70,144.10,144.46,111,0
ETFBNDXPL.PL,D,20210712,000000,145.58,145.78,145.32,145.36,146,0
ETFBNDXPL.PL,D,20210713,000000,145.94,146.62,145.68,146.62,173,0
ETFBNDXPL.PL,D,20210714,000000,146.10,147.00,146.10,146.76,1063,0
ETFBNDXPL.PL,D,20210715,000000,146.58,146.60,146.00,146.00,331,0
ETFBNDXPL.PL,D,20210716,000000,145.18,145.82,144.62,144.62,399,0
ETFBNDXPL.PL,D,20210719,000000,143.90,143.96,142.00,142.00,741,0
ETFBNDXPL.PL,D,20210720,000000,143.32,143.80,142.96,143.08,409,0
ETFBNDXPL.PL,D,20210721,000000,144.34,144.92,144.34,144.88,167,0
ETFBNDXPL.PL,D,20210722,000000,146.10,146.10,145.72,146.08,257,0
ETFBNDXPL.PL,D,20210723,000000,146.90,147.42,146.90,147.10,320,0
ETFBNDXPL.PL,D,20210726,000000,147.86,148.14,147.7,147.74,216,0
ETFBNDXPL.PL,D,20210727,000000,147.86,148.50,146.42,146.42,561,0
ETFBNDXPL.PL,D,20210728,000000,146.64,147.40,146.44,146.44,161,0
ETFBNDXPL.PL,D,20210729,000000,147.34,147.68,146.90,147.68,149,0
ETFBNDXPL.PL,D,20210730,000000,145.66,146.64,145.30,146.64,132,0
ETFBNDXPL.PL,D,20210802,000000,147.50,147.62,146.64,146.64,309,0
ETFBNDXPL.PL,D,20210803,000000,146.68,147.08,146.00,146.00,307,0
ETFBNDXPL.PL,D,20210804,000000,147.82,147.82,147.22,147.56,492,0
ETFBNDXPL.PL,D,20210805,000000,148.14,148.14,147.90,147.90,17,0
ETFBNDXPL.PL,D,20210806,000000,148.70,148.72,148.28,148.38,209,0
ETFBNDXPL.PL,D,20210809,000000,147.82,148.28,147.82,148.28,266,0
ETFBNDXPL.PL,D,20210810,000000,148.20,148.64,148.00,148.00,207,0
ETFBNDXPL.PL,D,20210811,000000,147.62,148.24,147.00,147.32,559,0
ETFBNDXPL.PL,D,20210812,000000,147.12,147.54,146.92,147.38,190,0
ETFBNDXPL.PL,D,20210813,000000,148.10,148.20,147.50,148.20,77,0
ETFBNDXPL.PL,D,20210816,000000,148.18,148.30,146.50,146.50,365,0
ETFBNDXPL.PL,D,20210817,000000,147.44,147.76,146.64,147.44,440,0
ETFBNDXPL.PL,D,20210818,000000,147.00,147.18,146.92,146.92,130,0
ETFBNDXPL.PL,D,20210819,000000,144.70,145.60,144.04,145.60,358,0
ETFBNDXPL.PL,D,20210820,000000,145.92,148.00,145.52,148.00,173,0
ETFBNDXPL.PL,D,20210823,000000,148.58,149.10,148.14,149.10,668,0
ETFBNDXPL.PL,D,20210824,000000,150.52,150.94,150.30,150.50,221,0
ETFBNDXPL.PL,D,20210825,000000,150.84,151.00,150.48,150.52,377,0
ETFBNDXPL.PL,D,20210826,000000,150.22,150.72,149.78,150.72,125,0
ETFBNDXPL.PL,D,20210827,000000,150.30,150.40,149.80,149.80,280,0
ETFBNDXPL.PL,D,20210830,000000,151.30,152.82,151.30,152.44,393,0
ETFBNDXPL.PL,D,20210831,000000,153.68,153.68,152.44,152.62,287,0
ETFBNDXPL.PL,D,20210901,000000,153.42,153.68,152.80,153.68,107,0
ETFBNDXPL.PL,D,20210902,000000,153.00,153.40,152.70,153.40,134,0
ETFBNDXPL.PL,D,20210903,000000,153.00,153.06,152.36,153.00,311,0
ETFBNDXPL.PL,D,20210906,000000,153.70,153.82,153.68,153.80,222,0
ETFBNDXPL.PL,D,20210907,000000,153.68,153.68,152.74,153.38,534,0
ETFBNDXPL.PL,D,20210908,000000,153.46,153.46,152.46,152.46,465,0
ETFBNDXPL.PL,D,20210909,000000,152.34,153.40,152.34,153.40,45,0
ETFBNDXPL.PL,D,20210910,000000,152.22,153.04,152.22,152.60,376,0
ETFBNDXPL.PL,D,20210913,000000,151.72,152.18,150.66,150.66,244,0
ETFBNDXPL.PL,D,20210914,000000,151.12,151.90,150.68,150.94,366,0
ETFBNDXPL.PL,D,20210915,000000,151.12,151.14,150.00,150.54,339,0
ETFBNDXPL.PL,D,20210916,000000,151.78,151.92,150.94,151.00,121,0
ETFBNDXPL.PL,D,20210917,000000,152.08,152.08,150.54,150.86,84,0
ETFBNDXPL.PL,D,20210920,000000,149.14,149.22,147.06,147.06,821,0
ETFBNDXPL.PL,D,20210921,000000,147.96,148.60,147.02,147.58,1067,0
ETFBNDXPL.PL,D,20210922,000000,147.62,148.10,147.54,148.10,272,0
ETFBNDXPL.PL,D,20210923,000000,149.50,150.32,149.20,150.32,340,0
ETFBNDXPL.PL,D,20210924,000000,149.50,149.54,148.70,149.48,347,0
ETFBNDXPL.PL,D,20210927,000000,150.34,150.74,148.30,148.30,292,0
ETFBNDXPL.PL,D,20210928,000000,147.74,147.74,145.30,145.38,493,0
ETFBNDXPL.PL,D,20210929,000000,145.66,146.24,145.00,145.20,418,0
ETFBNDXPL.PL,D,20210930,000000,145.44,145.86,145.00,145.00,136,0
ETFBNDXPL.PL,D,20211001,000000,142.92,144.56,142.52,143.12,634,0
ETFBNDXPL.PL,D,20211004,000000,143.78,144.40,142.00,142.00,361,0
ETFBNDXPL.PL,D,20211005,000000,141.86,143.30,141.86,143.30,886,0
ETFBNDXPL.PL,D,20211006,000000,142.72,143.30,141.30,143.30,632,0
ETFBNDXPL.PL,D,20211007,000000,145.56,146.96,145.54,146.96,770,0
ETFBNDXPL.PL,D,20211008,000000,146.08,146.68,145.38,145.38,669,0
ETFBNDXPL.PL,D,20211011,000000,144.54,145.82,144.06,145.70,470,0
ETFBNDXPL.PL,D,20211012,000000,143.12,144.80,143.12,143.54,180,0
ETFBNDXPL.PL,D,20211013,000000,143.20,144.08,142.78,143.98,152,0
ETFBNDXPL.PL,D,20211014,000000,145.26,146.86,145.24,146.86,179,0
ETFBNDXPL.PL,D,20211015,000000,147.78,147.96,147.40,147.50,1155,0
ETFBNDXPL.PL,D,20211018,000000,147.66,150.00,147.36,148.42,547,0
ETFBNDXPL.PL,D,20211019,000000,150.00,151.92,149.84,150.38,853,0
ETFBNDXPL.PL,D,20211020,000000,150.68,150.96,150.60,150.64,252,0
ETFBNDXPL.PL,D,20211021,000000,150.06,151.22,149.80,151.22,906,0
ETFBNDXPL.PL,D,20211022,000000,151.02,151.42,150.78,150.98,387,0
ETFBNDXPL.PL,D,20211025,000000,150.62,150.68,150.18,150.50,640,0
ETFBNDXPL.PL,D,20211026,000000,152.64,152.86,152.64,152.68,338,0
ETFBNDXPL.PL,D,20211027,000000,152.70,153.14,151.78,152.64,169,0
ETFBNDXPL.PL,D,20211028,000000,152.96,153.60,152.96,153.58,443,0
ETFBNDXPL.PL,D,20211029,000000,153.18,153.76,152.64,153.68,891,0
ETFBNDXPL.PL,D,20211102,000000,155.60,156.40,155.20,156.34,976,0
ETFBNDXPL.PL,D,20211103,000000,156.46,156.60,156.08,156.32,604,0
ETFBNDXPL.PL,D,20211104,000000,158.16,159.80,158.16,159.24,684,0
ETFBNDXPL.PL,D,20211105,000000,159.98,161.04,159.96,160.94,729,0
ETFBNDXPL.PL,D,20211108,000000,159.90,160.46,159.54,159.80,726,0
ETFBNDXPL.PL,D,20211109,000000,159.82,160.50,158.38,159.50,718,0
ETFBNDXPL.PL,D,20211110,000000,159.04,159.06,157.26,158.78,399,0
ETFBNDXPL.PL,D,20211112,000000,157.44,157.6,156.78,157,1023,0
ETFBNDXPL.PL,D,20211115,000000,158.64,159.42,158.56,158.58,3173,0
ETFBNDXPL.PL,D,20211116,000000,158.84,159.28,158.22,159.02,696,0
ETFBNDXPL.PL,D,20211117,000000,159.50,160.12,159.50,159.78,339,0
ETFBNDXPL.PL,D,20211118,000000,160.62,160.96,159.76,159.76,691,0
ETFBNDXPL.PL,D,20211119,000000,162.00,163.64,161.60,163.34,2670,0
ETFBNDXPL.PL,D,20211122,000000,163.50,164.74,163.38,164.62,427,0
ETFBNDXPL.PL,D,20211123,000000,160.60,161.46,158.96,158.96,1554,0
ETFBNDXPL.PL,D,20211124,000000,159.84,160.24,158.20,158.98,292,0
ETFBNDXPL.PL,D,20211125,000000,161.52,161.62,160.88,160.88,538,0
ETFBNDXPL.PL,D,20211126,000000,159.12,159.56,158.20,158.64,746,0
ETFBNDXPL.PL,D,20211129,000000,158.58,160.30,158.58,160.18,838,0
ETFBNDXPL.PL,D,20211130,000000,160.66,161.28,159.40,160.72,241,0
ETFBNDXPL.PL,D,20211201,000000,160.04,161.08,159.56,160.88,657,0
ETFBNDXPL.PL,D,20211202,000000,156.74,157.00,154.62,155.94,859,0
ETFBNDXPL.PL,D,20211203,000000,156.98,157.60,153.40,153.40,811,0
ETFBNDXPL.PL,D,20211206,000000,154.98,155.04,152.90,155.04,446,0
ETFBNDXPL.PL,D,20211207,000000,156.90,159.90,156.90,159.90,2111,0
ETFBNDXPL.PL,D,20211208,000000,160.10,160.84,159.00,159.00,397,0
ETFBNDXPL.PL,D,20211209,000000,160.84,160.92,159.48,160.00,489,0
ETFBNDXPL.PL,D,20211210,000000,158.94,160.22,158.50,160.22,638,0
ETFBNDXPL.PL,D,20211213,000000,160.64,161.10,159.00,159.00,356,0
ETFBNDXPL.PL,D,20211214,000000,158.42,158.42,155.58,156.94,321,0
ETFBNDXPL.PL,D,20211215,000000,156.64,156.64,155.40,155.40,263,0
ETFBNDXPL.PL,D,20211216,000000,160.46,161.14,157.96,157.96,188,0
ETFBNDXPL.PL,D,20211217,000000,155.68,155.76,153.80,154.00,723,0
ETFBNDXPL.PL,D,20211220,000000,153.06,153.18,152.00,152.68,1071,0
ETFBNDXPL.PL,D,20211221,000000,154.88,155.24,153.5,153.5,854,0
ETFBNDXPL.PL,D,20211222,000000,156.5,157.38,155.92,157.38,1202,0
ETFBNDXPL.PL,D,20211223,000000,158.28,159.68,158.24,159.68,293,0
ETFBNDXPL.PL,D,20211227,000000,159.7,162.32,159.7,162.26,610,0
ETFBNDXPL.PL,D,20211228,000000,162.2,163.56,162.02,162.86,914,0
ETFBNDXPL.PL,D,20211229,000000,162.52,162.58,161,161.4,717,0
ETFBNDXPL.PL,D,20211230,000000,162,162.38,161.56,161.74,1040,0
ETFBNDXPL.PL,D,20220103,000000,161.06,161.54,160,161,1076,0
ETFBNDXPL.PL,D,20220104,000000,161.66,162.28,159.22,159.22,491,0
ETFBNDXPL.PL,D,20220105,000000,159.28,159.36,158,158,334,0
ETFBNDXPL.PL,D,20220107,000000,154.48,155.38,152.5,153.02,1726,0
ETFBNDXPL.PL,D,20220110,000000,153.68,153.68,149,149,3634,0
ETFBNDXPL.PL,D,20220111,000000,153.16,154.6,152.12,153.3,727,0
ETFBNDXPL.PL,D,20220112,000000,155.18,157.22,154.78,156.12,408,0
ETFBNDXPL.PL,D,20220113,000000,155.7,156.32,155.02,155.02,236,0
ETFBNDXPL.PL,D,20220114,000000,152.12,152.7,150.5,152,1018,0
ETFBNDXPL.PL,D,20220117,000000,152.42,153.62,152.42,153,994,0
ETFBNDXPL.PL,D,20220118,000000,151.78,151.78,150.18,150.54,1035,0
ETFBNDXPL.PL,D,20220119,000000,148.9,150.68,148.56,149.68,997,0
ETFBNDXPL.PL,D,20220120,000000,148.82,150.72,147.38,150.72,1708,0
ETFBNDXPL.PL,D,20220121,000000,145.18,145.48,143.26,145,2353,0
ETFBNDXPL.PL,D,20220124,000000,142.5,143.24,137.26,137.6,2788,0
ETFBNDXPL.PL,D,20220125,000000,139.78,141.1,137.8,138.24,1005,0
ETFBNDXPL.PL,D,20220126,000000,139.38,142.2,139.38,140.84,1580,0
ETFBNDXPL.PL,D,20220127,000000,137.54,140.9,137.5,139.48,1076,0
ETFBNDXPL.PL,D,20220128,000000,138.68,138.68,135.84,137.36,1613,0
ETFBNDXPL.PL,D,20220131,000000,141.12,143.98,141.12,143.9,2311,0
ETFBNDXPL.PL,D,20220201,000000,146,146.46,144.5,144.92,1149,0
ETFBNDXPL.PL,D,20220202,000000,148.08,149.26,147.02,147.24,820,0
ETFBNDXPL.PL,D,20220203,000000,145.48,145.48,143.9,144.34,1328,0
ETFBNDXPL.PL,D,20220204,000000,143.96,144.54,140.82,142.04,1384,0
ETFBNDXPL.PL,D,20220207,000000,143.54,144.16,142.7,144.16,373,0
ETFBNDXPL.PL,D,20220208,000000,142.68,142.98,141.66,142.18,178,0
ETFBNDXPL.PL,D,20220209,000000,144.78,146.32,144.78,145.92,442,0
ETFBNDXPL.PL,D,20220210,000000,146.92,146.92,144.16,146.86,462,0
ETFBNDXPL.PL,D,20220211,000000,143.14,144.44,142.32,143.2,637,0
ETFBNDXPL.PL,D,20220214,000000,139.4,139.62,137.22,139.04,1363,0
ETFBNDXPL.PL,D,20220215,000000,140,142.32,140,141.5,615,0
ETFBNDXPL.PL,D,20220216,000000,143.46,143.46,141,141.3,254,0
ETFBNDXPL.PL,D,20220217,000000,142.74,142.74,140.06,140.08,477,0
ETFBNDXPL.PL,D,20220218,000000,139.64,139.92,138,138,202,0
ETFBNDXPL.PL,D,20220221,000000,138.16,138.24,135.54,135.54,401,0
ETFBNDXPL.PL,D,20220222,000000,133.2,137.74,133.2,137.74,1071,0
ETFBNDXPL.PL,D,20220223,000000,137.34,137.84,135,135,217,0
ETFBNDXPL.PL,D,20220224,000000,127.96,132,126.98,132,2045,0
ETFBNDXPL.PL,D,20220225,000000,135.9,138,135.22,137.22,1017,0
ETFBNDXPL.PL,D,20220228,000000,137.3,140.8,133,140.8,1024,0
ETFBNDXPL.PL,D,20220301,000000,141.1,141.68,139,139,179,0
ETFBNDXPL.PL,D,20220302,000000,136.9,138.16,136.44,136.94,177,0
ETFBNDXPL.PL,D,20220303,000000,139.06,140.66,138.46,138.46,1237,0
ETFBNDXPL.PL,D,20220304,000000,136.82,137.52,135,135,763,0
ETFBNDXPL.PL,D,20220307,000000,133.06,135.36,132.34,133,1100,0
ETFBNDXPL.PL,D,20220308,000000,129.36,130.68,128.06,129.04,2344,0
ETFBNDXPL.PL,D,20220309,000000,130.32,132.92,129.88,132.92,1436,0
ETFBNDXPL.PL,D,20220310,000000,133.44,133.48,131.26,132,599,0
ETFBNDXPL.PL,D,20220311,000000,132.2,134.68,131.72,131.72,1032,0
ETFBNDXPL.PL,D,20220314,000000,130,130.98,128.5,128.5,4287,0
ETFBNDXPL.PL,D,20220315,000000,126.6,129.92,126,129.76,2413,0
ETFBNDXPL.PL,D,20220316,000000,132.92,134.86,132.92,134.84,779,0
ETFBNDXPL.PL,D,20220317,000000,136.48,136.48,135,135.78,866,0
ETFBNDXPL.PL,D,20220318,000000,137,139,136.38,138.96,610,0
ETFBNDXPL.PL,D,20220321,000000,139.58,140.66,138.6,140.22,372,0
ETFBNDXPL.PL,D,20220322,000000,140.62,143.2,140.2,142.7,877,0
ETFBNDXPL.PL,D,20220323,000000,142.9,143.18,141.3,143.18,989,0
ETFBNDXPL.PL,D,20220324,000000,142.02,143.1,141.14,143.1,153,0
ETFBNDXPL.PL,D,20220325,000000,144.24,144.86,143.08,143.24,463,0
ETFBNDXPL.PL,D,20220328,000000,143.78,144.84,143,144.38,287,0
ETFBNDXPL.PL,D,20220329,000000,146.5,147.98,146,147.1,728,0
ETFBNDXPL.PL,D,20220330,000000,147.7,148.52,147.62,148.5,341,0
ETFBNDXPL.PL,D,20220331,000000,147.98,148.24,145.4,146.82,2040,0
ETFBNDXPL.PL,D,20220401,000000,145.54,145.76,144.62,144.62,413,0
ETFBNDXPL.PL,D,20220404,000000,144.54,146.14,144.22,146.14,837,0
ETFBNDXPL.PL,D,20220405,000000,147.32,148,144.9,144.9,188,0
ETFBNDXPL.PL,D,20220406,000000,144.5,144.5,141,141,505,0
ETFBNDXPL.PL,D,20220407,000000,141.04,142.06,140.88,141.5,1217,0
ETFBNDXPL.PL,D,20220408,000000,141.52,142.48,139.94,139.94,423,0
ETFBNDXPL.PL,D,20220411,000000,138.78,138.9,136.5,136.5,536,0
ETFBNDXPL.PL,D,20220412,000000,135.9,138.86,135.58,137,2144,0
ETFBNDXPL.PL,D,20220413,000000,136.76,137.16,136,137.16,224,0
ETFBNDXPL.PL,D,20220414,000000,138.8,138.8,136.78,136.78,282,0
ETFBNDXPL.PL,D,20220419,000000,136,137.3,134.8,137.3,508,0
ETFBNDXPL.PL,D,20220420,000000,137,139.08,137,137,1195,0
ETFBNDXPL.PL,D,20220421,000000,137.38,137.8,136.62,137.76,271,0
ETFBNDXPL.PL,D,20220422,000000,134.02,134.02,132,132.72,1959,0
ETFBNDXPL.PL,D,20220425,000000,128.64,130.82,128.08,129.9,1205,0
ETFBNDXPL.PL,D,20220426,000000,131.14,131.64,127.84,127.84,593,0
ETFBNDXPL.PL,D,20220427,000000,127.42,128.12,126,127.72,1239,0
ETFBNDXPL.PL,D,20220428,000000,128.8,129.74,126.3,126.8,1617,0
ETFBNDXPL.PL,D,20220429,000000,128.94,129.82,128,128,175,0
ETFBNDXPL.PL,D,20220502,000000,125.9,125.92,124,125.34,524,0
ETFBNDXPL.PL,D,20220504,000000,126.98,127.6,125.5,125.5,605,0
ETFBNDXPL.PL,D,20220505,000000,130.86,130.86,125.24,125.24,1314,0
ETFBNDXPL.PL,D,20220506,000000,124.44,124.5,121.34,123.86,710,0
ETFBNDXPL.PL,D,20220509,000000,122.44,122.44,119.5,119.58,790,0
ETFBNDXPL.PL,D,20220510,000000,119.74,121.82,119.6,120.2,496,0
ETFBNDXPL.PL,D,20220511,000000,120.44,121.8,117.66,120.16,674,0
ETFBNDXPL.PL,D,20220512,000000,115.76,117,114,117,1546,0
ETFBNDXPL.PL,D,20220513,000000,117.14,119.74,117.14,119.74,632,0
ETFBNDXPL.PL,D,20220516,000000,119.64,120.14,118.64,119.3,928,0
ETFBNDXPL.PL,D,20220517,000000,119.9,121.92,119.9,120.5,1529,0
ETFBNDXPL.PL,D,20220518,000000,121.76,121.76,119.54,119.54,535,0
ETFBNDXPL.PL,D,20220519,000000,115.16,116.32,114.02,116.32,1214,0
ETFBNDXPL.PL,D,20220520,000000,116.32,117.46,115,115,328,0
ETFBNDXPL.PL,D,20220523,000000,116.56,116.88,114.94,116.04,871,0
ETFBNDXPL.PL,D,20220524,000000,114.44,115.62,112.5,113.5,1099,0
ETFBNDXPL.PL,D,20220525,000000,115.08,115.9,113.54,115.78,1522,0
ETFBNDXPL.PL,D,20220526,000000,115.96,118.36,115.92,118.36,749,0
ETFBNDXPL.PL,D,20220527,000000,119.18,122.5,118.88,122.48,767,0
ETFBNDXPL.PL,D,20220530,000000,124.82,125.52,124.2,124.2,437,0
ETFBNDXPL.PL,D,20220531,000000,123.7,123.7,121.7,123,1420,0
ETFBNDXPL.PL,D,20220601,000000,123.46,124.2,122.36,122.36,271,0
ETFBNDXPL.PL,D,20220602,000000,122.66,122.7,121.12,122.42,183,0
ETFBNDXPL.PL,D,20220603,000000,124.6,125.08,121.9,121.9,1492,0
ETFBNDXPL.PL,D,20220606,000000,122.76,123.88,122.76,123.88,1098,0
ETFBNDXPL.PL,D,20220607,000000,121.04,123.06,120.52,123.06,939,0
ETFBNDXPL.PL,D,20220608,000000,123.1,123.16,123.1,123.16,58,0
ETFBNDXPL.PL,D,20220609,000000,122.62,123.16,122.12,122.78,98,0
ETFBNDXPL.PL,D,20220610,000000,122.84,123.5,115.54,115.98,1069,0
ETFBNDXPL.PL,D,20220613,000000,112.98,113.04,110.68,110.68,998,0
ETFBNDXPL.PL,D,20220614,000000,111.92,111.98,108.6,109.82,1020,0
ETFBNDXPL.PL,D,20220615,000000,110,111.48,109.7,111.48,285,0
ETFBNDXPL.PL,D,20220617,000000,108.78,114.5,108.6,112.18,1361,0
ETFBNDXPL.PL,D,20220620,000000,115,115,110,110.34,74,0
ETFBNDXPL.PL,D,20220621,000000,111.72,112.88,111.12,112.88,786,0
ETFBNDXPL.PL,D,20220622,000000,110.44,113.22,109.32,113.22,359,0
ETFBNDXPL.PL,D,20220623,000000,112,113.5,112,113,372,0
ETFBNDXPL.PL,D,20220624,000000,114.2,117.22,114.2,116.46,269,0
ETFBNDXPL.PL,D,20220627,000000,117.6,118.88,117.1,117.66,223,0
ETFBNDXPL.PL,D,20220628,000000,117.64,117.68,116.58,116.58,367,0
ETFBNDXPL.PL,D,20220629,000000,113.1,113.76,112.5,113.44,394,0
ETFBNDXPL.PL,D,20220630,000000,111.82,112.34,110,110.96,948,0
ETFBNDXPL.PL,D,20220701,000000,110.74,112.52,110.68,111.34,413,0
ETFBNDXPL.PL,D,20220704,000000,112.22,112.36,112,112.36,106,0
ETFBNDXPL.PL,D,20220705,000000,113,113.36,110.88,112.58,363,0
ETFBNDXPL.PL,D,20220706,000000,114.84,115.16,114,114.8,1453,0
ETFBNDXPL.PL,D,20220707,000000,116,117.04,115.5,117.04,488,0
ETFBNDXPL.PL,D,20220708,000000,117.52,118.2,116.02,118.2,1727,0
ETFBNDXPL.PL,D,20220711,000000,117.02,117.52,115.5,116.32,805,0
ETFBNDXPL.PL,D,20220712,000000,115.1,116.32,114.58,116.32,670,0
ETFBNDXPL.PL,D,20220713,000000,115.18,115.4,111.7,113.8,3003,0
ETFBNDXPL.PL,D,20220714,000000,114.08,114.22,111.94,112.24,1180,0
ETFBNDXPL.PL,D,20220715,000000,114.9,116.5,114.9,116.3,1195,0
ETFBNDXPL.PL,D,20220718,000000,118.18,118.54,117.66,118.06,3778,0
ETFBNDXPL.PL,D,20220719,000000,116.52,117.9,116,117.9,2270,0
ETFBNDXPL.PL,D,20220720,000000,119.56,121.34,118.86,121.34,1575,0
ETFBNDXPL.PL,D,20220721,000000,121.2,121.52,120.38,120.82,651,0
ETFBNDXPL.PL,D,20220722,000000,122.3,122.9,121.98,122.56,564,0
ETFBNDXPL.PL,D,20220725,000000,121.1,121.72,119.54,120.42,2857,0
ETFBNDXPL.PL,D,20220726,000000,120.04,120.14,118.12,118.12,487,0
ETFBNDXPL.PL,D,20220727,000000,119.24,119.72,119.24,119.5,74,0
ETFBNDXPL.PL,D,20220728,000000,121.92,123.12,121.54,121.54,1396,0
ETFBNDXPL.PL,D,20220729,000000,125.58,126.28,125,126.06,1844,0
ETFBNDXPL.PL,D,20220801,000000,126.22,127.36,125.8,127.36,1503,0
ETFBNDXPL.PL,D,20220802,000000,125.68,125.68,124.62,125.36,164,0
ETFBNDXPL.PL,D,20220803,000000,125.78,128.26,125.78,127.72,107,0
ETFBNDXPL.PL,D,20220804,000000,129.04,129.78,128.58,128.58,718,0
ETFBNDXPL.PL,D,20220805,000000,130,130.1,127.44,129.32,3723,0
ETFBNDXPL.PL,D,20220808,000000,129.62,130.48,128.98,129.84,1086,0
ETFBNDXPL.PL,D,20220809,000000,128.74,128.74,126.26,127,1343,0
ETFBNDXPL.PL,D,20220810,000000,126.8,130.16,126.52,129.34,905,0
ETFBNDXPL.PL,D,20220811,000000,130.76,131.6,130.56,131.6,526,0
ETFBNDXPL.PL,D,20220812,000000,129.72,130.82,129.66,130.12,2264,0
ETFBNDXPL.PL,D,20220816,000000,132.96,133.2,131.88,132.24,2670,0
ETFBNDXPL.PL,D,20220817,000000,132.9,132.9,131.5,131.5,2602,0
ETFBNDXPL.PL,D,20220818,000000,131.04,132.22,130.82,131.42,1449,0
ETFBNDXPL.PL,D,20220819,000000,130.72,131.34,129.36,129.52,5107,0
ETFBNDXPL.PL,D,20220822,000000,128.3,128.3,126.58,126.58,747,0
ETFBNDXPL.PL,D,20220823,000000,125.76,126.62,125.4,126.62,240,0
ETFBNDXPL.PL,D,20220824,000000,125.88,126.32,125.52,126.16,336,0
ETFBNDXPL.PL,D,20220825,000000,127.52,128,126.8,128,312,0
ETFBNDXPL.PL,D,20220826,000000,128,128,127.06,127.06,191,0
ETFBNDXPL.PL,D,20220829,000000,122.4,122.86,121.24,122.3,1127,0
ETFBNDXPL.PL,D,20220830,000000,122.66,123.56,119.72,119.72,515,0
ETFBNDXPL.PL,D,20220831,000000,121.56,121.6,121,121,197,0
ETFBNDXPL.PL,D,20220901,000000,118.98,119.3,117.72,118.12,1364,0
ETFBNDXPL.PL,D,20220902,000000,119.72,121.26,119.64,120.08,403,0
ETFBNDXPL.PL,D,20220905,000000,118.72,118.96,117.76,118.96,108,0
ETFBNDXPL.PL,D,20220906,000000,119.38,119.38,117,117.1,379,0
ETFBNDXPL.PL,D,20220907,000000,117.08,118.22,117.06,117.06,434,0
ETFBNDXPL.PL,D,20220908,000000,120.5,120.62,119,120.62,346,0
ETFBNDXPL.PL,D,20220909,000000,122.08,123.14,121.66,123.14,429,0
ETFBNDXPL.PL,D,20220912,000000,123.42,124.88,123.38,124.78,1868,0
ETFBNDXPL.PL,D,20220913,000000,125.44,125.44,119.46,119.54,1507,0
ETFBNDXPL.PL,D,20220914,000000,119.38,119.38,118.46,118.46,281,0
ETFBNDXPL.PL,D,20220915,000000,119.54,119.56,117.78,117.78,602,0
ETFBNDXPL.PL,D,20220916,000000,116.6,116.64,115.52,116.4,573,0
ETFBNDXPL.PL,D,20220919,000000,115.94,115.94,114.82,115.24,313,0
ETFBNDXPL.PL,D,20220920,000000,117.28,117.52,116.02,116.1,435,0
ETFBNDXPL.PL,D,20220921,000000,115.74,116.56,115.74,116.56,52,0
ETFBNDXPL.PL,D,20220922,000000,113.12,114.6,112.42,112.42,1751,0
ETFBNDXPL.PL,D,20220923,000000,111.98,112.14,110.06,110.58,1534,0
ETFBNDXPL.PL,D,20220926,000000,110.1,111.78,109.74,111.4,518,0
ETFBNDXPL.PL,D,20220927,000000,111.42,111.78,111,111,936,0
ETFBNDXPL.PL,D,20220928,000000,109.32,110.8,108.3,110.8,844,0
ETFBNDXPL.PL,D,20220929,000000,110.86,111.02,108.3,108.6,916,0
ETFBNDXPL.PL,D,20220930,000000,109.9,109.92,108.2,109.06,773,0
ETFBNDXPL.PL,D,20221003,000000,106.76,108.84,105.98,108.84,701,0
ETFBNDXPL.PL,D,20221004,000000,110.62,113.24,110.62,113.24,1067,0
ETFBNDXPL.PL,D,20221005,000000,112.56,112.56,110.8,110.86,331,0
ETFBNDXPL.PL,D,20221006,000000,113.04,113.94,111.7,111.96,1600,0
ETFBNDXPL.PL,D,20221007,000000,111.84,111.98,109,109.32,226,0
ETFBNDXPL.PL,D,20221010,000000,107.36,108.12,106.5,106.5,1159,0
ETFBNDXPL.PL,D,20221011,000000,105.76,106.66,104.92,105.02,617,0
ETFBNDXPL.PL,D,20221012,000000,105.58,106.4,105,105.8,650,0
ETFBNDXPL.PL,D,20221013,000000,105,106,101.74,103.44,1637,0
ETFBNDXPL.PL,D,20221014,000000,107.66,108.96,105.54,106.3,1129,0
ETFBNDXPL.PL,D,20221017,000000,105.8,107.92,105.14,107.92,517,0
ETFBNDXPL.PL,D,20221018,000000,109.38,110.56,108.82,108.98,3212,0
ETFBNDXPL.PL,D,20221019,000000,109.18,109.76,107.64,109.12,8753,0
ETFBNDXPL.PL,D,20221020,000000,107.32,109.52,107.32,109.52,2490,0
ETFBNDXPL.PL,D,20221021,000000,107.18,108.22,106.02,108,373,0
ETFBNDXPL.PL,D,20221024,000000,110.3,110.96,108.62,109.52,1985,0
ETFBNDXPL.PL,D,20221025,000000,111.16,113.16,111.16,113.14,551,0
ETFBNDXPL.PL,D,20221026,000000,111.86,113.28,111.4,113.18,1129,0
ETFBNDXPL.PL,D,20221027,000000,111.04,111.54,109.4,110.6,1497,0
ETFBNDXPL.PL,D,20221028,000000,108.14,111,107.46,111,2497,0
ETFBNDXPL.PL,D,20221031,000000,111.7,112.16,110.84,111.14,2882,0
ETFBNDXPL.PL,D,20221102,000000,110.58,110.76,109.1,109.1,1611,0
ETFBNDXPL.PL,D,20221103,000000,106.44,106.7,104.24,104.8,3729,0
ETFBNDXPL.PL,D,20221104,000000,104.72,106,103.72,103.72,4666,0
ETFBNDXPL.PL,D,20221107,000000,104.86,106.62,104.86,106.04,569,0
ETFBNDXPL.PL,D,20221108,000000,106.9,109.1,106.86,108.2,509,0
ETFBNDXPL.PL,D,20221109,000000,108.52,108.68,106.66,107.1,579,0
ETFBNDXPL.PL,D,20221110,000000,106.08,111.94,105.68,111.74,1814,0
ETFBNDXPL.PL,D,20221114,000000,115.18,115.28,114.32,115,1893,0
ETFBNDXPL.PL,D,20221115,000000,115.38,118,115.38,116.56,6284,0
ETFBNDXPL.PL,D,20221116,000000,116.74,116.74,114.4,114.44,2506,0
ETFBNDXPL.PL,D,20221117,000000,114.94,114.94,112.44,113.54,738,0
ETFBNDXPL.PL,D,20221118,000000,113.78,115.58,113.78,113.92,421,0
ETFBNDXPL.PL,D,20221121,000000,113.94,114.06,113,113,3616,0
ETFBNDXPL.PL,D,20221122,000000,112.98,113.48,112.22,113.28,768,0
ETFBNDXPL.PL,D,20221123,000000,114.46,115.72,114.46,115.72,426,0
ETFBNDXPL.PL,D,20221124,000000,116.24,116.58,116.24,116.5,630,0
ETFBNDXPL.PL,D,20221125,000000,116.32,116.32,115.28,115.3,2566,0
ETFBNDXPL.PL,D,20221128,000000,114.3,114.9,113.74,114.3,375,0
ETFBNDXPL.PL,D,20221129,000000,113.76,114.36,113.2,113.2,137,0
ETFBNDXPL.PL,D,20221130,000000,112.8,113.28,112.6,112.6,2131,0
ETFBNDXPL.PL,D,20221201,000000,117.32,118.5,116.8,117.04,2972,0
ETFBNDXPL.PL,D,20221202,000000,117.88,118.06,114.54,116.6,3232,0
ETFBNDXPL.PL,D,20221205,000000,117.02,117.3,116.34,117,3485,0
ETFBNDXPL.PL,D,20221206,000000,115.58,115.7,113.16,113.6,563,0
ETFBNDXPL.PL,D,20221207,000000,113.26,113.26,112.12,112.9,848,0
ETFBNDXPL.PL,D,20221208,000000,112.94,114.2,112.5,114.2,590,0
ETFBNDXPL.PL,D,20221209,000000,114.58,114.94,112.7,114.18,609,0
ETFBNDXPL.PL,D,20221212,000000,113.32,113.8,112.82,113.18,316,0
ETFBNDXPL.PL,D,20221213,000000,115.04,119.56,114.44,117.06,749,0
ETFBNDXPL.PL,D,20221214,000000,117.06,118.14,116.78,118.14,996,0
ETFBNDXPL.PL,D,20221215,000000,115.48,115.48,112.82,113.32,1843,0
ETFBNDXPL.PL,D,20221216,000000,112.12,112.24,110.8,110.82,987,0
ETFBNDXPL.PL,D,20221219,000000,111.06,112,109,109,861,0
ETFBNDXPL.PL,D,20221220,000000,107.5,109.2,107.5,108.78,356,0
ETFBNDXPL.PL,D,20221221,000000,109.14,110.14,108.48,110.14,710,0
ETFBNDXPL.PL,D,20221222,000000,110.34,110.6,107,107.12,898,0
ETFBNDXPL.PL,D,20221223,000000,107.44,108.32,106.34,106.96,2003,0
ETFBNDXPL.PL,D,20221227,000000,108.56,108.62,106,106.7,1388,0
ETFBNDXPL.PL,D,20221228,000000,106,106.64,105.42,105.42,3656,0
ETFBNDXPL.PL,D,20221229,000000,105.26,107.3,105.2,107.3,2152,0
ETFBNDXPL.PL,D,20221230,000000,106.74,107.1,105.46,106.4,1162,0
ETFBNDXPL.PL,D,20230102,000000,106.76,107.24,106.76,107.24,612,0
ETFBNDXPL.PL,D,20230103,000000,107.88,108.6,106.24,106.62,3095,0
ETFBNDXPL.PL,D,20230104,000000,107.12,107.5,105.58,106.72,1999,0
ETFBNDXPL.PL,D,20230105,000000,106.68,107.4,105.16,105.68,1062,0
ETFBNDXPL.PL,D,20230109,000000,108,110.64,107.9,110.42,5760,0
ETFBNDXPL.PL,D,20230110,000000,108.74,109.7,108,108.56,1195,0
ETFBNDXPL.PL,D,20230111,000000,109.68,110.78,109.08,110.28,1061,0
ETFBNDXPL.PL,D,20230112,000000,111.62,112.64,110,111.04,1963,0
ETFBNDXPL.PL,D,20230113,000000,112.22,112.34,111,112.34,1028,0
ETFBNDXPL.PL,D,20230116,000000,112.84,112.96,112.1,112.92,1249,0
ETFBNDXPL.PL,D,20230117,000000,112.48,113.74,112.04,113,2012,0
ETFBNDXPL.PL,D,20230118,000000,113.5,114.24,113.02,113.4,931,0
ETFBNDXPL.PL,D,20230119,000000,111.68,111.84,110.32,110.32,1703,0
ETFBNDXPL.PL,D,20230120,000000,111.38,111.98,110.96,111.76,429,0
ETFBNDXPL.PL,D,20230123,000000,113.98,115.66,113.26,115.6,1820,0
ETFBNDXPL.PL,D,20230124,000000,116.28,116.34,115.16,115.9,5574,0
ETFBNDXPL.PL,D,20230125,000000,115.64,115.64,113.4,113.6,343,0
ETFBNDXPL.PL,D,20230126,000000,116,117.46,116,116.42,2595,0
ETFBNDXPL.PL,D,20230127,000000,117.4,118.82,117,118.36,1134,0
ETFBNDXPL.PL,D,20230130,000000,118.32,118.32,116.54,116.66,2833,0
ETFBNDXPL.PL,D,20230131,000000,116.66,117.68,115.76,117.68,940,0
ETFBNDXPL.PL,D,20230201,000000,118.3,118.8,117.92,117.92,4297,0
ETFBNDXPL.PL,D,20230202,000000,121.92,125,121.92,124.94,5443,0
ETFBNDXPL.PL,D,20230203,000000,122.94,125.22,121.94,125.2,1843,0
ETFBNDXPL.PL,D,20230206,000000,122.5,122.5,121.06,121.88,944,0
ETFBNDXPL.PL,D,20230207,000000,122.16,122.7,121.7,121.92,660,0
ETFBNDXPL.PL,D,20230208,000000,124.4,124.86,123.56,123.56,449,0
ETFBNDXPL.PL,D,20230209,000000,123.74,124.38,123.44,123.6,839,0
ETFBNDXPL.PL,D,20230210,000000,121.38,121.76,119.98,120.7,1264,0
ETFBNDXPL.PL,D,20230213,000000,120.88,121.42,117,121.4,908,0
ETFBNDXPL.PL,D,20230214,000000,122.38,124.1,121.88,122,1880,0
ETFBNDXPL.PL,D,20230215,000000,122.42,123.6,122.42,122.94,1307,0
ETFBNDXPL.PL,D,20230216,000000,125,125.12,121.7,123.52,4906,0
ETFBNDXPL.PL,D,20230217,000000,121.34,121.74,120.62,121.34,578,0
ETFBNDXPL.PL,D,20230220,000000,121.38,121.74,121,121,616,0
ETFBNDXPL.PL,D,20230221,000000,120.86,120.86,119.06,119.58,1877,0
ETFBNDXPL.PL,D,20230222,000000,119.02,119.06,117.72,118.24,723,0
ETFBNDXPL.PL,D,20230223,000000,119.04,120,119,119,2751,0
ETFBNDXPL.PL,D,20230224,000000,119.3,119.3,117.16,117.3,1001,0
ETFBNDXPL.PL,D,20230227,000000,118.1,119.42,117.96,118.8,1066,0
ETFBNDXPL.PL,D,20230228,000000,118.2,119.12,118,118.24,2267,0
ETFBNDXPL.PL,D,20230301,000000,118.78,119.1,117.04,117.5,1359,0
ETFBNDXPL.PL,D,20230302,000000,116.26,117.04,115.92,116.78,4489,0
ETFBNDXPL.PL,D,20230303,000000,118.24,119.9,118.24,119.8,674,0
ETFBNDXPL.PL,D,20230306,000000,121.1,122.28,120.5,122.28,3643,0
ETFBNDXPL.PL,D,20230307,000000,121.18,121.46,119.34,120.3,827,0
ETFBNDXPL.PL,D,20230308,000000,119.48,119.98,118.92,119.98,618,0
ETFBNDXPL.PL,D,20230309,000000,119.3,121,119.24,120.86,279,0
ETFBNDXPL.PL,D,20230310,000000,118.84,120.26,118,118.4,714,0
ETFBNDXPL.PL,D,20230313,000000,119,119.5,116.5,119.5,1405,0
ETFBNDXPL.PL,D,20230314,000000,118.24,121.4,118.24,121.4,1142,0
ETFBNDXPL.PL,D,20230315,000000,121.24,121.24,118.94,120.04,1583,0
ETFBNDXPL.PL,D,20230316,000000,122.32,124,121.04,124,880,0
ETFBNDXPL.PL,D,20230317,000000,124.9,125.6,123.8,123.8,504,0
ETFBNDXPL.PL,D,20230320,000000,123.62,124.32,122.64,124,1661,0
ETFBNDXPL.PL,D,20230321,000000,124.44,124.74,124,124.44,843,0
ETFBNDXPL.PL,D,20230322,000000,125,125.8,124.58,125.48,245,0
ETFBNDXPL.PL,D,20230323,000000,124.84,126.72,124.48,126.42,1599,0
ETFBNDXPL.PL,D,20230324,000000,124.72,124.72,123.46,123.98,224,0
ETFBNDXPL.PL,D,20230327,000000,125.4,126.08,124.66,125.76,3366,0
ETFBNDXPL.PL,D,20230328,000000,124.84,124.84,123.36,123.38,448,0
ETFBNDXPL.PL,D,20230329,000000,124.98,125.68,124.98,125,167,0
ETFBNDXPL.PL,D,20230330,000000,126.48,127.38,126.02,127.38,417,0
ETFBNDXPL.PL,D,20230331,000000,127.46,128.2,126.74,128.2,695,0
ETFBNDXPL.PL,D,20230403,000000,128.72,128.78,128.04,128.38,741,0
ETFBNDXPL.PL,D,20230404,000000,128.98,129.78,128.34,128.78,692,0
ETFBNDXPL.PL,D,20230405,000000,128.84,128.84,127,127,2176,0
ETFBNDXPL.PL,D,20230406,000000,127.02,127.14,125.72,126.3,800,0
ETFBNDXPL.PL,D,20230411,000000,127.84,128.66,127.14,127.68,543,0
ETFBNDXPL.PL,D,20230412,000000,127.24,128.8,126.72,126.72,838,0
ETFBNDXPL.PL,D,20230413,000000,126.6,127.82,125.92,127.82,909,0
ETFBNDXPL.PL,D,20230414,000000,128,128.5,127.26,127.4,1239,0
ETFBNDXPL.PL,D,20230417,000000,128.42,128.5,127.42,127.42,203,0
ETFBNDXPL.PL,D,20230418,000000,127.78,129,127.78,128.9,393,0
ETFBNDXPL.PL,D,20230419,000000,127.72,127.76,126.7,127.76,2800,0
ETFBNDXPL.PL,D,20230420,000000,127.66,127.76,126.44,127.76,989,0
ETFBNDXPL.PL,D,20230421,000000,127,127.3,126.34,126.74,95,0
ETFBNDXPL.PL,D,20230424,000000,126.74,127.64,126.6,126.6,534,0
ETFBNDXPL.PL,D,20230425,000000,126.46,126.46,125.44,126.06,436,0
ETFBNDXPL.PL,D,20230426,000000,125.68,126.26,125.46,125.56,504,0
ETFBNDXPL.PL,D,20230427,000000,126.34,127.5,125.9,127.36,1778,0
ETFBNDXPL.PL,D,20230428,000000,128,128.9,127.8,128.34,368,0
ETFBNDXPL.PL,D,20230502,000000,129.12,129.4,127.94,127.94,305,0
ETFBNDXPL.PL,D,20230504,000000,127.74,127.94,126.42,126.84,725,0
ETFBNDXPL.PL,D,20230505,000000,127.16,128.7,127.16,128.7,678,0
ETFBNDXPL.PL,D,20230508,000000,129.6,129.68,129,129,509,0
ETFBNDXPL.PL,D,20230509,000000,129.7,129.7,128.76,128.76,201,0
ETFBNDXPL.PL,D,20230510,000000,129.2,130.48,128.76,129.8,548,0
ETFBNDXPL.PL,D,20230511,000000,130.7,131.02,130.18,130.24,3756,0
ETFBNDXPL.PL,D,20230512,000000,131,131.2,129.96,130.26,296,0
ETFBNDXPL.PL,D,20230515,000000,130.26,130.86,130.08,130.14,284,0
ETFBNDXPL.PL,D,20230516,000000,130.52,131.32,130.52,131.2,117,0
ETFBNDXPL.PL,D,20230517,000000,131.48,131.56,130.84,131.54,869,0
ETFBNDXPL.PL,D,20230518,000000,132.36,134.32,132.36,133.8,531,0
ETFBNDXPL.PL,D,20230519,000000,134.94,135.62,134.92,135.24,591,0
ETFBNDXPL.PL,D,20230522,000000,135.24,135.8,134.76,135.7,346,0
ETFBNDXPL.PL,D,20230523,000000,135.76,135.76,134.78,134.78,342,0
ETFBNDXPL.PL,D,20230524,000000,133.82,133.86,132.28,132.56,1051,0
ETFBNDXPL.PL,D,20230525,000000,134.82,136.22,134.62,135.34,1353,0
ETFBNDXPL.PL,D,20230526,000000,136.22,138.86,135.72,138.86,930,0
ETFBNDXPL.PL,D,20230529,000000,140.32,140.72,140.16,140.54,970,0
ETFBNDXPL.PL,D,20230530,000000,140.72,142.2,140.6,141.38,831,0
ETFBNDXPL.PL,D,20230531,000000,140.18,140.52,139.7,139.7,1549,0
ETFBNDXPL.PL,D,20230601,000000,139.76,140.56,139.34,140.56,390,0
ETFBNDXPL.PL,D,20230602,000000,141.62,143,141.54,142.1,405,0
ETFBNDXPL.PL,D,20230605,000000,142.18,142.72,141.52,142.72,4134,0
ETFBNDXPL.PL,D,20230606,000000,142.48,142.7,141.96,142.24,994,0
ETFBNDXPL.PL,D,20230607,000000,142,143.28,141.9,142.22,465,0
ETFBNDXPL.PL,D,20230609,000000,141.66,143.52,141.02,142.54,1293,0
ETFBNDXPL.PL,D,20230612,000000,143.02,143.02,142.2,142.76,1663,0
ETFBNDXPL.PL,D,20230613,000000,144.86,145.96,143.92,144.36,4305,0
ETFBNDXPL.PL,D,20230614,000000,145,146.36,145,146.04,901,0
ETFBNDXPL.PL,D,20230615,000000,147.54,148.08,145.06,146.86,1212,0
ETFBNDXPL.PL,D,20230616,000000,148.1,151.24,147.96,149.82,1400,0
ETFBNDXPL.PL,D,20230619,000000,149,149.32,146.36,146.76,959,0
ETFBNDXPL.PL,D,20230620,000000,146.48,147.14,145.38,145.38,533,0
ETFBNDXPL.PL,D,20230621,000000,146.08,146.78,145,145,1240,0
ETFBNDXPL.PL,D,20230622,000000,143.76,145.78,143.76,145.78,414,0
ETFBNDXPL.PL,D,20230623,000000,145.24,145.86,143.86,144.42,844,0
ETFBNDXPL.PL,D,20230626,000000,144.46,146,144.1,144.98,1963,0
ETFBNDXPL.PL,D,20230627,000000,143.52,143.82,143.24,143.76,262,0
ETFBNDXPL.PL,D,20230628,000000,145.1,146.34,144.62,146.34,146,0
ETFBNDXPL.PL,D,20230629,000000,145.82,146.4,145.3,145.66,271,0
ETFBNDXPL.PL,D,20230630,000000,145.84,147.68,145.7,147.62,1718,0
ETFBNDXPL.PL,D,20230703,000000,148.08,148.42,147.88,147.88,967,0
ETFBNDXPL.PL,D,20230704,000000,148.26,148.26,147.8,147.8,501,0
ETFBNDXPL.PL,D,20230705,000000,147.5,147.9,146.84,147.9,902,0
ETFBNDXPL.PL,D,20230706,000000,147.4,147.58,146,146.26,1175,0
ETFBNDXPL.PL,D,20230707,000000,146.2,147.76,146.2,146.54,173,0
ETFBNDXPL.PL,D,20230710,000000,145.9,146.6,145.5,146.6,311,0
ETFBNDXPL.PL,D,20230711,000000,147.08,147.08,145.9,145.92,623,0
ETFBNDXPL.PL,D,20230712,000000,147.1,149.54,147.1,149.54,517,0
ETFBNDXPL.PL,D,20230713,000000,149.64,150.46,149.16,150.4,1212,0
ETFBNDXPL.PL,D,20230714,000000,151.16,152.72,151.1,151.86,4100,0
ETFBNDXPL.PL,D,20230717,000000,151,151.84,150.78,151.66,939,0
ETFBNDXPL.PL,D,20230718,000000,152.48,152.6,151.42,151.42,718,0
ETFBNDXPL.PL,D,20230719,000000,153.52,154.18,153.5,153.98,237,0
ETFBNDXPL.PL,D,20230720,000000,152.72,152.94,151.14,151.14,1018,0
ETFBNDXPL.PL,D,20230721,000000,150.56,151.46,149.54,150.14,752,0
ETFBNDXPL.PL,D,20230724,000000,150,150.32,149.62,149.62,701,0
ETFBNDXPL.PL,D,20230725,000000,150.44,150.84,150.2,150.4,300,0
ETFBNDXPL.PL,D,20230726,000000,151,151.22,149.86,149.86,438,0
ETFBNDXPL.PL,D,20230727,000000,151.34,152.94,151.34,152.58,631,0
ETFBNDXPL.PL,D,20230728,000000,150.64,152.58,150.62,152.58,833,0
ETFBNDXPL.PL,D,20230731,000000,152.76,153.54,152.38,153.26,419,0
ETFBNDXPL.PL,D,20230801,000000,153.18,153.18,152,152,424,0
ETFBNDXPL.PL,D,20230802,000000,151.4,151.88,150.2,150.26,814,0
ETFBNDXPL.PL,D,20230803,000000,148.38,149.4,148.22,149.1,900,0
ETFBNDXPL.PL,D,20230804,000000,149.5,150.2,149,149.96,827,0
ETFBNDXPL.PL,D,20230807,000000,149.12,149.48,148.6,149.08,517,0
ETFBNDXPL.PL,D,20230808,000000,148.76,149.18,147.14,147.6,1027,0
ETFBNDXPL.PL,D,20230809,000000,148.76,149.2,147,147,581,0
ETFBNDXPL.PL,D,20230810,000000,147.7,149.22,147.3,149.22,84,0
ETFBNDXPL.PL,D,20230811,000000,147.38,147.48,145.74,146.4,1269,0
ETFBNDXPL.PL,D,20230814,000000,146.9,148.08,146.1,146.56,146,0
ETFBNDXPL.PL,D,20230816,000000,146,146.64,146,146.2,486,0
ETFBNDXPL.PL,D,20230817,000000,144.92,145,143.68,143.68,1185,0
ETFBNDXPL.PL,D,20230818,000000,142.5,143.06,141.66,141.8,2800,0
ETFBNDXPL.PL,D,20230821,000000,142.84,144.06,142.84,143.76,2485,0
ETFBNDXPL.PL,D,20230822,000000,145.5,146.38,145.44,146.18,328,0
ETFBNDXPL.PL,D,20230823,000000,145.78,146.68,145,146.68,100,0
ETFBNDXPL.PL,D,20230824,000000,149.2,149.22,146,146,771,0
ETFBNDXPL.PL,D,20230825,000000,143.64,144.5,143.08,143.08,467,0
ETFBNDXPL.PL,D,20230828,000000,144.84,146.54,144.84,145.68,659,0
ETFBNDXPL.PL,D,20230829,000000,146.68,147.92,146.16,147.92,314,0
ETFBNDXPL.PL,D,20230830,000000,149.5,150,148.82,150,252,0
ETFBNDXPL.PL,D,20230831,000000,149.78,150.9,149.68,150.9,341,0
ETFBNDXPL.PL,D,20230901,000000,150.48,151.66,150.1,151.1,535,0
ETFBNDXPL.PL,D,20230904,000000,150.82,151.08,150.4,151.08,174,0
ETFBNDXPL.PL,D,20230905,000000,150.24,150.6,149.6,150.16,797,0
ETFBNDXPL.PL,D,20230906,000000,149.68,150.16,149.14,149.16,365,0
ETFBNDXPL.PL,D,20230907,000000,148.92,148.92,147,147.34,627,0
ETFBNDXPL.PL,D,20230908,000000,148.38,149.52,147.98,148.74,804,0
ETFBNDXPL.PL,D,20230911,000000,149.4,149.96,148.84,149,1127,0
ETFBNDXPL.PL,D,20230912,000000,149.94,150.38,149.5,149.5,1030,0
ETFBNDXPL.PL,D,20230913,000000,149,149,148.02,148.8,238,0
ETFBNDXPL.PL,D,20230914,000000,151.36,151.82,149,149.84,5258,0
ETFBNDXPL.PL,D,20230915,000000,150.64,150.64,148.6,148.72,443,0
ETFBNDXPL.PL,D,20230918,000000,148,148.06,147,147.76,327,0
ETFBNDXPL.PL,D,20230919,000000,147.76,147.86,146.36,146.6,83,0
ETFBNDXPL.PL,D,20230920,000000,155,155,147.5,147.5,674,0
ETFBNDXPL.PL,D,20230921,000000,145.24,145.24,143.46,143.82,450,0
ETFBNDXPL.PL,D,20230922,000000,143.2,144.14,142.86,144.14,889,0
ETFBNDXPL.PL,D,20230925,000000,143.42,143.54,142.08,142.9,864,0
ETFBNDXPL.PL,D,20230926,000000,142.54,142.9,141.36,141.8,544,0
ETFBNDXPL.PL,D,20230927,000000,141.54,142.28,141.28,141.72,419,0
ETFBNDXPL.PL,D,20230928,000000,141.36,142.02,141.1,141.14,427,0
ETFBNDXPL.PL,D,20230929,000000,142.98,144.54,142.98,144.08,271,0
ETFBNDXPL.PL,D,20231002,000000,144.02,144.3,142.5,143.84,537,0
ETFBNDXPL.PL,D,20231003,000000,144.14,144.14,141.86,141.86,214,0
ETFBNDXPL.PL,D,20231004,000000,140.6,142.28,140.5,141.8,375,0
ETFBNDXPL.PL,D,20231005,000000,142.84,143.76,141.38,141.68,1154,0
ETFBNDXPL.PL,D,20231006,000000,143,143.42,141.1,143.1,605,0
ETFBNDXPL.PL,D,20231009,000000,144.44,144.68,143.78,144.56,641,0
ETFBNDXPL.PL,D,20231010,000000,145.84,147.52,145.84,147.52,722,0
ETFBNDXPL.PL,D,20231011,000000,147.22,147.8,146.94,147.44,1195,0
ETFBNDXPL.PL,D,20231012,000000,148.56,148.56,147.5,148,2612,0
ETFBNDXPL.PL,D,20231013,000000,147.48,147.56,146.5,146.9,337,0
ETFBNDXPL.PL,D,20231016,000000,145.98,147.14,145.06,147.14,181,0
ETFBNDXPL.PL,D,20231017,000000,146.72,146.82,145.2,145.2,183,0
ETFBNDXPL.PL,D,20231018,000000,145.9,146.12,145.46,145.6,43,0
ETFBNDXPL.PL,D,20231019,000000,144.6,144.9,143.58,144.84,224,0
ETFBNDXPL.PL,D,20231020,000000,142.72,143.38,141.46,141.46,467,0
ETFBNDXPL.PL,D,20231023,000000,141.16,141.5,139.64,141.38,1340,0
ETFBNDXPL.PL,D,20231024,000000,142.24,142.82,142.16,142.62,256,0
ETFBNDXPL.PL,D,20231025,000000,142.22,142.52,140.8,141.22,978,0
ETFBNDXPL.PL,D,20231026,000000,137.8,139,137.2,138.46,2963,0
ETFBNDXPL.PL,D,20231027,000000,137.28,138.28,137.28,138,658,0
ETFBNDXPL.PL,D,20231030,000000,138.14,139.08,137.98,137.98,637,0
ETFBNDXPL.PL,D,20231031,000000,138,139.42,138,138.52,426,0
ETFBNDXPL.PL,D,20231102,000000,142.44,144.54,142.44,144.3,2075,0
ETFBNDXPL.PL,D,20231103,000000,144.62,146.36,144.08,146.1,817,0
ETFBNDXPL.PL,D,20231106,000000,146.64,146.96,146.2,146.8,494,0
ETFBNDXPL.PL,D,20231107,000000,146.82,148.22,146.26,148.22,1512,0
ETFBNDXPL.PL,D,20231108,000000,148.16,148.66,147.74,147.8,2058,0
ETFBNDXPL.PL,D,20231109,000000,148.06,148.84,147.92,148.84,219,0
ETFBNDXPL.PL,D,20231110,000000,147.48,148,146.96,147.88,935,0
ETFBNDXPL.PL,D,20231113,000000,150,150,149,150,485,0
ETFBNDXPL.PL,D,20231114,000000,150.02,153.5,150,153.5,1246,0
ETFBNDXPL.PL,D,20231115,000000,153.44,154.5,153.44,154.14,3891,0
ETFBNDXPL.PL,D,20231116,000000,153.2,153.22,152.5,152.8,796,0
ETFBNDXPL.PL,D,20231117,000000,153.2,153.52,152.64,153.06,761,0
ETFBNDXPL.PL,D,20231120,000000,152.82,153.8,152.82,153.8,1245,0
ETFBNDXPL.PL,D,20231121,000000,155,155.28,153.48,153.48,657,0
ETFBNDXPL.PL,D,20231122,000000,153.98,155,153.64,154.62,596,0
ETFBNDXPL.PL,D,20231123,000000,154.66,155,154.58,155,99,0
ETFBNDXPL.PL,D,20231124,000000,154.8,155.02,154.32,154.48,173,0
ETFBNDXPL.PL,D,20231127,000000,154.26,154.62,153.86,154.16,2235,0
ETFBNDXPL.PL,D,20231128,000000,154.2,154.5,153.8,153.88,2463,0
ETFBNDXPL.PL,D,20231129,000000,154.58,156,154.58,155.5,1783,0
ETFBNDXPL.PL,D,20231130,000000,155.08,155.08,153.02,153.34,515,0
ETFBNDXPL.PL,D,20231201,000000,154,154.32,153.02,153.66,923,0
ETFBNDXPL.PL,D,20231204,000000,154.02,154.4,152,152.02,2073,0
ETFBNDXPL.PL,D,20231205,000000,152.1,153.96,152.02,153.96,2569,0
ETFBNDXPL.PL,D,20231206,000000,153.96,154.96,153.52,153.54,481,0
ETFBNDXPL.PL,D,20231207,000000,152.96,154.5,152.44,154.5,338,0
ETFBNDXPL.PL,D,20231208,000000,154.64,155.16,153.7,155,2195,0
ETFBNDXPL.PL,D,20231211,000000,155.38,156.24,154.84,156.02,1349,0
ETFBNDXPL.PL,D,20231212,000000,156.82,157.8,156.7,157.1,914,0
ETFBNDXPL.PL,D,20231213,000000,158.16,158.82,158.1,158.72,2807,0
ETFBNDXPL.PL,D,20231214,000000,162.54,163.08,162,162,2898,0
ETFBNDXPL.PL,D,20231215,000000,160.54,160.78,159.96,160.7,3012,0
ETFBNDXPL.PL,D,20231218,000000,160.58,161.04,160.2,160.62,2633,0
ETFBNDXPL.PL,D,20231219,000000,160.9,162,160.9,162,693,0
ETFBNDXPL.PL,D,20231220,000000,162,162.64,161.52,162.64,3583,0
ETFBNDXPL.PL,D,20231221,000000,160.96,161.62,160.38,161.52,1940,0
ETFBNDXPL.PL,D,20231222,000000,161.32,162.5,160.96,162.16,1137,0
ETFBNDXPL.PL,D,20231227,000000,162.52,163.28,162.42,162.48,1780,0
ETFBNDXPL.PL,D,20231228,000000,163.42,163.42,162.64,162.64,204,0
ETFBNDXPL.PL,D,20231229,000000,163,163.1,161.74,161.74,231,0
ETFBNDXPL.PL,D,20240102,000000,162.24,162.28,159,159,5224,0
ETFBNDXPL.PL,D,20240103,000000,159,159.5,157.6,158.06,2810,0
ETFBNDXPL.PL,D,20240104,000000,157.74,158.54,156.86,157.9,2055,0
ETFBNDXPL.PL,D,20240105,000000,156.78,158.1,155.78,158.1,941,0
ETFBNDXPL.PL,D,20240108,000000,157.14,159.12,156.44,159.12,887,0
ETFBNDXPL.PL,D,20240109,000000,160.1,160.1,159.3,159.6,1086,0
ETFBNDXPL.PL,D,20240110,000000,161.2,161.56,160.5,161.48,1061,0
ETFBNDXPL.PL,D,20240111,000000,162.14,162.92,161.42,161.74,1176,0
ETFBNDXPL.PL,D,20240112,000000,161.8,162.76,161.58,162.1,263,0
ETFBNDXPL.PL,D,20240115,000000,162.1,162.56,161.62,162.22,678,0
ETFBNDXPL.PL,D,20240116,000000,160.9,162.96,160.64,162.46,739,0
ETFBNDXPL.PL,D,20240117,000000,161.22,161.84,159.62,160.56,2397,0
ETFBNDXPL.PL,D,20240118,000000,161.4,163.42,161.4,163.42,677,0
ETFBNDXPL.PL,D,20240119,000000,164.2,165,164.06,164.92,634,0
ETFBNDXPL.PL,D,20240122,000000,168.1,168.38,167.16,167.3,2311,0
ETFBNDXPL.PL,D,20240123,000000,167.5,167.72,166.66,167.2,1898,0
ETFBNDXPL.PL,D,20240124,000000,168.52,170.26,168.52,169.68,2479,0
ETFBNDXPL.PL,D,20240125,000000,168.9,169.84,168.78,169.8,763,0
ETFBNDXPL.PL,D,20240126,000000,167.58,168.74,167.08,168.74,950,0
ETFBNDXPL.PL,D,20240129,000000,168.36,168.6,167.84,168.26,284,0
ETFBNDXPL.PL,D,20240130,000000,169.2,169.9,169.16,169.2,916,0
ETFBNDXPL.PL,D,20240131,000000,167.6,167.6,166,166.1,776,0
ETFBNDXPL.PL,D,20240201,000000,166.34,166.54,165.86,165.86,665,0
ETFBNDXPL.PL,D,20240202,000000,168.8,169.2,167.94,168.78,2832,0
ETFBNDXPL.PL,D,20240205,000000,169.94,170.1,168.36,168.36,884,0
ETFBNDXPL.PL,D,20240206,000000,170.32,170.42,169.3,169.32,340,0
ETFBNDXPL.PL,D,20240207,000000,169.54,171.66,169.06,171.66,417,0
ETFBNDXPL.PL,D,20240208,000000,171.58,171.6,171,171.5,692,0
ETFBNDXPL.PL,D,20240209,000000,172.16,172.5,171.76,172.14,295,0
ETFBNDXPL.PL,D,20240212,000000,173.3,173.72,172.82,173.72,1629,0
ETFBNDXPL.PL,D,20240213,000000,172.12,172.58,169.02,170.48,2960,0
ETFBNDXPL.PL,D,20240214,000000,170.6,171.3,170.34,170.34,833,0
ETFBNDXPL.PL,D,20240215,000000,172,172.46,171.12,171.7,432,0
ETFBNDXPL.PL,D,20240216,000000,172.56,173.5,170.56,171,1346,0
ETFBNDXPL.PL,D,20240219,000000,170.98,171.12,170.72,170.72,329,0
ETFBNDXPL.PL,D,20240220,000000,170.52,170.52,168.28,168.56,1451,0
ETFBNDXPL.PL,D,20240221,000000,168.7,169.14,168,168.38,728,0
ETFBNDXPL.PL,D,20240222,000000,171.46,172.72,171.44,172.72,1632,0
ETFBNDXPL.PL,D,20240223,000000,173.18,174.56,173.02,173.86,286,0
ETFBNDXPL.PL,D,20240226,000000,172.82,173.72,172.5,173.72,410,0
ETFBNDXPL.PL,D,20240227,000000,173.28,173.68,173,173,480,0
ETFBNDXPL.PL,D,20240228,000000,173.2,173.2,172,172.38,615,0
ETFBNDXPL.PL,D,20240229,000000,172.36,174.08,171.84,174.02,510,0
ETFBNDXPL.PL,D,20240301,000000,174.88,175,173.98,175,1930,0
ETFBNDXPL.PL,D,20240304,000000,176.44,177,176.3,176.42,497,0
ETFBNDXPL.PL,D,20240305,000000,175.28,175.28,172.44,172.74,607,0
ETFBNDXPL.PL,D,20240306,000000,173.14,174.58,173,173.56,748,0
ETFBNDXPL.PL,D,20240307,000000,173.18,175.26,172.62,174.54,248,0
ETFBNDXPL.PL,D,20240308,000000,176.04,178.3,176.04,177.6,1759,0
ETFBNDXPL.PL,D,20240311,000000,174.18,174.62,172.5,172.98,2831,0
ETFBNDXPL.PL,D,20240312,000000,174,175.5,172.52,175,1759,0
ETFBNDXPL.PL,D,20240313,000000,175.4,175.84,174,174,228,0
ETFBNDXPL.PL,D,20240314,000000,175.04,175.18,172.88,173.72,503,0
ETFBNDXPL.PL,D,20240315,000000,173.44,174.14,171.52,171.84,846,0
ETFBNDXPL.PL,D,20240318,000000,172.82,174.76,172.46,174.76,911,0
ETFBNDXPL.PL,D,20240319,000000,173.06,173.52,172.02,172.14,593,0
ETFBNDXPL.PL,D,20240320,000000,173.38,174.1,173.14,173.92,934,0
ETFBNDXPL.PL,D,20240321,000000,177.52,177.78,176.62,177.44,538,0
ETFBNDXPL.PL,D,20240322,000000,176.86,177.04,176.02,176.14,473,0
ETFBNDXPL.PL,D,20240325,000000,176.24,176.72,175.52,176.54,500,0
ETFBNDXPL.PL,D,20240326,000000,176.5,177.2,176.5,176.74,928,0
ETFBNDXPL.PL,D,20240327,000000,176.2,176.6,175.1,175.58,259,0
ETFBNDXPL.PL,D,20240328,000000,176.34,176.58,175.62,176.5,716,0
ETFBNDXPL.PL,D,20240402,000000,176.4,176.52,173.58,173.82,1166,0
ETFBNDXPL.PL,D,20240403,000000,174.48,175.48,173.92,175.42,798,0
ETFBNDXPL.PL,D,20240404,000000,175.5,176.98,175.38,176.54,722,0
ETFBNDXPL.PL,D,20240405,000000,172.82,173.82,172.42,173.5,1140,0
ETFBNDXPL.PL,D,20240408,000000,173.98,175.16,173.98,174.78,1956,0
ETFBNDXPL.PL,D,20240409,000000,174.76,175.46,173.22,173.22,604,0
ETFBNDXPL.PL,D,20240410,000000,175.4,175.54,171.94,173.5,2218,0
ETFBNDXPL.PL,D,20240411,000000,173.5,174.24,172.52,174.18,406,0
ETFBNDXPL.PL,D,20240412,000000,176.1,176.48,173.52,173.52,465,0
ETFBNDXPL.PL,D,20240415,000000,174.06,175.2,173.76,173.76,306,0
ETFBNDXPL.PL,D,20240416,000000,170.5,171.14,169.7,170.48,3464,0
ETFBNDXPL.PL,D,20240417,000000,170.48,171.62,170.24,170.7,741,0
ETFBNDXPL.PL,D,20240418,000000,169.66,169.66,167.8,169,746,0
ETFBNDXPL.PL,D,20240419,000000,166.48,167.46,165.84,166.32,1324,0
ETFBNDXPL.PL,D,20240422,000000,165.26,165.4,164.08,164.08,1129,0
ETFBNDXPL.PL,D,20240423,000000,165.38,168.1,165.38,167.36,4625,0
ETFBNDXPL.PL,D,20240424,000000,169.5,169.5,168.68,169.14,841,0
ETFBNDXPL.PL,D,20240425,000000,166.84,167.4,165.28,166.08,1304,0
ETFBNDXPL.PL,D,20240426,000000,169.68,170,169.1,170,1068,0
ETFBNDXPL.PL,D,20240429,000000,171,171.36,170.6,171.06,924,0
ETFBNDXPL.PL,D,20240430,000000,171.06,171.14,170,170.54,546,0
ETFBNDXPL.PL,D,20240502,000000,167.82,168.38,166.34,167.48,794,0
ETFBNDXPL.PL,D,20240506,000000,171.96,173,171.96,173,412,0
ETFBNDXPL.PL,D,20240507,000000,173.62,174.34,173.5,174.34,821,0
ETFBNDXPL.PL,D,20240508,000000,174.3,174.32,172.74,174.2,258,0
ETFBNDXPL.PL,D,20240509,000000,173.78,174.36,173.1,174.34,261,0
ETFBNDXPL.PL,D,20240510,000000,174.98,175.1,174.42,174.8,415,0
ETFBNDXPL.PL,D,20240513,000000,175.2,175.54,174.8,175,116,0
ETFBNDXPL.PL,D,20240514,000000,175,175.28,174.42,175.28,930,0
ETFBNDXPL.PL,D,20240515,000000,175.96,177.76,175.78,177.44,1529,0
ETFBNDXPL.PL,D,20240516,000000,178.88,179.34,178.62,179.2,512,0
ETFBNDXPL.PL,D,20240517,000000,178.7,178.72,177.96,178.72,745,0
ETFBNDXPL.PL,D,20240520,000000,178.72,179.48,178.5,179.2,488,0
ETFBNDXPL.PL,D,20240521,000000,179.52,179.6,179,179.5,535,0
ETFBNDXPL.PL,D,20240522,000000,179.62,180,179.38,179.98,1146,0
ETFBNDXPL.PL,D,20240523,000000,180.96,182.14,180.5,180.62,628,0
ETFBNDXPL.PL,D,20240524,000000,179.16,180.24,178.64,180.24,1057,0
ETFBNDXPL.PL,D,20240527,000000,180.9,180.9,180.46,180.9,178,0
ETFBNDXPL.PL,D,20240528,000000,181.02,181.84,180.34,180.82,542,0
ETFBNDXPL.PL,D,20240529,000000,180.8,180.82,179.84,180.8,1738,0
ETFBNDXPL.PL,D,20240531,000000,177.8,178.92,176.04,176.32,476,0
ETFBNDXPL.PL,D,20240603,000000,178.9,179.58,178.2,178.2,1732,0
ETFBNDXPL.PL,D,20240604,000000,178.36,178.92,177.64,178.92,1513,0
ETFBNDXPL.PL,D,20240605,000000,179.24,181.3,179.24,181.22,841,0
ETFBNDXPL.PL,D,20240606,000000,182.8,183.54,182.74,183.44,908,0
ETFBNDXPL.PL,D,20240607,000000,182.96,183.4,181.84,183,199,0
ETFBNDXPL.PL,D,20240610,000000,182.22,182.56,182,182.56,4680,0
ETFBNDXPL.PL,D,20240611,000000,183.38,183.46,182.6,183.46,557,0
ETFBNDXPL.PL,D,20240612,000000,184.6,187.9,184.58,187.22,1496,0
ETFBNDXPL.PL,D,20240613,000000,188.96,189.18,187.86,187.86,1743,0
ETFBNDXPL.PL,D,20240614,000000,188.44,189.08,187.5,188.32,1192,0
ETFBNDXPL.PL,D,20240617,000000,189.64,189.94,189.24,189.88,421,0
ETFBNDXPL.PL,D,20240618,000000,191.5,192.3,191.5,191.7,1489,0
ETFBNDXPL.PL,D,20240619,000000,192.28,192.36,191.82,192.3,510,0
ETFBNDXPL.PL,D,20240620,000000,193,193.2,191.04,191.42,416,0
ETFBNDXPL.PL,D,20240621,000000,190.48,190.48,189.5,189.56,1416,0
ETFBNDXPL.PL,D,20240624,000000,190,190.18,188.46,188.46,811,0
ETFBNDXPL.PL,D,20240625,000000,187.9,188.96,187.12,188.96,818,0
ETFBNDXPL.PL,D,20240626,000000,190.08,190.62,189.36,189.36,1113,0
ETFBNDXPL.PL,D,20240627,000000,189.36,190.9,189.14,190.04,821,0
ETFBNDXPL.PL,D,20240628,000000,191.1,192.34,190.5,191.04,851,0
ETFBNDXPL.PL,D,20240701,000000,190.2,190.24,188.58,189.28,1332,0
ETFBNDXPL.PL,D,20240702,000000,189.88,190.92,189.3,190.88,542,0
ETFBNDXPL.PL,D,20240703,000000,191.98,193,191.98,193,542,0
ETFBNDXPL.PL,D,20240704,000000,194.18,194.22,193.5,193.9,733,0
ETFBNDXPL.PL,D,20240705,000000,194.6,195.34,194,195.34,2258,0
ETFBNDXPL.PL,D,20240708,000000,196.06,196.48,195.58,196.12,1996,0
ETFBNDXPL.PL,D,20240709,000000,196.78,197.52,196.78,197.14,1776,0
ETFBNDXPL.PL,D,20240710,000000,197.16,197.84,197.14,197.28,544,0
ETFBNDXPL.PL,D,20240711,000000,198.84,199.7,196.14,196.14,3383,0
ETFBNDXPL.PL,D,20240712,000000,194.58,196.58,193.68,196.06,3299,0
ETFBNDXPL.PL,D,20240715,000000,196.36,197.2,195.88,197.2,1308,0
ETFBNDXPL.PL,D,20240716,000000,196.2,197,195,195.96,3371,0
ETFBNDXPL.PL,D,20240717,000000,194.64,194.7,191.24,191.24,3594,0
ETFBNDXPL.PL,D,20240718,000000,191.44,192,189.2,189.48,2434,0
ETFBNDXPL.PL,D,20240719,000000,189.4,190,188.4,188.54,1387,0
ETFBNDXPL.PL,D,20240722,000000,188.6,190.64,188.54,190.64,1875,0
ETFBNDXPL.PL,D,20240723,000000,189.96,191,189.56,190.58,1446,0
ETFBNDXPL.PL,D,20240724,000000,188.02,188.26,185.3,185.3,972,0
ETFBNDXPL.PL,D,20240725,000000,183.32,183.4,180.06,182.16,2502,0
ETFBNDXPL.PL,D,20240726,000000,182.14,183.14,182.04,182.06,1039,0
ETFBNDXPL.PL,D,20240729,000000,184.02,184.78,183,183.18,1090,0
ETFBNDXPL.PL,D,20240730,000000,183.18,183.88,182.86,182.86,913,0
ETFBNDXPL.PL,D,20240731,000000,183.24,185.98,182.78,185.58,259,0
ETFBNDXPL.PL,D,20240801,000000,186.64,187.5,184.2,184.4,2797,0
ETFBNDXPL.PL,D,20240802,000000,178.56,178.9,175.4,175.94,2292,0
ETFBNDXPL.PL,D,20240805,000000,168.8,172.32,166,171.28,6505,0
ETFBNDXPL.PL,D,20240806,000000,174.4,174.86,171.18,174.72,2437,0
ETFBNDXPL.PL,D,20240807,000000,174.66,177.08,174.2,176.82,1151,0
ETFBNDXPL.PL,D,20240808,000000,171.72,175.66,170.74,175.38,1942,0
ETFBNDXPL.PL,D,20240809,000000,176.76,178.14,176.08,176.94,519,0
ETFBNDXPL.PL,D,20240812,000000,178.08,178.76,177,178.76,841,0
ETFBNDXPL.PL,D,20240813,000000,179.24,181,178,181,2292,0
ETFBNDXPL.PL,D,20240814,000000,182.22,183,180.98,181.82,3579,0
ETFBNDXPL.PL,D,20240816,000000,187.66,187.9,185.64,186.12,6001,0
ETFBNDXPL.PL,D,20240819,000000,187.16,187.62,186.38,187.4,3577,0
ETFBNDXPL.PL,D,20240820,000000,189.72,190.48,188.68,188.96,3580,0
ETFBNDXPL.PL,D,20240821,000000,189.34,190,188.76,190,1278,0
ETFBNDXPL.PL,D,20240822,000000,189.86,190.88,189.68,190.24,1432,0
ETFBNDXPL.PL,D,20240823,000000,188.18,189.88,187.72,188.64,870,0
ETFBNDXPL.PL,D,20240826,000000,189.14,189.54,186.08,186.08,375,0
ETFBNDXPL.PL,D,20240827,000000,187.06,187.92,186.1,187.92,750,0
ETFBNDXPL.PL,D,20240828,000000,187.46,188.2,186.2,186.2,799,0
ETFBNDXPL.PL,D,20240829,000000,185.16,187.58,184.8,187.58,844,0
ETFBNDXPL.PL,D,20240830,000000,186.2,187.26,186.18,186.18,393,0
ETFBNDXPL.PL,D,20240902,000000,186.58,187.6,186.24,187.5,315,0
ETFBNDXPL.PL,D,20240903,000000,187.4,187.6,183.14,183.14,446,0
ETFBNDXPL.PL,D,20240904,000000,180.28,182.24,179.82,182.24,1561,0
ETFBNDXPL.PL,D,20240905,000000,180.96,183.14,180.38,181.76,916,0
ETFBNDXPL.PL,D,20240906,000000,180.24,181.14,177.6,177.6,920,0
ETFBNDXPL.PL,D,20240909,000000,177.28,178.72,176.78,176.78,1405,0
ETFBNDXPL.PL,D,20240910,000000,178,179.5,177.8,179,452,0
ETFBNDXPL.PL,D,20240911,000000,179.92,180.38,177.3,177.3,2020,0
ETFBNDXPL.PL,D,20240912,000000,184.42,185.18,184,184.54,6389,0
ETFBNDXPL.PL,D,20240913,000000,186.26,186.5,185.82,186.5,94,0
ETFBNDXPL.PL,D,20240916,000000,186.7,187,185.84,185.84,234,0
ETFBNDXPL.PL,D,20240917,000000,186.36,187,186.08,187,162,0
ETFBNDXPL.PL,D,20240918,000000,186.6,186.62,185.8,186.46,382,0
ETFBNDXPL.PL,D,20240919,000000,188,190.22,187.94,189.82,1526,0
ETFBNDXPL.PL,D,20240920,000000,189.56,189.74,188.66,188.74,338,0
ETFBNDXPL.PL,D,20240923,000000,189.22,190,188.76,190,235,0
ETFBNDXPL.PL,D,20240924,000000,190,190.88,188.88,189.26,1155,0
ETFBNDXPL.PL,D,20240925,000000,190.06,191.66,190,191.12,224,0
ETFBNDXPL.PL,D,20240926,000000,193.18,194,191.1,191.1,485,0
ETFBNDXPL.PL,D,20240927,000000,191.54,193,191.54,192.38,380,0
ETFBNDXPL.PL,D,20240930,000000,191.18,191.4,190.36,190.78,1138,0
ETFBNDXPL.PL,D,20241001,000000,191.46,192.14,187.88,188.34,437,0
ETFBNDXPL.PL,D,20241002,000000,188.38,189.6,188,189.6,953,0
ETFBNDXPL.PL,D,20241003,000000,189.2,189.6,187.76,189.6,232,0
ETFBNDXPL.PL,D,20241004,000000,189.06,191.92,189.06,190.4,723,0
ETFBNDXPL.PL,D,20241007,000000,191.54,191.54,190.4,191.4,774,0
ETFBNDXPL.PL,D,20241008,000000,189.4,192,188.98,192,272,0
ETFBNDXPL.PL,D,20241009,000000,191.96,193.1,191.26,192.94,692,0
ETFBNDXPL.PL,D,20241010,000000,193.64,194.08,193.08,193.34,350,0
ETFBNDXPL.PL,D,20241011,000000,193.38,194,192.92,194,692,0
ETFBNDXPL.PL,D,20241014,000000,194.08,196.16,194,196.02,760,0
ETFBNDXPL.PL,D,20241015,000000,195.62,196.2,193.08,193.84,1035,0
ETFBNDXPL.PL,D,20241016,000000,193.58,194,192.04,192.68,639,0
ETFBNDXPL.PL,D,20241017,000000,193.7,195.64,193.66,193.66,1242,0
ETFBNDXPL.PL,D,20241018,000000,194.26,194.84,193.94,194.84,222,0
ETFBNDXPL.PL,D,20241021,000000,194.4,195.42,193.54,193.82,768,0
ETFBNDXPL.PL,D,20241022,000000,194.52,195.1,193.6,195,406,0
ETFBNDXPL.PL,D,20241023,000000,195.22,195.24,193.96,193.96,126,0
ETFBNDXPL.PL,D,20241024,000000,193.54,194.28,193.14,193.42,499,0
ETFBNDXPL.PL,D,20241025,000000,194.14,196.88,193.92,196.02,545,0
ETFBNDXPL.PL,D,20241028,000000,195.82,196.66,195.02,195.54,895,0
ETFBNDXPL.PL,D,20241029,000000,195,196.06,194.36,196.06,996,0
ETFBNDXPL.PL,D,20241030,000000,197.66,197.7,195.98,196.34,600,0
ETFBNDXPL.PL,D,20241031,000000,193.46,194.28,190.54,190.54,798,0
ETFBNDXPL.PL,D,20241104,000000,192,192.22,190.54,191.86,568,0
ETFBNDXPL.PL,D,20241105,000000,191.4,192.6,191.14,192.56,1077,0
ETFBNDXPL.PL,D,20241106,000000,196.32,197.76,196.16,197.64,4198,0
ETFBNDXPL.PL,D,20241107,000000,198.82,201.25,198.82,201.2,1453,0
ETFBNDXPL.PL,D,20241108,000000,202.5,202.55,201.45,201.65,1299,0
ETFBNDXPL.PL,D,20241112,000000,201.75,202.5,201.2,201.8,1186,0
ETFBNDXPL.PL,D,20241113,000000,201.4,202.2,200.8,201.45,862,0
ETFBNDXPL.PL,D,20241114,000000,201.25,202.05,200.85,200.85,572,0
ETFBNDXPL.PL,D,20241115,000000,199,199.08,195.88,195.88,949,0
ETFBNDXPL.PL,D,20241118,000000,196.14,197,195.3,196.08,2172,0
ETFBNDXPL.PL,D,20241119,000000,197,197,194.02,196.4,1222,0
ETFBNDXPL.PL,D,20241120,000000,198.06,198.7,195.48,196.46,834,0
ETFBNDXPL.PL,D,20241121,000000,196.72,198.98,195.88,195.88,381,0
ETFBNDXPL.PL,D,20241122,000000,198.44,198.76,197.22,198.34,723,0
ETFBNDXPL.PL,D,20241125,000000,199.64,201.15,199.42,199.52,1057,0
ETFBNDXPL.PL,D,20241126,000000,199.32,200.25,198.9,199.76,788,0
ETFBNDXPL.PL,D,20241127,000000,200.15,200.15,198.4,198.4,536,0
ETFBNDXPL.PL,D,20241128,000000,199.26,199.58,199.18,199.54,211,0
ETFBNDXPL.PL,D,20241129,000000,199.72,200.1,199,200.1,1977,0
ETFBNDXPL.PL,D,20241202,000000,200.35,202.4,199.78,201.95,2007,0
ETFBNDXPL.PL,D,20241203,000000,202.9,202.9,201.9,202.35,622,0
ETFBNDXPL.PL,D,20241204,000000,204.1,205,203.65,205,450,0
ETFBNDXPL.PL,D,20241205,000000,205,205.8,205,205.4,530,0
ETFBNDXPL.PL,D,20241206,000000,205.25,206.6,204.75,206.15,970,0
ETFBNDXPL.PL,D,20241209,000000,207.3,207.3,205.8,206,778,0
ETFBNDXPL.PL,D,20241210,000000,205,206.35,204.55,206,1007,0
ETFBNDXPL.PL,D,20241211,000000,204.85,207.9,204.4,207.15,280,0
ETFBNDXPL.PL,D,20241212,000000,207.95,208.05,206.8,207.85,1358,0
ETFBNDXPL.PL,D,20241213,000000,207.85,209.2,207.65,208,440,0
ETFBNDXPL.PL,D,20241216,000000,208.65,210.6,208.2,210.4,943,0
ETFBNDXPL.PL,D,20241217,000000,210.9,211.5,209.7,210.5,600,0
ETFBNDXPL.PL,D,20241218,000000,210.55,211.25,210.3,210.5,887,0
ETFBNDXPL.PL,D,20241219,000000,203.45,204.6,202.25,203.1,4145,0
ETFBNDXPL.PL,D,20241220,000000,200.8,203.15,198.12,203,2007,0
ETFBNDXPL.PL,D,20241223,000000,204.8,204.85,202.75,203.25,1115,0
ETFBNDXPL.PL,D,20241227,000000,206.9,207.15,202.9,203.9,1536,0
ETFBNDXPL.PL,D,20241230,000000,204.4,204.65,200.6,201.3,1321,0
ETFBNDXPL.PL,D,20250102,000000,202.15,203.05,200,200.05,2134,0
ETFBNDXPL.PL,D,20250103,000000,200.4,202.5,200.3,202,1177,0
ETFBNDXPL.PL,D,20250107,000000,205.35,206,202.05,202.45,1798,0
ETFBNDXPL.PL,D,20250108,000000,202.15,202.7,200.7,201.6,1604,0
ETFBNDXPL.PL,D,20250109,000000,200.85,201.6,200.85,201.5,911,0
ETFBNDXPL.PL,D,20250110,000000,201,201.95,197.3,198.98,2671,0
ETFBNDXPL.PL,D,20250113,000000,198.28,198.34,195.56,196.96,1570,0
ETFBNDXPL.PL,D,20250114,000000,198.92,199.9,198.06,198.48,1297,0
ETFBNDXPL.PL,D,20250115,000000,197.94,202.35,197.56,202.35,1210,0
ETFBNDXPL.PL,D,20250116,000000,203.9,203.9,202,202,657,0
ETFBNDXPL.PL,D,20250117,000000,200.9,204.4,200.9,203.55,467,0
ETFBNDXPL.PL,D,20250120,000000,204.6,205.85,204,205.05,951,0
ETFBNDXPL.PL,D,20250121,000000,205.1,205.6,203.85,204.3,1109,0
ETFBNDXPL.PL,D,20250122,000000,207.05,208.65,206.75,208.65,1040,0
ETFBNDXPL.PL,D,20250123,000000,207.5,207.55,206.7,207.15,1086,0
ETFBNDXPL.PL,D,20250124,000000,207.7,208.75,207.7,208.3,1089,0
ETFBNDXPL.PL,D,20250127,000000,201.65,202.5,197.1,201.65,3517,0
ETFBNDXPL.PL,D,20250128,000000,201.75,203.2,200.5,202.95,1931,0
ETFBNDXPL.PL,D,20250129,000000,205.3,205.4,203.2,203.65,1578,0
ETFBNDXPL.PL,D,20250130,000000,205.35,205.55,203.15,203.15,860,0
ETFBNDXPL.PL,D,20250131,000000,206.35,207.6,205.8,207.6,370,0
ETFBNDXPL.PL,D,20250203,000000,200.5,203.3,200.1,203.3,1464,0
ETFBNDXPL.PL,D,20250204,000000,202.8,204.95,201.85,204.7,830,0
ETFBNDXPL.PL,D,20250205,000000,204.15,204.5,203.15,204.5,516,0
ETFBNDXPL.PL,D,20250206,000000,206.1,207.1,205.8,206.1,649,0
ETFBNDXPL.PL,D,20250207,000000,207.35,208.2,205.75,206,1077,0
ETFBNDXPL.PL,D,20250210,000000,205.75,207.45,205.3,207.45,962,0
ETFBNDXPL.PL,D,20250211,000000,206.15,207,205.6,206.65,340,0
ETFBNDXPL.PL,D,20250212,000000,206.9,208,204.5,205.6,312,0
ETFBNDXPL.PL,D,20250213,000000,207.35,209.1,206.25,208.7,773,0
ETFBNDXPL.PL,D,20250214,000000,209.6,209.8,208.75,209.75,873,0
ETFBNDXPL.PL,D,20250217,000000,210.6,211.15,210.2,211,865,0
ETFBNDXPL.PL,D,20250218,000000,211.05,211.75,209.85,210.1,1106,0
ETFBNDXPL.PL,D,20250219,000000,211.3,211.3,209.45,210.45,2164,0
ETFBNDXPL.PL,D,20250220,000000,210.3,210.85,208.5,208.7,789,0
ETFBNDXPL.PL,D,20250221,000000,210.05,211.05,208.2,208.2,5812,0
ETFBNDXPL.PL,D,20250224,000000,206.55,207,203.25,203.75,1229,0
ETFBNDXPL.PL,D,20250225,000000,202.75,203.45,199.72,200.45,951,0
ETFBNDXPL.PL,D,20250226,000000,201.7,202.85,201.35,202.3,886,0
ETFBNDXPL.PL,D,20250227,000000,202,203.05,198.68,200.6,912,0
ETFBNDXPL.PL,D,20250228,000000,196,196.8,194.56,196.54,1531,0
ETFBNDXPL.PL,D,20250303,000000,199.24,200.35,197.14,198.42,1512,0
ETFBNDXPL.PL,D,20250304,000000,194.52,195,190.62,191.52,4442,0
ETFBNDXPL.PL,D,20250305,000000,194.54,195.78,192.82,193.3,1547,0
ETFBNDXPL.PL,D,20250306,000000,195.28,195.28,192.84,194.4,2248,0
ETFBNDXPL.PL,D,20250307,000000,191.74,192.22,188.88,190.66,2691,0
ETFBNDXPL.PL,D,20250310,000000,190.38,190.72,185.9,186.48,2252,0
ETFBNDXPL.PL,D,20250311,000000,185.08,185.7,183,184.42,3688,0
ETFBNDXPL.PL,D,20250312,000000,184.58,187.8,184.42,186.38,2250,0
ETFBNDXPL.PL,D,20250313,000000,185.04,186.38,183.36,184.06,1237,0
ETFBNDXPL.PL,D,20250314,000000,184.3,187.26,184,187,3079,0
ETFBNDXPL.PL,D,20250317,000000,186.3,188.6,186,186.42,1884,0
ETFBNDXPL.PL,D,20250318,000000,188,188.64,184.7,185.36,2220,0
ETFBNDXPL.PL,D,20250319,000000,185.6,187.6,185.5,187.6,719,0
ETFBNDXPL.PL,D,20250320,000000,189.2,189.34,186.38,189.16,1018,0
ETFBNDXPL.PL,D,20250321,000000,187.44,187.44,185.1,186.04,2031,0
ETFBNDXPL.PL,D,20250324,000000,190.14,192.22,190.14,192.04,1666,0
ETFBNDXPL.PL,D,20250325,000000,192.24,193.66,191.58,193.36,1901,0
ETFBNDXPL.PL,D,20250326,000000,193.48,193.64,191.2,191.54,1222,0
ETFBNDXPL.PL,D,20250327,000000,189.58,190.78,189,189.78,883,0
ETFBNDXPL.PL,D,20250328,000000,188,188.56,184.46,184.46,926,0
ETFBNDXPL.PL,D,20250331,000000,181.7,181.98,179,180.48,2660,0
ETFBNDXPL.PL,D,20250401,000000,183.54,184.36,182.62,183.46,803,0
ETFBNDXPL.PL,D,20250402,000000,184.5,185.5,182.8,185.34,2494,0
ETFBNDXPL.PL,D,20250403,000000,180.36,181.3,177.68,177.68,6108,0
ETFBNDXPL.PL,D,20250404,000000,175.8,176.32,167.38,169.76,4662,0
ETFBNDXPL.PL,D,20250407,000000,156.14,167.46,155.68,167.46,7895,0
ETFBNDXPL.PL,D,20250408,000000,168.18,173.06,167.18,171,3397,0
ETFBNDXPL.PL,D,20250409,000000,161.96,165.46,158.6,162.66,3297,0
ETFBNDXPL.PL,D,20250410,000000,179.28,181.3,174.38,174.38,3848,0
ETFBNDXPL.PL,D,20250411,000000,176.38,178,172.34,173.44,891,0
ETFBNDXPL.PL,D,20250414,000000,179.9,181.38,178.98,180.18,2871,0
ETFBNDXPL.PL,D,20250415,000000,178.9,180,177.86,179,1145,0
ETFBNDXPL.PL,D,20250416,000000,175.22,177.06,174,175.2,618,0
ETFBNDXPL.PL,D,20250417,000000,175.22,175.48,173,173.26,519,0
ETFBNDXPL.PL,D,20250422,000000,171.02,172.86,170,172.02,1502,0
ETFBNDXPL.PL,D,20250423,000000,175.96,180.58,175.86,179.68,2053,0
ETFBNDXPL.PL,D,20250424,000000,176.7,180.72,174.76,179.7,1340,0
ETFBNDXPL.PL,D,20250425,000000,182.68,183.62,180.88,182.38,1440,0
ETFBNDXPL.PL,D,20250428,000000,184.06,184.6,182.8,184.3,1960,0
ETFBNDXPL.PL,D,20250429,000000,184.48,184.98,182.96,184.72,912,0
ETFBNDXPL.PL,D,20250430,000000,184.7,185,179.84,182.1,1075,0
ETFBNDXPL.PL,D,20250502,000000,187.26,190.24,187.14,190.14,1537,0
ETFBNDXPL.PL,D,20250505,000000,189.48,189.64,188.12,189.06,1873,0
ETFBNDXPL.PL,D,20250506,000000,188.66,188.66,186,186.94,845,0
ETFBNDXPL.PL,D,20250507,000000,188.74,189.02,187.26,187.26,955,0
ETFBNDXPL.PL,D,20250508,000000,189.5,191.24,188.66,189.42,1824,0
ETFBNDXPL.PL,D,20250509,000000,190.66,191.46,190,190,1708,0
ETFBNDXPL.PL,D,20250512,000000,194.78,198.14,194.78,195.56,2003,0
ETFBNDXPL.PL,D,20250513,000000,197.26,200.65,196.3,200.1,939,0
ETFBNDXPL.PL,D,20250514,000000,201,202.05,200.15,201.1,3557,0
ETFBNDXPL.PL,D,20250515,000000,201.1,201.95,199.82,201.75,855,0
ETFBNDXPL.PL,D,20250516,000000,202.25,203,201.75,202.2,883,0
ETFBNDXPL.PL,D,20250519,000000,200.55,202.75,199.06,201.9,1077,0
ETFBNDXPL.PL,D,20250520,000000,201.95,202.95,201.95,202.5,1457,0
ETFBNDXPL.PL,D,20250521,000000,201.65,203,200.45,203,483,0
ETFBNDXPL.PL,D,20250522,000000,200.8,201,198.48,200.85,1064,0
ETFBNDXPL.PL,D,20250523,000000,200.25,200.6,195.6,198,2298,0
ETFBNDXPL.PL,D,20250526,000000,200.3,201.65,200.25,201,785,0
ETFBNDXPL.PL,D,20250527,000000,201.2,202.45,200.65,202.45,133,0
ETFBNDXPL.PL,D,20250528,000000,203.45,203.65,201.85,203.1,546,0
ETFBNDXPL.PL,D,20250529,000000,205.2,206.85,201.75,203.4,1933,0
ETFBNDXPL.PL,D,20250530,000000,202.2,202.55,201,202.4,936,0
ETFBNDXPL.PL,D,20250602,000000,200.55,203.15,200.15,202.4,829,0
ETFBNDXPL.PL,D,20250603,000000,203.35,204.35,202.2,204.35,4238,0
ETFBNDXPL.PL,D,20250604,000000,205.45,206.05,204.7,205.75,1146,0
ETFBNDXPL.PL,D,20250605,000000,205.15,206.8,205.1,206.2,951,0
ETFBNDXPL.PL,D,20250606,000000,205.3,206.6,204.55,206.2,422,0
ETFBNDXPL.PL,D,20250609,000000,206.3,206.95,205.5,206.6,547,0
ETFBNDXPL.PL,D,20250610,000000,206.8,207.3,205.75,207.25,504,0
ETFBNDXPL.PL,D,20250611,000000,206.85,209.3,206.85,208.6,1203,0
ETFBNDXPL.PL,D,20250612,000000,207.25,208.1,205.2,208.05,542,0
ETFBNDXPL.PL,D,20250613,000000,204.95,206,204.05,205.4,1904,0
ETFBNDXPL.PL,D,20250616,000000,205.65,208.4,205.5,208.4,546,0
ETFBNDXPL.PL,D,20250617,000000,207.15,207.5,206.15,206.6,581,0
ETFBNDXPL.PL,D,20250618,000000,206.6,207.1,205.8,206.65,242,0
ETFBNDXPL.PL,D,20250620,000000,205.7,207.4,204.65,204.65,646,0
ETFBNDXPL.PL,D,20250623,000000,204.65,206.5,204.1,206.5,893,0
ETFBNDXPL.PL,D,20250624,000000,210,210,208.95,209.7,762,0
ETFBNDXPL.PL,D,20250625,000000,210.05,211.5,210,211.3,1755,0
ETFBNDXPL.PL,D,20250626,000000,211.15,212.2,210.8,212,1630,0
ETFBNDXPL.PL,D,20250627,000000,213.7,214.45,213.25,214.45,788,0
ETFBNDXPL.PL,D,20250630,000000,215.1,215.25,213.75,213.85,3770,0
ETFBNDXPL.PL,D,20250701,000000,215.05,215.05,213.5,213.5,656,0
ETFBNDXPL.PL,D,20250702,000000,213.45,214.85,212.25,214.85,865,0
ETFBNDXPL.PL,D,20250703,000000,215.4,216.5,214.2,216.5,1719,0
ETFBNDXPL.PL,D,20250704,000000,216.5,216.5,215.05,216.1,161,0
ETFBNDXPL.PL,D,20250707,000000,216.1,216.45,215,215.1,1435,0
ETFBNDXPL.PL,D,20250708,000000,215.95,216.15,215,215.55,818,0
ETFBNDXPL.PL,D,20250709,000000,215.6,217.7,214.7,216.3,846,0
ETFBNDXPL.PL,D,20250710,000000,216.65,217.3,215.45,216.35,1442,0
ETFBNDXPL.PL,D,20250711,000000,215.45,216.3,214.8,216.25,667,0
ETFBNDXPL.PL,D,20250714,000000,214.8,216.3,214.8,216.3,1257,0
ETFBNDXPL.PL,D,20250715,000000,218.25,218.7,217.55,217.95,580,0
ETFBNDXPL.PL,D,20250716,000000,216.6,217.55,215.9,216.95,287,0
ETFBNDXPL.PL,D,20250717,000000,218.1,218.6,216.9,218.6,508,0
ETFBNDXPL.PL,D,20250718,000000,219,219.75,218.5,219.05,314,0
ETFBNDXPL.PL,D,20250721,000000,219.5,220.8,218.85,220,811,0
ETFBNDXPL.PL,D,20250722,000000,220.15,220.2,218,218.35,604,0
ETFBNDXPL.PL,D,20250723,000000,219.55,219.65,218.5,218.5,187,0
ETFBNDXPL.PL,D,20250724,000000,220.2,220.75,219.4,220.2,205,0
ETFBNDXPL.PL,D,20250725,000000,220.7,220.95,219.8,220.85,488,0
ETFBNDXPL.PL,D,20250728,000000,221.5,222.35,221.5,221.75,592,0
ETFBNDXPL.PL,D,20250729,000000,222.45,223,221.6,222.65,723,0
ETFBNDXPL.PL,D,20250730,000000,222.15,222.45,221.5,222.4,329,0
ETFBNDXPL.PL,D,20250731,000000,225,225.25,222.6,223.2,1704,0
ETFBNDXPL.PL,D,20250801,000000,219.95,220,215.4,216.8,2391,0
ETFBNDXPL.PL,D,20250804,000000,217.55,220,216.9,219.65,1589,0
ETFBNDXPL.PL,D,20250805,000000,220.5,221.4,218.7,218.7,1378,0
ETFBNDXPL.PL,D,20250806,000000,219.65,220.4,218.7,220,452,0
ETFBNDXPL.PL,D,20250807,000000,221.45,223.85,221.45,222.95,1747,0
ETFBNDXPL.PL,D,20250808,000000,222.85,224.2,222.1,224.2,667,0
ETFBNDXPL.PL,D,20250811,000000,225.1,225.15,223.45,224.85,791,0
ETFBNDXPL.PL,D,20250812,000000,224,225.5,223.25,225.35,2780,0
ETFBNDXPL.PL,D,20250813,000000,226.5,227.9,226.5,226.8,1691,0
ETFBNDXPL.PL,D,20250814,000000,226.65,226.95,225,226.95,542,0
ETFBNDXPL.PL,D,20250818,000000,225.7,225.7,224.55,224.7,1541,0
ETFBNDXPL.PL,D,20250819,000000,225.25,225.6,222.95,222.95,707,0
ETFBNDXPL.PL,D,20250820,000000,221.7,229,218.4,218.65,862,0
ETFBNDXPL.PL,D,20250821,000000,220.8,221.4,219.7,220.9,853,0
ETFBNDXPL.PL,D,20250822,000000,219.7,224.05,219.05,223.7,499,0
ETFBNDXPL.PL,D,20250825,000000,222.5,223.5,222.05,223.45,905,0
ETFBNDXPL.PL,D,20250826,000000,222.4,223.3,221.85,222.65,396,0
ETFBNDXPL.PL,D,20250827,000000,223.95,224.2,222.7,224,510,0
ETFBNDXPL.PL,D,20250828,000000,223.6,224.6,223.55,224.55,746,0
ETFBNDXPL.PL,D,20250829,000000,225.2,225.2,222.55,223.1,1262,0
ETFBNDXPL.PL,D,20250901,000000,222.8,223.1,222,222.95,612,0
ETFBNDXPL.PL,D,20250902,000000,222.55,222.55,218.25,219.85,947,0
ETFBNDXPL.PL,D,20250903,000000,221.85,223,220.9,222.95,438,0
ETFBNDXPL.PL,D,20250904,000000,222.95,223.45,222.05,223.45,847,0
ETFBNDXPL.PL,D,20250905,000000,225,226.95,223.5,223.5,1070,0
ETFBNDXPL.PL,D,20250908,000000,225.75,226.9,225.05,226.75,853,0
ETFBNDXPL.PL,D,20250909,000000,226.65,226.8,225.2,225.6,1131,0
ETFBNDXPL.PL,D,20250910,000000,226.9,227.9,226.85,227.9,893,0
ETFBNDXPL.PL,D,20250911,000000,227.3,227.9,226.6,227.65,868,0
ETFBNDXPL.PL,D,20250912,000000,227.7,228.6,227.45,228.6,1414,0
ETFBNDXPL.PL,D,20250915,000000,229.45,230,228.6,229.8,2666,0
ETFBNDXPL.PL,D,20250916,000000,230.8,231.8,230.1,230.75,835,0
ETFBNDXPL.PL,D,20250917,000000,230.3,231.1,229.65,230,691,0
ETFBNDXPL.PL,D,20250918,000000,231.85,233.3,231.35,233.05,962,0
ETFBNDXPL.PL,D,20250919,000000,231.55,233.45,231.55,233.35,923,0
ETFBNDXPL.PL,D,20250922,000000,233.8,234.75,232.75,234.75,910,0
ETFBNDXPL.PL,D,20250923,000000,235.5,235.75,235,235,700,0
ETFBNDXPL.PL,D,20250924,000000,234.3,234.65,233.15,233.55,1405,0
ETFBNDXPL.PL,D,20250925,000000,232.95,233.35,230.45,232.1,880,0
ETFBNDXPL.PL,D,20250926,000000,232.25,233.2,231.35,231.55,876,0
ETFBNDXPL.PL,D,20250929,000000,234.2,235.45,233.55,235.15,1829,0
ETFBNDXPL.PL,D,20250930,000000,234,234.3,233.2,234.15,1730,0
ETFBNDXPL.PL,D,20251001,000000,232.75,235.05,232.2,235.05,1012,0
ETFBNDXPL.PL,D,20251002,000000,236.45,237.5,235.7,236.05,1354,0
ETFBNDXPL.PL,D,20251003,000000,237.6,237.65,236.05,236.85,7358,0
ETFBNDXPL.PL,D,20251006,000000,236.8,238.05,236.15,236.65,1743,0
ETFBNDXPL.PL,D,20251007,000000,237.05,238,236.6,237.7,502,0
ETFBNDXPL.PL,D,20251008,000000,236.5,238.05,235.75,237.95,1228,0
ETFBNDXPL.PL,D,20251009,000000,239.3,239.3,237.7,237.85,6185,0
ETFBNDXPL.PL,D,20251010,000000,239.05,239.6,237.1,237.1,2238,0
ETFBNDXPL.PL,D,20251013,000000,234.6,235.5,233.5,234,2975,0
ETFBNDXPL.PL,D,20251014,000000,233,233.65,230.3,233.65,7197,0
ETFBNDXPL.PL,D,20251015,000000,235.3,237.3,234.85,237.15,1109,0
ETFBNDXPL.PL,D,20251016,000000,236.65,238.05,235.8,237.3,506,0
ETFBNDXPL.PL,D,20251017,000000,232.1,235.3,230.45,234.2,1658,0
ETFBNDXPL.PL,D,20251020,000000,237.35,238.55,236.7,238.4,1091,0
ETFBNDXPL.PL,D,20251021,000000,238.9,240,237.8,238.4,894,0
ETFBNDXPL.PL,D,20251022,000000,239.15,239.25,236.8,236.8,1292,0
ETFBNDXPL.PL,D,20251023,000000,237.5,238,235.35,238,758,0
ETFBNDXPL.PL,D,20251024,000000,239.9,241.5,239.15,240.8,1559,0
ETFBNDXPL.PL,D,20251027,000000,243.9,245,243.15,245,2852,0
ETFBNDXPL.PL,D,20251028,000000,245.8,246.65,245.1,246,1240,0
ETFBNDXPL.PL,D,20251029,000000,248.15,248.8,247.6,248,1138,0
ETFBNDXPL.PL,D,20251030,000000,248,248.65,244.9,245.95,2201,0
ETFBNDXPL.PL,D,20251031,000000,247.95,250,246.45,246.55,2252,0
ETFBNDXPL.PL,D,20251103,000000,246.5,248.3,245.8,246.9,1902,0
ETFBNDXPL.PL,D,20251104,000000,243.9,245.1,242.35,244.5,2899,0
ETFBNDXPL.PL,D,20251105,000000,241.25,243.65,240.5,243.65,2744,0
ETFBNDXPL.PL,D,20251106,000000,242.85,244.5,239.65,239.65,1306,0
ETFBNDXPL.PL,D,20251107,000000,239.7,240.15,235.1,235.55,2908,0
ETFBNDXPL.PL,D,20251110,000000,240.85,243,240.85,241.7,2363,0
ETFBNDXPL.PL,D,20251112,000000,244.25,244.8,242.2,242.2,2903,0
ETFBNDXPL.PL,D,20251113,000000,242.75,243.5,239.45,239.45,3368,0
ETFBNDXPL.PL,D,20251114,000000,237,238.55,233.4,238.3,4758,0
ETFBNDXPL.PL,D,20251117,000000,239.6,240.5,236.1,238,1058,0
ETFBNDXPL.PL,D,20251118,000000,234.8,235.7,231.4,231.4,1919,0
ETFBNDXPL.PL,D,20251119,000000,232.65,236.75,232.65,235,1201,0
ETFBNDXPL.PL,D,20251120,000000,238.3,239.7,237.15,238.25,2409,0
ETFBNDXPL.PL,D,20251121,000000,228.5,230,226,228,12781,0
ETFBNDXPL.PL,D,20251124,000000,232.2,234.65,230.45,234.25,1860,0
ETFBNDXPL.PL,D,20251125,000000,236.3,236.55,233.35,235.2,4639,0
ETFBNDXPL.PL,D,20251126,000000,238.35,241,237.95,238.35,3132,0
ETFBNDXPL.PL,D,20251127,000000,240.05,240.05,239.2,239.9,517,0
ETFBNDXPL.PL,D,20251128,000000,239.9,241,239.9,240.9,1743,0
ETFBNDXPL.PL,D,20251201,000000,239.65,240.7,238.75,239.8,926,0
ETFBNDXPL.PL,D,20251202,000000,240.5,243.2,239.95,242.45,1404,0
ETFBNDXPL.PL,D,20251203,000000,243.4,243.45,240.9,242.25,3594,0
ETFBNDXPL.PL,D,20251204,000000,243.35,243.7,242.1,242.45,1142,0
ETFBNDXPL.PL,D,20251205,000000,244.15,245.2,242.85,244,1821,0
ETFBNDXPL.PL,D,20251208,000000,244.85,245.35,243.3,243.3,1010,0
ETFBNDXPL.PL,D,20251209,000000,243.95,244.05,242.7,243.95,625,0
ETFBNDXPL.PL,D,20251210,000000,244.25,244.4,242.55,242.55,1125,0
ETFBNDXPL.PL,D,20251211,000000,242.2,243.95,241.1,242.1,1412,0
ETFBNDXPL.PL,D,20251212,000000,243.75,243.8,239.7,239.7,1687,0
ETFBNDXPL.PL,D,20251215,000000,239.75,241.05,237.3,237.65,1588,0
ETFBNDXPL.PL,D,20251216,000000,235.9,238.35,235.9,237.9,920,0
ETFBNDXPL.PL,D,20251217,000000,239,239.9,235.85,235.85,1301,0
ETFBNDXPL.PL,D,20251218,000000,235.65,239.05,235,238.8,1423,0
ETFBNDXPL.PL,D,20251219,000000,238.9,240.6,237.7,239.8,872,0
ETFBNDXPL.PL,D,20251222,000000,242.1,242.75,241.25,241.85,2233,0
ETFBNDXPL.PL,D,20251223,000000,241.9,242.5,240.65,242.5,3338,0
ETFBNDXPL.PL,D,20251229,000000,242.9,243,241.4,242.15,4854,0
ETFBNDXPL.PL,D,20251230,000000,242.3,243.2,241.55,242.8,3647,0
ETFBNDXPL.PL,D,20260102,000000,241.8,243.15,239.05,239.05,4935,0
ETFBNDXPL.PL,D,20260105,000000,240.2,242.2,239.6,241.9,2771,0
ETFBNDXPL.PL,D,20260107,000000,243.1,244.55,242.15,244.55,2044,0
ETFBNDXPL.PL,D,20260108,000000,243.05,243.55,241,242.25,4264,0
ETFBNDXPL.PL,D,20260109,000000,242.25,243.9,241.75,243.9,1689,0
ETFBNDXPL.PL,D,20260112,000000,243.15,244.8,241.55,244.8,1827,0
ETFBNDXPL.PL,D,20260113,000000,244.8,245.9,244,244.1,6219,0
ETFBNDXPL.PL,D,20260114,000000,244.1,244.75,241,241.25,2840,0
ETFBNDXPL.PL,D,20260115,000000,243.1,245.4,242.55,244.5,1192,0
ETFBNDXPL.PL,D,20260116,000000,244.6,245,241.8,242.5,859,0
ETFBNDXPL.PL,D,20260119,000000,240.15,240.6,238.75,239.9,5928,0
ETFBNDXPL.PL,D,20260120,000000,239.2,240.6,237.55,240,5753,0
ETFBNDXPL.PL,D,20260121,000000,238.2,241.4,237.05,241.4,1673,0
ETFBNDXPL.PL,D,20260122,000000,242.7,243.65,241.8,242.85,1647,0
ETFBNDXPL.PL,D,20260123,000000,243.4,244.5,241.45,244.5,1775,0
