<TICKER>,<PER>,<DATE>,<TIME>,<OPEN>,<HIGH>,<LOW>,<CLOSE>,<VOL>,<OPENINT>
ETFBNQ3LV.PL,D,20240910,000000,714.6,737.7,712.9,727.3,30,0
ETFBNQ3LV.PL,D,20240911,000000,735,747,710.7,710.7,173,0
ETFBNQ3LV.PL,D,20240912,000000,795.1,800,787.1,800,356,0
ETFBNQ3LV.PL,D,20240913,000000,811.6,820,809,820,398,0
ETFBNQ3LV.PL,D,20240916,000000,817.5,822.5,796,796,315,0
ETFBNQ3LV.PL,D,20240917,000000,817.3,830,817.3,822.6,81,0
ETFBNQ3LV.PL,D,20240918,000000,818,818,809.5,813,68,0
ETFBNQ3LV.PL,D,20240919,000000,839.7,869.4,839.7,869,206,0
ETFBNQ3LV.PL,D,20240920,000000,853.6,858.7,847.8,850,90,0
ETFBNQ3LV.PL,D,20240923,000000,851.5,861.9,851.5,859,104,0
ETFBNQ3LV.PL,D,20240924,000000,862.8,871.6,855.2,855.2,283,0
ETFBNQ3LV.PL,D,20240925,000000,864.4,879.5,862.8,878,72,0
ETFBNQ3LV.PL,D,20240926,000000,908,912.5,876.3,876.3,86,0
ETFBNQ3LV.PL,D,20240927,000000,884.6,897,884.6,885.1,175,0
ETFBNQ3LV.PL,D,20240930,000000,874.1,875.4,868,873,274,0
ETFBNQ3LV.PL,D,20241001,000000,883.1,885,835,835,282,0
ETFBNQ3LV.PL,D,20241002,000000,837,849.4,828,849.4,162,0
ETFBNQ3LV.PL,D,20241003,000000,837.2,854.5,833.8,840.7,65,0
ETFBNQ3LV.PL,D,20241004,000000,849,881.5,849,853.4,661,0
ETFBNQ3LV.PL,D,20241007,000000,875.3,875.3,857.8,870,464,0
ETFBNQ3LV.PL,D,20241008,000000,844.4,874.1,842.9,873.8,282,0
ETFBNQ3LV.PL,D,20241009,000000,876.8,897,876.8,897,151,0
ETFBNQ3LV.PL,D,20241010,000000,906.5,908.7,895.2,898.9,77,0
ETFBNQ3LV.PL,D,20241011,000000,900.9,901.4,889.7,893.9,34,0
ETFBNQ3LV.PL,D,20241014,000000,907,935.2,905,920.8,98,0
ETFBNQ3LV.PL,D,20241015,000000,929.7,934.8,900,902.7,121,0
ETFBNQ3LV.PL,D,20241016,000000,898.6,899.8,876.5,882,195,0
ETFBNQ3LV.PL,D,20241017,000000,906,925.2,900,902.8,320,0
ETFBNQ3LV.PL,D,20241018,000000,906.6,915,906.6,912.6,76,0
ETFBNQ3LV.PL,D,20241021,000000,910,919.5,896.8,904,105,0
ETFBNQ3LV.PL,D,20241022,000000,911,916,896.6,913.5,39,0
ETFBNQ3LV.PL,D,20241023,000000,917.4,918.3,897,900.3,51,0
ETFBNQ3LV.PL,D,20241024,000000,894.2,902,894.2,895,49,0
ETFBNQ3LV.PL,D,20241025,000000,901.7,940.4,901.7,940.4,61,0
ETFBNQ3LV.PL,D,20241028,000000,932.9,938.8,922.1,927,88,0
ETFBNQ3LV.PL,D,20241029,000000,917.5,927.4,910.9,926,105,0
ETFBNQ3LV.PL,D,20241030,000000,949.4,949.4,921.8,924.2,55,0
ETFBNQ3LV.PL,D,20241031,000000,891.3,901.5,854.7,857,297,0
ETFBNQ3LV.PL,D,20241104,000000,871.2,873.2,856,871,64,0
ETFBNQ3LV.PL,D,20241105,000000,864.4,889.7,864.4,881.8,23,0
ETFBNQ3LV.PL,D,20241106,000000,939.5,957.9,936,945.5,658,0
ETFBNQ3LV.PL,D,20241107,000000,972.6,1004,972.6,1004,576,0
ETFBNQ3LV.PL,D,20241108,000000,1017.4,1017.4,1002,1013.2,148,0
ETFBNQ3LV.PL,D,20241112,000000,1014.8,1017,1003.4,1014,294,0
ETFBNQ3LV.PL,D,20241113,000000,1004.2,1007,996.9,999.5,18,0
ETFBNQ3LV.PL,D,20241114,000000,1004,1009,1004,1004,10,0
ETFBNQ3LV.PL,D,20241115,000000,962.2,962.2,920.9,920.9,246,0
ETFBNQ3LV.PL,D,20241118,000000,921.2,929.2,914.1,926,219,0
ETFBNQ3LV.PL,D,20241119,000000,935.6,935.6,898.6,924.5,251,0
ETFBNQ3LV.PL,D,20241120,000000,952.7,954.2,909.3,922,166,0
ETFBNQ3LV.PL,D,20241121,000000,930,962,915.1,937.1,318,0
ETFBNQ3LV.PL,D,20241122,000000,949.8,955,937.1,955,495,0
ETFBNQ3LV.PL,D,20241125,000000,972,982.4,963,967.6,517,0
ETFBNQ3LV.PL,D,20241126,000000,962.6,976,958.8,972,284,0
ETFBNQ3LV.PL,D,20241127,000000,970.1,971.9,938.9,938.9,304,0
ETFBNQ3LV.PL,D,20241128,000000,957.3,960.9,955.2,960.9,68,0
ETFBNQ3LV.PL,D,20241129,000000,961.3,970.6,953,970.2,71,0
ETFBNQ3LV.PL,D,20241202,000000,969.3,1000,968.9,1000,430,0
ETFBNQ3LV.PL,D,20241203,000000,1005.8,1007.8,995.6,1003,273,0
ETFBNQ3LV.PL,D,20241204,000000,1024.4,1038.4,1021.4,1038.4,349,0
ETFBNQ3LV.PL,D,20241205,000000,1044.4,1049,1042,1046.4,443,0
ETFBNQ3LV.PL,D,20241206,000000,1038,1062,1037,1061,374,0
ETFBNQ3LV.PL,D,20241209,000000,1070,1071.4,1040,1045,476,0
ETFBNQ3LV.PL,D,20241210,000000,1030.2,1054.4,1029.4,1054.2,273,0
ETFBNQ3LV.PL,D,20241211,000000,1033,1076.8,1033,1069.6,268,0
ETFBNQ3LV.PL,D,20241212,000000,1080,1080,1065.8,1075.8,370,0
ETFBNQ3LV.PL,D,20241213,000000,1076,1100,1068.2,1068.2,749,0
ETFBNQ3LV.PL,D,20241216,000000,1089.6,1116,1088,1106.4,501,0
ETFBNQ3LV.PL,D,20241217,000000,1124.4,1135,1108.6,1118.6,573,0
ETFBNQ3LV.PL,D,20241218,000000,1125,1129.8,1114.6,1120,136,0
ETFBNQ3LV.PL,D,20241219,000000,1006.8,1027,995,1001.4,1179,0
ETFBNQ3LV.PL,D,20241220,000000,966.1,1002,930.7,1002,356,0
ETFBNQ3LV.PL,D,20241223,000000,1024.8,1025,1000,1004.4,410,0
ETFBNQ3LV.PL,D,20241227,000000,1050,1056,1000,1009.2,1545,0
ETFBNQ3LV.PL,D,20241230,000000,1014.2,1019.6,970,977.8,216,0
ETFBNQ3LV.PL,D,20250102,000000,985,996.6,958.2,970.3,448,0
ETFBNQ3LV.PL,D,20250103,000000,967.2,984.9,960.8,977.6,170,0
ETFBNQ3LV.PL,D,20250107,000000,1026.2,1036,986.4,986.4,781,0
ETFBNQ3LV.PL,D,20250108,000000,981.9,989.9,956.4,974.4,1267,0
ETFBNQ3LV.PL,D,20250109,000000,959.9,972.1,959.9,966,23,0
ETFBNQ3LV.PL,D,20250110,000000,966,978.8,912.5,937.7,710,0
ETFBNQ3LV.PL,D,20250113,000000,922.6,923.2,888,901.6,1391,0
ETFBNQ3LV.PL,D,20250114,000000,937.5,944.2,919.6,919.6,271,0
ETFBNQ3LV.PL,D,20250115,000000,919.6,978.6,919.6,970.6,589,0
ETFBNQ3LV.PL,D,20250116,000000,995.8,997.1,972.8,974.4,857,0
ETFBNQ3LV.PL,D,20250117,000000,963.4,1015,963.3,996.6,289,0
ETFBNQ3LV.PL,D,20250120,000000,1006.6,1028.6,1000,1019.6,321,0
ETFBNQ3LV.PL,D,20250121,000000,1007.6,1021,996.3,1007,101,0
ETFBNQ3LV.PL,D,20250122,000000,1040,1064,1039.2,1058,581,0
ETFBNQ3LV.PL,D,20250123,000000,1046.8,1046.8,1038.6,1043.4,550,0
ETFBNQ3LV.PL,D,20250124,000000,1054.6,1066.8,1054.6,1056.4,671,0
ETFBNQ3LV.PL,D,20250127,000000,958.9,970.2,883.7,959.6,2124,0
ETFBNQ3LV.PL,D,20250128,000000,963.9,981,950,972,204,0
ETFBNQ3LV.PL,D,20250129,000000,1008.4,1012.8,982.6,986.1,814,0
ETFBNQ3LV.PL,D,20250130,000000,1011,1014,978.4,978.4,263,0
ETFBNQ3LV.PL,D,20250131,000000,1023.4,1048.8,1022,1048.8,584,0
ETFBNQ3LV.PL,D,20250203,000000,937.5,978.3,932.8,975.1,1612,0
ETFBNQ3LV.PL,D,20250204,000000,971,1008,961,1004.2,904,0
ETFBNQ3LV.PL,D,20250205,000000,989.5,998.7,979.8,993.7,341,0
ETFBNQ3LV.PL,D,20250206,000000,1020.6,1027.8,1013.8,1022.2,471,0
ETFBNQ3LV.PL,D,20250207,000000,1032,1045.2,1009.8,1022.2,267,0
ETFBNQ3LV.PL,D,20250210,000000,1012.2,1037.4,1010.6,1037.4,339,0
ETFBNQ3LV.PL,D,20250211,000000,1017.2,1032,1010,1031.8,322,0
ETFBNQ3LV.PL,D,20250212,000000,1025.4,1027.8,997,1010.2,771,0
ETFBNQ3LV.PL,D,20250213,000000,1030.4,1059.6,1018.6,1056,977,0
ETFBNQ3LV.PL,D,20250214,000000,1068.8,1071.2,1058.4,1070.6,1223,0
ETFBNQ3LV.PL,D,20250217,000000,1084.2,1084.8,1080,1083.6,175,0
ETFBNQ3LV.PL,D,20250218,000000,1088.8,1093,1067.4,1067.4,414,0
ETFBNQ3LV.PL,D,20250219,000000,1084.6,1088.8,1069,1069,352,0
ETFBNQ3LV.PL,D,20250220,000000,1073.2,1078.4,1049.8,1060.2,109,0
ETFBNQ3LV.PL,D,20250221,000000,1066.6,1084.2,1043.6,1043.6,275,0
ETFBNQ3LV.PL,D,20250224,000000,1015.4,1020,970,973.7,905,0
ETFBNQ3LV.PL,D,20250225,000000,957.9,970.7,913,928.5,1304,0
ETFBNQ3LV.PL,D,20250226,000000,948.5,956.9,933.3,953.3,1505,0
ETFBNQ3LV.PL,D,20250227,000000,944.2,956.7,903,913.7,594,0
ETFBNQ3LV.PL,D,20250228,000000,857.3,875,836,873.8,2129,0
ETFBNQ3LV.PL,D,20250303,000000,900.4,915.2,882.4,893.2,1333,0
ETFBNQ3LV.PL,D,20250304,000000,844.9,853.9,794,808,3685,0
ETFBNQ3LV.PL,D,20250305,000000,845,857,820.6,830,1409,0
ETFBNQ3LV.PL,D,20250306,000000,846.7,847,809.1,835,846,0
ETFBNQ3LV.PL,D,20250307,000000,803.2,811,766.2,782.1,2017,0
ETFBNQ3LV.PL,D,20250310,000000,790.6,790.6,723,734.1,1295,0
ETFBNQ3LV.PL,D,20250311,000000,723.1,732.6,696.1,720.3,2257,0
ETFBNQ3LV.PL,D,20250312,000000,722.2,753.2,715,739.5,1810,0
ETFBNQ3LV.PL,D,20250313,000000,720.8,737.4,702.8,702.9,1165,0
ETFBNQ3LV.PL,D,20250314,000000,713.8,745.8,713.8,743.9,1947,0
ETFBNQ3LV.PL,D,20250317,000000,735.5,763.6,732.2,744,2187,0
ETFBNQ3LV.PL,D,20250318,000000,752.6,757.6,715.7,723,4548,0
ETFBNQ3LV.PL,D,20250319,000000,723.1,746.4,723.1,746.4,726,0
ETFBNQ3LV.PL,D,20250320,000000,763,768.5,731,762.7,2221,0
ETFBNQ3LV.PL,D,20250321,000000,743.9,743.9,715.7,726.5,718,0
ETFBNQ3LV.PL,D,20250324,000000,779,805,779,798,2680,0
ETFBNQ3LV.PL,D,20250325,000000,798,814,791.9,811.2,1535,0
ETFBNQ3LV.PL,D,20250326,000000,813.8,815.8,780.5,780.5,4332,0
ETFBNQ3LV.PL,D,20250327,000000,766.2,778,752,765.7,1060,0
ETFBNQ3LV.PL,D,20250328,000000,746.5,755,709,710.1,2247,0
ETFBNQ3LV.PL,D,20250331,000000,671.7,675.8,647.1,662.4,2971,0
ETFBNQ3LV.PL,D,20250401,000000,695.5,702,679,701.9,1323,0
ETFBNQ3LV.PL,D,20250402,000000,705.7,714,683.1,712.7,1011,0
ETFBNQ3LV.PL,D,20250403,000000,657.4,667.4,632,635,5160,0
ETFBNQ3LV.PL,D,20250404,000000,612,614.2,525,525,6697,0
ETFBNQ3LV.PL,D,20250407,000000,411.9,519.1,407.45,519.1,11506,0
ETFBNQ3LV.PL,D,20250408,000000,516.9,567.2,511.2,549,7022,0
ETFBNQ3LV.PL,D,20250409,000000,473.2,504.3,441.8,476.95,7849,0
ETFBNQ3LV.PL,D,20250410,000000,628.1,637.5,573.5,578.2,8295,0
ETFBNQ3LV.PL,D,20250411,000000,584.7,620,550,563.7,3567,0
ETFBNQ3LV.PL,D,20250414,000000,619.6,635,611.8,626.3,4209,0
ETFBNQ3LV.PL,D,20250415,000000,612.2,624.1,600,613.2,1601,0
ETFBNQ3LV.PL,D,20250416,000000,574.8,594.8,567,578.5,2386,0
ETFBNQ3LV.PL,D,20250417,000000,572.4,577.4,543.5,549.7,1516,0
ETFBNQ3LV.PL,D,20250422,000000,531.5,550,521.9,550,1078,0
ETFBNQ3LV.PL,D,20250423,000000,586.8,630,582.4,614.8,3683,0
ETFBNQ3LV.PL,D,20250424,000000,586,623.6,572.6,620.1,1780,0
ETFBNQ3LV.PL,D,20250425,000000,648.9,651.8,629.4,640.5,5492,0
ETFBNQ3LV.PL,D,20250428,000000,656.2,665,650.1,654,2012,0
ETFBNQ3LV.PL,D,20250429,000000,656.9,664.8,644,662.5,2102,0
ETFBNQ3LV.PL,D,20250430,000000,662.8,664.5,617.6,639.4,2484,0
ETFBNQ3LV.PL,D,20250502,000000,696.8,721,693.5,720.7,3512,0
ETFBNQ3LV.PL,D,20250505,000000,713,714.9,701.4,714.9,895,0
ETFBNQ3LV.PL,D,20250506,000000,704,704,678,698,1529,0
ETFBNQ3LV.PL,D,20250507,000000,701.5,706.9,686.6,686.6,930,0
ETFBNQ3LV.PL,D,20250508,000000,719.3,732.8,706.3,709,2810,0
ETFBNQ3LV.PL,D,20250509,000000,724.9,732,709.8,715.8,3246,0
ETFBNQ3LV.PL,D,20250512,000000,793.4,812.5,781.3,791.7,5465,0
ETFBNQ3LV.PL,D,20250513,000000,797.7,840.2,794.1,840.2,2889,0
ETFBNQ3LV.PL,D,20250514,000000,850.4,860,840.6,851.7,1589,0
ETFBNQ3LV.PL,D,20250515,000000,849.2,851.7,834.7,849.9,1474,0
ETFBNQ3LV.PL,D,20250516,000000,851.9,873.3,851,859.8,1345,0
ETFBNQ3LV.PL,D,20250519,000000,832.9,866.3,824.7,863.3,2883,0
ETFBNQ3LV.PL,D,20250520,000000,862.9,869.6,855.1,860,1160,0
ETFBNQ3LV.PL,D,20250521,000000,851.1,865,841,865,923,0
ETFBNQ3LV.PL,D,20250522,000000,839,850,816,839.1,529,0
ETFBNQ3LV.PL,D,20250523,000000,832.1,839,776.9,810.4,2389,0
ETFBNQ3LV.PL,D,20250526,000000,838.6,845,837.4,837.4,881,0
ETFBNQ3LV.PL,D,20250527,000000,842.8,855.5,836.1,855.1,777,0
ETFBNQ3LV.PL,D,20250528,000000,859,876.9,858.1,862.1,1748,0
ETFBNQ3LV.PL,D,20250529,000000,897.5,909.5,856.3,870.8,3722,0
ETFBNQ3LV.PL,D,20250530,000000,850,860.6,838.5,856,728,0
ETFBNQ3LV.PL,D,20250602,000000,842.9,862,834.7,857.5,2225,0
ETFBNQ3LV.PL,D,20250603,000000,864.5,887.7,860,887.7,988,0
ETFBNQ3LV.PL,D,20250604,000000,890.7,903,888.9,900,1186,0
ETFBNQ3LV.PL,D,20250605,000000,901.3,913.6,891,912,1162,0
ETFBNQ3LV.PL,D,20250606,000000,888.5,913,887.2,908.3,1045,0
ETFBNQ3LV.PL,D,20250609,000000,903.9,915.9,900.4,911.8,563,0
ETFBNQ3LV.PL,D,20250610,000000,909,915,900,915,403,0
ETFBNQ3LV.PL,D,20250611,000000,917.2,940.4,915.3,935.8,660,0
ETFBNQ3LV.PL,D,20250612,000000,913.6,921.3,894.3,921.3,826,0
ETFBNQ3LV.PL,D,20250613,000000,879.1,902.7,878.5,895.8,2169,0
ETFBNQ3LV.PL,D,20250616,000000,898.5,927,896.5,926.9,987,0
ETFBNQ3LV.PL,D,20250617,000000,911.2,915,902,914,405,0
ETFBNQ3LV.PL,D,20250618,000000,904.1,911.5,895.1,910.4,868,0
ETFBNQ3LV.PL,D,20250620,000000,887,915,876.3,876.3,918,0
ETFBNQ3LV.PL,D,20250623,000000,878.5,901.6,874.3,901.6,1135,0
ETFBNQ3LV.PL,D,20250624,000000,945.5,950,935,941.7,1268,0
ETFBNQ3LV.PL,D,20250625,000000,953.6,969.3,953,961.1,803,0
ETFBNQ3LV.PL,D,20250626,000000,966.9,975.1,960.9,972,2103,0
ETFBNQ3LV.PL,D,20250627,000000,991.8,1003,987.9,1003,1893,0
ETFBNQ3LV.PL,D,20250630,000000,1010,1019.2,1003.2,1005.6,509,0
ETFBNQ3LV.PL,D,20250701,000000,1009,1009,988.4,988.4,345,0
ETFBNQ3LV.PL,D,20250702,000000,997.2,1005.4,977.7,1005.4,401,0
ETFBNQ3LV.PL,D,20250703,000000,1012.2,1037.6,1005.2,1034.8,796,0
ETFBNQ3LV.PL,D,20250704,000000,1029.2,1029.2,1015.6,1018.6,166,0
ETFBNQ3LV.PL,D,20250707,000000,1019.8,1028.4,1015.8,1021,623,0
ETFBNQ3LV.PL,D,20250708,000000,1020.4,1025.4,1010.8,1019.2,396,0
ETFBNQ3LV.PL,D,20250709,000000,1016,1041.4,1011.8,1021.2,684,0
ETFBNQ3LV.PL,D,20250710,000000,1029.8,1039,1018,1027,852,0
ETFBNQ3LV.PL,D,20250711,000000,1024.2,1029,1010,1026,710,0
ETFBNQ3LV.PL,D,20250714,000000,1009,1028,1004.2,1028,550,0
ETFBNQ3LV.PL,D,20250715,000000,1048,1060,1047,1047,708,0
ETFBNQ3LV.PL,D,20250716,000000,1027.2,1042.4,1021.8,1032.2,508,0
ETFBNQ3LV.PL,D,20250717,000000,1043,1056.6,1042,1056.6,394,0
ETFBNQ3LV.PL,D,20250718,000000,1067.6,1071,1055.6,1059.8,607,0
ETFBNQ3LV.PL,D,20250721,000000,1070.2,1087.8,1065,1087.8,324,0
ETFBNQ3LV.PL,D,20250722,000000,1075,1077.6,1046.6,1058,375,0
ETFBNQ3LV.PL,D,20250723,000000,1065,1067.8,1052,1056,135,0
ETFBNQ3LV.PL,D,20250724,000000,1079,1084.4,1072,1076.6,476,0
ETFBNQ3LV.PL,D,20250725,000000,1080,1084.4,1076,1084.2,333,0
ETFBNQ3LV.PL,D,20250728,000000,1103.6,1105.6,1096.2,1096.2,580,0
ETFBNQ3LV.PL,D,20250729,000000,1106.6,1118,1103,1106,1191,0
ETFBNQ3LV.PL,D,20250730,000000,1099,1101,1090.2,1100,236,0
ETFBNQ3LV.PL,D,20250731,000000,1137.2,1146,1110,1110.4,1517,0
ETFBNQ3LV.PL,D,20250801,000000,1063,1065,998.5,1016.8,1985,0
ETFBNQ3LV.PL,D,20250804,000000,1027.4,1061.4,1026.8,1058,1540,0
ETFBNQ3LV.PL,D,20250805,000000,1076.8,1080,1047.6,1047.8,1055,0
ETFBNQ3LV.PL,D,20250806,000000,1052.8,1064.2,1043.2,1063.4,722,0
ETFBNQ3LV.PL,D,20250807,000000,1090.6,1116.2,1090.6,1103.6,1282,0
ETFBNQ3LV.PL,D,20250808,000000,1098.4,1124,1098,1115.4,427,0
ETFBNQ3LV.PL,D,20250811,000000,1133.4,1133.8,1118.4,1128.4,904,0
ETFBNQ3LV.PL,D,20250812,000000,1119.6,1137.8,1111.8,1134.6,963,0
ETFBNQ3LV.PL,D,20250813,000000,1161.4,1173,1159,1161.4,437,0
ETFBNQ3LV.PL,D,20250814,000000,1156.6,1165.8,1135.8,1161.8,242,0
ETFBNQ3LV.PL,D,20250818,000000,1142.2,1142.2,1130.8,1132.8,518,0
ETFBNQ3LV.PL,D,20250819,000000,1135.4,1139,1100.2,1100.2,161,0
ETFBNQ3LV.PL,D,20250820,000000,1081,1089.2,1034.8,1034.8,1182,0
ETFBNQ3LV.PL,D,20250821,000000,1042,1075,1042,1065,2620,0
ETFBNQ3LV.PL,D,20250822,000000,1049,1114,1045.2,1109.4,1440,0
ETFBNQ3LV.PL,D,20250825,000000,1101.4,1104.2,1090,1104.2,948,0
ETFBNQ3LV.PL,D,20250826,000000,1088.6,1102.4,1083.2,1102.4,235,0
ETFBNQ3LV.PL,D,20250827,000000,1111,1113,1094.8,1108.4,586,0
ETFBNQ3LV.PL,D,20250828,000000,1111.2,1128,1108,1124.8,684,0
ETFBNQ3LV.PL,D,20250829,000000,1126.2,1129.6,1088,1095,215,0
ETFBNQ3LV.PL,D,20250901,000000,1092.4,1096.6,1088,1095.4,586,0
ETFBNQ3LV.PL,D,20250902,000000,1085,1085,1031.6,1046.6,1035,0
ETFBNQ3LV.PL,D,20250903,000000,1074.4,1097.2,1070,1097.2,556,0
ETFBNQ3LV.PL,D,20250904,000000,1094.2,1100.2,1090,1098,107,0
ETFBNQ3LV.PL,D,20250905,000000,1129.4,1149.4,1101.6,1101.6,847,0
ETFBNQ3LV.PL,D,20250908,000000,1131,1149.2,1130.2,1149.2,1274,0
ETFBNQ3LV.PL,D,20250909,000000,1147.2,1147.6,1130.8,1130.8,207,0
ETFBNQ3LV.PL,D,20250910,000000,1157,1170,1150.4,1162.2,520,0
ETFBNQ3LV.PL,D,20250911,000000,1157.6,1190,1150,1165.8,494,0
ETFBNQ3LV.PL,D,20250912,000000,1168,1180.6,1165,1180.6,467,0
ETFBNQ3LV.PL,D,20250915,000000,1186.6,1208.6,1182,1208.6,1497,0
ETFBNQ3LV.PL,D,20250916,000000,1216.2,1226,1206.8,1208,467,0
ETFBNQ3LV.PL,D,20250917,000000,1211,1211,1191.6,1192,282,0
ETFBNQ3LV.PL,D,20250918,000000,1225.4,1248,1221.2,1246.2,386,0
ETFBNQ3LV.PL,D,20250919,000000,1231.6,1250,1228.2,1244.2,150,0
ETFBNQ3LV.PL,D,20250922,000000,1252.4,1266,1243.4,1266,455,0
ETFBNQ3LV.PL,D,20250923,000000,1281.2,1284.6,1271,1273.4,369,0
ETFBNQ3LV.PL,D,20250924,000000,1262.2,1268,1251.2,1251.8,575,0
ETFBNQ3LV.PL,D,20250925,000000,1239.2,1243,1194.8,1226,600,0
ETFBNQ3LV.PL,D,20250926,000000,1229,1245,1214,1217.6,269,0
ETFBNQ3LV.PL,D,20250929,000000,1254.4,1277,1254.2,1270,496,0
ETFBNQ3LV.PL,D,20250930,000000,1252.8,1255.8,1240.2,1255.6,459,0
ETFBNQ3LV.PL,D,20251001,000000,1233.8,1268,1228.4,1268,314,0
ETFBNQ3LV.PL,D,20251002,000000,1286.2,1304.2,1283.4,1283.4,1189,0
ETFBNQ3LV.PL,D,20251003,000000,1307.6,1307.6,1289.2,1295.4,838,0
ETFBNQ3LV.PL,D,20251006,000000,1293.6,1310,1286.8,1302.6,592,0
ETFBNQ3LV.PL,D,20251007,000000,1298.6,1320,1297.4,1306.8,441,0
ETFBNQ3LV.PL,D,20251008,000000,1288.2,1312,1285.4,1307.4,594,0
ETFBNQ3LV.PL,D,20251009,000000,1332,1332,1311.4,1315,867,0
ETFBNQ3LV.PL,D,20251010,000000,1325.6,1337.6,1291,1291,673,0
ETFBNQ3LV.PL,D,20251013,000000,1251,1267.6,1235.4,1242.4,2781,0
ETFBNQ3LV.PL,D,20251014,000000,1225,1235,1187.2,1232.8,1072,0
ETFBNQ3LV.PL,D,20251015,000000,1258,1292,1258,1291.6,1717,0
ETFBNQ3LV.PL,D,20251016,000000,1278.8,1299,1270.4,1294,866,0
ETFBNQ3LV.PL,D,20251017,000000,1210,1268.4,1190.2,1240.2,3259,0
ETFBNQ3LV.PL,D,20251020,000000,1290.6,1320,1280.8,1319.6,1072,0
ETFBNQ3LV.PL,D,20251021,000000,1314.2,1323.6,1307,1312.6,1103,0
ETFBNQ3LV.PL,D,20251022,000000,1317.6,1322.2,1288.8,1301.2,410,0
ETFBNQ3LV.PL,D,20251023,000000,1294.2,1302.2,1267.2,1302.2,887,0
ETFBNQ3LV.PL,D,20251024,000000,1327.4,1354.2,1323.6,1351,961,0
ETFBNQ3LV.PL,D,20251027,000000,1395.2,1410,1391,1409,447,0
ETFBNQ3LV.PL,D,20251028,000000,1422,1450,1418.2,1433.6,2575,0
ETFBNQ3LV.PL,D,20251029,000000,1472.8,1479.2,1459.6,1460.2,3086,0
ETFBNQ3LV.PL,D,20251030,000000,1472,1474,1418.4,1423.2,941,0
ETFBNQ3LV.PL,D,20251031,000000,1458.8,1470,1436.4,1436.4,1118,0
ETFBNQ3LV.PL,D,20251103,000000,1434,1467.8,1430,1441.6,714,0
ETFBNQ3LV.PL,D,20251104,000000,1387.8,1408,1370,1398.2,1141,0
ETFBNQ3LV.PL,D,20251105,000000,1341.4,1380,1328,1379.2,1488,0
ETFBNQ3LV.PL,D,20251106,000000,1368.6,1395.6,1315,1318.2,862,0
ETFBNQ3LV.PL,D,20251107,000000,1321.4,1322.4,1241,1241.6,3183,0
ETFBNQ3LV.PL,D,20251110,000000,1341.4,1363,1334.2,1344,906,0
ETFBNQ3LV.PL,D,20251112,000000,1379.2,1389.6,1344.8,1348.4,1122,0
ETFBNQ3LV.PL,D,20251113,000000,1369.4,1369.6,1300,1300,1684,0
ETFBNQ3LV.PL,D,20251114,000000,1259.2,1289,1205,1280,3087,0
ETFBNQ3LV.PL,D,20251117,000000,1311.4,1317,1257.2,1271,2000,0
ETFBNQ3LV.PL,D,20251118,000000,1225,1239.4,1165.8,1165.8,1179,0
ETFBNQ3LV.PL,D,20251119,000000,1199.2,1254.8,1195,1227,1260,0
ETFBNQ3LV.PL,D,20251120,000000,1278.8,1303,1264,1290.6,1377,0
ETFBNQ3LV.PL,D,20251121,000000,1125.8,1150,1090.2,1110.8,4586,0
ETFBNQ3LV.PL,D,20251124,000000,1177.8,1221,1161,1220.2,2557,0
ETFBNQ3LV.PL,D,20251125,000000,1240.4,1246,1195.4,1223.4,2010,0
ETFBNQ3LV.PL,D,20251126,000000,1277.8,1288.4,1269,1287,1494,0
ETFBNQ3LV.PL,D,20251127,000000,1298,1298,1290.6,1294,416,0
ETFBNQ3LV.PL,D,20251128,000000,1298.4,1313.4,1294.2,1307,719,0
ETFBNQ3LV.PL,D,20251201,000000,1291,1308.8,1278.4,1308.8,942,0
ETFBNQ3LV.PL,D,20251202,000000,1303.6,1346,1300,1346,2524,0
ETFBNQ3LV.PL,D,20251203,000000,1351.2,1351.2,1312.8,1338.2,1510,0
ETFBNQ3LV.PL,D,20251204,000000,1345,1358,1325,1334.8,586,0
ETFBNQ3LV.PL,D,20251205,000000,1358.6,1379.8,1340.8,1363,1067,0
ETFBNQ3LV.PL,D,20251208,000000,1373.4,1378.8,1347.2,1347.2,1012,0
ETFBNQ3LV.PL,D,20251209,000000,1354,1357.8,1335,1348.6,804,0
ETFBNQ3LV.PL,D,20251210,000000,1358.4,1361,1333.2,1333.2,184,0
ETFBNQ3LV.PL,D,20251211,000000,1326.2,1355.6,1308,1326.8,890,0
ETFBNQ3LV.PL,D,20251212,000000,1348.2,1351,1285.8,1285.8,566,0
ETFBNQ3LV.PL,D,20251215,000000,1285.6,1305.8,1252.2,1268.8,1148,0
ETFBNQ3LV.PL,D,20251216,000000,1232.2,1300,1228.2,1259.6,822,0
ETFBNQ3LV.PL,D,20251217,000000,1268.2,1285.8,1220.8,1220.8,5508,0
ETFBNQ3LV.PL,D,20251218,000000,1215.6,1270,1215,1263.4,2795,0
ETFBNQ3LV.PL,D,20251219,000000,1266,1296,1251.4,1282.4,619,0
ETFBNQ3LV.PL,D,20251222,000000,1312.2,1325,1307,1308.6,1055,0
ETFBNQ3LV.PL,D,20251223,000000,1307.8,1317.4,1298.6,1317.4,792,0
ETFBNQ3LV.PL,D,20251229,000000,1324,1330,1309,1314,296,0
ETFBNQ3LV.PL,D,20251230,000000,1317.8,1322.2,1311,1311,325,0
ETFBNQ3LV.PL,D,20260102,000000,1307.4,1326,1261,1261,2250,0
ETFBNQ3LV.PL,D,20260105,000000,1277.8,1307.8,1277.8,1307.2,1346,0
ETFBNQ3LV.PL,D,20260107,000000,1320.4,1344,1317.4,1344,1338,0
ETFBNQ3LV.PL,D,20260108,000000,1322.8,1328.8,1295.8,1310,573,0
ETFBNQ3LV.PL,D,20260109,000000,1307.2,1338,1306.8,1331,342,0
ETFBNQ3LV.PL,D,20260112,000000,1321,1346.6,1304,1344,685,0
ETFBNQ3LV.PL,D,20260113,000000,1344.8,1363.6,1332.8,1342.2,962,0
ETFBNQ3LV.PL,D,20260114,000000,1342,1342,1277,1284,1569,0
ETFBNQ3LV.PL,D,20260115,000000,1308.2,1350,1308.2,1342.2,1617,0
ETFBNQ3LV.PL,D,20260116,000000,1336,1339.2,1296,1312.8,3235,0
ETFBNQ3LV.PL,D,20260119,000000,1261.4,1270.4,1244,1258.4,4033,0
ETFBNQ3LV.PL,D,20260120,000000,1247,1270,1222,1269.4,2202,0
ETFBNQ3LV.PL,D,20260121,000000,1238.2,1274,1210.8,1273,5201,0
ETFBNQ3LV.PL,D,20260122,000000,1291,1311.2,1283.4,1291,2160,0
ETFBNQ3LV.PL,D,20260123,000000,1304.2,1322.8,1281.6,1322.8,519,0
